
 0 0.170000
 1 0.180000
 2 0.300000
 3 0.280000
 4 0.230000
 5 0.230000
 6 0.240000
 7 0.290000
 8 0.170000
 9 0.210000
 10 0.260000
 11 0.280000
 12 0.940000
 13 2.810000
 14 2.810000
 15 2.810000
 16 2.810000
 17 2.810000
 18 2.810000
 19 2.810000
 20 2.790000
 21 2.790000
 22 2.790000
 23 2.810000
 24 2.810000
 25 2.760000
 26 2.790000
 27 2.790000
 28 2.480000
 29 2.420000
 30 2.440000
 31 2.550000
 32 2.750000
 33 2.770000
 34 2.770000
 35 2.770000
 36 2.770000
 37 2.750000
 38 2.770000
 39 2.130000
 40 2.100000
 41 2.100000
 42 2.100000
 43 2.100000
 44 2.120000
 45 2.110000
 46 2.410000
 47 2.700000
 48 2.600000
 49 2.600000
 50 2.580000
 51 2.580000
 52 2.600000
 53 2.690000
 54 2.720000
 55 2.740000
 56 2.740000
 57 2.740000
 58 2.740000
 59 2.710000
 60 2.310000
 61 2.230000
 62 2.240000
 63 2.220000
 64 2.230000
 65 2.250000
 66 2.230000
 67 2.260000
 68 2.240000
 69 2.270000
 70 2.330000
 71 2.330000
 72 2.290000
 73 2.290000
 74 2.260000
 75 2.280000
 76 2.300000
 77 2.280000
 78 2.280000
 79 2.280000
 80 2.300000
 81 2.280000
 82 2.280000
 83 2.280000
 84 2.280000
 85 2.280000
 86 2.300000
 87 2.290000
 88 2.390000
 89 2.400000
 90 2.420000
 91 2.410000
 92 2.450000
 93 2.450000
 94 2.450000
 95 2.480000
 96 2.500000
 97 2.530000
 98 2.550000
 99 2.540000
 100 2.590000
 101 2.600000
 102 2.700000
 103 2.680000
 104 2.610000
 105 2.590000
 106 2.550000
 107 2.550000
 108 2.310000
 109 2.300000
 110 2.290000
 111 2.300000
 112 2.260000
 113 2.310000
 114 2.280000
 115 2.280000
 116 2.300000
 117 2.380000
 118 2.600000
 119 2.600000
 120 2.690000
 121 2.740000
 122 2.740000
 123 2.460000
 124 2.250000
 125 2.120000
 126 2.080000
 127 2.100000
 128 2.100000
 129 2.090000
 130 2.110000
 131 2.120000
 132 2.410000
 133 2.390000
 134 2.500000
 135 2.630000
 136 2.560000
 137 2.510000
 138 2.510000
 139 2.510000
 140 2.520000
 141 2.680000
 142 2.540000
 143 2.560000
 144 2.570000
 145 2.590000
 146 2.780000
 147 2.780000
 148 2.710000
 149 2.770000
 150 2.700000
 151 2.510000
 152 2.510000
 153 2.500000
 154 2.540000
 155 2.580000
 156 2.610000
 157 2.750000
 158 2.880000
 159 2.890000
 160 2.880000
 161 2.890000
 162 2.890000
 163 2.880000
 164 2.850000
 165 2.880000
 166 2.880000
 167 2.880000
 168 2.880000
 169 2.900000
 170 2.930000
 171 2.930000
 172 2.930000
 173 2.900000
 174 2.900000
 175 2.930000
 176 2.930000
 177 2.930000
 178 2.930000
 179 2.950000
 180 2.930000
 181 2.950000
 182 2.900000
 183 2.950000
 184 2.950000
 185 2.950000
 186 2.950000
 187 2.910000
 188 2.860000
 189 2.900000
 190 2.970000
 191 2.660000
 192 2.370000
 193 2.450000
 194 2.410000
 195 2.380000
 196 2.380000
 197 2.380000
 198 2.370000
 199 2.360000
 200 2.340000
 201 2.340000
 202 2.320000
 203 2.290000
 204 2.240000
 205 2.230000
 206 2.220000
 207 2.190000
 208 2.200000
 209 2.190000
 210 2.220000
 211 2.240000
 212 2.180000
 213 2.210000
 214 2.190000
 215 2.910000
 216 2.910000
 217 2.940000
 218 2.890000
 219 2.910000
 220 2.890000
 221 2.830000
 222 2.840000
 223 2.860000
 224 2.870000
 225 2.920000
 226 2.870000
 227 2.920000
 228 2.920000
 229 2.930000
 230 2.080000
 231 2.060000
 232 2.080000
 233 2.090000
 234 2.980000
 235 2.960000
 236 2.940000
 237 2.910000
 238 2.910000
 239 2.900000
 240 2.900000
 241 2.720000
 242 2.680000
 243 2.800000
 244 2.800000
 245 2.830000
 246 2.830000
 247 2.830000
 248 2.850000
 249 2.880000
 250 2.880000
 251 2.880000
 252 2.900000
 253 2.930000
 254 1.670000
 255 1.660000
 256 1.620000
 257 1.710000
 258 2.970000
 259 2.960000
 260 2.950000
 261 2.980000
 262 2.980000
 263 3.000000
 264 3.030000
 265 3.050000
 266 3.050000
 267 3.050000
 268 3.050000
 269 3.080000
 270 3.080000
 271 3.080000
 272 3.070000
 273 3.200000
 274 3.320000
 275 3.260000
 276 2.280000
 277 2.290000
 278 2.300000
 279 3.260000
 280 3.210000
 281 3.260000
 282 3.240000
 283 3.230000
 284 3.230000
 285 3.210000
 286 3.210000
 287 3.210000
 288 3.210000
 289 3.230000
 290 3.230000
 291 3.260000
 292 3.280000
 293 3.300000
 294 1.450000
 295 1.450000
 296 1.450000
 297 1.450000
 298 1.420000
 299 1.420000
 300 1.450000
 301 1.420000
 302 1.420000
 303 1.410000
 304 1.400000
 305 1.420000
 306 1.450000
 307 1.470000
 308 1.470000
 309 1.520000
 310 3.510000
 311 3.510000
 312 3.540000
 313 3.510000
 314 3.530000
 315 3.540000
 316 3.530000
 317 3.530000
 318 3.530000
 319 3.560000
 320 3.560000
 321 3.560000
 322 1.970000
 323 1.960000
 324 1.960000
 325 1.950000
 326 1.960000
 327 1.970000
 328 1.960000
 329 1.960000
 330 1.940000
 331 1.950000
 332 1.990000
 333 2.010000
 334 3.630000
 335 3.630000
 336 3.630000
 337 3.660000
 338 3.420000
 339 2.540000
 340 2.520000
 341 2.520000
 342 2.520000
 343 2.500000
 344 2.490000
 345 2.510000
 346 2.520000
 347 2.560000
 348 3.450000
 349 3.530000
 350 1.330000
 351 1.310000
 352 1.340000
 353 1.340000
 354 1.330000
 355 1.310000
 356 1.310000
 357 1.340000
 358 1.340000
 359 1.310000
 360 1.340000
 361 1.310000
 362 1.330000
 363 1.330000
 364 1.420000
 365 1.860000
 366 1.890000
 367 1.900000
 368 1.890000
 369 1.890000
 370 1.890000
 371 1.890000
 372 1.890000
 373 1.900000
 374 2.030000
 375 2.440000
 376 2.440000
 377 2.460000
 378 2.460000
 379 2.470000
 380 2.640000
 381 2.630000
 382 2.650000
 383 2.660000
 384 2.640000
 385 2.640000
 386 2.630000
 387 2.640000
 388 2.630000
 389 2.630000
 390 2.620000
 391 2.610000
 392 2.630000
 393 2.660000
 394 2.630000
 395 2.610000
 396 2.620000
 397 2.600000
 398 2.610000
 399 2.620000
 400 2.610000
 401 2.610000
 402 2.600000
 403 2.610000
 404 2.610000
 405 2.610000
 406 2.440000
 407 2.410000
 408 2.110000
 409 1.900000
 410 1.860000
 411 1.400000
 412 1.320000
 413 1.310000
 414 1.310000
 415 1.310000
 416 1.310000
 417 1.310000
 418 1.310000
 419 1.310000
 420 1.310000
 421 1.310000
 422 1.350000
 423 1.310000
 424 1.310000
 425 1.310000
 426 1.460000
 427 3.070000
 428 3.100000
 429 3.170000
 430 3.230000
 431 3.200000
 432 3.240000
 433 3.250000
 434 3.250000
 435 3.240000
 436 3.230000
 437 3.240000
 438 3.260000
 439 3.230000
 440 3.260000
 441 3.270000
 442 3.290000
 443 3.270000
 444 3.370000
 445 3.460000
 446 3.420000
 447 3.400000
 448 3.420000
 449 3.390000
 450 3.420000
 451 3.370000
 452 3.460000
 453 3.650000
 454 3.590000
 455 3.600000
 456 3.560000
 457 3.710000
 458 3.640000
 459 3.560000
 460 3.560000
 461 3.540000
 462 3.640000
 463 3.540000
 464 3.510000
 465 3.490000
 466 3.640000
 467 3.610000
 468 3.530000
 469 1.690000
 470 1.690000
 471 1.680000
 472 1.690000
 473 1.660000
 474 1.690000
 475 1.660000
 476 1.660000
 477 1.660000
 478 1.640000
 479 1.660000
 480 1.660000
 481 1.640000
 482 1.640000
 483 1.640000
 484 1.640000
 485 1.640000
 486 1.640000
 487 1.610000
 488 1.640000
 489 1.610000
 490 1.610000
 491 1.610000
 492 1.610000
 493 1.590000
 494 1.610000
 495 1.610000
 496 1.610000
 497 1.610000
 498 1.610000
 499 1.590000
 500 1.590000
 501 1.590000
 502 1.560000
 503 1.590000
 504 1.590000
 505 1.590000
 506 1.590000
 507 1.590000
 508 1.560000
 509 1.590000
 510 1.560000
 511 1.590000
 512 1.540000
 513 1.560000
 514 1.560000
 515 1.540000
 516 1.560000
 517 1.540000
 518 1.540000
 519 1.560000
 520 1.540000
 521 1.540000
 522 1.540000
 523 1.540000
 524 1.540000
 525 1.560000
 526 1.510000
 527 1.540000
 528 1.540000
 529 1.540000
 530 1.540000
 531 1.510000
 532 1.510000
 533 1.510000
 534 1.510000
 535 1.510000
 536 1.540000
 537 1.510000
 538 1.510000
 539 1.510000
 540 1.510000
 541 1.510000
 542 1.540000
 543 1.510000
 544 1.510000
 545 1.510000
 546 1.510000
 547 1.510000
 548 1.490000
 549 1.510000
 550 1.510000
 551 1.510000
 552 1.510000
 553 1.490000
 554 1.510000
 555 1.490000
 556 1.490000
 557 1.510000
 558 1.510000
 559 1.510000
 560 1.490000
 561 1.510000
 562 1.490000
 563 1.510000
 564 1.490000
 565 1.490000
 566 1.510000
 567 1.500000
 568 1.520000
 569 3.400000
 570 3.370000
 571 3.360000
 572 3.410000
 573 4.410000
 574 4.440000
 575 4.440000
 576 4.420000
 577 4.430000
 578 4.430000
 579 4.430000
 580 4.440000
 581 4.420000
 582 4.490000
 583 5.150000
 584 5.150000
 585 2.860000
 586 2.760000
 587 2.780000
 588 2.770000
 589 2.730000
 590 2.730000
 591 2.730000
 592 2.740000
 593 4.530000
 594 4.530000
 595 4.590000
 596 4.590000
 597 4.600000
 598 4.020000
 599 3.970000
 600 3.500000
 601 3.500000
 602 3.510000
 603 2.610000
 604 2.660000
 605 2.570000
 606 2.570000
 607 2.560000
 608 2.570000
 609 2.580000
 610 2.640000
 611 2.600000
 612 3.700000
 613 3.710000
 614 3.690000
 615 3.640000
 616 3.630000
 617 3.680000
 618 3.680000
 619 3.640000
 620 3.650000
 621 3.670000
 622 3.650000
 623 3.090000
 624 3.060000
 625 3.030000
 626 3.050000
 627 3.030000
 628 2.990000
 629 3.000000
 630 3.020000
 631 3.810000
 632 3.860000
 633 3.780000
 634 3.750000
 635 3.750000
 636 3.820000
 637 3.930000
 638 3.970000
 639 4.000000
 640 4.220000
 641 4.630000
 642 4.610000
 643 4.610000
 644 4.590000
 645 4.590000
 646 4.590000
 647 4.560000
 648 4.540000
 649 4.280000
 650 4.250000
 651 4.250000
 652 4.350000
 653 4.460000
 654 4.460000
 655 4.450000
 656 4.470000
 657 4.460000
 658 4.480000
 659 4.460000
 660 4.460000
 661 4.450000
 662 4.450000
 663 3.500000
 664 3.510000
 665 3.490000
 666 3.500000
 667 4.370000
 668 4.370000
 669 4.350000
 670 4.350000
 671 4.320000
 672 4.320000
 673 4.290000
 674 4.320000
 675 4.270000
 676 4.270000
 677 4.000000
 678 4.010000
 679 4.020000
 680 4.170000
 681 4.220000
 682 4.220000
 683 4.200000
 684 4.170000
 685 4.170000
 686 4.150000
 687 4.170000
 688 4.150000
 689 4.120000
 690 4.160000
 691 4.120000
 692 4.120000
 693 4.120000
 694 4.130000
 695 4.070000
 696 4.090000
 697 4.090000
 698 4.060000
 699 4.050000
 700 4.050000
 701 4.020000
 702 4.030000
 703 4.020000
 704 4.000000
 705 4.000000
 706 4.000000
 707 4.000000
 708 3.160000
 709 3.130000
 710 3.170000
 711 3.190000
 712 3.170000
 713 3.200000
 714 3.040000
 715 3.120000
 716 3.120000
 717 3.060000
 718 3.100000
 719 3.930000
 720 3.010000
 721 3.120000
 722 3.030000
 723 3.120000
 724 3.030000
 725 3.130000
 726 3.030000
 727 3.100000
 728 3.120000
 729 3.120000
 730 3.030000
 731 3.120000
 732 3.030000
 733 3.160000
 734 3.250000
 735 3.110000
 736 3.030000
 737 3.150000
 738 3.060000
 739 3.060000
 740 3.080000
 741 3.010000
 742 3.030000
 743 3.070000
 744 3.050000
 745 3.030000
 746 3.030000
 747 2.980000
 748 3.040000
 749 2.980000
 750 3.040000
 751 2.980000
 752 2.960000
 753 3.030000
 754 3.040000
 755 2.980000
 756 3.000000
 757 3.040000
 758 3.120000
 759 2.970000
 760 3.100000
 0 0.170000
 1 0.180000
 2 0.130000
 3 0.250000
 4 0.230000
 5 0.200000
 6 0.240000
 7 0.290000
 8 0.170000
 9 0.160000
 10 0.320000
 11 0.370000
 12 0.050000
 13 2.840000
 14 2.810000
 15 2.810000
 16 2.810000
 17 2.810000
 18 2.810000
 19 2.810000
 20 2.790000
 21 2.790000
 22 2.810000
 23 2.790000
 24 2.790000
 25 2.790000
 26 2.760000
 27 2.760000
 28 2.480000
 29 2.420000
 30 2.440000
 31 2.530000
 32 2.770000
 33 2.770000
 34 2.770000
 35 2.740000
 36 2.770000
 37 2.750000
 38 2.750000
 39 2.150000
 40 2.100000
 41 2.120000
 42 2.100000
 43 2.120000
 44 2.120000
 45 2.120000
 46 2.420000
 47 2.670000
 48 2.600000
 49 2.580000
 50 2.580000
 51 2.600000
 52 2.620000
 53 2.690000
 54 2.750000
 55 2.730000
 56 2.740000
 57 2.740000
 58 2.740000
 59 2.740000
 60 2.310000
 61 2.230000
 62 2.240000
 63 2.200000
 64 2.240000
 65 2.250000
 66 2.240000
 67 2.230000
 68 2.270000
 69 2.270000
 70 2.330000
 71 2.350000
 72 2.310000
 73 2.290000
 74 2.260000
 75 2.280000
 76 2.280000
 77 2.280000
 78 2.300000
 79 2.280000
 80 2.280000
 81 2.280000
 82 2.300000
 83 2.300000
 84 2.280000
 85 2.280000
 86 2.300000
 87 2.290000
 88 2.390000
 89 2.390000
 90 2.390000
 91 2.410000
 92 2.420000
 93 2.450000
 94 2.470000
 95 2.470000
 96 2.470000
 97 2.520000
 98 2.540000
 99 2.560000
 100 2.620000
 101 2.630000
 102 2.700000
 103 2.700000
 104 2.640000
 105 2.560000
 106 2.550000
 107 2.550000
 108 2.330000
 109 2.300000
 110 2.270000
 111 2.280000
 112 2.270000
 113 2.280000
 114 2.290000
 115 2.280000
 116 2.300000
 117 2.380000
 118 2.630000
 119 2.600000
 120 2.690000
 121 2.760000
 122 2.740000
 123 2.440000
 124 2.250000
 125 2.120000
 126 2.080000
 127 2.070000
 128 2.100000
 129 2.090000
 130 2.110000
 131 2.090000
 132 2.400000
 133 2.390000
 134 2.470000
 135 2.650000
 136 2.560000
 137 2.510000
 138 2.510000
 139 2.510000
 140 2.520000
 141 2.680000
 142 2.540000
 143 2.560000
 144 2.540000
 145 2.620000
 146 2.750000
 147 2.780000
 148 2.730000
 149 2.770000
 150 2.700000
 151 2.530000
 152 2.510000
 153 2.500000
 154 2.520000
 155 2.580000
 156 2.610000
 157 2.750000
 158 2.890000
 159 2.890000
 160 2.890000
 161 2.880000
 162 2.900000
 163 2.880000
 164 2.850000
 165 2.900000
 166 2.880000
 167 2.880000
 168 2.880000
 169 2.900000
 170 2.900000
 171 2.930000
 172 2.900000
 173 2.930000
 174 2.930000
 175 2.930000
 176 2.930000
 177 2.930000
 178 2.950000
 179 2.930000
 180 2.950000
 181 2.930000
 182 2.930000
 183 2.950000
 184 2.980000
 185 2.950000
 186 2.970000
 187 2.910000
 188 2.860000
 189 2.900000
 190 2.950000
 191 2.660000
 192 2.370000
 193 2.420000
 194 2.410000
 195 2.410000
 196 2.380000
 197 2.370000
 198 2.370000
 199 2.360000
 200 2.340000
 201 2.370000
 202 2.310000
 203 2.330000
 204 2.240000
 205 2.200000
 206 2.220000
 207 2.190000
 208 2.200000
 209 2.210000
 210 2.210000
 211 2.240000
 212 2.210000
 213 2.210000
 214 2.170000
 215 2.920000
 216 2.910000
 217 2.940000
 218 2.910000
 219 2.890000
 220 2.890000
 221 2.860000
 222 2.860000
 223 2.910000
 224 2.900000
 225 2.900000
 226 2.900000
 227 2.900000
 228 2.920000
 229 2.920000
 230 2.080000
 231 2.060000
 232 2.060000
 233 2.060000
 234 2.960000
 235 2.960000
 236 2.940000
 237 2.940000
 238 2.910000
 239 2.870000
 240 2.870000
 241 2.720000
 242 2.680000
 243 2.830000
 244 2.830000
 245 2.830000
 246 2.830000
 247 2.850000
 248 2.850000
 249 2.880000
 250 2.880000
 251 2.900000
 252 2.900000
 253 2.900000
 254 1.670000
 255 1.670000
 256 1.680000
 257 1.680000
 258 2.970000
 259 2.960000
 260 2.980000
 261 2.980000
 262 2.980000
 263 3.000000
 264 3.030000
 265 3.050000
 266 3.050000
 267 3.050000
 268 3.080000
 269 3.080000
 270 3.080000
 271 3.080000
 272 3.050000
 273 3.200000
 274 3.300000
 275 3.300000
 276 2.280000
 277 2.290000
 278 2.300000
 279 3.260000
 280 3.220000
 281 3.240000
 282 3.240000
 283 3.230000
 284 3.210000
 285 3.230000
 286 3.210000
 287 3.210000
 288 3.210000
 289 3.220000
 290 3.260000
 291 3.280000
 292 3.280000
 293 3.300000
 294 1.450000
 295 1.450000
 296 1.450000
 297 1.450000
 298 1.450000
 299 1.450000
 300 1.450000
 301 1.450000
 302 1.420000
 303 1.440000
 304 1.400000
 305 1.420000
 306 1.450000
 307 1.450000
 308 1.470000
 309 1.490000
 310 3.560000
 311 3.530000
 312 3.520000
 313 3.530000
 314 3.510000
 315 3.530000
 316 3.530000
 317 3.530000
 318 3.560000
 319 3.530000
 320 3.560000
 321 3.560000
 322 2.000000
 323 1.960000
 324 1.970000
 325 1.970000
 326 1.960000
 327 1.960000
 328 1.940000
 329 1.960000
 330 1.960000
 331 1.970000
 332 1.990000
 333 2.000000
 334 3.630000
 335 3.650000
 336 3.650000
 337 3.680000
 338 3.430000
 339 2.510000
 340 2.520000
 341 2.520000
 342 2.500000
 343 2.500000
 344 2.510000
 345 2.490000
 346 2.520000
 347 2.560000
 348 3.470000
 349 3.560000
 350 1.330000
 351 1.340000
 352 1.340000
 353 1.310000
 354 1.330000
 355 1.340000
 356 1.340000
 357 1.340000
 358 1.340000
 359 1.310000
 360 1.310000
 361 1.310000
 362 1.300000
 363 1.330000
 364 1.400000
 365 1.860000
 366 1.890000
 367 1.900000
 368 1.890000
 369 1.890000
 370 1.890000
 371 1.860000
 372 1.890000
 373 1.890000
 374 2.030000
 375 2.440000
 376 2.460000
 377 2.440000
 378 2.440000
 379 2.500000
 380 2.660000
 381 2.640000
 382 2.670000
 383 2.660000
 384 2.660000
 385 2.640000
 386 2.630000
 387 2.640000
 388 2.650000
 389 2.630000
 390 2.620000
 391 2.640000
 392 2.630000
 393 2.630000
 394 2.630000
 395 2.600000
 396 2.600000
 397 2.620000
 398 2.640000
 399 2.620000
 400 2.610000
 401 2.610000
 402 2.600000
 403 2.610000
 404 2.610000
 405 2.610000
 406 2.460000
 407 2.440000
 408 2.090000
 409 1.870000
 410 1.840000
 411 1.400000
 412 1.320000
 413 1.310000
 414 1.340000
 415 1.310000
 416 1.310000
 417 1.310000
 418 1.310000
 419 1.310000
 420 1.310000
 421 1.340000
 422 1.350000
 423 1.310000
 424 1.310000
 425 1.310000
 426 1.440000
 427 3.100000
 428 3.100000
 429 3.140000
 430 3.260000
 431 3.200000
 432 3.240000
 433 3.250000
 434 3.250000
 435 3.240000
 436 3.260000
 437 3.240000
 438 3.250000
 439 3.270000
 440 3.260000
 441 3.270000
 442 3.290000
 443 3.320000
 444 3.370000
 445 3.460000
 446 3.420000
 447 3.400000
 448 3.420000
 449 3.390000
 450 3.400000
 451 3.410000
 452 3.460000
 453 3.680000
 454 3.590000
 455 3.600000
 456 3.560000
 457 3.710000
 458 3.640000
 459 3.560000
 460 3.560000
 461 3.540000
 462 3.660000
 463 3.510000
 464 3.480000
 465 3.510000
 466 3.640000
 467 3.590000
 468 3.550000
 469 1.690000
 470 1.690000
 471 1.690000
 472 1.690000
 473 1.690000
 474 1.690000
 475 1.660000
 476 1.660000
 477 1.690000
 478 1.660000
 479 1.660000
 480 1.640000
 481 1.660000
 482 1.660000
 483 1.640000
 484 1.640000
 485 1.640000
 486 1.640000
 487 1.640000
 488 1.610000
 489 1.640000
 490 1.640000
 491 1.610000
 492 1.610000
 493 1.610000
 494 1.610000
 495 1.610000
 496 1.610000
 497 1.590000
 498 1.590000
 499 1.590000
 500 1.610000
 501 1.560000
 502 1.590000
 503 1.590000
 504 1.590000
 505 1.590000
 506 1.590000
 507 1.590000
 508 1.560000
 509 1.590000
 510 1.560000
 511 1.560000
 512 1.560000
 513 1.560000
 514 1.560000
 515 1.560000
 516 1.560000
 517 1.540000
 518 1.560000
 519 1.560000
 520 1.540000
 521 1.560000
 522 1.540000
 523 1.540000
 524 1.540000
 525 1.540000
 526 1.540000
 527 1.540000
 528 1.510000
 529 1.540000
 530 1.540000
 531 1.540000
 532 1.510000
 533 1.510000
 534 1.540000
 535 1.510000
 536 1.510000
 537 1.510000
 538 1.510000
 539 1.510000
 540 1.510000
 541 1.510000
 542 1.510000
 543 1.510000
 544 1.490000
 545 1.490000
 546 1.510000
 547 1.510000
 548 1.510000
 549 1.490000
 550 1.490000
 551 1.490000
 552 1.510000
 553 1.490000
 554 1.510000
 555 1.510000
 556 1.490000
 557 1.510000
 558 1.490000
 559 1.490000
 560 1.490000
 561 1.490000
 562 1.490000
 563 1.490000
 564 1.510000
 565 1.510000
 566 1.490000
 567 1.470000
 568 1.520000
 569 3.400000
 570 3.370000
 571 3.360000
 572 3.410000
 573 4.440000
 574 4.410000
 575 4.410000
 576 4.420000
 577 4.400000
 578 4.400000
 579 4.410000
 580 4.440000
 581 4.440000
 582 4.520000
 583 5.150000
 584 5.170000
 585 2.840000
 586 2.780000
 587 2.760000
 588 2.750000
 589 2.700000
 590 2.700000
 591 2.730000
 592 2.740000
 593 4.530000
 594 4.530000
 595 4.600000
 596 4.590000
 597 4.630000
 598 4.020000
 599 3.930000
 600 3.500000
 601 2.780000
 602 2.560000
 603 2.630000
 604 2.590000
 605 2.570000
 606 2.570000
 607 2.570000
 608 2.560000
 609 2.590000
 610 2.630000
 611 3.700000
 612 3.710000
 613 3.710000
 614 3.720000
 615 3.650000
 616 3.640000
 617 3.680000
 618 3.700000
 619 3.630000
 620 3.640000
 621 3.640000
 622 3.650000
 623 3.120000
 624 3.060000
 625 3.010000
 626 3.020000
 627 3.030000
 628 3.000000
 629 3.000000
 630 3.020000
 631 3.820000
 632 3.820000
 633 3.780000
 634 3.750000
 635 3.780000
 636 3.790000
 637 3.910000
 638 3.970000
 639 4.020000
 640 4.200000
 641 4.630000
 642 4.640000
 643 4.610000
 644 4.610000
 645 4.590000
 646 4.590000
 647 4.560000
 648 4.540000
 649 4.280000
 650 4.250000
 651 4.250000
 652 4.360000
 653 4.460000
 654 4.440000
 655 4.450000
 656 4.460000
 657 4.460000
 658 4.480000
 659 4.460000
 660 4.460000
 661 4.450000
 662 4.440000
 663 3.500000
 664 3.490000
 665 3.490000
 666 3.520000
 667 4.390000
 668 4.370000
 669 4.350000
 670 4.320000
 671 4.350000
 672 4.320000
 673 4.300000
 674 4.290000
 675 4.300000
 676 4.270000
 677 4.030000
 678 4.000000
 679 4.020000
 680 4.170000
 681 4.220000
 682 4.200000
 683 4.200000
 684 4.200000
 685 4.180000
 686 4.170000
 687 4.170000
 688 4.150000
 689 4.160000
 690 4.160000
 691 4.130000
 692 4.120000
 693 4.120000
 694 4.110000
 695 4.070000
 696 4.090000
 697 4.090000
 698 4.060000
 699 4.070000
 700 4.050000
 701 4.050000
 702 4.030000
 703 4.020000
 704 4.000000
 705 4.000000
 706 4.000000
 707 4.000000
 708 3.080000
 709 3.130000
 710 3.170000
 711 3.190000
 712 3.170000
 713 3.200000
 714 3.090000
 715 3.150000
 716 3.140000
 717 3.060000
 718 3.120000
 719 3.910000
 720 3.030000
 721 3.120000
 722 3.010000
 723 3.120000
 724 3.120000
 725 3.130000
 726 3.030000
 727 3.120000
 728 3.100000
 729 3.120000
 730 3.030000
 731 3.120000
 732 3.030000
 733 3.160000
 734 3.190000
 735 3.090000
 736 3.010000
 737 3.030000
 738 3.030000
 739 3.060000
 740 3.110000
 741 3.010000
 742 3.040000
 743 3.070000
 744 3.070000
 745 3.030000
 746 3.030000
 747 2.980000
 748 3.070000
 749 2.980000
 750 3.070000
 751 2.980000
 752 2.980000
 753 3.010000
 754 3.040000
 755 2.980000
 756 3.000000
 757 3.020000
 758 3.120000
 759 3.000000
 760 3.100000
 0 0.210000
 1 0.160000
 2 0.280000
 3 0.260000
 4 0.230000
 5 0.230000
 6 0.240000
 7 0.290000
 8 0.180000
 9 0.160000
 10 0.260000
 11 0.310000
 12 0.960000
 13 2.810000
 14 2.810000
 15 2.810000
 16 2.810000
 17 2.810000
 18 2.810000
 19 2.810000
 20 2.790000
 21 2.790000
 22 2.790000
 23 2.790000
 24 2.790000
 25 2.790000
 26 2.790000
 27 2.800000
 28 2.510000
 29 2.420000
 30 2.410000
 31 2.560000
 32 2.770000
 33 2.760000
 34 2.770000
 35 2.760000
 36 2.750000
 37 2.770000
 38 2.750000
 39 2.160000
 40 2.100000
 41 2.120000
 42 2.100000
 43 2.100000
 44 2.120000
 45 2.120000
 46 2.400000
 47 2.690000
 48 2.600000
 49 2.580000
 50 2.610000
 51 2.570000
 52 2.620000
 53 2.660000
 54 2.720000
 55 2.760000
 56 2.740000
 57 2.740000
 58 2.740000
 59 2.710000
 60 2.290000
 61 2.240000
 62 2.240000
 63 2.260000
 64 2.260000
 65 2.230000
 66 2.220000
 67 2.230000
 68 2.270000
 69 2.250000
 70 2.330000
 71 2.300000
 72 2.310000
 73 2.260000
 74 2.260000
 75 2.280000
 76 2.300000
 77 2.280000
 78 2.310000
 79 2.280000
 80 2.280000
 81 2.280000
 82 2.300000
 83 2.300000
 84 2.280000
 85 2.300000
 86 2.280000
 87 2.290000
 88 2.390000
 89 2.400000
 90 2.410000
 91 2.390000
 92 2.420000
 93 2.450000
 94 2.450000
 95 2.480000
 96 2.500000
 97 2.530000
 98 2.510000
 99 2.560000
 100 2.590000
 101 2.630000
 102 2.680000
 103 2.700000
 104 2.640000
 105 2.570000
 106 2.550000
 107 2.580000
 108 2.330000
 109 2.300000
 110 2.290000
 111 2.280000
 112 2.280000
 113 2.280000
 114 2.280000
 115 2.280000
 116 2.300000
 117 2.410000
 118 2.610000
 119 2.620000
 120 2.690000
 121 2.760000
 122 2.740000
 123 2.460000
 124 2.260000
 125 2.130000
 126 2.110000
 127 2.100000
 128 2.100000
 129 2.120000
 130 2.120000
 131 2.120000
 132 2.410000
 133 2.390000
 134 2.500000
 135 2.610000
 136 2.590000
 137 2.510000
 138 2.510000
 139 2.510000
 140 2.550000
 141 2.680000
 142 2.540000
 143 2.570000
 144 2.550000
 145 2.590000
 146 2.760000
 147 2.770000
 148 2.710000
 149 2.750000
 150 2.730000
 151 2.510000
 152 2.510000
 153 2.500000
 154 2.520000
 155 2.610000
 156 2.610000
 157 2.760000
 158 2.890000
 159 2.890000
 160 2.880000
 161 2.880000
 162 2.880000
 163 2.880000
 164 2.880000
 165 2.880000
 166 2.880000
 167 2.910000
 168 2.880000
 169 2.910000
 170 2.910000
 171 2.910000
 172 2.910000
 173 2.930000
 174 2.910000
 175 2.930000
 176 2.910000
 177 2.930000
 178 2.930000
 179 2.960000
 180 2.930000
 181 2.930000
 182 2.910000
 183 2.960000
 184 2.980000
 185 2.960000
 186 2.970000
 187 2.910000
 188 2.860000
 189 2.900000
 190 2.950000
 191 2.670000
 192 2.380000
 193 2.450000
 194 2.390000
 195 2.390000
 196 2.410000
 197 2.370000
 198 2.340000
 199 2.360000
 200 2.340000
 201 2.350000
 202 2.310000
 203 2.290000
 204 2.240000
 205 2.210000
 206 2.220000
 207 2.200000
 208 2.180000
 209 2.180000
 210 2.220000
 211 2.220000
 212 2.230000
 213 2.210000
 214 2.170000
 215 2.910000
 216 2.890000
 217 2.940000
 218 2.890000
 219 2.880000
 220 2.870000
 221 2.860000
 222 2.860000
 223 2.880000
 224 2.880000
 225 2.920000
 226 2.880000
 227 2.930000
 228 2.930000
 229 2.900000
 230 2.110000
 231 2.070000
 232 2.080000
 233 2.090000
 234 2.980000
 235 2.980000
 236 2.970000
 237 2.920000
 238 2.920000
 239 2.900000
 240 2.900000
 241 2.730000
 242 2.710000
 243 2.810000
 244 2.810000
 245 2.830000
 246 2.860000
 247 2.860000
 248 2.860000
 249 2.880000
 250 2.880000
 251 2.910000
 252 2.910000
 253 2.930000
 254 1.670000
 255 1.700000
 256 1.680000
 257 1.680000
 258 2.940000
 259 2.990000
 260 2.960000
 261 3.010000
 262 2.960000
 263 3.010000
 264 3.030000
 265 3.030000
 266 3.060000
 267 3.060000
 268 3.060000
 269 3.080000
 270 3.080000
 271 3.080000
 272 3.050000
 273 3.170000
 274 3.300000
 275 3.300000
 276 2.280000
 277 2.280000
 278 2.300000
 279 3.290000
 280 3.220000
 281 3.230000
 282 3.240000
 283 3.230000
 284 3.230000
 285 3.210000
 286 3.180000
 287 3.230000
 288 3.210000
 289 3.200000
 290 3.230000
 291 3.280000
 292 3.280000
 293 3.300000
 294 1.460000
 295 1.470000
 296 1.450000
 297 1.450000
 298 1.450000
 299 1.450000
 300 1.450000
 301 1.450000
 302 1.420000
 303 1.440000
 304 1.430000
 305 1.420000
 306 1.450000
 307 1.450000
 308 1.480000
 309 1.520000
 310 3.550000
 311 3.510000
 312 3.540000
 313 3.510000
 314 3.510000
 315 3.540000
 316 3.510000
 317 3.540000
 318 3.560000
 319 3.540000
 320 3.560000
 321 3.590000
 322 1.970000
 323 1.960000
 324 1.960000
 325 1.970000
 326 1.960000
 327 1.960000
 328 1.940000
 329 1.940000
 330 1.940000
 331 1.970000
 332 1.970000
 333 2.030000
 334 3.650000
 335 3.600000
 336 3.650000
 337 3.650000
 338 3.430000
 339 2.520000
 340 2.520000
 341 2.520000
 342 2.500000
 343 2.500000
 344 2.490000
 345 2.490000
 346 2.520000
 347 2.560000
 348 3.460000
 349 3.560000
 350 1.360000
 351 1.340000
 352 1.340000
 353 1.340000
 354 1.330000
 355 1.340000
 356 1.340000
 357 1.340000
 358 1.340000
 359 1.340000
 360 1.340000
 361 1.310000
 362 1.310000
 363 1.330000
 364 1.400000
 365 1.830000
 366 1.890000
 367 1.880000
 368 1.890000
 369 1.890000
 370 1.890000
 371 1.890000
 372 1.890000
 373 1.900000
 374 2.030000
 375 2.460000
 376 2.460000
 377 2.440000
 378 2.440000
 379 2.470000
 380 2.640000
 381 2.660000
 382 2.650000
 383 2.660000
 384 2.640000
 385 2.670000
 386 2.630000
 387 2.640000
 388 2.660000
 389 2.640000
 390 2.620000
 391 2.620000
 392 2.630000
 393 2.640000
 394 2.660000
 395 2.610000
 396 2.630000
 397 2.630000
 398 2.620000
 399 2.620000
 400 2.620000
 401 2.610000
 402 2.590000
 403 2.640000
 404 2.610000
 405 2.610000
 406 2.440000
 407 2.410000
 408 2.110000
 409 1.900000
 410 1.860000
 411 1.410000
 412 1.320000
 413 1.310000
 414 1.310000
 415 1.320000
 416 1.290000
 417 1.310000
 418 1.310000
 419 1.310000
 420 1.310000
 421 1.310000
 422 1.350000
 423 1.310000
 424 1.310000
 425 1.310000
 426 1.440000
 427 3.100000
 428 3.100000
 429 3.150000
 430 3.240000
 431 3.210000
 432 3.240000
 433 3.260000
 434 3.250000
 435 3.240000
 436 3.230000
 437 3.260000
 438 3.250000
 439 3.270000
 440 3.260000
 441 3.280000
 442 3.330000
 443 3.320000
 444 3.380000
 445 3.430000
 446 3.420000
 447 3.380000
 448 3.390000
 449 3.420000
 450 3.400000
 451 3.410000
 452 3.460000
 453 3.690000
 454 3.590000
 455 3.570000
 456 3.560000
 457 3.710000
 458 3.610000
 459 3.560000
 460 3.560000
 461 3.540000
 462 3.640000
 463 3.510000
 464 3.510000
 465 3.490000
 466 3.640000
 467 3.610000
 468 3.530000
 469 1.710000
 470 1.710000
 471 1.680000
 472 1.690000
 473 1.690000
 474 1.660000
 475 1.690000
 476 1.660000
 477 1.660000
 478 1.640000
 479 1.660000
 480 1.660000
 481 1.660000
 482 1.640000
 483 1.640000
 484 1.640000
 485 1.610000
 486 1.610000
 487 1.610000
 488 1.640000
 489 1.640000
 490 1.610000
 491 1.610000
 492 1.610000
 493 1.610000
 494 1.590000
 495 1.610000
 496 1.590000
 497 1.590000
 498 1.610000
 499 1.610000
 500 1.590000
 501 1.590000
 502 1.590000
 503 1.590000
 504 1.590000
 505 1.560000
 506 1.560000
 507 1.590000
 508 1.560000
 509 1.560000
 510 1.590000
 511 1.560000
 512 1.560000
 513 1.560000
 514 1.560000
 515 1.560000
 516 1.560000
 517 1.540000
 518 1.560000
 519 1.540000
 520 1.560000
 521 1.540000
 522 1.540000
 523 1.560000
 524 1.510000
 525 1.540000
 526 1.540000
 527 1.540000
 528 1.540000
 529 1.540000
 530 1.540000
 531 1.540000
 532 1.540000
 533 1.540000
 534 1.540000
 535 1.540000
 536 1.540000
 537 1.540000
 538 1.510000
 539 1.510000
 540 1.510000
 541 1.510000
 542 1.510000
 543 1.540000
 544 1.510000
 545 1.510000
 546 1.510000
 547 1.510000
 548 1.510000
 549 1.510000
 550 1.510000
 551 1.510000
 552 1.490000
 553 1.490000
 554 1.490000
 555 1.490000
 556 1.510000
 557 1.490000
 558 1.510000
 559 1.490000
 560 1.490000
 561 1.490000
 562 1.490000
 563 1.490000
 564 1.510000
 565 1.510000
 566 1.510000
 567 1.500000
 568 1.530000
 569 3.370000
 570 3.370000
 571 3.370000
 572 3.400000
 573 4.440000
 574 4.420000
 575 4.420000
 576 4.420000
 577 4.430000
 578 4.430000
 579 4.430000
 580 4.440000
 581 4.440000
 582 4.470000
 583 5.150000
 584 5.170000
 585 2.870000
 586 2.780000
 587 2.780000
 588 2.770000
 589 2.730000
 590 2.730000
 591 2.730000
 592 2.740000
 593 4.510000
 594 4.530000
 595 4.580000
 596 4.590000
 597 4.620000
 598 4.030000
 599 3.960000
 600 3.500000
 601 2.580000
 602 2.580000
 603 2.610000
 604 2.580000
 605 2.580000
 606 2.570000
 607 2.590000
 608 2.590000
 609 2.610000
 610 3.690000
 611 3.690000
 612 3.710000
 613 3.710000
 614 3.720000
 615 3.630000
 616 3.680000
 617 3.690000
 618 3.690000
 619 3.660000
 620 3.640000
 621 3.640000
 622 3.680000
 623 3.120000
 624 3.030000
 625 3.040000
 626 3.030000
 627 3.030000
 628 3.000000
 629 3.000000
 630 3.020000
 631 3.810000
 632 3.850000
 633 3.810000
 634 3.790000
 635 3.780000
 636 3.830000
 637 3.910000
 638 3.950000
 639 4.030000
 640 4.210000
 641 4.630000
 642 4.640000
 643 4.640000
 644 4.590000
 645 4.560000
 646 4.560000
 647 4.540000
 648 4.540000
 649 4.280000
 650 4.260000
 651 4.260000
 652 4.360000
 653 4.460000
 654 4.440000
 655 4.430000
 656 4.490000
 657 4.460000
 658 4.480000
 659 4.470000
 660 4.470000
 661 4.450000
 662 4.440000
 663 3.480000
 664 3.510000
 665 3.490000
 666 3.500000
 667 4.370000
 668 4.380000
 669 4.380000
 670 4.350000
 671 4.330000
 672 4.320000
 673 4.290000
 674 4.320000
 675 4.280000
 676 4.280000
 677 4.010000
 678 4.010000
 679 4.020000
 680 4.180000
 681 4.230000
 682 4.200000
 683 4.230000
 684 4.200000
 685 4.180000
 686 4.180000
 687 4.150000
 688 4.150000
 689 4.130000
 690 4.130000
 691 4.130000
 692 4.130000
 693 4.100000
 694 4.110000
 695 4.100000
 696 4.070000
 697 4.070000
 698 4.070000
 699 4.080000
 700 4.050000
 701 4.030000
 702 4.030000
 703 4.030000
 704 4.030000
 705 4.030000
 706 4.030000
 707 4.000000
 708 3.060000
 709 3.100000
 710 3.200000
 711 3.190000
 712 3.170000
 713 3.180000
 714 3.070000
 715 3.140000
 716 3.130000
 717 3.030000
 718 3.130000
 719 3.930000
 720 3.030000
 721 3.130000
 722 3.010000
 723 3.130000
 724 3.130000
 725 3.130000
 726 3.030000
 727 3.100000
 728 3.100000
 729 3.110000
 730 3.030000
 731 3.100000
 732 3.030000
 733 3.130000
 734 3.310000
 735 3.090000
 736 3.150000
 737 3.030000
 738 3.010000
 739 3.030000
 740 3.090000
 741 3.010000
 742 3.040000
 743 3.070000
 744 3.070000
 745 3.050000
 746 3.020000
 747 2.980000
 748 3.040000
 749 2.960000
 750 3.040000
 751 2.980000
 752 3.040000
 753 3.010000
 754 3.040000
 755 2.980000
 756 3.000000
 757 3.040000
 758 2.980000
 759 3.000000
 760 3.110000
 0 0.170000
 1 0.160000
 2 0.280000
 3 0.260000
 4 0.230000
 5 0.240000
 6 0.240000
 7 0.290000
 8 0.180000
 9 0.160000
 10 0.260000
 11 0.450000
 12 0.050000
 13 2.840000
 14 2.810000
 15 2.810000
 16 2.810000
 17 2.790000
 18 2.810000
 19 2.810000
 20 2.810000
 21 2.810000
 22 2.790000
 23 2.790000
 24 2.790000
 25 2.790000
 26 2.790000
 27 2.760000
 28 2.510000
 29 2.460000
 30 2.430000
 31 2.580000
 32 2.770000
 33 2.770000
 34 2.770000
 35 2.770000
 36 2.750000
 37 2.770000
 38 2.750000
 39 2.130000
 40 2.120000
 41 2.100000
 42 2.100000
 43 2.120000
 44 2.100000
 45 2.120000
 46 2.440000
 47 2.690000
 48 2.600000
 49 2.580000
 50 2.580000
 51 2.610000
 52 2.620000
 53 2.660000
 54 2.750000
 55 2.730000
 56 2.740000
 57 2.740000
 58 2.740000
 59 2.740000
 60 2.310000
 61 2.240000
 62 2.240000
 63 2.260000
 64 2.250000
 65 2.230000
 66 2.210000
 67 2.230000
 68 2.240000
 69 2.250000
 70 2.330000
 71 2.330000
 72 2.290000
 73 2.260000
 74 2.290000
 75 2.280000
 76 2.280000
 77 2.280000
 78 2.280000
 79 2.280000
 80 2.280000
 81 2.300000
 82 2.300000
 83 2.300000
 84 2.300000
 85 2.280000
 86 2.280000
 87 2.290000
 88 2.390000
 89 2.390000
 90 2.390000
 91 2.410000
 92 2.450000
 93 2.450000
 94 2.470000
 95 2.500000
 96 2.500000
 97 2.530000
 98 2.570000
 99 2.560000
 100 2.590000
 101 2.650000
 102 2.700000
 103 2.700000
 104 2.640000
 105 2.570000
 106 2.550000
 107 2.560000
 108 2.330000
 109 2.270000
 110 2.260000
 111 2.280000
 112 2.300000
 113 2.280000
 114 2.260000
 115 2.310000
 116 2.300000
 117 2.410000
 118 2.610000
 119 2.620000
 120 2.710000
 121 2.740000
 122 2.740000
 123 2.460000
 124 2.260000
 125 2.100000
 126 2.110000
 127 2.100000
 128 2.100000
 129 2.090000
 130 2.120000
 131 2.120000
 132 2.410000
 133 2.370000
 134 2.500000
 135 2.630000
 136 2.590000
 137 2.510000
 138 2.540000
 139 2.540000
 140 2.550000
 141 2.710000
 142 2.540000
 143 2.560000
 144 2.580000
 145 2.590000
 146 2.760000
 147 2.760000
 148 2.710000
 149 2.750000
 150 2.710000
 151 2.510000
 152 2.480000
 153 2.500000
 154 2.520000
 155 2.610000
 156 2.610000
 157 2.760000
 158 2.890000
 159 2.890000
 160 2.880000
 161 2.890000
 162 2.880000
 163 2.880000
 164 2.880000
 165 2.880000
 166 2.860000
 167 2.910000
 168 2.880000
 169 2.930000
 170 2.910000
 171 2.910000
 172 2.910000
 173 2.930000
 174 2.910000
 175 2.930000
 176 2.930000
 177 2.930000
 178 2.930000
 179 2.930000
 180 2.960000
 181 2.960000
 182 2.880000
 183 2.980000
 184 2.980000
 185 2.980000
 186 2.950000
 187 2.910000
 188 2.860000
 189 2.900000
 190 2.950000
 191 2.720000
 192 2.380000
 193 2.430000
 194 2.410000
 195 2.390000
 196 2.410000
 197 2.390000
 198 2.370000
 199 2.340000
 200 2.340000
 201 2.380000
 202 2.340000
 203 2.290000
 204 2.240000
 205 2.230000
 206 2.220000
 207 2.200000
 208 2.200000
 209 2.190000
 210 2.210000
 211 2.220000
 212 2.180000
 213 2.210000
 214 2.140000
 215 2.900000
 216 2.910000
 217 2.920000
 218 2.920000
 219 2.880000
 220 2.890000
 221 2.860000
 222 2.840000
 223 2.860000
 224 2.900000
 225 2.920000
 226 2.900000
 227 2.930000
 228 2.930000
 229 2.930000
 230 2.080000
 231 2.060000
 232 2.060000
 233 2.090000
 234 2.980000
 235 2.960000
 236 2.970000
 237 2.940000
 238 2.920000
 239 2.900000
 240 2.900000
 241 2.700000
 242 2.680000
 243 2.830000
 244 2.830000
 245 2.830000
 246 2.860000
 247 2.860000
 248 2.860000
 249 2.880000
 250 2.880000
 251 2.910000
 252 2.910000
 253 2.910000
 254 1.670000
 255 1.660000
 256 1.680000
 257 1.680000
 258 2.970000
 259 2.990000
 260 2.960000
 261 2.980000
 262 2.960000
 263 3.030000
 264 3.010000
 265 3.030000
 266 3.060000
 267 3.060000
 268 3.060000
 269 3.080000
 270 3.080000
 271 3.080000
 272 3.070000
 273 3.200000
 274 3.300000
 275 3.300000
 276 2.280000
 277 2.300000
 278 2.300000
 279 3.270000
 280 3.220000
 281 3.270000
 282 3.220000
 283 3.230000
 284 3.210000
 285 3.210000
 286 3.200000
 287 3.210000
 288 3.180000
 289 3.230000
 290 3.230000
 291 3.260000
 292 3.260000
 293 3.300000
 294 1.460000
 295 1.470000
 296 1.450000
 297 1.450000
 298 1.420000
 299 1.450000
 300 1.450000
 301 1.450000
 302 1.450000
 303 1.410000
 304 1.410000
 305 1.450000
 306 1.450000
 307 1.480000
 308 1.480000
 309 1.520000
 310 3.530000
 311 3.510000
 312 3.520000
 313 3.510000
 314 3.540000
 315 3.540000
 316 3.540000
 317 3.540000
 318 3.530000
 319 3.540000
 320 3.560000
 321 3.560000
 322 1.940000
 323 1.960000
 324 1.960000
 325 1.970000
 326 1.960000
 327 1.960000
 328 1.940000
 329 1.940000
 330 1.940000
 331 1.950000
 332 1.990000
 333 2.010000
 334 3.630000
 335 3.630000
 336 3.650000
 337 3.650000
 338 3.430000
 339 2.520000
 340 2.500000
 341 2.520000
 342 2.520000
 343 2.500000
 344 2.490000
 345 2.490000
 346 2.520000
 347 2.560000
 348 3.440000
 349 3.530000
 350 1.330000
 351 1.310000
 352 1.310000
 353 1.310000
 354 1.330000
 355 1.310000
 356 1.310000
 357 1.310000
 358 1.310000
 359 1.310000
 360 1.340000
 361 1.310000
 362 1.310000
 363 1.360000
 364 1.400000
 365 1.860000
 366 1.880000
 367 1.880000
 368 1.890000
 369 1.890000
 370 1.860000
 371 1.890000
 372 1.860000
 373 1.900000
 374 2.030000
 375 2.460000
 376 2.440000
 377 2.460000
 378 2.460000
 379 2.470000
 380 2.640000
 381 2.630000
 382 2.660000
 383 2.660000
 384 2.640000
 385 2.640000
 386 2.630000
 387 2.620000
 388 2.660000
 389 2.640000
 390 2.620000
 391 2.620000
 392 2.630000
 393 2.640000
 394 2.630000
 395 2.630000
 396 2.600000
 397 2.630000
 398 2.640000
 399 2.620000
 400 2.620000
 401 2.610000
 402 2.590000
 403 2.610000
 404 2.610000
 405 2.610000
 406 2.470000
 407 2.440000
 408 2.090000
 409 1.870000
 410 1.860000
 411 1.410000
 412 1.320000
 413 1.310000
 414 1.310000
 415 1.310000
 416 1.340000
 417 1.340000
 418 1.310000
 419 1.310000
 420 1.310000
 421 1.310000
 422 1.350000
 423 1.310000
 424 1.340000
 425 1.310000
 426 1.440000
 427 3.100000
 428 3.100000
 429 3.160000
 430 3.260000
 431 3.210000
 432 3.240000
 433 3.260000
 434 3.250000
 435 3.240000
 436 3.260000
 437 3.240000
 438 3.230000
 439 3.260000
 440 3.280000
 441 3.280000
 442 3.270000
 443 3.290000
 444 3.380000
 445 3.430000
 446 3.420000
 447 3.400000
 448 3.390000
 449 3.390000
 450 3.400000
 451 3.380000
 452 3.460000
 453 3.710000
 454 3.560000
 455 3.600000
 456 3.590000
 457 3.710000
 458 3.610000
 459 3.560000
 460 3.560000
 461 3.540000
 462 3.610000
 463 3.540000
 464 3.490000
 465 3.510000
 466 3.610000
 467 3.590000
 468 3.560000
 469 1.690000
 470 1.690000
 471 1.680000
 472 1.690000
 473 1.690000
 474 1.660000
 475 1.660000
 476 1.660000
 477 1.660000
 478 1.660000
 479 1.640000
 480 1.640000
 481 1.660000
 482 1.640000
 483 1.640000
 484 1.640000
 485 1.640000
 486 1.640000
 487 1.640000
 488 1.640000
 489 1.610000
 490 1.610000
 491 1.640000
 492 1.610000
 493 1.590000
 494 1.610000
 495 1.610000
 496 1.610000
 497 1.590000
 498 1.590000
 499 1.590000
 500 1.590000
 501 1.590000
 502 1.590000
 503 1.590000
 504 1.590000
 505 1.590000
 506 1.560000
 507 1.560000
 508 1.590000
 509 1.560000
 510 1.560000
 511 1.560000
 512 1.560000
 513 1.540000
 514 1.560000
 515 1.560000
 516 1.560000
 517 1.560000
 518 1.560000
 519 1.560000
 520 1.560000
 521 1.540000
 522 1.540000
 523 1.540000
 524 1.540000
 525 1.510000
 526 1.540000
 527 1.510000
 528 1.540000
 529 1.540000
 530 1.540000
 531 1.510000
 532 1.540000
 533 1.510000
 534 1.510000
 535 1.540000
 536 1.510000
 537 1.510000
 538 1.510000
 539 1.510000
 540 1.510000
 541 1.510000
 542 1.510000
 543 1.510000
 544 1.510000
 545 1.510000
 546 1.510000
 547 1.510000
 548 1.510000
 549 1.510000
 550 1.510000
 551 1.510000
 552 1.510000
 553 1.490000
 554 1.510000
 555 1.490000
 556 1.510000
 557 1.490000
 558 1.510000
 559 1.490000
 560 1.490000
 561 1.490000
 562 1.490000
 563 1.510000
 564 1.490000
 565 1.510000
 566 1.490000
 567 1.500000
 568 1.530000
 569 3.370000
 570 3.370000
 571 3.370000
 572 3.400000
 573 4.440000
 574 4.420000
 575 4.420000
 576 4.420000
 577 4.410000
 578 4.430000
 579 4.410000
 580 4.440000
 581 4.440000
 582 4.490000
 583 5.150000
 584 5.150000
 585 2.870000
 586 2.780000
 587 2.760000
 588 2.750000
 589 2.730000
 590 2.730000
 591 2.720000
 592 2.710000
 593 4.510000
 594 4.490000
 595 4.580000
 596 4.590000
 597 4.630000
 598 4.030000
 599 3.940000
 600 3.530000
 601 2.580000
 602 2.560000
 603 2.610000
 604 2.580000
 605 2.580000
 606 2.580000
 607 2.590000
 608 2.600000
 609 2.610000
 610 3.710000
 611 3.680000
 612 3.730000
 613 3.710000
 614 3.690000
 615 3.640000
 616 3.660000
 617 3.690000
 618 3.690000
 619 3.640000
 620 3.670000
 621 3.660000
 622 3.650000
 623 3.120000
 624 3.060000
 625 3.010000
 626 3.030000
 627 3.030000
 628 2.990000
 629 3.000000
 630 3.020000
 631 3.850000
 632 3.850000
 633 3.780000
 634 3.790000
 635 3.760000
 636 3.800000
 637 3.910000
 638 3.950000
 639 4.000000
 640 4.200000
 641 4.630000
 642 4.640000
 643 4.610000
 644 4.590000
 645 4.590000
 646 4.560000
 647 4.540000
 648 4.540000
 649 4.280000
 650 4.230000
 651 4.260000
 652 4.360000
 653 4.460000
 654 4.460000
 655 4.460000
 656 4.500000
 657 4.460000
 658 4.480000
 659 4.490000
 660 4.470000
 661 4.480000
 662 4.440000
 663 3.510000
 664 3.510000
 665 3.490000
 666 3.520000
 667 4.370000
 668 4.350000
 669 4.350000
 670 4.350000
 671 4.330000
 672 4.320000
 673 4.290000
 674 4.290000
 675 4.300000
 676 4.270000
 677 4.010000
 678 4.010000
 679 4.000000
 680 4.200000
 681 4.220000
 682 4.230000
 683 4.200000
 684 4.200000
 685 4.180000
 686 4.200000
 687 4.180000
 688 4.150000
 689 4.150000
 690 4.130000
 691 4.130000
 692 4.100000
 693 4.130000
 694 4.110000
 695 4.100000
 696 4.070000
 697 4.090000
 698 4.070000
 699 4.050000
 700 4.050000
 701 4.050000
 702 4.030000
 703 4.030000
 704 4.030000
 705 4.030000
 706 4.000000
 707 3.980000
 708 3.170000
 709 3.110000
 710 3.200000
 711 3.190000
 712 3.170000
 713 3.180000
 714 3.080000
 715 3.150000
 716 3.180000
 717 3.060000
 718 3.130000
 719 3.900000
 720 3.030000
 721 3.130000
 722 3.010000
 723 3.130000
 724 3.030000
 725 3.130000
 726 3.030000
 727 3.130000
 728 3.100000
 729 3.100000
 730 3.060000
 731 3.100000
 732 3.030000
 733 3.160000
 734 3.360000
 735 3.090000
 736 3.030000
 737 3.010000
 738 3.030000
 739 3.030000
 740 3.090000
 741 3.010000
 742 3.040000
 743 3.070000
 744 3.070000
 745 3.050000
 746 3.050000
 747 2.980000
 748 3.040000
 749 3.070000
 750 3.040000
 751 2.980000
 752 2.960000
 753 3.030000
 754 3.040000
 755 2.980000
 756 2.970000
 757 3.020000
 758 3.120000
 759 3.000000
 760 3.110000