
 0 3.140000
 1 3.140000
 2 3.110000
 3 3.010000
 4 3.110000
 5 3.110000
 6 3.010000
 7 3.070000
 8 3.070000
 9 3.040000
 10 3.080000
 11 3.190000
 12 3.190000
 13 3.050000
 14 3.160000
 15 3.160000
 16 3.080000
 17 3.030000
 18 3.190000
 19 3.160000
 20 3.140000
 21 3.030000
 22 3.140000
 23 3.160000
 24 3.140000
 25 3.020000
 26 3.030000
 27 3.010000
 28 2.980000
 29 3.050000
 30 3.010000
 31 3.110000
 32 2.980000
 33 3.140000
 34 3.110000
 35 3.140000
 36 2.910000
 37 2.720000
 38 2.310000
 39 2.140000
 40 2.170000
 41 2.170000
 42 2.150000
 43 2.130000
 44 2.140000
 45 2.140000
 46 2.150000
 47 2.150000
 48 2.150000
 49 2.150000
 50 2.150000
 51 2.150000
 52 2.220000
 53 2.290000
 54 2.240000
 55 2.210000
 56 2.190000
 57 2.190000
 58 2.190000
 59 2.190000
 60 2.200000
 61 2.200000
 62 2.220000
 63 2.210000
 64 2.180000
 65 2.190000
 66 2.190000
 67 2.160000
 68 2.210000
 69 2.220000
 70 2.200000
 71 2.220000
 72 2.210000
 73 2.210000
 74 2.210000
 75 2.210000
 76 2.260000
 77 2.330000
 78 2.210000
 79 2.200000
 80 2.170000
 81 2.200000
 82 2.210000
 83 2.220000
 84 2.250000
 85 2.250000
 86 2.240000
 87 2.230000
 88 2.230000
 89 2.240000
 90 2.260000
 91 2.270000
 92 2.250000
 93 2.280000
 94 2.240000
 95 2.240000
 96 2.240000
 97 2.210000
 98 2.250000
 99 2.220000
 100 2.240000
 101 2.280000
 102 2.280000
 103 2.310000
 104 2.310000
 105 2.320000
 106 2.300000
 107 2.300000
 108 2.310000
 109 2.330000
 110 2.310000
 111 2.330000
 112 2.340000
 113 2.350000
 114 2.350000
 115 2.350000
 116 2.340000
 117 2.330000
 118 2.360000
 119 2.350000
 120 2.470000
 121 2.390000
 122 2.350000
 123 2.310000
 124 2.320000
 125 2.310000
 126 2.330000
 127 2.400000
 128 2.370000
 129 2.400000
 130 2.410000
 131 2.410000
 132 2.400000
 133 2.410000
 134 2.430000
 135 2.390000
 136 2.410000
 137 2.390000
 138 2.390000
 139 2.400000
 140 2.410000
 141 2.410000
 142 2.430000
 143 2.420000
 144 2.440000
 145 2.490000
 146 3.590000
 147 3.570000
 148 3.630000
 149 3.510000
 150 3.610000
 151 3.600000
 152 3.600000
 153 3.590000
 154 3.510000
 155 3.450000
 156 3.440000
 157 3.440000
 158 3.420000
 159 3.430000
 160 3.430000
 161 3.440000
 162 3.420000
 163 3.420000
 164 3.430000
 165 3.470000
 166 3.450000
 167 3.480000
 168 3.520000
 169 3.670000
 170 3.740000
 171 3.710000
 172 3.750000
 173 3.750000
 174 3.790000
 175 3.810000
 176 3.800000
 177 3.830000
 178 3.860000
 179 3.880000
 180 3.890000
 181 3.870000
 182 3.890000
 183 3.900000
 184 3.900000
 185 3.930000
 186 3.930000
 187 3.940000
 188 3.920000
 189 3.960000
 190 3.980000
 191 3.980000
 192 4.000000
 193 3.980000
 194 3.990000
 195 4.010000
 196 4.080000
 197 3.980000
 198 4.070000
 199 4.130000
 200 4.120000
 201 4.160000
 202 4.080000
 203 4.110000
 204 4.110000
 205 4.150000
 206 4.130000
 207 4.130000
 208 4.270000
 209 4.160000
 210 4.210000
 211 4.180000
 212 4.230000
 213 4.230000
 214 4.260000
 215 4.250000
 216 4.280000
 217 4.280000
 218 4.300000
 219 4.330000
 220 4.350000
 221 4.330000
 222 4.360000
 223 4.380000
 224 4.480000
 225 4.430000
 226 4.430000
 227 4.240000
 228 4.210000
 229 4.510000
 230 4.480000
 231 4.530000
 232 4.560000
 233 4.580000
 234 4.580000
 235 4.710000
 236 4.720000
 237 4.770000
 238 4.760000
 239 4.790000
 240 4.710000
 241 4.730000
 242 4.760000
 243 4.780000
 244 4.870000
 245 4.940000
 246 4.930000
 247 4.990000
 248 4.900000
 249 5.040000
 250 4.980000
 251 4.970000
 252 4.960000
 253 4.960000
 254 4.930000
 255 4.960000
 256 4.880000
 257 4.880000
 258 4.910000
 259 4.850000
 260 4.790000
 261 4.780000
 262 4.790000
 263 4.680000
 264 4.680000
 265 4.640000
 266 5.070000
 267 5.370000
 268 5.350000
 269 5.350000
 270 5.320000
 271 5.320000
 272 5.320000
 273 5.300000
 274 4.630000
 275 4.610000
 276 4.640000
 277 5.210000
 278 5.250000
 279 5.230000
 280 5.230000
 281 5.210000
 282 5.190000
 283 5.220000
 284 5.220000
 285 5.220000
 286 5.130000
 287 5.120000
 288 5.200000
 289 5.220000
 290 5.200000
 291 5.200000
 292 5.170000
 293 5.190000
 294 5.170000
 295 5.150000
 296 5.150000
 297 5.120000
 298 5.150000
 299 4.470000
 300 4.380000
 301 4.380000
 302 4.440000
 303 5.100000
 304 5.100000
 305 5.070000
 306 5.070000
 307 5.050000
 308 5.050000
 309 4.900000
 310 4.910000
 311 4.910000
 312 5.020000
 313 5.020000
 314 5.000000
 315 5.000000
 316 4.970000
 317 5.000000
 318 4.970000
 319 4.950000
 320 4.950000
 321 4.970000
 322 4.950000
 323 4.920000
 324 3.370000
 325 3.290000
 326 3.260000
 327 3.260000
 328 3.270000
 329 3.240000
 330 2.730000
 331 2.700000
 332 2.720000
 333 2.720000
 334 2.720000
 335 2.720000
 336 2.690000
 337 2.340000
 338 2.200000
 339 2.160000
 340 2.140000
 341 2.160000
 342 2.160000
 343 2.160000
 344 2.160000
 345 2.160000
 346 2.190000
 347 2.200000
 348 3.490000
 349 3.340000
 350 3.340000
 351 3.340000
 352 3.340000
 353 3.340000
 354 3.360000
 355 4.930000
 356 4.990000
 357 5.040000
 358 2.840000
 359 2.820000
 360 2.760000
 361 2.790000
 362 2.790000
 363 2.790000
 364 2.810000
 365 2.790000
 366 2.820000
 367 4.640000
 368 4.680000
 369 4.090000
 370 4.070000
 371 3.980000
 372 3.480000
 373 2.280000
 374 2.260000
 375 2.260000
 376 2.260000
 377 2.260000
 378 2.260000
 379 2.260000
 380 2.260000
 381 2.260000
 382 2.270000
 383 5.030000
 384 5.040000
 385 5.070000
 386 2.940000
 387 2.920000
 388 2.910000
 389 2.890000
 390 2.910000
 391 2.910000
 392 2.910000
 393 2.950000
 394 4.230000
 395 4.930000
 396 4.900000
 397 4.780000
 398 4.800000
 399 4.780000
 400 4.700000
 401 4.660000
 402 4.660000
 403 4.630000
 404 2.460000
 405 2.440000
 406 2.410000
 407 2.410000
 408 2.390000
 409 2.390000
 410 2.410000
 411 2.410000
 412 2.410000
 413 2.410000
 414 2.490000
 415 4.250000
 416 4.310000
 417 4.440000
 418 4.420000
 419 4.370000
 420 4.260000
 421 4.290000
 422 4.340000
 423 4.330000
 424 4.360000
 425 4.310000
 426 4.280000
 427 4.260000
 428 3.950000
 429 3.790000
 430 3.690000
 431 3.660000
 432 3.690000
 433 3.640000
 434 3.610000
 435 3.620000
 436 3.590000
 437 3.540000
 438 3.550000
 439 3.550000
 440 3.530000
 441 3.530000
 442 3.530000
 443 3.510000
 444 3.510000
 445 3.610000
 446 3.590000
 447 3.590000
 448 3.590000
 449 3.590000
 450 3.590000
 451 3.570000
 452 3.550000
 453 3.590000
 454 3.610000
 455 3.580000
 456 3.580000
 457 3.540000
 458 3.540000
 459 3.540000
 460 3.530000
 461 3.540000
 462 3.540000
 463 3.540000
 464 3.540000
 465 3.540000
 466 3.560000
 467 3.540000
 468 3.500000
 469 3.510000
 470 3.500000
 471 3.480000
 472 3.480000
 473 3.490000
 474 3.490000
 475 3.480000
 476 3.480000
 477 3.450000
 478 3.450000
 479 3.460000
 480 3.440000
 481 3.430000
 482 3.410000
 483 3.410000
 484 3.380000
 485 3.390000
 486 3.360000
 487 3.340000
 488 3.310000
 489 3.290000
 490 3.290000
 491 3.280000
 492 3.210000
 493 3.210000
 494 3.210000
 495 3.210000
 496 3.160000
 497 3.140000
 498 3.130000
 499 3.130000
 500 3.110000
 501 3.110000
 502 3.090000
 503 3.090000
 504 3.080000
 505 3.060000
 506 3.070000
 507 3.090000
 508 3.050000
 509 3.080000
 510 3.080000
 511 3.040000
 512 3.070000
 513 3.090000
 514 3.070000
 515 3.090000
 516 3.110000
 517 3.110000
 518 3.100000
 519 3.120000
 520 3.160000
 521 3.120000
 522 3.120000
 523 3.180000
 524 3.150000
 525 3.090000
 526 3.110000
 527 3.130000
 528 3.090000
 529 3.110000
 530 3.090000
 531 3.040000
 532 3.070000
 533 3.040000
 534 3.060000
 535 3.060000
 536 3.010000
 537 3.020000
 538 3.040000
 539 3.040000
 540 3.040000
 541 3.020000
 542 3.040000
 543 3.040000
 544 2.430000
 545 2.410000
 546 3.020000
 547 3.040000
 548 3.040000
 549 3.060000
 550 3.060000
 551 3.070000
 552 3.090000
 553 3.090000
 554 3.120000
 555 3.090000
 556 3.090000
 557 3.090000
 558 3.090000
 559 3.090000
 560 3.090000
 561 2.090000
 562 2.110000
 563 2.070000
 564 2.040000
 565 1.800000
 566 1.810000
 567 1.810000
 568 1.790000
 569 1.820000
 570 1.820000
 571 1.820000
 572 1.820000
 573 1.850000
 574 1.850000
 575 1.850000
 576 1.870000
 577 1.850000
 578 1.900000
 579 1.900000
 580 1.900000
 581 1.900000
 582 1.920000
 583 1.920000
 584 1.950000
 585 1.950000
 586 1.950000
 587 1.970000
 588 2.000000
 589 2.000000
 590 2.000000
 591 2.020000
 592 2.020000
 593 2.080000
 594 2.060000
 595 2.110000
 596 2.110000
 597 2.130000
 598 2.130000
 599 2.160000
 600 2.180000
 601 2.180000
 602 2.210000
 603 2.210000
 604 2.230000
 605 2.230000
 606 2.260000
 607 2.260000
 608 2.280000
 609 2.250000
 610 2.280000
 611 2.310000
 612 2.330000
 613 2.330000
 614 2.370000
 615 2.340000
 616 2.340000
 617 2.330000
 618 2.380000
 619 2.360000
 620 2.380000
 621 2.410000
 622 2.410000
 623 1.460000
 624 1.490000
 625 1.460000
 626 1.490000
 627 1.480000
 628 1.470000
 629 1.490000
 630 1.520000
 631 1.520000
 632 1.520000
 633 1.520000
 634 1.540000
 635 1.540000
 636 1.590000
 637 1.590000
 638 1.590000
 639 1.580000
 640 1.620000
 641 1.630000
 642 1.630000
 643 1.630000
 644 1.660000
 645 1.680000
 646 1.680000
 647 1.710000
 648 1.730000
 649 1.730000
 650 1.760000
 651 1.780000
 652 1.810000
 653 1.810000
 654 1.830000
 655 1.830000
 656 1.860000
 657 1.910000
 658 1.880000
 659 1.910000
 660 1.960000
 661 1.960000
 662 1.980000
 663 2.010000
 664 3.400000
 665 3.390000
 666 3.390000
 667 3.370000
 668 3.340000
 669 3.350000
 670 3.340000
 671 3.320000
 672 3.290000
 673 3.270000
 674 3.270000
 675 3.270000
 676 3.250000
 677 3.250000
 678 3.240000
 679 3.270000
 680 3.270000
 681 3.270000
 682 3.270000
 683 3.270000
 684 3.270000
 685 3.270000
 686 3.280000
 687 3.280000
 688 3.290000
 689 3.300000
 690 3.340000
 691 3.330000
 692 3.330000
 693 3.320000
 694 3.330000
 695 3.340000
 696 3.340000
 697 3.340000
 698 3.390000
 699 3.380000
 700 3.370000
 701 3.390000
 702 3.420000
 703 3.440000
 704 3.440000
 705 3.440000
 706 3.450000
 707 3.460000
 708 2.930000
 709 2.930000
 710 3.370000
 711 3.540000
 712 3.590000
 713 3.620000
 714 3.640000
 715 3.610000
 716 3.650000
 717 3.650000
 718 3.680000
 719 3.740000
 720 3.740000
 721 3.730000
 722 3.770000
 723 3.790000
 724 3.790000
 725 3.790000
 726 3.790000
 727 3.810000
 728 3.810000
 729 3.830000
 730 3.840000
 731 3.840000
 732 3.830000
 733 3.840000
 734 3.890000
 735 3.890000
 736 3.940000
 737 3.920000
 738 3.940000
 739 3.980000
 740 3.980000
 741 3.410000
 742 3.370000
 743 2.970000
 744 2.930000
 745 1.530000
 746 1.560000
 747 1.560000
 748 1.540000
 749 1.540000
 750 1.560000
 751 1.560000
 752 1.560000
 753 1.540000
 754 1.540000
 755 1.540000
 756 1.510000
 757 1.520000
 758 4.080000
 759 4.090000
 760 4.080000
 0 3.140000
 1 3.110000
 2 3.110000
 3 3.030000
 4 3.140000
 5 3.110000
 6 3.010000
 7 3.080000
 8 3.060000
 9 3.050000
 10 3.050000
 11 3.190000
 12 3.160000
 13 3.030000
 14 3.160000
 15 3.160000
 16 3.060000
 17 3.030000
 18 3.190000
 19 3.140000
 20 3.160000
 21 3.030000
 22 3.140000
 23 3.160000
 24 3.140000
 25 3.030000
 26 3.030000
 27 3.010000
 28 3.010000
 29 3.030000
 30 3.030000
 31 3.110000
 32 3.000000
 33 3.110000
 34 3.110000
 35 2.960000
 36 2.880000
 37 2.720000
 38 2.330000
 39 2.170000
 40 2.170000
 41 2.140000
 42 2.150000
 43 2.130000
 44 2.140000
 45 2.140000
 46 2.120000
 47 2.150000
 48 2.150000
 49 2.150000
 50 2.150000
 51 2.170000
 52 2.220000
 53 2.260000
 54 2.240000
 55 2.180000
 56 2.190000
 57 2.190000
 58 2.190000
 59 2.210000
 60 2.200000
 61 2.200000
 62 2.220000
 63 2.190000
 64 2.210000
 65 2.190000
 66 2.170000
 67 2.190000
 68 2.210000
 69 2.220000
 70 2.230000
 71 2.220000
 72 2.210000
 73 2.210000
 74 2.230000
 75 2.210000
 76 2.260000
 77 2.350000
 78 2.210000
 79 2.200000
 80 2.200000
 81 2.200000
 82 2.210000
 83 2.240000
 84 2.250000
 85 2.250000
 86 2.260000
 87 2.260000
 88 2.230000
 89 2.240000
 90 2.260000
 91 2.270000
 92 2.250000
 93 2.280000
 94 2.260000
 95 2.240000
 96 2.240000
 97 2.210000
 98 2.250000
 99 2.250000
 100 2.240000
 101 2.280000
 102 2.280000
 103 2.280000
 104 2.310000
 105 2.320000
 106 2.320000
 107 2.320000
 108 2.310000
 109 2.310000
 110 2.310000
 111 2.310000
 112 2.310000
 113 2.320000
 114 2.320000
 115 2.320000
 116 2.340000
 117 2.330000
 118 2.360000
 119 2.350000
 120 2.470000
 121 2.370000
 122 2.350000
 123 2.310000
 124 2.320000
 125 2.310000
 126 2.360000
 127 2.370000
 128 2.370000
 129 2.400000
 130 2.390000
 131 2.410000
 132 2.420000
 133 2.410000
 134 2.400000
 135 2.410000
 136 2.390000
 137 2.410000
 138 2.390000
 139 2.400000
 140 2.390000
 141 2.410000
 142 2.430000
 143 2.430000
 144 2.440000
 145 2.460000
 146 3.590000
 147 3.570000
 148 3.630000
 149 3.510000
 150 3.610000
 151 3.600000
 152 3.570000
 153 3.570000
 154 3.500000
 155 3.450000
 156 3.440000
 157 3.440000
 158 3.430000
 159 3.440000
 160 3.430000
 161 3.410000
 162 3.420000
 163 3.450000
 164 3.430000
 165 3.460000
 166 3.450000
 167 3.480000
 168 3.520000
 169 3.660000
 170 3.710000
 171 3.710000
 172 3.710000
 173 3.760000
 174 3.790000
 175 3.810000
 176 3.810000
 177 3.850000
 178 3.860000
 179 3.850000
 180 3.860000
 181 3.870000
 182 3.890000
 183 3.880000
 184 3.900000
 185 3.900000
 186 3.920000
 187 3.940000
 188 3.930000
 189 3.930000
 190 3.950000
 191 3.980000
 192 4.000000
 193 4.000000
 194 4.000000
 195 4.030000
 196 4.120000
 197 4.010000
 198 4.050000
 199 4.130000
 200 4.140000
 201 4.190000
 202 4.080000
 203 4.080000
 204 4.130000
 205 4.090000
 206 4.130000
 207 4.160000
 208 4.130000
 209 4.160000
 210 4.180000
 211 4.180000
 212 4.230000
 213 4.230000
 214 4.230000
 215 4.250000
 216 4.250000
 217 4.310000
 218 4.300000
 219 4.330000
 220 4.330000
 221 4.360000
 222 4.360000
 223 4.360000
 224 4.510000
 225 4.430000
 226 4.430000
 227 4.130000
 228 4.190000
 229 4.510000
 230 4.500000
 231 4.530000
 232 4.500000
 233 4.560000
 234 4.580000
 235 4.710000
 236 4.740000
 237 4.770000
 238 4.790000
 239 4.790000
 240 4.710000
 241 4.760000
 242 4.760000
 243 4.780000
 244 4.810000
 245 4.940000
 246 4.950000
 247 4.990000
 248 4.900000
 249 5.020000
 250 4.980000
 251 4.990000
 252 4.960000
 253 4.960000
 254 4.960000
 255 4.930000
 256 4.920000
 257 4.910000
 258 4.880000
 259 4.850000
 260 4.790000
 261 4.780000
 262 4.790000
 263 4.680000
 264 4.680000
 265 4.660000
 266 4.880000
 267 5.370000
 268 5.350000
 269 5.350000
 270 5.320000
 271 5.320000
 272 5.320000
 273 5.270000
 274 4.660000
 275 4.610000
 276 4.640000
 277 5.170000
 278 5.250000
 279 5.220000
 280 5.210000
 281 5.230000
 282 5.190000
 283 5.250000
 284 5.220000
 285 5.250000
 286 5.130000
 287 5.120000
 288 5.220000
 289 5.220000
 290 5.200000
 291 5.200000
 292 5.200000
 293 5.190000
 294 5.170000
 295 5.170000
 296 5.150000
 297 5.150000
 298 5.120000
 299 4.470000
 300 4.410000
 301 4.380000
 302 4.440000
 303 5.100000
 304 5.090000
 305 5.070000
 306 5.050000
 307 5.050000
 308 5.050000
 309 4.920000
 310 4.910000
 311 4.910000
 312 5.020000
 313 5.020000
 314 5.000000
 315 5.000000
 316 4.990000
 317 4.970000
 318 4.970000
 319 4.950000
 320 4.950000
 321 4.970000
 322 4.950000
 323 4.950000
 324 3.370000
 325 3.260000
 326 3.240000
 327 3.260000
 328 3.260000
 329 3.210000
 330 2.740000
 331 2.700000
 332 2.720000
 333 2.700000
 334 2.720000
 335 2.720000
 336 2.690000
 337 2.290000
 338 2.200000
 339 2.160000
 340 2.140000
 341 2.160000
 342 2.160000
 343 2.160000
 344 2.160000
 345 2.160000
 346 2.160000
 347 2.220000
 348 3.470000
 349 3.340000
 350 3.310000
 351 3.340000
 352 3.340000
 353 3.340000
 354 3.330000
 355 4.920000
 356 5.010000
 357 5.040000
 358 2.840000
 359 2.820000
 360 2.790000
 361 2.790000
 362 2.790000
 363 2.790000
 364 2.790000
 365 2.810000
 366 2.820000
 367 4.630000
 368 4.690000
 369 4.090000
 370 4.070000
 371 3.960000
 372 3.480000
 373 2.310000
 374 2.260000
 375 2.260000
 376 2.260000
 377 2.260000
 378 2.260000
 379 2.260000
 380 2.260000
 381 2.290000
 382 2.270000
 383 5.030000
 384 5.040000
 385 5.080000
 386 2.940000
 387 2.940000
 388 2.910000
 389 2.910000
 390 2.910000
 391 2.910000
 392 2.910000
 393 2.920000
 394 4.230000
 395 4.930000
 396 4.870000
 397 4.870000
 398 4.780000
 399 4.730000
 400 4.680000
 401 4.650000
 402 4.650000
 403 4.630000
 404 2.490000
 405 2.470000
 406 2.410000
 407 2.380000
 408 2.390000
 409 2.390000
 410 2.390000
 411 2.410000
 412 2.410000
 413 2.410000
 414 2.490000
 415 4.260000
 416 4.320000
 417 4.470000
 418 4.420000
 419 4.360000
 420 4.290000
 421 4.260000
 422 4.340000
 423 4.360000
 424 4.330000
 425 4.330000
 426 4.280000
 427 4.230000
 428 3.900000
 429 3.790000
 430 3.710000
 431 3.660000
 432 3.670000
 433 3.640000
 434 3.610000
 435 3.590000
 436 3.590000
 437 3.600000
 438 3.580000
 439 3.550000
 440 3.530000
 441 3.530000
 442 3.530000
 443 3.510000
 444 3.510000
 445 3.530000
 446 3.610000
 447 3.610000
 448 3.610000
 449 3.590000
 450 3.590000
 451 3.590000
 452 3.570000
 453 3.580000
 454 3.580000
 455 3.580000
 456 3.550000
 457 3.550000
 458 3.540000
 459 3.540000
 460 3.520000
 461 3.540000
 462 3.540000
 463 3.560000
 464 3.540000
 465 3.560000
 466 3.540000
 467 3.510000
 468 3.540000
 469 3.500000
 470 3.500000
 471 3.480000
 472 3.500000
 473 3.490000
 474 3.470000
 475 3.490000
 476 3.470000
 477 3.450000
 478 3.460000
 479 3.430000
 480 3.430000
 481 3.460000
 482 3.410000
 483 3.410000
 484 3.410000
 485 3.390000
 486 3.360000
 487 3.360000
 488 3.300000
 489 3.280000
 490 3.280000
 491 3.280000
 492 3.200000
 493 3.210000
 494 3.180000
 495 3.210000
 496 3.190000
 497 3.130000
 498 3.130000
 499 3.120000
 500 3.110000
 501 3.110000
 502 3.080000
 503 3.090000
 504 3.080000
 505 3.060000
 506 3.070000
 507 3.080000
 508 3.060000
 509 3.080000
 510 3.080000
 511 3.070000
 512 3.090000
 513 3.080000
 514 3.090000
 515 3.090000
 516 3.110000
 517 3.100000
 518 3.110000
 519 3.140000
 520 3.120000
 521 3.130000
 522 3.120000
 523 3.150000
 524 3.120000
 525 3.090000
 526 3.110000
 527 3.110000
 528 3.090000
 529 3.110000
 530 3.090000
 531 3.040000
 532 3.040000
 533 3.040000
 534 3.060000
 535 3.040000
 536 3.010000
 537 3.020000
 538 3.040000
 539 3.040000
 540 3.050000
 541 3.040000
 542 3.040000
 543 3.040000
 544 2.430000
 545 2.410000
 546 3.070000
 547 3.070000
 548 3.040000
 549 3.070000
 550 3.070000
 551 3.070000
 552 3.070000
 553 3.070000
 554 3.070000
 555 3.090000
 556 3.090000
 557 3.090000
 558 3.090000
 559 3.090000
 560 3.090000
 561 2.070000
 562 2.090000
 563 2.070000
 564 2.030000
 565 1.830000
 566 1.810000
 567 1.800000
 568 1.820000
 569 1.800000
 570 1.800000
 571 1.820000
 572 1.820000
 573 1.850000
 574 1.850000
 575 1.850000
 576 1.870000
 577 1.870000
 578 1.900000
 579 1.900000
 580 1.900000
 581 1.920000
 582 1.920000
 583 1.950000
 584 1.950000
 585 1.950000
 586 1.970000
 587 1.970000
 588 2.000000
 589 2.000000
 590 2.000000
 591 2.020000
 592 2.020000
 593 2.060000
 594 2.080000
 595 2.080000
 596 2.110000
 597 2.110000
 598 2.160000
 599 2.160000
 600 2.160000
 601 2.180000
 602 2.180000
 603 2.230000
 604 2.210000
 605 2.210000
 606 2.260000
 607 2.260000
 608 2.280000
 609 2.270000
 610 2.280000
 611 2.310000
 612 2.330000
 613 2.360000
 614 2.350000
 615 2.360000
 616 2.360000
 617 2.330000
 618 2.350000
 619 2.360000
 620 2.380000
 621 2.410000
 622 2.410000
 623 1.460000
 624 1.480000
 625 1.480000
 626 1.460000
 627 1.480000
 628 1.490000
 629 1.490000
 630 1.520000
 631 1.520000
 632 1.520000
 633 1.540000
 634 1.540000
 635 1.570000
 636 1.570000
 637 1.590000
 638 1.590000
 639 1.620000
 640 1.620000
 641 1.640000
 642 1.630000
 643 1.660000
 644 1.680000
 645 1.680000
 646 1.680000
 647 1.710000
 648 1.730000
 649 1.730000
 650 1.760000
 651 1.780000
 652 1.780000
 653 1.810000
 654 1.830000
 655 1.830000
 656 1.860000
 657 1.880000
 658 1.880000
 659 1.930000
 660 1.930000
 661 1.980000
 662 1.980000
 663 2.010000
 664 3.390000
 665 3.390000
 666 3.390000
 667 3.370000
 668 3.340000
 669 3.340000
 670 3.320000
 671 3.290000
 672 3.290000
 673 3.270000
 674 3.270000
 675 3.270000
 676 3.240000
 677 3.280000
 678 3.270000
 679 3.240000
 680 3.270000
 681 3.290000
 682 3.240000
 683 3.270000
 684 3.270000
 685 3.240000
 686 3.270000
 687 3.290000
 688 3.300000
 689 3.300000
 690 3.320000
 691 3.330000
 692 3.350000
 693 3.320000
 694 3.350000
 695 3.340000
 696 3.340000
 697 3.340000
 698 3.390000
 699 3.370000
 700 3.370000
 701 3.390000
 702 3.420000
 703 3.440000
 704 3.440000
 705 3.470000
 706 3.450000
 707 3.470000
 708 2.940000
 709 2.930000
 710 3.390000
 711 3.540000
 712 3.590000
 713 3.590000
 714 3.620000
 715 3.640000
 716 3.650000
 717 3.680000
 718 3.670000
 719 3.700000
 720 3.710000
 721 3.740000
 722 3.760000
 723 3.740000
 724 3.780000
 725 3.790000
 726 3.790000
 727 3.820000
 728 3.840000
 729 3.800000
 730 3.820000
 731 3.840000
 732 3.830000
 733 3.840000
 734 3.890000
 735 3.920000
 736 3.920000
 737 3.940000
 738 3.960000
 739 3.960000
 740 3.980000
 741 3.410000
 742 3.380000
 743 2.970000
 744 2.950000
 745 1.530000
 746 1.560000
 747 1.540000
 748 1.540000
 749 1.560000
 750 1.540000
 751 1.540000
 752 1.540000
 753 1.540000
 754 1.540000
 755 1.530000
 756 1.520000
 757 1.550000
 758 4.090000
 759 4.090000
 760 4.060000
 0 3.140000
 1 3.110000
 2 3.140000
 3 3.030000
 4 3.140000
 5 3.110000
 6 3.030000
 7 3.060000
 8 3.040000
 9 3.070000
 10 3.050000
 11 3.190000
 12 3.190000
 13 3.020000
 14 3.140000
 15 3.160000
 16 3.060000
 17 3.060000
 18 3.010000
 19 3.140000
 20 3.160000
 21 3.030000
 22 3.140000
 23 3.160000
 24 3.160000
 25 3.020000
 26 3.000000
 27 3.030000
 28 2.980000
 29 3.020000
 30 3.010000
 31 3.110000
 32 3.000000
 33 3.140000
 34 3.110000
 35 2.980000
 36 2.900000
 37 2.710000
 38 2.330000
 39 2.180000
 40 2.160000
 41 2.140000
 42 2.150000
 43 2.130000
 44 2.160000
 45 2.140000
 46 2.150000
 47 2.120000
 48 2.150000
 49 2.150000
 50 2.150000
 51 2.150000
 52 2.250000
 53 2.290000
 54 2.240000
 55 2.180000
 56 2.190000
 57 2.190000
 58 2.190000
 59 2.190000
 60 2.200000
 61 2.230000
 62 2.200000
 63 2.210000
 64 2.200000
 65 2.160000
 66 2.170000
 67 2.190000
 68 2.210000
 69 2.230000
 70 2.230000
 71 2.230000
 72 2.210000
 73 2.210000
 74 2.210000
 75 2.210000
 76 2.260000
 77 2.330000
 78 2.210000
 79 2.170000
 80 2.170000
 81 2.200000
 82 2.180000
 83 2.210000
 84 2.250000
 85 2.250000
 86 2.250000
 87 2.230000
 88 2.250000
 89 2.240000
 90 2.240000
 91 2.270000
 92 2.270000
 93 2.280000
 94 2.240000
 95 2.240000
 96 2.240000
 97 2.240000
 98 2.220000
 99 2.250000
 100 2.240000
 101 2.300000
 102 2.280000
 103 2.280000
 104 2.300000
 105 2.300000
 106 2.300000
 107 2.320000
 108 2.290000
 109 2.300000
 110 2.300000
 111 2.300000
 112 2.310000
 113 2.350000
 114 2.320000
 115 2.320000
 116 2.340000
 117 2.330000
 118 2.330000
 119 2.350000
 120 2.470000
 121 2.360000
 122 2.350000
 123 2.310000
 124 2.320000
 125 2.340000
 126 2.350000
 127 2.370000
 128 2.400000
 129 2.400000
 130 2.390000
 131 2.390000
 132 2.400000
 133 2.410000
 134 2.420000
 135 2.410000
 136 2.390000
 137 2.390000
 138 2.390000
 139 2.370000
 140 2.390000
 141 2.390000
 142 2.430000
 143 2.420000
 144 2.420000
 145 2.480000
 146 3.590000
 147 3.570000
 148 3.630000
 149 3.480000
 150 3.580000
 151 3.600000
 152 3.590000
 153 3.590000
 154 3.480000
 155 3.450000
 156 3.410000
 157 3.420000
 158 3.400000
 159 3.410000
 160 3.420000
 161 3.430000
 162 3.410000
 163 3.420000
 164 3.460000
 165 3.460000
 166 3.480000
 167 3.510000
 168 3.520000
 169 3.680000
 170 3.730000
 171 3.700000
 172 3.720000
 173 3.770000
 174 3.790000
 175 3.780000
 176 3.800000
 177 3.850000
 178 3.860000
 179 3.870000
 180 3.860000
 181 3.890000
 182 3.890000
 183 3.910000
 184 3.930000
 185 3.920000
 186 3.920000
 187 3.940000
 188 3.950000
 189 3.960000
 190 3.960000
 191 3.980000
 192 3.980000
 193 3.980000
 194 4.000000
 195 4.000000
 196 4.080000
 197 4.010000
 198 4.080000
 199 4.130000
 200 4.140000
 201 4.180000
 202 4.080000
 203 4.080000
 204 4.110000
 205 4.120000
 206 4.130000
 207 4.130000
 208 4.260000
 209 4.180000
 210 4.180000
 211 4.180000
 212 4.230000
 213 4.230000
 214 4.230000
 215 4.220000
 216 4.250000
 217 4.310000
 218 4.300000
 219 4.330000
 220 4.320000
 221 4.360000
 222 4.360000
 223 4.380000
 224 4.500000
 225 4.430000
 226 4.430000
 227 4.230000
 228 4.180000
 229 4.510000
 230 4.500000
 231 4.530000
 232 4.520000
 233 4.580000
 234 4.580000
 235 4.710000
 236 4.710000
 237 4.740000
 238 4.760000
 239 4.790000
 240 4.710000
 241 4.730000
 242 4.780000
 243 4.780000
 244 4.810000
 245 4.930000
 246 4.950000
 247 4.990000
 248 4.890000
 249 5.010000
 250 4.980000
 251 4.960000
 252 4.980000
 253 4.960000
 254 4.960000
 255 4.930000
 256 4.910000
 257 4.880000
 258 4.910000
 259 4.840000
 260 4.820000
 261 4.800000
 262 4.790000
 263 4.680000
 264 4.680000
 265 4.660000
 266 5.070000
 267 5.370000
 268 5.370000
 269 5.350000
 270 5.350000
 271 5.320000
 272 5.300000
 273 5.300000
 274 4.630000
 275 4.600000
 276 4.640000
 277 5.200000
 278 5.220000
 279 5.230000
 280 5.200000
 281 5.180000
 282 5.190000
 283 5.220000
 284 5.220000
 285 5.240000
 286 5.100000
 287 5.120000
 288 5.200000
 289 5.220000
 290 5.220000
 291 5.200000
 292 5.190000
 293 5.160000
 294 5.170000
 295 5.150000
 296 5.150000
 297 5.150000
 298 5.120000
 299 4.470000
 300 4.380000
 301 4.350000
 302 4.440000
 303 5.100000
 304 5.100000
 305 5.070000
 306 5.060000
 307 5.050000
 308 5.050000
 309 4.930000
 310 4.900000
 311 4.930000
 312 5.000000
 313 5.000000
 314 5.000000
 315 5.000000
 316 4.960000
 317 4.960000
 318 4.960000
 319 4.950000
 320 4.920000
 321 4.940000
 322 4.950000
 323 4.950000
 324 3.360000
 325 3.260000
 326 3.270000
 327 3.260000
 328 3.260000
 329 3.240000
 330 2.740000
 331 2.700000
 332 2.700000
 333 2.720000
 334 2.720000
 335 2.720000
 336 2.740000
 337 2.240000
 338 2.200000
 339 2.150000
 340 2.160000
 341 2.140000
 342 2.160000
 343 2.160000
 344 2.160000
 345 2.160000
 346 2.160000
 347 2.190000
 348 3.490000
 349 3.340000
 350 3.340000
 351 3.340000
 352 3.340000
 353 3.340000
 354 3.330000
 355 4.950000
 356 4.980000
 357 5.040000
 358 2.850000
 359 2.790000
 360 2.760000
 361 2.810000
 362 2.790000
 363 2.760000
 364 2.790000
 365 2.790000
 366 2.810000
 367 4.660000
 368 4.690000
 369 4.080000
 370 4.070000
 371 3.960000
 372 3.480000
 373 2.280000
 374 2.260000
 375 2.250000
 376 2.260000
 377 2.250000
 378 2.250000
 379 2.240000
 380 2.260000
 381 2.250000
 382 2.260000
 383 5.030000
 384 5.070000
 385 5.080000
 386 2.940000
 387 2.950000
 388 2.880000
 389 2.910000
 390 2.910000
 391 2.910000
 392 2.940000
 393 2.920000
 394 4.230000
 395 4.930000
 396 4.900000
 397 4.840000
 398 4.830000
 399 4.750000
 400 4.700000
 401 4.690000
 402 4.680000
 403 4.650000
 404 2.520000
 405 2.440000
 406 2.410000
 407 2.400000
 408 2.390000
 409 2.390000
 410 2.410000
 411 2.400000
 412 2.400000
 413 2.400000
 414 2.480000
 415 4.250000
 416 4.340000
 417 4.440000
 418 4.420000
 419 4.390000
 420 4.280000
 421 4.280000
 422 4.320000
 423 4.360000
 424 4.330000
 425 4.310000
 426 4.310000
 427 4.260000
 428 3.980000
 429 3.840000
 430 3.740000
 431 3.690000
 432 3.690000
 433 3.640000
 434 3.640000
 435 3.620000
 436 3.590000
 437 3.540000
 438 3.610000
 439 3.550000
 440 3.550000
 441 3.520000
 442 3.530000
 443 3.530000
 444 3.530000
 445 3.510000
 446 3.610000
 447 3.610000
 448 3.610000
 449 3.580000
 450 3.580000
 451 3.570000
 452 3.580000
 453 3.570000
 454 3.610000
 455 3.580000
 456 3.570000
 457 3.570000
 458 3.540000
 459 3.510000
 460 3.520000
 461 3.540000
 462 3.540000
 463 3.530000
 464 3.530000
 465 3.560000
 466 3.530000
 467 3.500000
 468 3.530000
 469 3.530000
 470 3.500000
 471 3.510000
 472 3.500000
 473 3.480000
 474 3.480000
 475 3.480000
 476 3.460000
 477 3.450000
 478 3.420000
 479 3.430000
 480 3.460000
 481 3.430000
 482 3.430000
 483 3.410000
 484 3.410000
 485 3.380000
 486 3.350000
 487 3.330000
 488 3.280000
 489 3.300000
 490 3.280000
 491 3.260000
 492 3.190000
 493 3.210000
 494 3.180000
 495 3.180000
 496 3.180000
 497 3.130000
 498 3.130000
 499 3.130000
 500 3.110000
 501 3.110000
 502 3.080000
 503 3.080000
 504 3.080000
 505 3.080000
 506 3.080000
 507 3.080000
 508 3.080000
 509 3.080000
 510 3.070000
 511 3.040000
 512 3.070000
 513 3.070000
 514 3.070000
 515 3.090000
 516 3.110000
 517 3.110000
 518 3.090000
 519 3.130000
 520 3.130000
 521 3.130000
 522 3.140000
 523 3.140000
 524 3.130000
 525 3.090000
 526 3.130000
 527 3.100000
 528 3.110000
 529 3.110000
 530 3.080000
 531 3.050000
 532 3.050000
 533 3.060000
 534 3.060000
 535 3.060000
 536 3.010000
 537 3.020000
 538 3.030000
 539 3.040000
 540 3.040000
 541 3.040000
 542 3.040000
 543 3.030000
 544 2.430000
 545 2.410000
 546 3.040000
 547 3.070000
 548 3.040000
 549 3.040000
 550 3.030000
 551 3.040000
 552 3.070000
 553 3.090000
 554 3.090000
 555 3.090000
 556 3.090000
 557 3.090000
 558 3.090000
 559 3.120000
 560 3.080000
 561 2.060000
 562 2.080000
 563 2.090000
 564 2.040000
 565 1.800000
 566 1.810000
 567 1.800000
 568 1.790000
 569 1.800000
 570 1.800000
 571 1.850000
 572 1.820000
 573 1.850000
 574 1.850000
 575 1.850000
 576 1.870000
 577 1.870000
 578 1.870000
 579 1.900000
 580 1.900000
 581 1.920000
 582 1.920000
 583 1.950000
 584 1.950000
 585 1.970000
 586 1.950000
 587 1.970000
 588 1.970000
 589 2.000000
 590 2.020000
 591 2.020000
 592 2.050000
 593 2.050000
 594 2.080000
 595 2.080000
 596 2.100000
 597 2.100000
 598 2.130000
 599 2.130000
 600 2.150000
 601 2.180000
 602 2.200000
 603 2.200000
 604 2.230000
 605 2.230000
 606 2.250000
 607 2.250000
 608 2.250000
 609 2.250000
 610 2.280000
 611 2.300000
 612 2.330000
 613 2.350000
 614 2.350000
 615 2.330000
 616 2.330000
 617 2.330000
 618 2.360000
 619 2.360000
 620 2.380000
 621 2.380000
 622 2.430000
 623 1.460000
 624 1.460000
 625 1.450000
 626 1.460000
 627 1.450000
 628 1.460000
 629 1.460000
 630 1.510000
 631 1.510000
 632 1.510000
 633 1.510000
 634 1.540000
 635 1.560000
 636 1.560000
 637 1.580000
 638 1.610000
 639 1.590000
 640 1.640000
 641 1.610000
 642 1.630000
 643 1.660000
 644 1.680000
 645 1.680000
 646 1.710000
 647 1.730000
 648 1.730000
 649 1.730000
 650 1.760000
 651 1.760000
 652 1.810000
 653 1.810000
 654 1.810000
 655 1.860000
 656 1.860000
 657 1.880000
 658 1.910000
 659 1.930000
 660 1.960000
 661 1.960000
 662 2.000000
 663 2.010000
 664 3.400000
 665 3.400000
 666 3.370000
 667 3.370000
 668 3.370000
 669 3.340000
 670 3.340000
 671 3.320000
 672 3.290000
 673 3.270000
 674 3.240000
 675 3.270000
 676 3.240000
 677 3.250000
 678 3.270000
 679 3.240000
 680 3.270000
 681 3.270000
 682 3.270000
 683 3.240000
 684 3.240000
 685 3.280000
 686 3.270000
 687 3.280000
 688 3.270000
 689 3.300000
 690 3.290000
 691 3.320000
 692 3.330000
 693 3.320000
 694 3.340000
 695 3.320000
 696 3.370000
 697 3.340000
 698 3.370000
 699 3.370000
 700 3.390000
 701 3.390000
 702 3.420000
 703 3.420000
 704 3.440000
 705 3.440000
 706 3.440000
 707 3.490000
 708 2.940000
 709 2.920000
 710 3.360000
 711 3.540000
 712 3.590000
 713 3.590000
 714 3.620000
 715 3.610000
 716 3.650000
 717 3.680000
 718 3.680000
 719 3.730000
 720 3.710000
 721 3.740000
 722 3.790000
 723 3.760000
 724 3.760000
 725 3.790000
 726 3.790000
 727 3.790000
 728 3.810000
 729 3.810000
 730 3.840000
 731 3.840000
 732 3.830000
 733 3.840000
 734 3.890000
 735 3.910000
 736 3.920000
 737 3.920000
 738 3.960000
 739 3.950000
 740 3.990000
 741 3.410000
 742 3.380000
 743 2.940000
 744 2.930000
 745 1.530000
 746 1.550000
 747 1.560000
 748 1.540000
 749 1.540000
 750 1.550000
 751 1.560000
 752 1.540000
 753 1.540000
 754 1.540000
 755 1.500000
 756 1.520000
 757 1.540000
 758 4.080000
 759 4.060000
 760 4.080000
 0 3.140000
 1 3.110000
 2 3.110000
 3 3.030000
 4 3.140000
 5 3.140000
 6 3.000000
 7 3.050000
 8 3.030000
 9 3.010000
 10 3.070000
 11 3.190000
 12 3.160000
 13 3.050000
 14 3.160000
 15 3.160000
 16 3.050000
 17 3.030000
 18 3.160000
 19 3.140000
 20 3.140000
 21 3.030000
 22 3.140000
 23 3.140000
 24 3.140000
 25 3.020000
 26 3.020000
 27 3.030000
 28 2.980000
 29 3.000000
 30 3.000000
 31 3.110000
 32 2.970000
 33 3.140000
 34 3.110000
 35 2.980000
 36 2.900000
 37 2.720000
 38 2.330000
 39 2.180000
 40 2.170000
 41 2.150000
 42 2.150000
 43 2.150000
 44 2.140000
 45 2.160000
 46 2.150000
 47 2.150000
 48 2.170000
 49 2.150000
 50 2.150000
 51 2.170000
 52 2.250000
 53 2.290000
 54 2.240000
 55 2.200000
 56 2.160000
 57 2.190000
 58 2.210000
 59 2.190000
 60 2.200000
 61 2.200000
 62 2.190000
 63 2.210000
 64 2.200000
 65 2.190000
 66 2.190000
 67 2.190000
 68 2.210000
 69 2.220000
 70 2.230000
 71 2.230000
 72 2.210000
 73 2.210000
 74 2.210000
 75 2.240000
 76 2.240000
 77 2.330000
 78 2.200000
 79 2.170000
 80 2.170000
 81 2.190000
 82 2.200000
 83 2.220000
 84 2.230000
 85 2.280000
 86 2.240000
 87 2.250000
 88 2.250000
 89 2.260000
 90 2.260000
 91 2.270000
 92 2.270000
 93 2.250000
 94 2.240000
 95 2.240000
 96 2.240000
 97 2.210000
 98 2.240000
 99 2.220000
 100 2.240000
 101 2.280000
 102 2.280000
 103 2.300000
 104 2.300000
 105 2.320000
 106 2.290000
 107 2.290000
 108 2.310000
 109 2.300000
 110 2.300000
 111 2.330000
 112 2.340000
 113 2.340000
 114 2.320000
 115 2.320000
 116 2.340000
 117 2.330000
 118 2.330000
 119 2.350000
 120 2.470000
 121 2.360000
 122 2.350000
 123 2.310000
 124 2.320000
 125 2.340000
 126 2.350000
 127 2.370000
 128 2.390000
 129 2.390000
 130 2.390000
 131 2.410000
 132 2.420000
 133 2.410000
 134 2.430000
 135 2.410000
 136 2.410000
 137 2.410000
 138 2.390000
 139 2.390000
 140 2.390000
 141 2.390000
 142 2.430000
 143 2.420000
 144 2.440000
 145 2.480000
 146 3.570000
 147 3.600000
 148 3.600000
 149 3.500000
 150 3.600000
 151 3.600000
 152 3.590000
 153 3.590000
 154 3.510000
 155 3.450000
 156 3.440000
 157 3.420000
 158 3.430000
 159 3.400000
 160 3.420000
 161 3.410000
 162 3.450000
 163 3.420000
 164 3.430000
 165 3.460000
 166 3.480000
 167 3.480000
 168 3.520000
 169 3.650000
 170 3.710000
 171 3.680000
 172 3.730000
 173 3.780000
 174 3.780000
 175 3.820000
 176 3.780000
 177 3.860000
 178 3.860000
 179 3.850000
 180 3.870000
 181 3.890000
 182 3.920000
 183 3.910000
 184 3.900000
 185 3.900000
 186 3.940000
 187 3.940000
 188 3.930000
 189 3.930000
 190 3.980000
 191 3.980000
 192 4.000000
 193 4.000000
 194 3.990000
 195 4.000000
 196 4.080000
 197 3.980000
 198 4.080000
 199 4.110000
 200 4.120000
 201 4.160000
 202 4.100000
 203 4.100000
 204 4.100000
 205 4.120000
 206 4.130000
 207 4.150000
 208 4.150000
 209 4.150000
 210 4.180000
 211 4.180000
 212 4.230000
 213 4.230000
 214 4.230000
 215 4.250000
 216 4.270000
 217 4.280000
 218 4.320000
 219 4.330000
 220 4.320000
 221 4.350000
 222 4.350000
 223 4.350000
 224 4.470000
 225 4.430000
 226 4.430000
 227 4.130000
 228 4.180000
 229 4.500000
 230 4.470000
 231 4.530000
 232 4.520000
 233 4.550000
 234 4.580000
 235 4.710000
 236 4.740000
 237 4.740000
 238 4.760000
 239 4.790000
 240 4.700000
 241 4.730000
 242 4.750000
 243 4.800000
 244 4.800000
 245 4.930000
 246 4.930000
 247 5.020000
 248 4.880000
 249 5.010000
 250 4.980000
 251 4.990000
 252 4.960000
 253 4.960000
 254 4.960000
 255 4.930000
 256 4.910000
 257 4.910000
 258 4.910000
 259 4.850000
 260 4.810000
 261 4.780000
 262 4.770000
 263 4.650000
 264 4.700000
 265 4.660000
 266 5.110000
 267 5.370000
 268 5.370000
 269 5.350000
 270 5.320000
 271 5.320000
 272 5.320000
 273 5.300000
 274 4.630000
 275 4.600000
 276 4.640000
 277 5.200000
 278 5.250000
 279 5.230000
 280 5.220000
 281 5.200000
 282 5.190000
 283 5.230000
 284 5.220000
 285 5.250000
 286 5.130000
 287 5.120000
 288 5.200000
 289 5.220000
 290 5.220000
 291 5.200000
 292 5.200000
 293 5.200000
 294 5.150000
 295 5.170000
 296 5.150000
 297 5.150000
 298 5.150000
 299 4.470000
 300 4.380000
 301 4.380000
 302 4.440000
 303 5.100000
 304 5.070000
 305 5.070000
 306 5.070000
 307 5.070000
 308 5.050000
 309 4.920000
 310 4.880000
 311 4.910000
 312 5.000000
 313 5.020000
 314 5.020000
 315 5.000000
 316 5.000000
 317 4.970000
 318 4.970000
 319 4.950000
 320 4.930000
 321 4.940000
 322 4.950000
 323 4.920000
 324 3.360000
 325 3.260000
 326 3.270000
 327 3.270000
 328 3.290000
 329 3.260000
 330 2.740000
 331 2.690000
 332 2.690000
 333 2.690000
 334 2.720000
 335 2.720000
 336 2.710000
 337 2.260000
 338 2.220000
 339 2.130000
 340 2.140000
 341 2.140000
 342 2.140000
 343 2.140000
 344 2.160000
 345 2.190000
 346 2.160000
 347 2.210000
 348 3.460000
 349 3.340000
 350 3.310000
 351 3.340000
 352 3.310000
 353 3.340000
 354 3.330000
 355 4.950000
 356 4.980000
 357 5.050000
 358 2.840000
 359 2.810000
 360 2.760000
 361 2.790000
 362 2.810000
 363 2.790000
 364 2.790000
 365 2.790000
 366 2.840000
 367 4.630000
 368 4.680000
 369 4.060000
 370 4.070000
 371 3.960000
 372 3.460000
 373 2.310000
 374 2.260000
 375 2.250000
 376 2.240000
 377 2.230000
 378 2.250000
 379 2.260000
 380 2.260000
 381 2.260000
 382 2.270000
 383 5.010000
 384 5.040000
 385 5.070000
 386 2.940000
 387 2.920000
 388 2.900000
 389 2.910000
 390 2.910000
 391 2.910000
 392 2.940000
 393 2.920000
 394 4.200000
 395 4.930000
 396 4.880000
 397 4.750000
 398 4.800000
 399 4.730000
 400 4.680000
 401 4.660000
 402 4.660000
 403 4.630000
 404 2.490000
 405 2.460000
 406 2.410000
 407 2.380000
 408 2.410000
 409 2.390000
 410 2.390000
 411 2.380000
 412 2.400000
 413 2.400000
 414 2.480000
 415 4.250000
 416 4.340000
 417 4.430000
 418 4.420000
 419 4.340000
 420 4.280000
 421 4.260000
 422 4.320000
 423 4.310000
 424 4.330000
 425 4.280000
 426 4.300000
 427 4.230000
 428 3.920000
 429 3.770000
 430 3.690000
 431 3.660000
 432 3.670000
 433 3.670000
 434 3.640000
 435 3.620000
 436 3.570000
 437 3.570000
 438 3.570000
 439 3.520000
 440 3.520000
 441 3.520000
 442 3.530000
 443 3.500000
 444 3.500000
 445 3.500000
 446 3.600000
 447 3.580000
 448 3.610000
 449 3.580000
 450 3.560000
 451 3.590000
 452 3.550000
 453 3.570000
 454 3.580000
 455 3.580000
 456 3.550000
 457 3.570000
 458 3.540000
 459 3.510000
 460 3.520000
 461 3.540000
 462 3.540000
 463 3.560000
 464 3.560000
 465 3.530000
 466 3.530000
 467 3.530000
 468 3.510000
 469 3.500000
 470 3.500000
 471 3.510000
 472 3.510000
 473 3.470000
 474 3.470000
 475 3.460000
 476 3.470000
 477 3.450000
 478 3.480000
 479 3.430000
 480 3.430000
 481 3.430000
 482 3.430000
 483 3.400000
 484 3.370000
 485 3.380000
 486 3.360000
 487 3.330000
 488 3.280000
 489 3.310000
 490 3.280000
 491 3.250000
 492 3.220000
 493 3.210000
 494 3.210000
 495 3.160000
 496 3.170000
 497 3.160000
 498 3.130000
 499 3.110000
 500 3.130000
 501 3.070000
 502 3.070000
 503 3.070000
 504 3.080000
 505 3.060000
 506 3.050000
 507 3.080000
 508 3.060000
 509 3.070000
 510 3.070000
 511 3.070000
 512 3.100000
 513 3.070000
 514 3.090000
 515 3.090000
 516 3.110000
 517 3.090000
 518 3.120000
 519 3.150000
 520 3.120000
 521 3.120000
 522 3.120000
 523 3.150000
 524 3.140000
 525 3.120000
 526 3.110000
 527 3.130000
 528 3.080000
 529 3.080000
 530 3.060000
 531 3.050000
 532 3.040000
 533 3.030000
 534 3.060000
 535 3.030000
 536 3.010000
 537 3.020000
 538 3.030000
 539 3.040000
 540 3.020000
 541 3.040000
 542 3.040000
 543 3.040000
 544 2.430000
 545 2.420000
 546 3.020000
 547 3.040000
 548 3.040000
 549 3.070000
 550 3.070000
 551 3.070000
 552 3.060000
 553 3.090000
 554 3.070000
 555 3.090000
 556 3.090000
 557 3.120000
 558 3.090000
 559 3.070000
 560 3.090000
 561 2.060000
 562 2.080000
 563 2.090000
 564 2.030000
 565 1.800000
 566 1.810000
 567 1.780000
 568 1.790000
 569 1.820000
 570 1.820000
 571 1.820000
 572 1.850000
 573 1.820000
 574 1.850000
 575 1.850000
 576 1.850000
 577 1.870000
 578 1.870000
 579 1.900000
 580 1.900000
 581 1.900000
 582 1.920000
 583 1.920000
 584 1.950000
 585 1.950000
 586 1.970000
 587 1.970000
 588 1.970000
 589 2.000000
 590 2.000000
 591 2.030000
 592 2.030000
 593 2.050000
 594 2.080000
 595 2.080000
 596 2.100000
 597 2.130000
 598 2.130000
 599 2.150000
 600 2.150000
 601 2.180000
 602 2.200000
 603 2.200000
 604 2.210000
 605 2.230000
 606 2.230000
 607 2.250000
 608 2.280000
 609 2.250000
 610 2.250000
 611 2.300000
 612 2.330000
 613 2.330000
 614 2.350000
 615 2.330000
 616 2.330000
 617 2.330000
 618 2.350000
 619 2.350000
 620 2.350000
 621 2.380000
 622 2.430000
 623 1.480000
 624 1.470000
 625 1.450000
 626 1.460000
 627 1.450000
 628 1.460000
 629 1.490000
 630 1.510000
 631 1.510000
 632 1.510000
 633 1.510000
 634 1.540000
 635 1.540000
 636 1.560000
 637 1.590000
 638 1.590000
 639 1.590000
 640 1.610000
 641 1.640000
 642 1.640000
 643 1.660000
 644 1.660000
 645 1.680000
 646 1.710000
 647 1.730000
 648 1.710000
 649 1.730000
 650 1.760000
 651 1.760000
 652 1.810000
 653 1.810000
 654 1.830000
 655 1.830000
 656 1.860000
 657 1.880000
 658 1.910000
 659 1.930000
 660 1.930000
 661 1.960000
 662 1.970000
 663 2.030000
 664 3.390000
 665 3.400000
 666 3.390000
 667 3.370000
 668 3.340000
 669 3.340000
 670 3.340000
 671 3.320000
 672 3.290000
 673 3.270000
 674 3.270000
 675 3.240000
 676 3.240000
 677 3.240000
 678 3.270000
 679 3.240000
 680 3.240000
 681 3.270000
 682 3.260000
 683 3.260000
 684 3.270000
 685 3.250000
 686 3.270000
 687 3.270000
 688 3.300000
 689 3.330000
 690 3.320000
 691 3.330000
 692 3.320000
 693 3.340000
 694 3.340000
 695 3.340000
 696 3.340000
 697 3.370000
 698 3.390000
 699 3.340000
 700 3.420000
 701 3.380000
 702 3.420000
 703 3.430000
 704 3.410000
 705 3.440000
 706 3.480000
 707 3.460000
 708 2.930000
 709 2.920000
 710 3.370000
 711 3.540000
 712 3.560000
 713 3.590000
 714 3.620000
 715 3.630000
 716 3.660000
 717 3.650000
 718 3.680000
 719 3.720000
 720 3.730000
 721 3.730000
 722 3.760000
 723 3.760000
 724 3.780000
 725 3.780000
 726 3.760000
 727 3.810000
 728 3.810000
 729 3.840000
 730 3.820000
 731 3.830000
 732 3.830000
 733 3.830000
 734 3.880000
 735 3.920000
 736 3.940000
 737 3.920000
 738 3.950000
 739 3.980000
 740 3.990000
 741 3.390000
 742 3.390000
 743 2.940000
 744 2.920000
 745 1.530000
 746 1.550000
 747 1.560000
 748 1.540000
 749 1.540000
 750 1.540000
 751 1.540000
 752 1.540000
 753 1.540000
 754 1.540000
 755 1.540000
 756 1.510000
 757 1.540000
 758 4.080000
 759 4.080000
 760 4.080000