
 0 0.920000
 1 0.920000
 2 0.910000
 3 0.900000
 4 0.900000
 5 0.870000
 6 0.880000
 7 0.880000
 8 0.900000
 9 0.870000
 10 0.900000
 11 0.870000
 12 0.850000
 13 0.850000
 14 0.850000
 15 0.850000
 16 0.850000
 17 0.850000
 18 0.850000
 19 0.850000
 20 0.880000
 21 0.850000
 22 0.850000
 23 0.850000
 24 0.850000
 25 0.870000
 26 0.870000
 27 0.920000
 28 0.880000
 29 3.000000
 30 2.990000
 31 3.000000
 32 3.110000
 33 2.980000
 34 3.140000
 35 3.060000
 36 2.900000
 37 2.690000
 38 2.330000
 39 2.170000
 40 2.140000
 41 2.160000
 42 2.150000
 43 2.130000
 44 2.140000
 45 2.140000
 46 2.150000
 47 2.150000
 48 2.150000
 49 2.150000
 50 2.150000
 51 2.170000
 52 2.230000
 53 2.290000
 54 2.240000
 55 2.180000
 56 2.190000
 57 2.160000
 58 2.210000
 59 2.220000
 60 2.230000
 61 2.200000
 62 2.190000
 63 2.210000
 64 2.200000
 65 2.190000
 66 2.190000
 67 2.190000
 68 2.210000
 69 2.220000
 70 2.230000
 71 2.230000
 72 2.210000
 73 2.190000
 74 2.210000
 75 2.210000
 76 2.260000
 77 2.330000
 78 2.210000
 79 2.170000
 80 2.170000
 81 2.190000
 82 2.200000
 83 2.220000
 84 2.250000
 85 2.280000
 86 2.240000
 87 2.230000
 88 2.230000
 89 2.240000
 90 2.240000
 91 2.270000
 92 2.270000
 93 2.280000
 94 2.260000
 95 2.240000
 96 2.240000
 97 2.220000
 98 2.250000
 99 2.220000
 100 2.240000
 101 2.250000
 102 2.280000
 103 2.300000
 104 2.300000
 105 2.290000
 106 2.330000
 107 2.320000
 108 2.310000
 109 2.300000
 110 2.300000
 111 2.330000
 112 2.340000
 113 2.320000
 114 2.320000
 115 2.340000
 116 2.340000
 117 2.330000
 118 2.330000
 119 2.350000
 120 2.470000
 121 2.390000
 122 2.320000
 123 2.310000
 124 2.320000
 125 2.310000
 126 2.350000
 127 2.390000
 128 2.390000
 129 2.390000
 130 2.390000
 131 2.390000
 132 2.420000
 133 2.390000
 134 2.430000
 135 2.410000
 136 2.410000
 137 2.390000
 138 2.390000
 139 2.390000
 140 2.390000
 141 2.390000
 142 2.430000
 143 2.450000
 144 2.420000
 145 2.480000
 146 3.590000
 147 3.570000
 148 3.630000
 149 3.550000
 150 3.650000
 151 3.570000
 152 3.590000
 153 3.560000
 154 3.510000
 155 3.450000
 156 3.420000
 157 3.420000
 158 3.420000
 159 3.400000
 160 3.420000
 161 3.430000
 162 3.400000
 163 3.450000
 164 3.460000
 165 3.440000
 166 3.470000
 167 3.500000
 168 3.520000
 169 3.650000
 170 3.780000
 171 3.660000
 172 3.690000
 173 3.740000
 174 3.770000
 175 3.780000
 176 3.800000
 177 3.820000
 178 3.860000
 179 3.860000
 180 3.860000
 181 3.870000
 182 3.870000
 183 3.880000
 184 3.900000
 185 3.900000
 186 3.920000
 187 3.910000
 188 3.900000
 189 3.930000
 190 3.960000
 191 3.980000
 192 3.980000
 193 3.980000
 194 3.990000
 195 4.030000
 196 4.090000
 197 4.110000
 198 4.050000
 199 4.130000
 200 4.120000
 201 4.180000
 202 4.200000
 203 4.220000
 204 4.100000
 205 4.100000
 206 4.130000
 207 4.130000
 208 4.130000
 209 4.150000
 210 4.150000
 211 4.250000
 212 4.200000
 213 4.230000
 214 4.280000
 215 4.280000
 216 4.270000
 217 4.300000
 218 4.330000
 219 4.330000
 220 4.330000
 221 4.380000
 222 4.350000
 223 4.380000
 224 4.470000
 225 4.400000
 226 4.450000
 227 4.230000
 228 4.180000
 229 4.500000
 230 4.500000
 231 4.530000
 232 4.530000
 233 4.580000
 234 4.580000
 235 4.710000
 236 4.770000
 237 4.740000
 238 4.770000
 239 4.770000
 240 4.700000
 241 4.730000
 242 4.750000
 243 4.800000
 244 4.830000
 245 4.970000
 246 4.930000
 247 5.010000
 248 4.890000
 249 4.980000
 250 4.980000
 251 4.990000
 252 4.960000
 253 4.960000
 254 4.940000
 255 4.930000
 256 4.940000
 257 4.910000
 258 4.780000
 259 4.750000
 260 4.730000
 261 4.700000
 262 4.700000
 263 4.810000
 264 4.780000
 265 4.760000
 266 4.760000
 267 4.720000
 268 4.700000
 269 4.690000
 270 4.670000
 271 4.690000
 272 4.670000
 273 4.650000
 274 4.610000
 275 4.610000
 276 4.620000
 277 4.590000
 278 4.600000
 279 4.570000
 280 4.570000
 281 4.570000
 282 4.530000
 283 4.540000
 284 4.510000
 285 4.490000
 286 4.480000
 287 4.520000
 288 4.510000
 289 4.480000
 290 4.460000
 291 4.460000
 292 4.460000
 293 4.430000
 294 4.440000
 295 4.420000
 296 4.440000
 297 4.450000
 298 4.400000
 299 4.430000
 300 4.400000
 301 4.380000
 302 4.410000
 303 4.280000
 304 4.280000
 305 4.380000
 306 4.410000
 307 4.250000
 308 4.360000
 309 4.370000
 310 4.250000
 311 4.230000
 312 4.220000
 313 4.200000
 314 4.230000
 315 4.200000
 316 4.200000
 317 4.200000
 318 4.200000
 319 4.200000
 320 4.200000
 321 4.180000
 322 4.180000
 323 4.150000
 324 4.180000
 325 4.170000
 326 4.170000
 327 4.170000
 328 4.150000
 329 4.150000
 330 4.150000
 331 4.130000
 332 4.250000
 333 4.240000
 334 4.240000
 335 4.240000
 336 4.230000
 337 4.230000
 338 4.210000
 339 4.200000
 340 4.180000
 341 4.160000
 342 4.180000
 343 4.210000
 344 4.160000
 345 4.230000
 346 4.170000
 347 4.150000
 348 4.120000
 349 4.170000
 350 4.120000
 351 4.080000
 352 4.080000
 353 4.110000
 354 4.070000
 355 4.090000
 356 4.090000
 357 4.080000
 358 4.130000
 359 4.120000
 360 4.100000
 361 4.110000
 362 4.100000
 363 4.120000
 364 4.110000
 365 4.120000
 366 4.050000
 367 4.040000
 368 4.190000
 369 4.670000
 370 2.280000
 371 2.300000
 372 2.280000
 373 2.270000
 374 2.270000
 375 2.340000
 376 2.340000
 377 2.360000
 378 2.360000
 379 2.400000
 380 2.930000
 381 3.450000
 382 3.470000
 383 5.000000
 384 5.030000
 385 5.000000
 386 5.000000
 387 4.330000
 388 4.870000
 389 4.860000
 390 4.980000
 391 4.220000
 392 4.200000
 393 4.170000
 394 4.170000
 395 4.880000
 396 4.810000
 397 4.750000
 398 4.730000
 399 4.680000
 400 4.600000
 401 3.430000
 402 3.220000
 403 2.940000
 404 2.930000
 405 2.900000
 406 2.500000
 407 2.350000
 408 2.360000
 409 2.350000
 410 2.360000
 411 2.340000
 412 2.340000
 413 2.340000
 414 2.360000
 415 4.260000
 416 4.290000
 417 4.410000
 418 4.370000
 419 4.320000
 420 4.280000
 421 4.260000
 422 4.290000
 423 3.660000
 424 3.480000
 425 3.410000
 426 3.310000
 427 3.230000
 428 3.160000
 429 3.060000
 430 3.010000
 431 2.950000
 432 2.900000
 433 2.880000
 434 2.800000
 435 2.730000
 436 2.660000
 437 2.620000
 438 2.560000
 439 2.510000
 440 2.440000
 441 2.400000
 442 2.410000
 443 2.420000
 444 2.420000
 445 2.420000
 446 2.410000
 447 2.430000
 448 2.410000
 449 3.580000
 450 3.580000
 451 3.570000
 452 3.550000
 453 3.560000
 454 3.550000
 455 3.560000
 456 3.560000
 457 3.520000
 458 3.500000
 459 3.490000
 460 3.490000
 461 3.500000
 462 3.520000
 463 3.510000
 464 3.530000
 465 3.510000
 466 3.530000
 467 3.510000
 468 3.500000
 469 3.510000
 470 3.480000
 471 3.510000
 472 3.480000
 473 3.470000
 474 3.460000
 475 3.450000
 476 3.460000
 477 3.430000
 478 3.430000
 479 3.430000
 480 3.430000
 481 3.410000
 482 3.380000
 483 3.410000
 484 3.380000
 485 3.360000
 486 3.360000
 487 3.310000
 488 3.270000
 489 3.270000
 490 3.260000
 491 3.260000
 492 3.210000
 493 3.180000
 494 3.170000
 495 3.160000
 496 3.160000
 497 3.110000
 498 3.080000
 499 3.100000
 500 3.110000
 501 3.080000
 502 3.080000
 503 3.060000
 504 3.060000
 505 3.030000
 506 3.070000
 507 3.050000
 508 3.060000
 509 3.050000
 510 3.070000
 511 3.070000
 512 3.070000
 513 3.040000
 514 3.070000
 515 3.070000
 516 3.080000
 517 3.080000
 518 3.100000
 519 3.100000
 520 3.100000
 521 3.100000
 522 3.120000
 523 3.120000
 524 3.100000
 525 3.100000
 526 3.080000
 527 3.110000
 528 3.080000
 529 3.080000
 530 3.060000
 531 3.020000
 532 3.050000
 533 3.030000
 534 3.040000
 535 3.020000
 536 2.990000
 537 3.020000
 538 3.010000
 539 3.020000
 540 3.050000
 541 3.040000
 542 3.020000
 543 3.020000
 544 2.430000
 545 2.410000
 546 3.020000
 547 3.040000
 548 3.040000
 549 3.040000
 550 3.020000
 551 3.040000
 552 3.070000
 553 3.070000
 554 3.090000
 555 3.090000
 556 3.090000
 557 3.070000
 558 3.070000
 559 3.090000
 560 3.070000
 561 2.090000
 562 2.080000
 563 2.070000
 564 2.040000
 565 1.800000
 566 1.800000
 567 1.800000
 568 1.790000
 569 1.800000
 570 1.820000
 571 1.800000
 572 1.820000
 573 1.820000
 574 1.850000
 575 1.870000
 576 1.870000
 577 1.870000
 578 1.870000
 579 1.900000
 580 1.920000
 581 1.920000
 582 1.900000
 583 1.950000
 584 1.950000
 585 1.950000
 586 1.950000
 587 1.970000
 588 2.000000
 589 2.000000
 590 2.020000
 591 2.000000
 592 2.030000
 593 2.050000
 594 2.080000
 595 2.080000
 596 2.100000
 597 2.100000
 598 2.130000
 599 2.150000
 600 2.180000
 601 2.180000
 602 2.200000
 603 2.230000
 604 2.240000
 605 2.230000
 606 2.230000
 607 2.250000
 608 2.280000
 609 2.250000
 610 2.280000
 611 2.300000
 612 2.330000
 613 2.350000
 614 2.380000
 615 2.360000
 616 2.330000
 617 2.360000
 618 2.330000
 619 2.350000
 620 2.350000
 621 2.380000
 622 2.400000
 623 1.450000
 624 1.470000
 625 1.480000
 626 1.460000
 627 1.470000
 628 1.460000
 629 1.490000
 630 1.490000
 631 1.490000
 632 1.510000
 633 1.540000
 634 1.540000
 635 1.540000
 636 1.590000
 637 1.560000
 638 1.590000
 639 1.610000
 640 1.610000
 641 1.610000
 642 1.630000
 643 1.660000
 644 1.660000
 645 1.680000
 646 1.710000
 647 1.710000
 648 1.730000
 649 1.730000
 650 1.760000
 651 1.780000
 652 1.780000
 653 1.810000
 654 1.830000
 655 1.830000
 656 1.860000
 657 1.880000
 658 1.880000
 659 1.910000
 660 1.960000
 661 1.950000
 662 1.970000
 663 2.030000
 664 3.390000
 665 3.370000
 666 3.370000
 667 3.370000
 668 3.350000
 669 3.320000
 670 3.300000
 671 3.320000
 672 3.270000
 673 3.270000
 674 3.240000
 675 3.220000
 676 3.220000
 677 3.250000
 678 3.250000
 679 3.220000
 680 3.220000
 681 3.240000
 682 3.230000
 683 3.240000
 684 3.240000
 685 3.250000
 686 3.270000
 687 3.280000
 688 3.300000
 689 3.300000
 690 3.330000
 691 3.300000
 692 3.300000
 693 3.320000
 694 3.320000
 695 3.350000
 696 3.340000
 697 3.320000
 698 3.370000
 699 3.350000
 700 3.370000
 701 3.390000
 702 3.390000
 703 3.420000
 704 3.420000
 705 3.440000
 706 3.460000
 707 3.460000
 708 2.930000
 709 2.920000
 710 3.380000
 711 3.540000
 712 3.570000
 713 3.590000
 714 3.580000
 715 3.630000
 716 3.630000
 717 3.680000
 718 3.680000
 719 3.700000
 720 3.700000
 721 3.760000
 722 3.770000
 723 3.770000
 724 3.790000
 725 3.760000
 726 3.760000
 727 3.780000
 728 3.810000
 729 3.810000
 730 3.820000
 731 3.810000
 732 3.810000
 733 3.830000
 734 3.860000
 735 3.880000
 736 3.880000
 737 3.910000
 738 3.930000
 739 3.970000
 740 3.960000
 741 3.390000
 742 3.380000
 743 2.940000
 744 2.930000
 745 3.970000
 746 1.580000
 747 1.560000
 748 1.540000
 749 1.570000
 750 1.540000
 751 1.540000
 752 1.540000
 753 1.540000
 754 1.540000
 755 1.540000
 756 1.520000
 757 1.560000
 758 4.070000
 759 4.080000
 760 4.090000
 0 0.920000
 1 0.890000
 2 0.910000
 3 0.900000
 4 0.900000
 5 0.880000
 6 0.900000
 7 0.900000
 8 0.870000
 9 0.870000
 10 0.870000
 11 0.870000
 12 0.870000
 13 0.880000
 14 0.880000
 15 0.880000
 16 0.850000
 17 0.850000
 18 0.850000
 19 0.880000
 20 0.880000
 21 0.850000
 22 0.850000
 23 0.850000
 24 0.880000
 25 0.870000
 26 0.870000
 27 0.920000
 28 0.850000
 29 3.000000
 30 2.970000
 31 3.000000
 32 3.110000
 33 2.980000
 34 3.140000
 35 3.090000
 36 2.900000
 37 2.700000
 38 2.330000
 39 2.170000
 40 2.170000
 41 2.140000
 42 2.150000
 43 2.130000
 44 2.140000
 45 2.140000
 46 2.150000
 47 2.150000
 48 2.150000
 49 2.150000
 50 2.120000
 51 2.170000
 52 2.250000
 53 2.260000
 54 2.260000
 55 2.180000
 56 2.160000
 57 2.190000
 58 2.190000
 59 2.210000
 60 2.200000
 61 2.200000
 62 2.190000
 63 2.210000
 64 2.200000
 65 2.190000
 66 2.190000
 67 2.190000
 68 2.210000
 69 2.200000
 70 2.230000
 71 2.220000
 72 2.210000
 73 2.210000
 74 2.230000
 75 2.210000
 76 2.260000
 77 2.350000
 78 2.210000
 79 2.170000
 80 2.180000
 81 2.190000
 82 2.200000
 83 2.240000
 84 2.230000
 85 2.250000
 86 2.240000
 87 2.230000
 88 2.230000
 89 2.240000
 90 2.240000
 91 2.270000
 92 2.270000
 93 2.280000
 94 2.260000
 95 2.240000
 96 2.240000
 97 2.240000
 98 2.240000
 99 2.220000
 100 2.240000
 101 2.280000
 102 2.280000
 103 2.280000
 104 2.280000
 105 2.290000
 106 2.330000
 107 2.290000
 108 2.310000
 109 2.330000
 110 2.330000
 111 2.300000
 112 2.310000
 113 2.340000
 114 2.340000
 115 2.320000
 116 2.310000
 117 2.330000
 118 2.330000
 119 2.350000
 120 2.470000
 121 2.390000
 122 2.350000
 123 2.310000
 124 2.340000
 125 2.310000
 126 2.350000
 127 2.400000
 128 2.370000
 129 2.390000
 130 2.390000
 131 2.410000
 132 2.420000
 133 2.410000
 134 2.430000
 135 2.410000
 136 2.390000
 137 2.390000
 138 2.390000
 139 2.390000
 140 2.390000
 141 2.380000
 142 2.430000
 143 2.420000
 144 2.440000
 145 2.480000
 146 3.560000
 147 3.570000
 148 3.610000
 149 3.530000
 150 3.630000
 151 3.590000
 152 3.590000
 153 3.580000
 154 3.510000
 155 3.420000
 156 3.430000
 157 3.420000
 158 3.420000
 159 3.410000
 160 3.420000
 161 3.410000
 162 3.450000
 163 3.450000
 164 3.430000
 165 3.440000
 166 3.480000
 167 3.480000
 168 3.520000
 169 3.620000
 170 3.780000
 171 3.700000
 172 3.700000
 173 3.740000
 174 3.770000
 175 3.790000
 176 3.780000
 177 3.830000
 178 3.830000
 179 3.820000
 180 3.870000
 181 3.860000
 182 3.890000
 183 3.880000
 184 3.900000
 185 3.900000
 186 3.920000
 187 3.910000
 188 3.890000
 189 3.930000
 190 3.930000
 191 3.950000
 192 3.980000
 193 3.990000
 194 4.000000
 195 4.020000
 196 4.110000
 197 4.090000
 198 4.050000
 199 4.130000
 200 4.120000
 201 4.180000
 202 4.200000
 203 4.220000
 204 4.100000
 205 4.100000
 206 4.130000
 207 4.150000
 208 4.150000
 209 4.150000
 210 4.150000
 211 4.230000
 212 4.230000
 213 4.250000
 214 4.250000
 215 4.250000
 216 4.300000
 217 4.300000
 218 4.330000
 219 4.330000
 220 4.330000
 221 4.350000
 222 4.380000
 223 4.350000
 224 4.500000
 225 4.430000
 226 4.450000
 227 4.230000
 228 4.180000
 229 4.500000
 230 4.500000
 231 4.530000
 232 4.530000
 233 4.550000
 234 4.600000
 235 4.720000
 236 4.740000
 237 4.770000
 238 4.780000
 239 4.790000
 240 4.730000
 241 4.730000
 242 4.780000
 243 4.780000
 244 4.900000
 245 4.970000
 246 4.950000
 247 4.980000
 248 4.890000
 249 5.010000
 250 4.980000
 251 4.990000
 252 4.980000
 253 4.960000
 254 4.960000
 255 4.930000
 256 4.940000
 257 4.910000
 258 4.780000
 259 4.730000
 260 4.730000
 261 4.680000
 262 4.700000
 263 4.780000
 264 4.810000
 265 4.760000
 266 4.760000
 267 4.720000
 268 4.700000
 269 4.690000
 270 4.690000
 271 4.670000
 272 4.670000
 273 4.640000
 274 4.610000
 275 4.610000
 276 4.590000
 277 4.600000
 278 4.600000
 279 4.600000
 280 4.570000
 281 4.550000
 282 4.530000
 283 4.540000
 284 4.500000
 285 4.520000
 286 4.470000
 287 4.490000
 288 4.510000
 289 4.460000
 290 4.460000
 291 4.460000
 292 4.460000
 293 4.430000
 294 4.440000
 295 4.440000
 296 4.440000
 297 4.430000
 298 4.420000
 299 4.410000
 300 4.380000
 301 4.380000
 302 4.410000
 303 4.410000
 304 4.280000
 305 4.410000
 306 4.410000
 307 4.250000
 308 4.360000
 309 4.370000
 310 4.250000
 311 4.230000
 312 4.230000
 313 4.200000
 314 4.200000
 315 4.200000
 316 4.220000
 317 4.220000
 318 4.200000
 319 4.220000
 320 4.170000
 321 4.200000
 322 4.180000
 323 4.290000
 324 4.150000
 325 4.170000
 326 4.200000
 327 4.170000
 328 4.170000
 329 4.120000
 330 4.150000
 331 4.150000
 332 4.260000
 333 4.240000
 334 4.240000
 335 4.240000
 336 4.260000
 337 4.210000
 338 4.230000
 339 4.210000
 340 4.180000
 341 4.180000
 342 4.210000
 343 4.210000
 344 4.180000
 345 4.180000
 346 4.170000
 347 4.120000
 348 4.140000
 349 4.140000
 350 4.080000
 351 4.090000
 352 4.080000
 353 4.110000
 354 4.100000
 355 4.090000
 356 4.090000
 357 4.080000
 358 4.120000
 359 4.110000
 360 4.130000
 361 4.100000
 362 4.100000
 363 4.100000
 364 4.100000
 365 4.120000
 366 4.050000
 367 4.040000
 368 4.190000
 369 4.670000
 370 2.270000
 371 2.270000
 372 2.280000
 373 2.300000
 374 2.300000
 375 2.360000
 376 2.360000
 377 2.340000
 378 2.340000
 379 2.430000
 380 2.930000
 381 3.480000
 382 3.470000
 383 5.000000
 384 5.000000
 385 5.000000
 386 5.000000
 387 4.270000
 388 4.870000
 389 4.880000
 390 5.020000
 391 4.230000
 392 4.170000
 393 4.170000
 394 4.200000
 395 4.880000
 396 4.830000
 397 4.780000
 398 4.730000
 399 4.680000
 400 4.630000
 401 3.440000
 402 3.220000
 403 2.910000
 404 2.930000
 405 2.910000
 406 2.500000
 407 2.350000
 408 2.340000
 409 2.350000
 410 2.360000
 411 2.360000
 412 2.360000
 413 2.360000
 414 2.360000
 415 4.260000
 416 4.320000
 417 4.410000
 418 4.370000
 419 4.320000
 420 4.280000
 421 4.270000
 422 4.290000
 423 3.650000
 424 3.490000
 425 3.410000
 426 3.330000
 427 3.230000
 428 3.160000
 429 3.080000
 430 3.010000
 431 2.950000
 432 2.900000
 433 2.850000
 434 2.780000
 435 2.730000
 436 2.690000
 437 2.620000
 438 2.560000
 439 2.510000
 440 2.440000
 441 2.400000
 442 2.390000
 443 2.420000
 444 2.420000
 445 2.420000
 446 2.440000
 447 2.430000
 448 2.470000
 449 3.580000
 450 3.560000
 451 3.580000
 452 3.550000
 453 3.560000
 454 3.570000
 455 3.560000
 456 3.530000
 457 3.520000
 458 3.500000
 459 3.470000
 460 3.490000
 461 3.490000
 462 3.520000
 463 3.510000
 464 3.540000
 465 3.530000
 466 3.510000
 467 3.510000
 468 3.500000
 469 3.500000
 470 3.480000
 471 3.480000
 472 3.480000
 473 3.480000
 474 3.450000
 475 3.470000
 476 3.460000
 477 3.460000
 478 3.410000
 479 3.430000
 480 3.430000
 481 3.410000
 482 3.410000
 483 3.380000
 484 3.360000
 485 3.330000
 486 3.360000
 487 3.280000
 488 3.260000
 489 3.250000
 490 3.260000
 491 3.210000
 492 3.180000
 493 3.180000
 494 3.180000
 495 3.140000
 496 3.150000
 497 3.130000
 498 3.090000
 499 3.110000
 500 3.110000
 501 3.080000
 502 3.060000
 503 3.060000
 504 3.060000
 505 3.030000
 506 3.050000
 507 3.050000
 508 3.030000
 509 3.060000
 510 3.070000
 511 3.050000
 512 3.070000
 513 3.040000
 514 3.040000
 515 3.070000
 516 3.060000
 517 3.080000
 518 3.080000
 519 3.100000
 520 3.100000
 521 3.090000
 522 3.100000
 523 3.120000
 524 3.090000
 525 3.070000
 526 3.110000
 527 3.080000
 528 3.080000
 529 3.060000
 530 3.060000
 531 3.060000
 532 3.020000
 533 3.030000
 534 3.040000
 535 3.030000
 536 3.010000
 537 2.990000
 538 3.010000
 539 3.020000
 540 3.050000
 541 3.040000
 542 3.020000
 543 3.020000
 544 2.430000
 545 2.420000
 546 3.040000
 547 3.020000
 548 3.040000
 549 3.040000
 550 3.040000
 551 3.070000
 552 3.070000
 553 3.070000
 554 3.070000
 555 3.070000
 556 3.090000
 557 3.090000
 558 3.070000
 559 3.090000
 560 3.090000
 561 2.060000
 562 2.110000
 563 2.090000
 564 2.040000
 565 1.800000
 566 1.790000
 567 1.800000
 568 1.790000
 569 1.800000
 570 1.800000
 571 1.820000
 572 1.820000
 573 1.850000
 574 1.850000
 575 1.870000
 576 1.850000
 577 1.900000
 578 1.870000
 579 1.900000
 580 1.900000
 581 1.920000
 582 1.920000
 583 1.950000
 584 1.950000
 585 1.950000
 586 1.950000
 587 1.970000
 588 2.000000
 589 2.000000
 590 2.000000
 591 2.020000
 592 2.030000
 593 2.050000
 594 2.050000
 595 2.080000
 596 2.100000
 597 2.130000
 598 2.150000
 599 2.150000
 600 2.150000
 601 2.180000
 602 2.200000
 603 2.230000
 604 2.240000
 605 2.200000
 606 2.230000
 607 2.250000
 608 2.280000
 609 2.250000
 610 2.250000
 611 2.300000
 612 2.330000
 613 2.350000
 614 2.350000
 615 2.360000
 616 2.330000
 617 2.330000
 618 2.330000
 619 2.350000
 620 2.380000
 621 2.380000
 622 2.400000
 623 1.450000
 624 1.490000
 625 1.450000
 626 1.460000
 627 1.450000
 628 1.460000
 629 1.460000
 630 1.490000
 631 1.520000
 632 1.510000
 633 1.510000
 634 1.540000
 635 1.560000
 636 1.560000
 637 1.560000
 638 1.590000
 639 1.590000
 640 1.610000
 641 1.610000
 642 1.640000
 643 1.630000
 644 1.660000
 645 1.660000
 646 1.710000
 647 1.710000
 648 1.730000
 649 1.730000
 650 1.760000
 651 1.780000
 652 1.780000
 653 1.810000
 654 1.810000
 655 1.860000
 656 1.860000
 657 1.880000
 658 1.880000
 659 1.930000
 660 1.930000
 661 1.960000
 662 1.980000
 663 2.010000
 664 3.370000
 665 3.370000
 666 3.340000
 667 3.340000
 668 3.320000
 669 3.340000
 670 3.320000
 671 3.300000
 672 3.270000
 673 3.240000
 674 3.240000
 675 3.240000
 676 3.220000
 677 3.260000
 678 3.240000
 679 3.220000
 680 3.240000
 681 3.240000
 682 3.240000
 683 3.220000
 684 3.240000
 685 3.240000
 686 3.270000
 687 3.260000
 688 3.300000
 689 3.310000
 690 3.310000
 691 3.310000
 692 3.300000
 693 3.320000
 694 3.320000
 695 3.320000
 696 3.320000
 697 3.350000
 698 3.340000
 699 3.370000
 700 3.340000
 701 3.390000
 702 3.390000
 703 3.390000
 704 3.440000
 705 3.410000
 706 3.430000
 707 3.460000
 708 2.930000
 709 2.920000
 710 3.380000
 711 3.520000
 712 3.530000
 713 3.570000
 714 3.620000
 715 3.600000
 716 3.630000
 717 3.660000
 718 3.660000
 719 3.680000
 720 3.730000
 721 3.730000
 722 3.730000
 723 3.750000
 724 3.760000
 725 3.790000
 726 3.790000
 727 3.780000
 728 3.810000
 729 3.830000
 730 3.810000
 731 3.810000
 732 3.810000
 733 3.830000
 734 3.860000
 735 3.870000
 736 3.920000
 737 3.920000
 738 3.960000
 739 3.930000
 740 3.960000
 741 3.410000
 742 3.380000
 743 2.970000
 744 2.960000
 745 3.980000
 746 1.560000
 747 1.540000
 748 1.540000
 749 1.540000
 750 1.540000
 751 1.540000
 752 1.540000
 753 1.540000
 754 1.540000
 755 1.540000
 756 1.520000
 757 1.560000
 758 4.070000
 759 4.060000
 760 4.030000
 0 0.920000
 1 0.890000
 2 0.910000
 3 0.900000
 4 0.900000
 5 0.900000
 6 0.880000
 7 0.900000
 8 0.870000
 9 0.900000
 10 0.870000
 11 0.870000
 12 0.870000
 13 0.850000
 14 0.850000
 15 0.880000
 16 0.850000
 17 0.850000
 18 0.850000
 19 0.850000
 20 0.850000
 21 0.850000
 22 0.850000
 23 0.850000
 24 0.880000
 25 0.870000
 26 0.900000
 27 0.920000
 28 0.850000
 29 3.000000
 30 2.990000
 31 3.000000
 32 3.110000
 33 2.980000
 34 3.140000
 35 3.090000
 36 2.880000
 37 2.700000
 38 2.310000
 39 2.170000
 40 2.170000
 41 2.140000
 42 2.150000
 43 2.150000
 44 2.140000
 45 2.140000
 46 2.150000
 47 2.150000
 48 2.170000
 49 2.150000
 50 2.120000
 51 2.150000
 52 2.230000
 53 2.290000
 54 2.240000
 55 2.180000
 56 2.190000
 57 2.190000
 58 2.190000
 59 2.190000
 60 2.200000
 61 2.200000
 62 2.190000
 63 2.210000
 64 2.200000
 65 2.190000
 66 2.170000
 67 2.190000
 68 2.210000
 69 2.200000
 70 2.230000
 71 2.230000
 72 2.210000
 73 2.210000
 74 2.210000
 75 2.210000
 76 2.270000
 77 2.330000
 78 2.210000
 79 2.190000
 80 2.180000
 81 2.190000
 82 2.200000
 83 2.240000
 84 2.250000
 85 2.280000
 86 2.240000
 87 2.230000
 88 2.230000
 89 2.240000
 90 2.260000
 91 2.270000
 92 2.240000
 93 2.280000
 94 2.260000
 95 2.240000
 96 2.240000
 97 2.240000
 98 2.240000
 99 2.240000
 100 2.240000
 101 2.250000
 102 2.250000
 103 2.280000
 104 2.280000
 105 2.290000
 106 2.300000
 107 2.330000
 108 2.310000
 109 2.300000
 110 2.330000
 111 2.300000
 112 2.340000
 113 2.320000
 114 2.330000
 115 2.340000
 116 2.310000
 117 2.330000
 118 2.350000
 119 2.350000
 120 2.470000
 121 2.360000
 122 2.350000
 123 2.310000
 124 2.340000
 125 2.310000
 126 2.350000
 127 2.390000
 128 2.370000
 129 2.390000
 130 2.390000
 131 2.410000
 132 2.390000
 133 2.410000
 134 2.400000
 135 2.410000
 136 2.390000
 137 2.390000
 138 2.390000
 139 2.390000
 140 2.390000
 141 2.410000
 142 2.430000
 143 2.420000
 144 2.420000
 145 2.490000
 146 3.560000
 147 3.570000
 148 3.630000
 149 3.550000
 150 3.630000
 151 3.570000
 152 3.560000
 153 3.560000
 154 3.480000
 155 3.450000
 156 3.410000
 157 3.420000
 158 3.430000
 159 3.410000
 160 3.420000
 161 3.430000
 162 3.420000
 163 3.420000
 164 3.430000
 165 3.440000
 166 3.480000
 167 3.500000
 168 3.520000
 169 3.650000
 170 3.760000
 171 3.700000
 172 3.710000
 173 3.730000
 174 3.740000
 175 3.780000
 176 3.800000
 177 3.820000
 178 3.860000
 179 3.830000
 180 3.870000
 181 3.860000
 182 3.890000
 183 3.880000
 184 3.900000
 185 3.930000
 186 3.930000
 187 3.940000
 188 3.930000
 189 3.930000
 190 3.930000
 191 3.960000
 192 3.970000
 193 3.990000
 194 3.990000
 195 4.030000
 196 3.950000
 197 4.110000
 198 4.060000
 199 4.110000
 200 4.120000
 201 4.160000
 202 4.200000
 203 4.220000
 204 4.100000
 205 4.120000
 206 4.130000
 207 4.150000
 208 4.150000
 209 4.150000
 210 4.200000
 211 4.240000
 212 4.200000
 213 4.230000
 214 4.280000
 215 4.300000
 216 4.300000
 217 4.270000
 218 4.300000
 219 4.350000
 220 4.330000
 221 4.350000
 222 4.380000
 223 4.380000
 224 4.510000
 225 4.430000
 226 4.430000
 227 4.230000
 228 4.180000
 229 4.530000
 230 4.500000
 231 4.550000
 232 4.530000
 233 4.580000
 234 4.600000
 235 4.710000
 236 4.770000
 237 4.770000
 238 4.790000
 239 4.790000
 240 4.700000
 241 4.730000
 242 4.750000
 243 4.780000
 244 4.830000
 245 4.990000
 246 4.940000
 247 4.980000
 248 4.890000
 249 5.010000
 250 4.960000
 251 4.960000
 252 4.960000
 253 4.960000
 254 4.930000
 255 4.960000
 256 4.910000
 257 4.910000
 258 4.750000
 259 4.730000
 260 4.730000
 261 4.700000
 262 4.680000
 263 4.810000
 264 4.810000
 265 4.760000
 266 4.760000
 267 4.720000
 268 4.720000
 269 4.690000
 270 4.670000
 271 4.670000
 272 4.670000
 273 4.620000
 274 4.610000
 275 4.610000
 276 4.620000
 277 4.620000
 278 4.570000
 279 4.600000
 280 4.590000
 281 4.550000
 282 4.530000
 283 4.530000
 284 4.520000
 285 4.520000
 286 4.480000
 287 4.520000
 288 4.510000
 289 4.460000
 290 4.460000
 291 4.460000
 292 4.460000
 293 4.430000
 294 4.440000
 295 4.420000
 296 4.420000
 297 4.450000
 298 4.430000
 299 4.380000
 300 4.380000
 301 4.350000
 302 4.410000
 303 4.280000
 304 4.300000
 305 4.380000
 306 4.360000
 307 4.250000
 308 4.360000
 309 4.370000
 310 4.250000
 311 4.250000
 312 4.230000
 313 4.200000
 314 4.230000
 315 4.200000
 316 4.200000
 317 4.200000
 318 4.200000
 319 4.170000
 320 4.200000
 321 4.180000
 322 4.180000
 323 4.180000
 324 4.150000
 325 4.170000
 326 4.170000
 327 4.170000
 328 4.150000
 329 4.150000
 330 4.120000
 331 4.150000
 332 4.270000
 333 4.260000
 334 4.240000
 335 4.240000
 336 4.230000
 337 4.210000
 338 4.210000
 339 4.200000
 340 4.180000
 341 4.160000
 342 4.180000
 343 4.210000
 344 4.160000
 345 4.210000
 346 4.170000
 347 4.120000
 348 4.120000
 349 4.140000
 350 4.110000
 351 4.070000
 352 4.080000
 353 4.110000
 354 4.080000
 355 4.070000
 356 4.090000
 357 4.090000
 358 4.120000
 359 4.100000
 360 4.110000
 361 4.100000
 362 4.100000
 363 4.100000
 364 4.130000
 365 4.120000
 366 4.050000
 367 4.070000
 368 4.170000
 369 4.670000
 370 2.270000
 371 2.300000
 372 2.300000
 373 2.270000
 374 2.300000
 375 2.340000
 376 2.340000
 377 2.340000
 378 2.340000
 379 2.400000
 380 2.930000
 381 3.480000
 382 3.470000
 383 5.000000
 384 5.030000
 385 5.000000
 386 5.030000
 387 4.390000
 388 4.870000
 389 4.870000
 390 5.010000
 391 4.220000
 392 4.200000
 393 4.170000
 394 4.200000
 395 4.860000
 396 4.860000
 397 4.780000
 398 4.720000
 399 4.680000
 400 4.610000
 401 3.410000
 402 3.210000
 403 2.940000
 404 2.900000
 405 2.910000
 406 2.500000
 407 2.350000
 408 2.360000
 409 2.360000
 410 2.360000
 411 2.360000
 412 2.340000
 413 2.360000
 414 2.390000
 415 4.260000
 416 4.320000
 417 4.410000
 418 4.390000
 419 4.340000
 420 4.260000
 421 4.270000
 422 4.290000
 423 3.660000
 424 3.490000
 425 3.430000
 426 3.310000
 427 3.230000
 428 3.160000
 429 3.080000
 430 3.010000
 431 2.950000
 432 2.900000
 433 2.850000
 434 2.780000
 435 2.750000
 436 2.690000
 437 2.620000
 438 2.580000
 439 2.510000
 440 2.450000
 441 2.400000
 442 2.390000
 443 2.420000
 444 2.420000
 445 2.420000
 446 2.410000
 447 2.400000
 448 2.500000
 449 3.560000
 450 3.560000
 451 3.570000
 452 3.540000
 453 3.580000
 454 3.570000
 455 3.550000
 456 3.530000
 457 3.500000
 458 3.470000
 459 3.490000
 460 3.480000
 461 3.500000
 462 3.550000
 463 3.530000
 464 3.520000
 465 3.510000
 466 3.530000
 467 3.510000
 468 3.530000
 469 3.500000
 470 3.500000
 471 3.480000
 472 3.470000
 473 3.480000
 474 3.460000
 475 3.450000
 476 3.460000
 477 3.450000
 478 3.460000
 479 3.460000
 480 3.410000
 481 3.410000
 482 3.380000
 483 3.380000
 484 3.380000
 485 3.360000
 486 3.360000
 487 3.310000
 488 3.270000
 489 3.250000
 490 3.270000
 491 3.250000
 492 3.200000
 493 3.170000
 494 3.180000
 495 3.160000
 496 3.130000
 497 3.130000
 498 3.070000
 499 3.110000
 500 3.080000
 501 3.100000
 502 3.060000
 503 3.080000
 504 3.050000
 505 3.060000
 506 3.050000
 507 3.050000
 508 3.060000
 509 3.060000
 510 3.060000
 511 3.050000
 512 3.070000
 513 3.070000
 514 3.040000
 515 3.070000
 516 3.080000
 517 3.080000
 518 3.070000
 519 3.120000
 520 3.100000
 521 3.130000
 522 3.120000
 523 3.160000
 524 3.120000
 525 3.070000
 526 3.110000
 527 3.110000
 528 3.110000
 529 3.080000
 530 3.060000
 531 3.030000
 532 3.050000
 533 3.030000
 534 3.070000
 535 3.030000
 536 3.010000
 537 2.990000
 538 3.010000
 539 3.020000
 540 3.020000
 541 3.020000
 542 3.040000
 543 3.020000
 544 2.430000
 545 2.420000
 546 3.040000
 547 3.040000
 548 3.040000
 549 3.040000
 550 3.040000
 551 3.070000
 552 3.070000
 553 3.070000
 554 3.090000
 555 3.070000
 556 3.090000
 557 3.090000
 558 3.090000
 559 3.090000
 560 3.070000
 561 2.060000
 562 2.080000
 563 2.090000
 564 2.040000
 565 1.830000
 566 1.800000
 567 1.800000
 568 1.790000
 569 1.800000
 570 1.800000
 571 1.820000
 572 1.850000
 573 1.820000
 574 1.850000
 575 1.850000
 576 1.850000
 577 1.870000
 578 1.870000
 579 1.900000
 580 1.870000
 581 1.920000
 582 1.950000
 583 1.920000
 584 1.950000
 585 1.950000
 586 1.970000
 587 1.970000
 588 2.000000
 589 2.000000
 590 2.000000
 591 2.020000
 592 2.030000
 593 2.050000
 594 2.080000
 595 2.080000
 596 2.100000
 597 2.100000
 598 2.130000
 599 2.130000
 600 2.150000
 601 2.180000
 602 2.200000
 603 2.230000
 604 2.240000
 605 2.230000
 606 2.230000
 607 2.250000
 608 2.280000
 609 2.250000
 610 2.280000
 611 2.300000
 612 2.330000
 613 2.330000
 614 2.370000
 615 2.330000
 616 2.330000
 617 2.330000
 618 2.330000
 619 2.350000
 620 2.350000
 621 2.380000
 622 2.430000
 623 1.480000
 624 1.440000
 625 1.480000
 626 1.460000
 627 1.470000
 628 1.460000
 629 1.490000
 630 1.490000
 631 1.510000
 632 1.510000
 633 1.540000
 634 1.540000
 635 1.560000
 636 1.560000
 637 1.590000
 638 1.590000
 639 1.590000
 640 1.640000
 641 1.610000
 642 1.640000
 643 1.630000
 644 1.680000
 645 1.680000
 646 1.680000
 647 1.710000
 648 1.730000
 649 1.760000
 650 1.760000
 651 1.780000
 652 1.780000
 653 1.810000
 654 1.830000
 655 1.860000
 656 1.860000
 657 1.860000
 658 1.910000
 659 1.910000
 660 1.930000
 661 1.950000
 662 1.970000
 663 2.010000
 664 3.370000
 665 3.390000
 666 3.350000
 667 3.340000
 668 3.340000
 669 3.340000
 670 3.320000
 671 3.300000
 672 3.290000
 673 3.270000
 674 3.270000
 675 3.240000
 676 3.250000
 677 3.230000
 678 3.240000
 679 3.250000
 680 3.240000
 681 3.240000
 682 3.270000
 683 3.240000
 684 3.240000
 685 3.220000
 686 3.270000
 687 3.280000
 688 3.270000
 689 3.280000
 690 3.310000
 691 3.300000
 692 3.300000
 693 3.320000
 694 3.320000
 695 3.330000
 696 3.320000
 697 3.320000
 698 3.340000
 699 3.350000
 700 3.370000
 701 3.390000
 702 3.390000
 703 3.420000
 704 3.420000
 705 3.440000
 706 3.430000
 707 3.460000
 708 2.930000
 709 2.920000
 710 3.340000
 711 3.520000
 712 3.560000
 713 3.590000
 714 3.590000
 715 3.620000
 716 3.630000
 717 3.660000
 718 3.650000
 719 3.710000
 720 3.710000
 721 3.740000
 722 3.760000
 723 3.760000
 724 3.790000
 725 3.770000
 726 3.780000
 727 3.790000
 728 3.790000
 729 3.820000
 730 3.820000
 731 3.830000
 732 3.830000
 733 3.820000
 734 3.860000
 735 3.880000
 736 3.920000
 737 3.890000
 738 3.940000
 739 3.950000
 740 3.980000
 741 3.410000
 742 3.370000
 743 2.970000
 744 2.960000
 745 3.970000
 746 1.560000
 747 1.560000
 748 1.560000
 749 1.540000
 750 1.570000
 751 1.540000
 752 1.540000
 753 1.540000
 754 1.520000
 755 1.540000
 756 1.520000
 757 1.560000
 758 4.080000
 759 4.060000
 760 4.070000
 0 0.920000
 1 0.920000
 2 0.890000
 3 0.900000
 4 0.900000
 5 0.900000
 6 0.880000
 7 0.880000
 8 0.900000
 9 0.870000
 10 0.870000
 11 0.870000
 12 0.870000
 13 0.880000
 14 0.850000
 15 0.850000
 16 0.850000
 17 0.850000
 18 0.850000
 19 0.850000
 20 0.850000
 21 0.850000
 22 0.850000
 23 0.880000
 24 0.880000
 25 0.850000
 26 0.900000
 27 0.950000
 28 0.850000
 29 3.000000
 30 2.990000
 31 3.000000
 32 3.110000
 33 2.950000
 34 3.140000
 35 3.090000
 36 2.900000
 37 2.720000
 38 2.330000
 39 2.170000
 40 2.170000
 41 2.140000
 42 2.150000
 43 2.150000
 44 2.140000
 45 2.160000
 46 2.150000
 47 2.150000
 48 2.150000
 49 2.150000
 50 2.150000
 51 2.150000
 52 2.250000
 53 2.260000
 54 2.240000
 55 2.200000
 56 2.210000
 57 2.210000
 58 2.190000
 59 2.190000
 60 2.230000
 61 2.200000
 62 2.190000
 63 2.210000
 64 2.180000
 65 2.160000
 66 2.170000
 67 2.190000
 68 2.210000
 69 2.220000
 70 2.230000
 71 2.220000
 72 2.210000
 73 2.210000
 74 2.210000
 75 2.210000
 76 2.240000
 77 2.330000
 78 2.210000
 79 2.190000
 80 2.180000
 81 2.190000
 82 2.200000
 83 2.240000
 84 2.250000
 85 2.250000
 86 2.270000
 87 2.250000
 88 2.230000
 89 2.240000
 90 2.240000
 91 2.240000
 92 2.270000
 93 2.280000
 94 2.260000
 95 2.240000
 96 2.210000
 97 2.210000
 98 2.220000
 99 2.240000
 100 2.210000
 101 2.280000
 102 2.280000
 103 2.280000
 104 2.280000
 105 2.290000
 106 2.330000
 107 2.320000
 108 2.290000
 109 2.300000
 110 2.300000
 111 2.330000
 112 2.340000
 113 2.320000
 114 2.320000
 115 2.340000
 116 2.310000
 117 2.350000
 118 2.350000
 119 2.350000
 120 2.470000
 121 2.390000
 122 2.350000
 123 2.310000
 124 2.320000
 125 2.310000
 126 2.350000
 127 2.370000
 128 2.370000
 129 2.390000
 130 2.390000
 131 2.390000
 132 2.420000
 133 2.390000
 134 2.400000
 135 2.410000
 136 2.390000
 137 2.410000
 138 2.390000
 139 2.390000
 140 2.390000
 141 2.390000
 142 2.460000
 143 2.420000
 144 2.440000
 145 2.490000
 146 3.560000
 147 3.570000
 148 3.640000
 149 3.530000
 150 3.630000
 151 3.600000
 152 3.580000
 153 3.560000
 154 3.530000
 155 3.420000
 156 3.420000
 157 3.420000
 158 3.430000
 159 3.430000
 160 3.400000
 161 3.420000
 162 3.420000
 163 3.450000
 164 3.430000
 165 3.460000
 166 3.480000
 167 3.480000
 168 3.520000
 169 3.650000
 170 3.780000
 171 3.680000
 172 3.720000
 173 3.740000
 174 3.780000
 175 3.780000
 176 3.810000
 177 3.800000
 178 3.830000
 179 3.860000
 180 3.880000
 181 3.890000
 182 3.870000
 183 3.880000
 184 3.900000
 185 3.890000
 186 3.900000
 187 3.920000
 188 3.930000
 189 3.970000
 190 3.930000
 191 3.980000
 192 3.980000
 193 4.000000
 194 4.000000
 195 4.020000
 196 3.950000
 197 4.110000
 198 4.060000
 199 4.130000
 200 4.150000
 201 4.180000
 202 4.200000
 203 4.220000
 204 4.100000
 205 4.120000
 206 4.130000
 207 4.150000
 208 4.150000
 209 4.150000
 210 4.180000
 211 4.180000
 212 4.200000
 213 4.250000
 214 4.280000
 215 4.280000
 216 4.300000
 217 4.270000
 218 4.330000
 219 4.350000
 220 4.350000
 221 4.380000
 222 4.350000
 223 4.380000
 224 4.470000
 225 4.430000
 226 4.450000
 227 4.130000
 228 4.180000
 229 4.530000
 230 4.500000
 231 4.530000
 232 4.530000
 233 4.550000
 234 4.580000
 235 4.720000
 236 4.760000
 237 4.770000
 238 4.790000
 239 4.790000
 240 4.700000
 241 4.730000
 242 4.750000
 243 4.780000
 244 4.830000
 245 4.940000
 246 4.950000
 247 5.010000
 248 4.890000
 249 5.010000
 250 4.980000
 251 4.990000
 252 4.930000
 253 4.930000
 254 4.940000
 255 4.930000
 256 4.910000
 257 4.910000
 258 4.780000
 259 4.730000
 260 4.730000
 261 4.680000
 262 4.700000
 263 4.810000
 264 4.760000
 265 4.780000
 266 4.750000
 267 4.720000
 268 4.690000
 269 4.690000
 270 4.700000
 271 4.670000
 272 4.670000
 273 4.640000
 274 4.610000
 275 4.610000
 276 4.620000
 277 4.590000
 278 4.570000
 279 4.590000
 280 4.570000
 281 4.570000
 282 4.530000
 283 4.530000
 284 4.510000
 285 4.490000
 286 4.480000
 287 4.520000
 288 4.510000
 289 4.480000
 290 4.460000
 291 4.480000
 292 4.460000
 293 4.460000
 294 4.440000
 295 4.440000
 296 4.440000
 297 4.450000
 298 4.420000
 299 4.380000
 300 4.380000
 301 4.350000
 302 4.410000
 303 4.280000
 304 4.280000
 305 4.410000
 306 4.410000
 307 4.250000
 308 4.360000
 309 4.250000
 310 4.250000
 311 4.250000
 312 4.220000
 313 4.230000
 314 4.230000
 315 4.230000
 316 4.220000
 317 4.220000
 318 4.200000
 319 4.200000
 320 4.200000
 321 4.180000
 322 4.150000
 323 4.290000
 324 4.180000
 325 4.150000
 326 4.170000
 327 4.170000
 328 4.170000
 329 4.180000
 330 4.150000
 331 4.130000
 332 4.270000
 333 4.240000
 334 4.240000
 335 4.240000
 336 4.230000
 337 4.210000
 338 4.210000
 339 4.210000
 340 4.180000
 341 4.160000
 342 4.180000
 343 4.210000
 344 4.180000
 345 4.210000
 346 4.170000
 347 4.140000
 348 4.140000
 349 4.140000
 350 4.110000
 351 4.090000
 352 4.080000
 353 4.110000
 354 4.100000
 355 4.070000
 356 4.100000
 357 4.110000
 358 4.100000
 359 4.110000
 360 4.130000
 361 4.100000
 362 4.100000
 363 4.100000
 364 4.110000
 365 4.120000
 366 4.050000
 367 4.070000
 368 4.190000
 369 4.670000
 370 2.270000
 371 2.270000
 372 2.280000
 373 2.300000
 374 2.300000
 375 2.340000
 376 2.370000
 377 2.360000
 378 2.340000
 379 2.430000
 380 2.930000
 381 3.450000
 382 3.470000
 383 5.000000
 384 5.050000
 385 5.000000
 386 5.000000
 387 4.270000
 388 4.870000
 389 4.880000
 390 5.020000
 391 4.230000
 392 4.170000
 393 4.170000
 394 4.200000
 395 4.860000
 396 4.830000
 397 4.760000
 398 4.710000
 399 4.660000
 400 4.610000
 401 3.460000
 402 3.220000
 403 2.940000
 404 2.930000
 405 2.940000
 406 2.500000
 407 2.380000
 408 2.340000
 409 2.350000
 410 2.340000
 411 2.360000
 412 2.360000
 413 2.360000
 414 2.360000
 415 4.250000
 416 4.290000
 417 4.410000
 418 4.370000
 419 4.310000
 420 4.260000
 421 4.240000
 422 4.290000
 423 3.630000
 424 3.490000
 425 3.410000
 426 3.330000
 427 3.260000
 428 3.160000
 429 3.080000
 430 3.010000
 431 2.970000
 432 2.900000
 433 2.880000
 434 2.800000
 435 2.750000
 436 2.690000
 437 2.620000
 438 2.560000
 439 2.510000
 440 2.450000
 441 2.380000
 442 2.410000
 443 2.420000
 444 2.420000
 445 2.420000
 446 2.410000
 447 2.400000
 448 2.470000
 449 3.580000
 450 3.560000
 451 3.560000
 452 3.540000
 453 3.560000
 454 3.570000
 455 3.560000
 456 3.530000
 457 3.520000
 458 3.500000
 459 3.440000
 460 3.490000
 461 3.520000
 462 3.520000
 463 3.510000
 464 3.530000
 465 3.530000
 466 3.530000
 467 3.510000
 468 3.510000
 469 3.520000
 470 3.500000
 471 3.480000
 472 3.470000
 473 3.480000
 474 3.470000
 475 3.460000
 476 3.450000
 477 3.420000
 478 3.430000
 479 3.430000
 480 3.430000
 481 3.430000
 482 3.410000
 483 3.380000
 484 3.380000
 485 3.330000
 486 3.360000
 487 3.280000
 488 3.260000
 489 3.270000
 490 3.280000
 491 3.220000
 492 3.210000
 493 3.180000
 494 3.180000
 495 3.180000
 496 3.160000
 497 3.110000
 498 3.110000
 499 3.110000
 500 3.080000
 501 3.080000
 502 3.080000
 503 3.070000
 504 3.060000
 505 3.030000
 506 3.050000
 507 3.060000
 508 3.060000
 509 3.060000
 510 3.080000
 511 3.050000
 512 3.060000
 513 3.070000
 514 3.070000
 515 3.050000
 516 3.080000
 517 3.080000
 518 3.110000
 519 3.100000
 520 3.100000
 521 3.120000
 522 3.090000
 523 3.120000
 524 3.100000
 525 3.070000
 526 3.080000
 527 3.110000
 528 3.080000
 529 3.080000
 530 3.080000
 531 3.030000
 532 3.050000
 533 3.030000
 534 3.070000
 535 3.030000
 536 3.010000
 537 3.020000
 538 3.010000
 539 3.020000
 540 3.020000
 541 3.040000
 542 3.040000
 543 3.020000
 544 2.430000
 545 2.420000
 546 3.020000
 547 3.020000
 548 3.040000
 549 3.040000
 550 3.040000
 551 3.040000
 552 3.070000
 553 3.070000
 554 3.070000
 555 3.070000
 556 3.090000
 557 3.090000
 558 3.070000
 559 3.070000
 560 3.090000
 561 2.060000
 562 2.080000
 563 2.090000
 564 2.040000
 565 1.800000
 566 1.780000
 567 1.800000
 568 1.810000
 569 1.800000
 570 1.820000
 571 1.820000
 572 1.820000
 573 1.820000
 574 1.850000
 575 1.850000
 576 1.870000
 577 1.870000
 578 1.900000
 579 1.900000
 580 1.900000
 581 1.920000
 582 1.920000
 583 1.920000
 584 1.950000
 585 1.950000
 586 1.970000
 587 1.970000
 588 1.970000
 589 2.000000
 590 2.000000
 591 2.020000
 592 2.030000
 593 2.050000
 594 2.080000
 595 2.100000
 596 2.100000
 597 2.100000
 598 2.130000
 599 2.130000
 600 2.180000
 601 2.180000
 602 2.200000
 603 2.230000
 604 2.240000
 605 2.230000
 606 2.230000
 607 2.250000
 608 2.250000
 609 2.250000
 610 2.280000
 611 2.300000
 612 2.330000
 613 2.350000
 614 2.350000
 615 2.330000
 616 2.330000
 617 2.330000
 618 2.350000
 619 2.350000
 620 2.380000
 621 2.400000
 622 2.430000
 623 1.450000
 624 1.460000
 625 1.480000
 626 1.470000
 627 1.470000
 628 1.470000
 629 1.490000
 630 1.490000
 631 1.490000
 632 1.510000
 633 1.510000
 634 1.540000
 635 1.560000
 636 1.560000
 637 1.590000
 638 1.580000
 639 1.610000
 640 1.610000
 641 1.630000
 642 1.640000
 643 1.660000
 644 1.660000
 645 1.680000
 646 1.680000
 647 1.730000
 648 1.710000
 649 1.730000
 650 1.760000
 651 1.780000
 652 1.780000
 653 1.830000
 654 1.830000
 655 1.860000
 656 1.860000
 657 1.860000
 658 1.880000
 659 1.930000
 660 1.930000
 661 1.960000
 662 1.970000
 663 2.010000
 664 3.400000
 665 3.370000
 666 3.350000
 667 3.340000
 668 3.320000
 669 3.350000
 670 3.320000
 671 3.290000
 672 3.300000
 673 3.270000
 674 3.270000
 675 3.260000
 676 3.260000
 677 3.250000
 678 3.250000
 679 3.250000
 680 3.240000
 681 3.240000
 682 3.240000
 683 3.220000
 684 3.240000
 685 3.220000
 686 3.240000
 687 3.280000
 688 3.270000
 689 3.300000
 690 3.280000
 691 3.300000
 692 3.320000
 693 3.290000
 694 3.340000
 695 3.320000
 696 3.330000
 697 3.340000
 698 3.340000
 699 3.370000
 700 3.370000
 701 3.370000
 702 3.390000
 703 3.400000
 704 3.420000
 705 3.440000
 706 3.440000
 707 3.460000
 708 2.930000
 709 2.920000
 710 3.340000
 711 3.520000
 712 3.540000
 713 3.590000
 714 3.620000
 715 3.600000
 716 3.630000
 717 3.660000
 718 3.660000
 719 3.720000
 720 3.700000
 721 3.730000
 722 3.730000
 723 3.750000
 724 3.730000
 725 3.790000
 726 3.780000
 727 3.780000
 728 3.820000
 729 3.810000
 730 3.810000
 731 3.810000
 732 3.830000
 733 3.810000
 734 3.860000
 735 3.860000
 736 3.890000
 737 3.920000
 738 3.930000
 739 3.960000
 740 3.980000
 741 3.410000
 742 3.380000
 743 2.940000
 744 2.920000
 745 3.980000
 746 1.560000
 747 1.560000
 748 1.540000
 749 1.540000
 750 1.540000
 751 1.540000
 752 1.540000
 753 1.540000
 754 1.520000
 755 1.540000
 756 1.550000
 757 1.560000
 758 4.050000
 759 4.060000
 760 4.050000