
 0 2.880000
 1 2.870000
 2 2.880000
 3 2.890000
 4 2.890000
 5 2.870000
 6 2.870000
 7 2.850000
 8 2.840000
 9 2.840000
 10 2.870000
 11 2.850000
 12 2.850000
 13 2.840000
 14 2.830000
 15 2.800000
 16 2.830000
 17 2.820000
 18 2.830000
 19 3.260000
 20 2.730000
 21 2.750000
 22 2.730000
 23 2.340000
 24 2.280000
 25 2.260000
 26 2.230000
 27 2.230000
 28 2.220000
 29 2.170000
 30 2.210000
 31 2.180000
 32 2.220000
 33 2.200000
 34 2.200000
 35 2.200000
 36 2.170000
 37 2.190000
 38 2.200000
 39 2.190000
 40 2.160000
 41 2.190000
 42 2.170000
 43 2.150000
 44 2.150000
 45 2.190000
 46 2.150000
 47 2.180000
 48 2.150000
 49 2.140000
 50 2.180000
 51 2.160000
 52 2.160000
 53 2.150000
 54 2.160000
 55 2.180000
 56 2.200000
 57 2.200000
 58 2.230000
 59 2.250000
 60 2.350000
 61 2.410000
 62 2.550000
 63 2.630000
 64 2.630000
 65 2.630000
 66 2.650000
 67 2.630000
 68 2.600000
 69 2.590000
 70 2.600000
 71 2.600000
 72 2.580000
 73 2.590000
 74 2.590000
 75 2.600000
 76 2.630000
 77 2.830000
 78 3.150000
 79 3.170000
 80 3.150000
 81 3.180000
 82 3.180000
 83 3.160000
 84 3.300000
 85 3.320000
 86 3.290000
 87 3.330000
 88 3.330000
 89 3.360000
 90 3.350000
 91 3.400000
 92 3.370000
 93 3.480000
 94 3.220000
 95 1.880000
 96 1.900000
 97 1.870000
 98 1.900000
 99 1.900000
 100 1.860000
 101 1.890000
 102 1.860000
 103 1.860000
 104 1.880000
 105 1.950000
 106 3.650000
 107 3.610000
 108 3.590000
 109 3.670000
 110 3.650000
 111 3.590000
 112 3.590000
 113 3.540000
 114 3.560000
 115 3.600000
 116 3.560000
 117 3.540000
 118 2.680000
 119 2.670000
 120 3.590000
 121 3.610000
 122 3.480000
 123 3.480000
 124 3.370000
 125 3.410000
 126 3.060000
 127 3.010000
 128 3.020000
 129 3.050000
 130 2.800000
 131 2.470000
 132 2.460000
 133 2.450000
 134 2.470000
 135 2.470000
 136 2.470000
 137 2.090000
 138 1.970000
 139 1.910000
 140 1.910000
 141 1.910000
 142 1.890000
 143 1.910000
 144 1.910000
 145 1.890000
 146 1.890000
 147 1.910000
 148 1.900000
 149 3.550000
 150 3.430000
 151 3.410000
 152 3.500000
 153 3.130000
 154 3.050000
 155 3.070000
 156 3.100000
 157 3.100000
 158 3.100000
 159 3.090000
 160 4.680000
 161 4.080000
 162 4.090000
 163 2.610000
 164 2.560000
 165 2.510000
 166 2.520000
 167 2.520000
 168 2.550000
 169 2.550000
 170 2.550000
 171 2.550000
 172 4.750000
 173 4.780000
 174 4.750000
 175 4.780000
 176 2.310000
 177 2.060000
 178 2.060000
 179 2.030000
 180 2.000000
 181 1.990000
 182 1.990000
 183 1.990000
 184 2.010000
 185 2.010000
 186 2.000000
 187 2.000000
 188 2.010000
 189 2.000000
 190 2.220000
 191 2.250000
 192 2.250000
 193 2.220000
 194 2.220000
 195 2.200000
 196 2.200000
 197 2.230000
 198 2.200000
 199 2.210000
 200 2.180000
 201 2.180000
 202 2.160000
 203 2.160000
 204 2.170000
 205 2.160000
 206 2.210000
 207 2.220000
 208 2.250000
 209 2.270000
 210 2.270000
 211 2.300000
 212 2.360000
 213 2.360000
 214 2.360000
 215 2.360000
 216 2.360000
 217 2.380000
 218 2.400000
 219 2.450000
 220 2.440000
 221 5.020000
 222 4.440000
 223 4.440000
 224 4.400000
 225 4.420000
 226 4.420000
 227 4.410000
 228 4.430000
 229 4.430000
 230 4.430000
 231 4.440000
 232 2.840000
 233 2.800000
 234 2.760000
 235 2.720000
 236 2.700000
 237 2.730000
 238 2.740000
 239 4.450000
 240 4.460000
 241 4.460000
 242 4.460000
 243 4.460000
 244 4.470000
 245 2.620000
 246 2.560000
 247 2.530000
 248 2.530000
 249 2.550000
 250 2.560000
 251 2.530000
 252 3.520000
 253 3.530000
 254 3.580000
 255 3.720000
 256 4.050000
 257 4.100000
 258 3.750000
 259 3.730000
 260 3.760000
 261 3.760000
 262 4.430000
 263 3.620000
 264 3.650000
 265 3.630000
 266 3.550000
 267 3.640000
 268 3.680000
 269 3.690000
 270 3.700000
 271 3.050000
 272 3.030000
 273 2.990000
 274 3.010000
 275 2.960000
 276 2.970000
 277 2.970000
 278 3.060000
 279 3.950000
 280 3.890000
 281 3.910000
 282 3.750000
 283 3.740000
 284 3.750000
 285 3.740000
 286 4.120000
 287 4.130000
 288 4.100000
 289 4.140000
 290 4.170000
 291 4.450000
 292 4.550000
 293 4.550000
 294 4.550000
 295 4.390000
 296 4.400000
 297 4.380000
 298 4.330000
 299 4.250000
 300 4.200000
 301 4.230000
 302 4.260000
 303 4.280000
 304 4.290000
 305 4.330000
 306 4.390000
 307 4.420000
 308 4.450000
 309 4.450000
 310 4.420000
 311 4.420000
 312 3.480000
 313 3.440000
 314 3.440000
 315 3.470000
 316 3.480000
 317 4.370000
 318 4.350000
 319 4.320000
 320 4.300000
 321 4.300000
 322 4.300000
 323 4.270000
 324 4.270000
 325 4.250000
 326 4.250000
 327 3.950000
 328 3.960000
 329 3.950000
 330 4.150000
 331 4.200000
 332 4.180000
 333 4.150000
 334 4.150000
 335 4.150000
 336 4.130000
 337 4.150000
 338 4.100000
 339 4.100000
 340 4.100000
 341 4.070000
 342 4.070000
 343 4.070000
 344 4.050000
 345 4.050000
 346 4.050000
 347 4.000000
 348 4.000000
 349 4.020000
 350 4.000000
 351 4.000000
 352 3.980000
 353 3.980000
 354 3.980000
 355 3.980000
 356 3.950000
 357 3.950000
 358 3.930000
 359 3.930000
 360 3.900000
 361 3.090000
 362 3.010000
 363 3.020000
 364 3.060000
 365 3.070000
 366 3.010000
 367 2.940000
 368 3.020000
 369 2.980000
 370 2.980000
 371 3.880000
 372 2.980000
 373 3.100000
 374 2.960000
 375 3.070000
 376 3.070000
 377 3.100000
 378 3.100000
 379 3.070000
 380 3.070000
 381 3.100000
 382 3.000000
 383 2.960000
 384 2.970000
 385 2.970000
 386 3.060000
 387 3.060000
 388 2.980000
 389 2.960000
 390 2.960000
 391 2.970000
 392 2.980000
 393 2.980000
 394 2.960000
 395 2.960000
 396 3.020000
 397 2.990000
 398 3.020000
 399 3.010000
 400 3.020000
 401 2.960000
 402 2.950000
 403 2.990000
 404 3.040000
 405 3.020000
 406 2.960000
 407 2.960000
 408 3.020000
 409 2.980000
 410 2.990000
 411 2.960000
 412 3.100000
 413 3.040000
 414 3.030000
 415 3.040000
 416 3.020000
 417 3.020000
 418 3.050000
 419 3.060000
 420 3.100000
 421 3.090000
 422 3.080000
 423 3.060000
 424 3.080000
 425 3.060000
 426 3.060000
 427 3.090000
 428 3.110000
 429 3.080000
 430 3.180000
 431 3.210000
 432 3.210000
 433 3.230000
 434 3.230000
 435 3.210000
 436 3.220000
 437 3.230000
 438 3.240000
 439 3.230000
 440 3.260000
 441 3.260000
 442 3.260000
 443 3.290000
 444 3.260000
 445 3.260000
 446 3.260000
 447 3.210000
 448 3.270000
 449 3.270000
 450 3.270000
 451 3.260000
 452 3.260000
 453 3.260000
 454 3.250000
 455 3.240000
 456 3.240000
 457 3.240000
 458 3.220000
 459 3.220000
 460 3.220000
 461 3.230000
 462 3.160000
 463 3.170000
 464 3.160000
 465 4.490000
 466 4.190000
 467 4.150000
 468 4.140000
 469 3.110000
 470 3.090000
 471 3.100000
 472 3.090000
 473 3.260000
 474 3.400000
 475 3.750000
 476 3.610000
 477 3.560000
 478 3.560000
 479 3.590000
 480 3.560000
 481 3.560000
 482 3.590000
 483 3.590000
 484 3.590000
 485 3.590000
 486 3.490000
 487 3.340000
 488 3.590000
 489 3.590000
 490 3.590000
 491 3.610000
 492 3.610000
 493 3.540000
 494 3.540000
 495 3.560000
 496 3.560000
 497 3.560000
 498 3.560000
 499 3.590000
 500 3.590000
 501 3.590000
 502 3.590000
 503 3.590000
 504 3.610000
 505 3.610000
 506 3.610000
 507 3.610000
 508 3.610000
 509 3.640000
 510 3.640000
 511 3.640000
 512 3.660000
 513 3.640000
 514 3.660000
 515 3.660000
 516 3.630000
 517 3.560000
 518 3.510000
 519 3.210000
 520 3.080000
 521 3.100000
 522 3.380000
 523 3.350000
 524 3.330000
 525 3.300000
 526 3.250000
 527 2.980000
 528 2.930000
 529 2.950000
 530 2.950000
 531 2.950000
 532 2.950000
 533 2.980000
 534 2.940000
 535 2.830000
 536 2.830000
 537 2.900000
 538 3.030000
 539 2.920000
 540 2.970000
 541 3.120000
 542 3.020000
 543 2.970000
 544 3.020000
 545 3.120000
 546 3.050000
 547 2.970000
 548 2.980000
 549 3.040000
 550 2.960000
 551 3.020000
 552 3.000000
 553 2.960000
 554 2.990000
 555 2.990000
 556 2.730000
 557 2.680000
 558 2.700000
 559 2.700000
 560 2.650000
 561 2.670000
 562 2.620000
 563 2.600000
 564 2.600000
 565 2.600000
 566 2.570000
 567 2.600000
 568 2.520000
 569 2.520000
 570 2.500000
 571 2.440000
 572 2.410000
 573 2.440000
 574 2.360000
 575 2.360000
 576 2.290000
 577 2.290000
 578 2.260000
 579 2.240000
 580 2.190000
 581 2.190000
 582 2.240000
 583 2.190000
 584 2.100000
 585 2.170000
 586 2.180000
 587 2.180000
 588 2.080000
 589 2.070000
 590 2.070000
 591 2.120000
 592 2.070000
 593 2.050000
 594 2.130000
 595 2.020000
 596 2.080000
 597 2.050000
 598 2.000000
 599 2.000000
 600 2.000000
 601 1.900000
 602 1.970000
 603 1.950000
 604 1.830000
 605 1.830000
 606 1.820000
 607 1.900000
 608 1.760000
 609 1.900000
 610 1.870000
 611 1.860000
 612 1.870000
 613 1.900000
 614 1.800000
 615 1.850000
 616 1.800000
 617 1.680000
 618 1.790000
 619 1.630000
 620 1.750000
 621 1.820000
 622 1.800000
 623 1.770000
 624 1.770000
 625 1.770000
 626 1.740000
 627 1.690000
 628 1.670000
 629 1.670000
 630 1.610000
 631 1.600000
 632 1.570000
 633 1.520000
 634 1.520000
 635 1.430000
 636 1.450000
 637 1.410000
 638 1.430000
 639 1.400000
 640 1.410000
 641 1.510000
 642 1.410000
 643 1.470000
 644 1.450000
 645 1.470000
 646 1.360000
 647 1.330000
 648 1.450000
 649 1.310000
 650 1.610000
 651 1.290000
 652 1.310000
 653 1.970000
 654 1.260000
 655 1.970000
 656 1.260000
 657 1.280000
 658 1.300000
 659 1.370000
 660 1.340000
 661 1.400000
 662 1.260000
 663 1.310000
 664 1.310000
 665 1.420000
 666 1.360000
 667 1.340000
 668 1.270000
 669 1.340000
 670 1.340000
 671 1.360000
 672 1.340000
 673 1.310000
 674 1.340000
 675 1.340000
 676 1.310000
 677 1.340000
 678 1.270000
 679 1.310000
 680 2.360000
 681 1.340000
 682 1.310000
 683 1.340000
 684 1.230000
 685 1.190000
 686 1.220000
 687 1.180000
 688 1.200000
 689 1.210000
 690 1.180000
 691 1.180000
 692 1.210000
 693 1.160000
 694 1.160000
 695 1.160000
 696 1.160000
 697 1.160000
 698 6.720000
 699 6.690000
 700 6.670000
 701 6.640000
 702 6.650000
 703 5.670000
 704 6.620000
 705 6.600000
 706 6.580000
 707 5.070000
 708 6.570000
 709 6.550000
 710 6.560000
 711 6.500000
 712 6.510000
 713 6.480000
 714 6.460000
 715 6.480000
 716 6.460000
 717 6.430000
 718 5.410000
 719 6.420000
 720 0.790000
 721 0.810000
 722 0.800000
 723 0.760000
 724 0.800000
 725 0.780000
 726 0.800000
 727 0.810000
 728 0.780000
 729 0.780000
 730 0.780000
 731 0.810000
 732 0.810000
 733 0.780000
 734 0.810000
 735 0.830000
 736 0.810000
 737 0.830000
 738 0.840000
 739 0.840000
 740 0.840000
 741 0.840000
 742 0.860000
 743 0.860000
 744 0.860000
 745 0.860000
 746 0.890000
 747 0.890000
 748 0.910000
 749 0.890000
 750 0.910000
 751 0.910000
 752 0.910000
 753 0.940000
 754 0.940000
 755 0.940000
 756 0.960000
 757 0.960000
 758 0.960000
 759 0.970000
 760 0.960000
 0 2.890000
 1 2.870000
 2 2.880000
 3 2.890000
 4 2.890000
 5 2.900000
 6 2.850000
 7 2.880000
 8 2.860000
 9 2.840000
 10 2.850000
 11 2.850000
 12 2.850000
 13 2.860000
 14 2.830000
 15 2.820000
 16 2.830000
 17 2.820000
 18 2.830000
 19 3.310000
 20 2.760000
 21 2.750000
 22 2.730000
 23 2.340000
 24 2.290000
 25 2.260000
 26 2.230000
 27 2.230000
 28 2.200000
 29 2.200000
 30 2.210000
 31 2.210000
 32 2.220000
 33 2.200000
 34 2.200000
 35 2.180000
 36 2.190000
 37 2.180000
 38 2.190000
 39 2.170000
 40 2.160000
 41 2.190000
 42 2.150000
 43 2.190000
 44 2.160000
 45 2.150000
 46 2.180000
 47 2.150000
 48 2.170000
 49 2.150000
 50 2.140000
 51 2.180000
 52 2.180000
 53 2.180000
 54 2.160000
 55 2.180000
 56 2.210000
 57 2.210000
 58 2.230000
 59 2.260000
 60 2.330000
 61 2.430000
 62 2.560000
 63 2.610000
 64 2.630000
 65 2.630000
 66 2.630000
 67 2.630000
 68 2.610000
 69 2.590000
 70 2.600000
 71 2.600000
 72 2.580000
 73 2.590000
 74 2.590000
 75 2.600000
 76 2.610000
 77 2.810000
 78 3.180000
 79 3.150000
 80 3.160000
 81 3.160000
 82 3.190000
 83 3.140000
 84 3.280000
 85 3.320000
 86 3.320000
 87 3.300000
 88 3.320000
 89 3.330000
 90 3.350000
 91 3.380000
 92 3.390000
 93 3.460000
 94 3.280000
 95 1.860000
 96 1.890000
 97 1.890000
 98 1.900000
 99 1.890000
 100 1.860000
 101 1.890000
 102 1.860000
 103 1.890000
 104 1.860000
 105 1.960000
 106 3.610000
 107 3.640000
 108 3.590000
 109 3.640000
 110 3.650000
 111 3.590000
 112 3.590000
 113 3.560000
 114 3.560000
 115 3.600000
 116 3.590000
 117 3.560000
 118 2.680000
 119 2.680000
 120 3.610000
 121 3.590000
 122 3.510000
 123 3.380000
 124 3.390000
 125 3.380000
 126 3.060000
 127 3.040000
 128 3.050000
 129 3.020000
 130 2.800000
 131 2.470000
 132 2.460000
 133 2.450000
 134 2.470000
 135 2.470000
 136 2.470000
 137 2.100000
 138 1.970000
 139 1.920000
 140 1.910000
 141 1.890000
 142 1.910000
 143 1.890000
 144 1.890000
 145 1.890000
 146 1.910000
 147 1.910000
 148 1.930000
 149 3.520000
 150 3.430000
 151 3.410000
 152 3.520000
 153 3.130000
 154 3.060000
 155 3.100000
 156 3.070000
 157 3.100000
 158 3.100000
 159 3.090000
 160 4.690000
 161 4.080000
 162 4.090000
 163 2.620000
 164 2.570000
 165 2.540000
 166 2.520000
 167 2.550000
 168 2.550000
 169 2.550000
 170 2.550000
 171 2.560000
 172 4.760000
 173 4.760000
 174 4.760000
 175 4.760000
 176 2.340000
 177 2.060000
 178 2.070000
 179 2.010000
 180 2.000000
 181 1.990000
 182 1.990000
 183 2.010000
 184 2.010000
 185 2.010000
 186 2.010000
 187 2.010000
 188 2.010000
 189 2.020000
 190 2.240000
 191 2.250000
 192 2.230000
 193 2.230000
 194 2.210000
 195 2.200000
 196 2.200000
 197 2.180000
 198 2.210000
 199 2.210000
 200 2.210000
 201 2.160000
 202 2.190000
 203 2.190000
 204 2.150000
 205 2.180000
 206 2.210000
 207 2.230000
 208 2.250000
 209 2.280000
 210 2.300000
 211 2.300000
 212 2.360000
 213 2.330000
 214 2.360000
 215 2.360000
 216 2.360000
 217 2.360000
 218 2.400000
 219 2.430000
 220 2.470000
 221 5.020000
 222 4.430000
 223 4.410000
 224 4.410000
 225 4.420000
 226 4.420000
 227 4.410000
 228 4.410000
 229 4.430000
 230 4.430000
 231 4.440000
 232 2.840000
 233 2.800000
 234 2.760000
 235 2.720000
 236 2.730000
 237 2.730000
 238 2.740000
 239 4.450000
 240 4.470000
 241 4.490000
 242 4.460000
 243 4.470000
 244 4.480000
 245 2.590000
 246 2.540000
 247 2.560000
 248 2.560000
 249 2.550000
 250 2.570000
 251 2.530000
 252 3.500000
 253 3.520000
 254 3.580000
 255 3.720000
 256 4.060000
 257 4.100000
 258 3.770000
 259 3.740000
 260 3.780000
 261 3.780000
 262 4.450000
 263 3.660000
 264 3.630000
 265 3.630000
 266 3.570000
 267 3.670000
 268 3.670000
 269 3.670000
 270 3.700000
 271 3.050000
 272 3.060000
 273 2.990000
 274 3.020000
 275 2.960000
 276 2.970000
 277 2.970000
 278 3.070000
 279 3.980000
 280 3.920000
 281 3.910000
 282 3.760000
 283 3.760000
 284 3.730000
 285 3.770000
 286 4.120000
 287 4.110000
 288 4.120000
 289 4.150000
 290 4.160000
 291 4.450000
 292 4.550000
 293 4.550000
 294 4.560000
 295 4.390000
 296 4.420000
 297 4.380000
 298 4.310000
 299 4.220000
 300 4.210000
 301 4.210000
 302 4.270000
 303 4.310000
 304 4.290000
 305 4.360000
 306 4.360000
 307 4.420000
 308 4.450000
 309 4.450000
 310 4.420000
 311 4.420000
 312 3.460000
 313 3.460000
 314 3.440000
 315 3.470000
 316 3.480000
 317 4.350000
 318 4.320000
 319 4.350000
 320 4.300000
 321 4.300000
 322 4.300000
 323 4.270000
 324 4.270000
 325 4.250000
 326 4.250000
 327 3.960000
 328 3.960000
 329 3.970000
 330 4.170000
 331 4.210000
 332 4.180000
 333 4.180000
 334 4.150000
 335 4.160000
 336 4.150000
 337 4.160000
 338 4.130000
 339 4.120000
 340 4.100000
 341 4.070000
 342 4.070000
 343 4.070000
 344 4.070000
 345 4.050000
 346 4.020000
 347 4.010000
 348 4.010000
 349 4.000000
 350 4.010000
 351 4.010000
 352 3.980000
 353 3.980000
 354 3.980000
 355 3.980000
 356 3.950000
 357 3.960000
 358 3.930000
 359 3.930000
 360 3.960000
 361 3.070000
 362 3.020000
 363 3.050000
 364 3.070000
 365 3.100000
 366 2.930000
 367 2.980000
 368 2.990000
 369 2.980000
 370 2.980000
 371 3.860000
 372 3.010000
 373 3.070000
 374 2.960000
 375 3.070000
 376 3.070000
 377 3.100000
 378 3.070000
 379 3.070000
 380 3.070000
 381 3.100000
 382 2.980000
 383 2.980000
 384 2.980000
 385 2.950000
 386 3.030000
 387 3.090000
 388 2.980000
 389 2.960000
 390 2.980000
 391 2.970000
 392 2.950000
 393 2.980000
 394 2.960000
 395 2.930000
 396 3.040000
 397 2.990000
 398 2.990000
 399 3.020000
 400 3.020000
 401 2.960000
 402 2.950000
 403 3.020000
 404 3.020000
 405 3.020000
 406 2.980000
 407 2.960000
 408 3.040000
 409 3.010000
 410 2.970000
 411 2.980000
 412 3.130000
 413 3.030000
 414 3.030000
 415 3.040000
 416 3.030000
 417 3.030000
 418 3.050000
 419 3.080000
 420 3.080000
 421 3.050000
 422 3.080000
 423 3.060000
 424 3.080000
 425 3.180000
 426 3.080000
 427 3.090000
 428 3.110000
 429 3.110000
 430 3.180000
 431 3.180000
 432 3.210000
 433 3.260000
 434 3.210000
 435 3.210000
 436 3.220000
 437 3.210000
 438 3.240000
 439 3.230000
 440 3.270000
 441 3.240000
 442 3.270000
 443 3.290000
 444 3.270000
 445 3.280000
 446 3.280000
 447 3.210000
 448 3.280000
 449 3.280000
 450 3.270000
 451 3.260000
 452 3.290000
 453 3.240000
 454 3.230000
 455 3.240000
 456 3.240000
 457 3.220000
 458 3.220000
 459 3.220000
 460 3.190000
 461 3.200000
 462 3.160000
 463 3.140000
 464 3.180000
 465 4.490000
 466 4.180000
 467 4.120000
 468 4.140000
 469 3.140000
 470 3.090000
 471 3.090000
 472 3.090000
 473 3.260000
 474 3.400000
 475 3.720000
 476 3.610000
 477 3.560000
 478 3.560000
 479 3.560000
 480 3.560000
 481 3.560000
 482 3.590000
 483 3.590000
 484 3.560000
 485 3.590000
 486 3.440000
 487 3.340000
 488 3.610000
 489 3.610000
 490 3.610000
 491 3.610000
 492 3.610000
 493 3.540000
 494 3.560000
 495 3.560000
 496 3.560000
 497 3.590000
 498 3.590000
 499 3.590000
 500 3.590000
 501 3.560000
 502 3.590000
 503 3.590000
 504 3.590000
 505 3.610000
 506 3.610000
 507 3.610000
 508 3.610000
 509 3.640000
 510 3.640000
 511 3.640000
 512 3.660000
 513 3.660000
 514 3.640000
 515 3.670000
 516 3.590000
 517 3.570000
 518 3.540000
 519 3.180000
 520 3.090000
 521 3.080000
 522 3.380000
 523 3.350000
 524 3.310000
 525 3.280000
 526 3.260000
 527 3.010000
 528 2.960000
 529 2.920000
 530 2.980000
 531 2.950000
 532 2.960000
 533 2.980000
 534 2.920000
 535 2.840000
 536 2.810000
 537 2.900000
 538 3.030000
 539 2.920000
 540 3.000000
 541 3.130000
 542 3.000000
 543 2.970000
 544 3.050000
 545 3.120000
 546 3.050000
 547 2.970000
 548 2.980000
 549 3.040000
 550 2.970000
 551 3.000000
 552 3.000000
 553 2.970000
 554 2.990000
 555 3.020000
 556 2.700000
 557 2.680000
 558 2.680000
 559 2.670000
 560 2.670000
 561 2.670000
 562 2.620000
 563 2.620000
 564 2.610000
 565 2.580000
 566 2.570000
 567 2.570000
 568 2.520000
 569 2.520000
 570 2.500000
 571 2.440000
 572 2.420000
 573 2.390000
 574 2.340000
 575 2.340000
 576 2.320000
 577 2.290000
 578 2.300000
 579 2.220000
 580 2.220000
 581 2.220000
 582 2.220000
 583 2.190000
 584 2.150000
 585 2.170000
 586 2.180000
 587 2.210000
 588 2.070000
 589 2.040000
 590 2.070000
 591 2.130000
 592 2.070000
 593 2.070000
 594 2.100000
 595 2.020000
 596 2.060000
 597 2.050000
 598 2.020000
 599 1.970000
 600 2.000000
 601 1.900000
 602 1.970000
 603 1.970000
 604 1.860000
 605 1.830000
 606 1.820000
 607 1.900000
 608 1.780000
 609 1.900000
 610 1.890000
 611 1.860000
 612 1.850000
 613 1.920000
 614 1.820000
 615 1.820000
 616 1.820000
 617 1.680000
 618 1.790000
 619 1.660000
 620 1.780000
 621 1.840000
 622 1.800000
 623 1.780000
 624 1.790000
 625 1.790000
 626 1.740000
 627 1.690000
 628 1.670000
 629 1.640000
 630 1.610000
 631 1.610000
 632 1.580000
 633 1.550000
 634 1.530000
 635 1.460000
 636 1.430000
 637 1.430000
 638 1.410000
 639 1.380000
 640 1.380000
 641 1.490000
 642 1.520000
 643 1.450000
 644 1.420000
 645 1.470000
 646 1.330000
 647 1.330000
 648 1.510000
 649 1.330000
 650 1.950000
 651 1.300000
 652 1.310000
 653 1.970000
 654 1.280000
 655 1.820000
 656 1.260000
 657 1.260000
 658 1.280000
 659 1.400000
 660 1.340000
 661 1.370000
 662 1.260000
 663 1.330000
 664 1.330000
 665 1.400000
 666 1.340000
 667 1.320000
 668 1.250000
 669 1.370000
 670 1.320000
 671 1.370000
 672 1.350000
 673 1.320000
 674 1.370000
 675 1.320000
 676 1.320000
 677 1.340000
 678 1.250000
 679 1.310000
 680 2.370000
 681 1.340000
 682 1.280000
 683 1.320000
 684 1.200000
 685 1.230000
 686 1.230000
 687 1.180000
 688 1.200000
 689 1.210000
 690 1.180000
 691 1.180000
 692 1.190000
 693 1.160000
 694 1.160000
 695 1.160000
 696 1.240000
 697 1.130000
 698 6.720000
 699 6.710000
 700 6.690000
 701 6.680000
 702 6.650000
 703 5.690000
 704 6.630000
 705 6.600000
 706 6.580000
 707 5.070000
 708 6.550000
 709 6.550000
 710 6.560000
 711 6.530000
 712 6.510000
 713 6.480000
 714 6.480000
 715 6.460000
 716 6.470000
 717 6.430000
 718 5.380000
 719 6.430000
 720 0.770000
 721 0.810000
 722 0.810000
 723 0.790000
 724 0.780000
 725 0.790000
 726 0.800000
 727 0.810000
 728 0.800000
 729 0.780000
 730 0.820000
 731 0.810000
 732 0.810000
 733 0.790000
 734 0.810000
 735 0.820000
 736 0.840000
 737 0.810000
 738 0.840000
 739 0.870000
 740 0.840000
 741 0.870000
 742 0.840000
 743 0.870000
 744 0.870000
 745 0.890000
 746 0.870000
 747 0.890000
 748 0.920000
 749 0.920000
 750 0.920000
 751 0.920000
 752 0.920000
 753 0.920000
 754 0.940000
 755 0.940000
 756 0.940000
 757 0.970000
 758 0.970000
 759 0.950000
 760 0.990000
 0 2.860000
 1 2.880000
 2 2.880000
 3 2.900000
 4 2.890000
 5 2.870000
 6 2.870000
 7 2.860000
 8 2.860000
 9 2.840000
 10 2.850000
 11 2.850000
 12 2.850000
 13 2.840000
 14 2.810000
 15 2.810000
 16 2.810000
 17 2.820000
 18 2.830000
 19 3.260000
 20 2.730000
 21 2.750000
 22 2.750000
 23 2.310000
 24 2.260000
 25 2.260000
 26 2.260000
 27 2.210000
 28 2.200000
 29 2.180000
 30 2.190000
 31 2.220000
 32 2.220000
 33 2.200000
 34 2.200000
 35 2.200000
 36 2.190000
 37 2.180000
 38 2.150000
 39 2.190000
 40 2.190000
 41 2.160000
 42 2.190000
 43 2.190000
 44 2.160000
 45 2.180000
 46 2.180000
 47 2.150000
 48 2.150000
 49 2.160000
 50 2.140000
 51 2.180000
 52 2.150000
 53 2.160000
 54 2.160000
 55 2.160000
 56 2.180000
 57 2.230000
 58 2.230000
 59 2.260000
 60 2.360000
 61 2.430000
 62 2.560000
 63 2.630000
 64 2.630000
 65 2.630000
 66 2.630000
 67 2.630000
 68 2.630000
 69 2.610000
 70 2.600000
 71 2.600000
 72 2.580000
 73 2.590000
 74 2.590000
 75 2.600000
 76 2.610000
 77 2.780000
 78 3.160000
 79 3.150000
 80 3.160000
 81 3.160000
 82 3.190000
 83 3.140000
 84 3.280000
 85 3.320000
 86 3.320000
 87 3.310000
 88 3.310000
 89 3.330000
 90 3.380000
 91 3.380000
 92 3.390000
 93 3.480000
 94 3.260000
 95 1.860000
 96 1.890000
 97 1.870000
 98 1.870000
 99 1.870000
 100 1.860000
 101 1.890000
 102 1.860000
 103 1.860000
 104 1.880000
 105 1.980000
 106 3.640000
 107 3.610000
 108 2.080000
 109 3.660000
 110 3.670000
 111 3.590000
 112 3.590000
 113 3.540000
 114 3.560000
 115 3.600000
 116 3.590000
 117 3.540000
 118 2.680000
 119 2.680000
 120 3.590000
 121 3.560000
 122 3.490000
 123 3.360000
 124 3.390000
 125 3.380000
 126 3.060000
 127 3.010000
 128 3.020000
 129 3.020000
 130 2.800000
 131 2.500000
 132 2.460000
 133 2.470000
 134 2.470000
 135 2.470000
 136 2.470000
 137 2.100000
 138 1.970000
 139 1.920000
 140 1.910000
 141 1.910000
 142 1.910000
 143 1.910000
 144 1.910000
 145 1.910000
 146 1.910000
 147 1.910000
 148 1.920000
 149 3.520000
 150 3.410000
 151 3.430000
 152 3.520000
 153 3.110000
 154 3.080000
 155 3.100000
 156 3.100000
 157 3.070000
 158 3.100000
 159 3.090000
 160 4.690000
 161 4.080000
 162 4.130000
 163 2.620000
 164 2.540000
 165 2.540000
 166 2.540000
 167 2.550000
 168 2.550000
 169 2.520000
 170 2.550000
 171 2.560000
 172 4.760000
 173 4.760000
 174 4.760000
 175 4.780000
 176 2.310000
 177 2.090000
 178 2.030000
 179 2.020000
 180 2.020000
 181 1.990000
 182 2.010000
 183 2.010000
 184 1.990000
 185 2.010000
 186 2.010000
 187 2.010000
 188 1.990000
 189 2.000000
 190 2.230000
 191 2.230000
 192 2.270000
 193 2.200000
 194 2.230000
 195 2.220000
 196 2.220000
 197 2.190000
 198 2.220000
 199 2.210000
 200 2.210000
 201 2.180000
 202 2.160000
 203 2.190000
 204 2.180000
 205 2.180000
 206 2.180000
 207 2.230000
 208 2.250000
 209 2.250000
 210 2.300000
 211 2.300000
 212 2.330000
 213 2.330000
 214 2.360000
 215 2.360000
 216 2.360000
 217 2.380000
 218 2.400000
 219 2.450000
 220 2.440000
 221 5.030000
 222 4.430000
 223 4.410000
 224 4.410000
 225 4.400000
 226 4.420000
 227 4.410000
 228 4.410000
 229 4.430000
 230 4.430000
 231 4.410000
 232 2.840000
 233 2.780000
 234 2.760000
 235 2.720000
 236 2.730000
 237 2.730000
 238 2.720000
 239 4.450000
 240 4.450000
 241 4.460000
 242 4.490000
 243 4.470000
 244 2.550000
 245 2.570000
 246 2.540000
 247 2.530000
 248 2.530000
 249 2.550000
 250 2.590000
 251 2.490000
 252 3.500000
 253 3.530000
 254 3.580000
 255 3.720000
 256 4.080000
 257 4.100000
 258 3.760000
 259 3.760000
 260 3.760000
 261 3.760000
 262 4.450000
 263 3.670000
 264 3.610000
 265 3.630000
 266 3.560000
 267 3.640000
 268 3.690000
 269 3.690000
 270 3.680000
 271 3.080000
 272 3.030000
 273 2.990000
 274 2.990000
 275 2.960000
 276 2.950000
 277 2.970000
 278 3.090000
 279 3.980000
 280 3.910000
 281 3.910000
 282 3.760000
 283 3.740000
 284 3.760000
 285 3.800000
 286 4.120000
 287 4.110000
 288 4.120000
 289 4.140000
 290 4.200000
 291 4.450000
 292 4.550000
 293 4.550000
 294 4.580000
 295 4.390000
 296 4.420000
 297 4.380000
 298 4.310000
 299 4.250000
 300 4.210000
 301 4.210000
 302 4.270000
 303 4.280000
 304 4.320000
 305 4.330000
 306 4.390000
 307 4.420000
 308 4.420000
 309 4.450000
 310 4.420000
 311 4.420000
 312 3.480000
 313 3.460000
 314 3.460000
 315 3.470000
 316 3.480000
 317 4.350000
 318 4.320000
 319 4.320000
 320 4.300000
 321 4.320000
 322 4.270000
 323 4.270000
 324 4.250000
 325 4.250000
 326 4.220000
 327 3.960000
 328 3.960000
 329 3.970000
 330 4.150000
 331 4.180000
 332 4.160000
 333 4.160000
 334 4.150000
 335 4.160000
 336 4.120000
 337 4.120000
 338 4.130000
 339 4.100000
 340 4.100000
 341 4.070000
 342 4.070000
 343 4.070000
 344 4.050000
 345 4.070000
 346 4.020000
 347 4.030000
 348 4.030000
 349 4.000000
 350 4.030000
 351 4.010000
 352 4.010000
 353 3.980000
 354 3.970000
 355 3.950000
 356 3.950000
 357 3.960000
 358 3.960000
 359 3.930000
 360 3.960000
 361 3.070000
 362 3.040000
 363 3.050000
 364 3.100000
 365 3.070000
 366 2.980000
 367 2.950000
 368 2.990000
 369 2.980000
 370 2.980000
 371 3.860000
 372 2.980000
 373 3.070000
 374 2.960000
 375 3.070000
 376 3.070000
 377 3.100000
 378 3.070000
 379 3.070000
 380 3.050000
 381 3.100000
 382 2.980000
 383 2.980000
 384 2.970000
 385 3.010000
 386 3.060000
 387 3.040000
 388 2.980000
 389 2.960000
 390 2.960000
 391 2.970000
 392 2.980000
 393 2.980000
 394 2.960000
 395 2.960000
 396 3.020000
 397 3.000000
 398 3.020000
 399 3.020000
 400 3.010000
 401 2.960000
 402 2.950000
 403 2.990000
 404 3.040000
 405 3.020000
 406 2.960000
 407 2.960000
 408 3.010000
 409 2.980000
 410 2.990000
 411 2.980000
 412 3.130000
 413 3.040000
 414 3.060000
 415 3.050000
 416 3.010000
 417 3.030000
 418 3.080000
 419 3.050000
 420 3.110000
 421 3.100000
 422 3.100000
 423 3.080000
 424 3.050000
 425 3.060000
 426 3.080000
 427 3.090000
 428 3.110000
 429 3.080000
 430 3.180000
 431 3.210000
 432 3.210000
 433 3.260000
 434 3.230000
 435 3.210000
 436 3.220000
 437 3.230000
 438 3.240000
 439 3.230000
 440 3.270000
 441 3.270000
 442 3.290000
 443 3.320000
 444 3.270000
 445 3.280000
 446 3.260000
 447 3.180000
 448 3.300000
 449 3.250000
 450 3.270000
 451 3.260000
 452 3.260000
 453 3.260000
 454 3.240000
 455 3.240000
 456 3.240000
 457 3.250000
 458 3.240000
 459 3.220000
 460 3.210000
 461 3.200000
 462 3.240000
 463 3.170000
 464 3.160000
 465 4.470000
 466 4.190000
 467 4.150000
 468 4.140000
 469 3.100000
 470 3.090000
 471 3.090000
 472 3.090000
 473 3.260000
 474 3.440000
 475 3.720000
 476 3.640000
 477 3.590000
 478 3.590000
 479 3.590000
 480 3.560000
 481 3.590000
 482 3.590000
 483 3.590000
 484 3.590000
 485 3.590000
 486 3.410000
 487 3.360000
 488 3.610000
 489 3.610000
 490 3.610000
 491 3.610000
 492 3.610000
 493 3.540000
 494 3.560000
 495 3.560000
 496 3.560000
 497 3.560000
 498 3.560000
 499 3.590000
 500 3.590000
 501 3.590000
 502 3.590000
 503 3.610000
 504 3.590000
 505 3.590000
 506 3.610000
 507 3.610000
 508 3.640000
 509 3.640000
 510 3.640000
 511 3.640000
 512 3.660000
 513 3.660000
 514 3.660000
 515 3.670000
 516 3.610000
 517 3.570000
 518 3.520000
 519 3.210000
 520 3.090000
 521 3.100000
 522 3.410000
 523 3.370000
 524 3.330000
 525 3.280000
 526 3.280000
 527 2.980000
 528 2.960000
 529 2.930000
 530 2.980000
 531 2.950000
 532 2.960000
 533 2.980000
 534 2.940000
 535 2.840000
 536 2.830000
 537 2.930000
 538 3.010000
 539 2.920000
 540 2.970000
 541 3.120000
 542 3.020000
 543 2.970000
 544 3.020000
 545 3.120000
 546 3.020000
 547 2.970000
 548 2.980000
 549 3.040000
 550 2.970000
 551 3.000000
 552 3.000000
 553 2.970000
 554 2.990000
 555 2.990000
 556 2.720000
 557 2.680000
 558 2.680000
 559 2.670000
 560 2.670000
 561 2.670000
 562 2.650000
 563 2.620000
 564 2.610000
 565 2.610000
 566 2.570000
 567 2.430000
 568 2.520000
 569 2.540000
 570 2.500000
 571 2.450000
 572 2.420000
 573 2.420000
 574 2.340000
 575 2.340000
 576 2.320000
 577 2.290000
 578 2.290000
 579 2.240000
 580 2.190000
 581 2.220000
 582 2.220000
 583 2.180000
 584 2.140000
 585 2.170000
 586 2.180000
 587 2.180000
 588 2.070000
 589 2.030000
 590 2.100000
 591 2.160000
 592 2.070000
 593 2.050000
 594 2.110000
 595 2.050000
 596 2.060000
 597 2.050000
 598 2.020000
 599 1.970000
 600 1.970000
 601 1.900000
 602 1.970000
 603 1.950000
 604 1.860000
 605 1.830000
 606 1.820000
 607 1.900000
 608 1.780000
 609 1.900000
 610 1.870000
 611 1.830000
 612 1.850000
 613 1.890000
 614 1.790000
 615 1.820000
 616 1.820000
 617 1.840000
 618 1.790000
 619 1.630000
 620 1.760000
 621 1.820000
 622 1.830000
 623 1.800000
 624 1.770000
 625 1.770000
 626 1.720000
 627 1.720000
 628 1.690000
 629 1.670000
 630 1.640000
 631 1.610000
 632 1.550000
 633 1.520000
 634 1.530000
 635 1.430000
 636 1.430000
 637 1.430000
 638 1.410000
 639 1.400000
 640 1.380000
 641 1.490000
 642 1.380000
 643 1.470000
 644 1.450000
 645 1.470000
 646 1.330000
 647 1.330000
 648 1.510000
 649 1.310000
 650 1.750000
 651 1.300000
 652 1.310000
 653 1.950000
 654 1.280000
 655 1.970000
 656 1.260000
 657 1.280000
 658 1.280000
 659 1.370000
 660 1.340000
 661 1.370000
 662 1.280000
 663 1.330000
 664 1.330000
 665 1.420000
 666 1.340000
 667 1.320000
 668 1.250000
 669 1.370000
 670 1.340000
 671 1.370000
 672 1.340000
 673 1.290000
 674 1.340000
 675 1.320000
 676 1.320000
 677 1.320000
 678 1.250000
 679 1.310000
 680 2.370000
 681 1.340000
 682 1.280000
 683 1.340000
 684 1.230000
 685 1.190000
 686 1.200000
 687 1.180000
 688 1.200000
 689 1.200000
 690 1.180000
 691 1.180000
 692 1.180000
 693 1.180000
 694 1.160000
 695 1.190000
 696 1.240000
 697 1.160000
 698 6.720000
 699 6.690000
 700 6.670000
 701 6.670000
 702 6.650000
 703 5.690000
 704 6.630000
 705 6.610000
 706 6.600000
 707 5.100000
 708 6.540000
 709 6.560000
 710 6.530000
 711 6.530000
 712 6.530000
 713 6.480000
 714 6.470000
 715 6.480000
 716 6.470000
 717 6.460000
 718 5.410000
 719 6.430000
 720 0.790000
 721 0.810000
 722 0.780000
 723 0.780000
 724 0.770000
 725 0.800000
 726 0.800000
 727 0.790000
 728 0.780000
 729 0.780000
 730 0.810000
 731 0.820000
 732 0.820000
 733 0.820000
 734 0.810000
 735 0.820000
 736 0.840000
 737 0.840000
 738 0.840000
 739 0.840000
 740 0.830000
 741 0.840000
 742 0.840000
 743 0.870000
 744 0.870000
 745 0.870000
 746 0.890000
 747 0.890000
 748 0.890000
 749 0.890000
 750 0.920000
 751 0.920000
 752 0.920000
 753 0.940000
 754 0.940000
 755 0.940000
 756 0.940000
 757 0.970000
 758 0.960000
 759 0.950000
 760 0.960000
 0 2.900000
 1 2.880000
 2 2.880000
 3 2.880000
 4 2.870000
 5 2.870000
 6 2.850000
 7 2.860000
 8 2.860000
 9 2.860000
 10 2.870000
 11 2.850000
 12 2.850000
 13 2.840000
 14 2.830000
 15 2.830000
 16 2.810000
 17 2.800000
 18 2.830000
 19 3.310000
 20 2.760000
 21 2.750000
 22 2.730000
 23 2.340000
 24 2.290000
 25 2.260000
 26 2.260000
 27 2.210000
 28 2.200000
 29 2.220000
 30 2.190000
 31 2.210000
 32 2.220000
 33 2.200000
 34 2.200000
 35 2.200000
 36 2.180000
 37 2.190000
 38 2.180000
 39 2.190000
 40 2.160000
 41 2.190000
 42 2.160000
 43 2.190000
 44 2.170000
 45 2.150000
 46 2.150000
 47 2.150000
 48 2.180000
 49 2.150000
 50 2.140000
 51 2.150000
 52 2.180000
 53 2.130000
 54 2.190000
 55 2.180000
 56 2.210000
 57 2.230000
 58 2.230000
 59 2.260000
 60 2.330000
 61 2.430000
 62 2.560000
 63 2.630000
 64 2.630000
 65 2.630000
 66 2.630000
 67 2.630000
 68 2.610000
 69 2.590000
 70 2.570000
 71 2.600000
 72 2.600000
 73 2.590000
 74 2.590000
 75 2.600000
 76 2.640000
 77 2.810000
 78 3.160000
 79 3.150000
 80 3.130000
 81 3.190000
 82 3.190000
 83 3.140000
 84 3.280000
 85 3.290000
 86 3.290000
 87 3.300000
 88 3.300000
 89 3.330000
 90 3.350000
 91 3.380000
 92 3.370000
 93 3.480000
 94 3.260000
 95 1.880000
 96 1.890000
 97 1.870000
 98 1.900000
 99 1.900000
 100 1.860000
 101 1.860000
 102 1.890000
 103 1.890000
 104 1.880000
 105 1.980000
 106 3.610000
 107 3.610000
 108 2.110000
 109 3.640000
 110 3.650000
 111 3.590000
 112 3.590000
 113 3.540000
 114 3.560000
 115 3.600000
 116 3.560000
 117 3.540000
 118 2.710000
 119 2.680000
 120 3.590000
 121 3.590000
 122 3.510000
 123 3.360000
 124 3.390000
 125 3.380000
 126 3.060000
 127 3.040000
 128 3.050000
 129 3.020000
 130 2.820000
 131 2.500000
 132 2.460000
 133 2.450000
 134 2.470000
 135 2.470000
 136 2.470000
 137 2.090000
 138 1.970000
 139 1.890000
 140 1.910000
 141 1.910000
 142 1.890000
 143 1.910000
 144 1.910000
 145 1.910000
 146 1.890000
 147 1.910000
 148 1.930000
 149 3.520000
 150 3.410000
 151 3.430000
 152 3.520000
 153 3.130000
 154 3.080000
 155 3.070000
 156 3.070000
 157 3.100000
 158 3.100000
 159 3.090000
 160 4.690000
 161 4.080000
 162 4.130000
 163 2.620000
 164 2.540000
 165 2.540000
 166 2.550000
 167 2.520000
 168 2.550000
 169 2.550000
 170 2.550000
 171 2.560000
 172 4.760000
 173 4.760000
 174 4.760000
 175 4.760000
 176 2.340000
 177 2.070000
 178 2.070000
 179 2.040000
 180 2.000000
 181 1.980000
 182 1.990000
 183 2.010000
 184 2.010000
 185 2.010000
 186 2.010000
 187 2.010000
 188 2.010000
 189 2.000000
 190 2.240000
 191 2.260000
 192 2.250000
 193 2.230000
 194 2.200000
 195 2.200000
 196 2.220000
 197 2.180000
 198 2.200000
 199 2.210000
 200 2.180000
 201 2.180000
 202 2.160000
 203 2.190000
 204 2.170000
 205 2.180000
 206 2.210000
 207 2.230000
 208 2.250000
 209 2.280000
 210 2.280000
 211 2.300000
 212 2.330000
 213 2.360000
 214 2.360000
 215 2.360000
 216 2.360000
 217 2.380000
 218 2.400000
 219 2.430000
 220 2.440000
 221 5.020000
 222 4.440000
 223 4.410000
 224 4.430000
 225 4.420000
 226 4.420000
 227 4.410000
 228 4.430000
 229 4.430000
 230 4.430000
 231 4.410000
 232 2.840000
 233 2.780000
 234 2.760000
 235 2.740000
 236 2.710000
 237 2.710000
 238 2.740000
 239 4.450000
 240 4.480000
 241 4.460000
 242 4.460000
 243 4.470000
 244 2.510000
 245 2.550000
 246 2.520000
 247 2.530000
 248 2.560000
 249 2.550000
 250 2.590000
 251 2.510000
 252 3.530000
 253 3.520000
 254 3.580000
 255 3.720000
 256 4.050000
 257 4.130000
 258 3.760000
 259 3.760000
 260 3.760000
 261 3.780000
 262 4.450000
 263 3.650000
 264 3.640000
 265 3.630000
 266 3.580000
 267 3.670000
 268 3.690000
 269 3.690000
 270 3.680000
 271 3.050000
 272 3.030000
 273 2.990000
 274 3.020000
 275 2.980000
 276 2.970000
 277 3.000000
 278 3.070000
 279 3.980000
 280 3.920000
 281 3.930000
 282 3.760000
 283 3.740000
 284 3.730000
 285 3.770000
 286 4.130000
 287 4.110000
 288 4.120000
 289 4.140000
 290 4.180000
 291 4.450000
 292 4.550000
 293 4.550000
 294 4.560000
 295 4.370000
 296 4.420000
 297 4.380000
 298 4.340000
 299 4.220000
 300 4.210000
 301 4.210000
 302 4.240000
 303 4.280000
 304 4.320000
 305 4.360000
 306 4.390000
 307 4.420000
 308 4.420000
 309 4.420000
 310 4.420000
 311 4.420000
 312 3.480000
 313 3.460000
 314 3.440000
 315 3.470000
 316 3.480000
 317 4.350000
 318 4.350000
 319 4.320000
 320 4.320000
 321 4.300000
 322 4.300000
 323 4.270000
 324 4.270000
 325 4.250000
 326 4.220000
 327 3.960000
 328 3.960000
 329 3.950000
 330 4.170000
 331 4.180000
 332 4.160000
 333 4.150000
 334 4.150000
 335 4.130000
 336 4.160000
 337 4.120000
 338 4.100000
 339 4.100000
 340 4.070000
 341 4.070000
 342 4.100000
 343 4.070000
 344 4.070000
 345 4.050000
 346 4.020000
 347 4.030000
 348 4.010000
 349 4.000000
 350 4.030000
 351 4.010000
 352 4.010000
 353 4.010000
 354 3.980000
 355 3.950000
 356 3.950000
 357 3.960000
 358 3.930000
 359 3.930000
 360 3.930000
 361 3.090000
 362 3.010000
 363 3.030000
 364 3.070000
 365 3.100000
 366 2.980000
 367 2.990000
 368 2.990000
 369 2.980000
 370 2.980000
 371 3.860000
 372 2.980000
 373 3.100000
 374 2.930000
 375 3.070000
 376 3.070000
 377 3.100000
 378 3.100000
 379 3.070000
 380 3.070000
 381 3.100000
 382 3.000000
 383 2.980000
 384 2.970000
 385 2.950000
 386 3.070000
 387 3.070000
 388 3.010000
 389 2.960000
 390 2.980000
 391 2.970000
 392 2.980000
 393 2.960000
 394 2.960000
 395 2.990000
 396 3.020000
 397 3.000000
 398 2.990000
 399 3.020000
 400 2.990000
 401 2.960000
 402 2.950000
 403 2.990000
 404 3.040000
 405 3.020000
 406 2.980000
 407 2.980000
 408 3.010000
 409 2.980000
 410 2.990000
 411 2.980000
 412 3.130000
 413 3.030000
 414 3.050000
 415 3.040000
 416 3.030000
 417 3.020000
 418 3.060000
 419 3.080000
 420 3.100000
 421 3.080000
 422 3.080000
 423 3.060000
 424 3.050000
 425 3.060000
 426 3.080000
 427 3.070000
 428 3.130000
 429 3.080000
 430 3.180000
 431 3.210000
 432 3.210000
 433 3.230000
 434 3.230000
 435 3.210000
 436 3.230000
 437 3.230000
 438 3.240000
 439 3.230000
 440 3.270000
 441 3.270000
 442 3.270000
 443 3.290000
 444 3.270000
 445 3.260000
 446 3.280000
 447 3.180000
 448 3.280000
 449 3.270000
 450 3.240000
 451 3.260000
 452 3.260000
 453 3.260000
 454 3.260000
 455 3.240000
 456 3.240000
 457 3.220000
 458 3.220000
 459 3.210000
 460 3.190000
 461 3.240000
 462 3.160000
 463 3.140000
 464 3.160000
 465 4.490000
 466 4.190000
 467 4.130000
 468 4.130000
 469 3.110000
 470 3.090000
 471 3.100000
 472 3.090000
 473 3.260000
 474 3.430000
 475 3.740000
 476 3.610000
 477 3.560000
 478 3.560000
 479 3.560000
 480 3.590000
 481 3.590000
 482 3.560000
 483 3.590000
 484 3.590000
 485 3.560000
 486 3.410000
 487 3.360000
 488 3.610000
 489 3.610000
 490 3.610000
 491 3.610000
 492 3.610000
 493 3.560000
 494 3.560000
 495 3.560000
 496 3.560000
 497 3.590000
 498 3.560000
 499 3.560000
 500 3.590000
 501 3.590000
 502 3.610000
 503 3.590000
 504 3.610000
 505 3.610000
 506 3.610000
 507 3.610000
 508 3.610000
 509 3.640000
 510 3.640000
 511 3.660000
 512 3.660000
 513 3.640000
 514 3.660000
 515 3.640000
 516 3.640000
 517 3.570000
 518 3.540000
 519 3.180000
 520 3.080000
 521 3.070000
 522 3.380000
 523 3.350000
 524 3.330000
 525 3.310000
 526 3.280000
 527 3.010000
 528 2.960000
 529 2.930000
 530 2.960000
 531 2.950000
 532 2.960000
 533 2.980000
 534 2.940000
 535 2.860000
 536 2.830000
 537 2.930000
 538 3.030000
 539 2.950000
 540 2.970000
 541 3.100000
 542 3.000000
 543 2.970000
 544 3.050000
 545 3.100000
 546 3.050000
 547 2.970000
 548 3.010000
 549 3.040000
 550 2.970000
 551 3.020000
 552 2.970000
 553 2.970000
 554 2.990000
 555 2.990000
 556 2.740000
 557 2.680000
 558 2.700000
 559 2.700000
 560 2.670000
 561 2.670000
 562 2.620000
 563 2.620000
 564 2.610000
 565 2.610000
 566 2.570000
 567 2.570000
 568 2.520000
 569 2.520000
 570 2.490000
 571 2.440000
 572 2.440000
 573 2.420000
 574 2.340000
 575 2.340000
 576 2.290000
 577 2.270000
 578 2.290000
 579 2.220000
 580 2.190000
 581 2.220000
 582 2.220000
 583 2.180000
 584 2.140000
 585 2.170000
 586 2.180000
 587 2.210000
 588 2.090000
 589 2.060000
 590 2.070000
 591 2.130000
 592 2.070000
 593 2.070000
 594 2.110000
 595 2.020000
 596 2.070000
 597 2.070000
 598 2.020000
 599 2.000000
 600 1.970000
 601 1.900000
 602 1.950000
 603 1.980000
 604 1.830000
 605 1.830000
 606 1.790000
 607 1.920000
 608 1.780000
 609 1.780000
 610 1.870000
 611 1.830000
 612 1.850000
 613 1.890000
 614 1.790000
 615 1.850000
 616 1.800000
 617 1.840000
 618 1.810000
 619 1.630000
 620 1.780000
 621 1.820000
 622 1.830000
 623 1.790000
 624 1.770000
 625 1.770000
 626 1.740000
 627 1.720000
 628 1.670000
 629 1.670000
 630 1.610000
 631 1.580000
 632 1.580000
 633 1.530000
 634 1.530000
 635 1.430000
 636 1.430000
 637 1.430000
 638 1.430000
 639 1.400000
 640 1.380000
 641 1.490000
 642 1.520000
 643 1.470000
 644 1.450000
 645 1.470000
 646 1.350000
 647 1.330000
 648 1.450000
 649 1.330000
 650 1.900000
 651 1.330000
 652 1.310000
 653 1.950000
 654 1.280000
 655 1.740000
 656 1.290000
 657 1.260000
 658 1.250000
 659 1.390000
 660 1.340000
 661 1.370000
 662 1.260000
 663 1.330000
 664 1.340000
 665 1.420000
 666 1.370000
 667 1.340000
 668 1.250000
 669 1.370000
 670 1.320000
 671 1.390000
 672 1.320000
 673 1.310000
 674 1.340000
 675 1.340000
 676 1.320000
 677 1.310000
 678 1.250000
 679 1.320000
 680 2.320000
 681 1.340000
 682 1.280000
 683 1.320000
 684 1.230000
 685 1.190000
 686 1.230000
 687 1.180000
 688 1.210000
 689 1.210000
 690 1.160000
 691 1.180000
 692 1.180000
 693 1.160000
 694 1.160000
 695 1.190000
 696 1.210000
 697 1.150000
 698 6.720000
 699 6.690000
 700 6.690000
 701 6.670000
 702 6.650000
 703 5.680000
 704 6.610000
 705 6.600000
 706 6.580000
 707 5.080000
 708 6.580000
 709 6.560000
 710 6.530000
 711 6.500000
 712 6.510000
 713 6.510000
 714 6.490000
 715 6.470000
 716 6.460000
 717 6.430000
 718 5.380000
 719 6.430000
 720 0.770000
 721 0.810000
 722 0.810000
 723 0.810000
 724 0.770000
 725 0.780000
 726 0.780000
 727 0.790000
 728 0.810000
 729 0.780000
 730 0.780000
 731 0.820000
 732 0.820000
 733 0.820000
 734 0.820000
 735 0.810000
 736 0.810000
 737 0.840000
 738 0.840000
 739 0.840000
 740 0.830000
 741 0.840000
 742 0.870000
 743 0.870000
 744 0.870000
 745 0.870000
 746 0.890000
 747 0.890000
 748 0.890000
 749 0.920000
 750 0.920000
 751 0.920000
 752 0.940000
 753 0.920000
 754 0.940000
 755 0.940000
 756 0.940000
 757 0.970000
 758 0.970000
 759 0.980000
 760 0.970000