
 0 3.160000
 1 3.140000
 2 3.140000
 3 3.110000
 4 3.010000
 5 3.140000
 6 3.140000
 7 3.010000
 8 3.050000
 9 3.030000
 10 3.010000
 11 3.030000
 12 3.160000
 13 3.140000
 14 3.060000
 15 3.070000
 16 3.030000
 17 3.160000
 18 3.160000
 19 3.140000
 20 3.140000
 21 3.160000
 22 3.140000
 23 3.020000
 24 3.030000
 25 3.060000
 26 3.040000
 27 3.140000
 28 3.010000
 29 2.980000
 30 2.980000
 31 3.140000
 32 3.090000
 33 2.960000
 34 3.110000
 35 3.090000
 36 2.900000
 37 2.720000
 38 2.360000
 39 2.170000
 40 2.160000
 41 2.160000
 42 2.150000
 43 2.150000
 44 2.140000
 45 2.140000
 46 2.150000
 47 2.150000
 48 2.150000
 49 2.120000
 50 2.150000
 51 2.170000
 52 2.220000
 53 2.260000
 54 2.240000
 55 2.200000
 56 2.190000
 57 2.190000
 58 2.190000
 59 2.210000
 60 2.200000
 61 2.200000
 62 2.200000
 63 2.210000
 64 2.180000
 65 2.190000
 66 2.190000
 67 2.190000
 68 2.200000
 69 2.220000
 70 2.230000
 71 2.220000
 72 2.210000
 73 2.210000
 74 2.210000
 75 2.200000
 76 2.260000
 77 2.350000
 78 2.240000
 79 2.200000
 80 2.170000
 81 2.200000
 82 2.200000
 83 2.240000
 84 2.230000
 85 2.250000
 86 2.240000
 87 2.250000
 88 2.230000
 89 2.240000
 90 2.240000
 91 2.250000
 92 2.270000
 93 2.280000
 94 2.260000
 95 2.260000
 96 2.230000
 97 2.240000
 98 2.220000
 99 2.220000
 100 2.240000
 101 2.280000
 102 2.280000
 103 2.300000
 104 2.300000
 105 2.300000
 106 2.300000
 107 2.300000
 108 2.290000
 109 2.300000
 110 2.300000
 111 2.300000
 112 2.340000
 113 2.320000
 114 2.350000
 115 2.350000
 116 2.310000
 117 2.330000
 118 2.320000
 119 2.350000
 120 2.470000
 121 2.390000
 122 2.350000
 123 2.340000
 124 2.320000
 125 2.310000
 126 2.350000
 127 2.400000
 128 2.400000
 129 2.400000
 130 2.410000
 131 2.390000
 132 2.400000
 133 2.410000
 134 2.400000
 135 2.410000
 136 2.410000
 137 2.390000
 138 2.390000
 139 2.360000
 140 2.390000
 141 2.410000
 142 2.420000
 143 2.420000
 144 2.440000
 145 2.460000
 146 3.560000
 147 3.600000
 148 3.630000
 149 3.520000
 150 3.630000
 151 3.590000
 152 3.560000
 153 3.580000
 154 3.510000
 155 3.420000
 156 3.410000
 157 3.410000
 158 3.420000
 159 3.410000
 160 3.420000
 161 3.430000
 162 3.420000
 163 3.420000
 164 3.430000
 165 3.460000
 166 3.450000
 167 1.280000
 168 1.270000
 169 1.290000
 170 1.260000
 171 1.260000
 172 1.240000
 173 1.240000
 174 1.240000
 175 1.210000
 176 1.240000
 177 1.210000
 178 1.210000
 179 1.230000
 180 1.230000
 181 1.230000
 182 1.250000
 183 1.250000
 184 1.250000
 185 1.250000
 186 1.270000
 187 1.260000
 188 3.930000
 189 3.930000
 190 3.940000
 191 3.950000
 192 4.000000
 193 4.000000
 194 4.000000
 195 3.980000
 196 4.110000
 197 4.110000
 198 4.060000
 199 4.130000
 200 4.140000
 201 4.180000
 202 4.060000
 203 4.220000
 204 4.130000
 205 4.100000
 206 4.130000
 207 4.160000
 208 4.180000
 209 4.160000
 210 4.180000
 211 4.180000
 212 4.230000
 213 4.230000
 214 4.260000
 215 4.280000
 216 4.270000
 217 4.270000
 218 4.300000
 219 1.750000
 220 1.740000
 221 1.710000
 222 1.710000
 223 1.740000
 224 1.710000
 225 1.690000
 226 1.690000
 227 1.200000
 228 1.080000
 229 1.060000
 230 1.040000
 231 1.060000
 232 1.060000
 233 1.040000
 234 1.040000
 235 1.040000
 236 1.040000
 237 1.040000
 238 1.040000
 239 1.010000
 240 1.040000
 241 1.040000
 242 1.010000
 243 1.020000
 244 1.050000
 245 1.070000
 246 1.070000
 247 1.070000
 248 1.100000
 249 1.180000
 250 2.240000
 251 2.240000
 252 2.190000
 253 2.210000
 254 2.210000
 255 2.200000
 256 2.220000
 257 2.250000
 258 2.260000
 259 4.730000
 260 4.730000
 261 4.710000
 262 4.710000
 263 4.780000
 264 4.780000
 265 1.670000
 266 1.570000
 267 1.560000
 268 1.590000
 269 1.560000
 270 1.560000
 271 1.560000
 272 1.560000
 273 1.590000
 274 1.560000
 275 1.560000
 276 1.560000
 277 1.570000
 278 1.590000
 279 1.620000
 280 4.580000
 281 4.570000
 282 4.530000
 283 4.530000
 284 4.540000
 285 2.100000
 286 2.110000
 287 2.110000
 288 2.110000
 289 2.140000
 290 2.110000
 291 2.140000
 292 2.140000
 293 2.110000
 294 2.180000
 295 4.410000
 296 4.420000
 297 4.420000
 298 4.420000
 299 4.430000
 300 4.380000
 301 4.380000
 302 4.410000
 303 4.310000
 304 4.310000
 305 4.280000
 306 4.280000
 307 0.960000
 308 0.960000
 309 0.940000
 310 0.960000
 311 0.940000
 312 0.940000
 313 0.940000
 314 0.940000
 315 0.940000
 316 0.940000
 317 0.940000
 318 0.940000
 319 0.950000
 320 0.950000
 321 0.950000
 322 0.940000
 323 0.940000
 324 0.930000
 325 0.970000
 326 1.080000
 327 1.490000
 328 1.520000
 329 1.510000
 330 1.660000
 331 2.090000
 332 2.210000
 333 4.260000
 334 4.250000
 335 4.240000
 336 4.230000
 337 4.230000
 338 4.230000
 339 4.200000
 340 4.210000
 341 4.180000
 342 4.180000
 343 4.210000
 344 0.780000
 345 0.710000
 346 0.770000
 347 4.140000
 348 4.160000
 349 4.160000
 350 4.100000
 351 4.080000
 352 4.100000
 353 4.110000
 354 4.070000
 355 4.070000
 356 4.100000
 357 4.090000
 358 4.120000
 359 4.110000
 360 4.110000
 361 4.100000
 362 4.100000
 363 4.100000
 364 4.100000
 365 4.140000
 366 4.050000
 367 4.040000
 368 4.090000
 369 4.650000
 370 5.010000
 371 5.000000
 372 2.430000
 373 2.520000
 374 4.990000
 375 4.990000
 376 4.990000
 377 5.020000
 378 5.010000
 379 2.230000
 380 2.320000
 381 2.390000
 382 4.970000
 383 5.010000
 384 5.010000
 385 5.050000
 386 4.980000
 387 4.220000
 388 4.860000
 389 4.860000
 390 4.960000
 391 4.260000
 392 4.170000
 393 4.200000
 394 4.260000
 395 4.810000
 396 4.780000
 397 4.710000
 398 4.690000
 399 4.670000
 400 4.570000
 401 4.490000
 402 4.560000
 403 4.540000
 404 4.560000
 405 4.490000
 406 4.510000
 407 4.340000
 408 4.270000
 409 4.270000
 410 4.290000
 411 4.290000
 412 4.370000
 413 4.280000
 414 4.230000
 415 4.260000
 416 4.290000
 417 4.390000
 418 4.360000
 419 4.320000
 420 4.280000
 421 4.270000
 422 4.230000
 423 4.260000
 424 4.030000
 425 4.010000
 426 3.900000
 427 3.790000
 428 3.660000
 429 3.690000
 430 3.670000
 431 3.620000
 432 3.620000
 433 3.590000
 434 3.600000
 435 3.570000
 436 3.570000
 437 3.520000
 438 3.520000
 439 3.530000
 440 3.530000
 441 3.510000
 442 3.510000
 443 3.510000
 444 3.540000
 445 3.580000
 446 3.580000
 447 3.580000
 448 3.580000
 449 3.580000
 450 3.530000
 451 3.530000
 452 3.520000
 453 3.530000
 454 3.570000
 455 3.560000
 456 3.500000
 457 3.490000
 458 3.430000
 459 3.440000
 460 3.490000
 461 3.490000
 462 3.480000
 463 3.480000
 464 3.510000
 465 3.510000
 466 3.510000
 467 3.510000
 468 3.430000
 469 3.490000
 470 3.480000
 471 3.480000
 472 3.470000
 473 3.450000
 474 3.450000
 475 3.430000
 476 3.450000
 477 3.400000
 478 3.330000
 479 3.400000
 480 3.410000
 481 3.430000
 482 3.380000
 483 3.380000
 484 3.360000
 485 3.330000
 486 3.280000
 487 3.280000
 488 3.260000
 489 3.260000
 490 3.260000
 491 3.200000
 492 3.180000
 493 3.160000
 494 3.150000
 495 3.160000
 496 3.130000
 497 3.100000
 498 3.100000
 499 3.110000
 500 3.080000
 501 3.060000
 502 3.050000
 503 3.050000
 504 3.060000
 505 3.030000
 506 3.060000
 507 3.030000
 508 3.050000
 509 3.030000
 510 3.050000
 511 3.060000
 512 3.050000
 513 3.070000
 514 3.040000
 515 2.560000
 516 2.510000
 517 2.390000
 518 2.180000
 519 2.150000
 520 2.140000
 521 2.060000
 522 2.040000
 523 2.030000
 524 2.030000
 525 2.040000
 526 1.970000
 527 1.980000
 528 1.960000
 529 1.950000
 530 1.990000
 531 1.960000
 532 1.940000
 533 3.030000
 534 3.030000
 535 3.010000
 536 3.010000
 537 2.990000
 538 3.010000
 539 3.020000
 540 3.050000
 541 3.020000
 542 3.040000
 543 3.020000
 544 2.990000
 545 3.030000
 546 3.020000
 547 3.010000
 548 3.040000
 549 3.040000
 550 3.030000
 551 3.040000
 552 3.040000
 553 3.070000
 554 3.070000
 555 1.820000
 556 1.820000
 557 1.780000
 558 1.770000
 559 1.780000
 560 1.770000
 561 1.780000
 562 1.800000
 563 1.800000
 564 1.800000
 565 1.820000
 566 1.820000
 567 1.820000
 568 1.820000
 569 1.850000
 570 1.850000
 571 1.870000
 572 1.850000
 573 1.850000
 574 1.900000
 575 1.870000
 576 1.900000
 577 1.920000
 578 1.900000
 579 1.910000
 580 1.920000
 581 1.950000
 582 1.950000
 583 1.950000
 584 2.000000
 585 1.970000
 586 2.020000
 587 2.000000
 588 2.030000
 589 2.020000
 590 2.050000
 591 2.050000
 592 2.080000
 593 2.100000
 594 2.100000
 595 2.130000
 596 2.130000
 597 2.150000
 598 2.180000
 599 2.180000
 600 2.200000
 601 2.230000
 602 2.210000
 603 2.230000
 604 2.200000
 605 2.230000
 606 2.250000
 607 2.250000
 608 2.280000
 609 2.280000
 610 1.400000
 611 1.430000
 612 1.400000
 613 1.400000
 614 1.390000
 615 1.400000
 616 1.420000
 617 1.420000
 618 1.450000
 619 1.450000
 620 1.450000
 621 1.470000
 622 1.470000
 623 1.470000
 624 1.470000
 625 1.500000
 626 1.500000
 627 1.500000
 628 1.520000
 629 1.540000
 630 1.540000
 631 1.540000
 632 1.560000
 633 1.560000
 634 1.560000
 635 1.590000
 636 1.590000
 637 1.610000
 638 1.610000
 639 1.610000
 640 1.640000
 641 1.660000
 642 1.660000
 643 1.690000
 644 1.710000
 645 1.710000
 646 1.710000
 647 1.730000
 648 1.760000
 649 1.780000
 650 1.790000
 651 1.780000
 652 1.810000
 653 1.830000
 654 1.830000
 655 1.860000
 656 1.880000
 657 1.880000
 658 1.910000
 659 3.430000
 660 3.410000
 661 3.390000
 662 3.390000
 663 3.410000
 664 3.380000
 665 3.380000
 666 3.370000
 667 3.340000
 668 3.320000
 669 3.320000
 670 3.320000
 671 3.270000
 672 3.270000
 673 3.240000
 674 3.240000
 675 3.240000
 676 3.230000
 677 3.260000
 678 3.260000
 679 3.220000
 680 3.240000
 681 3.220000
 682 3.220000
 683 3.220000
 684 3.220000
 685 3.220000
 686 3.250000
 687 3.280000
 688 3.280000
 689 3.300000
 690 3.300000
 691 3.280000
 692 3.290000
 693 3.290000
 694 3.290000
 695 3.320000
 696 3.330000
 697 3.320000
 698 3.340000
 699 3.340000
 700 3.370000
 701 3.370000
 702 3.340000
 703 3.390000
 704 3.390000
 705 3.050000
 706 2.880000
 707 2.870000
 708 1.580000
 709 1.550000
 710 3.480000
 711 3.540000
 712 3.530000
 713 3.560000
 714 3.560000
 715 3.590000
 716 3.640000
 717 3.660000
 718 3.640000
 719 3.690000
 720 3.700000
 721 3.730000
 722 3.730000
 723 3.770000
 724 3.770000
 725 3.770000
 726 3.770000
 727 3.790000
 728 3.790000
 729 3.790000
 730 3.800000
 731 3.810000
 732 3.810000
 733 3.820000
 734 3.850000
 735 3.880000
 736 3.890000
 737 3.890000
 738 3.940000
 739 3.520000
 740 3.360000
 741 2.910000
 742 2.910000
 743 2.900000
 744 3.570000
 745 3.990000
 746 3.970000
 747 3.990000
 748 3.990000
 749 3.960000
 750 3.990000
 751 3.990000
 752 3.990000
 753 3.990000
 754 3.980000
 755 4.030000
 756 4.010000
 757 4.040000
 758 4.040000
 759 4.050000
 760 4.050000
 0 3.160000
 1 3.140000
 2 3.140000
 3 3.140000
 4 3.000000
 5 3.140000
 6 3.140000
 7 3.030000
 8 3.050000
 9 3.050000
 10 3.040000
 11 3.060000
 12 3.190000
 13 3.160000
 14 3.060000
 15 3.010000
 16 3.050000
 17 3.160000
 18 3.190000
 19 3.140000
 20 3.110000
 21 3.160000
 22 3.140000
 23 3.020000
 24 3.000000
 25 3.030000
 26 3.040000
 27 3.160000
 28 2.980000
 29 2.980000
 30 2.980000
 31 3.110000
 32 3.110000
 33 2.980000
 34 3.110000
 35 3.090000
 36 2.900000
 37 2.700000
 38 2.360000
 39 2.160000
 40 2.180000
 41 2.140000
 42 2.150000
 43 2.150000
 44 2.140000
 45 2.140000
 46 2.120000
 47 2.150000
 48 2.150000
 49 2.120000
 50 2.150000
 51 2.150000
 52 2.240000
 53 2.290000
 54 2.240000
 55 2.200000
 56 2.160000
 57 2.190000
 58 2.190000
 59 2.190000
 60 2.200000
 61 2.200000
 62 2.220000
 63 2.210000
 64 2.180000
 65 2.160000
 66 2.160000
 67 2.190000
 68 2.200000
 69 2.220000
 70 2.230000
 71 2.230000
 72 2.240000
 73 2.210000
 74 2.190000
 75 2.230000
 76 2.240000
 77 2.330000
 78 2.200000
 79 2.190000
 80 2.190000
 81 2.190000
 82 2.200000
 83 2.240000
 84 2.250000
 85 2.250000
 86 2.240000
 87 2.230000
 88 2.230000
 89 2.240000
 90 2.260000
 91 2.240000
 92 2.270000
 93 2.280000
 94 2.260000
 95 2.240000
 96 2.240000
 97 2.240000
 98 2.220000
 99 2.240000
 100 2.240000
 101 2.280000
 102 2.280000
 103 2.280000
 104 2.280000
 105 2.290000
 106 2.290000
 107 2.290000
 108 2.310000
 109 2.300000
 110 2.300000
 111 2.330000
 112 2.310000
 113 2.340000
 114 2.320000
 115 2.340000
 116 2.340000
 117 2.330000
 118 2.330000
 119 2.350000
 120 2.500000
 121 2.390000
 122 2.340000
 123 2.310000
 124 2.320000
 125 2.340000
 126 2.350000
 127 2.390000
 128 2.370000
 129 2.390000
 130 2.410000
 131 2.410000
 132 2.420000
 133 2.410000
 134 2.390000
 135 2.390000
 136 2.410000
 137 2.390000
 138 2.390000
 139 2.390000
 140 2.390000
 141 2.390000
 142 2.430000
 143 2.420000
 144 2.440000
 145 2.480000
 146 3.580000
 147 3.570000
 148 3.630000
 149 3.520000
 150 3.650000
 151 3.590000
 152 3.560000
 153 3.560000
 154 3.520000
 155 3.420000
 156 3.410000
 157 3.420000
 158 3.430000
 159 3.400000
 160 3.410000
 161 3.430000
 162 3.420000
 163 3.420000
 164 3.430000
 165 3.460000
 166 3.450000
 167 1.250000
 168 1.270000
 169 1.260000
 170 1.240000
 171 1.260000
 172 1.260000
 173 1.260000
 174 1.240000
 175 1.240000
 176 1.240000
 177 1.210000
 178 1.210000
 179 1.230000
 180 1.230000
 181 1.230000
 182 1.250000
 183 1.250000
 184 1.250000
 185 1.280000
 186 1.290000
 187 1.260000
 188 3.940000
 189 3.930000
 190 3.930000
 191 3.950000
 192 3.980000
 193 3.990000
 194 3.990000
 195 3.990000
 196 4.110000
 197 4.110000
 198 4.080000
 199 4.130000
 200 4.140000
 201 4.170000
 202 4.050000
 203 4.080000
 204 4.130000
 205 4.100000
 206 4.130000
 207 4.150000
 208 4.150000
 209 4.180000
 210 4.180000
 211 4.180000
 212 4.230000
 213 4.230000
 214 4.250000
 215 4.280000
 216 4.270000
 217 4.270000
 218 4.300000
 219 1.750000
 220 1.740000
 221 1.710000
 222 1.740000
 223 1.710000
 224 1.710000
 225 1.710000
 226 1.690000
 227 1.180000
 228 1.050000
 229 1.040000
 230 1.060000
 231 1.040000
 232 1.040000
 233 1.040000
 234 1.040000
 235 1.040000
 236 1.040000
 237 1.040000
 238 1.040000
 239 1.040000
 240 1.040000
 241 1.010000
 242 1.010000
 243 1.050000
 244 1.050000
 245 1.070000
 246 1.070000
 247 1.100000
 248 1.100000
 249 1.200000
 250 2.210000
 251 2.210000
 252 2.210000
 253 2.210000
 254 2.210000
 255 2.180000
 256 2.220000
 257 2.250000
 258 2.260000
 259 4.730000
 260 4.700000
 261 4.700000
 262 4.680000
 263 4.780000
 264 4.810000
 265 1.670000
 266 1.600000
 267 1.590000
 268 1.560000
 269 1.560000
 270 1.560000
 271 1.560000
 272 1.590000
 273 1.560000
 274 1.560000
 275 1.590000
 276 1.560000
 277 1.560000
 278 1.600000
 279 1.620000
 280 4.580000
 281 4.570000
 282 4.560000
 283 4.530000
 284 4.540000
 285 2.130000
 286 2.140000
 287 2.140000
 288 2.110000
 289 2.110000
 290 2.110000
 291 2.110000
 292 2.110000
 293 2.110000
 294 2.210000
 295 4.420000
 296 4.420000
 297 4.450000
 298 4.420000
 299 4.420000
 300 4.380000
 301 4.380000
 302 4.410000
 303 4.280000
 304 4.280000
 305 4.300000
 306 4.270000
 307 0.980000
 308 0.960000
 309 0.940000
 310 0.940000
 311 0.940000
 312 0.940000
 313 0.940000
 314 0.910000
 315 0.960000
 316 0.940000
 317 0.940000
 318 0.940000
 319 0.920000
 320 0.940000
 321 0.940000
 322 0.940000
 323 0.940000
 324 0.930000
 325 0.970000
 326 1.080000
 327 1.490000
 328 1.520000
 329 1.500000
 330 1.660000
 331 2.090000
 332 2.210000
 333 4.240000
 334 4.240000
 335 4.260000
 336 4.230000
 337 4.230000
 338 4.210000
 339 4.200000
 340 4.210000
 341 4.160000
 342 4.210000
 343 4.210000
 344 0.810000
 345 0.710000
 346 0.770000
 347 4.140000
 348 4.130000
 349 4.160000
 350 4.120000
 351 4.080000
 352 4.080000
 353 4.110000
 354 4.070000
 355 4.070000
 356 4.080000
 357 4.080000
 358 4.120000
 359 4.100000
 360 4.130000
 361 4.100000
 362 4.100000
 363 4.130000
 364 4.100000
 365 4.120000
 366 4.050000
 367 4.040000
 368 4.090000
 369 4.650000
 370 4.980000
 371 5.010000
 372 2.430000
 373 2.490000
 374 5.020000
 375 5.020000
 376 5.020000
 377 5.020000
 378 5.020000
 379 2.230000
 380 2.320000
 381 2.370000
 382 5.000000
 383 4.980000
 384 4.980000
 385 5.050000
 386 5.050000
 387 4.220000
 388 4.860000
 389 4.860000
 390 4.970000
 391 4.230000
 392 4.190000
 393 4.170000
 394 4.230000
 395 4.830000
 396 4.780000
 397 4.710000
 398 4.660000
 399 4.630000
 400 4.530000
 401 4.460000
 402 4.540000
 403 4.530000
 404 4.560000
 405 4.480000
 406 4.480000
 407 4.320000
 408 4.270000
 409 4.270000
 410 4.280000
 411 4.290000
 412 4.340000
 413 4.280000
 414 4.260000
 415 4.250000
 416 4.290000
 417 4.390000
 418 4.370000
 419 4.320000
 420 4.230000
 421 4.230000
 422 4.240000
 423 4.220000
 424 4.160000
 425 3.930000
 426 3.820000
 427 3.740000
 428 3.660000
 429 3.690000
 430 3.640000
 431 3.620000
 432 3.650000
 433 3.590000
 434 3.600000
 435 3.570000
 436 3.550000
 437 3.520000
 438 3.530000
 439 3.500000
 440 3.500000
 441 3.500000
 442 3.480000
 443 3.480000
 444 3.540000
 445 3.550000
 446 3.580000
 447 3.580000
 448 3.560000
 449 3.560000
 450 3.530000
 451 3.530000
 452 3.490000
 453 3.530000
 454 3.540000
 455 3.530000
 456 3.470000
 457 3.440000
 458 3.420000
 459 3.420000
 460 3.480000
 461 3.470000
 462 3.480000
 463 3.460000
 464 3.480000
 465 3.530000
 466 3.480000
 467 3.510000
 468 3.450000
 469 3.470000
 470 3.510000
 471 3.450000
 472 3.470000
 473 3.440000
 474 3.450000
 475 3.460000
 476 3.420000
 477 3.420000
 478 3.280000
 479 3.410000
 480 3.330000
 481 3.410000
 482 3.380000
 483 3.360000
 484 3.360000
 485 3.360000
 486 3.310000
 487 3.260000
 488 3.220000
 489 3.220000
 490 3.250000
 491 3.210000
 492 3.170000
 493 3.130000
 494 3.170000
 495 3.120000
 496 3.160000
 497 3.100000
 498 3.100000
 499 3.070000
 500 3.080000
 501 3.060000
 502 3.060000
 503 3.050000
 504 3.050000
 505 3.060000
 506 3.020000
 507 3.020000
 508 3.020000
 509 3.020000
 510 3.040000
 511 3.020000
 512 3.050000
 513 3.070000
 514 3.040000
 515 2.550000
 516 2.500000
 517 2.410000
 518 2.190000
 519 2.130000
 520 2.110000
 521 2.070000
 522 2.040000
 523 2.030000
 524 2.030000
 525 2.030000
 526 2.000000
 527 1.980000
 528 1.980000
 529 2.000000
 530 1.970000
 531 1.960000
 532 1.940000
 533 3.030000
 534 3.030000
 535 3.010000
 536 3.010000
 537 3.020000
 538 3.010000
 539 3.020000
 540 3.020000
 541 3.020000
 542 3.020000
 543 3.020000
 544 3.020000
 545 3.020000
 546 3.020000
 547 3.020000
 548 3.030000
 549 3.020000
 550 3.010000
 551 3.040000
 552 3.030000
 553 3.070000
 554 3.070000
 555 1.810000
 556 1.810000
 557 1.760000
 558 1.750000
 559 1.800000
 560 1.770000
 561 1.800000
 562 1.800000
 563 1.800000
 564 1.830000
 565 1.820000
 566 1.820000
 567 1.820000
 568 1.820000
 569 1.850000
 570 1.870000
 571 1.850000
 572 1.870000
 573 1.870000
 574 1.870000
 575 1.900000
 576 1.900000
 577 1.920000
 578 1.900000
 579 1.910000
 580 1.920000
 581 1.950000
 582 1.950000
 583 1.950000
 584 1.970000
 585 2.000000
 586 2.020000
 587 2.000000
 588 2.030000
 589 2.050000
 590 2.030000
 591 2.050000
 592 2.080000
 593 2.080000
 594 2.100000
 595 2.100000
 596 2.130000
 597 2.130000
 598 2.180000
 599 2.180000
 600 2.200000
 601 2.200000
 602 2.230000
 603 2.230000
 604 2.200000
 605 2.200000
 606 2.230000
 607 2.250000
 608 2.250000
 609 2.300000
 610 1.420000
 611 1.430000
 612 1.390000
 613 1.400000
 614 1.390000
 615 1.400000
 616 1.420000
 617 1.400000
 618 1.420000
 619 1.450000
 620 1.450000
 621 1.450000
 622 1.470000
 623 1.460000
 624 1.470000
 625 1.500000
 626 1.500000
 627 1.520000
 628 1.520000
 629 1.550000
 630 1.510000
 631 1.540000
 632 1.560000
 633 1.560000
 634 1.560000
 635 1.590000
 636 1.590000
 637 1.610000
 638 1.610000
 639 1.640000
 640 1.660000
 641 1.660000
 642 1.660000
 643 1.680000
 644 1.690000
 645 1.710000
 646 1.740000
 647 1.740000
 648 1.730000
 649 1.780000
 650 1.780000
 651 1.780000
 652 1.840000
 653 1.830000
 654 1.860000
 655 1.860000
 656 1.880000
 657 1.880000
 658 1.920000
 659 3.410000
 660 3.410000
 661 3.390000
 662 3.370000
 663 3.410000
 664 3.400000
 665 3.370000
 666 3.340000
 667 3.340000
 668 3.320000
 669 3.320000
 670 3.300000
 671 3.300000
 672 3.240000
 673 3.240000
 674 3.240000
 675 3.220000
 676 3.220000
 677 3.230000
 678 3.260000
 679 3.250000
 680 3.220000
 681 3.240000
 682 3.220000
 683 3.240000
 684 3.220000
 685 3.220000
 686 3.250000
 687 3.250000
 688 3.270000
 689 3.280000
 690 3.270000
 691 3.270000
 692 3.290000
 693 3.300000
 694 3.300000
 695 3.320000
 696 3.320000
 697 3.320000
 698 3.350000
 699 3.370000
 700 3.370000
 701 3.370000
 702 3.340000
 703 3.390000
 704 3.420000
 705 3.070000
 706 2.880000
 707 2.900000
 708 1.610000
 709 1.570000
 710 3.480000
 711 3.530000
 712 3.530000
 713 3.580000
 714 3.560000
 715 3.610000
 716 3.610000
 717 3.650000
 718 3.630000
 719 3.700000
 720 3.680000
 721 3.730000
 722 3.730000
 723 3.770000
 724 3.740000
 725 3.770000
 726 3.770000
 727 3.790000
 728 3.760000
 729 3.780000
 730 3.800000
 731 3.810000
 732 3.830000
 733 3.840000
 734 3.860000
 735 3.880000
 736 3.910000
 737 3.890000
 738 3.930000
 739 3.520000
 740 3.350000
 741 2.910000
 742 2.910000
 743 2.900000
 744 3.550000
 745 3.960000
 746 3.970000
 747 3.990000
 748 3.970000
 749 3.980000
 750 3.980000
 751 3.980000
 752 3.980000
 753 3.980000
 754 3.980000
 755 4.010000
 756 4.000000
 757 4.030000
 758 4.010000
 759 4.050000
 760 4.060000
 0 2.980000
 1 3.140000
 2 3.140000
 3 3.110000
 4 3.010000
 5 3.110000
 6 3.110000
 7 3.030000
 8 3.050000
 9 3.190000
 10 3.070000
 11 3.060000
 12 3.190000
 13 3.140000
 14 3.040000
 15 3.060000
 16 3.030000
 17 3.160000
 18 3.160000
 19 3.140000
 20 3.140000
 21 3.140000
 22 3.140000
 23 3.000000
 24 3.030000
 25 3.010000
 26 3.040000
 27 3.160000
 28 3.010000
 29 3.010000
 30 3.010000
 31 3.110000
 32 3.090000
 33 2.980000
 34 3.110000
 35 3.090000
 36 2.900000
 37 2.690000
 38 2.360000
 39 2.170000
 40 2.160000
 41 2.140000
 42 2.150000
 43 2.130000
 44 2.140000
 45 2.140000
 46 2.150000
 47 2.150000
 48 2.120000
 49 2.150000
 50 2.150000
 51 2.150000
 52 2.220000
 53 2.260000
 54 2.240000
 55 2.180000
 56 2.190000
 57 2.190000
 58 2.210000
 59 2.190000
 60 2.200000
 61 2.200000
 62 2.220000
 63 2.190000
 64 2.180000
 65 2.160000
 66 2.160000
 67 2.190000
 68 2.200000
 69 2.220000
 70 2.230000
 71 2.220000
 72 2.190000
 73 2.210000
 74 2.200000
 75 2.200000
 76 2.240000
 77 2.330000
 78 2.200000
 79 2.200000
 80 2.170000
 81 2.170000
 82 2.200000
 83 2.240000
 84 2.250000
 85 2.250000
 86 2.240000
 87 2.250000
 88 2.230000
 89 2.240000
 90 2.260000
 91 2.270000
 92 2.270000
 93 2.250000
 94 2.260000
 95 2.240000
 96 2.240000
 97 2.240000
 98 2.220000
 99 2.250000
 100 2.240000
 101 2.280000
 102 2.280000
 103 2.280000
 104 2.280000
 105 2.320000
 106 2.300000
 107 2.320000
 108 2.310000
 109 2.300000
 110 2.300000
 111 2.330000
 112 2.310000
 113 2.320000
 114 2.320000
 115 2.320000
 116 2.310000
 117 2.350000
 118 2.330000
 119 2.350000
 120 2.470000
 121 2.390000
 122 2.340000
 123 2.310000
 124 2.320000
 125 2.310000
 126 2.350000
 127 2.400000
 128 2.400000
 129 2.400000
 130 2.410000
 131 2.390000
 132 2.400000
 133 2.410000
 134 2.420000
 135 2.410000
 136 2.390000
 137 2.390000
 138 2.390000
 139 2.390000
 140 2.410000
 141 2.410000
 142 2.460000
 143 2.420000
 144 2.420000
 145 2.460000
 146 3.560000
 147 3.600000
 148 3.630000
 149 3.520000
 150 3.630000
 151 3.560000
 152 3.560000
 153 3.580000
 154 3.520000
 155 3.420000
 156 3.410000
 157 3.410000
 158 3.430000
 159 3.400000
 160 3.420000
 161 3.410000
 162 3.420000
 163 3.420000
 164 3.430000
 165 3.430000
 166 3.450000
 167 1.260000
 168 1.270000
 169 1.260000
 170 1.260000
 171 1.240000
 172 1.240000
 173 1.260000
 174 1.260000
 175 1.240000
 176 1.240000
 177 1.240000
 178 1.210000
 179 1.230000
 180 1.230000
 181 1.230000
 182 1.250000
 183 1.250000
 184 1.250000
 185 1.280000
 186 1.300000
 187 1.260000
 188 3.920000
 189 3.940000
 190 3.950000
 191 3.950000
 192 3.980000
 193 4.010000
 194 3.980000
 195 4.010000
 196 4.110000
 197 4.110000
 198 4.090000
 199 4.130000
 200 4.120000
 201 4.170000
 202 4.060000
 203 4.220000
 204 4.130000
 205 4.100000
 206 4.130000
 207 4.160000
 208 4.160000
 209 4.160000
 210 4.240000
 211 4.180000
 212 4.230000
 213 4.260000
 214 4.280000
 215 4.260000
 216 4.270000
 217 4.300000
 218 4.300000
 219 1.770000
 220 1.710000
 221 1.710000
 222 1.710000
 223 1.710000
 224 1.710000
 225 1.710000
 226 1.690000
 227 1.200000
 228 1.050000
 229 1.040000
 230 1.060000
 231 1.060000
 232 1.040000
 233 1.010000
 234 1.040000
 235 1.040000
 236 1.040000
 237 1.040000
 238 1.040000
 239 1.040000
 240 1.010000
 241 1.040000
 242 1.040000
 243 1.020000
 244 1.050000
 245 1.070000
 246 1.050000
 247 1.070000
 248 1.100000
 249 1.180000
 250 2.210000
 251 2.240000
 252 2.210000
 253 2.210000
 254 2.210000
 255 2.200000
 256 2.220000
 257 2.250000
 258 2.260000
 259 4.760000
 260 4.730000
 261 4.710000
 262 4.680000
 263 4.810000
 264 4.780000
 265 1.640000
 266 1.600000
 267 1.590000
 268 1.560000
 269 1.560000
 270 1.560000
 271 1.560000
 272 1.560000
 273 1.560000
 274 1.560000
 275 1.560000
 276 1.560000
 277 1.590000
 278 1.590000
 279 1.650000
 280 4.580000
 281 4.570000
 282 4.560000
 283 4.530000
 284 4.540000
 285 2.130000
 286 2.110000
 287 2.110000
 288 2.110000
 289 2.110000
 290 2.140000
 291 2.110000
 292 2.110000
 293 2.140000
 294 2.210000
 295 4.440000
 296 4.420000
 297 4.420000
 298 4.420000
 299 4.420000
 300 4.380000
 301 4.380000
 302 4.410000
 303 4.410000
 304 4.280000
 305 4.280000
 306 4.270000
 307 0.960000
 308 0.940000
 309 0.940000
 310 0.940000
 311 0.960000
 312 0.940000
 313 0.940000
 314 0.940000
 315 0.940000
 316 0.940000
 317 0.940000
 318 0.910000
 319 0.950000
 320 0.950000
 321 0.950000
 322 0.950000
 323 0.940000
 324 0.950000
 325 0.970000
 326 1.080000
 327 1.490000
 328 1.500000
 329 1.500000
 330 1.680000
 331 2.060000
 332 2.210000
 333 4.260000
 334 4.240000
 335 4.240000
 336 4.230000
 337 4.260000
 338 4.230000
 339 4.230000
 340 4.210000
 341 4.180000
 342 4.210000
 343 4.210000
 344 0.780000
 345 0.710000
 346 0.800000
 347 4.140000
 348 4.130000
 349 4.130000
 350 4.130000
 351 4.080000
 352 4.070000
 353 4.110000
 354 4.100000
 355 4.100000
 356 4.090000
 357 4.090000
 358 4.120000
 359 4.100000
 360 4.110000
 361 4.100000
 362 4.100000
 363 4.130000
 364 4.110000
 365 4.140000
 366 4.060000
 367 4.040000
 368 4.090000
 369 4.650000
 370 5.010000
 371 5.030000
 372 2.420000
 373 2.450000
 374 5.010000
 375 4.990000
 376 4.990000
 377 4.990000
 378 4.990000
 379 2.260000
 380 2.300000
 381 2.400000
 382 4.970000
 383 4.980000
 384 5.010000
 385 5.050000
 386 4.980000
 387 4.240000
 388 4.860000
 389 4.860000
 390 4.990000
 391 4.230000
 392 4.200000
 393 4.200000
 394 4.240000
 395 4.840000
 396 4.800000
 397 4.700000
 398 4.680000
 399 4.660000
 400 4.540000
 401 4.490000
 402 4.540000
 403 4.540000
 404 4.560000
 405 4.520000
 406 4.500000
 407 4.340000
 408 4.270000
 409 4.240000
 410 4.320000
 411 4.290000
 412 4.340000
 413 4.300000
 414 4.260000
 415 4.260000
 416 4.270000
 417 4.390000
 418 4.360000
 419 4.320000
 420 4.260000
 421 4.230000
 422 4.240000
 423 4.260000
 424 4.150000
 425 3.960000
 426 3.920000
 427 3.790000
 428 3.660000
 429 3.660000
 430 3.640000
 431 3.640000
 432 3.620000
 433 3.590000
 434 3.570000
 435 3.550000
 436 3.550000
 437 3.520000
 438 3.520000
 439 3.510000
 440 3.510000
 441 3.510000
 442 3.510000
 443 3.510000
 444 3.570000
 445 3.580000
 446 3.580000
 447 3.580000
 448 3.560000
 449 3.530000
 450 3.530000
 451 3.530000
 452 3.520000
 453 3.560000
 454 3.570000
 455 3.520000
 456 3.520000
 457 3.470000
 458 3.480000
 459 3.410000
 460 3.470000
 461 3.440000
 462 3.500000
 463 3.480000
 464 3.510000
 465 3.530000
 466 3.510000
 467 3.480000
 468 3.480000
 469 3.480000
 470 3.480000
 471 3.480000
 472 3.480000
 473 3.480000
 474 3.450000
 475 3.460000
 476 3.400000
 477 3.420000
 478 3.330000
 479 3.410000
 480 3.360000
 481 3.410000
 482 3.410000
 483 3.410000
 484 3.350000
 485 3.330000
 486 3.310000
 487 3.250000
 488 3.260000
 489 3.220000
 490 3.260000
 491 3.230000
 492 3.180000
 493 3.160000
 494 3.150000
 495 3.160000
 496 3.130000
 497 3.110000
 498 3.100000
 499 3.090000
 500 3.110000
 501 3.080000
 502 3.050000
 503 3.080000
 504 3.060000
 505 3.030000
 506 3.030000
 507 3.040000
 508 3.050000
 509 3.030000
 510 3.050000
 511 3.050000
 512 3.050000
 513 3.060000
 514 3.040000
 515 2.560000
 516 2.490000
 517 2.410000
 518 2.200000
 519 2.120000
 520 2.100000
 521 2.090000
 522 2.040000
 523 2.030000
 524 2.050000
 525 2.030000
 526 2.010000
 527 1.980000
 528 1.960000
 529 1.970000
 530 1.970000
 531 1.940000
 532 1.940000
 533 3.030000
 534 3.030000
 535 3.010000
 536 3.010000
 537 3.000000
 538 3.010000
 539 3.020000
 540 3.020000
 541 3.040000
 542 3.020000
 543 3.020000
 544 2.990000
 545 3.020000
 546 3.040000
 547 3.040000
 548 3.020000
 549 3.040000
 550 3.030000
 551 3.040000
 552 3.040000
 553 3.070000
 554 3.070000
 555 1.770000
 556 1.810000
 557 1.760000
 558 1.770000
 559 1.770000
 560 1.780000
 561 1.780000
 562 1.800000
 563 1.800000
 564 1.800000
 565 1.820000
 566 1.820000
 567 1.850000
 568 1.850000
 569 1.820000
 570 1.850000
 571 1.850000
 572 1.870000
 573 1.870000
 574 1.870000
 575 1.900000
 576 1.900000
 577 1.920000
 578 1.890000
 579 1.910000
 580 1.920000
 581 1.950000
 582 1.970000
 583 1.970000
 584 1.970000
 585 2.000000
 586 2.000000
 587 2.020000
 588 2.030000
 589 2.050000
 590 2.030000
 591 2.080000
 592 2.080000
 593 2.100000
 594 2.100000
 595 2.130000
 596 2.150000
 597 2.150000
 598 2.180000
 599 2.180000
 600 2.200000
 601 2.200000
 602 2.230000
 603 2.250000
 604 2.200000
 605 2.200000
 606 2.250000
 607 2.250000
 608 2.280000
 609 2.280000
 610 1.420000
 611 1.430000
 612 1.400000
 613 1.410000
 614 1.420000
 615 1.420000
 616 1.420000
 617 1.420000
 618 1.420000
 619 1.420000
 620 1.450000
 621 1.470000
 622 1.450000
 623 1.470000
 624 1.470000
 625 1.500000
 626 1.500000
 627 1.520000
 628 1.520000
 629 1.510000
 630 1.540000
 631 1.540000
 632 1.560000
 633 1.560000
 634 1.560000
 635 1.600000
 636 1.590000
 637 1.590000
 638 1.610000
 639 1.640000
 640 1.640000
 641 1.640000
 642 1.660000
 643 1.690000
 644 1.690000
 645 1.710000
 646 1.710000
 647 1.730000
 648 1.760000
 649 1.760000
 650 1.780000
 651 1.780000
 652 1.830000
 653 1.840000
 654 1.830000
 655 1.880000
 656 1.860000
 657 1.880000
 658 1.920000
 659 3.410000
 660 3.410000
 661 3.370000
 662 3.390000
 663 3.380000
 664 3.380000
 665 3.370000
 666 3.350000
 667 3.340000
 668 3.330000
 669 3.300000
 670 3.290000
 671 3.270000
 672 3.270000
 673 3.240000
 674 3.240000
 675 3.240000
 676 3.250000
 677 3.260000
 678 3.260000
 679 3.240000
 680 3.230000
 681 3.240000
 682 3.220000
 683 3.220000
 684 3.220000
 685 3.240000
 686 3.250000
 687 3.250000
 688 3.280000
 689 3.300000
 690 3.280000
 691 3.280000
 692 3.280000
 693 3.330000
 694 3.290000
 695 3.290000
 696 3.330000
 697 3.320000
 698 3.350000
 699 3.340000
 700 3.370000
 701 3.370000
 702 3.340000
 703 3.390000
 704 3.420000
 705 3.050000
 706 2.880000
 707 2.920000
 708 1.590000
 709 1.570000
 710 3.530000
 711 3.510000
 712 3.540000
 713 3.550000
 714 3.560000
 715 3.600000
 716 3.640000
 717 3.660000
 718 3.630000
 719 3.690000
 720 3.700000
 721 3.730000
 722 3.710000
 723 3.760000
 724 3.760000
 725 3.760000
 726 3.770000
 727 3.790000
 728 3.730000
 729 3.760000
 730 3.800000
 731 3.800000
 732 3.840000
 733 3.810000
 734 3.890000
 735 3.890000
 736 3.860000
 737 3.920000
 738 3.940000
 739 3.550000
 740 3.330000
 741 2.930000
 742 2.910000
 743 2.900000
 744 3.550000
 745 3.950000
 746 3.960000
 747 3.970000
 748 3.970000
 749 3.990000
 750 3.990000
 751 3.990000
 752 3.980000
 753 3.980000
 754 3.980000
 755 4.000000
 756 4.010000
 757 4.040000
 758 4.040000
 759 4.040000
 760 4.050000
 0 3.160000
 1 3.140000
 2 3.140000
 3 3.140000
 4 3.010000
 5 3.140000
 6 3.110000
 7 3.030000
 8 3.050000
 9 3.160000
 10 3.070000
 11 3.060000
 12 3.160000
 13 3.140000
 14 3.040000
 15 3.040000
 16 3.030000
 17 3.160000
 18 3.190000
 19 3.140000
 20 3.110000
 21 3.160000
 22 3.160000
 23 3.030000
 24 3.030000
 25 3.030000
 26 3.040000
 27 3.140000
 28 3.010000
 29 2.980000
 30 2.980000
 31 3.110000
 32 3.110000
 33 2.980000
 34 3.110000
 35 3.110000
 36 2.900000
 37 2.720000
 38 2.360000
 39 2.170000
 40 2.160000
 41 2.140000
 42 2.120000
 43 2.130000
 44 2.140000
 45 2.140000
 46 2.150000
 47 2.150000
 48 2.150000
 49 2.150000
 50 2.150000
 51 2.170000
 52 2.250000
 53 2.290000
 54 2.210000
 55 2.200000
 56 2.160000
 57 2.190000
 58 2.190000
 59 2.190000
 60 2.200000
 61 2.200000
 62 2.220000
 63 2.210000
 64 2.180000
 65 2.190000
 66 2.160000
 67 2.160000
 68 2.200000
 69 2.220000
 70 2.230000
 71 2.230000
 72 2.240000
 73 2.210000
 74 2.200000
 75 2.200000
 76 2.260000
 77 2.350000
 78 2.240000
 79 2.200000
 80 2.170000
 81 2.170000
 82 2.200000
 83 2.240000
 84 2.230000
 85 2.280000
 86 2.250000
 87 2.250000
 88 2.230000
 89 2.240000
 90 2.240000
 91 2.270000
 92 2.270000
 93 2.280000
 94 2.260000
 95 2.260000
 96 2.240000
 97 2.210000
 98 2.220000
 99 2.250000
 100 2.240000
 101 2.280000
 102 2.280000
 103 2.300000
 104 2.280000
 105 2.300000
 106 2.300000
 107 2.320000
 108 2.310000
 109 2.300000
 110 2.300000
 111 2.300000
 112 2.340000
 113 2.320000
 114 2.350000
 115 2.350000
 116 2.340000
 117 2.330000
 118 2.320000
 119 2.350000
 120 2.460000
 121 2.390000
 122 2.340000
 123 2.310000
 124 2.320000
 125 2.340000
 126 2.350000
 127 2.370000
 128 2.370000
 129 2.400000
 130 2.410000
 131 2.390000
 132 2.420000
 133 2.410000
 134 2.420000
 135 2.410000
 136 2.390000
 137 2.390000
 138 2.360000
 139 2.390000
 140 2.360000
 141 2.390000
 142 2.420000
 143 2.420000
 144 2.420000
 145 2.480000
 146 3.560000
 147 3.570000
 148 3.630000
 149 3.520000
 150 3.630000
 151 3.590000
 152 3.580000
 153 3.580000
 154 3.510000
 155 3.420000
 156 3.410000
 157 3.420000
 158 3.430000
 159 3.400000
 160 3.420000
 161 3.410000
 162 3.420000
 163 3.420000
 164 3.430000
 165 3.460000
 166 3.450000
 167 1.260000
 168 1.270000
 169 1.260000
 170 1.260000
 171 1.260000
 172 1.240000
 173 1.240000
 174 1.260000
 175 1.240000
 176 1.210000
 177 1.240000
 178 1.240000
 179 1.230000
 180 1.230000
 181 1.250000
 182 1.250000
 183 1.230000
 184 1.250000
 185 1.250000
 186 1.270000
 187 1.280000
 188 3.950000
 189 3.940000
 190 3.930000
 191 3.950000
 192 4.000000
 193 4.020000
 194 4.030000
 195 4.020000
 196 4.110000
 197 4.110000
 198 4.090000
 199 4.130000
 200 4.130000
 201 4.180000
 202 4.080000
 203 4.080000
 204 4.110000
 205 4.160000
 206 4.130000
 207 4.160000
 208 4.180000
 209 4.180000
 210 4.180000
 211 4.210000
 212 4.210000
 213 4.230000
 214 4.260000
 215 4.260000
 216 4.300000
 217 4.300000
 218 4.320000
 219 1.750000
 220 1.710000
 221 1.710000
 222 1.740000
 223 1.710000
 224 1.710000
 225 1.710000
 226 1.690000
 227 1.200000
 228 1.080000
 229 1.060000
 230 1.060000
 231 1.060000
 232 1.060000
 233 1.040000
 234 1.040000
 235 1.040000
 236 1.040000
 237 1.010000
 238 1.040000
 239 1.040000
 240 1.040000
 241 1.040000
 242 1.040000
 243 1.050000
 244 1.070000
 245 1.050000
 246 1.050000
 247 1.100000
 248 1.090000
 249 1.180000
 250 2.210000
 251 2.210000
 252 2.210000
 253 2.190000
 254 2.190000
 255 2.180000
 256 2.220000
 257 2.250000
 258 2.260000
 259 4.760000
 260 4.730000
 261 4.710000
 262 4.810000
 263 4.810000
 264 4.810000
 265 1.670000
 266 1.570000
 267 1.590000
 268 1.560000
 269 1.560000
 270 1.560000
 271 1.560000
 272 1.560000
 273 1.560000
 274 1.560000
 275 1.560000
 276 1.560000
 277 1.600000
 278 1.590000
 279 1.620000
 280 4.580000
 281 4.570000
 282 4.530000
 283 4.530000
 284 4.530000
 285 2.130000
 286 2.110000
 287 2.110000
 288 2.110000
 289 2.110000
 290 2.110000
 291 2.110000
 292 2.110000
 293 2.110000
 294 2.180000
 295 4.440000
 296 4.420000
 297 4.450000
 298 4.420000
 299 4.430000
 300 4.380000
 301 4.380000
 302 4.410000
 303 4.280000
 304 4.280000
 305 4.280000
 306 0.990000
 307 0.960000
 308 0.940000
 309 0.940000
 310 0.940000
 311 0.940000
 312 0.960000
 313 0.940000
 314 0.940000
 315 0.940000
 316 0.940000
 317 0.940000
 318 0.940000
 319 0.920000
 320 0.950000
 321 0.950000
 322 0.910000
 323 0.940000
 324 0.930000
 325 0.970000
 326 1.080000
 327 1.500000
 328 1.500000
 329 1.480000
 330 1.660000
 331 2.060000
 332 2.210000
 333 4.240000
 334 4.240000
 335 4.240000
 336 4.240000
 337 4.230000
 338 4.210000
 339 4.200000
 340 4.210000
 341 4.160000
 342 4.180000
 343 4.210000
 344 0.780000
 345 0.710000
 346 0.800000
 347 4.140000
 348 4.160000
 349 4.160000
 350 4.130000
 351 4.110000
 352 4.070000
 353 4.110000
 354 4.080000
 355 4.090000
 356 4.090000
 357 4.090000
 358 4.090000
 359 4.110000
 360 4.110000
 361 4.100000
 362 4.140000
 363 4.130000
 364 4.110000
 365 4.120000
 366 4.080000
 367 4.070000
 368 4.090000
 369 4.670000
 370 4.980000
 371 5.010000
 372 2.430000
 373 5.010000
 374 5.010000
 375 5.020000
 376 4.990000
 377 4.990000
 378 4.990000
 379 2.230000
 380 2.320000
 381 2.380000
 382 4.970000
 383 5.010000
 384 4.980000
 385 5.050000
 386 5.020000
 387 4.240000
 388 4.860000
 389 4.880000
 390 4.990000
 391 4.260000
 392 4.170000
 393 4.200000
 394 4.260000
 395 4.830000
 396 4.800000
 397 4.700000
 398 4.700000
 399 4.660000
 400 4.540000
 401 4.470000
 402 4.540000
 403 4.540000
 404 4.560000
 405 4.490000
 406 4.490000
 407 4.340000
 408 4.280000
 409 4.270000
 410 4.290000
 411 4.290000
 412 4.340000
 413 4.280000
 414 4.230000
 415 4.260000
 416 4.270000
 417 4.390000
 418 4.370000
 419 4.320000
 420 4.280000
 421 4.260000
 422 4.230000
 423 4.230000
 424 3.980000
 425 3.930000
 426 3.790000
 427 3.710000
 428 3.660000
 429 3.610000
 430 3.670000
 431 3.640000
 432 3.590000
 433 3.620000
 434 3.570000
 435 3.570000
 436 3.550000
 437 3.520000
 438 3.530000
 439 3.530000
 440 3.510000
 441 3.510000
 442 3.480000
 443 3.480000
 444 3.570000
 445 3.540000
 446 3.580000
 447 3.550000
 448 3.550000
 449 3.560000
 450 3.530000
 451 3.530000
 452 3.520000
 453 3.530000
 454 3.550000
 455 3.530000
 456 3.470000
 457 3.470000
 458 3.480000
 459 3.420000
 460 3.470000
 461 3.500000
 462 3.480000
 463 3.480000
 464 3.520000
 465 3.510000
 466 3.510000
 467 3.480000
 468 3.430000
 469 3.500000
 470 3.480000
 471 3.480000
 472 3.450000
 473 3.480000
 474 3.450000
 475 3.430000
 476 3.430000
 477 3.410000
 478 3.230000
 479 3.400000
 480 3.380000
 481 3.380000
 482 3.410000
 483 3.360000
 484 3.360000
 485 3.310000
 486 3.280000
 487 3.260000
 488 3.260000
 489 3.220000
 490 3.250000
 491 3.230000
 492 3.180000
 493 3.160000
 494 3.160000
 495 3.160000
 496 3.130000
 497 3.110000
 498 3.110000
 499 3.100000
 500 3.080000
 501 3.080000
 502 3.080000
 503 3.060000
 504 3.020000
 505 3.030000
 506 3.050000
 507 3.040000
 508 3.060000
 509 2.990000
 510 3.030000
 511 3.030000
 512 3.080000
 513 3.050000
 514 3.040000
 515 2.580000
 516 2.510000
 517 2.390000
 518 2.200000
 519 2.150000
 520 2.100000
 521 2.060000
 522 2.040000
 523 2.030000
 524 2.020000
 525 2.030000
 526 2.010000
 527 1.980000
 528 1.960000
 529 1.970000
 530 1.970000
 531 1.990000
 532 1.970000
 533 3.030000
 534 3.010000
 535 3.010000
 536 3.010000
 537 3.020000
 538 3.000000
 539 3.020000
 540 3.020000
 541 3.020000
 542 3.040000
 543 3.020000
 544 3.020000
 545 3.020000
 546 3.040000
 547 3.010000
 548 3.040000
 549 3.040000
 550 3.030000
 551 3.040000
 552 3.040000
 553 3.040000
 554 3.070000
 555 1.820000
 556 1.830000
 557 1.760000
 558 1.770000
 559 1.780000
 560 1.800000
 561 1.780000
 562 1.800000
 563 1.800000
 564 1.820000
 565 1.820000
 566 1.800000
 567 1.820000
 568 1.850000
 569 1.850000
 570 1.850000
 571 1.870000
 572 1.870000
 573 1.870000
 574 1.900000
 575 1.900000
 576 1.900000
 577 1.900000
 578 1.920000
 579 1.920000
 580 1.920000
 581 1.950000
 582 1.950000
 583 1.970000
 584 1.970000
 585 2.000000
 586 2.000000
 587 2.000000
 588 2.030000
 589 2.030000
 590 2.030000
 591 2.050000
 592 2.080000
 593 2.100000
 594 2.100000
 595 2.130000
 596 2.130000
 597 2.150000
 598 2.150000
 599 2.180000
 600 2.200000
 601 2.230000
 602 2.250000
 603 2.240000
 604 2.180000
 605 2.200000
 606 2.230000
 607 2.250000
 608 2.280000
 609 2.280000
 610 1.420000
 611 1.430000
 612 1.430000
 613 1.400000
 614 1.410000
 615 1.400000
 616 1.400000
 617 1.450000
 618 1.420000
 619 1.450000
 620 1.450000
 621 1.450000
 622 1.470000
 623 1.470000
 624 1.500000
 625 1.470000
 626 1.500000
 627 1.520000
 628 1.490000
 629 1.540000
 630 1.540000
 631 1.540000
 632 1.560000
 633 1.560000
 634 1.590000
 635 1.590000
 636 1.590000
 637 1.610000
 638 1.640000
 639 1.640000
 640 1.660000
 641 1.660000
 642 1.690000
 643 1.690000
 644 1.710000
 645 1.710000
 646 1.730000
 647 1.760000
 648 1.760000
 649 1.760000
 650 1.760000
 651 1.780000
 652 1.810000
 653 1.840000
 654 1.860000
 655 1.860000
 656 1.860000
 657 1.910000
 658 1.920000
 659 3.410000
 660 3.380000
 661 3.370000
 662 3.370000
 663 3.380000
 664 3.380000
 665 3.350000
 666 3.350000
 667 3.340000
 668 3.320000
 669 3.330000
 670 3.320000
 671 3.270000
 672 3.270000
 673 3.250000
 674 3.240000
 675 3.240000
 676 3.260000
 677 3.230000
 678 3.260000
 679 3.240000
 680 3.220000
 681 3.220000
 682 3.220000
 683 3.230000
 684 3.240000
 685 3.240000
 686 3.240000
 687 3.280000
 688 3.260000
 689 3.280000
 690 3.280000
 691 3.310000
 692 3.290000
 693 3.320000
 694 3.300000
 695 3.290000
 696 3.330000
 697 3.320000
 698 3.320000
 699 3.350000
 700 3.370000
 701 3.370000
 702 3.370000
 703 3.390000
 704 3.420000
 705 3.050000
 706 2.880000
 707 2.920000
 708 1.590000
 709 1.570000
 710 3.500000
 711 3.540000
 712 3.560000
 713 3.560000
 714 3.540000
 715 3.600000
 716 3.640000
 717 3.640000
 718 3.650000
 719 3.680000
 720 3.710000
 721 3.730000
 722 3.740000
 723 3.740000
 724 3.740000
 725 3.770000
 726 3.760000
 727 3.790000
 728 3.790000
 729 3.790000
 730 3.830000
 731 3.810000
 732 3.840000
 733 3.810000
 734 3.860000
 735 3.890000
 736 3.890000
 737 3.920000
 738 3.930000
 739 3.520000
 740 3.330000
 741 2.910000
 742 2.910000
 743 2.890000
 744 3.550000
 745 3.990000
 746 3.970000
 747 3.990000
 748 3.990000
 749 3.990000
 750 3.990000
 751 3.990000
 752 3.990000
 753 3.990000
 754 3.990000
 755 4.000000
 756 4.000000
 757 4.010000
 758 4.040000
 759 4.060000
 760 4.060000