
 0 2.360000
 1 2.410000
 2 2.490000
 3 2.550000
 4 2.600000
 5 2.650000
 6 2.680000
 7 2.710000
 8 2.610000
 9 2.950000
 10 2.980000
 11 2.970000
 12 3.050000
 13 3.130000
 14 3.100000
 15 3.690000
 16 1.630000
 17 0.860000
 18 0.860000
 19 0.880000
 20 0.880000
 21 0.880000
 22 0.860000
 23 0.880000
 24 0.860000
 25 0.860000
 26 0.880000
 27 0.880000
 28 0.880000
 29 0.880000
 30 0.900000
 31 0.960000
 32 0.860000
 33 2.980000
 34 3.060000
 35 3.050000
 36 2.980000
 37 3.020000
 38 2.980000
 39 2.950000
 40 2.970000
 41 2.980000
 42 3.080000
 43 3.050000
 44 3.030000
 45 2.950000
 46 2.950000
 47 3.060000
 48 2.920000
 49 2.980000
 50 3.060000
 51 3.060000
 52 2.980000
 53 3.150000
 54 2.980000
 55 2.950000
 56 2.980000
 57 2.950000
 58 3.070000
 59 2.950000
 60 2.950000
 61 3.080000
 62 3.080000
 63 2.980000
 64 3.080000
 65 3.080000
 66 2.980000
 67 3.060000
 68 3.020000
 69 2.950000
 70 3.110000
 71 3.110000
 72 2.980000
 73 3.110000
 74 3.130000
 75 3.130000
 76 2.980000
 77 3.110000
 78 3.110000
 79 3.110000
 80 2.970000
 81 3.000000
 82 3.110000
 83 3.060000
 84 2.990000
 85 3.080000
 86 3.080000
 87 2.950000
 88 2.980000
 89 3.060000
 90 3.060000
 91 2.930000
 92 3.080000
 93 3.060000
 94 2.950000
 95 2.940000
 96 2.930000
 97 2.950000
 98 2.830000
 99 2.680000
 100 2.430000
 101 2.160000
 102 2.170000
 103 2.130000
 104 2.090000
 105 2.090000
 106 2.100000
 107 2.100000
 108 2.110000
 109 2.090000
 110 2.110000
 111 2.110000
 112 2.110000
 113 2.140000
 114 2.270000
 115 2.250000
 116 2.240000
 117 2.180000
 118 2.130000
 119 2.130000
 120 2.160000
 121 2.130000
 122 2.170000
 123 2.150000
 124 2.170000
 125 2.160000
 126 2.150000
 127 2.170000
 128 2.150000
 129 2.150000
 130 2.150000
 131 2.190000
 132 2.190000
 133 2.190000
 134 2.160000
 135 2.180000
 136 2.180000
 137 2.180000
 138 2.180000
 139 2.280000
 140 2.280000
 141 2.150000
 142 2.170000
 143 2.140000
 144 2.170000
 145 2.150000
 146 2.210000
 147 2.190000
 148 2.220000
 149 2.220000
 150 2.210000
 151 2.230000
 152 2.210000
 153 2.220000
 154 2.240000
 155 2.240000
 156 2.230000
 157 2.200000
 158 2.200000
 159 2.210000
 160 2.180000
 161 2.190000
 162 2.190000
 163 2.200000
 164 2.250000
 165 2.230000
 166 2.250000
 167 2.250000
 168 2.260000
 169 2.270000
 170 2.290000
 171 2.290000
 172 2.310000
 173 2.280000
 174 2.310000
 175 2.290000
 176 2.320000
 177 2.290000
 178 2.310000
 179 2.300000
 180 2.320000
 181 2.290000
 182 2.340000
 183 2.880000
 184 2.350000
 185 2.340000
 186 2.280000
 187 2.320000
 188 2.320000
 189 2.300000
 190 2.360000
 191 2.370000
 192 2.370000
 193 2.370000
 194 2.360000
 195 2.390000
 196 2.370000
 197 2.380000
 198 2.350000
 199 2.380000
 200 2.360000
 201 2.360000
 202 2.360000
 203 2.360000
 204 2.370000
 205 2.380000
 206 2.390000
 207 2.410000
 208 2.410000
 209 3.490000
 210 3.490000
 211 3.500000
 212 3.540000
 213 3.530000
 214 3.540000
 215 3.530000
 216 3.510000
 217 3.550000
 218 3.540000
 219 3.580000
 220 3.600000
 221 3.480000
 222 3.500000
 223 3.480000
 224 2.560000
 225 2.560000
 226 2.500000
 227 2.480000
 228 2.530000
 229 3.600000
 230 3.580000
 231 2.420000
 232 3.690000
 233 3.600000
 234 3.650000
 235 1.930000
 236 1.920000
 237 1.930000
 238 1.900000
 239 1.880000
 240 1.870000
 241 1.890000
 242 1.880000
 243 1.860000
 244 1.860000
 245 1.880000
 246 1.850000
 247 1.860000
 248 1.860000
 249 1.870000
 250 1.850000
 251 1.850000
 252 1.870000
 253 1.850000
 254 1.880000
 255 1.870000
 256 1.870000
 257 1.860000
 258 1.880000
 259 1.870000
 260 1.900000
 261 1.940000
 262 1.900000
 263 1.900000
 264 1.920000
 265 1.900000
 266 4.030000
 267 4.030000
 268 4.050000
 269 4.080000
 270 4.200000
 271 4.150000
 272 4.130000
 273 4.280000
 274 4.150000
 275 1.220000
 276 1.220000
 277 1.180000
 278 1.200000
 279 1.180000
 280 4.250000
 281 4.280000
 282 4.300000
 283 4.300000
 284 4.340000
 285 4.240000
 286 4.230000
 287 4.220000
 288 4.180000
 289 4.120000
 290 4.210000
 291 4.210000
 292 4.200000
 293 4.240000
 294 4.250000
 295 4.550000
 296 4.690000
 297 3.540000
 298 3.480000
 299 3.480000
 300 3.480000
 301 3.480000
 302 3.480000
 303 2.960000
 304 2.930000
 305 2.920000
 306 2.940000
 307 2.940000
 308 2.940000
 309 2.930000
 310 2.920000
 311 2.510000
 312 2.370000
 313 2.380000
 314 2.360000
 315 2.380000
 316 2.380000
 317 2.370000
 318 2.380000
 319 2.410000
 320 2.430000
 321 3.560000
 322 3.560000
 323 3.560000
 324 3.560000
 325 3.550000
 326 5.390000
 327 5.390000
 328 5.360000
 329 3.080000
 330 3.040000
 331 3.010000
 332 3.010000
 333 3.030000
 334 3.010000
 335 3.010000
 336 3.050000
 337 4.620000
 338 4.740000
 339 5.240000
 340 5.240000
 341 3.840000
 342 3.690000
 343 2.540000
 344 2.510000
 345 2.490000
 346 2.460000
 347 2.480000
 348 2.480000
 349 2.480000
 350 2.480000
 351 2.480000
 352 2.510000
 353 5.160000
 354 5.190000
 355 3.190000
 356 3.140000
 357 3.130000
 358 3.130000
 359 3.130000
 360 3.160000
 361 3.130000
 362 3.230000
 363 4.380000
 364 4.380000
 365 4.440000
 366 5.040000
 367 5.070000
 368 5.070000
 369 5.040000
 370 4.960000
 371 4.910000
 372 2.700000
 373 2.650000
 374 2.630000
 375 2.610000
 376 2.630000
 377 2.630000
 378 2.630000
 379 2.630000
 380 2.640000
 381 4.970000
 382 4.970000
 383 4.970000
 384 4.940000
 385 4.920000
 386 4.350000
 387 4.230000
 388 4.320000
 389 4.230000
 390 4.240000
 391 4.240000
 392 4.220000
 393 4.210000
 394 4.190000
 395 4.160000
 396 4.140000
 397 4.110000
 398 4.050000
 399 4.030000
 400 3.980000
 401 3.930000
 402 3.930000
 403 3.920000
 404 3.920000
 405 3.900000
 406 3.860000
 407 3.860000
 408 3.850000
 409 3.840000
 410 3.850000
 411 3.800000
 412 3.800000
 413 3.800000
 414 3.820000
 415 3.800000
 416 3.770000
 417 3.750000
 418 3.720000
 419 3.700000
 420 3.700000
 421 3.670000
 422 3.660000
 423 3.680000
 424 1.470000
 425 1.500000
 426 1.530000
 427 1.530000
 428 1.500000
 429 1.530000
 430 1.550000
 431 2.260000
 432 2.210000
 433 2.230000
 434 2.250000
 435 2.220000
 436 2.230000
 437 2.210000
 438 2.220000
 439 2.210000
 440 2.240000
 441 2.220000
 442 2.230000
 443 2.260000
 444 3.410000
 445 3.380000
 446 3.380000
 447 3.360000
 448 3.380000
 449 3.350000
 450 3.360000
 451 3.330000
 452 3.310000
 453 3.260000
 454 3.260000
 455 3.230000
 456 3.230000
 457 3.180000
 458 3.180000
 459 3.160000
 460 3.130000
 461 3.110000
 462 3.110000
 463 3.130000
 464 3.080000
 465 3.080000
 466 3.070000
 467 3.080000
 468 3.080000
 469 3.080000
 470 3.070000
 471 3.040000
 472 3.030000
 473 3.040000
 474 3.010000
 475 3.010000
 476 2.990000
 477 2.970000
 478 2.950000
 479 2.910000
 480 2.860000
 481 2.880000
 482 2.860000
 483 2.880000
 484 2.860000
 485 2.830000
 486 2.830000
 487 2.830000
 488 2.810000
 489 2.830000
 490 2.830000
 491 2.830000
 492 2.830000
 493 2.810000
 494 2.830000
 495 2.810000
 496 2.800000
 497 2.820000
 498 2.810000
 499 2.810000
 500 2.780000
 501 2.710000
 502 2.780000
 503 2.780000
 504 2.760000
 505 2.750000
 506 2.710000
 507 2.710000
 508 2.710000
 509 2.700000
 510 2.720000
 511 2.670000
 512 2.690000
 513 2.680000
 514 2.700000
 515 2.680000
 516 2.670000
 517 2.680000
 518 2.660000
 519 2.680000
 520 2.660000
 521 2.660000
 522 2.660000
 523 2.630000
 524 2.660000
 525 2.630000
 526 2.660000
 527 2.620000
 528 2.660000
 529 2.630000
 530 2.630000
 531 2.630000
 532 2.610000
 533 2.580000
 534 2.510000
 535 2.510000
 536 2.510000
 537 2.540000
 538 2.560000
 539 2.560000
 540 2.560000
 541 2.560000
 542 2.560000
 543 2.530000
 544 2.560000
 545 2.560000
 546 2.530000
 547 2.490000
 548 2.440000
 549 2.530000
 550 2.530000
 551 2.530000
 552 2.510000
 553 2.480000
 554 2.510000
 555 2.530000
 556 2.510000
 557 2.530000
 558 2.530000
 559 2.530000
 560 2.510000
 561 2.510000
 562 2.510000
 563 2.560000
 564 2.530000
 565 2.560000
 566 2.530000
 567 2.560000
 568 2.530000
 569 2.540000
 570 2.530000
 571 2.560000
 572 2.560000
 573 2.560000
 574 2.580000
 575 2.590000
 576 2.560000
 577 2.590000
 578 2.580000
 579 2.590000
 580 2.590000
 581 2.590000
 582 2.610000
 583 2.590000
 584 2.610000
 585 2.620000
 586 2.640000
 587 2.640000
 588 2.640000
 589 2.640000
 590 2.660000
 591 2.690000
 592 2.680000
 593 2.720000
 594 2.740000
 595 2.720000
 596 2.740000
 597 2.750000
 598 2.750000
 599 2.770000
 600 2.770000
 601 2.770000
 602 2.760000
 603 2.760000
 604 2.610000
 605 2.420000
 606 2.530000
 607 2.520000
 608 2.550000
 609 2.560000
 610 2.610000
 611 2.690000
 612 2.710000
 613 2.760000
 614 2.790000
 615 2.760000
 616 2.790000
 617 2.740000
 618 2.710000
 619 2.690000
 620 2.690000
 621 2.100000
 622 2.140000
 623 2.120000
 624 2.120000
 625 1.850000
 626 1.870000
 627 1.830000
 628 1.830000
 629 1.840000
 630 1.860000
 631 1.860000
 632 1.890000
 633 1.890000
 634 1.900000
 635 1.900000
 636 1.900000
 637 1.930000
 638 1.930000
 639 1.950000
 640 1.990000
 641 2.000000
 642 2.030000
 643 2.030000
 644 2.050000
 645 2.080000
 646 2.080000
 647 2.080000
 648 2.100000
 649 2.130000
 650 2.150000
 651 2.180000
 652 2.200000
 653 2.230000
 654 2.230000
 655 2.300000
 656 2.300000
 657 2.330000
 658 2.300000
 659 2.310000
 660 2.310000
 661 2.310000
 662 2.280000
 663 2.280000
 664 2.280000
 665 2.300000
 666 2.300000
 667 2.330000
 668 2.270000
 669 2.290000
 670 2.380000
 671 2.380000
 672 2.380000
 673 2.410000
 674 2.400000
 675 2.390000
 676 2.360000
 677 2.400000
 678 2.440000
 679 2.450000
 680 2.450000
 681 1.530000
 682 1.540000
 683 1.510000
 684 1.500000
 685 1.510000
 686 1.520000
 687 1.500000
 688 1.530000
 689 1.530000
 690 1.530000
 691 1.580000
 692 1.580000
 693 1.580000
 694 1.600000
 695 1.600000
 696 1.630000
 697 1.630000
 698 1.650000
 699 1.680000
 700 1.700000
 701 1.700000
 702 1.720000
 703 1.720000
 704 1.750000
 705 1.770000
 706 1.750000
 707 1.800000
 708 1.800000
 709 1.820000
 710 1.850000
 711 1.850000
 712 1.870000
 713 1.900000
 714 1.890000
 715 1.920000
 716 1.950000
 717 1.970000
 718 1.990000
 719 2.010000
 720 2.060000
 721 2.110000
 722 3.340000
 723 3.310000
 724 3.280000
 725 3.280000
 726 3.310000
 727 3.280000
 728 3.280000
 729 3.240000
 730 3.260000
 731 3.240000
 732 3.230000
 733 3.260000
 734 3.260000
 735 3.270000
 736 3.260000
 737 3.240000
 738 3.260000
 739 3.260000
 740 3.290000
 741 3.260000
 742 3.260000
 743 3.290000
 744 3.310000
 745 3.330000
 746 3.360000
 747 3.350000
 748 3.380000
 749 3.380000
 750 3.370000
 751 3.400000
 752 3.420000
 753 3.410000
 754 3.420000
 755 3.440000
 756 3.440000
 757 3.470000
 758 3.490000
 759 3.510000
 760 3.540000
 0 2.360000
 1 2.410000
 2 2.490000
 3 2.550000
 4 2.630000
 5 2.680000
 6 2.700000
 7 2.700000
 8 2.610000
 9 2.950000
 10 2.980000
 11 2.940000
 12 3.050000
 13 3.130000
 14 3.100000
 15 3.690000
 16 1.630000
 17 0.860000
 18 0.890000
 19 0.880000
 20 0.880000
 21 0.880000
 22 0.860000
 23 0.880000
 24 0.860000
 25 0.880000
 26 0.860000
 27 0.880000
 28 0.880000
 29 0.880000
 30 0.900000
 31 0.940000
 32 0.920000
 33 3.000000
 34 3.030000
 35 3.050000
 36 3.000000
 37 3.020000
 38 2.980000
 39 2.950000
 40 2.970000
 41 2.980000
 42 3.080000
 43 3.030000
 44 3.050000
 45 2.950000
 46 2.950000
 47 3.060000
 48 2.950000
 49 2.980000
 50 3.030000
 51 3.030000
 52 2.980000
 53 2.980000
 54 2.950000
 55 2.950000
 56 2.980000
 57 2.980000
 58 3.070000
 59 2.980000
 60 2.930000
 61 3.110000
 62 3.080000
 63 2.980000
 64 3.060000
 65 3.110000
 66 2.980000
 67 3.040000
 68 3.000000
 69 2.980000
 70 3.110000
 71 3.110000
 72 2.980000
 73 3.110000
 74 3.110000
 75 3.110000
 76 2.980000
 77 3.130000
 78 3.110000
 79 3.110000
 80 2.970000
 81 3.000000
 82 3.110000
 83 3.080000
 84 2.960000
 85 3.080000
 86 3.110000
 87 2.950000
 88 2.950000
 89 3.080000
 90 3.060000
 91 2.950000
 92 3.060000
 93 3.060000
 94 2.950000
 95 2.910000
 96 2.930000
 97 2.920000
 98 2.830000
 99 2.650000
 100 2.430000
 101 2.170000
 102 2.150000
 103 2.130000
 104 2.090000
 105 2.090000
 106 2.100000
 107 2.100000
 108 2.110000
 109 2.120000
 110 2.090000
 111 2.090000
 112 2.110000
 113 2.130000
 114 2.240000
 115 2.250000
 116 2.240000
 117 2.180000
 118 2.160000
 119 2.130000
 120 2.160000
 121 2.130000
 122 2.140000
 123 2.170000
 124 2.170000
 125 2.160000
 126 2.180000
 127 2.170000
 128 2.150000
 129 2.150000
 130 2.180000
 131 2.190000
 132 2.170000
 133 2.170000
 134 2.180000
 135 2.160000
 136 2.180000
 137 2.150000
 138 2.180000
 139 2.280000
 140 2.260000
 141 2.180000
 142 2.130000
 143 2.140000
 144 2.170000
 145 2.180000
 146 2.210000
 147 2.220000
 148 2.220000
 149 2.220000
 150 2.210000
 151 2.230000
 152 2.230000
 153 2.220000
 154 2.240000
 155 2.240000
 156 2.210000
 157 2.200000
 158 2.230000
 159 2.180000
 160 2.210000
 161 2.190000
 162 2.190000
 163 2.200000
 164 2.250000
 165 2.230000
 166 2.280000
 167 2.250000
 168 2.280000
 169 2.270000
 170 2.270000
 171 2.290000
 172 2.280000
 173 2.280000
 174 2.280000
 175 2.290000
 176 2.320000
 177 2.290000
 178 2.280000
 179 2.300000
 180 2.290000
 181 2.320000
 182 2.340000
 183 2.850000
 184 2.350000
 185 2.340000
 186 2.280000
 187 2.290000
 188 2.320000
 189 2.280000
 190 2.330000
 191 2.340000
 192 2.370000
 193 2.370000
 194 2.390000
 195 2.370000
 196 2.360000
 197 2.360000
 198 2.380000
 199 2.360000
 200 2.360000
 201 2.360000
 202 2.360000
 203 2.360000
 204 2.370000
 205 2.410000
 206 2.390000
 207 2.380000
 208 2.410000
 209 3.490000
 210 3.510000
 211 3.480000
 212 3.520000
 213 3.550000
 214 3.510000
 215 3.530000
 216 3.510000
 217 3.530000
 218 3.560000
 219 3.550000
 220 3.580000
 221 3.480000
 222 3.500000
 223 3.480000
 224 2.560000
 225 2.530000
 226 2.500000
 227 2.480000
 228 2.530000
 229 3.600000
 230 3.580000
 231 2.430000
 232 3.690000
 233 3.580000
 234 3.630000
 235 1.960000
 236 1.930000
 237 1.870000
 238 1.880000
 239 1.880000
 240 1.900000
 241 1.880000
 242 1.880000
 243 1.900000
 244 1.860000
 245 1.860000
 246 1.850000
 247 1.860000
 248 1.860000
 249 1.860000
 250 1.850000
 251 1.850000
 252 1.870000
 253 1.850000
 254 1.880000
 255 1.880000
 256 1.850000
 257 1.870000
 258 1.890000
 259 1.850000
 260 1.930000
 261 1.930000
 262 1.900000
 263 1.900000
 264 1.920000
 265 1.930000
 266 4.030000
 267 4.030000
 268 4.050000
 269 4.080000
 270 4.180000
 271 4.150000
 272 4.130000
 273 4.280000
 274 4.150000
 275 1.220000
 276 1.190000
 277 1.200000
 278 1.200000
 279 1.180000
 280 4.250000
 281 4.280000
 282 4.300000
 283 4.330000
 284 4.350000
 285 4.210000
 286 4.230000
 287 4.230000
 288 4.210000
 289 4.120000
 290 4.210000
 291 4.210000
 292 4.220000
 293 4.240000
 294 4.250000
 295 4.550000
 296 4.660000
 297 3.560000
 298 3.510000
 299 3.480000
 300 3.480000
 301 3.510000
 302 3.480000
 303 2.960000
 304 2.930000
 305 2.940000
 306 2.920000
 307 2.920000
 308 2.940000
 309 2.960000
 310 2.950000
 311 2.510000
 312 2.400000
 313 2.380000
 314 2.370000
 315 2.390000
 316 2.360000
 317 2.360000
 318 2.380000
 319 2.380000
 320 2.400000
 321 3.560000
 322 3.580000
 323 3.560000
 324 3.580000
 325 3.580000
 326 5.420000
 327 5.390000
 328 5.390000
 329 3.080000
 330 3.010000
 331 2.980000
 332 3.010000
 333 3.010000
 334 3.010000
 335 3.010000
 336 3.030000
 337 4.620000
 338 4.740000
 339 5.220000
 340 5.240000
 341 3.800000
 342 3.710000
 343 2.570000
 344 2.490000
 345 2.490000
 346 2.480000
 347 2.450000
 348 2.460000
 349 2.480000
 350 2.480000
 351 2.500000
 352 2.540000
 353 5.190000
 354 5.190000
 355 3.190000
 356 3.170000
 357 3.130000
 358 3.130000
 359 3.130000
 360 3.130000
 361 3.130000
 362 3.200000
 363 4.380000
 364 4.380000
 365 4.440000
 366 5.040000
 367 5.070000
 368 5.040000
 369 5.040000
 370 4.960000
 371 4.890000
 372 2.700000
 373 2.650000
 374 2.630000
 375 2.630000
 376 2.630000
 377 2.630000
 378 2.650000
 379 2.630000
 380 2.640000
 381 4.940000
 382 4.940000
 383 4.940000
 384 4.940000
 385 4.940000
 386 4.350000
 387 4.200000
 388 4.320000
 389 4.200000
 390 4.270000
 391 4.240000
 392 4.220000
 393 4.210000
 394 4.190000
 395 4.160000
 396 4.110000
 397 4.110000
 398 4.060000
 399 4.040000
 400 3.980000
 401 3.930000
 402 3.930000
 403 3.920000
 404 3.900000
 405 3.890000
 406 3.890000
 407 3.860000
 408 3.840000
 409 3.810000
 410 3.820000
 411 3.800000
 412 3.800000
 413 3.800000
 414 3.820000
 415 3.770000
 416 3.770000
 417 3.750000
 418 3.720000
 419 3.700000
 420 3.700000
 421 3.700000
 422 3.680000
 423 3.660000
 424 1.470000
 425 1.500000
 426 1.500000
 427 1.530000
 428 1.530000
 429 1.530000
 430 1.630000
 431 2.230000
 432 2.260000
 433 2.230000
 434 2.230000
 435 2.250000
 436 2.250000
 437 2.200000
 438 2.220000
 439 2.210000
 440 2.210000
 441 2.220000
 442 2.210000
 443 2.280000
 444 3.380000
 445 3.380000
 446 3.360000
 447 3.360000
 448 3.360000
 449 3.320000
 450 3.320000
 451 3.300000
 452 3.330000
 453 3.280000
 454 3.260000
 455 3.230000
 456 3.210000
 457 3.170000
 458 3.180000
 459 3.160000
 460 3.130000
 461 3.130000
 462 3.110000
 463 3.100000
 464 3.080000
 465 3.070000
 466 3.080000
 467 3.080000
 468 3.060000
 469 3.070000
 470 3.070000
 471 3.050000
 472 3.020000
 473 3.020000
 474 3.030000
 475 3.000000
 476 3.000000
 477 2.970000
 478 2.940000
 479 2.900000
 480 2.880000
 481 2.910000
 482 2.880000
 483 2.880000
 484 2.860000
 485 2.820000
 486 2.830000
 487 2.820000
 488 2.830000
 489 2.810000
 490 2.830000
 491 2.810000
 492 2.820000
 493 2.810000
 494 2.810000
 495 2.830000
 496 2.830000
 497 2.820000
 498 2.830000
 499 2.810000
 500 2.810000
 501 2.710000
 502 2.760000
 503 2.780000
 504 2.750000
 505 2.740000
 506 2.720000
 507 2.720000
 508 2.710000
 509 2.700000
 510 2.690000
 511 2.700000
 512 2.670000
 513 2.680000
 514 2.680000
 515 2.680000
 516 2.660000
 517 2.680000
 518 2.680000
 519 2.680000
 520 2.660000
 521 2.660000
 522 2.660000
 523 2.630000
 524 2.660000
 525 2.660000
 526 2.630000
 527 2.630000
 528 2.630000
 529 2.610000
 530 2.600000
 531 2.610000
 532 2.610000
 533 2.580000
 534 2.510000
 535 2.540000
 536 2.490000
 537 2.530000
 538 2.540000
 539 2.560000
 540 2.530000
 541 2.560000
 542 2.560000
 543 2.530000
 544 2.560000
 545 2.530000
 546 2.530000
 547 2.490000
 548 2.460000
 549 2.510000
 550 2.510000
 551 2.510000
 552 2.530000
 553 2.480000
 554 2.530000
 555 2.510000
 556 2.530000
 557 2.530000
 558 2.510000
 559 2.530000
 560 2.530000
 561 2.510000
 562 2.540000
 563 2.530000
 564 2.530000
 565 2.540000
 566 2.560000
 567 2.560000
 568 2.530000
 569 2.540000
 570 2.560000
 571 2.540000
 572 2.530000
 573 2.560000
 574 2.560000
 575 2.560000
 576 2.560000
 577 2.590000
 578 2.590000
 579 2.590000
 580 2.610000
 581 2.610000
 582 2.610000
 583 2.590000
 584 2.610000
 585 2.610000
 586 2.640000
 587 2.640000
 588 2.640000
 589 2.640000
 590 2.660000
 591 2.690000
 592 2.700000
 593 2.710000
 594 2.720000
 595 2.710000
 596 2.720000
 597 2.750000
 598 2.750000
 599 2.750000
 600 2.740000
 601 2.760000
 602 2.770000
 603 2.790000
 604 2.610000
 605 2.420000
 606 2.530000
 607 2.530000
 608 2.550000
 609 2.570000
 610 2.590000
 611 2.640000
 612 2.710000
 613 2.760000
 614 2.790000
 615 2.760000
 616 2.760000
 617 2.760000
 618 2.710000
 619 2.690000
 620 2.690000
 621 2.130000
 622 2.140000
 623 2.140000
 624 2.150000
 625 1.850000
 626 1.880000
 627 1.870000
 628 1.850000
 629 1.870000
 630 1.860000
 631 1.890000
 632 1.890000
 633 1.890000
 634 1.880000
 635 1.900000
 636 1.900000
 637 1.930000
 638 1.930000
 639 1.950000
 640 1.980000
 641 1.980000
 642 2.030000
 643 2.030000
 644 2.030000
 645 2.050000
 646 2.080000
 647 2.100000
 648 2.100000
 649 2.130000
 650 2.150000
 651 2.180000
 652 2.200000
 653 2.230000
 654 2.250000
 655 2.280000
 656 2.330000
 657 2.330000
 658 2.310000
 659 2.310000
 660 2.310000
 661 2.310000
 662 2.280000
 663 2.280000
 664 2.300000
 665 2.300000
 666 2.300000
 667 2.290000
 668 2.270000
 669 2.290000
 670 2.350000
 671 2.380000
 672 2.400000
 673 2.390000
 674 2.400000
 675 2.390000
 676 2.360000
 677 2.400000
 678 2.420000
 679 2.430000
 680 2.450000
 681 1.530000
 682 1.540000
 683 1.510000
 684 1.500000
 685 1.490000
 686 1.520000
 687 1.500000
 688 1.530000
 689 1.530000
 690 1.550000
 691 1.550000
 692 1.580000
 693 1.580000
 694 1.600000
 695 1.630000
 696 1.630000
 697 1.630000
 698 1.680000
 699 1.680000
 700 1.700000
 701 1.700000
 702 1.730000
 703 1.720000
 704 1.750000
 705 1.750000
 706 1.770000
 707 1.800000
 708 1.800000
 709 1.820000
 710 1.850000
 711 1.850000
 712 1.870000
 713 1.920000
 714 1.920000
 715 1.940000
 716 1.960000
 717 1.960000
 718 1.990000
 719 2.010000
 720 2.030000
 721 2.110000
 722 3.310000
 723 3.340000
 724 3.310000
 725 3.310000
 726 3.280000
 727 3.280000
 728 3.260000
 729 3.260000
 730 3.260000
 731 3.260000
 732 3.260000
 733 3.260000
 734 3.240000
 735 3.250000
 736 3.260000
 737 3.260000
 738 3.260000
 739 3.260000
 740 3.260000
 741 3.260000
 742 3.290000
 743 3.290000
 744 3.320000
 745 3.330000
 746 3.350000
 747 3.360000
 748 3.360000
 749 3.400000
 750 3.360000
 751 3.430000
 752 3.410000
 753 3.410000
 754 3.430000
 755 3.470000
 756 3.440000
 757 3.500000
 758 3.490000
 759 3.510000
 760 3.540000
 0 2.360000
 1 2.410000
 2 2.490000
 3 2.580000
 4 2.600000
 5 2.650000
 6 2.680000
 7 2.700000
 8 2.610000
 9 2.950000
 10 2.980000
 11 2.940000
 12 3.050000
 13 3.150000
 14 3.070000
 15 3.720000
 16 1.660000
 17 0.860000
 18 0.860000
 19 0.880000
 20 0.880000
 21 0.880000
 22 0.880000
 23 0.880000
 24 0.860000
 25 0.860000
 26 0.860000
 27 0.880000
 28 0.870000
 29 0.880000
 30 0.900000
 31 0.960000
 32 0.900000
 33 2.980000
 34 3.060000
 35 3.080000
 36 2.980000
 37 3.020000
 38 2.950000
 39 2.950000
 40 2.990000
 41 2.950000
 42 3.080000
 43 3.050000
 44 3.050000
 45 2.950000
 46 2.950000
 47 3.060000
 48 2.950000
 49 2.950000
 50 3.060000
 51 3.060000
 52 2.980000
 53 2.980000
 54 2.980000
 55 2.950000
 56 2.980000
 57 2.980000
 58 3.050000
 59 2.980000
 60 3.080000
 61 3.080000
 62 3.110000
 63 2.950000
 64 3.080000
 65 3.080000
 66 2.980000
 67 3.060000
 68 3.000000
 69 2.980000
 70 3.110000
 71 3.110000
 72 2.980000
 73 3.130000
 74 3.130000
 75 3.110000
 76 3.000000
 77 3.110000
 78 3.110000
 79 3.110000
 80 2.970000
 81 3.000000
 82 3.110000
 83 3.080000
 84 2.990000
 85 3.080000
 86 3.080000
 87 2.950000
 88 2.950000
 89 3.080000
 90 3.060000
 91 2.930000
 92 3.060000
 93 3.060000
 94 2.930000
 95 2.940000
 96 3.060000
 97 2.920000
 98 2.830000
 99 2.650000
 100 2.430000
 101 2.150000
 102 2.170000
 103 2.100000
 104 2.110000
 105 2.090000
 106 2.100000
 107 2.100000
 108 2.120000
 109 2.090000
 110 2.090000
 111 2.110000
 112 2.100000
 113 2.140000
 114 2.270000
 115 2.250000
 116 2.240000
 117 2.180000
 118 2.130000
 119 2.130000
 120 2.150000
 121 2.160000
 122 2.170000
 123 2.170000
 124 2.170000
 125 2.160000
 126 2.150000
 127 2.170000
 128 2.150000
 129 2.150000
 130 2.180000
 131 2.190000
 132 2.190000
 133 2.190000
 134 2.180000
 135 2.180000
 136 2.180000
 137 2.180000
 138 2.180000
 139 2.280000
 140 2.260000
 141 2.150000
 142 2.170000
 143 2.140000
 144 2.160000
 145 2.180000
 146 2.180000
 147 2.220000
 148 2.190000
 149 2.220000
 150 2.210000
 151 2.210000
 152 2.210000
 153 2.240000
 154 2.220000
 155 2.220000
 156 2.210000
 157 2.200000
 158 2.230000
 159 2.210000
 160 2.180000
 161 2.190000
 162 2.190000
 163 2.200000
 164 2.240000
 165 2.250000
 166 2.250000
 167 2.250000
 168 2.260000
 169 2.270000
 170 2.270000
 171 2.290000
 172 2.260000
 173 2.280000
 174 2.280000
 175 2.290000
 176 2.290000
 177 2.320000
 178 2.280000
 179 2.300000
 180 2.290000
 181 2.320000
 182 2.310000
 183 2.880000
 184 2.350000
 185 2.310000
 186 2.280000
 187 2.280000
 188 2.290000
 189 2.300000
 190 2.330000
 191 2.340000
 192 2.370000
 193 2.370000
 194 2.390000
 195 2.370000
 196 2.360000
 197 2.380000
 198 2.380000
 199 2.360000
 200 2.360000
 201 2.360000
 202 2.360000
 203 2.360000
 204 2.380000
 205 2.380000
 206 2.390000
 207 2.400000
 208 2.440000
 209 3.490000
 210 3.510000
 211 3.480000
 212 3.540000
 213 3.530000
 214 3.540000
 215 3.500000
 216 3.510000
 217 3.550000
 218 3.560000
 219 3.550000
 220 3.580000
 221 3.500000
 222 3.530000
 223 3.480000
 224 2.530000
 225 2.560000
 226 2.530000
 227 2.510000
 228 2.530000
 229 3.600000
 230 3.580000
 231 2.420000
 232 3.690000
 233 3.630000
 234 3.640000
 235 1.960000
 236 1.940000
 237 1.870000
 238 1.900000
 239 1.900000
 240 1.890000
 241 1.880000
 242 1.900000
 243 1.860000
 244 1.860000
 245 1.860000
 246 1.840000
 247 1.860000
 248 1.860000
 249 1.860000
 250 1.850000
 251 1.850000
 252 1.850000
 253 1.870000
 254 1.870000
 255 1.870000
 256 1.850000
 257 1.900000
 258 1.890000
 259 1.870000
 260 1.880000
 261 1.900000
 262 1.880000
 263 1.900000
 264 1.900000
 265 1.950000
 266 4.030000
 267 4.000000
 268 4.050000
 269 4.080000
 270 4.200000
 271 4.130000
 272 4.100000
 273 4.280000
 274 4.150000
 275 1.220000
 276 1.190000
 277 1.180000
 278 1.200000
 279 1.180000
 280 4.250000
 281 4.280000
 282 4.300000
 283 4.300000
 284 4.340000
 285 4.210000
 286 4.230000
 287 4.230000
 288 4.180000
 289 4.120000
 290 4.210000
 291 4.210000
 292 4.220000
 293 4.240000
 294 4.250000
 295 4.550000
 296 4.660000
 297 3.560000
 298 3.480000
 299 3.460000
 300 3.510000
 301 3.480000
 302 3.480000
 303 2.980000
 304 2.910000
 305 2.940000
 306 2.920000
 307 2.940000
 308 2.940000
 309 2.930000
 310 2.950000
 311 2.510000
 312 2.400000
 313 2.380000
 314 2.380000
 315 2.380000
 316 2.380000
 317 2.380000
 318 2.370000
 319 2.380000
 320 2.390000
 321 3.560000
 322 3.560000
 323 3.560000
 324 3.530000
 325 3.580000
 326 5.390000
 327 5.390000
 328 5.390000
 329 3.060000
 330 3.040000
 331 3.010000
 332 3.010000
 333 3.010000
 334 3.030000
 335 3.010000
 336 3.050000
 337 4.640000
 338 4.740000
 339 5.220000
 340 5.210000
 341 3.810000
 342 3.690000
 343 2.570000
 344 2.510000
 345 2.470000
 346 2.460000
 347 2.480000
 348 2.450000
 349 2.510000
 350 2.480000
 351 2.500000
 352 2.540000
 353 5.210000
 354 5.160000
 355 3.190000
 356 3.160000
 357 3.130000
 358 3.110000
 359 3.130000
 360 3.130000
 361 3.160000
 362 3.230000
 363 4.380000
 364 4.380000
 365 4.440000
 366 5.010000
 367 5.070000
 368 5.070000
 369 5.060000
 370 4.940000
 371 4.910000
 372 2.700000
 373 2.630000
 374 2.600000
 375 2.610000
 376 2.630000
 377 2.630000
 378 2.650000
 379 2.630000
 380 2.620000
 381 4.940000
 382 4.960000
 383 4.940000
 384 4.940000
 385 4.920000
 386 4.350000
 387 4.230000
 388 4.320000
 389 4.200000
 390 4.270000
 391 4.240000
 392 4.220000
 393 4.220000
 394 4.190000
 395 4.140000
 396 4.110000
 397 4.110000
 398 4.080000
 399 4.050000
 400 3.980000
 401 3.950000
 402 3.950000
 403 3.920000
 404 3.920000
 405 3.900000
 406 3.860000
 407 3.890000
 408 3.850000
 409 3.840000
 410 3.850000
 411 3.820000
 412 3.820000
 413 3.800000
 414 3.800000
 415 3.800000
 416 3.770000
 417 3.750000
 418 3.720000
 419 3.700000
 420 3.730000
 421 3.660000
 422 3.680000
 423 3.680000
 424 1.500000
 425 1.530000
 426 1.530000
 427 1.550000
 428 1.530000
 429 1.530000
 430 1.650000
 431 2.260000
 432 2.230000
 433 2.230000
 434 2.240000
 435 2.250000
 436 2.230000
 437 2.250000
 438 2.220000
 439 2.210000
 440 2.220000
 441 2.220000
 442 2.200000
 443 2.280000
 444 3.410000
 445 3.380000
 446 3.380000
 447 3.360000
 448 3.360000
 449 3.360000
 450 3.320000
 451 3.330000
 452 3.330000
 453 3.310000
 454 3.280000
 455 3.260000
 456 3.230000
 457 3.180000
 458 3.180000
 459 3.160000
 460 3.130000
 461 3.130000
 462 3.110000
 463 3.130000
 464 3.080000
 465 3.070000
 466 3.080000
 467 3.080000
 468 3.050000
 469 3.080000
 470 3.060000
 471 3.050000
 472 3.030000
 473 3.020000
 474 3.000000
 475 3.000000
 476 3.000000
 477 2.960000
 478 2.940000
 479 2.930000
 480 2.860000
 481 2.910000
 482 2.880000
 483 2.880000
 484 2.860000
 485 2.850000
 486 2.860000
 487 2.860000
 488 2.810000
 489 2.820000
 490 2.830000
 491 2.830000
 492 2.820000
 493 2.810000
 494 2.830000
 495 2.810000
 496 2.810000
 497 2.810000
 498 2.830000
 499 2.810000
 500 2.810000
 501 2.710000
 502 2.780000
 503 2.770000
 504 2.740000
 505 2.740000
 506 2.720000
 507 2.710000
 508 2.690000
 509 2.700000
 510 2.710000
 511 2.700000
 512 2.680000
 513 2.660000
 514 2.680000
 515 2.680000
 516 2.680000
 517 2.680000
 518 2.680000
 519 2.660000
 520 2.660000
 521 2.660000
 522 2.660000
 523 2.630000
 524 2.660000
 525 2.660000
 526 2.660000
 527 2.630000
 528 2.630000
 529 2.630000
 530 2.630000
 531 2.600000
 532 2.610000
 533 2.560000
 534 2.510000
 535 2.540000
 536 2.540000
 537 2.540000
 538 2.560000
 539 2.560000
 540 2.560000
 541 2.560000
 542 2.560000
 543 2.530000
 544 2.530000
 545 2.560000
 546 2.530000
 547 2.510000
 548 2.460000
 549 2.530000
 550 2.510000
 551 2.510000
 552 2.510000
 553 2.480000
 554 2.510000
 555 2.530000
 556 2.530000
 557 2.510000
 558 2.530000
 559 2.530000
 560 2.530000
 561 2.510000
 562 2.510000
 563 2.530000
 564 2.530000
 565 2.560000
 566 2.560000
 567 2.560000
 568 2.560000
 569 2.560000
 570 2.530000
 571 2.540000
 572 2.560000
 573 2.580000
 574 2.560000
 575 2.590000
 576 2.560000
 577 2.590000
 578 2.590000
 579 2.590000
 580 2.590000
 581 2.610000
 582 2.610000
 583 2.590000
 584 2.590000
 585 2.640000
 586 2.640000
 587 2.640000
 588 2.610000
 589 2.660000
 590 2.690000
 591 2.670000
 592 2.700000
 593 2.710000
 594 2.720000
 595 2.710000
 596 2.750000
 597 2.750000
 598 2.760000
 599 2.770000
 600 2.760000
 601 2.760000
 602 2.760000
 603 2.790000
 604 2.590000
 605 2.420000
 606 2.530000
 607 2.530000
 608 2.550000
 609 2.570000
 610 2.610000
 611 2.690000
 612 2.710000
 613 2.760000
 614 2.790000
 615 2.760000
 616 2.790000
 617 2.740000
 618 2.690000
 619 2.660000
 620 2.690000
 621 2.130000
 622 2.160000
 623 2.130000
 624 2.120000
 625 1.870000
 626 1.850000
 627 1.870000
 628 1.850000
 629 1.840000
 630 1.890000
 631 1.890000
 632 1.890000
 633 1.890000
 634 1.880000
 635 1.900000
 636 1.900000
 637 1.930000
 638 1.930000
 639 1.950000
 640 1.970000
 641 2.000000
 642 2.000000
 643 2.030000
 644 2.050000
 645 2.050000
 646 2.080000
 647 2.100000
 648 2.100000
 649 2.130000
 650 2.130000
 651 2.150000
 652 2.180000
 653 2.230000
 654 2.250000
 655 2.280000
 656 2.300000
 657 2.300000
 658 2.300000
 659 2.310000
 660 2.310000
 661 2.310000
 662 2.310000
 663 2.280000
 664 2.280000
 665 2.280000
 666 2.300000
 667 2.320000
 668 2.290000
 669 2.320000
 670 2.350000
 671 2.380000
 672 2.400000
 673 2.390000
 674 2.400000
 675 2.390000
 676 2.400000
 677 2.400000
 678 2.400000
 679 2.450000
 680 2.450000
 681 1.510000
 682 1.540000
 683 1.520000
 684 1.510000
 685 1.510000
 686 1.500000
 687 1.530000
 688 1.530000
 689 1.530000
 690 1.550000
 691 1.580000
 692 1.580000
 693 1.580000
 694 1.630000
 695 1.630000
 696 1.630000
 697 1.650000
 698 1.680000
 699 1.680000
 700 1.680000
 701 1.700000
 702 1.700000
 703 1.720000
 704 1.720000
 705 1.750000
 706 1.800000
 707 1.800000
 708 1.800000
 709 1.820000
 710 1.850000
 711 1.850000
 712 1.870000
 713 1.900000
 714 1.920000
 715 1.950000
 716 1.940000
 717 1.990000
 718 1.990000
 719 2.010000
 720 2.030000
 721 2.090000
 722 3.310000
 723 3.310000
 724 3.280000
 725 3.310000
 726 3.280000
 727 3.290000
 728 3.280000
 729 3.260000
 730 3.260000
 731 3.230000
 732 3.260000
 733 3.260000
 734 3.260000
 735 3.260000
 736 3.260000
 737 3.260000
 738 3.260000
 739 3.290000
 740 3.260000
 741 3.260000
 742 3.260000
 743 3.290000
 744 3.290000
 745 3.330000
 746 3.360000
 747 3.340000
 748 3.380000
 749 3.410000
 750 3.350000
 751 3.400000
 752 3.420000
 753 3.410000
 754 3.420000
 755 3.440000
 756 3.470000
 757 3.470000
 758 3.510000
 759 3.490000
 760 3.510000
 0 2.360000
 1 2.440000
 2 2.470000
 3 2.550000
 4 2.630000
 5 2.650000
 6 2.680000
 7 2.680000
 8 2.610000
 9 2.980000
 10 2.980000
 11 2.970000
 12 3.080000
 13 3.130000
 14 3.100000
 15 3.720000
 16 1.630000
 17 0.860000
 18 0.890000
 19 0.900000
 20 0.880000
 21 0.860000
 22 0.880000
 23 0.880000
 24 0.860000
 25 0.880000
 26 0.860000
 27 0.860000
 28 0.900000
 29 0.880000
 30 0.900000
 31 0.960000
 32 0.900000
 33 3.000000
 34 3.060000
 35 3.080000
 36 2.980000
 37 2.990000
 38 2.980000
 39 2.980000
 40 2.970000
 41 2.980000
 42 3.080000
 43 3.030000
 44 3.050000
 45 2.950000
 46 2.950000
 47 3.060000
 48 2.950000
 49 2.980000
 50 3.060000
 51 3.030000
 52 2.980000
 53 2.980000
 54 2.950000
 55 2.950000
 56 2.960000
 57 2.950000
 58 3.050000
 59 2.980000
 60 3.110000
 61 3.080000
 62 3.080000
 63 2.950000
 64 3.080000
 65 3.110000
 66 2.980000
 67 3.060000
 68 3.000000
 69 2.980000
 70 3.110000
 71 3.110000
 72 2.980000
 73 3.110000
 74 3.130000
 75 3.110000
 76 2.980000
 77 3.110000
 78 3.110000
 79 3.080000
 80 2.970000
 81 3.000000
 82 3.080000
 83 3.080000
 84 2.940000
 85 3.080000
 86 3.110000
 87 2.950000
 88 2.930000
 89 3.080000
 90 3.060000
 91 2.930000
 92 3.060000
 93 3.060000
 94 2.950000
 95 2.910000
 96 2.930000
 97 2.920000
 98 2.830000
 99 2.650000
 100 2.430000
 101 2.160000
 102 2.170000
 103 2.100000
 104 2.110000
 105 2.120000
 106 2.100000
 107 2.100000
 108 2.110000
 109 2.120000
 110 2.090000
 111 2.110000
 112 2.100000
 113 2.110000
 114 2.260000
 115 2.250000
 116 2.270000
 117 2.150000
 118 2.160000
 119 2.160000
 120 2.130000
 121 2.160000
 122 2.170000
 123 2.170000
 124 2.170000
 125 2.160000
 126 2.150000
 127 2.140000
 128 2.150000
 129 2.150000
 130 2.180000
 131 2.190000
 132 2.170000
 133 2.190000
 134 2.180000
 135 2.160000
 136 2.180000
 137 2.180000
 138 2.180000
 139 2.280000
 140 2.260000
 141 2.150000
 142 2.140000
 143 2.140000
 144 2.130000
 145 2.180000
 146 2.180000
 147 2.190000
 148 2.220000
 149 2.220000
 150 2.210000
 151 2.230000
 152 2.210000
 153 2.220000
 154 2.220000
 155 2.220000
 156 2.230000
 157 2.200000
 158 2.200000
 159 2.210000
 160 2.180000
 161 2.190000
 162 2.190000
 163 2.230000
 164 2.240000
 165 2.250000
 166 2.250000
 167 2.280000
 168 2.260000
 169 2.270000
 170 2.290000
 171 2.290000
 172 2.280000
 173 2.280000
 174 2.280000
 175 2.320000
 176 2.290000
 177 2.320000
 178 2.280000
 179 2.280000
 180 2.290000
 181 2.290000
 182 2.310000
 183 2.880000
 184 2.350000
 185 2.340000
 186 2.280000
 187 2.290000
 188 2.290000
 189 2.300000
 190 2.360000
 191 2.340000
 192 2.370000
 193 2.370000
 194 2.370000
 195 2.390000
 196 2.380000
 197 2.380000
 198 2.380000
 199 2.360000
 200 2.360000
 201 2.360000
 202 2.360000
 203 2.360000
 204 2.370000
 205 2.410000
 206 2.410000
 207 2.380000
 208 2.410000
 209 3.460000
 210 3.500000
 211 3.500000
 212 3.520000
 213 3.530000
 214 3.540000
 215 3.530000
 216 3.510000
 217 3.550000
 218 3.540000
 219 3.550000
 220 3.580000
 221 3.480000
 222 3.480000
 223 3.480000
 224 2.560000
 225 2.530000
 226 2.500000
 227 2.510000
 228 2.530000
 229 3.580000
 230 3.580000
 231 2.420000
 232 3.710000
 233 3.580000
 234 3.650000
 235 1.980000
 236 1.900000
 237 1.930000
 238 1.900000
 239 1.880000
 240 1.880000
 241 1.880000
 242 1.880000
 243 1.860000
 244 1.860000
 245 1.860000
 246 1.870000
 247 1.860000
 248 1.850000
 249 1.870000
 250 1.850000
 251 1.850000
 252 1.870000
 253 1.870000
 254 1.860000
 255 1.870000
 256 1.870000
 257 1.880000
 258 1.880000
 259 1.870000
 260 1.880000
 261 1.900000
 262 1.880000
 263 1.900000
 264 1.900000
 265 1.900000
 266 4.030000
 267 4.050000
 268 4.050000
 269 4.080000
 270 4.200000
 271 4.130000
 272 4.100000
 273 4.300000
 274 4.150000
 275 1.230000
 276 1.190000
 277 1.180000
 278 1.180000
 279 1.180000
 280 4.280000
 281 4.300000
 282 4.300000
 283 4.300000
 284 4.350000
 285 4.210000
 286 4.210000
 287 4.230000
 288 4.210000
 289 4.150000
 290 4.210000
 291 4.210000
 292 4.200000
 293 4.240000
 294 4.280000
 295 4.550000
 296 4.660000
 297 3.540000
 298 3.460000
 299 3.480000
 300 3.480000
 301 3.480000
 302 3.480000
 303 2.990000
 304 2.930000
 305 2.940000
 306 2.920000
 307 2.940000
 308 2.940000
 309 2.930000
 310 2.950000
 311 2.510000
 312 2.400000
 313 2.380000
 314 2.380000
 315 2.380000
 316 2.360000
 317 2.360000
 318 2.370000
 319 2.380000
 320 2.430000
 321 3.560000
 322 3.530000
 323 3.560000
 324 3.560000
 325 3.580000
 326 5.390000
 327 5.370000
 328 5.390000
 329 3.080000
 330 3.010000
 331 3.010000
 332 3.010000
 333 3.010000
 334 3.010000
 335 3.010000
 336 3.030000
 337 4.620000
 338 4.740000
 339 5.220000
 340 5.210000
 341 3.810000
 342 3.690000
 343 2.540000
 344 2.490000
 345 2.470000
 346 2.460000
 347 2.480000
 348 2.480000
 349 2.480000
 350 2.480000
 351 2.480000
 352 2.510000
 353 5.190000
 354 5.160000
 355 3.190000
 356 3.170000
 357 3.130000
 358 3.130000
 359 3.160000
 360 3.130000
 361 3.130000
 362 3.200000
 363 4.400000
 364 4.380000
 365 4.440000
 366 4.870000
 367 5.070000
 368 5.040000
 369 5.040000
 370 4.960000
 371 4.910000
 372 2.700000
 373 2.630000
 374 2.630000
 375 2.610000
 376 2.630000
 377 2.630000
 378 2.630000
 379 2.630000
 380 2.640000
 381 4.940000
 382 4.960000
 383 4.940000
 384 4.940000
 385 4.920000
 386 4.350000
 387 4.200000
 388 4.320000
 389 4.230000
 390 4.240000
 391 4.220000
 392 4.220000
 393 4.210000
 394 4.190000
 395 4.160000
 396 4.140000
 397 4.090000
 398 4.050000
 399 4.040000
 400 3.980000
 401 3.930000
 402 3.930000
 403 3.920000
 404 3.920000
 405 3.900000
 406 3.890000
 407 3.860000
 408 3.870000
 409 3.810000
 410 3.850000
 411 3.800000
 412 3.800000
 413 3.770000
 414 3.800000
 415 3.790000
 416 3.750000
 417 3.750000
 418 3.700000
 419 3.700000
 420 3.700000
 421 3.700000
 422 3.660000
 423 3.640000
 424 1.470000
 425 1.500000
 426 1.520000
 427 1.550000
 428 1.530000
 429 1.530000
 430 1.630000
 431 2.230000
 432 2.230000
 433 2.230000
 434 2.230000
 435 2.230000
 436 2.230000
 437 2.240000
 438 2.220000
 439 2.230000
 440 2.220000
 441 2.220000
 442 2.200000
 443 2.260000
 444 3.380000
 445 3.380000
 446 3.380000
 447 3.360000
 448 3.360000
 449 3.320000
 450 3.330000
 451 3.330000
 452 3.310000
 453 3.280000
 454 3.260000
 455 3.230000
 456 3.200000
 457 3.180000
 458 3.160000
 459 3.160000
 460 3.130000
 461 3.100000
 462 3.110000
 463 3.100000
 464 3.080000
 465 3.100000
 466 3.080000
 467 3.080000
 468 3.080000
 469 3.080000
 470 3.060000
 471 3.060000
 472 3.060000
 473 3.020000
 474 3.000000
 475 3.000000
 476 2.970000
 477 2.950000
 478 2.940000
 479 2.930000
 480 2.860000
 481 2.880000
 482 2.880000
 483 2.880000
 484 2.880000
 485 2.830000
 486 2.860000
 487 2.830000
 488 2.820000
 489 2.810000
 490 2.830000
 491 2.810000
 492 2.820000
 493 2.810000
 494 2.810000
 495 2.830000
 496 2.820000
 497 2.820000
 498 2.810000
 499 2.810000
 500 2.810000
 501 2.740000
 502 2.760000
 503 2.770000
 504 2.750000
 505 2.740000
 506 2.710000
 507 2.710000
 508 2.710000
 509 2.690000
 510 2.690000
 511 2.700000
 512 2.680000
 513 2.680000
 514 2.670000
 515 2.680000
 516 2.680000
 517 2.680000
 518 2.680000
 519 2.680000
 520 2.660000
 521 2.660000
 522 2.660000
 523 2.630000
 524 2.660000
 525 2.630000
 526 2.630000
 527 2.630000
 528 2.630000
 529 2.630000
 530 2.620000
 531 2.630000
 532 2.610000
 533 2.590000
 534 2.510000
 535 2.540000
 536 2.510000
 537 2.530000
 538 2.560000
 539 2.540000
 540 2.560000
 541 2.560000
 542 2.530000
 543 2.540000
 544 2.530000
 545 2.560000
 546 2.540000
 547 2.460000
 548 2.440000
 549 2.530000
 550 2.510000
 551 2.510000
 552 2.510000
 553 2.490000
 554 2.530000
 555 2.510000
 556 2.510000
 557 2.530000
 558 2.530000
 559 2.530000
 560 2.530000
 561 2.510000
 562 2.530000
 563 2.530000
 564 2.560000
 565 2.560000
 566 2.530000
 567 2.530000
 568 2.510000
 569 2.560000
 570 2.560000
 571 2.540000
 572 2.560000
 573 2.590000
 574 2.560000
 575 2.560000
 576 2.560000
 577 2.560000
 578 2.590000
 579 2.560000
 580 2.590000
 581 2.610000
 582 2.610000
 583 2.610000
 584 2.610000
 585 2.610000
 586 2.640000
 587 2.610000
 588 2.640000
 589 2.640000
 590 2.640000
 591 2.690000
 592 2.700000
 593 2.710000
 594 2.740000
 595 2.710000
 596 2.750000
 597 2.710000
 598 2.740000
 599 2.770000
 600 2.740000
 601 2.760000
 602 2.770000
 603 2.760000
 604 2.650000
 605 2.430000
 606 2.520000
 607 2.550000
 608 2.550000
 609 2.560000
 610 2.650000
 611 2.650000
 612 2.740000
 613 2.760000
 614 2.760000
 615 2.760000
 616 2.760000
 617 2.740000
 618 2.740000
 619 2.690000
 620 2.660000
 621 2.100000
 622 2.140000
 623 2.110000
 624 2.120000
 625 1.850000
 626 1.850000
 627 1.840000
 628 1.850000
 629 1.840000
 630 1.870000
 631 1.890000
 632 1.860000
 633 1.890000
 634 1.900000
 635 1.900000
 636 1.900000
 637 1.930000
 638 1.930000
 639 1.950000
 640 1.980000
 641 1.990000
 642 2.030000
 643 2.030000
 644 2.030000
 645 2.050000
 646 2.080000
 647 2.080000
 648 2.100000
 649 2.130000
 650 2.150000
 651 2.180000
 652 2.180000
 653 2.230000
 654 2.280000
 655 2.280000
 656 2.330000
 657 2.330000
 658 2.300000
 659 2.310000
 660 2.310000
 661 2.310000
 662 2.280000
 663 2.280000
 664 2.280000
 665 2.300000
 666 2.300000
 667 2.320000
 668 2.270000
 669 2.320000
 670 2.350000
 671 2.380000
 672 2.400000
 673 2.390000
 674 2.410000
 675 2.360000
 676 2.390000
 677 2.400000
 678 2.430000
 679 2.430000
 680 2.450000
 681 1.510000
 682 1.540000
 683 1.520000
 684 1.520000
 685 1.510000
 686 1.520000
 687 1.500000
 688 1.530000
 689 1.550000
 690 1.550000
 691 1.550000
 692 1.580000
 693 1.600000
 694 1.600000
 695 1.600000
 696 1.630000
 697 1.650000
 698 1.650000
 699 1.680000
 700 1.680000
 701 1.700000
 702 1.720000
 703 1.750000
 704 1.750000
 705 1.770000
 706 1.770000
 707 1.800000
 708 1.820000
 709 1.820000
 710 1.850000
 711 1.850000
 712 1.870000
 713 1.870000
 714 1.910000
 715 1.920000
 716 1.950000
 717 1.990000
 718 1.990000
 719 2.010000
 720 2.060000
 721 2.110000
 722 3.340000
 723 3.310000
 724 3.270000
 725 3.280000
 726 3.280000
 727 3.260000
 728 3.290000
 729 3.240000
 730 3.240000
 731 3.240000
 732 3.260000
 733 3.260000
 734 3.260000
 735 3.270000
 736 3.260000
 737 3.240000
 738 3.280000
 739 3.290000
 740 3.260000
 741 3.260000
 742 3.260000
 743 3.260000
 744 3.320000
 745 3.330000
 746 3.350000
 747 3.360000
 748 3.380000
 749 3.370000
 750 3.350000
 751 3.390000
 752 3.420000
 753 3.420000
 754 3.430000
 755 3.460000
 756 3.470000
 757 3.500000
 758 3.490000
 759 3.490000
 760 3.510000