
 0 2.920000
 1 2.920000
 2 2.920000
 3 2.920000
 4 2.920000
 5 2.920000
 6 2.920000
 7 2.940000
 8 2.970000
 9 2.940000
 10 2.940000
 11 2.970000
 12 2.970000
 13 2.970000
 14 2.270000
 15 2.280000
 16 2.350000
 17 2.340000
 18 2.300000
 19 2.300000
 20 2.340000
 21 2.370000
 22 2.400000
 23 2.380000
 24 2.380000
 25 2.380000
 26 2.400000
 27 2.360000
 28 2.330000
 29 2.330000
 30 2.530000
 31 2.410000
 32 2.440000
 33 2.330000
 34 2.410000
 35 2.460000
 36 2.430000
 37 2.410000
 38 2.410000
 39 2.350000
 40 2.310000
 41 2.330000
 42 2.330000
 43 2.310000
 44 2.220000
 45 2.310000
 46 2.210000
 47 2.170000
 48 2.280000
 49 2.280000
 50 2.260000
 51 2.210000
 52 2.230000
 53 2.280000
 54 2.260000
 55 2.200000
 56 2.280000
 57 2.180000
 58 2.240000
 59 2.220000
 60 2.190000
 61 2.180000
 62 2.190000
 63 2.210000
 64 2.250000
 65 2.250000
 66 2.280000
 67 2.300000
 68 2.230000
 69 2.240000
 70 2.270000
 71 3.000000
 72 3.000000
 73 2.980000
 74 2.930000
 75 2.930000
 76 2.930000
 77 2.750000
 78 2.550000
 79 2.600000
 80 2.570000
 81 2.560000
 82 2.560000
 83 2.550000
 84 2.530000
 85 2.550000
 86 2.610000
 87 2.650000
 88 2.730000
 89 2.810000
 90 2.760000
 91 2.760000
 92 2.760000
 93 2.780000
 94 2.810000
 95 2.800000
 96 2.850000
 97 2.880000
 98 2.860000
 99 2.880000
 100 2.910000
 101 2.910000
 102 2.960000
 103 2.980000
 104 2.980000
 105 2.980000
 106 2.980000
 107 3.010000
 108 3.030000
 109 1.670000
 110 1.590000
 111 1.600000
 112 1.610000
 113 1.610000
 114 1.610000
 115 1.580000
 116 1.580000
 117 1.580000
 118 1.590000
 119 1.600000
 120 1.580000
 121 1.590000
 122 1.560000
 123 1.560000
 124 1.580000
 125 1.580000
 126 1.600000
 127 1.600000
 128 3.380000
 129 3.410000
 130 3.410000
 131 3.430000
 132 3.440000
 133 3.400000
 134 3.410000
 135 3.460000
 136 3.430000
 137 3.440000
 138 3.540000
 139 3.660000
 140 3.690000
 141 3.760000
 142 3.730000
 143 3.760000
 144 3.750000
 145 3.750000
 146 3.790000
 147 3.790000
 148 3.830000
 149 3.850000
 150 3.780000
 151 3.780000
 152 3.780000
 153 3.960000
 154 3.930000
 155 4.010000
 156 4.010000
 157 4.030000
 158 4.050000
 159 2.010000
 160 2.000000
 161 2.030000
 162 2.010000
 163 2.010000
 164 2.030000
 165 2.030000
 166 2.030000
 167 2.030000
 168 2.010000
 169 2.010000
 170 2.010000
 171 2.000000
 172 1.990000
 173 2.110000
 174 3.860000
 175 3.970000
 176 3.810000
 177 3.810000
 178 3.410000
 179 3.410000
 180 3.440000
 181 3.760000
 182 3.760000
 183 3.600000
 184 3.590000
 185 1.260000
 186 1.240000
 187 1.230000
 188 1.230000
 189 1.250000
 190 1.250000
 191 1.220000
 192 1.220000
 193 1.220000
 194 1.200000
 195 1.190000
 196 1.200000
 197 1.190000
 198 1.220000
 199 1.220000
 200 1.200000
 201 1.190000
 202 1.200000
 203 1.180000
 204 1.190000
 205 1.170000
 206 1.190000
 207 1.190000
 208 1.200000
 209 2.710000
 210 2.730000
 211 2.710000
 212 2.710000
 213 2.680000
 214 2.640000
 215 2.650000
 216 2.670000
 217 2.650000
 218 2.620000
 219 2.620000
 220 2.620000
 221 2.640000
 222 2.620000
 223 1.740000
 224 1.740000
 225 1.730000
 226 1.730000
 227 1.730000
 228 1.730000
 229 1.720000
 230 1.710000
 231 1.710000
 232 1.700000
 233 1.700000
 234 1.730000
 235 1.700000
 236 1.690000
 237 1.690000
 238 1.680000
 239 1.780000
 240 2.610000
 241 2.600000
 242 2.610000
 243 2.600000
 244 2.630000
 245 2.580000
 246 2.600000
 247 2.600000
 248 2.600000
 249 2.610000
 250 2.580000
 251 2.580000
 252 2.540000
 253 2.550000
 254 2.550000
 255 2.550000
 256 2.560000
 257 2.550000
 258 2.520000
 259 2.520000
 260 2.520000
 261 2.520000
 262 2.510000
 263 2.540000
 264 2.720000
 265 3.060000
 266 2.720000
 267 3.090000
 268 3.110000
 269 3.210000
 270 3.170000
 271 3.220000
 272 3.210000
 273 3.240000
 274 3.210000
 275 3.230000
 276 3.250000
 277 3.240000
 278 3.230000
 279 3.260000
 280 3.250000
 281 3.250000
 282 3.300000
 283 3.300000
 284 3.520000
 285 3.480000
 286 3.990000
 287 3.420000
 288 3.510000
 289 3.380000
 290 4.510000
 291 3.400000
 292 3.500000
 293 3.570000
 294 3.730000
 295 3.610000
 296 3.520000
 297 3.520000
 298 3.570000
 299 3.730000
 300 3.540000
 301 3.480000
 302 3.480000
 303 3.500000
 304 3.510000
 305 3.490000
 306 3.470000
 307 3.520000
 308 3.520000
 309 3.470000
 310 3.490000
 311 3.490000
 312 3.520000
 313 3.460000
 314 3.430000
 315 3.360000
 316 3.350000
 317 3.350000
 318 3.330000
 319 3.380000
 320 3.340000
 321 3.330000
 322 2.170000
 323 2.180000
 324 2.230000
 325 2.280000
 326 2.300000
 327 2.350000
 328 2.400000
 329 2.430000
 330 2.480000
 331 2.530000
 332 2.410000
 333 2.370000
 334 2.370000
 335 2.390000
 336 2.390000
 337 2.390000
 338 2.400000
 339 2.370000
 340 2.400000
 341 2.370000
 342 2.370000
 343 2.370000
 344 2.370000
 345 2.350000
 346 2.370000
 347 2.370000
 348 2.370000
 349 2.370000
 350 2.350000
 351 2.350000
 352 2.350000
 353 2.370000
 354 2.350000
 355 2.350000
 356 2.350000
 357 2.340000
 358 2.340000
 359 2.360000
 360 2.350000
 361 2.320000
 362 2.340000
 363 2.330000
 364 2.320000
 365 2.330000
 366 2.330000
 367 2.430000
 368 2.480000
 369 2.530000
 370 4.760000
 371 4.760000
 372 4.760000
 373 4.770000
 374 4.650000
 375 4.750000
 376 4.780000
 377 1.380000
 378 1.370000
 379 1.370000
 380 1.370000
 381 1.340000
 382 1.340000
 383 1.340000
 384 1.320000
 385 1.350000
 386 1.340000
 387 1.320000
 388 1.360000
 389 1.330000
 390 1.330000
 391 1.360000
 392 1.380000
 393 1.360000
 394 1.500000
 395 4.010000
 396 4.030000
 397 4.030000
 398 4.050000
 399 4.050000
 400 4.080000
 401 4.100000
 402 4.070000
 403 4.070000
 404 4.180000
 405 4.150000
 406 4.240000
 407 4.970000
 408 4.980000
 409 5.000000
 410 5.000000
 411 5.000000
 412 5.000000
 413 5.050000
 414 5.030000
 415 5.050000
 416 5.040000
 417 1.860000
 418 1.870000
 419 1.870000
 420 1.840000
 421 1.840000
 422 1.820000
 423 1.820000
 424 1.840000
 425 1.830000
 426 1.850000
 427 1.880000
 428 1.890000
 429 4.440000
 430 4.440000
 431 4.450000
 432 4.450000
 433 1.230000
 434 1.220000
 435 1.220000
 436 1.190000
 437 1.190000
 438 1.220000
 439 1.190000
 440 1.220000
 441 1.190000
 442 1.190000
 443 1.190000
 444 1.170000
 445 1.190000
 446 1.190000
 447 1.210000
 448 1.210000
 449 1.210000
 450 1.240000
 451 1.230000
 452 3.730000
 453 4.570000
 454 4.590000
 455 3.690000
 456 3.630000
 457 3.630000
 458 3.560000
 459 1.770000
 460 1.730000
 461 1.740000
 462 1.720000
 463 1.740000
 464 1.740000
 465 1.720000
 466 1.720000
 467 1.740000
 468 1.720000
 469 1.730000
 470 1.750000
 471 1.760000
 472 1.830000
 473 3.800000
 474 2.290000
 475 2.290000
 476 2.290000
 477 2.290000
 478 2.270000
 479 2.290000
 480 2.290000
 481 2.280000
 482 2.360000
 483 4.490000
 484 4.600000
 485 4.550000
 486 4.360000
 487 4.390000
 488 4.350000
 489 4.330000
 490 4.230000
 491 4.230000
 492 4.230000
 493 4.310000
 494 4.330000
 495 4.350000
 496 4.390000
 497 4.410000
 498 4.460000
 499 4.480000
 500 4.470000
 501 1.160000
 502 1.160000
 503 1.170000
 504 1.140000
 505 1.140000
 506 1.140000
 507 1.150000
 508 1.140000
 509 1.140000
 510 1.140000
 511 1.120000
 512 1.130000
 513 1.140000
 514 1.120000
 515 1.120000
 516 1.130000
 517 1.130000
 518 1.150000
 519 1.150000
 520 1.150000
 521 1.180000
 522 1.190000
 523 1.230000
 524 4.200000
 525 4.180000
 526 4.180000
 527 4.150000
 528 4.150000
 529 4.130000
 530 4.130000
 531 4.100000
 532 4.130000
 533 4.100000
 534 4.100000
 535 4.080000
 536 4.080000
 537 4.080000
 538 4.050000
 539 4.050000
 540 4.060000
 541 4.050000
 542 4.000000
 543 4.030000
 544 4.030000
 545 4.010000
 546 4.010000
 547 3.980000
 548 4.000000
 549 3.980000
 550 3.980000
 551 3.950000
 552 3.950000
 553 3.090000
 554 3.070000
 555 3.120000
 556 3.000000
 557 3.030000
 558 3.090000
 559 3.090000
 560 3.090000
 561 3.120000
 562 3.090000
 563 3.090000
 564 3.010000
 565 3.010000
 566 3.000000
 567 3.000000
 568 3.030000
 569 3.030000
 570 2.980000
 571 3.150000
 572 2.980000
 573 3.110000
 574 1.710000
 575 1.680000
 576 1.700000
 577 1.630000
 578 1.660000
 579 1.660000
 580 1.680000
 581 1.640000
 582 1.640000
 583 1.630000
 584 1.610000
 585 1.600000
 586 1.580000
 587 1.580000
 588 1.590000
 589 1.570000
 590 1.600000
 591 1.590000
 592 1.610000
 593 1.610000
 594 1.620000
 595 1.640000
 596 1.640000
 597 1.660000
 598 1.650000
 599 1.680000
 600 1.670000
 601 1.660000
 602 1.720000
 603 1.680000
 604 1.700000
 605 3.010000
 606 3.080000
 607 3.060000
 608 3.040000
 609 3.080000
 610 3.050000
 611 3.090000
 612 3.060000
 613 3.110000
 614 3.190000
 615 3.190000
 616 3.220000
 617 3.170000
 618 3.220000
 619 3.250000
 620 3.220000
 621 3.240000
 622 3.220000
 623 3.240000
 624 3.320000
 625 3.160000
 626 3.180000
 627 3.300000
 628 3.180000
 629 3.180000
 630 3.200000
 631 3.350000
 632 3.210000
 633 3.320000
 634 3.230000
 635 3.230000
 636 3.340000
 637 3.370000
 638 3.360000
 639 3.360000
 640 3.360000
 641 3.260000
 642 3.360000
 643 3.390000
 644 3.390000
 645 3.280000
 646 3.280000
 647 3.340000
 648 3.390000
 649 3.360000
 650 3.280000
 651 3.280000
 652 3.270000
 653 3.220000
 654 3.210000
 655 3.180000
 656 3.230000
 657 3.180000
 658 3.130000
 659 3.180000
 660 3.120000
 661 3.150000
 662 3.170000
 663 3.490000
 664 3.690000
 665 3.690000
 666 3.640000
 667 3.640000
 668 3.640000
 669 3.640000
 670 3.670000
 671 3.670000
 672 3.670000
 673 3.690000
 674 3.670000
 675 3.390000
 676 3.670000
 677 3.690000
 678 3.670000
 679 3.690000
 680 3.690000
 681 3.640000
 682 3.620000
 683 3.640000
 684 3.640000
 685 3.620000
 686 3.640000
 687 3.670000
 688 3.640000
 689 3.670000
 690 3.690000
 691 3.690000
 692 3.670000
 693 3.670000
 694 3.690000
 695 3.690000
 696 3.720000
 697 3.720000
 698 3.720000
 699 3.720000
 700 3.740000
 701 3.740000
 702 3.180000
 703 3.140000
 704 3.240000
 705 3.270000
 706 3.200000
 707 3.200000
 708 3.250000
 709 3.280000
 710 3.180000
 711 3.280000
 712 3.410000
 713 3.380000
 714 3.360000
 715 3.070000
 716 3.030000
 717 3.030000
 718 3.040000
 719 3.070000
 720 3.190000
 721 3.030000
 722 3.000000
 723 3.020000
 724 2.930000
 725 2.960000
 726 3.060000
 727 3.150000
 728 3.100000
 729 3.080000
 730 3.100000
 731 3.080000
 732 3.150000
 733 3.100000
 734 3.080000
 735 3.080000
 736 3.070000
 737 3.060000
 738 3.060000
 739 3.090000
 740 3.060000
 741 3.060000
 742 3.090000
 743 2.750000
 744 2.730000
 745 2.700000
 746 2.710000
 747 2.690000
 748 2.690000
 749 2.670000
 750 2.640000
 751 2.650000
 752 2.510000
 753 2.630000
 754 2.580000
 755 2.570000
 756 2.490000
 757 2.480000
 758 2.480000
 759 2.480000
 760 2.420000
 0 2.910000
 1 2.910000
 2 2.910000
 3 2.910000
 4 2.910000
 5 2.940000
 6 2.940000
 7 2.940000
 8 2.960000
 9 2.940000
 10 2.960000
 11 2.940000
 12 2.960000
 13 2.990000
 14 2.320000
 15 2.250000
 16 2.370000
 17 2.330000
 18 2.290000
 19 2.290000
 20 2.330000
 21 2.340000
 22 2.400000
 23 2.370000
 24 2.380000
 25 2.380000
 26 2.400000
 27 2.330000
 28 2.330000
 29 2.330000
 30 2.710000
 31 2.410000
 32 2.460000
 33 2.330000
 34 2.430000
 35 2.460000
 36 2.430000
 37 2.430000
 38 2.430000
 39 2.350000
 40 2.330000
 41 2.330000
 42 2.310000
 43 2.310000
 44 2.200000
 45 2.310000
 46 2.210000
 47 2.170000
 48 2.310000
 49 2.310000
 50 2.260000
 51 2.190000
 52 2.230000
 53 2.280000
 54 2.280000
 55 2.180000
 56 2.270000
 57 2.160000
 58 2.210000
 59 2.190000
 60 2.190000
 61 2.200000
 62 2.210000
 63 2.240000
 64 2.240000
 65 2.240000
 66 2.280000
 67 2.300000
 68 2.230000
 69 2.260000
 70 2.290000
 71 3.000000
 72 3.000000
 73 2.970000
 74 2.960000
 75 2.930000
 76 2.910000
 77 2.720000
 78 2.520000
 79 2.590000
 80 2.540000
 81 2.570000
 82 2.570000
 83 2.520000
 84 2.510000
 85 2.540000
 86 2.610000
 87 2.620000
 88 2.710000
 89 2.780000
 90 2.730000
 91 2.730000
 92 2.780000
 93 2.780000
 94 2.810000
 95 2.820000
 96 2.850000
 97 2.870000
 98 2.860000
 99 2.870000
 100 2.910000
 101 2.930000
 102 2.960000
 103 2.960000
 104 2.980000
 105 3.010000
 106 2.980000
 107 3.030000
 108 3.030000
 109 1.670000
 110 1.590000
 111 1.600000
 112 1.580000
 113 1.610000
 114 1.580000
 115 1.580000
 116 1.580000
 117 1.600000
 118 1.590000
 119 1.570000
 120 1.580000
 121 1.590000
 122 1.590000
 123 1.580000
 124 1.580000
 125 1.580000
 126 1.570000
 127 1.620000
 128 3.410000
 129 3.380000
 130 3.410000
 131 3.430000
 132 3.440000
 133 3.390000
 134 3.440000
 135 3.460000
 136 3.430000
 137 3.460000
 138 3.550000
 139 3.660000
 140 3.680000
 141 3.760000
 142 3.730000
 143 3.750000
 144 3.790000
 145 3.750000
 146 3.760000
 147 3.780000
 148 3.800000
 149 3.850000
 150 3.760000
 151 3.780000
 152 3.810000
 153 3.930000
 154 3.930000
 155 4.010000
 156 4.030000
 157 4.010000
 158 4.050000
 159 2.030000
 160 2.000000
 161 2.000000
 162 2.030000
 163 2.010000
 164 2.030000
 165 2.000000
 166 2.000000
 167 2.030000
 168 2.010000
 169 2.030000
 170 2.010000
 171 2.000000
 172 1.980000
 173 2.110000
 174 3.860000
 175 3.970000
 176 3.830000
 177 3.830000
 178 3.510000
 179 3.420000
 180 3.410000
 181 3.760000
 182 3.760000
 183 3.590000
 184 3.620000
 185 1.260000
 186 1.240000
 187 1.220000
 188 1.220000
 189 1.250000
 190 1.240000
 191 1.240000
 192 1.210000
 193 1.190000
 194 1.190000
 195 1.190000
 196 1.190000
 197 1.210000
 198 1.190000
 199 1.200000
 200 1.200000
 201 1.200000
 202 1.200000
 203 1.200000
 204 1.190000
 205 1.190000
 206 1.180000
 207 1.180000
 208 1.190000
 209 2.710000
 210 2.700000
 211 2.740000
 212 2.710000
 213 2.670000
 214 2.640000
 215 2.670000
 216 2.650000
 217 2.620000
 218 2.650000
 219 2.620000
 220 2.620000
 221 2.610000
 222 2.640000
 223 1.760000
 224 1.730000
 225 1.720000
 226 1.720000
 227 1.720000
 228 1.700000
 229 1.720000
 230 1.710000
 231 1.720000
 232 1.700000
 233 1.720000
 234 1.700000
 235 1.720000
 236 1.720000
 237 1.690000
 238 1.680000
 239 1.770000
 240 2.610000
 241 2.600000
 242 2.580000
 243 2.630000
 244 2.620000
 245 2.580000
 246 2.590000
 247 2.630000
 248 2.600000
 249 2.610000
 250 2.580000
 251 2.550000
 252 2.540000
 253 2.550000
 254 2.550000
 255 2.550000
 256 2.530000
 257 2.520000
 258 2.520000
 259 2.530000
 260 2.520000
 261 2.540000
 262 2.530000
 263 2.540000
 264 2.700000
 265 3.060000
 266 2.730000
 267 3.060000
 268 3.110000
 269 3.210000
 270 3.140000
 271 3.190000
 272 3.230000
 273 3.240000
 274 3.210000
 275 3.230000
 276 3.210000
 277 3.230000
 278 3.230000
 279 3.230000
 280 3.250000
 281 3.300000
 282 3.300000
 283 3.300000
 284 3.520000
 285 3.480000
 286 3.880000
 287 3.420000
 288 3.480000
 289 3.380000
 290 4.510000
 291 3.400000
 292 3.520000
 293 3.590000
 294 3.730000
 295 3.640000
 296 3.510000
 297 3.540000
 298 3.560000
 299 3.760000
 300 3.510000
 301 3.460000
 302 3.480000
 303 3.520000
 304 3.530000
 305 3.460000
 306 3.490000
 307 3.520000
 308 3.500000
 309 3.490000
 310 3.460000
 311 3.490000
 312 3.490000
 313 3.460000
 314 3.440000
 315 3.360000
 316 3.350000
 317 3.380000
 318 3.330000
 319 3.330000
 320 3.340000
 321 3.330000
 322 2.190000
 323 2.160000
 324 2.200000
 325 2.250000
 326 2.270000
 327 2.350000
 328 2.400000
 329 2.450000
 330 2.470000
 331 2.520000
 332 2.410000
 333 2.370000
 334 2.370000
 335 2.390000
 336 2.390000
 337 2.390000
 338 2.370000
 339 2.370000
 340 2.370000
 341 2.370000
 342 2.360000
 343 2.370000
 344 2.370000
 345 2.370000
 346 2.370000
 347 2.370000
 348 2.370000
 349 2.370000
 350 2.370000
 351 2.370000
 352 2.350000
 353 2.350000
 354 2.350000
 355 2.350000
 356 2.350000
 357 2.340000
 358 2.340000
 359 2.330000
 360 2.350000
 361 2.320000
 362 2.310000
 363 2.330000
 364 2.330000
 365 2.320000
 366 2.330000
 367 2.430000
 368 2.460000
 369 2.530000
 370 4.760000
 371 4.760000
 372 4.760000
 373 4.770000
 374 4.640000
 375 4.780000
 376 4.770000
 377 1.400000
 378 1.360000
 379 1.340000
 380 1.360000
 381 1.340000
 382 1.340000
 383 1.340000
 384 1.340000
 385 1.340000
 386 1.310000
 387 1.340000
 388 1.360000
 389 1.360000
 390 1.360000
 391 1.360000
 392 1.360000
 393 1.380000
 394 1.500000
 395 4.010000
 396 4.050000
 397 4.050000
 398 4.050000
 399 4.080000
 400 4.040000
 401 4.070000
 402 4.070000
 403 4.260000
 404 4.430000
 405 4.230000
 406 4.350000
 407 4.990000
 408 4.970000
 409 4.970000
 410 5.000000
 411 5.020000
 412 5.000000
 413 5.050000
 414 5.050000
 415 5.050000
 416 5.060000
 417 1.860000
 418 1.840000
 419 1.860000
 420 1.860000
 421 1.840000
 422 1.840000
 423 1.810000
 424 1.810000
 425 1.860000
 426 1.850000
 427 1.850000
 428 1.880000
 429 4.430000
 430 4.430000
 431 4.470000
 432 4.440000
 433 1.230000
 434 1.210000
 435 1.210000
 436 1.210000
 437 1.190000
 438 1.190000
 439 1.190000
 440 1.190000
 441 1.190000
 442 1.190000
 443 1.160000
 444 1.160000
 445 1.160000
 446 1.190000
 447 1.180000
 448 1.180000
 449 1.210000
 450 1.230000
 451 1.260000
 452 3.730000
 453 4.570000
 454 4.570000
 455 3.710000
 456 3.670000
 457 3.610000
 458 3.560000
 459 3.650000
 460 1.730000
 461 1.740000
 462 1.710000
 463 1.740000
 464 1.740000
 465 1.710000
 466 1.740000
 467 1.740000
 468 1.710000
 469 1.710000
 470 1.750000
 471 1.780000
 472 1.800000
 473 3.800000
 474 2.290000
 475 2.310000
 476 2.290000
 477 2.290000
 478 2.300000
 479 2.290000
 480 2.290000
 481 2.280000
 482 2.360000
 483 4.480000
 484 4.570000
 485 4.570000
 486 4.360000
 487 4.360000
 488 4.340000
 489 4.330000
 490 4.260000
 491 4.230000
 492 4.240000
 493 4.310000
 494 4.310000
 495 4.310000
 496 4.380000
 497 4.410000
 498 4.460000
 499 4.450000
 500 4.440000
 501 1.280000
 502 1.160000
 503 1.160000
 504 1.160000
 505 1.140000
 506 1.140000
 507 1.150000
 508 1.140000
 509 1.140000
 510 1.110000
 511 1.110000
 512 1.160000
 513 1.110000
 514 1.110000
 515 1.110000
 516 1.120000
 517 1.150000
 518 1.150000
 519 1.150000
 520 1.160000
 521 1.170000
 522 1.190000
 523 1.200000
 524 4.200000
 525 4.200000
 526 4.150000
 527 4.150000
 528 4.170000
 529 4.150000
 530 4.120000
 531 4.120000
 532 4.120000
 533 4.120000
 534 4.100000
 535 4.070000
 536 4.070000
 537 4.050000
 538 4.050000
 539 4.050000
 540 4.060000
 541 4.020000
 542 4.020000
 543 4.020000
 544 4.020000
 545 4.010000
 546 4.010000
 547 3.970000
 548 3.970000
 549 3.970000
 550 3.970000
 551 3.970000
 552 3.950000
 553 3.110000
 554 3.040000
 555 3.080000
 556 3.020000
 557 3.010000
 558 3.120000
 559 3.090000
 560 3.090000
 561 3.090000
 562 3.090000
 563 3.090000
 564 3.010000
 565 3.010000
 566 3.000000
 567 3.000000
 568 3.030000
 569 3.010000
 570 3.010000
 571 3.150000
 572 3.010000
 573 3.090000
 574 1.730000
 575 1.700000
 576 1.680000
 577 1.660000
 578 1.660000
 579 1.660000
 580 1.630000
 581 1.630000
 582 1.640000
 583 1.630000
 584 1.610000
 585 1.590000
 586 1.580000
 587 1.580000
 588 1.580000
 589 1.590000
 590 1.570000
 591 1.570000
 592 1.590000
 593 1.610000
 594 1.610000
 595 1.640000
 596 1.650000
 597 1.660000
 598 1.660000
 599 1.660000
 600 1.660000
 601 1.650000
 602 1.700000
 603 1.710000
 604 1.730000
 605 2.980000
 606 3.060000
 607 3.060000
 608 3.030000
 609 3.060000
 610 3.050000
 611 3.050000
 612 3.080000
 613 3.090000
 614 3.180000
 615 3.220000
 616 3.080000
 617 3.180000
 618 3.240000
 619 3.240000
 620 3.220000
 621 3.240000
 622 3.220000
 623 3.240000
 624 3.290000
 625 3.160000
 626 3.180000
 627 3.270000
 628 3.210000
 629 3.180000
 630 3.230000
 631 3.350000
 632 3.340000
 633 3.340000
 634 3.200000
 635 3.230000
 636 3.370000
 637 3.330000
 638 3.360000
 639 3.330000
 640 3.370000
 641 3.260000
 642 3.360000
 643 3.380000
 644 3.360000
 645 3.310000
 646 3.280000
 647 3.350000
 648 3.360000
 649 3.380000
 650 3.280000
 651 3.300000
 652 3.210000
 653 3.220000
 654 3.210000
 655 3.180000
 656 3.210000
 657 3.190000
 658 3.160000
 659 3.170000
 660 3.120000
 661 3.150000
 662 3.160000
 663 3.510000
 664 3.680000
 665 3.710000
 666 3.640000
 667 3.640000
 668 3.640000
 669 3.640000
 670 3.660000
 671 3.660000
 672 3.660000
 673 3.660000
 674 3.660000
 675 3.360000
 676 3.660000
 677 3.660000
 678 3.690000
 679 3.660000
 680 3.690000
 681 3.660000
 682 3.650000
 683 3.610000
 684 3.640000
 685 3.660000
 686 3.640000
 687 3.640000
 688 3.660000
 689 3.660000
 690 3.660000
 691 3.660000
 692 3.690000
 693 3.690000
 694 3.690000
 695 3.690000
 696 3.690000
 697 3.710000
 698 3.710000
 699 3.710000
 700 3.740000
 701 3.740000
 702 3.150000
 703 3.160000
 704 3.220000
 705 3.270000
 706 3.200000
 707 3.190000
 708 3.270000
 709 3.270000
 710 3.180000
 711 3.280000
 712 3.410000
 713 3.380000
 714 3.360000
 715 3.060000
 716 3.030000
 717 3.030000
 718 3.040000
 719 3.060000
 720 3.190000
 721 3.010000
 722 3.000000
 723 3.010000
 724 2.930000
 725 2.960000
 726 3.080000
 727 3.150000
 728 3.070000
 729 3.070000
 730 3.070000
 731 3.070000
 732 3.170000
 733 3.100000
 734 3.070000
 735 3.070000
 736 3.090000
 737 3.060000
 738 3.060000
 739 3.070000
 740 3.060000
 741 3.060000
 742 3.080000
 743 2.740000
 744 2.740000
 745 2.700000
 746 2.710000
 747 2.690000
 748 2.690000
 749 2.670000
 750 2.670000
 751 2.650000
 752 2.510000
 753 2.480000
 754 2.590000
 755 2.540000
 756 2.480000
 757 2.450000
 758 2.500000
 759 2.470000
 760 2.420000
 0 2.910000
 1 2.910000
 2 2.890000
 3 2.940000
 4 2.940000
 5 2.940000
 6 2.940000
 7 2.940000
 8 2.940000
 9 2.940000
 10 2.960000
 11 2.960000
 12 2.960000
 13 2.960000
 14 2.270000
 15 2.280000
 16 2.370000
 17 2.330000
 18 2.310000
 19 2.320000
 20 2.330000
 21 2.340000
 22 2.400000
 23 2.350000
 24 2.410000
 25 2.380000
 26 2.430000
 27 2.360000
 28 2.330000
 29 2.350000
 30 2.530000
 31 2.430000
 32 2.440000
 33 2.330000
 34 2.410000
 35 2.460000
 36 2.410000
 37 2.430000
 38 2.410000
 39 2.320000
 40 2.330000
 41 2.330000
 42 2.310000
 43 2.310000
 44 2.220000
 45 2.310000
 46 2.180000
 47 2.170000
 48 2.280000
 49 2.280000
 50 2.240000
 51 2.210000
 52 2.260000
 53 2.280000
 54 2.280000
 55 2.180000
 56 2.270000
 57 2.160000
 58 2.210000
 59 2.220000
 60 2.190000
 61 2.210000
 62 2.190000
 63 2.240000
 64 2.240000
 65 2.270000
 66 2.280000
 67 2.310000
 68 2.230000
 69 2.210000
 70 2.230000
 71 3.000000
 72 2.970000
 73 2.970000
 74 2.960000
 75 2.930000
 76 2.930000
 77 2.720000
 78 2.520000
 79 2.570000
 80 2.540000
 81 2.560000
 82 2.560000
 83 2.520000
 84 2.540000
 85 2.540000
 86 2.610000
 87 2.650000
 88 2.730000
 89 2.780000
 90 2.760000
 91 2.730000
 92 2.760000
 93 2.780000
 94 2.810000
 95 2.800000
 96 2.850000
 97 2.870000
 98 2.860000
 99 2.870000
 100 2.910000
 101 2.930000
 102 2.960000
 103 2.960000
 104 2.980000
 105 3.010000
 106 2.980000
 107 3.010000
 108 3.060000
 109 1.670000
 110 1.570000
 111 1.570000
 112 1.610000
 113 1.610000
 114 1.580000
 115 1.580000
 116 1.580000
 117 1.570000
 118 1.570000
 119 1.570000
 120 1.580000
 121 1.590000
 122 1.590000
 123 1.580000
 124 1.580000
 125 1.560000
 126 1.570000
 127 1.600000
 128 3.410000
 129 3.380000
 130 3.410000
 131 3.430000
 132 3.440000
 133 3.370000
 134 3.440000
 135 3.450000
 136 3.420000
 137 3.440000
 138 3.550000
 139 3.660000
 140 3.660000
 141 3.760000
 142 3.750000
 143 3.760000
 144 3.750000
 145 3.750000
 146 3.790000
 147 3.820000
 148 3.800000
 149 3.870000
 150 3.760000
 151 3.780000
 152 3.780000
 153 3.960000
 154 3.930000
 155 3.980000
 156 4.030000
 157 4.030000
 158 4.050000
 159 2.010000
 160 2.020000
 161 2.020000
 162 2.030000
 163 2.010000
 164 2.020000
 165 2.000000
 166 2.020000
 167 2.030000
 168 2.010000
 169 2.000000
 170 2.010000
 171 2.000000
 172 2.010000
 173 2.080000
 174 3.860000
 175 3.970000
 176 3.830000
 177 3.810000
 178 3.530000
 179 3.420000
 180 3.430000
 181 3.760000
 182 3.760000
 183 3.590000
 184 3.600000
 185 1.260000
 186 1.240000
 187 1.220000
 188 1.250000
 189 1.220000
 190 1.250000
 191 1.240000
 192 1.220000
 193 1.220000
 194 1.190000
 195 1.190000
 196 1.190000
 197 1.210000
 198 1.190000
 199 1.220000
 200 1.200000
 201 1.200000
 202 1.200000
 203 1.200000
 204 1.190000
 205 1.170000
 206 1.190000
 207 1.180000
 208 1.190000
 209 2.710000
 210 2.730000
 211 2.710000
 212 2.710000
 213 2.670000
 214 2.640000
 215 2.650000
 216 2.650000
 217 2.650000
 218 2.650000
 219 2.620000
 220 2.620000
 221 2.610000
 222 2.610000
 223 1.760000
 224 1.730000
 225 1.720000
 226 1.750000
 227 1.720000
 228 1.720000
 229 1.720000
 230 1.710000
 231 1.720000
 232 1.720000
 233 1.700000
 234 1.720000
 235 1.700000
 236 1.700000
 237 1.690000
 238 1.700000
 239 1.770000
 240 2.610000
 241 2.600000
 242 2.610000
 243 2.600000
 244 2.600000
 245 2.580000
 246 2.600000
 247 2.620000
 248 2.600000
 249 2.610000
 250 2.580000
 251 2.570000
 252 2.540000
 253 2.550000
 254 2.550000
 255 2.520000
 256 2.530000
 257 2.520000
 258 2.520000
 259 2.550000
 260 2.550000
 261 2.510000
 262 2.530000
 263 2.570000
 264 2.700000
 265 3.060000
 266 2.710000
 267 3.060000
 268 3.110000
 269 3.210000
 270 3.140000
 271 3.210000
 272 3.230000
 273 3.240000
 274 3.230000
 275 3.230000
 276 3.210000
 277 3.240000
 278 3.230000
 279 3.230000
 280 3.230000
 281 3.270000
 282 3.300000
 283 3.320000
 284 3.520000
 285 3.510000
 286 3.960000
 287 3.420000
 288 3.510000
 289 3.380000
 290 4.480000
 291 3.430000
 292 3.500000
 293 3.560000
 294 3.730000
 295 3.660000
 296 3.510000
 297 3.540000
 298 3.560000
 299 3.760000
 300 3.510000
 301 3.480000
 302 3.460000
 303 3.520000
 304 3.510000
 305 3.460000
 306 3.460000
 307 3.520000
 308 3.500000
 309 3.460000
 310 3.490000
 311 3.490000
 312 3.540000
 313 3.460000
 314 3.440000
 315 3.360000
 316 3.370000
 317 3.380000
 318 3.300000
 319 3.380000
 320 3.370000
 321 3.330000
 322 2.160000
 323 2.180000
 324 2.220000
 325 2.270000
 326 2.300000
 327 2.320000
 328 2.370000
 329 2.420000
 330 2.470000
 331 2.550000
 332 2.410000
 333 2.400000
 334 2.370000
 335 2.390000
 336 2.390000
 337 2.390000
 338 2.370000
 339 2.370000
 340 2.400000
 341 2.370000
 342 2.360000
 343 2.370000
 344 2.350000
 345 2.400000
 346 2.370000
 347 2.350000
 348 2.380000
 349 2.350000
 350 2.370000
 351 2.370000
 352 2.350000
 353 2.350000
 354 2.350000
 355 2.350000
 356 2.350000
 357 2.340000
 358 2.340000
 359 2.360000
 360 2.350000
 361 2.340000
 362 2.340000
 363 2.330000
 364 2.340000
 365 2.360000
 366 2.330000
 367 2.430000
 368 2.480000
 369 2.530000
 370 4.730000
 371 4.760000
 372 4.760000
 373 4.770000
 374 4.640000
 375 4.770000
 376 4.800000
 377 1.370000
 378 1.360000
 379 1.370000
 380 1.360000
 381 1.370000
 382 1.340000
 383 1.360000
 384 1.340000
 385 1.350000
 386 1.320000
 387 1.310000
 388 1.330000
 389 1.360000
 390 1.360000
 391 1.360000
 392 1.360000
 393 1.380000
 394 1.500000
 395 4.010000
 396 4.070000
 397 4.050000
 398 4.030000
 399 4.080000
 400 4.020000
 401 4.070000
 402 4.070000
 403 4.120000
 404 4.260000
 405 4.230000
 406 4.210000
 407 4.970000
 408 4.970000
 409 5.000000
 410 5.000000
 411 5.000000
 412 5.020000
 413 5.050000
 414 5.050000
 415 5.050000
 416 5.060000
 417 1.860000
 418 1.860000
 419 1.840000
 420 1.840000
 421 1.840000
 422 1.810000
 423 1.840000
 424 1.840000
 425 1.820000
 426 1.850000
 427 1.870000
 428 1.880000
 429 4.460000
 430 4.460000
 431 4.470000
 432 4.470000
 433 1.220000
 434 1.210000
 435 1.190000
 436 1.190000
 437 1.210000
 438 1.190000
 439 1.190000
 440 1.190000
 441 1.190000
 442 1.190000
 443 1.190000
 444 1.190000
 445 1.190000
 446 1.160000
 447 1.210000
 448 1.210000
 449 1.230000
 450 1.230000
 451 1.260000
 452 3.780000
 453 4.570000
 454 4.570000
 455 3.710000
 456 3.660000
 457 3.630000
 458 3.560000
 459 1.810000
 460 1.730000
 461 1.760000
 462 1.740000
 463 1.740000
 464 1.740000
 465 1.740000
 466 1.740000
 467 1.740000
 468 1.740000
 469 1.710000
 470 1.750000
 471 1.760000
 472 1.780000
 473 3.800000
 474 2.310000
 475 2.310000
 476 2.310000
 477 2.290000
 478 2.270000
 479 2.290000
 480 2.290000
 481 2.310000
 482 2.360000
 483 4.510000
 484 4.570000
 485 4.550000
 486 4.360000
 487 4.380000
 488 4.340000
 489 4.330000
 490 4.230000
 491 4.230000
 492 4.240000
 493 4.310000
 494 4.330000
 495 4.340000
 496 4.410000
 497 4.410000
 498 4.460000
 499 4.470000
 500 4.470000
 501 1.160000
 502 1.160000
 503 1.140000
 504 1.140000
 505 1.140000
 506 1.140000
 507 1.150000
 508 1.120000
 509 1.140000
 510 1.140000
 511 1.140000
 512 1.160000
 513 1.110000
 514 1.140000
 515 1.140000
 516 1.120000
 517 1.120000
 518 1.150000
 519 1.150000
 520 1.170000
 521 1.170000
 522 1.190000
 523 1.170000
 524 4.170000
 525 4.170000
 526 4.170000
 527 4.150000
 528 4.150000
 529 4.150000
 530 4.120000
 531 4.120000
 532 4.100000
 533 4.100000
 534 4.100000
 535 4.070000
 536 4.070000
 537 4.050000
 538 4.050000
 539 4.050000
 540 4.060000
 541 4.050000
 542 4.020000
 543 4.020000
 544 4.020000
 545 4.010000
 546 3.980000
 547 4.000000
 548 3.970000
 549 3.970000
 550 3.950000
 551 3.950000
 552 3.950000
 553 3.080000
 554 3.040000
 555 3.110000
 556 3.050000
 557 3.010000
 558 3.120000
 559 3.090000
 560 3.090000
 561 3.120000
 562 3.090000
 563 3.080000
 564 2.980000
 565 3.010000
 566 2.980000
 567 3.000000
 568 3.000000
 569 3.010000
 570 3.010000
 571 2.980000
 572 3.010000
 573 3.120000
 574 1.700000
 575 1.680000
 576 1.680000
 577 1.660000
 578 1.660000
 579 1.690000
 580 1.670000
 581 1.640000
 582 1.640000
 583 1.630000
 584 1.610000
 585 1.610000
 586 1.610000
 587 1.580000
 588 1.580000
 589 1.570000
 590 1.600000
 591 1.580000
 592 1.610000
 593 1.590000
 594 1.610000
 595 1.630000
 596 1.640000
 597 1.660000
 598 1.660000
 599 1.670000
 600 1.660000
 601 1.670000
 602 1.720000
 603 1.680000
 604 1.730000
 605 2.980000
 606 3.060000
 607 3.050000
 608 3.060000
 609 3.060000
 610 3.080000
 611 3.050000
 612 3.080000
 613 3.110000
 614 3.180000
 615 3.190000
 616 3.080000
 617 3.170000
 618 3.240000
 619 3.240000
 620 3.240000
 621 3.270000
 622 3.240000
 623 3.240000
 624 3.290000
 625 3.160000
 626 3.160000
 627 3.270000
 628 3.180000
 629 3.210000
 630 3.210000
 631 3.320000
 632 3.210000
 633 3.340000
 634 3.230000
 635 3.250000
 636 3.370000
 637 3.340000
 638 3.370000
 639 3.360000
 640 3.370000
 641 3.280000
 642 3.330000
 643 3.380000
 644 3.360000
 645 3.280000
 646 3.280000
 647 3.360000
 648 3.380000
 649 3.380000
 650 3.280000
 651 3.250000
 652 3.240000
 653 3.250000
 654 3.230000
 655 3.180000
 656 3.230000
 657 3.180000
 658 3.160000
 659 3.180000
 660 3.150000
 661 3.120000
 662 3.160000
 663 3.520000
 664 3.680000
 665 3.690000
 666 3.640000
 667 3.660000
 668 3.640000
 669 3.640000
 670 3.660000
 671 3.640000
 672 3.660000
 673 3.660000
 674 3.660000
 675 3.360000
 676 3.660000
 677 3.660000
 678 3.690000
 679 3.690000
 680 3.660000
 681 3.660000
 682 3.620000
 683 3.610000
 684 3.640000
 685 3.610000
 686 3.640000
 687 3.640000
 688 3.660000
 689 3.660000
 690 3.690000
 691 3.660000
 692 3.690000
 693 3.690000
 694 3.690000
 695 3.690000
 696 3.690000
 697 3.710000
 698 3.710000
 699 3.710000
 700 3.740000
 701 3.740000
 702 3.150000
 703 3.130000
 704 3.240000
 705 3.270000
 706 3.230000
 707 3.190000
 708 3.270000
 709 3.270000
 710 3.180000
 711 3.260000
 712 3.410000
 713 3.380000
 714 3.330000
 715 3.090000
 716 3.030000
 717 3.060000
 718 3.040000
 719 3.060000
 720 3.160000
 721 3.010000
 722 3.000000
 723 3.010000
 724 2.920000
 725 2.930000
 726 3.080000
 727 3.130000
 728 3.100000
 729 3.070000
 730 3.100000
 731 3.070000
 732 3.150000
 733 3.070000
 734 3.070000
 735 3.070000
 736 3.090000
 737 3.060000
 738 3.060000
 739 3.090000
 740 3.060000
 741 3.090000
 742 3.060000
 743 2.750000
 744 2.740000
 745 2.700000
 746 2.730000
 747 2.690000
 748 2.700000
 749 2.670000
 750 2.640000
 751 2.640000
 752 2.510000
 753 2.510000
 754 2.600000
 755 2.540000
 756 2.480000
 757 2.460000
 758 2.500000
 759 2.470000
 760 2.420000
 0 2.910000
 1 2.890000
 2 2.910000
 3 2.910000
 4 2.910000
 5 2.910000
 6 2.910000
 7 2.940000
 8 2.960000
 9 2.940000
 10 2.940000
 11 2.960000
 12 2.990000
 13 2.960000
 14 2.300000
 15 2.250000
 16 2.350000
 17 2.330000
 18 2.290000
 19 2.310000
 20 2.330000
 21 2.370000
 22 2.400000
 23 2.380000
 24 2.380000
 25 2.380000
 26 2.420000
 27 2.330000
 28 2.330000
 29 2.330000
 30 2.530000
 31 2.430000
 32 2.460000
 33 2.330000
 34 2.430000
 35 2.460000
 36 2.430000
 37 2.410000
 38 2.410000
 39 2.320000
 40 2.310000
 41 2.310000
 42 2.310000
 43 2.310000
 44 2.200000
 45 2.310000
 46 2.150000
 47 2.200000
 48 2.310000
 49 2.310000
 50 2.260000
 51 2.180000
 52 2.260000
 53 2.260000
 54 2.280000
 55 2.180000
 56 2.300000
 57 2.160000
 58 2.230000
 59 2.220000
 60 2.190000
 61 2.200000
 62 2.210000
 63 2.240000
 64 2.240000
 65 2.270000
 66 2.270000
 67 2.300000
 68 2.230000
 69 2.240000
 70 2.260000
 71 2.970000
 72 3.000000
 73 2.950000
 74 2.960000
 75 2.930000
 76 2.930000
 77 2.770000
 78 2.550000
 79 2.590000
 80 2.570000
 81 2.560000
 82 2.570000
 83 2.540000
 84 2.510000
 85 2.570000
 86 2.580000
 87 2.650000
 88 2.730000
 89 2.780000
 90 2.730000
 91 2.730000
 92 2.780000
 93 2.780000
 94 2.810000
 95 2.800000
 96 2.850000
 97 2.870000
 98 2.830000
 99 2.870000
 100 2.910000
 101 2.910000
 102 2.960000
 103 2.980000
 104 2.960000
 105 2.980000
 106 2.980000
 107 3.010000
 108 3.030000
 109 1.670000
 110 1.570000
 111 1.570000
 112 1.580000
 113 1.580000
 114 1.580000
 115 1.610000
 116 1.580000
 117 1.570000
 118 1.590000
 119 1.600000
 120 1.580000
 121 1.590000
 122 1.590000
 123 1.580000
 124 1.580000
 125 1.580000
 126 1.570000
 127 1.600000
 128 3.410000
 129 3.410000
 130 3.410000
 131 3.430000
 132 3.420000
 133 3.370000
 134 3.410000
 135 3.460000
 136 3.420000
 137 3.440000
 138 3.540000
 139 3.660000
 140 3.660000
 141 3.760000
 142 3.730000
 143 3.760000
 144 3.750000
 145 3.750000
 146 3.760000
 147 3.820000
 148 3.800000
 149 3.870000
 150 3.760000
 151 3.780000
 152 3.810000
 153 3.930000
 154 3.950000
 155 3.980000
 156 4.030000
 157 4.030000
 158 4.070000
 159 2.030000
 160 2.020000
 161 2.000000
 162 2.020000
 163 2.030000
 164 2.000000
 165 2.020000
 166 2.020000
 167 2.030000
 168 2.010000
 169 2.030000
 170 2.010000
 171 2.000000
 172 1.980000
 173 2.110000
 174 3.860000
 175 3.990000
 176 3.830000
 177 3.810000
 178 3.530000
 179 3.410000
 180 3.430000
 181 3.760000
 182 3.760000
 183 3.590000
 184 3.590000
 185 1.260000
 186 1.240000
 187 1.250000
 188 1.220000
 189 1.250000
 190 1.250000
 191 1.220000
 192 1.230000
 193 1.210000
 194 1.180000
 195 1.210000
 196 1.170000
 197 1.210000
 198 1.220000
 199 1.200000
 200 1.200000
 201 1.220000
 202 1.200000
 203 1.170000
 204 1.190000
 205 1.190000
 206 1.180000
 207 1.210000
 208 1.220000
 209 2.710000
 210 2.700000
 211 2.710000
 212 2.710000
 213 2.670000
 214 2.660000
 215 2.670000
 216 2.650000
 217 2.650000
 218 2.650000
 219 2.650000
 220 2.620000
 221 2.610000
 222 2.610000
 223 1.760000
 224 1.710000
 225 1.720000
 226 1.720000
 227 1.720000
 228 1.720000
 229 1.720000
 230 1.710000
 231 1.720000
 232 1.700000
 233 1.720000
 234 1.720000
 235 1.700000
 236 1.690000
 237 1.670000
 238 1.700000
 239 1.770000
 240 2.610000
 241 2.600000
 242 2.620000
 243 2.630000
 244 2.590000
 245 2.610000
 246 2.600000
 247 2.600000
 248 2.600000
 249 2.580000
 250 2.580000
 251 2.570000
 252 2.540000
 253 2.550000
 254 2.520000
 255 2.550000
 256 2.530000
 257 2.550000
 258 2.550000
 259 2.550000
 260 2.550000
 261 2.520000
 262 2.530000
 263 2.560000
 264 2.690000
 265 3.080000
 266 2.730000
 267 3.060000
 268 3.100000
 269 3.210000
 270 3.170000
 271 3.210000
 272 3.230000
 273 3.240000
 274 3.230000
 275 3.230000
 276 3.210000
 277 3.240000
 278 3.260000
 279 3.260000
 280 3.250000
 281 3.270000
 282 3.300000
 283 3.300000
 284 3.490000
 285 3.480000
 286 3.880000
 287 3.400000
 288 3.510000
 289 3.380000
 290 4.460000
 291 3.370000
 292 3.520000
 293 3.590000
 294 3.730000
 295 3.640000
 296 3.510000
 297 3.540000
 298 3.560000
 299 3.730000
 300 3.510000
 301 3.480000
 302 3.460000
 303 3.520000
 304 3.510000
 305 3.490000
 306 3.460000
 307 3.520000
 308 3.500000
 309 3.490000
 310 3.490000
 311 3.490000
 312 3.510000
 313 3.460000
 314 3.420000
 315 3.360000
 316 3.350000
 317 3.350000
 318 3.360000
 319 3.330000
 320 3.370000
 321 3.360000
 322 2.190000
 323 2.180000
 324 2.220000
 325 2.250000
 326 2.300000
 327 2.350000
 328 2.400000
 329 2.430000
 330 2.470000
 331 2.520000
 332 2.410000
 333 2.370000
 334 2.370000
 335 2.390000
 336 2.390000
 337 2.360000
 338 2.360000
 339 2.370000
 340 2.370000
 341 2.370000
 342 2.360000
 343 2.370000
 344 2.370000
 345 2.370000
 346 2.370000
 347 2.370000
 348 2.370000
 349 2.350000
 350 2.350000
 351 2.370000
 352 2.350000
 353 2.350000
 354 2.350000
 355 2.350000
 356 2.350000
 357 2.340000
 358 2.360000
 359 2.330000
 360 2.350000
 361 2.340000
 362 2.330000
 363 2.330000
 364 2.350000
 365 2.350000
 366 2.330000
 367 2.410000
 368 2.460000
 369 2.530000
 370 4.760000
 371 4.760000
 372 4.780000
 373 4.740000
 374 4.610000
 375 4.780000
 376 4.800000
 377 1.400000
 378 1.360000
 379 1.360000
 380 1.340000
 381 1.370000
 382 1.340000
 383 1.350000
 384 1.350000
 385 1.350000
 386 1.340000
 387 1.340000
 388 1.360000
 389 1.360000
 390 1.360000
 391 1.360000
 392 1.380000
 393 1.380000
 394 1.500000
 395 4.010000
 396 4.050000
 397 4.030000
 398 4.030000
 399 4.050000
 400 4.050000
 401 4.070000
 402 4.050000
 403 4.090000
 404 4.260000
 405 4.200000
 406 4.430000
 407 4.970000
 408 4.970000
 409 4.970000
 410 5.000000
 411 5.000000
 412 5.020000
 413 5.020000
 414 5.020000
 415 5.050000
 416 5.040000
 417 1.880000
 418 1.860000
 419 1.840000
 420 1.840000
 421 1.810000
 422 1.840000
 423 1.840000
 424 1.810000
 425 1.860000
 426 1.850000
 427 1.870000
 428 1.880000
 429 4.430000
 430 4.460000
 431 4.440000
 432 4.440000
 433 1.180000
 434 1.210000
 435 1.210000
 436 1.190000
 437 1.190000
 438 1.190000
 439 1.200000
 440 1.190000
 441 1.190000
 442 1.190000
 443 1.190000
 444 1.190000
 445 1.190000
 446 1.190000
 447 1.180000
 448 1.180000
 449 1.210000
 450 1.230000
 451 1.260000
 452 3.750000
 453 4.570000
 454 4.590000
 455 3.680000
 456 3.670000
 457 3.630000
 458 3.560000
 459 1.810000
 460 1.730000
 461 1.740000
 462 1.740000
 463 1.740000
 464 1.710000
 465 1.740000
 466 1.740000
 467 1.710000
 468 1.710000
 469 1.710000
 470 1.750000
 471 1.780000
 472 1.830000
 473 3.800000
 474 2.310000
 475 2.290000
 476 2.310000
 477 2.300000
 478 2.300000
 479 2.290000
 480 2.290000
 481 2.280000
 482 2.360000
 483 4.510000
 484 4.600000
 485 4.580000
 486 4.360000
 487 4.380000
 488 4.350000
 489 4.350000
 490 4.230000
 491 4.230000
 492 4.250000
 493 4.330000
 494 4.310000
 495 4.310000
 496 4.380000
 497 4.390000
 498 4.460000
 499 4.450000
 500 4.470000
 501 1.130000
 502 1.160000
 503 1.160000
 504 1.140000
 505 1.140000
 506 1.150000
 507 1.150000
 508 1.140000
 509 1.140000
 510 1.140000
 511 1.140000
 512 1.130000
 513 1.140000
 514 1.110000
 515 1.110000
 516 1.110000
 517 1.150000
 518 1.150000
 519 1.150000
 520 1.170000
 521 1.170000
 522 1.220000
 523 1.200000
 524 4.200000
 525 4.170000
 526 4.170000
 527 4.170000
 528 4.150000
 529 4.150000
 530 4.120000
 531 4.120000
 532 4.120000
 533 4.100000
 534 4.100000
 535 4.100000
 536 4.070000
 537 4.050000
 538 4.050000
 539 4.050000
 540 4.030000
 541 4.020000
 542 4.020000
 543 4.020000
 544 4.020000
 545 4.010000
 546 4.000000
 547 3.970000
 548 3.970000
 549 3.970000
 550 3.970000
 551 3.970000
 552 3.950000
 553 3.080000
 554 3.070000
 555 3.080000
 556 3.020000
 557 3.010000
 558 3.090000
 559 3.090000
 560 3.120000
 561 3.120000
 562 3.090000
 563 3.120000
 564 3.010000
 565 3.010000
 566 2.980000
 567 3.010000
 568 2.970000
 569 3.010000
 570 3.010000
 571 2.980000
 572 2.980000
 573 3.110000
 574 1.700000
 575 1.670000
 576 1.680000
 577 1.660000
 578 1.660000
 579 1.670000
 580 1.670000
 581 1.650000
 582 1.630000
 583 1.630000
 584 1.610000
 585 1.620000
 586 1.600000
 587 1.580000
 588 1.580000
 589 1.600000
 590 1.570000
 591 1.570000
 592 1.590000
 593 1.610000
 594 1.610000
 595 1.650000
 596 1.640000
 597 1.660000
 598 1.680000
 599 1.660000
 600 1.660000
 601 1.680000
 602 1.680000
 603 1.680000
 604 1.720000
 605 3.010000
 606 3.050000
 607 3.060000
 608 3.040000
 609 3.110000
 610 3.050000
 611 3.070000
 612 3.060000
 613 3.110000
 614 3.180000
 615 3.190000
 616 3.060000
 617 3.170000
 618 3.220000
 619 3.240000
 620 3.220000
 621 3.220000
 622 3.240000
 623 3.270000
 624 3.130000
 625 3.180000
 626 3.180000
 627 3.270000
 628 3.210000
 629 3.180000
 630 3.210000
 631 3.320000
 632 3.340000
 633 3.340000
 634 3.230000
 635 3.230000
 636 3.370000
 637 3.370000
 638 3.330000
 639 3.360000
 640 3.370000
 641 3.280000
 642 3.360000
 643 3.410000
 644 3.380000
 645 3.260000
 646 3.280000
 647 3.360000
 648 3.360000
 649 3.380000
 650 3.250000
 651 3.250000
 652 3.240000
 653 3.220000
 654 3.210000
 655 3.180000
 656 3.230000
 657 3.200000
 658 3.130000
 659 3.150000
 660 3.120000
 661 3.120000
 662 3.160000
 663 3.510000
 664 3.660000
 665 3.690000
 666 3.640000
 667 3.640000
 668 3.660000
 669 3.640000
 670 3.640000
 671 3.660000
 672 3.660000
 673 3.660000
 674 3.660000
 675 3.390000
 676 3.660000
 677 3.690000
 678 3.660000
 679 3.690000
 680 3.690000
 681 3.660000
 682 3.620000
 683 3.610000
 684 3.640000
 685 3.610000
 686 3.640000
 687 3.640000
 688 3.660000
 689 3.660000
 690 3.690000
 691 3.660000
 692 3.660000
 693 3.690000
 694 3.690000
 695 3.710000
 696 3.690000
 697 3.710000
 698 3.740000
 699 3.710000
 700 3.740000
 701 3.740000
 702 3.150000
 703 3.110000
 704 3.240000
 705 3.270000
 706 3.230000
 707 3.190000
 708 3.270000
 709 3.270000
 710 3.180000
 711 3.310000
 712 3.380000
 713 3.380000
 714 3.330000
 715 3.060000
 716 3.050000
 717 3.030000
 718 3.040000
 719 3.060000
 720 3.160000
 721 3.010000
 722 3.000000
 723 3.010000
 724 2.930000
 725 2.960000
 726 3.060000
 727 3.150000
 728 3.070000
 729 3.070000
 730 3.100000
 731 3.070000
 732 3.120000
 733 3.070000
 734 3.070000
 735 3.050000
 736 3.090000
 737 3.060000
 738 3.060000
 739 3.070000
 740 3.030000
 741 3.080000
 742 3.060000
 743 2.730000
 744 2.720000
 745 2.730000
 746 2.710000
 747 2.690000
 748 2.670000
 749 2.690000
 750 2.640000
 751 2.620000
 752 2.650000
 753 2.510000
 754 2.590000
 755 2.540000
 756 2.510000
 757 2.450000
 758 2.480000
 759 2.500000
 760 2.420000