
 0 1.150000
 1 1.200000
 2 3.150000
 3 3.110000
 4 3.030000
 5 3.140000
 6 3.140000
 7 3.030000
 8 3.050000
 9 3.190000
 10 3.050000
 11 3.040000
 12 3.160000
 13 3.160000
 14 3.020000
 15 3.060000
 16 3.030000
 17 3.160000
 18 3.160000
 19 3.160000
 20 3.160000
 21 3.160000
 22 3.140000
 23 3.030000
 24 3.030000
 25 3.020000
 26 3.060000
 27 3.090000
 28 3.000000
 29 3.140000
 30 2.970000
 31 3.140000
 32 3.110000
 33 3.140000
 34 3.110000
 35 3.110000
 36 2.900000
 37 2.710000
 38 2.310000
 39 2.170000
 40 2.190000
 41 2.140000
 42 2.150000
 43 2.130000
 44 2.140000
 45 2.160000
 46 2.120000
 47 2.150000
 48 2.150000
 49 2.150000
 50 2.150000
 51 2.170000
 52 2.250000
 53 2.290000
 54 2.240000
 55 2.200000
 56 2.190000
 57 2.190000
 58 2.190000
 59 2.190000
 60 2.200000
 61 2.200000
 62 2.220000
 63 2.210000
 64 2.200000
 65 2.190000
 66 2.160000
 67 2.190000
 68 2.210000
 69 2.220000
 70 2.200000
 71 2.220000
 72 2.210000
 73 2.210000
 74 2.210000
 75 2.210000
 76 2.240000
 77 2.320000
 78 2.190000
 79 2.170000
 80 2.190000
 81 2.190000
 82 2.200000
 83 2.240000
 84 2.250000
 85 2.250000
 86 2.240000
 87 2.230000
 88 2.230000
 89 2.240000
 90 2.260000
 91 2.240000
 92 2.240000
 93 2.280000
 94 2.260000
 95 2.260000
 96 2.240000
 97 2.210000
 98 2.220000
 99 2.220000
 100 2.240000
 101 2.280000
 102 2.280000
 103 2.280000
 104 2.300000
 105 2.290000
 106 2.290000
 107 2.290000
 108 2.310000
 109 2.300000
 110 2.300000
 111 2.300000
 112 2.340000
 113 2.320000
 114 2.340000
 115 2.340000
 116 2.340000
 117 2.350000
 118 2.350000
 119 2.350000
 120 2.470000
 121 2.390000
 122 2.350000
 123 2.310000
 124 2.320000
 125 2.340000
 126 2.330000
 127 2.370000
 128 2.370000
 129 2.390000
 130 2.390000
 131 2.410000
 132 2.390000
 133 2.410000
 134 2.400000
 135 2.410000
 136 2.410000
 137 2.390000
 138 2.390000
 139 2.390000
 140 2.390000
 141 2.410000
 142 2.430000
 143 2.420000
 144 2.440000
 145 2.480000
 146 3.560000
 147 3.570000
 148 3.630000
 149 3.660000
 150 3.630000
 151 3.590000
 152 3.560000
 153 3.560000
 154 3.540000
 155 3.450000
 156 3.410000
 157 3.390000
 158 3.430000
 159 3.400000
 160 3.410000
 161 3.440000
 162 3.450000
 163 3.450000
 164 3.430000
 165 3.430000
 166 3.450000
 167 3.480000
 168 3.520000
 169 3.620000
 170 3.780000
 171 3.700000
 172 3.700000
 173 3.750000
 174 3.760000
 175 3.770000
 176 3.810000
 177 3.820000
 178 3.830000
 179 3.850000
 180 3.870000
 181 3.880000
 182 3.890000
 183 3.880000
 184 3.880000
 185 3.900000
 186 3.930000
 187 3.910000
 188 3.930000
 189 3.930000
 190 3.930000
 191 3.980000
 192 3.980000
 193 3.990000
 194 3.980000
 195 4.000000
 196 3.950000
 197 4.090000
 198 4.050000
 199 4.130000
 200 4.150000
 201 4.180000
 202 4.200000
 203 4.220000
 204 4.130000
 205 4.100000
 206 4.130000
 207 4.150000
 208 4.150000
 209 4.150000
 210 4.150000
 211 4.200000
 212 4.200000
 213 4.250000
 214 4.250000
 215 4.270000
 216 4.300000
 217 4.300000
 218 4.330000
 219 4.350000
 220 4.350000
 221 4.320000
 222 4.350000
 223 4.400000
 224 4.500000
 225 4.400000
 226 4.450000
 227 4.210000
 228 4.210000
 229 4.530000
 230 4.500000
 231 4.530000
 232 4.530000
 233 4.580000
 234 4.580000
 235 4.710000
 236 4.740000
 237 4.740000
 238 4.780000
 239 4.770000
 240 4.730000
 241 4.730000
 242 4.750000
 243 4.800000
 244 4.890000
 245 4.970000
 246 4.940000
 247 4.980000
 248 4.890000
 249 5.010000
 250 4.980000
 251 4.990000
 252 4.930000
 253 4.960000
 254 4.940000
 255 4.930000
 256 4.940000
 257 4.910000
 258 4.780000
 259 4.730000
 260 4.730000
 261 4.700000
 262 4.700000
 263 4.780000
 264 4.810000
 265 4.760000
 266 4.750000
 267 4.720000
 268 4.720000
 269 4.690000
 270 4.670000
 271 4.670000
 272 4.650000
 273 4.620000
 274 4.580000
 275 4.610000
 276 4.580000
 277 4.600000
 278 4.570000
 279 4.590000
 280 4.570000
 281 4.540000
 282 2.090000
 283 2.030000
 284 2.000000
 285 2.000000
 286 1.980000
 287 2.000000
 288 1.980000
 289 1.980000
 290 2.000000
 291 2.000000
 292 2.000000
 293 2.030000
 294 2.050000
 295 4.430000
 296 4.420000
 297 4.420000
 298 4.400000
 299 4.410000
 300 4.380000
 301 4.380000
 302 4.410000
 303 4.280000
 304 4.300000
 305 4.380000
 306 4.410000
 307 4.250000
 308 4.360000
 309 4.370000
 310 4.230000
 311 4.230000
 312 4.250000
 313 4.250000
 314 1.770000
 315 1.780000
 316 1.750000
 317 1.750000
 318 1.730000
 319 1.740000
 320 1.740000
 321 1.730000
 322 1.730000
 323 1.730000
 324 1.750000
 325 1.750000
 326 1.780000
 327 1.830000
 328 2.380000
 329 2.400000
 330 2.430000
 331 2.450000
 332 2.450000
 333 4.260000
 334 4.260000
 335 4.240000
 336 4.230000
 337 4.210000
 338 4.210000
 339 4.200000
 340 4.180000
 341 4.180000
 342 4.180000
 343 4.180000
 344 4.160000
 345 4.200000
 346 4.140000
 347 4.140000
 348 4.140000
 349 4.140000
 350 4.110000
 351 2.920000
 352 2.380000
 353 2.230000
 354 1.630000
 355 1.560000
 356 1.590000
 357 1.540000
 358 1.540000
 359 1.540000
 360 1.540000
 361 1.520000
 362 1.540000
 363 1.540000
 364 1.530000
 365 1.550000
 366 1.550000
 367 1.580000
 368 1.590000
 369 1.640000
 370 5.020000
 371 4.970000
 372 4.980000
 373 5.010000
 374 5.010000
 375 5.010000
 376 5.040000
 377 2.760000
 378 2.350000
 379 2.310000
 380 2.710000
 381 2.710000
 382 2.710000
 383 2.700000
 384 2.710000
 385 2.750000
 386 2.100000
 387 2.060000
 388 2.060000
 389 2.060000
 390 2.060000
 391 2.060000
 392 2.040000
 393 2.040000
 394 2.070000
 395 2.080000
 396 2.110000
 397 2.150000
 398 4.710000
 399 4.660000
 400 4.580000
 401 4.510000
 402 4.560000
 403 4.600000
 404 2.260000
 405 2.260000
 406 2.290000
 407 2.260000
 408 2.290000
 409 2.290000
 410 2.560000
 411 2.560000
 412 2.600000
 413 2.630000
 414 2.660000
 415 4.260000
 416 4.290000
 417 4.420000
 418 4.340000
 419 4.330000
 420 4.280000
 421 4.230000
 422 4.270000
 423 4.280000
 424 4.200000
 425 3.980000
 426 4.000000
 427 3.870000
 428 3.690000
 429 3.660000
 430 3.670000
 431 3.640000
 432 3.640000
 433 3.590000
 434 3.620000
 435 3.600000
 436 3.570000
 437 3.520000
 438 3.500000
 439 3.550000
 440 3.500000
 441 3.500000
 442 3.500000
 443 3.500000
 444 3.580000
 445 3.570000
 446 3.580000
 447 3.580000
 448 3.560000
 449 3.560000
 450 3.560000
 451 3.570000
 452 3.520000
 453 3.530000
 454 3.550000
 455 3.560000
 456 3.500000
 457 3.490000
 458 3.450000
 459 3.440000
 460 3.490000
 461 3.500000
 462 3.470000
 463 3.510000
 464 3.530000
 465 3.530000
 466 3.510000
 467 3.510000
 468 3.510000
 469 3.470000
 470 3.480000
 471 3.470000
 472 3.470000
 473 3.460000
 474 3.450000
 475 3.450000
 476 3.420000
 477 3.420000
 478 3.400000
 479 3.430000
 480 3.410000
 481 3.410000
 482 3.380000
 483 3.380000
 484 3.330000
 485 3.330000
 486 3.320000
 487 3.260000
 488 3.250000
 489 3.250000
 490 3.260000
 491 3.260000
 492 3.200000
 493 3.180000
 494 3.160000
 495 3.160000
 496 3.160000
 497 3.130000
 498 3.110000
 499 3.100000
 500 3.110000
 501 3.080000
 502 3.070000
 503 3.060000
 504 3.060000
 505 3.060000
 506 3.050000
 507 3.060000
 508 3.030000
 509 3.050000
 510 3.050000
 511 3.050000
 512 3.040000
 513 3.040000
 514 3.050000
 515 3.080000
 516 3.110000
 517 3.080000
 518 3.070000
 519 3.110000
 520 3.090000
 521 3.100000
 522 3.090000
 523 3.120000
 524 3.090000
 525 3.060000
 526 3.080000
 527 3.080000
 528 3.080000
 529 3.060000
 530 3.070000
 531 3.030000
 532 3.020000
 533 3.030000
 534 3.040000
 535 3.010000
 536 3.010000
 537 3.020000
 538 3.010000
 539 3.020000
 540 3.020000
 541 3.040000
 542 3.020000
 543 3.020000
 544 3.020000
 545 3.040000
 546 3.020000
 547 3.020000
 548 3.020000
 549 3.040000
 550 3.020000
 551 3.040000
 552 3.040000
 553 3.070000
 554 3.070000
 555 3.090000
 556 3.070000
 557 3.090000
 558 3.070000
 559 3.070000
 560 3.070000
 561 2.070000
 562 2.080000
 563 2.090000
 564 2.050000
 565 1.850000
 566 1.800000
 567 1.810000
 568 1.790000
 569 1.800000
 570 1.820000
 571 1.820000
 572 1.820000
 573 1.850000
 574 1.850000
 575 1.850000
 576 1.870000
 577 1.870000
 578 1.870000
 579 1.900000
 580 1.900000
 581 1.920000
 582 1.920000
 583 1.920000
 584 1.950000
 585 1.970000
 586 1.950000
 587 2.000000
 588 1.970000
 589 2.000000
 590 2.020000
 591 2.000000
 592 2.050000
 593 2.050000
 594 2.050000
 595 2.100000
 596 2.100000
 597 2.100000
 598 2.130000
 599 2.150000
 600 2.180000
 601 2.180000
 602 2.200000
 603 2.200000
 604 2.230000
 605 2.230000
 606 2.230000
 607 2.250000
 608 2.280000
 609 2.250000
 610 2.280000
 611 2.300000
 612 2.330000
 613 2.330000
 614 2.350000
 615 2.330000
 616 2.330000
 617 2.330000
 618 2.350000
 619 2.350000
 620 2.380000
 621 2.400000
 622 2.400000
 623 1.450000
 624 1.470000
 625 1.450000
 626 1.450000
 627 1.450000
 628 1.460000
 629 1.490000
 630 1.460000
 631 1.510000
 632 1.510000
 633 1.510000
 634 1.540000
 635 1.560000
 636 1.540000
 637 1.590000
 638 1.590000
 639 1.590000
 640 1.590000
 641 1.630000
 642 1.630000
 643 1.660000
 644 1.680000
 645 1.680000
 646 1.680000
 647 1.710000
 648 1.730000
 649 1.730000
 650 1.760000
 651 1.760000
 652 1.810000
 653 1.810000
 654 1.830000
 655 1.860000
 656 1.860000
 657 1.880000
 658 1.910000
 659 1.910000
 660 1.930000
 661 1.960000
 662 1.970000
 663 2.010000
 664 3.390000
 665 3.370000
 666 3.340000
 667 3.340000
 668 3.320000
 669 3.320000
 670 3.290000
 671 3.290000
 672 3.270000
 673 3.270000
 674 3.270000
 675 3.240000
 676 3.220000
 677 3.260000
 678 3.250000
 679 3.220000
 680 3.240000
 681 3.240000
 682 3.240000
 683 3.240000
 684 3.230000
 685 3.240000
 686 3.250000
 687 3.270000
 688 3.270000
 689 3.300000
 690 3.280000
 691 3.330000
 692 3.270000
 693 3.300000
 694 3.300000
 695 3.290000
 696 3.320000
 697 3.340000
 698 3.350000
 699 3.340000
 700 3.370000
 701 3.390000
 702 3.390000
 703 3.390000
 704 3.420000
 705 3.430000
 706 3.440000
 707 3.440000
 708 2.900000
 709 2.920000
 710 3.350000
 711 3.490000
 712 3.570000
 713 3.570000
 714 3.580000
 715 3.610000
 716 3.600000
 717 3.660000
 718 3.680000
 719 3.680000
 720 3.710000
 721 3.710000
 722 3.730000
 723 3.730000
 724 3.760000
 725 3.770000
 726 3.760000
 727 3.780000
 728 3.780000
 729 3.820000
 730 3.790000
 731 3.810000
 732 3.810000
 733 3.820000
 734 3.860000
 735 3.860000
 736 3.890000
 737 3.880000
 738 3.930000
 739 3.950000
 740 3.930000
 741 3.410000
 742 3.350000
 743 2.970000
 744 2.930000
 745 3.950000
 746 1.580000
 747 1.550000
 748 1.560000
 749 1.560000
 750 1.540000
 751 1.540000
 752 1.540000
 753 1.540000
 754 1.540000
 755 1.540000
 756 1.530000
 757 1.530000
 758 4.040000
 759 4.030000
 760 4.040000
 0 1.150000
 1 1.180000
 2 3.130000
 3 3.140000
 4 3.030000
 5 3.140000
 6 3.140000
 7 3.030000
 8 3.050000
 9 3.160000
 10 3.050000
 11 3.070000
 12 3.160000
 13 3.160000
 14 3.060000
 15 3.060000
 16 3.030000
 17 3.160000
 18 3.140000
 19 3.140000
 20 3.140000
 21 3.160000
 22 3.140000
 23 3.030000
 24 3.010000
 25 3.000000
 26 3.010000
 27 3.110000
 28 3.030000
 29 3.140000
 30 3.010000
 31 3.140000
 32 3.090000
 33 3.140000
 34 3.110000
 35 3.090000
 36 2.900000
 37 2.690000
 38 2.330000
 39 2.170000
 40 2.170000
 41 2.150000
 42 2.150000
 43 2.130000
 44 2.160000
 45 2.140000
 46 2.120000
 47 2.150000
 48 2.150000
 49 2.150000
 50 2.150000
 51 2.170000
 52 2.250000
 53 2.260000
 54 2.240000
 55 2.200000
 56 2.190000
 57 2.190000
 58 2.190000
 59 2.190000
 60 2.230000
 61 2.200000
 62 2.200000
 63 2.180000
 64 2.200000
 65 2.160000
 66 2.190000
 67 2.190000
 68 2.210000
 69 2.230000
 70 2.230000
 71 2.220000
 72 2.210000
 73 2.210000
 74 2.200000
 75 2.210000
 76 2.240000
 77 2.330000
 78 2.210000
 79 2.170000
 80 2.200000
 81 2.200000
 82 2.200000
 83 2.240000
 84 2.250000
 85 2.280000
 86 2.240000
 87 2.250000
 88 2.230000
 89 2.210000
 90 2.260000
 91 2.250000
 92 2.270000
 93 2.280000
 94 2.260000
 95 2.260000
 96 2.240000
 97 2.210000
 98 2.250000
 99 2.250000
 100 2.240000
 101 2.250000
 102 2.280000
 103 2.280000
 104 2.280000
 105 2.300000
 106 2.320000
 107 2.320000
 108 2.310000
 109 2.300000
 110 2.300000
 111 2.300000
 112 2.310000
 113 2.320000
 114 2.320000
 115 2.350000
 116 2.340000
 117 2.330000
 118 2.330000
 119 2.350000
 120 2.470000
 121 2.390000
 122 2.350000
 123 2.310000
 124 2.320000
 125 2.310000
 126 2.330000
 127 2.400000
 128 2.400000
 129 2.400000
 130 2.390000
 131 2.410000
 132 2.400000
 133 2.390000
 134 2.400000
 135 2.410000
 136 2.410000
 137 2.390000
 138 2.390000
 139 2.400000
 140 2.400000
 141 2.410000
 142 2.430000
 143 2.420000
 144 2.420000
 145 2.480000
 146 3.560000
 147 3.570000
 148 3.630000
 149 3.690000
 150 3.630000
 151 3.590000
 152 3.560000
 153 3.580000
 154 3.510000
 155 3.450000
 156 3.410000
 157 3.420000
 158 3.430000
 159 3.400000
 160 3.420000
 161 3.430000
 162 3.450000
 163 3.420000
 164 3.460000
 165 3.430000
 166 3.480000
 167 3.480000
 168 3.520000
 169 3.620000
 170 3.780000
 171 3.730000
 172 3.710000
 173 3.720000
 174 3.770000
 175 3.790000
 176 3.810000
 177 3.830000
 178 3.860000
 179 3.850000
 180 3.860000
 181 3.890000
 182 3.890000
 183 3.900000
 184 3.880000
 185 3.920000
 186 3.900000
 187 3.940000
 188 3.900000
 189 3.940000
 190 3.950000
 191 3.950000
 192 3.980000
 193 4.000000
 194 4.000000
 195 4.010000
 196 4.090000
 197 4.090000
 198 4.050000
 199 4.160000
 200 4.140000
 201 4.180000
 202 4.200000
 203 4.200000
 204 4.110000
 205 4.100000
 206 4.110000
 207 4.130000
 208 4.130000
 209 4.160000
 210 4.210000
 211 4.180000
 212 4.210000
 213 4.230000
 214 4.260000
 215 4.250000
 216 4.300000
 217 4.270000
 218 4.330000
 219 4.360000
 220 4.330000
 221 4.380000
 222 4.380000
 223 4.380000
 224 4.500000
 225 4.430000
 226 4.430000
 227 4.230000
 228 4.180000
 229 4.510000
 230 4.470000
 231 4.530000
 232 4.530000
 233 4.580000
 234 4.610000
 235 4.720000
 236 4.770000
 237 4.770000
 238 4.790000
 239 4.760000
 240 4.710000
 241 4.730000
 242 4.760000
 243 4.810000
 244 4.830000
 245 4.940000
 246 4.950000
 247 4.980000
 248 4.890000
 249 5.010000
 250 4.980000
 251 4.990000
 252 4.930000
 253 4.930000
 254 4.930000
 255 4.930000
 256 4.940000
 257 4.910000
 258 4.880000
 259 4.730000
 260 4.730000
 261 4.710000
 262 4.710000
 263 4.810000
 264 4.780000
 265 4.760000
 266 4.760000
 267 4.730000
 268 4.700000
 269 4.690000
 270 4.690000
 271 4.690000
 272 4.650000
 273 4.640000
 274 4.610000
 275 4.610000
 276 4.590000
 277 4.600000
 278 4.590000
 279 4.570000
 280 4.570000
 281 4.540000
 282 2.090000
 283 2.030000
 284 2.030000
 285 2.030000
 286 1.980000
 287 1.980000
 288 1.980000
 289 1.980000
 290 2.000000
 291 2.000000
 292 2.000000
 293 2.030000
 294 2.040000
 295 4.430000
 296 4.420000
 297 4.420000
 298 4.420000
 299 4.380000
 300 4.380000
 301 4.380000
 302 4.410000
 303 4.280000
 304 4.280000
 305 4.410000
 306 4.380000
 307 4.280000
 308 4.380000
 309 4.400000
 310 4.230000
 311 4.230000
 312 4.230000
 313 4.260000
 314 1.800000
 315 1.750000
 316 1.750000
 317 1.750000
 318 1.730000
 319 1.730000
 320 1.740000
 321 1.730000
 322 1.730000
 323 1.750000
 324 1.750000
 325 1.780000
 326 1.750000
 327 1.830000
 328 2.380000
 329 2.400000
 330 2.430000
 331 2.450000
 332 2.450000
 333 4.260000
 334 4.240000
 335 4.240000
 336 4.260000
 337 4.230000
 338 4.220000
 339 4.200000
 340 4.180000
 341 4.180000
 342 4.210000
 343 4.210000
 344 4.160000
 345 4.200000
 346 4.170000
 347 4.140000
 348 4.120000
 349 4.140000
 350 4.110000
 351 2.920000
 352 2.230000
 353 2.230000
 354 1.630000
 355 1.560000
 356 1.560000
 357 1.540000
 358 1.540000
 359 1.540000
 360 1.540000
 361 1.540000
 362 1.540000
 363 1.540000
 364 1.550000
 365 1.550000
 366 1.580000
 367 1.580000
 368 1.610000
 369 1.670000
 370 5.030000
 371 4.980000
 372 5.000000
 373 5.010000
 374 5.010000
 375 4.980000
 376 5.010000
 377 2.730000
 378 2.330000
 379 2.290000
 380 2.710000
 381 2.690000
 382 2.690000
 383 2.700000
 384 2.750000
 385 2.770000
 386 2.080000
 387 2.060000
 388 2.060000
 389 2.060000
 390 2.060000
 391 2.040000
 392 2.060000
 393 2.040000
 394 2.070000
 395 2.080000
 396 2.110000
 397 2.120000
 398 4.710000
 399 4.660000
 400 4.560000
 401 4.540000
 402 4.600000
 403 4.600000
 404 2.280000
 405 2.290000
 406 2.290000
 407 2.290000
 408 2.260000
 409 2.310000
 410 2.600000
 411 2.560000
 412 2.570000
 413 2.630000
 414 2.710000
 415 4.250000
 416 4.290000
 417 4.410000
 418 4.340000
 419 4.340000
 420 4.260000
 421 4.230000
 422 4.270000
 423 4.280000
 424 4.210000
 425 4.030000
 426 3.920000
 427 3.850000
 428 3.690000
 429 3.690000
 430 3.660000
 431 3.640000
 432 3.640000
 433 3.620000
 434 3.590000
 435 3.600000
 436 3.550000
 437 3.520000
 438 3.520000
 439 3.500000
 440 3.530000
 441 3.510000
 442 3.510000
 443 3.480000
 444 3.480000
 445 3.600000
 446 3.580000
 447 3.580000
 448 3.580000
 449 3.560000
 450 3.530000
 451 3.540000
 452 3.550000
 453 3.560000
 454 3.570000
 455 3.520000
 456 3.510000
 457 3.490000
 458 3.470000
 459 3.440000
 460 3.490000
 461 3.500000
 462 3.530000
 463 3.480000
 464 3.530000
 465 3.510000
 466 3.510000
 467 3.480000
 468 3.480000
 469 3.500000
 470 3.480000
 471 3.480000
 472 3.480000
 473 3.480000
 474 3.460000
 475 3.460000
 476 3.440000
 477 3.410000
 478 3.410000
 479 3.410000
 480 3.380000
 481 3.410000
 482 3.410000
 483 3.360000
 484 3.360000
 485 3.330000
 486 3.330000
 487 3.280000
 488 3.250000
 489 3.260000
 490 3.260000
 491 3.230000
 492 3.200000
 493 3.180000
 494 3.160000
 495 3.180000
 496 3.130000
 497 3.130000
 498 3.110000
 499 3.110000
 500 3.080000
 501 3.080000
 502 3.080000
 503 3.060000
 504 3.060000
 505 3.060000
 506 3.050000
 507 3.050000
 508 3.050000
 509 3.060000
 510 3.080000
 511 3.070000
 512 3.040000
 513 3.040000
 514 3.070000
 515 3.070000
 516 3.110000
 517 3.080000
 518 3.080000
 519 3.100000
 520 3.080000
 521 3.100000
 522 3.080000
 523 3.100000
 524 3.090000
 525 3.100000
 526 3.080000
 527 3.080000
 528 3.080000
 529 3.080000
 530 3.060000
 531 3.030000
 532 3.040000
 533 3.010000
 534 3.040000
 535 3.010000
 536 3.010000
 537 2.990000
 538 3.010000
 539 3.020000
 540 3.020000
 541 3.020000
 542 3.020000
 543 3.040000
 544 3.020000
 545 3.020000
 546 3.040000
 547 3.040000
 548 3.020000
 549 3.040000
 550 3.040000
 551 3.040000
 552 3.070000
 553 3.070000
 554 3.070000
 555 3.090000
 556 3.090000
 557 3.090000
 558 3.090000
 559 3.080000
 560 3.080000
 561 2.090000
 562 2.080000
 563 2.070000
 564 2.040000
 565 1.800000
 566 1.810000
 567 1.800000
 568 1.810000
 569 1.820000
 570 1.820000
 571 1.820000
 572 1.820000
 573 1.850000
 574 1.820000
 575 1.850000
 576 1.870000
 577 1.870000
 578 1.870000
 579 1.900000
 580 1.900000
 581 1.900000
 582 1.920000
 583 1.950000
 584 1.920000
 585 1.950000
 586 1.970000
 587 1.970000
 588 2.000000
 589 2.000000
 590 2.020000
 591 2.020000
 592 2.030000
 593 2.050000
 594 2.050000
 595 2.080000
 596 2.100000
 597 2.100000
 598 2.130000
 599 2.130000
 600 2.180000
 601 2.200000
 602 2.200000
 603 2.200000
 604 2.230000
 605 2.200000
 606 2.230000
 607 2.250000
 608 2.250000
 609 2.270000
 610 2.250000
 611 2.300000
 612 2.330000
 613 2.330000
 614 2.350000
 615 2.360000
 616 2.330000
 617 2.330000
 618 2.360000
 619 2.360000
 620 2.360000
 621 2.380000
 622 2.410000
 623 1.480000
 624 1.460000
 625 1.460000
 626 1.460000
 627 1.450000
 628 1.460000
 629 1.460000
 630 1.490000
 631 1.490000
 632 1.510000
 633 1.510000
 634 1.540000
 635 1.540000
 636 1.560000
 637 1.560000
 638 1.610000
 639 1.580000
 640 1.610000
 641 1.640000
 642 1.660000
 643 1.660000
 644 1.680000
 645 1.660000
 646 1.710000
 647 1.710000
 648 1.730000
 649 1.730000
 650 1.760000
 651 1.780000
 652 1.780000
 653 1.780000
 654 1.830000
 655 1.860000
 656 1.860000
 657 1.880000
 658 1.880000
 659 1.910000
 660 1.930000
 661 1.960000
 662 1.970000
 663 2.030000
 664 3.390000
 665 3.350000
 666 3.370000
 667 3.340000
 668 3.340000
 669 3.340000
 670 3.330000
 671 3.270000
 672 3.270000
 673 3.240000
 674 3.240000
 675 3.220000
 676 3.220000
 677 3.230000
 678 3.220000
 679 3.230000
 680 3.270000
 681 3.240000
 682 3.240000
 683 3.220000
 684 3.240000
 685 3.230000
 686 3.250000
 687 3.260000
 688 3.280000
 689 3.280000
 690 3.300000
 691 3.280000
 692 3.300000
 693 3.270000
 694 3.330000
 695 3.330000
 696 3.320000
 697 3.350000
 698 3.320000
 699 3.320000
 700 3.340000
 701 3.370000
 702 3.390000
 703 3.390000
 704 3.420000
 705 3.420000
 706 3.440000
 707 3.440000
 708 2.930000
 709 2.920000
 710 3.350000
 711 3.490000
 712 3.540000
 713 3.570000
 714 3.590000
 715 3.580000
 716 3.640000
 717 3.660000
 718 3.650000
 719 3.690000
 720 3.700000
 721 3.720000
 722 3.740000
 723 3.760000
 724 3.760000
 725 3.760000
 726 3.760000
 727 3.770000
 728 3.790000
 729 3.780000
 730 3.790000
 731 3.800000
 732 3.800000
 733 3.820000
 734 3.870000
 735 3.860000
 736 3.890000
 737 3.890000
 738 3.910000
 739 3.960000
 740 3.940000
 741 3.410000
 742 3.380000
 743 2.940000
 744 2.960000
 745 3.950000
 746 1.550000
 747 1.550000
 748 1.540000
 749 1.570000
 750 1.550000
 751 1.550000
 752 1.550000
 753 1.540000
 754 1.550000
 755 1.550000
 756 1.520000
 757 1.540000
 758 4.050000
 759 4.040000
 760 4.060000
 0 1.150000
 1 1.180000
 2 3.130000
 3 3.140000
 4 3.010000
 5 3.160000
 6 3.110000
 7 3.060000
 8 3.050000
 9 3.190000
 10 3.050000
 11 3.070000
 12 3.160000
 13 3.160000
 14 3.060000
 15 3.060000
 16 3.060000
 17 3.160000
 18 3.160000
 19 3.140000
 20 3.140000
 21 3.160000
 22 3.160000
 23 3.030000
 24 3.030000
 25 3.060000
 26 3.010000
 27 3.110000
 28 3.030000
 29 3.140000
 30 2.970000
 31 3.140000
 32 3.110000
 33 3.140000
 34 3.140000
 35 3.090000
 36 2.880000
 37 2.690000
 38 2.330000
 39 2.170000
 40 2.170000
 41 2.160000
 42 2.150000
 43 2.130000
 44 2.140000
 45 2.140000
 46 2.150000
 47 2.150000
 48 2.150000
 49 2.150000
 50 2.150000
 51 2.170000
 52 2.230000
 53 2.290000
 54 2.240000
 55 2.180000
 56 2.190000
 57 2.190000
 58 2.190000
 59 2.190000
 60 2.200000
 61 2.200000
 62 2.200000
 63 2.210000
 64 2.180000
 65 2.190000
 66 2.160000
 67 2.210000
 68 2.210000
 69 2.220000
 70 2.230000
 71 2.220000
 72 2.210000
 73 2.210000
 74 2.240000
 75 2.210000
 76 2.260000
 77 2.320000
 78 2.200000
 79 2.170000
 80 2.200000
 81 2.170000
 82 2.200000
 83 2.210000
 84 2.250000
 85 2.250000
 86 2.240000
 87 2.250000
 88 2.200000
 89 2.240000
 90 2.240000
 91 2.270000
 92 2.250000
 93 2.250000
 94 2.260000
 95 2.260000
 96 2.240000
 97 2.210000
 98 2.220000
 99 2.220000
 100 2.240000
 101 2.280000
 102 2.280000
 103 2.280000
 104 2.300000
 105 2.300000
 106 2.300000
 107 2.320000
 108 2.310000
 109 2.300000
 110 2.330000
 111 2.300000
 112 2.340000
 113 2.320000
 114 2.320000
 115 2.320000
 116 2.340000
 117 2.330000
 118 2.350000
 119 2.350000
 120 2.470000
 121 2.360000
 122 2.350000
 123 2.310000
 124 2.320000
 125 2.310000
 126 2.350000
 127 2.370000
 128 2.400000
 129 2.400000
 130 2.390000
 131 2.410000
 132 2.420000
 133 2.390000
 134 2.400000
 135 2.410000
 136 2.410000
 137 2.390000
 138 2.390000
 139 2.390000
 140 2.400000
 141 2.390000
 142 2.430000
 143 2.420000
 144 2.440000
 145 2.510000
 146 3.560000
 147 3.570000
 148 3.630000
 149 3.690000
 150 3.600000
 151 3.560000
 152 3.560000
 153 3.560000
 154 3.490000
 155 3.450000
 156 3.410000
 157 3.420000
 158 3.450000
 159 3.400000
 160 3.420000
 161 3.410000
 162 3.420000
 163 3.450000
 164 3.430000
 165 3.430000
 166 3.460000
 167 3.510000
 168 3.520000
 169 3.620000
 170 3.780000
 171 3.690000
 172 3.690000
 173 3.750000
 174 3.770000
 175 3.790000
 176 3.790000
 177 3.820000
 178 3.830000
 179 3.860000
 180 3.870000
 181 3.860000
 182 3.890000
 183 3.880000
 184 3.900000
 185 3.930000
 186 3.930000
 187 3.940000
 188 3.930000
 189 3.930000
 190 3.940000
 191 3.950000
 192 3.980000
 193 4.000000
 194 4.020000
 195 4.020000
 196 4.090000
 197 4.110000
 198 4.050000
 199 4.130000
 200 4.140000
 201 4.180000
 202 4.200000
 203 4.220000
 204 4.130000
 205 4.100000
 206 4.130000
 207 4.160000
 208 4.160000
 209 4.280000
 210 4.180000
 211 4.210000
 212 4.230000
 213 4.230000
 214 4.280000
 215 4.250000
 216 4.300000
 217 4.300000
 218 4.330000
 219 4.330000
 220 4.330000
 221 4.380000
 222 4.360000
 223 4.380000
 224 4.480000
 225 4.410000
 226 4.430000
 227 4.230000
 228 4.180000
 229 4.530000
 230 4.500000
 231 4.530000
 232 4.510000
 233 4.560000
 234 4.580000
 235 4.720000
 236 4.770000
 237 4.740000
 238 4.780000
 239 4.760000
 240 4.730000
 241 4.760000
 242 4.760000
 243 4.780000
 244 4.900000
 245 4.970000
 246 4.950000
 247 4.980000
 248 4.870000
 249 5.010000
 250 4.980000
 251 4.990000
 252 4.960000
 253 4.960000
 254 4.940000
 255 4.930000
 256 4.940000
 257 4.910000
 258 4.780000
 259 4.730000
 260 4.730000
 261 4.710000
 262 4.710000
 263 4.810000
 264 4.780000
 265 4.780000
 266 4.750000
 267 4.720000
 268 4.700000
 269 4.690000
 270 4.690000
 271 4.670000
 272 4.670000
 273 4.640000
 274 4.610000
 275 4.590000
 276 4.610000
 277 4.600000
 278 4.570000
 279 4.600000
 280 4.570000
 281 4.550000
 282 2.030000
 283 2.030000
 284 2.030000
 285 2.000000
 286 2.000000
 287 1.980000
 288 1.980000
 289 1.980000
 290 2.000000
 291 1.980000
 292 2.030000
 293 2.030000
 294 2.010000
 295 4.440000
 296 4.420000
 297 4.420000
 298 4.420000
 299 4.410000
 300 4.380000
 301 4.380000
 302 4.410000
 303 4.280000
 304 4.310000
 305 4.380000
 306 4.380000
 307 4.260000
 308 4.360000
 309 4.400000
 310 4.260000
 311 4.230000
 312 4.220000
 313 4.220000
 314 1.800000
 315 1.780000
 316 1.750000
 317 1.730000
 318 1.730000
 319 1.730000
 320 1.730000
 321 1.730000
 322 1.750000
 323 1.750000
 324 1.750000
 325 1.780000
 326 1.780000
 327 1.830000
 328 2.400000
 329 2.430000
 330 2.430000
 331 2.430000
 332 2.470000
 333 4.260000
 334 4.240000
 335 4.240000
 336 4.230000
 337 4.210000
 338 4.200000
 339 4.170000
 340 4.180000
 341 4.180000
 342 4.180000
 343 4.210000
 344 4.180000
 345 4.180000
 346 4.170000
 347 4.120000
 348 4.140000
 349 4.140000
 350 4.110000
 351 2.920000
 352 2.400000
 353 2.230000
 354 1.630000
 355 1.590000
 356 1.560000
 357 1.540000
 358 1.540000
 359 1.560000
 360 1.540000
 361 1.550000
 362 1.540000
 363 1.530000
 364 1.550000
 365 1.530000
 366 1.550000
 367 1.570000
 368 1.610000
 369 1.650000
 370 5.030000
 371 5.000000
 372 5.030000
 373 5.010000
 374 5.040000
 375 5.010000
 376 5.010000
 377 2.730000
 378 2.350000
 379 2.310000
 380 2.710000
 381 2.710000
 382 2.690000
 383 2.700000
 384 2.740000
 385 2.750000
 386 2.110000
 387 2.090000
 388 2.090000
 389 2.060000
 390 2.060000
 391 2.060000
 392 2.060000
 393 2.040000
 394 2.070000
 395 2.060000
 396 2.080000
 397 2.140000
 398 4.700000
 399 4.690000
 400 4.590000
 401 4.540000
 402 4.590000
 403 4.610000
 404 2.260000
 405 2.260000
 406 2.260000
 407 2.290000
 408 2.290000
 409 2.310000
 410 2.560000
 411 2.590000
 412 2.570000
 413 2.630000
 414 2.680000
 415 4.260000
 416 4.290000
 417 4.390000
 418 4.370000
 419 4.340000
 420 4.260000
 421 4.260000
 422 4.270000
 423 4.260000
 424 4.230000
 425 4.030000
 426 3.960000
 427 3.870000
 428 3.710000
 429 3.660000
 430 3.640000
 431 3.670000
 432 3.640000
 433 3.620000
 434 3.590000
 435 3.600000
 436 3.570000
 437 3.550000
 438 3.520000
 439 3.520000
 440 3.530000
 441 3.510000
 442 3.530000
 443 3.510000
 444 3.510000
 445 3.600000
 446 3.580000
 447 3.580000
 448 3.580000
 449 3.580000
 450 3.530000
 451 3.530000
 452 3.520000
 453 3.530000
 454 3.570000
 455 3.560000
 456 3.530000
 457 3.490000
 458 3.480000
 459 3.470000
 460 3.490000
 461 3.510000
 462 3.520000
 463 3.510000
 464 3.530000
 465 3.510000
 466 3.510000
 467 3.480000
 468 3.480000
 469 3.500000
 470 3.500000
 471 3.480000
 472 3.480000
 473 3.460000
 474 3.460000
 475 3.450000
 476 3.450000
 477 3.430000
 478 3.410000
 479 3.410000
 480 3.400000
 481 3.410000
 482 3.410000
 483 3.380000
 484 3.360000
 485 3.330000
 486 3.360000
 487 3.310000
 488 3.280000
 489 3.280000
 490 3.260000
 491 3.230000
 492 3.200000
 493 3.160000
 494 3.150000
 495 3.160000
 496 3.140000
 497 3.130000
 498 3.130000
 499 3.110000
 500 3.080000
 501 3.080000
 502 3.080000
 503 3.060000
 504 3.060000
 505 3.060000
 506 3.050000
 507 3.060000
 508 3.030000
 509 3.030000
 510 3.050000
 511 3.050000
 512 3.040000
 513 3.070000
 514 3.080000
 515 3.090000
 516 3.080000
 517 3.080000
 518 3.090000
 519 3.100000
 520 3.100000
 521 3.100000
 522 3.070000
 523 3.090000
 524 3.120000
 525 3.080000
 526 3.110000
 527 3.080000
 528 3.080000
 529 3.080000
 530 3.060000
 531 3.030000
 532 3.020000
 533 3.030000
 534 3.030000
 535 3.030000
 536 3.010000
 537 3.020000
 538 3.010000
 539 3.020000
 540 3.020000
 541 3.020000
 542 3.020000
 543 3.020000
 544 3.020000
 545 3.020000
 546 3.020000
 547 3.040000
 548 3.020000
 549 3.040000
 550 3.040000
 551 3.070000
 552 3.040000
 553 3.070000
 554 3.070000
 555 3.070000
 556 3.070000
 557 3.070000
 558 3.090000
 559 3.090000
 560 3.090000
 561 2.060000
 562 2.080000
 563 2.090000
 564 2.020000
 565 1.800000
 566 1.800000
 567 1.800000
 568 1.810000
 569 1.820000
 570 1.820000
 571 1.820000
 572 1.820000
 573 1.820000
 574 1.850000
 575 1.850000
 576 1.870000
 577 1.850000
 578 1.870000
 579 1.900000
 580 1.900000
 581 1.920000
 582 1.920000
 583 1.920000
 584 1.950000
 585 1.950000
 586 1.970000
 587 1.950000
 588 2.000000
 589 2.000000
 590 2.020000
 591 2.020000
 592 2.020000
 593 2.050000
 594 2.080000
 595 2.080000
 596 2.100000
 597 2.130000
 598 2.130000
 599 2.150000
 600 2.150000
 601 2.180000
 602 2.200000
 603 2.230000
 604 2.230000
 605 2.230000
 606 2.230000
 607 2.280000
 608 2.250000
 609 2.250000
 610 2.280000
 611 2.300000
 612 2.330000
 613 2.330000
 614 2.350000
 615 2.330000
 616 2.330000
 617 2.330000
 618 2.330000
 619 2.360000
 620 2.360000
 621 2.380000
 622 2.410000
 623 1.430000
 624 1.480000
 625 1.460000
 626 1.460000
 627 1.450000
 628 1.460000
 629 1.490000
 630 1.490000
 631 1.490000
 632 1.490000
 633 1.510000
 634 1.540000
 635 1.560000
 636 1.560000
 637 1.560000
 638 1.590000
 639 1.610000
 640 1.610000
 641 1.610000
 642 1.640000
 643 1.660000
 644 1.680000
 645 1.680000
 646 1.710000
 647 1.710000
 648 1.730000
 649 1.730000
 650 1.760000
 651 1.780000
 652 1.780000
 653 1.810000
 654 1.830000
 655 1.860000
 656 1.860000
 657 1.880000
 658 1.910000
 659 1.910000
 660 1.960000
 661 1.950000
 662 1.980000
 663 2.030000
 664 3.370000
 665 3.370000
 666 3.340000
 667 3.340000
 668 3.340000
 669 3.320000
 670 3.290000
 671 3.300000
 672 3.270000
 673 3.280000
 674 3.240000
 675 3.220000
 676 3.230000
 677 3.230000
 678 3.240000
 679 3.240000
 680 3.220000
 681 3.240000
 682 3.240000
 683 3.220000
 684 3.240000
 685 3.230000
 686 3.250000
 687 3.280000
 688 3.280000
 689 3.280000
 690 3.310000
 691 3.310000
 692 3.310000
 693 3.300000
 694 3.330000
 695 3.330000
 696 3.330000
 697 3.340000
 698 3.370000
 699 3.340000
 700 3.380000
 701 3.370000
 702 3.390000
 703 3.420000
 704 3.420000
 705 3.440000
 706 3.440000
 707 3.440000
 708 2.910000
 709 2.950000
 710 3.360000
 711 3.470000
 712 3.540000
 713 3.580000
 714 3.590000
 715 3.610000
 716 3.610000
 717 3.650000
 718 3.680000
 719 3.690000
 720 3.680000
 721 3.740000
 722 3.740000
 723 3.740000
 724 3.770000
 725 3.750000
 726 3.790000
 727 3.790000
 728 3.790000
 729 3.810000
 730 3.810000
 731 3.810000
 732 3.800000
 733 3.810000
 734 3.860000
 735 3.870000
 736 3.890000
 737 3.920000
 738 3.930000
 739 3.960000
 740 3.960000
 741 3.390000
 742 3.360000
 743 2.910000
 744 2.930000
 745 3.950000
 746 1.580000
 747 1.550000
 748 1.560000
 749 1.540000
 750 1.550000
 751 1.550000
 752 1.540000
 753 1.550000
 754 1.550000
 755 1.540000
 756 1.530000
 757 1.540000
 758 4.050000
 759 4.030000
 760 4.060000
 0 1.150000
 1 1.180000
 2 3.130000
 3 3.110000
 4 3.010000
 5 3.140000
 6 3.110000
 7 3.100000
 8 3.050000
 9 3.190000
 10 3.050000
 11 3.040000
 12 3.160000
 13 3.140000
 14 3.060000
 15 3.060000
 16 3.060000
 17 3.160000
 18 3.160000
 19 3.160000
 20 3.140000
 21 3.190000
 22 3.140000
 23 3.020000
 24 3.030000
 25 3.000000
 26 3.030000
 27 3.110000
 28 3.030000
 29 3.140000
 30 2.970000
 31 3.110000
 32 3.110000
 33 3.140000
 34 3.110000
 35 3.110000
 36 2.880000
 37 2.720000
 38 2.330000
 39 2.140000
 40 2.170000
 41 2.140000
 42 2.150000
 43 2.130000
 44 2.140000
 45 2.140000
 46 2.150000
 47 2.150000
 48 2.120000
 49 2.120000
 50 2.120000
 51 2.170000
 52 2.250000
 53 2.260000
 54 2.210000
 55 2.180000
 56 2.190000
 57 2.160000
 58 2.190000
 59 2.190000
 60 2.200000
 61 2.200000
 62 2.200000
 63 2.190000
 64 2.200000
 65 2.160000
 66 2.160000
 67 2.180000
 68 2.210000
 69 2.220000
 70 2.230000
 71 2.220000
 72 2.210000
 73 2.210000
 74 2.210000
 75 2.230000
 76 2.260000
 77 2.330000
 78 2.200000
 79 2.170000
 80 2.200000
 81 2.200000
 82 2.180000
 83 2.210000
 84 2.230000
 85 2.250000
 86 2.240000
 87 2.230000
 88 2.230000
 89 2.240000
 90 2.260000
 91 2.270000
 92 2.270000
 93 2.250000
 94 2.260000
 95 2.240000
 96 2.210000
 97 2.240000
 98 2.220000
 99 2.250000
 100 2.240000
 101 2.280000
 102 2.280000
 103 2.280000
 104 2.280000
 105 2.300000
 106 2.300000
 107 2.320000
 108 2.310000
 109 2.300000
 110 2.300000
 111 2.300000
 112 2.340000
 113 2.350000
 114 2.320000
 115 2.350000
 116 2.340000
 117 2.330000
 118 2.350000
 119 2.350000
 120 2.470000
 121 2.360000
 122 2.350000
 123 2.310000
 124 2.320000
 125 2.310000
 126 2.350000
 127 2.370000
 128 2.400000
 129 2.420000
 130 2.390000
 131 2.390000
 132 2.420000
 133 2.390000
 134 2.400000
 135 2.410000
 136 2.410000
 137 2.390000
 138 2.390000
 139 2.370000
 140 2.400000
 141 2.410000
 142 2.460000
 143 2.420000
 144 2.440000
 145 2.490000
 146 3.560000
 147 3.570000
 148 3.630000
 149 3.530000
 150 3.630000
 151 3.590000
 152 3.590000
 153 3.560000
 154 3.500000
 155 3.420000
 156 3.420000
 157 3.410000
 158 3.430000
 159 3.410000
 160 3.410000
 161 3.430000
 162 3.420000
 163 3.450000
 164 3.430000
 165 3.460000
 166 3.480000
 167 3.480000
 168 3.490000
 169 3.600000
 170 3.760000
 171 3.690000
 172 3.720000
 173 3.750000
 174 3.770000
 175 3.790000
 176 3.800000
 177 3.830000
 178 3.830000
 179 3.860000
 180 3.890000
 181 3.870000
 182 3.890000
 183 3.890000
 184 3.900000
 185 3.920000
 186 3.900000
 187 3.940000
 188 3.920000
 189 3.940000
 190 3.960000
 191 3.980000
 192 3.970000
 193 3.990000
 194 4.000000
 195 4.030000
 196 4.090000
 197 4.110000
 198 4.050000
 199 4.130000
 200 4.150000
 201 4.160000
 202 4.200000
 203 4.200000
 204 4.110000
 205 4.100000
 206 4.130000
 207 4.160000
 208 4.160000
 209 4.130000
 210 4.180000
 211 4.180000
 212 4.230000
 213 4.230000
 214 4.260000
 215 4.250000
 216 4.300000
 217 4.300000
 218 4.330000
 219 4.360000
 220 4.330000
 221 4.380000
 222 4.360000
 223 4.360000
 224 4.480000
 225 4.430000
 226 4.430000
 227 4.230000
 228 4.180000
 229 4.530000
 230 4.520000
 231 4.510000
 232 4.530000
 233 4.580000
 234 4.610000
 235 4.710000
 236 4.740000
 237 4.740000
 238 4.760000
 239 4.790000
 240 4.730000
 241 4.730000
 242 4.760000
 243 4.780000
 244 4.810000
 245 4.970000
 246 4.950000
 247 4.980000
 248 4.890000
 249 4.990000
 250 4.980000
 251 4.960000
 252 4.960000
 253 4.960000
 254 4.960000
 255 4.960000
 256 4.910000
 257 4.910000
 258 4.910000
 259 4.760000
 260 4.730000
 261 4.710000
 262 4.710000
 263 4.810000
 264 4.810000
 265 4.780000
 266 4.750000
 267 4.730000
 268 4.690000
 269 4.690000
 270 4.670000
 271 4.670000
 272 4.670000
 273 4.670000
 274 4.630000
 275 4.610000
 276 4.620000
 277 4.600000
 278 4.590000
 279 4.600000
 280 4.570000
 281 4.570000
 282 2.090000
 283 2.050000
 284 2.030000
 285 2.000000
 286 2.000000
 287 1.980000
 288 1.980000
 289 1.980000
 290 1.980000
 291 2.000000
 292 2.030000
 293 2.030000
 294 2.040000
 295 4.430000
 296 4.420000
 297 4.450000
 298 4.420000
 299 4.380000
 300 4.400000
 301 4.380000
 302 4.410000
 303 4.280000
 304 4.280000
 305 4.410000
 306 4.380000
 307 4.260000
 308 4.390000
 309 4.260000
 310 4.230000
 311 4.230000
 312 4.260000
 313 4.260000
 314 1.770000
 315 1.750000
 316 1.750000
 317 1.750000
 318 1.750000
 319 1.750000
 320 1.750000
 321 1.700000
 322 1.730000
 323 1.750000
 324 1.750000
 325 1.750000
 326 1.780000
 327 1.830000
 328 2.400000
 329 2.400000
 330 2.430000
 331 2.450000
 332 2.450000
 333 4.260000
 334 4.250000
 335 4.240000
 336 4.230000
 337 4.210000
 338 4.200000
 339 4.210000
 340 4.180000
 341 4.180000
 342 4.180000
 343 4.180000
 344 4.160000
 345 4.210000
 346 4.170000
 347 4.150000
 348 4.130000
 349 4.140000
 350 4.110000
 351 2.920000
 352 2.400000
 353 2.200000
 354 1.600000
 355 1.560000
 356 1.560000
 357 1.560000
 358 1.560000
 359 1.560000
 360 1.540000
 361 1.550000
 362 1.540000
 363 1.540000
 364 1.550000
 365 1.550000
 366 1.550000
 367 1.570000
 368 1.590000
 369 1.650000
 370 5.030000
 371 5.000000
 372 5.000000
 373 5.010000
 374 5.010000
 375 5.010000
 376 5.010000
 377 2.730000
 378 2.350000
 379 2.290000
 380 2.710000
 381 2.710000
 382 2.690000
 383 2.700000
 384 2.720000
 385 2.750000
 386 2.100000
 387 2.090000
 388 2.090000
 389 2.060000
 390 2.060000
 391 2.060000
 392 2.040000
 393 2.040000
 394 2.070000
 395 2.080000
 396 2.110000
 397 2.120000
 398 4.710000
 399 4.660000
 400 4.590000
 401 4.540000
 402 4.590000
 403 4.610000
 404 2.280000
 405 2.260000
 406 2.260000
 407 2.290000
 408 2.310000
 409 2.290000
 410 2.560000
 411 2.560000
 412 2.570000
 413 2.630000
 414 2.730000
 415 4.260000
 416 4.290000
 417 4.390000
 418 4.370000
 419 4.320000
 420 4.260000
 421 4.260000
 422 4.240000
 423 4.260000
 424 4.230000
 425 4.010000
 426 3.980000
 427 3.850000
 428 3.660000
 429 3.660000
 430 3.640000
 431 3.640000
 432 3.640000
 433 3.590000
 434 3.590000
 435 3.570000
 436 3.600000
 437 3.550000
 438 3.520000
 439 3.530000
 440 3.530000
 441 3.510000
 442 3.510000
 443 3.510000
 444 3.480000
 445 3.580000
 446 3.580000
 447 3.560000
 448 3.580000
 449 3.560000
 450 3.560000
 451 3.530000
 452 3.550000
 453 3.560000
 454 3.550000
 455 3.560000
 456 3.500000
 457 3.520000
 458 3.450000
 459 3.470000
 460 3.490000
 461 3.490000
 462 3.530000
 463 3.480000
 464 3.530000
 465 3.510000
 466 3.510000
 467 3.480000
 468 3.500000
 469 3.500000
 470 3.480000
 471 3.480000
 472 3.460000
 473 3.480000
 474 3.480000
 475 3.430000
 476 3.460000
 477 3.430000
 478 3.410000
 479 3.400000
 480 3.380000
 481 3.410000
 482 3.410000
 483 3.380000
 484 3.330000
 485 3.360000
 486 3.310000
 487 3.270000
 488 3.250000
 489 3.260000
 490 3.260000
 491 3.230000
 492 3.180000
 493 3.180000
 494 3.180000
 495 3.160000
 496 3.130000
 497 3.100000
 498 3.110000
 499 3.100000
 500 3.080000
 501 3.080000
 502 3.040000
 503 3.050000
 504 3.060000
 505 3.060000
 506 3.060000
 507 3.050000
 508 3.030000
 509 3.030000
 510 3.040000
 511 3.040000
 512 3.050000
 513 3.070000
 514 3.070000
 515 3.090000
 516 3.110000
 517 3.080000
 518 3.080000
 519 3.080000
 520 3.100000
 521 3.100000
 522 3.100000
 523 3.090000
 524 3.090000
 525 3.080000
 526 3.080000
 527 3.080000
 528 3.060000
 529 3.060000
 530 3.060000
 531 3.060000
 532 3.020000
 533 3.030000
 534 3.040000
 535 3.010000
 536 3.010000
 537 3.020000
 538 3.010000
 539 3.020000
 540 3.020000
 541 3.020000
 542 3.020000
 543 3.040000
 544 3.020000
 545 3.020000
 546 3.040000
 547 3.020000
 548 3.020000
 549 3.020000
 550 3.040000
 551 3.040000
 552 3.070000
 553 3.070000
 554 3.070000
 555 3.070000
 556 3.090000
 557 3.070000
 558 3.070000
 559 3.090000
 560 3.090000
 561 2.090000
 562 2.080000
 563 2.090000
 564 2.020000
 565 1.830000
 566 1.810000
 567 1.780000
 568 1.790000
 569 1.820000
 570 1.820000
 571 1.800000
 572 1.820000
 573 1.820000
 574 1.820000
 575 1.870000
 576 1.870000
 577 1.870000
 578 1.900000
 579 1.870000
 580 1.900000
 581 1.900000
 582 1.920000
 583 1.950000
 584 1.920000
 585 1.970000
 586 1.970000
 587 1.970000
 588 1.970000
 589 2.000000
 590 2.000000
 591 2.020000
 592 2.030000
 593 2.050000
 594 2.080000
 595 2.080000
 596 2.100000
 597 2.100000
 598 2.130000
 599 2.150000
 600 2.150000
 601 2.180000
 602 2.230000
 603 2.200000
 604 2.200000
 605 2.230000
 606 2.230000
 607 2.250000
 608 2.280000
 609 2.250000
 610 2.280000
 611 2.300000
 612 2.330000
 613 2.330000
 614 2.380000
 615 2.360000
 616 2.330000
 617 2.330000
 618 2.360000
 619 2.380000
 620 2.380000
 621 2.380000
 622 2.410000
 623 1.460000
 624 1.460000
 625 1.450000
 626 1.460000
 627 1.470000
 628 1.460000
 629 1.490000
 630 1.490000
 631 1.490000
 632 1.510000
 633 1.540000
 634 1.540000
 635 1.540000
 636 1.590000
 637 1.560000
 638 1.580000
 639 1.610000
 640 1.610000
 641 1.640000
 642 1.610000
 643 1.630000
 644 1.660000
 645 1.680000
 646 1.680000
 647 1.710000
 648 1.730000
 649 1.760000
 650 1.760000
 651 1.760000
 652 1.810000
 653 1.810000
 654 1.810000
 655 1.830000
 656 1.860000
 657 1.880000
 658 1.880000
 659 1.910000
 660 1.930000
 661 1.960000
 662 1.970000
 663 2.030000
 664 3.370000
 665 3.380000
 666 3.380000
 667 3.340000
 668 3.330000
 669 3.320000
 670 3.320000
 671 3.300000
 672 3.280000
 673 3.270000
 674 3.240000
 675 3.220000
 676 3.230000
 677 3.230000
 678 3.240000
 679 3.220000
 680 3.220000
 681 3.240000
 682 3.220000
 683 3.240000
 684 3.220000
 685 3.220000
 686 3.270000
 687 3.260000
 688 3.280000
 689 3.280000
 690 3.280000
 691 3.280000
 692 3.290000
 693 3.290000
 694 3.290000
 695 3.330000
 696 3.320000
 697 3.320000
 698 3.340000
 699 3.320000
 700 3.380000
 701 3.370000
 702 3.370000
 703 3.420000
 704 3.390000
 705 3.410000
 706 3.440000
 707 3.440000
 708 2.930000
 709 2.920000
 710 3.360000
 711 3.490000
 712 3.570000
 713 3.590000
 714 3.590000
 715 3.610000
 716 3.640000
 717 3.660000
 718 3.650000
 719 3.660000
 720 3.700000
 721 3.700000
 722 3.740000
 723 3.760000
 724 3.770000
 725 3.790000
 726 3.790000
 727 3.790000
 728 3.790000
 729 3.810000
 730 3.810000
 731 3.810000
 732 3.800000
 733 3.820000
 734 3.870000
 735 3.860000
 736 3.890000
 737 3.890000
 738 3.930000
 739 3.940000
 740 3.950000
 741 3.390000
 742 3.380000
 743 2.940000
 744 2.930000
 745 3.950000
 746 1.540000
 747 1.530000
 748 1.540000
 749 1.540000
 750 1.550000
 751 1.570000
 752 1.550000
 753 1.550000
 754 1.550000
 755 1.520000
 756 1.530000
 757 1.540000
 758 4.070000
 759 4.050000
 760 4.060000