
 0 2.030000
 1 2.190000
 2 2.420000
 3 2.030000
 4 2.410000
 5 2.170000
 6 2.280000
 7 2.230000
 8 2.090000
 9 2.170000
 10 2.130000
 11 2.270000
 12 2.070000
 13 2.030000
 14 2.090000
 15 2.160000
 16 2.100000
 17 2.070000
 18 2.060000
 19 2.110000
 20 2.060000
 21 2.070000
 22 2.080000
 23 2.130000
 24 2.520000
 25 2.220000
 26 2.570000
 27 2.270000
 28 2.590000
 29 2.240000
 30 2.590000
 31 2.240000
 32 2.490000
 33 2.190000
 34 2.190000
 35 2.150000
 36 2.180000
 37 2.230000
 38 2.200000
 39 2.230000
 40 2.200000
 41 2.230000
 42 2.170000
 43 2.200000
 44 2.150000
 45 2.250000
 46 2.160000
 47 2.230000
 48 2.090000
 49 2.120000
 50 2.070000
 51 2.260000
 52 2.220000
 53 2.300000
 54 2.230000
 55 2.130000
 56 2.090000
 57 2.070000
 58 2.120000
 59 2.090000
 60 2.070000
 61 2.090000
 62 2.150000
 63 2.120000
 64 2.160000
 65 2.170000
 66 2.200000
 67 2.160000
 68 2.060000
 69 2.160000
 70 2.140000
 71 2.120000
 72 2.090000
 73 2.120000
 74 2.080000
 75 2.120000
 76 2.350000
 77 2.270000
 78 2.430000
 79 2.190000
 80 2.460000
 81 2.290000
 82 2.520000
 83 2.220000
 84 2.500000
 85 2.190000
 86 2.470000
 87 2.190000
 88 2.680000
 89 2.180000
 90 2.540000
 91 2.160000
 92 2.310000
 93 2.200000
 94 2.410000
 95 2.260000
 96 2.260000
 97 2.220000
 98 2.160000
 99 2.170000
 100 2.140000
 101 2.190000
 102 2.170000
 103 2.160000
 104 2.210000
 105 2.260000
 106 2.260000
 107 2.160000
 108 2.160000
 109 2.160000
 110 2.160000
 111 2.180000
 112 2.860000
 113 2.310000
 114 2.360000
 115 2.180000
 116 2.910000
 117 2.180000
 118 2.180000
 119 2.210000
 120 2.200000
 121 2.210000
 122 2.210000
 123 2.940000
 124 2.230000
 125 2.960000
 126 2.210000
 127 2.300000
 128 2.360000
 129 2.260000
 130 2.990000
 131 2.230000
 132 2.750000
 133 2.260000
 134 2.660000
 135 2.260000
 136 2.380000
 137 2.410000
 138 2.360000
 139 2.430000
 140 2.380000
 141 2.310000
 142 2.300000
 143 2.310000
 144 2.410000
 145 2.430000
 146 2.410000
 147 2.460000
 148 2.410000
 149 2.400000
 150 2.370000
 151 2.350000
 152 2.320000
 153 2.360000
 154 2.330000
 155 2.360000
 156 2.210000
 157 2.230000
 158 2.210000
 159 2.330000
 160 2.330000
 161 2.310000
 162 2.310000
 163 2.280000
 164 2.280000
 165 2.310000
 166 2.250000
 167 2.200000
 168 2.180000
 169 2.300000
 170 2.290000
 171 2.260000
 172 2.240000
 173 2.260000
 174 2.260000
 175 2.260000
 176 2.270000
 177 2.330000
 178 2.250000
 179 2.240000
 180 2.320000
 181 2.670000
 182 2.920000
 183 2.920000
 184 2.900000
 185 2.880000
 186 2.820000
 187 2.650000
 188 2.810000
 189 2.660000
 190 2.750000
 191 2.730000
 192 2.710000
 193 2.710000
 194 2.680000
 195 2.690000
 196 2.770000
 197 2.810000
 198 2.830000
 199 2.830000
 200 2.830000
 201 2.840000
 202 2.810000
 203 2.810000
 204 2.810000
 205 2.840000
 206 2.840000
 207 2.840000
 208 2.860000
 209 2.860000
 210 2.860000
 211 2.890000
 212 2.860000
 213 2.890000
 214 2.910000
 215 2.910000
 216 2.910000
 217 2.940000
 218 2.940000
 219 2.940000
 220 2.960000
 221 2.960000
 222 2.960000
 223 2.990000
 224 3.010000
 225 3.010000
 226 3.010000
 227 3.040000
 228 3.040000
 229 3.060000
 230 3.060000
 231 3.090000
 232 3.080000
 233 3.110000
 234 3.110000
 235 3.110000
 236 3.110000
 237 3.130000
 238 3.160000
 239 3.160000
 240 3.180000
 241 3.210000
 242 3.210000
 243 3.210000
 244 3.220000
 245 3.280000
 246 3.580000
 247 3.720000
 248 3.700000
 249 3.680000
 250 3.780000
 251 3.750000
 252 3.730000
 253 3.700000
 254 3.670000
 255 3.620000
 256 3.560000
 257 3.560000
 258 3.590000
 259 3.590000
 260 3.570000
 261 3.540000
 262 3.500000
 263 3.500000
 264 3.500000
 265 3.510000
 266 3.520000
 267 3.540000
 268 3.560000
 269 3.570000
 270 3.520000
 271 3.520000
 272 3.550000
 273 3.610000
 274 3.640000
 275 3.590000
 276 3.620000
 277 3.600000
 278 3.600000
 279 3.630000
 280 3.630000
 281 3.710000
 282 3.850000
 283 3.870000
 284 3.840000
 285 3.870000
 286 3.890000
 287 3.890000
 288 3.320000
 289 3.260000
 290 3.200000
 291 3.170000
 292 3.170000
 293 3.710000
 294 3.440000
 295 3.410000
 296 3.420000
 297 3.410000
 298 3.390000
 299 3.810000
 300 3.820000
 301 3.710000
 302 3.790000
 303 3.820000
 304 3.790000
 305 2.700000
 306 2.670000
 307 2.690000
 308 2.670000
 309 2.690000
 310 2.660000
 311 2.670000
 312 2.690000
 313 2.680000
 314 2.680000
 315 2.660000
 316 2.680000
 317 2.670000
 318 2.660000
 319 2.660000
 320 2.660000
 321 2.640000
 322 2.630000
 323 2.610000
 324 2.660000
 325 2.640000
 326 2.580000
 327 2.590000
 328 2.560000
 329 2.560000
 330 2.560000
 331 2.560000
 332 2.560000
 333 2.560000
 334 2.560000
 335 2.560000
 336 2.590000
 337 2.570000
 338 2.580000
 339 2.550000
 340 2.580000
 341 2.560000
 342 2.550000
 343 2.550000
 344 2.550000
 345 2.550000
 346 2.540000
 347 2.530000
 348 2.520000
 349 2.530000
 350 2.560000
 351 2.530000
 352 2.530000
 353 2.500000
 354 2.520000
 355 2.510000
 356 2.540000
 357 2.540000
 358 2.480000
 359 2.500000
 360 2.540000
 361 2.540000
 362 2.520000
 363 2.520000
 364 2.470000
 365 2.460000
 366 2.460000
 367 2.460000
 368 2.460000
 369 2.460000
 370 2.460000
 371 2.440000
 372 2.460000
 373 2.440000
 374 2.460000
 375 2.460000
 376 2.450000
 377 2.490000
 378 2.680000
 379 2.660000
 380 2.550000
 381 2.770000
 382 3.030000
 383 3.130000
 384 3.010000
 385 3.060000
 386 3.200000
 387 3.150000
 388 3.180000
 389 3.150000
 390 3.150000
 391 3.130000
 392 3.150000
 393 3.140000
 394 3.120000
 395 3.130000
 396 3.100000
 397 3.130000
 398 3.130000
 399 3.120000
 400 3.130000
 401 3.140000
 402 3.100000
 403 3.160000
 404 3.400000
 405 3.330000
 406 3.370000
 407 3.370000
 408 3.410000
 409 3.380000
 410 3.380000
 411 3.380000
 412 3.390000
 413 3.380000
 414 3.360000
 415 3.380000
 416 3.390000
 417 3.380000
 418 3.380000
 419 3.360000
 420 3.390000
 421 3.380000
 422 3.330000
 423 3.360000
 424 3.380000
 425 3.360000
 426 3.360000
 427 3.360000
 428 3.260000
 429 3.310000
 430 3.310000
 431 3.320000
 432 3.320000
 433 3.320000
 434 3.320000
 435 3.230000
 436 3.310000
 437 3.290000
 438 3.310000
 439 3.230000
 440 3.300000
 441 3.300000
 442 3.210000
 443 3.320000
 444 3.310000
 445 3.300000
 446 3.310000
 447 3.260000
 448 3.260000
 449 3.270000
 450 3.250000
 451 3.260000
 452 3.260000
 453 3.340000
 454 3.370000
 455 3.410000
 456 3.280000
 457 3.290000
 458 3.360000
 459 3.380000
 460 3.370000
 461 3.350000
 462 3.310000
 463 3.320000
 464 3.230000
 465 3.250000
 466 4.550000
 467 4.610000
 468 4.040000
 469 4.280000
 470 4.610000
 471 4.630000
 472 4.630000
 473 4.630000
 474 4.630000
 475 4.630000
 476 4.630000
 477 4.630000
 478 4.660000
 479 4.660000
 480 4.660000
 481 4.660000
 482 4.660000
 483 4.660000
 484 4.660000
 485 4.660000
 486 4.680000
 487 4.680000
 488 4.680000
 489 4.700000
 490 4.480000
 491 4.710000
 492 4.710000
 493 4.550000
 494 4.060000
 495 4.700000
 496 4.730000
 497 4.720000
 498 4.590000
 499 2.280000
 500 2.310000
 501 2.320000
 502 2.320000
 503 2.300000
 504 2.290000
 505 2.290000
 506 2.310000
 507 2.320000
 508 2.370000
 509 2.840000
 510 2.870000
 511 2.850000
 512 2.820000
 513 2.850000
 514 2.870000
 515 2.870000
 516 3.040000
 517 3.410000
 518 3.410000
 519 3.410000
 520 3.410000
 521 3.540000
 522 4.890000
 523 4.900000
 524 4.920000
 525 4.900000
 526 4.930000
 527 4.930000
 528 4.930000
 529 4.590000
 530 4.310000
 531 4.330000
 532 4.320000
 533 4.330000
 534 2.320000
 535 2.260000
 536 2.260000
 537 2.260000
 538 2.240000
 539 2.270000
 540 2.270000
 541 2.240000
 542 2.260000
 543 2.410000
 544 2.960000
 545 4.420000
 546 4.370000
 547 4.370000
 548 4.380000
 549 4.380000
 550 4.380000
 551 4.370000
 552 4.420000
 553 4.470000
 554 4.460000
 555 4.520000
 556 4.160000
 557 3.910000
 558 3.930000
 559 3.960000
 560 3.960000
 561 3.440000
 562 3.450000
 563 3.960000
 564 3.420000
 565 3.390000
 566 3.340000
 567 2.880000
 568 2.810000
 569 2.850000
 570 2.410000
 571 2.300000
 572 2.290000
 573 2.300000
 574 2.270000
 575 2.300000
 576 2.300000
 577 2.290000
 578 2.260000
 579 2.270000
 580 2.280000
 581 3.650000
 582 3.680000
 583 3.660000
 584 3.610000
 585 3.570000
 586 3.650000
 587 3.720000
 588 3.730000
 589 3.710000
 590 3.730000
 591 3.760000
 592 3.710000
 593 3.690000
 594 3.710000
 595 3.720000
 596 3.860000
 597 3.870000
 598 3.940000
 599 4.160000
 600 4.430000
 601 1.960000
 602 1.930000
 603 1.930000
 604 1.880000
 605 1.850000
 606 1.780000
 607 1.750000
 608 1.750000
 609 1.700000
 610 1.700000
 611 1.700000
 612 1.700000
 613 1.700000
 614 1.670000
 615 1.650000
 616 1.660000
 617 1.610000
 618 1.620000
 619 1.630000
 620 1.600000
 621 1.680000
 622 1.630000
 623 1.630000
 624 1.650000
 625 1.650000
 626 1.610000
 627 1.630000
 628 1.630000
 629 1.660000
 630 1.660000
 631 1.630000
 632 1.660000
 633 1.680000
 634 1.690000
 635 1.680000
 636 1.660000
 637 1.680000
 638 1.680000
 639 1.680000
 640 1.710000
 641 1.710000
 642 1.730000
 643 1.740000
 644 1.710000
 645 1.740000
 646 1.740000
 647 1.740000
 648 1.740000
 649 1.750000
 650 1.760000
 651 1.780000
 652 1.780000
 653 1.760000
 654 1.760000
 655 1.810000
 656 1.800000
 657 3.990000
 658 4.020000
 659 3.980000
 660 3.990000
 661 3.990000
 662 3.960000
 663 3.930000
 664 2.750000
 665 2.790000
 666 3.930000
 667 3.220000
 668 3.170000
 669 3.190000
 670 3.140000
 671 3.160000
 672 3.150000
 673 3.890000
 674 3.130000
 675 3.060000
 676 3.090000
 677 3.100000
 678 3.030000
 679 3.130000
 680 3.090000
 681 3.120000
 682 3.100000
 683 3.060000
 684 3.060000
 685 3.080000
 686 3.060000
 687 3.080000
 688 3.060000
 689 3.080000
 690 3.080000
 691 3.060000
 692 3.060000
 693 2.960000
 694 3.070000
 695 3.070000
 696 3.090000
 697 2.970000
 698 3.080000
 699 3.010000
 700 2.930000
 701 3.040000
 702 3.020000
 703 2.960000
 704 3.020000
 705 2.990000
 706 3.020000
 707 3.020000
 708 2.930000
 709 3.020000
 710 3.010000
 711 2.970000
 712 2.950000
 713 2.930000
 714 2.960000
 715 2.970000
 716 2.960000
 717 2.960000
 718 3.000000
 719 2.930000
 720 3.030000
 721 2.980000
 722 2.960000
 723 2.970000
 724 2.950000
 725 2.960000
 726 2.960000
 727 2.970000
 728 2.930000
 729 2.950000
 730 2.950000
 731 2.980000
 732 5.130000
 733 3.040000
 734 2.960000
 735 2.960000
 736 2.980000
 737 3.040000
 738 3.070000
 739 2.980000
 740 3.070000
 741 3.080000
 742 2.960000
 743 3.080000
 744 3.080000
 745 3.100000
 746 2.980000
 747 3.040000
 748 2.980000
 749 2.990000
 750 3.040000
 751 3.060000
 752 6.140000
 753 2.970000
 754 3.040000
 755 3.000000
 756 3.000000
 757 3.010000
 758 3.050000
 759 3.000000
 760 3.030000
 0 2.060000
 1 2.160000
 2 2.420000
 3 2.030000
 4 2.410000
 5 2.170000
 6 2.280000
 7 2.260000
 8 2.100000
 9 2.180000
 10 2.130000
 11 2.250000
 12 2.040000
 13 2.050000
 14 2.090000
 15 2.160000
 16 2.090000
 17 2.070000
 18 2.070000
 19 2.090000
 20 2.060000
 21 2.070000
 22 2.110000
 23 2.130000
 24 2.520000
 25 2.220000
 26 2.570000
 27 2.290000
 28 2.590000
 29 2.270000
 30 2.570000
 31 2.240000
 32 2.490000
 33 2.190000
 34 2.190000
 35 2.180000
 36 2.180000
 37 2.230000
 38 2.200000
 39 2.250000
 40 2.200000
 41 2.250000
 42 2.170000
 43 2.200000
 44 2.170000
 45 2.270000
 46 2.190000
 47 2.230000
 48 2.060000
 49 2.080000
 50 2.070000
 51 2.260000
 52 2.220000
 53 2.300000
 54 2.260000
 55 2.150000
 56 2.080000
 57 2.050000
 58 2.100000
 59 2.060000
 60 2.080000
 61 2.090000
 62 2.120000
 63 2.090000
 64 2.180000
 65 2.150000
 66 2.170000
 67 2.180000
 68 2.030000
 69 2.160000
 70 2.140000
 71 2.120000
 72 2.090000
 73 2.120000
 74 2.120000
 75 2.150000
 76 2.380000
 77 2.270000
 78 2.410000
 79 2.190000
 80 2.460000
 81 2.290000
 82 2.520000
 83 2.220000
 84 2.500000
 85 2.190000
 86 2.490000
 87 2.190000
 88 2.650000
 89 2.170000
 90 2.540000
 91 2.160000
 92 2.310000
 93 2.220000
 94 2.420000
 95 2.260000
 96 2.260000
 97 2.190000
 98 2.170000
 99 2.170000
 100 2.160000
 101 2.190000
 102 2.190000
 103 2.160000
 104 2.230000
 105 2.260000
 106 2.260000
 107 2.160000
 108 2.160000
 109 2.160000
 110 2.130000
 111 2.160000
 112 2.890000
 113 2.280000
 114 2.510000
 115 2.180000
 116 2.890000
 117 2.180000
 118 2.200000
 119 2.210000
 120 2.190000
 121 2.210000
 122 2.210000
 123 2.940000
 124 2.230000
 125 2.960000
 126 2.360000
 127 2.240000
 128 2.380000
 129 2.260000
 130 2.960000
 131 2.230000
 132 2.730000
 133 2.260000
 134 2.660000
 135 2.280000
 136 2.380000
 137 2.410000
 138 2.380000
 139 2.440000
 140 2.410000
 141 2.440000
 142 2.300000
 143 2.310000
 144 2.410000
 145 2.430000
 146 2.410000
 147 2.460000
 148 2.410000
 149 2.400000
 150 2.350000
 151 2.350000
 152 2.320000
 153 2.360000
 154 2.360000
 155 2.330000
 156 2.190000
 157 2.210000
 158 2.180000
 159 2.330000
 160 2.330000
 161 2.310000
 162 2.310000
 163 2.280000
 164 2.280000
 165 2.310000
 166 2.220000
 167 2.230000
 168 2.180000
 169 2.300000
 170 2.270000
 171 2.260000
 172 2.240000
 173 2.230000
 174 2.260000
 175 2.260000
 176 2.270000
 177 2.330000
 178 2.250000
 179 2.260000
 180 2.290000
 181 2.670000
 182 2.920000
 183 2.920000
 184 2.900000
 185 2.870000
 186 2.820000
 187 2.630000
 188 2.810000
 189 2.660000
 190 2.750000
 191 2.730000
 192 2.710000
 193 2.730000
 194 2.680000
 195 2.690000
 196 2.770000
 197 2.810000
 198 2.830000
 199 2.830000
 200 2.810000
 201 2.840000
 202 2.810000
 203 2.810000
 204 2.810000
 205 2.840000
 206 2.840000
 207 2.860000
 208 2.860000
 209 2.840000
 210 2.860000
 211 2.860000
 212 2.890000
 213 2.890000
 214 2.890000
 215 2.910000
 216 2.910000
 217 2.940000
 218 2.960000
 219 2.960000
 220 2.960000
 221 2.960000
 222 2.990000
 223 2.990000
 224 2.990000
 225 2.990000
 226 3.010000
 227 3.010000
 228 3.040000
 229 3.060000
 230 3.080000
 231 3.080000
 232 3.080000
 233 3.080000
 234 3.110000
 235 3.110000
 236 3.110000
 237 3.130000
 238 3.130000
 239 3.160000
 240 3.210000
 241 3.180000
 242 3.210000
 243 3.210000
 244 3.220000
 245 3.250000
 246 3.580000
 247 3.700000
 248 3.700000
 249 3.680000
 250 3.790000
 251 3.750000
 252 3.730000
 253 3.690000
 254 3.640000
 255 3.590000
 256 3.540000
 257 3.540000
 258 3.560000
 259 3.590000
 260 3.580000
 261 3.540000
 262 3.530000
 263 3.500000
 264 3.510000
 265 3.520000
 266 3.530000
 267 3.540000
 268 3.550000
 269 3.540000
 270 3.520000
 271 3.520000
 272 3.550000
 273 3.610000
 274 3.640000
 275 3.560000
 276 3.630000
 277 3.610000
 278 3.590000
 279 3.630000
 280 3.660000
 281 3.710000
 282 3.850000
 283 3.850000
 284 3.840000
 285 3.880000
 286 3.890000
 287 3.860000
 288 3.320000
 289 3.230000
 290 3.150000
 291 3.170000
 292 3.170000
 293 3.680000
 294 3.420000
 295 3.430000
 296 3.390000
 297 3.380000
 298 3.400000
 299 3.820000
 300 3.820000
 301 3.680000
 302 3.820000
 303 3.680000
 304 3.770000
 305 2.730000
 306 2.670000
 307 2.690000
 308 2.660000
 309 2.710000
 310 2.690000
 311 2.670000
 312 2.660000
 313 2.660000
 314 2.690000
 315 2.680000
 316 2.650000
 317 2.640000
 318 2.660000
 319 2.690000
 320 2.660000
 321 2.640000
 322 2.630000
 323 2.640000
 324 2.640000
 325 2.610000
 326 2.580000
 327 2.590000
 328 2.560000
 329 2.560000
 330 2.540000
 331 2.560000
 332 2.560000
 333 2.540000
 334 2.560000
 335 2.580000
 336 2.600000
 337 2.570000
 338 2.580000
 339 2.580000
 340 2.580000
 341 2.580000
 342 2.550000
 343 2.550000
 344 2.580000
 345 2.580000
 346 2.560000
 347 2.540000
 348 2.520000
 349 2.560000
 350 2.560000
 351 2.530000
 352 2.530000
 353 2.520000
 354 2.550000
 355 2.510000
 356 2.520000
 357 2.540000
 358 2.480000
 359 2.510000
 360 2.510000
 361 2.510000
 362 2.520000
 363 2.520000
 364 2.490000
 365 2.460000
 366 2.460000
 367 2.460000
 368 2.460000
 369 2.440000
 370 2.440000
 371 2.460000
 372 2.440000
 373 2.460000
 374 2.460000
 375 2.440000
 376 2.450000
 377 2.490000
 378 2.680000
 379 2.630000
 380 2.550000
 381 2.770000
 382 3.000000
 383 3.100000
 384 3.020000
 385 3.060000
 386 3.200000
 387 3.170000
 388 3.180000
 389 3.150000
 390 3.150000
 391 3.160000
 392 3.160000
 393 3.130000
 394 3.150000
 395 3.130000
 396 3.100000
 397 3.130000
 398 3.120000
 399 3.120000
 400 3.130000
 401 3.130000
 402 3.160000
 403 3.160000
 404 3.400000
 405 3.330000
 406 3.370000
 407 3.350000
 408 3.410000
 409 3.380000
 410 3.380000
 411 3.380000
 412 3.390000
 413 3.360000
 414 3.380000
 415 3.360000
 416 3.410000
 417 3.380000
 418 3.380000
 419 3.360000
 420 3.410000
 421 3.360000
 422 3.360000
 423 3.360000
 424 3.380000
 425 3.360000
 426 3.360000
 427 3.360000
 428 3.260000
 429 3.300000
 430 3.310000
 431 3.210000
 432 3.310000
 433 3.320000
 434 3.310000
 435 3.230000
 436 3.320000
 437 3.290000
 438 3.310000
 439 3.230000
 440 3.270000
 441 3.320000
 442 3.230000
 443 3.300000
 444 3.320000
 445 3.300000
 446 3.310000
 447 3.250000
 448 3.260000
 449 3.250000
 450 3.260000
 451 3.260000
 452 3.260000
 453 3.360000
 454 3.350000
 455 3.410000
 456 3.280000
 457 3.290000
 458 3.360000
 459 3.350000
 460 3.400000
 461 3.330000
 462 3.310000
 463 3.310000
 464 3.260000
 465 3.270000
 466 4.550000
 467 4.610000
 468 4.040000
 469 4.280000
 470 4.610000
 471 4.630000
 472 4.630000
 473 4.630000
 474 4.630000
 475 4.630000
 476 4.630000
 477 4.660000
 478 4.660000
 479 4.660000
 480 4.660000
 481 4.660000
 482 4.660000
 483 4.660000
 484 4.660000
 485 4.680000
 486 4.680000
 487 4.680000
 488 4.680000
 489 4.670000
 490 4.500000
 491 4.680000
 492 4.680000
 493 4.550000
 494 4.040000
 495 4.700000
 496 4.730000
 497 4.720000
 498 4.590000
 499 2.330000
 500 2.290000
 501 2.320000
 502 2.320000
 503 2.300000
 504 2.310000
 505 2.300000
 506 2.310000
 507 2.320000
 508 2.370000
 509 2.860000
 510 2.850000
 511 2.850000
 512 2.820000
 513 2.850000
 514 2.870000
 515 2.870000
 516 3.040000
 517 3.410000
 518 3.410000
 519 3.410000
 520 3.410000
 521 3.540000
 522 4.900000
 523 4.900000
 524 4.900000
 525 4.900000
 526 4.930000
 527 4.930000
 528 4.930000
 529 4.620000
 530 4.340000
 531 4.330000
 532 4.320000
 533 4.310000
 534 2.300000
 535 2.280000
 536 2.260000
 537 2.260000
 538 2.260000
 539 2.270000
 540 2.250000
 541 2.260000
 542 2.260000
 543 2.390000
 544 2.960000
 545 4.420000
 546 4.370000
 547 4.350000
 548 4.380000
 549 4.380000
 550 4.380000
 551 4.370000
 552 4.420000
 553 4.480000
 554 4.460000
 555 4.520000
 556 4.060000
 557 3.910000
 558 3.920000
 559 3.920000
 560 3.970000
 561 3.440000
 562 3.420000
 563 3.980000
 564 3.420000
 565 3.390000
 566 3.340000
 567 2.880000
 568 2.840000
 569 2.850000
 570 2.390000
 571 2.300000
 572 2.260000
 573 2.270000
 574 2.300000
 575 2.300000
 576 2.300000
 577 2.290000
 578 2.290000
 579 2.300000
 580 2.310000
 581 3.670000
 582 3.660000
 583 3.660000
 584 3.630000
 585 3.530000
 586 3.650000
 587 3.700000
 588 3.700000
 589 3.750000
 590 3.730000
 591 3.730000
 592 3.710000
 593 3.710000
 594 3.680000
 595 3.730000
 596 3.810000
 597 3.890000
 598 3.940000
 599 4.120000
 600 4.420000
 601 1.960000
 602 1.930000
 603 1.930000
 604 1.910000
 605 1.830000
 606 1.780000
 607 1.780000
 608 1.750000
 609 1.730000
 610 1.730000
 611 1.730000
 612 1.700000
 613 1.700000
 614 1.670000
 615 1.650000
 616 1.630000
 617 1.610000
 618 1.620000
 619 1.620000
 620 1.630000
 621 1.630000
 622 1.610000
 623 1.630000
 624 1.650000
 625 1.650000
 626 1.650000
 627 1.630000
 628 1.630000
 629 1.630000
 630 1.660000
 631 1.660000
 632 1.660000
 633 1.660000
 634 1.680000
 635 1.660000
 636 1.660000
 637 1.660000
 638 1.680000
 639 1.710000
 640 1.730000
 641 1.710000
 642 1.730000
 643 1.740000
 644 1.740000
 645 1.740000
 646 1.740000
 647 1.740000
 648 1.740000
 649 1.750000
 650 1.760000
 651 1.780000
 652 1.760000
 653 1.760000
 654 1.760000
 655 1.780000
 656 1.770000
 657 4.020000
 658 3.990000
 659 3.990000
 660 3.980000
 661 3.970000
 662 3.970000
 663 3.970000
 664 2.860000
 665 2.790000
 666 3.930000
 667 3.190000
 668 3.200000
 669 3.190000
 670 3.120000
 671 3.150000
 672 3.150000
 673 3.920000
 674 3.130000
 675 3.040000
 676 3.100000
 677 3.100000
 678 3.030000
 679 3.130000
 680 3.110000
 681 3.120000
 682 3.080000
 683 3.080000
 684 3.060000
 685 3.080000
 686 3.060000
 687 3.060000
 688 3.080000
 689 3.060000
 690 3.060000
 691 3.080000
 692 3.080000
 693 2.960000
 694 3.060000
 695 3.090000
 696 3.090000
 697 2.970000
 698 3.080000
 699 3.010000
 700 2.960000
 701 3.010000
 702 3.010000
 703 2.980000
 704 3.020000
 705 3.020000
 706 3.020000
 707 3.000000
 708 2.960000
 709 3.000000
 710 2.930000
 711 2.980000
 712 2.950000
 713 2.930000
 714 2.960000
 715 2.930000
 716 2.940000
 717 2.980000
 718 3.000000
 719 2.910000
 720 3.030000
 721 3.000000
 722 2.940000
 723 2.980000
 724 2.950000
 725 2.960000
 726 2.960000
 727 2.910000
 728 2.930000
 729 2.950000
 730 2.930000
 731 2.960000
 732 5.130000
 733 3.010000
 734 2.980000
 735 2.960000
 736 2.980000
 737 3.040000
 738 3.070000
 739 2.980000
 740 3.090000
 741 3.080000
 742 3.110000
 743 3.100000
 744 3.080000
 745 3.100000
 746 2.960000
 747 3.040000
 748 2.980000
 749 2.960000
 750 3.060000
 751 3.060000
 752 6.100000
 753 3.000000
 754 3.040000
 755 2.980000
 756 2.970000
 757 3.010000
 758 3.060000
 759 3.000000
 760 3.040000
 0 2.060000
 1 2.160000
 2 2.420000
 3 2.030000
 4 2.230000
 5 2.170000
 6 2.280000
 7 2.230000
 8 2.080000
 9 2.160000
 10 2.130000
 11 2.250000
 12 2.060000
 13 2.030000
 14 2.090000
 15 2.160000
 16 2.120000
 17 2.070000
 18 2.070000
 19 2.090000
 20 2.040000
 21 2.060000
 22 2.130000
 23 2.130000
 24 2.490000
 25 2.240000
 26 2.570000
 27 2.270000
 28 2.570000
 29 2.240000
 30 2.570000
 31 2.240000
 32 2.490000
 33 2.190000
 34 2.210000
 35 2.180000
 36 2.180000
 37 2.230000
 38 2.200000
 39 2.250000
 40 2.170000
 41 2.230000
 42 2.170000
 43 2.220000
 44 2.170000
 45 2.260000
 46 2.190000
 47 2.230000
 48 2.060000
 49 2.130000
 50 2.080000
 51 2.270000
 52 2.250000
 53 2.300000
 54 2.260000
 55 2.120000
 56 2.080000
 57 2.060000
 58 2.100000
 59 2.070000
 60 2.110000
 61 2.060000
 62 2.150000
 63 2.090000
 64 2.180000
 65 2.150000
 66 2.200000
 67 2.180000
 68 2.060000
 69 2.160000
 70 2.140000
 71 2.120000
 72 2.120000
 73 2.110000
 74 2.120000
 75 2.120000
 76 2.380000
 77 2.270000
 78 2.450000
 79 2.190000
 80 2.470000
 81 2.290000
 82 2.520000
 83 2.220000
 84 2.480000
 85 2.160000
 86 2.490000
 87 2.190000
 88 2.650000
 89 2.170000
 90 2.510000
 91 2.160000
 92 2.310000
 93 2.200000
 94 2.390000
 95 2.260000
 96 2.260000
 97 2.190000
 98 2.170000
 99 2.150000
 100 2.160000
 101 2.190000
 102 2.160000
 103 2.190000
 104 2.230000
 105 2.260000
 106 2.260000
 107 2.160000
 108 2.160000
 109 2.160000
 110 2.160000
 111 2.180000
 112 2.890000
 113 2.310000
 114 2.360000
 115 2.180000
 116 2.910000
 117 2.180000
 118 2.200000
 119 2.210000
 120 2.220000
 121 2.210000
 122 2.210000
 123 2.940000
 124 2.200000
 125 2.960000
 126 2.360000
 127 2.210000
 128 2.360000
 129 2.260000
 130 2.990000
 131 2.380000
 132 2.750000
 133 2.260000
 134 2.810000
 135 2.280000
 136 2.410000
 137 2.380000
 138 2.380000
 139 2.440000
 140 2.410000
 141 2.280000
 142 2.330000
 143 2.280000
 144 2.380000
 145 2.410000
 146 2.410000
 147 2.460000
 148 2.410000
 149 2.370000
 150 2.370000
 151 2.350000
 152 2.320000
 153 2.330000
 154 2.360000
 155 2.360000
 156 2.250000
 157 2.210000
 158 2.210000
 159 2.330000
 160 2.330000
 161 2.310000
 162 2.280000
 163 2.280000
 164 2.280000
 165 2.310000
 166 2.220000
 167 2.230000
 168 2.180000
 169 2.320000
 170 2.270000
 171 2.260000
 172 2.240000
 173 2.250000
 174 2.260000
 175 2.260000
 176 2.260000
 177 2.320000
 178 2.280000
 179 2.300000
 180 2.320000
 181 2.650000
 182 2.920000
 183 2.920000
 184 2.900000
 185 2.900000
 186 2.860000
 187 2.630000
 188 2.810000
 189 2.660000
 190 2.750000
 191 2.730000
 192 2.710000
 193 2.730000
 194 2.680000
 195 2.690000
 196 2.770000
 197 2.810000
 198 2.810000
 199 2.810000
 200 2.830000
 201 2.840000
 202 2.810000
 203 2.810000
 204 2.810000
 205 2.810000
 206 2.840000
 207 2.810000
 208 2.840000
 209 2.860000
 210 2.860000
 211 2.860000
 212 2.890000
 213 2.890000
 214 2.910000
 215 2.910000
 216 2.910000
 217 2.910000
 218 2.960000
 219 2.940000
 220 2.940000
 221 2.960000
 222 2.990000
 223 2.990000
 224 2.990000
 225 3.010000
 226 3.010000
 227 3.010000
 228 3.040000
 229 3.060000
 230 3.060000
 231 3.060000
 232 3.080000
 233 3.080000
 234 3.110000
 235 3.110000
 236 3.110000
 237 3.160000
 238 3.160000
 239 3.160000
 240 3.160000
 241 3.180000
 242 3.210000
 243 3.210000
 244 3.220000
 245 3.280000
 246 3.580000
 247 3.700000
 248 3.700000
 249 3.680000
 250 3.780000
 251 3.780000
 252 3.730000
 253 3.690000
 254 3.640000
 255 3.610000
 256 3.540000
 257 3.570000
 258 3.560000
 259 3.620000
 260 3.580000
 261 3.540000
 262 3.520000
 263 3.510000
 264 3.490000
 265 3.550000
 266 3.540000
 267 3.560000
 268 3.540000
 269 3.560000
 270 3.520000
 271 3.530000
 272 3.550000
 273 3.610000
 274 3.640000
 275 3.570000
 276 3.630000
 277 3.610000
 278 3.610000
 279 3.610000
 280 3.630000
 281 3.710000
 282 3.850000
 283 3.850000
 284 3.840000
 285 3.880000
 286 3.890000
 287 3.870000
 288 3.320000
 289 3.200000
 290 3.200000
 291 3.170000
 292 3.200000
 293 3.710000
 294 3.430000
 295 3.440000
 296 3.420000
 297 3.380000
 298 3.400000
 299 3.820000
 300 3.840000
 301 3.680000
 302 3.790000
 303 3.680000
 304 3.770000
 305 2.710000
 306 2.690000
 307 2.660000
 308 2.690000
 309 2.690000
 310 2.690000
 311 2.690000
 312 2.690000
 313 2.680000
 314 2.690000
 315 2.660000
 316 2.680000
 317 2.640000
 318 2.660000
 319 2.660000
 320 2.650000
 321 2.610000
 322 2.630000
 323 2.640000
 324 2.660000
 325 2.640000
 326 2.580000
 327 2.560000
 328 2.560000
 329 2.560000
 330 2.560000
 331 2.540000
 332 2.560000
 333 2.540000
 334 2.560000
 335 2.560000
 336 2.590000
 337 2.570000
 338 2.580000
 339 2.580000
 340 2.580000
 341 2.580000
 342 2.530000
 343 2.550000
 344 2.580000
 345 2.560000
 346 2.560000
 347 2.570000
 348 2.520000
 349 2.560000
 350 2.530000
 351 2.530000
 352 2.530000
 353 2.520000
 354 2.520000
 355 2.530000
 356 2.540000
 357 2.540000
 358 2.510000
 359 2.500000
 360 2.540000
 361 2.510000
 362 2.540000
 363 2.520000
 364 2.490000
 365 2.460000
 366 2.460000
 367 2.440000
 368 2.440000
 369 2.440000
 370 2.440000
 371 2.440000
 372 2.440000
 373 2.440000
 374 2.440000
 375 2.440000
 376 2.450000
 377 2.520000
 378 2.710000
 379 2.630000
 380 2.550000
 381 2.750000
 382 3.000000
 383 3.130000
 384 3.010000
 385 3.060000
 386 3.200000
 387 3.170000
 388 3.180000
 389 3.180000
 390 3.130000
 391 3.130000
 392 3.110000
 393 3.110000
 394 3.120000
 395 3.100000
 396 3.100000
 397 3.110000
 398 3.120000
 399 3.120000
 400 3.130000
 401 3.160000
 402 3.130000
 403 3.160000
 404 3.400000
 405 3.360000
 406 3.350000
 407 3.350000
 408 3.410000
 409 3.380000
 410 3.380000
 411 3.380000
 412 3.380000
 413 3.380000
 414 3.360000
 415 3.380000
 416 3.410000
 417 3.380000
 418 3.380000
 419 3.380000
 420 3.390000
 421 3.380000
 422 3.360000
 423 3.360000
 424 3.410000
 425 3.360000
 426 3.360000
 427 3.360000
 428 3.230000
 429 3.300000
 430 3.290000
 431 3.230000
 432 3.340000
 433 3.290000
 434 3.310000
 435 3.230000
 436 3.280000
 437 3.310000
 438 3.310000
 439 3.210000
 440 3.300000
 441 3.300000
 442 3.230000
 443 3.300000
 444 3.300000
 445 3.330000
 446 3.310000
 447 3.280000
 448 3.260000
 449 3.270000
 450 3.250000
 451 3.260000
 452 3.230000
 453 3.340000
 454 3.370000
 455 3.380000
 456 3.280000
 457 3.290000
 458 3.380000
 459 3.350000
 460 3.370000
 461 3.350000
 462 3.310000
 463 3.310000
 464 3.260000
 465 3.280000
 466 4.590000
 467 4.610000
 468 4.010000
 469 4.260000
 470 4.630000
 471 4.630000
 472 4.610000
 473 4.630000
 474 4.630000
 475 4.630000
 476 4.630000
 477 4.630000
 478 4.660000
 479 4.660000
 480 4.660000
 481 4.660000
 482 4.660000
 483 4.660000
 484 4.660000
 485 4.680000
 486 4.680000
 487 4.680000
 488 4.680000
 489 4.700000
 490 4.510000
 491 4.710000
 492 4.710000
 493 4.570000
 494 4.030000
 495 4.730000
 496 4.730000
 497 4.720000
 498 4.570000
 499 2.300000
 500 2.310000
 501 2.320000
 502 2.300000
 503 2.320000
 504 2.290000
 505 2.300000
 506 2.300000
 507 2.320000
 508 2.370000
 509 2.860000
 510 2.850000
 511 2.850000
 512 2.850000
 513 2.850000
 514 2.850000
 515 2.870000
 516 3.040000
 517 3.410000
 518 3.410000
 519 3.410000
 520 3.410000
 521 3.540000
 522 4.900000
 523 4.900000
 524 4.900000
 525 4.900000
 526 4.930000
 527 4.930000
 528 4.930000
 529 4.590000
 530 4.310000
 531 4.320000
 532 4.320000
 533 4.310000
 534 2.300000
 535 2.280000
 536 2.260000
 537 2.240000
 538 2.260000
 539 2.270000
 540 2.250000
 541 2.240000
 542 2.260000
 543 2.390000
 544 2.930000
 545 4.400000
 546 4.370000
 547 4.370000
 548 4.380000
 549 4.380000
 550 4.400000
 551 4.400000
 552 4.420000
 553 4.470000
 554 4.460000
 555 4.520000
 556 4.140000
 557 3.930000
 558 3.960000
 559 3.940000
 560 3.980000
 561 3.440000
 562 3.440000
 563 3.960000
 564 3.420000
 565 3.390000
 566 3.340000
 567 2.880000
 568 2.840000
 569 2.820000
 570 2.410000
 571 2.300000
 572 2.260000
 573 2.270000
 574 2.300000
 575 2.270000
 576 2.270000
 577 2.290000
 578 2.290000
 579 2.270000
 580 2.280000
 581 3.650000
 582 3.660000
 583 3.670000
 584 3.610000
 585 3.530000
 586 3.670000
 587 3.700000
 588 3.730000
 589 3.730000
 590 3.730000
 591 3.730000
 592 3.710000
 593 3.690000
 594 3.710000
 595 3.720000
 596 3.830000
 597 3.870000
 598 3.920000
 599 4.110000
 600 4.430000
 601 1.960000
 602 1.910000
 603 1.910000
 604 1.880000
 605 1.830000
 606 1.800000
 607 1.780000
 608 1.750000
 609 1.730000
 610 1.730000
 611 1.730000
 612 1.700000
 613 1.700000
 614 1.700000
 615 1.630000
 616 1.660000
 617 1.610000
 618 1.620000
 619 1.620000
 620 1.630000
 621 1.630000
 622 1.630000
 623 1.640000
 624 1.650000
 625 1.630000
 626 1.610000
 627 1.610000
 628 1.610000
 629 1.660000
 630 1.660000
 631 1.660000
 632 1.660000
 633 1.650000
 634 1.680000
 635 1.680000
 636 1.680000
 637 1.660000
 638 1.660000
 639 1.700000
 640 1.710000
 641 1.710000
 642 1.730000
 643 1.740000
 644 1.740000
 645 1.740000
 646 1.740000
 647 1.760000
 648 1.740000
 649 1.740000
 650 1.760000
 651 1.760000
 652 1.780000
 653 1.760000
 654 1.760000
 655 1.780000
 656 1.800000
 657 4.020000
 658 3.990000
 659 3.980000
 660 3.960000
 661 3.980000
 662 3.930000
 663 3.940000
 664 2.860000
 665 2.790000
 666 3.930000
 667 3.210000
 668 3.170000
 669 3.170000
 670 3.140000
 671 3.150000
 672 3.150000
 673 3.890000
 674 3.100000
 675 3.040000
 676 3.090000
 677 3.110000
 678 3.010000
 679 3.130000
 680 3.110000
 681 3.120000
 682 3.100000
 683 3.080000
 684 3.080000
 685 3.060000
 686 3.070000
 687 3.080000
 688 3.060000
 689 3.080000
 690 3.080000
 691 3.080000
 692 3.060000
 693 3.080000
 694 3.060000
 695 3.070000
 696 3.070000
 697 2.970000
 698 3.080000
 699 3.010000
 700 2.980000
 701 3.010000
 702 3.050000
 703 2.980000
 704 3.020000
 705 3.020000
 706 3.050000
 707 3.050000
 708 2.960000
 709 3.010000
 710 2.930000
 711 2.970000
 712 2.920000
 713 2.960000
 714 2.990000
 715 2.910000
 716 2.960000
 717 2.980000
 718 3.000000
 719 2.960000
 720 3.030000
 721 2.990000
 722 2.960000
 723 2.980000
 724 2.940000
 725 2.960000
 726 2.960000
 727 2.910000
 728 2.930000
 729 2.950000
 730 2.950000
 731 2.930000
 732 5.130000
 733 3.030000
 734 2.960000
 735 2.980000
 736 2.980000
 737 3.040000
 738 3.070000
 739 2.980000
 740 3.070000
 741 3.080000
 742 2.960000
 743 3.110000
 744 3.080000
 745 3.100000
 746 2.980000
 747 3.040000
 748 2.980000
 749 2.990000
 750 3.060000
 751 3.060000
 752 6.120000
 753 2.970000
 754 3.040000
 755 2.980000
 756 3.000000
 757 3.010000
 758 3.060000
 759 2.960000
 760 3.040000
 0 2.060000
 1 2.030000
 2 2.400000
 3 2.030000
 4 2.380000
 5 2.170000
 6 2.260000
 7 2.230000
 8 2.100000
 9 2.160000
 10 2.130000
 11 2.250000
 12 2.090000
 13 2.020000
 14 2.090000
 15 2.160000
 16 2.090000
 17 2.080000
 18 2.070000
 19 2.110000
 20 2.060000
 21 2.050000
 22 2.110000
 23 2.110000
 24 2.490000
 25 2.240000
 26 2.570000
 27 2.290000
 28 2.570000
 29 2.240000
 30 2.570000
 31 2.240000
 32 2.490000
 33 2.190000
 34 2.190000
 35 2.180000
 36 2.180000
 37 2.230000
 38 2.180000
 39 2.230000
 40 2.200000
 41 2.230000
 42 2.170000
 43 2.220000
 44 2.170000
 45 2.290000
 46 2.190000
 47 2.230000
 48 2.100000
 49 2.150000
 50 2.080000
 51 2.260000
 52 2.250000
 53 2.300000
 54 2.230000
 55 2.130000
 56 2.100000
 57 2.060000
 58 2.120000
 59 2.060000
 60 2.110000
 61 2.080000
 62 2.150000
 63 2.100000
 64 2.160000
 65 2.150000
 66 2.200000
 67 2.180000
 68 2.060000
 69 2.160000
 70 2.140000
 71 2.120000
 72 2.120000
 73 2.090000
 74 2.120000
 75 2.130000
 76 2.350000
 77 2.270000
 78 2.410000
 79 2.200000
 80 2.450000
 81 2.290000
 82 2.490000
 83 2.220000
 84 2.500000
 85 2.200000
 86 2.490000
 87 2.190000
 88 2.680000
 89 2.170000
 90 2.550000
 91 2.170000
 92 2.290000
 93 2.230000
 94 2.420000
 95 2.260000
 96 2.280000
 97 2.220000
 98 2.200000
 99 2.170000
 100 2.160000
 101 2.190000
 102 2.160000
 103 2.190000
 104 2.230000
 105 2.270000
 106 2.270000
 107 2.160000
 108 2.160000
 109 2.160000
 110 2.160000
 111 2.160000
 112 2.870000
 113 2.310000
 114 2.570000
 115 2.180000
 116 2.920000
 117 2.180000
 118 2.200000
 119 2.210000
 120 2.170000
 121 2.210000
 122 2.210000
 123 2.940000
 124 2.200000
 125 2.970000
 126 2.210000
 127 2.270000
 128 2.380000
 129 2.260000
 130 2.990000
 131 2.230000
 132 2.750000
 133 2.280000
 134 2.660000
 135 2.230000
 136 2.410000
 137 2.410000
 138 2.380000
 139 2.410000
 140 2.380000
 141 2.310000
 142 2.300000
 143 2.310000
 144 2.380000
 145 2.430000
 146 2.410000
 147 2.430000
 148 2.410000
 149 2.400000
 150 2.380000
 151 2.350000
 152 2.330000
 153 2.330000
 154 2.330000
 155 2.360000
 156 2.220000
 157 2.230000
 158 2.210000
 159 2.330000
 160 2.330000
 161 2.310000
 162 2.280000
 163 2.280000
 164 2.280000
 165 2.290000
 166 2.260000
 167 2.200000
 168 2.180000
 169 2.300000
 170 2.260000
 171 2.270000
 172 2.250000
 173 2.250000
 174 2.240000
 175 2.260000
 176 2.270000
 177 2.300000
 178 2.250000
 179 2.300000
 180 2.270000
 181 2.650000
 182 2.930000
 183 2.930000
 184 2.900000
 185 2.880000
 186 2.850000
 187 2.650000
 188 2.840000
 189 2.660000
 190 2.750000
 191 2.730000
 192 2.710000
 193 2.730000
 194 2.690000
 195 2.700000
 196 2.780000
 197 2.830000
 198 2.810000
 199 2.830000
 200 2.830000
 201 2.860000
 202 2.810000
 203 2.810000
 204 2.810000
 205 2.810000
 206 2.840000
 207 2.840000
 208 2.860000
 209 2.860000
 210 2.890000
 211 2.890000
 212 2.890000
 213 2.860000
 214 2.890000
 215 2.890000
 216 2.910000
 217 2.910000
 218 2.940000
 219 2.960000
 220 2.960000
 221 2.960000
 222 2.960000
 223 2.990000
 224 2.990000
 225 3.010000
 226 3.010000
 227 3.010000
 228 3.040000
 229 3.060000
 230 3.060000
 231 3.060000
 232 3.080000
 233 3.080000
 234 3.080000
 235 3.110000
 236 3.130000
 237 3.130000
 238 3.160000
 239 3.160000
 240 3.180000
 241 3.180000
 242 3.180000
 243 3.230000
 244 3.220000
 245 3.280000
 246 3.550000
 247 3.700000
 248 3.680000
 249 3.680000
 250 3.790000
 251 3.750000
 252 3.710000
 253 3.700000
 254 3.650000
 255 3.620000
 256 3.560000
 257 3.540000
 258 3.600000
 259 3.620000
 260 3.580000
 261 3.540000
 262 3.540000
 263 3.490000
 264 3.500000
 265 3.520000
 266 3.520000
 267 3.560000
 268 3.550000
 269 3.560000
 270 3.520000
 271 3.530000
 272 3.550000
 273 3.610000
 274 3.640000
 275 3.560000
 276 3.630000
 277 3.590000
 278 3.600000
 279 3.610000
 280 3.660000
 281 3.710000
 282 3.850000
 283 3.850000
 284 3.840000
 285 3.890000
 286 3.890000
 287 3.890000
 288 3.320000
 289 3.230000
 290 3.200000
 291 3.200000
 292 3.200000
 293 3.710000
 294 3.430000
 295 3.410000
 296 3.400000
 297 3.410000
 298 3.400000
 299 3.820000
 300 3.820000
 301 3.680000
 302 3.820000
 303 3.820000
 304 3.770000
 305 2.700000
 306 2.680000
 307 2.690000
 308 2.690000
 309 2.700000
 310 2.690000
 311 2.670000
 312 2.660000
 313 2.690000
 314 2.690000
 315 2.660000
 316 2.650000
 317 2.640000
 318 2.660000
 319 2.690000
 320 2.640000
 321 2.640000
 322 2.630000
 323 2.640000
 324 2.640000
 325 2.610000
 326 2.610000
 327 2.570000
 328 2.570000
 329 2.570000
 330 2.570000
 331 2.570000
 332 2.570000
 333 2.570000
 334 2.540000
 335 2.560000
 336 2.600000
 337 2.570000
 338 2.590000
 339 2.590000
 340 2.580000
 341 2.590000
 342 2.550000
 343 2.550000
 344 2.550000
 345 2.560000
 346 2.560000
 347 2.540000
 348 2.530000
 349 2.530000
 350 2.560000
 351 2.530000
 352 2.530000
 353 2.530000
 354 2.530000
 355 2.540000
 356 2.540000
 357 2.540000
 358 2.510000
 359 2.500000
 360 2.520000
 361 2.540000
 362 2.520000
 363 2.520000
 364 2.490000
 365 2.460000
 366 2.470000
 367 2.470000
 368 2.440000
 369 2.440000
 370 2.470000
 371 2.440000
 372 2.440000
 373 2.470000
 374 2.470000
 375 2.440000
 376 2.450000
 377 2.520000
 378 2.700000
 379 2.630000
 380 2.550000
 381 2.750000
 382 3.040000
 383 3.130000
 384 3.010000
 385 3.060000
 386 3.200000
 387 3.170000
 388 3.180000
 389 3.130000
 390 3.150000
 391 3.140000
 392 3.120000
 393 3.140000
 394 3.120000
 395 3.130000
 396 3.130000
 397 3.110000
 398 3.130000
 399 3.150000
 400 3.140000
 401 3.130000
 402 3.160000
 403 3.140000
 404 3.400000
 405 3.230000
 406 3.350000
 407 3.380000
 408 3.430000
 409 3.380000
 410 3.380000
 411 3.380000
 412 3.420000
 413 3.380000
 414 3.360000
 415 3.380000
 416 3.390000
 417 3.380000
 418 3.380000
 419 3.360000
 420 3.380000
 421 3.360000
 422 3.360000
 423 3.360000
 424 3.380000
 425 3.380000
 426 3.360000
 427 3.380000
 428 3.260000
 429 3.280000
 430 3.290000
 431 3.340000
 432 3.350000
 433 3.300000
 434 3.310000
 435 3.230000
 436 3.300000
 437 3.310000
 438 3.310000
 439 3.230000
 440 3.320000
 441 3.300000
 442 3.230000
 443 3.270000
 444 3.300000
 445 3.300000
 446 3.320000
 447 3.260000
 448 3.260000
 449 3.250000
 450 3.230000
 451 3.230000
 452 3.260000
 453 3.340000
 454 3.380000
 455 3.410000
 456 3.280000
 457 3.290000
 458 3.380000
 459 3.380000
 460 3.380000
 461 3.350000
 462 3.310000
 463 3.310000
 464 3.260000
 465 3.280000
 466 4.590000
 467 4.610000
 468 4.040000
 469 4.260000
 470 4.630000
 471 4.610000
 472 4.630000
 473 4.630000
 474 4.630000
 475 4.630000
 476 4.660000
 477 4.630000
 478 4.660000
 479 4.660000
 480 4.660000
 481 4.630000
 482 4.660000
 483 4.660000
 484 4.660000
 485 4.680000
 486 4.680000
 487 4.680000
 488 4.680000
 489 4.680000
 490 4.510000
 491 4.710000
 492 4.710000
 493 4.600000
 494 4.060000
 495 4.700000
 496 4.710000
 497 4.730000
 498 4.590000
 499 2.300000
 500 2.320000
 501 2.320000
 502 2.320000
 503 2.300000
 504 2.290000
 505 2.320000
 506 2.290000
 507 2.300000
 508 2.370000
 509 2.860000
 510 2.850000
 511 2.850000
 512 2.850000
 513 2.850000
 514 2.870000
 515 2.880000
 516 3.020000
 517 3.420000
 518 3.390000
 519 3.420000
 520 3.410000
 521 3.540000
 522 4.900000
 523 4.900000
 524 4.900000
 525 4.900000
 526 4.910000
 527 4.960000
 528 4.930000
 529 4.590000
 530 4.310000
 531 4.330000
 532 4.330000
 533 4.310000
 534 2.320000
 535 2.280000
 536 2.270000
 537 2.270000
 538 2.240000
 539 2.270000
 540 2.270000
 541 2.250000
 542 2.240000
 543 2.420000
 544 2.930000
 545 4.420000
 546 4.380000
 547 4.380000
 548 4.380000
 549 4.390000
 550 4.410000
 551 4.400000
 552 4.420000
 553 4.460000
 554 4.460000
 555 4.520000
 556 4.160000
 557 3.910000
 558 3.930000
 559 3.950000
 560 3.950000
 561 3.440000
 562 3.420000
 563 3.950000
 564 3.420000
 565 3.390000
 566 3.340000
 567 2.860000
 568 2.820000
 569 2.850000
 570 2.420000
 571 2.300000
 572 2.290000
 573 2.270000
 574 2.300000
 575 2.270000
 576 2.270000
 577 2.290000
 578 2.290000
 579 2.270000
 580 2.290000
 581 3.680000
 582 3.660000
 583 3.660000
 584 3.610000
 585 3.540000
 586 3.670000
 587 3.720000
 588 3.730000
 589 3.710000
 590 3.730000
 591 3.730000
 592 3.720000
 593 3.690000
 594 3.710000
 595 3.720000
 596 3.870000
 597 3.860000
 598 3.970000
 599 4.120000
 600 4.420000
 601 1.960000
 602 1.930000
 603 1.910000
 604 1.880000
 605 1.830000
 606 1.800000
 607 1.780000
 608 1.750000
 609 1.730000
 610 1.700000
 611 1.730000
 612 1.700000
 613 1.700000
 614 1.670000
 615 1.650000
 616 1.630000
 617 1.610000
 618 1.620000
 619 1.620000
 620 1.620000
 621 1.660000
 622 1.630000
 623 1.630000
 624 1.650000
 625 1.650000
 626 1.610000
 627 1.630000
 628 1.630000
 629 1.630000
 630 1.660000
 631 1.660000
 632 1.660000
 633 1.650000
 634 1.680000
 635 1.660000
 636 1.660000
 637 1.660000
 638 1.680000
 639 1.700000
 640 1.710000
 641 1.710000
 642 1.730000
 643 1.740000
 644 1.740000
 645 1.740000
 646 1.740000
 647 1.740000
 648 1.740000
 649 1.750000
 650 1.770000
 651 1.760000
 652 1.760000
 653 1.770000
 654 1.770000
 655 1.780000
 656 1.770000
 657 3.990000
 658 4.010000
 659 3.990000
 660 3.960000
 661 3.990000
 662 3.970000
 663 3.970000
 664 2.840000
 665 2.790000
 666 3.940000
 667 3.210000
 668 3.170000
 669 3.200000
 670 3.140000
 671 3.130000
 672 3.150000
 673 3.890000
 674 3.100000
 675 3.040000
 676 3.100000
 677 3.110000
 678 3.010000
 679 3.140000
 680 3.090000
 681 3.130000
 682 3.100000
 683 3.090000
 684 3.060000
 685 3.090000
 686 3.090000
 687 3.060000
 688 3.060000
 689 3.060000
 690 3.090000
 691 3.060000
 692 3.060000
 693 2.960000
 694 3.090000
 695 3.070000
 696 3.090000
 697 3.000000
 698 3.090000
 699 3.020000
 700 2.990000
 701 3.010000
 702 3.010000
 703 2.980000
 704 3.050000
 705 3.000000
 706 3.020000
 707 3.050000
 708 2.950000
 709 3.020000
 710 2.930000
 711 2.940000
 712 2.920000
 713 2.960000
 714 2.980000
 715 2.980000
 716 2.960000
 717 2.980000
 718 3.000000
 719 2.960000
 720 3.030000
 721 3.000000
 722 2.960000
 723 2.980000
 724 2.970000
 725 2.950000
 726 2.960000
 727 2.930000
 728 2.930000
 729 2.950000
 730 2.950000
 731 2.980000
 732 5.130000
 733 3.040000
 734 2.960000
 735 2.960000
 736 2.980000
 737 3.040000
 738 3.080000
 739 2.980000
 740 3.090000
 741 3.080000
 742 2.960000
 743 3.080000
 744 3.080000
 745 3.100000
 746 2.980000
 747 3.040000
 748 2.980000
 749 2.990000
 750 3.040000
 751 3.050000
 752 6.100000
 753 2.970000
 754 3.040000
 755 2.970000
 756 2.970000
 757 3.040000
 758 3.060000
 759 2.990000
 760 3.040000