
 0 3.140000
 1 3.140000
 2 3.140000
 3 3.030000
 4 3.140000
 5 3.110000
 6 3.000000
 7 3.080000
 8 3.050000
 9 3.040000
 10 3.070000
 11 3.190000
 12 3.160000
 13 3.050000
 14 3.160000
 15 3.160000
 16 3.080000
 17 3.060000
 18 3.190000
 19 3.160000
 20 3.140000
 21 3.030000
 22 3.110000
 23 3.160000
 24 3.140000
 25 3.040000
 26 3.020000
 27 3.030000
 28 2.980000
 29 3.020000
 30 3.030000
 31 3.110000
 32 3.000000
 33 3.110000
 34 3.110000
 35 2.980000
 36 2.900000
 37 2.690000
 38 2.310000
 39 2.170000
 40 2.170000
 41 2.140000
 42 2.120000
 43 2.130000
 44 2.140000
 45 2.140000
 46 2.150000
 47 2.150000
 48 2.150000
 49 2.150000
 50 2.150000
 51 2.150000
 52 2.250000
 53 2.290000
 54 2.240000
 55 2.200000
 56 2.190000
 57 2.190000
 58 2.210000
 59 2.190000
 60 2.200000
 61 2.230000
 62 2.190000
 63 2.200000
 64 2.180000
 65 2.190000
 66 2.190000
 67 2.190000
 68 2.210000
 69 2.220000
 70 2.230000
 71 2.240000
 72 2.210000
 73 2.210000
 74 2.230000
 75 2.210000
 76 2.260000
 77 2.330000
 78 2.200000
 79 2.170000
 80 2.170000
 81 2.170000
 82 2.200000
 83 2.210000
 84 2.250000
 85 2.250000
 86 2.260000
 87 2.230000
 88 2.230000
 89 2.240000
 90 2.260000
 91 2.270000
 92 2.270000
 93 2.250000
 94 2.260000
 95 2.250000
 96 2.240000
 97 2.240000
 98 2.240000
 99 2.240000
 100 2.240000
 101 2.280000
 102 2.280000
 103 2.300000
 104 2.300000
 105 2.290000
 106 2.320000
 107 2.320000
 108 2.310000
 109 2.300000
 110 2.330000
 111 2.300000
 112 2.310000
 113 2.340000
 114 2.320000
 115 2.340000
 116 2.340000
 117 2.330000
 118 2.350000
 119 2.350000
 120 2.470000
 121 2.390000
 122 2.350000
 123 2.310000
 124 2.320000
 125 2.310000
 126 2.350000
 127 2.370000
 128 2.370000
 129 2.390000
 130 2.390000
 131 2.390000
 132 2.420000
 133 2.410000
 134 2.390000
 135 2.390000
 136 2.410000
 137 2.390000
 138 2.390000
 139 2.390000
 140 2.360000
 141 2.410000
 142 2.430000
 143 2.420000
 144 2.420000
 145 2.480000
 146 3.560000
 147 3.600000
 148 3.630000
 149 3.500000
 150 3.600000
 151 3.600000
 152 3.560000
 153 3.590000
 154 3.510000
 155 3.420000
 156 3.410000
 157 3.420000
 158 3.430000
 159 3.430000
 160 3.380000
 161 3.430000
 162 3.440000
 163 3.450000
 164 3.460000
 165 3.460000
 166 3.480000
 167 3.480000
 168 3.520000
 169 3.630000
 170 3.730000
 171 3.680000
 172 3.730000
 173 3.770000
 174 3.810000
 175 3.800000
 176 3.800000
 177 3.850000
 178 3.830000
 179 3.850000
 180 3.860000
 181 3.870000
 182 3.890000
 183 3.880000
 184 3.900000
 185 3.920000
 186 3.930000
 187 3.970000
 188 3.950000
 189 3.930000
 190 3.940000
 191 3.980000
 192 3.990000
 193 4.000000
 194 3.990000
 195 3.980000
 196 4.090000
 197 4.000000
 198 4.080000
 199 4.130000
 200 4.140000
 201 4.160000
 202 4.100000
 203 4.100000
 204 4.100000
 205 4.120000
 206 4.130000
 207 4.130000
 208 4.270000
 209 4.150000
 210 4.180000
 211 4.180000
 212 4.200000
 213 4.230000
 214 4.230000
 215 4.250000
 216 4.270000
 217 4.280000
 218 4.300000
 219 4.330000
 220 4.320000
 221 4.350000
 222 4.350000
 223 4.380000
 224 4.470000
 225 4.430000
 226 4.430000
 227 4.130000
 228 4.180000
 229 4.500000
 230 4.500000
 231 4.530000
 232 4.550000
 233 4.550000
 234 4.580000
 235 4.710000
 236 4.740000
 237 4.770000
 238 4.760000
 239 4.780000
 240 4.700000
 241 4.730000
 242 4.750000
 243 4.780000
 244 4.800000
 245 4.930000
 246 4.960000
 247 5.020000
 248 4.910000
 249 5.010000
 250 4.980000
 251 4.960000
 252 4.960000
 253 4.960000
 254 4.960000
 255 4.930000
 256 4.930000
 257 4.910000
 258 4.880000
 259 4.850000
 260 4.820000
 261 4.770000
 262 4.770000
 263 4.680000
 264 4.680000
 265 4.660000
 266 5.370000
 267 5.400000
 268 5.370000
 269 5.350000
 270 5.320000
 271 5.320000
 272 5.300000
 273 5.300000
 274 4.630000
 275 4.630000
 276 4.640000
 277 5.200000
 278 5.230000
 279 5.230000
 280 5.200000
 281 5.200000
 282 5.210000
 283 5.220000
 284 5.220000
 285 5.220000
 286 5.100000
 287 5.120000
 288 5.190000
 289 5.220000
 290 5.220000
 291 5.200000
 292 5.160000
 293 5.190000
 294 5.150000
 295 5.150000
 296 5.150000
 297 5.150000
 298 5.150000
 299 4.470000
 300 4.380000
 301 4.400000
 302 4.410000
 303 5.100000
 304 5.070000
 305 5.070000
 306 5.060000
 307 5.050000
 308 5.050000
 309 4.900000
 310 4.900000
 311 4.910000
 312 5.000000
 313 5.020000
 314 5.000000
 315 5.000000
 316 4.990000
 317 5.000000
 318 4.970000
 319 4.950000
 320 4.930000
 321 4.940000
 322 4.950000
 323 4.950000
 324 4.950000
 325 4.920000
 326 4.920000
 327 4.920000
 328 4.900000
 329 4.900000
 330 4.900000
 331 4.870000
 332 4.870000
 333 4.900000
 334 4.850000
 335 4.870000
 336 4.850000
 337 4.870000
 338 4.870000
 339 4.850000
 340 4.850000
 341 4.820000
 342 4.820000
 343 4.820000
 344 4.820000
 345 4.800000
 346 4.820000
 347 4.080000
 348 4.790000
 349 4.810000
 350 4.090000
 351 4.080000
 352 0.390000
 353 0.450000
 354 0.410000
 355 0.400000
 356 0.430000
 357 0.400000
 358 0.400000
 359 0.400000
 360 0.400000
 361 0.430000
 362 0.400000
 363 0.430000
 364 0.400000
 365 0.430000
 366 0.400000
 367 0.400000
 368 0.400000
 369 0.430000
 370 0.400000
 371 0.400000
 372 0.400000
 373 0.430000
 374 0.400000
 375 0.400000
 376 0.430000
 377 0.400000
 378 0.430000
 379 0.430000
 380 0.400000
 381 0.430000
 382 0.400000
 383 0.400000
 384 0.430000
 385 0.400000
 386 0.400000
 387 0.430000
 388 0.400000
 389 0.430000
 390 0.400000
 391 0.430000
 392 0.400000
 393 0.430000
 394 0.410000
 395 0.480000
 396 0.500000
 397 0.470000
 398 4.730000
 399 4.680000
 400 4.580000
 401 4.600000
 402 4.630000
 403 4.600000
 404 4.610000
 405 4.580000
 406 4.560000
 407 4.420000
 408 4.280000
 409 4.290000
 410 4.280000
 411 4.280000
 412 4.430000
 413 4.290000
 414 4.230000
 415 4.230000
 416 4.310000
 417 4.440000
 418 4.390000
 419 4.340000
 420 4.260000
 421 4.270000
 422 4.320000
 423 4.330000
 424 4.310000
 425 4.250000
 426 4.280000
 427 4.030000
 428 3.820000
 429 3.770000
 430 3.690000
 431 3.640000
 432 3.640000
 433 3.640000
 434 3.620000
 435 3.610000
 436 1.630000
 437 1.610000
 438 1.580000
 439 1.560000
 440 1.560000
 441 1.560000
 442 1.560000
 443 1.560000
 444 1.560000
 445 1.590000
 446 1.590000
 447 1.560000
 448 1.590000
 449 1.670000
 450 3.580000
 451 3.570000
 452 3.570000
 453 3.590000
 454 3.580000
 455 3.620000
 456 3.600000
 457 1.150000
 458 1.080000
 459 1.060000
 460 1.030000
 461 1.050000
 462 1.030000
 463 1.010000
 464 1.010000
 465 1.010000
 466 1.010000
 467 1.010000
 468 1.040000
 469 1.040000
 470 1.010000
 471 1.040000
 472 1.040000
 473 1.040000
 474 1.040000
 475 1.010000
 476 1.040000
 477 1.040000
 478 1.060000
 479 3.440000
 480 3.430000
 481 3.410000
 482 3.440000
 483 1.740000
 484 1.700000
 485 1.700000
 486 1.680000
 487 1.660000
 488 1.660000
 489 1.690000
 490 1.660000
 491 1.690000
 492 1.690000
 493 1.660000
 494 1.690000
 495 1.690000
 496 1.700000
 497 3.120000
 498 3.130000
 499 3.130000
 500 3.110000
 501 3.080000
 502 3.080000
 503 3.080000
 504 3.080000
 505 3.060000
 506 3.070000
 507 3.070000
 508 3.060000
 509 3.060000
 510 3.070000
 511 3.060000
 512 3.070000
 513 3.070000
 514 3.070000
 515 3.090000
 516 3.110000
 517 3.090000
 518 3.110000
 519 3.130000
 520 0.560000
 521 0.570000
 522 0.570000
 523 0.560000
 524 0.560000
 525 0.560000
 526 0.560000
 527 0.530000
 528 0.530000
 529 0.560000
 530 0.530000
 531 0.530000
 532 0.530000
 533 0.510000
 534 0.530000
 535 0.510000
 536 0.530000
 537 0.510000
 538 0.510000
 539 0.500000
 540 0.520000
 541 0.520000
 542 0.520000
 543 0.500000
 544 0.520000
 545 0.520000
 546 0.520000
 547 0.520000
 548 0.520000
 549 0.520000
 550 0.520000
 551 0.520000
 552 0.550000
 553 0.520000
 554 0.550000
 555 0.520000
 556 0.550000
 557 0.550000
 558 0.550000
 559 0.550000
 560 0.550000
 561 0.550000
 562 0.550000
 563 0.560000
 564 0.560000
 565 0.540000
 566 1.800000
 567 1.800000
 568 1.790000
 569 1.800000
 570 1.820000
 571 1.820000
 572 1.850000
 573 1.820000
 574 1.850000
 575 1.870000
 576 1.870000
 577 1.870000
 578 1.900000
 579 1.900000
 580 1.900000
 581 1.920000
 582 1.920000
 583 1.920000
 584 1.920000
 585 1.950000
 586 1.950000
 587 1.970000
 588 2.000000
 589 2.000000
 590 2.000000
 591 2.020000
 592 2.020000
 593 2.050000
 594 2.080000
 595 2.080000
 596 2.080000
 597 2.100000
 598 2.130000
 599 2.150000
 600 2.180000
 601 2.200000
 602 2.200000
 603 2.200000
 604 2.230000
 605 2.230000
 606 2.250000
 607 2.280000
 608 2.250000
 609 0.800000
 610 0.860000
 611 0.830000
 612 0.800000
 613 0.800000
 614 0.790000
 615 0.800000
 616 0.790000
 617 0.790000
 618 0.790000
 619 0.790000
 620 0.800000
 621 0.790000
 622 0.790000
 623 0.780000
 624 0.780000
 625 0.780000
 626 0.780000
 627 0.780000
 628 0.750000
 629 0.780000
 630 0.780000
 631 0.780000
 632 0.800000
 633 0.800000
 634 0.830000
 635 0.830000
 636 0.830000
 637 0.850000
 638 0.860000
 639 0.820000
 640 1.580000
 641 1.610000
 642 1.630000
 643 1.630000
 644 1.660000
 645 1.680000
 646 1.710000
 647 1.710000
 648 1.730000
 649 1.760000
 650 1.760000
 651 1.780000
 652 1.780000
 653 1.810000
 654 1.830000
 655 1.830000
 656 1.860000
 657 1.880000
 658 1.910000
 659 1.930000
 660 1.930000
 661 1.960000
 662 1.970000
 663 2.010000
 664 3.390000
 665 3.390000
 666 3.370000
 667 3.370000
 668 3.340000
 669 3.340000
 670 3.320000
 671 3.320000
 672 3.270000
 673 3.270000
 674 3.270000
 675 3.240000
 676 3.260000
 677 3.260000
 678 3.250000
 679 3.250000
 680 3.240000
 681 3.270000
 682 3.270000
 683 3.270000
 684 3.240000
 685 3.250000
 686 3.240000
 687 3.280000
 688 3.300000
 689 3.310000
 690 3.330000
 691 3.300000
 692 3.310000
 693 3.340000
 694 3.340000
 695 3.330000
 696 3.350000
 697 3.350000
 698 3.370000
 699 3.370000
 700 3.390000
 701 3.410000
 702 3.390000
 703 3.420000
 704 3.430000
 705 3.430000
 706 3.460000
 707 3.480000
 708 2.930000
 709 2.920000
 710 3.360000
 711 3.540000
 712 3.580000
 713 3.590000
 714 3.610000
 715 3.630000
 716 3.660000
 717 3.670000
 718 3.680000
 719 3.700000
 720 3.730000
 721 3.730000
 722 3.760000
 723 3.780000
 724 3.780000
 725 3.810000
 726 3.780000
 727 3.800000
 728 3.780000
 729 3.810000
 730 3.810000
 731 3.830000
 732 3.860000
 733 3.830000
 734 3.880000
 735 3.880000
 736 3.940000
 737 3.910000
 738 3.950000
 739 3.960000
 740 3.980000
 741 3.390000
 742 3.380000
 743 2.970000
 744 2.920000
 745 1.530000
 746 1.550000
 747 1.540000
 748 1.540000
 749 1.570000
 750 1.540000
 751 1.560000
 752 1.540000
 753 1.540000
 754 1.540000
 755 1.540000
 756 1.520000
 757 1.530000
 758 4.050000
 759 4.080000
 760 4.050000
 0 3.140000
 1 3.140000
 2 3.140000
 3 3.030000
 4 3.110000
 5 3.110000
 6 3.000000
 7 3.060000
 8 3.040000
 9 3.040000
 10 3.050000
 11 3.190000
 12 3.160000
 13 3.050000
 14 3.160000
 15 3.160000
 16 3.050000
 17 3.060000
 18 3.160000
 19 3.160000
 20 3.160000
 21 3.000000
 22 3.110000
 23 3.160000
 24 3.140000
 25 3.020000
 26 3.020000
 27 3.030000
 28 3.000000
 29 3.020000
 30 3.000000
 31 3.090000
 32 3.000000
 33 3.140000
 34 3.110000
 35 2.980000
 36 2.880000
 37 2.710000
 38 2.330000
 39 2.150000
 40 2.170000
 41 2.140000
 42 2.150000
 43 2.130000
 44 2.140000
 45 2.140000
 46 2.120000
 47 2.150000
 48 2.150000
 49 2.150000
 50 2.120000
 51 2.170000
 52 2.230000
 53 2.290000
 54 2.240000
 55 2.200000
 56 2.190000
 57 2.190000
 58 2.190000
 59 2.210000
 60 2.200000
 61 2.200000
 62 2.220000
 63 2.210000
 64 2.200000
 65 2.160000
 66 2.170000
 67 2.190000
 68 2.210000
 69 2.190000
 70 2.200000
 71 2.230000
 72 2.240000
 73 2.210000
 74 2.210000
 75 2.210000
 76 2.240000
 77 2.350000
 78 2.210000
 79 2.170000
 80 2.190000
 81 2.190000
 82 2.200000
 83 2.240000
 84 2.230000
 85 2.250000
 86 2.270000
 87 2.250000
 88 2.250000
 89 2.240000
 90 2.260000
 91 2.270000
 92 2.270000
 93 2.280000
 94 2.260000
 95 2.260000
 96 2.240000
 97 2.240000
 98 2.220000
 99 2.220000
 100 2.260000
 101 2.280000
 102 2.280000
 103 2.280000
 104 2.280000
 105 2.290000
 106 2.320000
 107 2.320000
 108 2.310000
 109 2.300000
 110 2.300000
 111 2.300000
 112 2.340000
 113 2.340000
 114 2.320000
 115 2.340000
 116 2.340000
 117 2.330000
 118 2.330000
 119 2.350000
 120 2.470000
 121 2.390000
 122 2.350000
 123 2.310000
 124 2.320000
 125 2.310000
 126 2.350000
 127 2.370000
 128 2.370000
 129 2.390000
 130 2.410000
 131 2.390000
 132 2.420000
 133 2.410000
 134 2.420000
 135 2.390000
 136 2.390000
 137 2.390000
 138 2.390000
 139 2.390000
 140 2.390000
 141 2.390000
 142 2.430000
 143 2.420000
 144 2.440000
 145 2.480000
 146 3.560000
 147 3.570000
 148 3.630000
 149 3.500000
 150 3.580000
 151 3.620000
 152 3.590000
 153 3.560000
 154 3.480000
 155 3.450000
 156 3.430000
 157 3.420000
 158 3.420000
 159 3.400000
 160 3.420000
 161 3.430000
 162 3.420000
 163 3.450000
 164 3.460000
 165 3.460000
 166 3.470000
 167 3.500000
 168 3.520000
 169 3.630000
 170 3.730000
 171 3.690000
 172 3.730000
 173 3.790000
 174 3.810000
 175 3.810000
 176 3.800000
 177 3.850000
 178 3.830000
 179 3.850000
 180 3.860000
 181 3.870000
 182 3.890000
 183 3.910000
 184 3.890000
 185 3.930000
 186 3.930000
 187 3.940000
 188 3.950000
 189 3.960000
 190 3.950000
 191 3.950000
 192 3.990000
 193 3.990000
 194 4.000000
 195 3.990000
 196 4.080000
 197 3.980000
 198 4.080000
 199 4.130000
 200 4.140000
 201 4.160000
 202 4.080000
 203 4.100000
 204 4.100000
 205 4.120000
 206 4.100000
 207 4.150000
 208 4.270000
 209 4.150000
 210 4.180000
 211 4.200000
 212 4.230000
 213 4.250000
 214 4.230000
 215 4.250000
 216 4.270000
 217 4.280000
 218 4.300000
 219 4.330000
 220 4.320000
 221 4.350000
 222 4.350000
 223 4.380000
 224 4.470000
 225 4.400000
 226 4.430000
 227 4.130000
 228 4.160000
 229 4.500000
 230 4.500000
 231 4.530000
 232 4.520000
 233 4.550000
 234 4.580000
 235 4.710000
 236 4.730000
 237 4.740000
 238 4.760000
 239 4.760000
 240 4.700000
 241 4.730000
 242 4.750000
 243 4.780000
 244 4.800000
 245 4.910000
 246 4.930000
 247 5.020000
 248 4.880000
 249 5.010000
 250 4.980000
 251 4.980000
 252 4.960000
 253 4.960000
 254 4.930000
 255 4.930000
 256 4.910000
 257 4.880000
 258 4.880000
 259 4.820000
 260 4.810000
 261 4.770000
 262 4.770000
 263 4.680000
 264 4.680000
 265 4.660000
 266 5.360000
 267 5.370000
 268 5.370000
 269 5.350000
 270 5.320000
 271 5.320000
 272 5.320000
 273 5.300000
 274 4.630000
 275 4.630000
 276 4.640000
 277 5.230000
 278 5.250000
 279 5.220000
 280 5.200000
 281 5.200000
 282 5.190000
 283 5.220000
 284 5.220000
 285 5.220000
 286 5.130000
 287 5.120000
 288 5.190000
 289 5.220000
 290 5.200000
 291 5.200000
 292 5.200000
 293 5.200000
 294 5.170000
 295 5.150000
 296 5.150000
 297 5.150000
 298 5.150000
 299 4.470000
 300 4.350000
 301 4.380000
 302 4.440000
 303 5.070000
 304 5.100000
 305 5.060000
 306 5.050000
 307 5.050000
 308 5.050000
 309 4.920000
 310 4.900000
 311 4.910000
 312 5.020000
 313 5.020000
 314 5.000000
 315 5.000000
 316 5.000000
 317 4.970000
 318 4.970000
 319 4.950000
 320 4.950000
 321 4.940000
 322 4.950000
 323 4.920000
 324 4.920000
 325 4.920000
 326 4.900000
 327 4.900000
 328 4.920000
 329 4.900000
 330 4.900000
 331 4.900000
 332 4.870000
 333 4.870000
 334 4.870000
 335 4.870000
 336 4.870000
 337 4.870000
 338 4.850000
 339 4.850000
 340 4.850000
 341 4.850000
 342 4.850000
 343 4.820000
 344 4.850000
 345 4.820000
 346 4.820000
 347 4.170000
 348 4.790000
 349 4.810000
 350 4.090000
 351 4.080000
 352 0.390000
 353 0.450000
 354 0.410000
 355 0.430000
 356 0.400000
 357 0.430000
 358 0.430000
 359 0.430000
 360 0.400000
 361 0.430000
 362 0.400000
 363 0.430000
 364 0.430000
 365 0.400000
 366 0.400000
 367 0.400000
 368 0.400000
 369 0.430000
 370 0.400000
 371 0.430000
 372 0.430000
 373 0.400000
 374 0.400000
 375 0.430000
 376 0.400000
 377 0.430000
 378 0.430000
 379 0.400000
 380 0.400000
 381 0.430000
 382 0.430000
 383 0.400000
 384 0.400000
 385 0.400000
 386 0.430000
 387 0.400000
 388 0.400000
 389 0.430000
 390 0.400000
 391 0.400000
 392 0.430000
 393 0.430000
 394 0.410000
 395 0.460000
 396 0.500000
 397 0.470000
 398 4.730000
 399 4.680000
 400 4.630000
 401 4.600000
 402 4.630000
 403 4.610000
 404 4.610000
 405 4.610000
 406 4.580000
 407 4.440000
 408 4.230000
 409 4.200000
 410 4.430000
 411 4.300000
 412 4.460000
 413 4.320000
 414 4.260000
 415 4.260000
 416 4.330000
 417 4.430000
 418 4.380000
 419 4.340000
 420 4.280000
 421 4.270000
 422 4.340000
 423 4.310000
 424 4.310000
 425 4.250000
 426 4.280000
 427 4.230000
 428 3.900000
 429 3.790000
 430 3.690000
 431 3.660000
 432 3.640000
 433 3.640000
 434 3.610000
 435 3.640000
 436 1.630000
 437 1.580000
 438 1.580000
 439 1.560000
 440 1.560000
 441 1.590000
 442 1.560000
 443 1.560000
 444 1.560000
 445 1.590000
 446 1.560000
 447 1.590000
 448 1.580000
 449 1.550000
 450 3.560000
 451 3.570000
 452 3.570000
 453 3.570000
 454 3.610000
 455 3.620000
 456 3.610000
 457 1.150000
 458 1.080000
 459 1.060000
 460 1.060000
 461 1.020000
 462 1.010000
 463 1.010000
 464 1.010000
 465 1.010000
 466 1.040000
 467 1.010000
 468 1.010000
 469 1.040000
 470 1.040000
 471 1.040000
 472 1.040000
 473 1.040000
 474 1.040000
 475 1.040000
 476 1.040000
 477 1.040000
 478 1.060000
 479 3.440000
 480 3.430000
 481 3.430000
 482 3.420000
 483 1.740000
 484 1.700000
 485 1.670000
 486 1.680000
 487 1.660000
 488 1.690000
 489 1.690000
 490 1.690000
 491 1.690000
 492 1.690000
 493 1.690000
 494 1.690000
 495 1.710000
 496 1.730000
 497 3.120000
 498 3.130000
 499 3.110000
 500 3.080000
 501 3.080000
 502 3.080000
 503 3.060000
 504 3.070000
 505 3.060000
 506 3.070000
 507 3.050000
 508 3.050000
 509 3.050000
 510 3.070000
 511 3.070000
 512 3.070000
 513 3.070000
 514 3.070000
 515 3.090000
 516 3.120000
 517 3.080000
 518 3.110000
 519 3.180000
 520 0.560000
 521 0.550000
 522 0.570000
 523 0.560000
 524 0.560000
 525 0.560000
 526 0.530000
 527 0.530000
 528 0.530000
 529 0.560000
 530 0.530000
 531 0.530000
 532 0.530000
 533 0.510000
 534 0.510000
 535 0.510000
 536 0.510000
 537 0.510000
 538 0.510000
 539 0.500000
 540 0.500000
 541 0.500000
 542 0.500000
 543 0.500000
 544 0.520000
 545 0.500000
 546 0.500000
 547 0.500000
 548 0.520000
 549 0.520000
 550 0.520000
 551 0.520000
 552 0.520000
 553 0.550000
 554 0.550000
 555 0.520000
 556 0.550000
 557 0.550000
 558 0.550000
 559 0.520000
 560 0.550000
 561 0.550000
 562 0.550000
 563 0.560000
 564 0.580000
 565 0.530000
 566 1.800000
 567 1.810000
 568 1.810000
 569 1.800000
 570 1.820000
 571 1.820000
 572 1.820000
 573 1.850000
 574 1.820000
 575 1.870000
 576 1.870000
 577 1.870000
 578 1.870000
 579 1.900000
 580 1.900000
 581 1.900000
 582 1.920000
 583 1.920000
 584 1.920000
 585 1.950000
 586 1.950000
 587 1.950000
 588 1.970000
 589 2.000000
 590 2.000000
 591 2.020000
 592 2.020000
 593 2.050000
 594 2.080000
 595 2.080000
 596 2.100000
 597 2.100000
 598 2.150000
 599 2.150000
 600 2.180000
 601 2.180000
 602 2.200000
 603 2.200000
 604 2.230000
 605 2.230000
 606 2.230000
 607 2.230000
 608 2.280000
 609 0.790000
 610 0.860000
 611 0.830000
 612 0.800000
 613 0.800000
 614 0.810000
 615 0.800000
 616 0.810000
 617 0.790000
 618 0.790000
 619 0.790000
 620 0.810000
 621 0.790000
 622 0.790000
 623 0.750000
 624 0.780000
 625 0.780000
 626 0.780000
 627 0.780000
 628 0.780000
 629 0.780000
 630 0.780000
 631 0.780000
 632 0.800000
 633 0.830000
 634 0.800000
 635 0.830000
 636 0.830000
 637 0.820000
 638 0.840000
 639 0.820000
 640 1.610000
 641 1.610000
 642 1.630000
 643 1.660000
 644 1.660000
 645 1.680000
 646 1.680000
 647 1.710000
 648 1.710000
 649 1.730000
 650 1.760000
 651 1.780000
 652 1.780000
 653 1.810000
 654 1.830000
 655 1.860000
 656 1.860000
 657 1.880000
 658 1.910000
 659 1.930000
 660 1.930000
 661 1.960000
 662 1.970000
 663 2.010000
 664 3.390000
 665 3.390000
 666 3.370000
 667 3.340000
 668 3.340000
 669 3.340000
 670 3.320000
 671 3.290000
 672 3.300000
 673 3.270000
 674 3.240000
 675 3.270000
 676 3.260000
 677 3.250000
 678 3.250000
 679 3.240000
 680 3.240000
 681 3.240000
 682 3.240000
 683 3.250000
 684 3.240000
 685 3.270000
 686 3.240000
 687 3.280000
 688 3.300000
 689 3.300000
 690 3.300000
 691 3.310000
 692 3.320000
 693 3.320000
 694 3.340000
 695 3.320000
 696 3.340000
 697 3.370000
 698 3.370000
 699 3.370000
 700 3.390000
 701 3.410000
 702 3.420000
 703 3.420000
 704 3.440000
 705 3.430000
 706 3.460000
 707 3.430000
 708 2.930000
 709 2.920000
 710 3.380000
 711 3.540000
 712 3.590000
 713 3.590000
 714 3.610000
 715 3.610000
 716 3.630000
 717 3.650000
 718 3.680000
 719 3.710000
 720 3.710000
 721 3.730000
 722 3.770000
 723 3.770000
 724 3.780000
 725 3.780000
 726 3.760000
 727 3.780000
 728 3.780000
 729 3.810000
 730 3.810000
 731 3.830000
 732 3.830000
 733 3.810000
 734 3.880000
 735 3.880000
 736 3.890000
 737 3.930000
 738 3.930000
 739 3.980000
 740 3.960000
 741 3.390000
 742 3.360000
 743 2.940000
 744 2.960000
 745 1.560000
 746 1.550000
 747 1.540000
 748 1.540000
 749 1.540000
 750 1.540000
 751 1.540000
 752 1.540000
 753 1.540000
 754 1.540000
 755 1.540000
 756 1.520000
 757 1.510000
 758 4.080000
 759 4.080000
 760 4.080000
 0 3.160000
 1 3.140000
 2 3.110000
 3 2.970000
 4 3.110000
 5 3.110000
 6 3.000000
 7 3.030000
 8 3.050000
 9 3.040000
 10 3.070000
 11 3.190000
 12 3.160000
 13 3.050000
 14 3.160000
 15 3.160000
 16 3.050000
 17 3.040000
 18 3.030000
 19 3.140000
 20 3.140000
 21 3.030000
 22 3.160000
 23 3.140000
 24 3.160000
 25 3.020000
 26 3.020000
 27 3.000000
 28 2.980000
 29 3.020000
 30 3.000000
 31 3.110000
 32 2.970000
 33 3.140000
 34 3.110000
 35 2.980000
 36 2.880000
 37 2.710000
 38 2.330000
 39 2.150000
 40 2.170000
 41 2.140000
 42 2.150000
 43 2.130000
 44 2.140000
 45 2.140000
 46 2.130000
 47 2.150000
 48 2.150000
 49 2.150000
 50 2.150000
 51 2.150000
 52 2.250000
 53 2.260000
 54 2.240000
 55 2.200000
 56 2.190000
 57 2.190000
 58 2.190000
 59 2.190000
 60 2.200000
 61 2.200000
 62 2.220000
 63 2.200000
 64 2.180000
 65 2.190000
 66 2.170000
 67 2.190000
 68 2.200000
 69 2.220000
 70 2.230000
 71 2.240000
 72 2.210000
 73 2.210000
 74 2.210000
 75 2.210000
 76 2.260000
 77 2.330000
 78 2.190000
 79 2.170000
 80 2.180000
 81 2.170000
 82 2.200000
 83 2.210000
 84 2.250000
 85 2.250000
 86 2.240000
 87 2.250000
 88 2.230000
 89 2.240000
 90 2.260000
 91 2.270000
 92 2.270000
 93 2.250000
 94 2.260000
 95 2.260000
 96 2.240000
 97 2.240000
 98 2.240000
 99 2.240000
 100 2.240000
 101 2.280000
 102 2.280000
 103 2.300000
 104 2.280000
 105 2.320000
 106 2.290000
 107 2.290000
 108 2.310000
 109 2.300000
 110 2.300000
 111 2.330000
 112 2.310000
 113 2.340000
 114 2.320000
 115 2.340000
 116 2.310000
 117 2.330000
 118 2.330000
 119 2.350000
 120 2.470000
 121 2.390000
 122 2.350000
 123 2.340000
 124 2.320000
 125 2.310000
 126 2.330000
 127 2.370000
 128 2.390000
 129 2.420000
 130 2.390000
 131 2.410000
 132 2.420000
 133 2.410000
 134 2.430000
 135 2.410000
 136 2.390000
 137 2.390000
 138 2.390000
 139 2.370000
 140 2.390000
 141 2.390000
 142 2.430000
 143 2.420000
 144 2.440000
 145 2.480000
 146 3.590000
 147 3.570000
 148 3.630000
 149 3.500000
 150 3.580000
 151 3.620000
 152 3.590000
 153 3.590000
 154 3.470000
 155 3.450000
 156 3.410000
 157 3.420000
 158 3.430000
 159 3.400000
 160 3.420000
 161 3.420000
 162 3.420000
 163 3.450000
 164 3.430000
 165 3.440000
 166 3.430000
 167 3.480000
 168 3.520000
 169 3.650000
 170 3.730000
 171 3.710000
 172 3.700000
 173 3.750000
 174 3.780000
 175 3.810000
 176 3.800000
 177 3.820000
 178 3.860000
 179 3.840000
 180 3.860000
 181 3.890000
 182 3.890000
 183 3.890000
 184 3.930000
 185 3.900000
 186 3.950000
 187 3.940000
 188 3.930000
 189 3.930000
 190 3.960000
 191 3.980000
 192 3.990000
 193 3.990000
 194 3.990000
 195 4.030000
 196 4.090000
 197 4.000000
 198 4.080000
 199 4.140000
 200 4.120000
 201 4.160000
 202 4.100000
 203 4.100000
 204 4.100000
 205 4.120000
 206 4.130000
 207 4.130000
 208 4.150000
 209 4.150000
 210 4.180000
 211 4.150000
 212 4.230000
 213 4.230000
 214 4.230000
 215 4.250000
 216 4.250000
 217 4.300000
 218 4.320000
 219 4.330000
 220 4.320000
 221 4.330000
 222 4.350000
 223 4.380000
 224 4.490000
 225 4.400000
 226 4.430000
 227 4.220000
 228 4.180000
 229 4.500000
 230 4.500000
 231 4.500000
 232 4.550000
 233 4.580000
 234 4.580000
 235 4.710000
 236 4.730000
 237 4.740000
 238 4.760000
 239 4.760000
 240 4.700000
 241 4.730000
 242 4.750000
 243 4.780000
 244 4.800000
 245 4.930000
 246 4.940000
 247 5.020000
 248 4.900000
 249 5.040000
 250 4.980000
 251 4.990000
 252 4.980000
 253 4.930000
 254 4.930000
 255 4.930000
 256 4.910000
 257 4.880000
 258 4.880000
 259 4.850000
 260 4.810000
 261 4.770000
 262 4.770000
 263 4.650000
 264 4.680000
 265 4.660000
 266 5.400000
 267 5.370000
 268 5.370000
 269 5.350000
 270 5.320000
 271 5.320000
 272 5.320000
 273 5.270000
 274 4.650000
 275 4.630000
 276 4.640000
 277 5.230000
 278 5.250000
 279 5.200000
 280 5.200000
 281 5.200000
 282 5.190000
 283 5.220000
 284 5.220000
 285 5.250000
 286 5.100000
 287 5.120000
 288 5.190000
 289 5.220000
 290 5.200000
 291 5.200000
 292 5.200000
 293 5.170000
 294 5.200000
 295 5.150000
 296 5.150000
 297 5.150000
 298 5.120000
 299 4.470000
 300 4.380000
 301 4.380000
 302 4.410000
 303 5.100000
 304 5.100000
 305 5.070000
 306 5.070000
 307 5.070000
 308 5.050000
 309 4.920000
 310 4.880000
 311 4.910000
 312 5.020000
 313 5.000000
 314 5.020000
 315 4.970000
 316 4.970000
 317 4.970000
 318 4.970000
 319 4.950000
 320 4.920000
 321 4.940000
 322 4.950000
 323 4.950000
 324 4.920000
 325 4.910000
 326 4.920000
 327 4.900000
 328 4.900000
 329 4.900000
 330 4.900000
 331 4.870000
 332 4.900000
 333 4.870000
 334 4.880000
 335 4.870000
 336 4.870000
 337 4.850000
 338 4.850000
 339 4.850000
 340 4.850000
 341 4.850000
 342 4.820000
 343 4.850000
 344 4.820000
 345 4.820000
 346 4.820000
 347 4.110000
 348 4.790000
 349 4.790000
 350 4.060000
 351 4.080000
 352 0.370000
 353 0.460000
 354 0.410000
 355 0.430000
 356 0.400000
 357 0.400000
 358 0.430000
 359 0.430000
 360 0.430000
 361 0.430000
 362 0.430000
 363 0.430000
 364 0.400000
 365 0.400000
 366 0.400000
 367 0.430000
 368 0.400000
 369 0.400000
 370 0.430000
 371 0.400000
 372 0.400000
 373 0.400000
 374 0.400000
 375 0.430000
 376 0.430000
 377 0.400000
 378 0.400000
 379 0.430000
 380 0.400000
 381 0.400000
 382 0.400000
 383 0.430000
 384 0.430000
 385 0.430000
 386 0.400000
 387 0.430000
 388 0.400000
 389 0.400000
 390 0.400000
 391 0.430000
 392 0.400000
 393 0.430000
 394 0.440000
 395 0.460000
 396 0.500000
 397 0.470000
 398 4.730000
 399 4.680000
 400 4.600000
 401 4.600000
 402 4.630000
 403 4.610000
 404 4.600000
 405 4.580000
 406 4.580000
 407 4.430000
 408 4.230000
 409 4.230000
 410 4.300000
 411 4.380000
 412 4.440000
 413 4.330000
 414 4.260000
 415 4.260000
 416 4.320000
 417 4.430000
 418 4.390000
 419 4.340000
 420 4.280000
 421 4.270000
 422 4.320000
 423 4.310000
 424 4.330000
 425 4.310000
 426 4.300000
 427 4.050000
 428 3.900000
 429 3.710000
 430 3.690000
 431 3.640000
 432 3.640000
 433 3.640000
 434 3.640000
 435 3.610000
 436 1.640000
 437 1.580000
 438 1.580000
 439 1.590000
 440 1.560000
 441 1.590000
 442 1.560000
 443 1.560000
 444 1.560000
 445 1.590000
 446 1.590000
 447 1.590000
 448 1.560000
 449 1.670000
 450 3.580000
 451 3.570000
 452 3.570000
 453 3.590000
 454 3.610000
 455 3.590000
 456 3.610000
 457 1.160000
 458 1.080000
 459 1.060000
 460 1.060000
 461 1.020000
 462 1.040000
 463 1.040000
 464 1.010000
 465 1.010000
 466 1.040000
 467 1.040000
 468 1.040000
 469 1.040000
 470 1.010000
 471 1.040000
 472 1.040000
 473 1.040000
 474 1.040000
 475 1.040000
 476 1.060000
 477 1.060000
 478 1.060000
 479 3.440000
 480 3.420000
 481 3.420000
 482 3.420000
 483 1.730000
 484 1.720000
 485 1.700000
 486 1.680000
 487 1.660000
 488 1.660000
 489 1.690000
 490 1.690000
 491 1.690000
 492 1.690000
 493 1.690000
 494 1.710000
 495 1.690000
 496 1.700000
 497 3.160000
 498 3.120000
 499 3.130000
 500 3.110000
 501 3.110000
 502 3.110000
 503 3.080000
 504 3.070000
 505 3.080000
 506 3.040000
 507 3.050000
 508 3.070000
 509 3.070000
 510 3.070000
 511 3.070000
 512 3.070000
 513 3.070000
 514 3.070000
 515 3.090000
 516 3.120000
 517 3.120000
 518 3.120000
 519 3.160000
 520 0.560000
 521 0.570000
 522 0.550000
 523 0.560000
 524 0.560000
 525 0.560000
 526 0.530000
 527 0.560000
 528 0.530000
 529 0.530000
 530 0.530000
 531 0.530000
 532 0.530000
 533 0.530000
 534 0.510000
 535 0.510000
 536 0.510000
 537 0.510000
 538 0.510000
 539 0.500000
 540 0.520000
 541 0.500000
 542 0.500000
 543 0.520000
 544 0.520000
 545 0.520000
 546 0.520000
 547 0.500000
 548 0.520000
 549 0.520000
 550 0.520000
 551 0.520000
 552 0.550000
 553 0.520000
 554 0.550000
 555 0.550000
 556 0.550000
 557 0.550000
 558 0.550000
 559 0.550000
 560 0.550000
 561 0.550000
 562 0.550000
 563 0.560000
 564 0.580000
 565 0.530000
 566 1.780000
 567 1.780000
 568 1.790000
 569 1.820000
 570 1.820000
 571 1.820000
 572 1.820000
 573 1.850000
 574 1.850000
 575 1.850000
 576 1.870000
 577 1.870000
 578 1.900000
 579 1.900000
 580 1.900000
 581 1.900000
 582 1.900000
 583 1.920000
 584 1.950000
 585 1.970000
 586 1.950000
 587 1.970000
 588 2.000000
 589 2.020000
 590 2.000000
 591 2.020000
 592 2.020000
 593 2.050000
 594 2.080000
 595 2.080000
 596 2.100000
 597 2.130000
 598 2.130000
 599 2.150000
 600 2.180000
 601 2.180000
 602 2.200000
 603 2.200000
 604 2.230000
 605 2.230000
 606 2.250000
 607 2.250000
 608 2.280000
 609 0.800000
 610 0.860000
 611 0.800000
 612 0.800000
 613 0.800000
 614 0.790000
 615 0.780000
 616 0.800000
 617 0.790000
 618 0.790000
 619 0.790000
 620 0.790000
 621 0.780000
 622 0.790000
 623 0.780000
 624 0.750000
 625 0.780000
 626 0.780000
 627 0.780000
 628 0.780000
 629 0.780000
 630 0.780000
 631 0.800000
 632 0.800000
 633 0.800000
 634 0.830000
 635 0.800000
 636 0.830000
 637 0.820000
 638 0.860000
 639 0.820000
 640 1.610000
 641 1.610000
 642 1.630000
 643 1.630000
 644 1.660000
 645 1.680000
 646 1.680000
 647 1.710000
 648 1.730000
 649 1.760000
 650 1.730000
 651 1.780000
 652 1.780000
 653 1.810000
 654 1.810000
 655 1.860000
 656 1.860000
 657 1.880000
 658 1.910000
 659 1.910000
 660 1.930000
 661 1.960000
 662 2.010000
 663 2.010000
 664 3.390000
 665 3.390000
 666 3.390000
 667 3.370000
 668 3.350000
 669 3.320000
 670 3.320000
 671 3.320000
 672 3.300000
 673 3.270000
 674 3.270000
 675 3.240000
 676 3.260000
 677 3.250000
 678 3.280000
 679 3.240000
 680 3.240000
 681 3.270000
 682 3.230000
 683 3.240000
 684 3.270000
 685 3.240000
 686 3.270000
 687 3.270000
 688 3.270000
 689 3.310000
 690 3.310000
 691 3.330000
 692 3.320000
 693 3.340000
 694 3.350000
 695 3.340000
 696 3.370000
 697 3.340000
 698 3.370000
 699 3.370000
 700 3.390000
 701 3.380000
 702 3.420000
 703 3.420000
 704 3.440000
 705 3.440000
 706 3.460000
 707 3.480000
 708 2.930000
 709 2.950000
 710 3.380000
 711 3.540000
 712 3.590000
 713 3.590000
 714 3.640000
 715 3.630000
 716 3.660000
 717 3.680000
 718 3.670000
 719 3.710000
 720 3.730000
 721 3.760000
 722 3.760000
 723 3.760000
 724 3.770000
 725 3.790000
 726 3.780000
 727 3.820000
 728 3.780000
 729 3.830000
 730 3.810000
 731 3.830000
 732 3.830000
 733 3.810000
 734 3.880000
 735 3.880000
 736 3.910000
 737 3.910000
 738 3.960000
 739 3.950000
 740 3.980000
 741 3.390000
 742 3.350000
 743 2.940000
 744 2.950000
 745 1.560000
 746 1.580000
 747 1.560000
 748 1.540000
 749 1.540000
 750 1.560000
 751 1.540000
 752 1.540000
 753 1.540000
 754 1.540000
 755 1.540000
 756 1.520000
 757 1.480000
 758 4.080000
 759 4.080000
 760 4.050000
 0 3.110000
 1 3.110000
 2 3.110000
 3 3.000000
 4 3.140000
 5 3.140000
 6 3.000000
 7 3.060000
 8 3.040000
 9 3.040000
 10 3.050000
 11 3.190000
 12 3.160000
 13 3.050000
 14 3.160000
 15 3.160000
 16 3.080000
 17 3.030000
 18 3.160000
 19 3.140000
 20 3.140000
 21 3.030000
 22 3.160000
 23 3.160000
 24 3.140000
 25 3.040000
 26 3.000000
 27 3.000000
 28 2.980000
 29 3.020000
 30 3.000000
 31 3.110000
 32 3.000000
 33 3.140000
 34 3.110000
 35 3.110000
 36 2.900000
 37 2.710000
 38 2.330000
 39 2.170000
 40 2.170000
 41 2.140000
 42 2.150000
 43 2.130000
 44 2.140000
 45 2.160000
 46 2.150000
 47 2.150000
 48 2.150000
 49 2.150000
 50 2.150000
 51 2.170000
 52 2.220000
 53 2.290000
 54 2.240000
 55 2.200000
 56 2.190000
 57 2.190000
 58 2.190000
 59 2.190000
 60 2.200000
 61 2.200000
 62 2.190000
 63 2.200000
 64 2.200000
 65 2.190000
 66 2.190000
 67 2.190000
 68 2.210000
 69 2.220000
 70 2.200000
 71 2.190000
 72 2.210000
 73 2.240000
 74 2.230000
 75 2.200000
 76 2.260000
 77 2.330000
 78 2.210000
 79 2.190000
 80 2.200000
 81 2.170000
 82 2.200000
 83 2.240000
 84 2.230000
 85 2.250000
 86 2.240000
 87 2.260000
 88 2.250000
 89 2.240000
 90 2.240000
 91 2.270000
 92 2.270000
 93 2.280000
 94 2.260000
 95 2.240000
 96 2.240000
 97 2.240000
 98 2.240000
 99 2.240000
 100 2.260000
 101 2.280000
 102 2.280000
 103 2.280000
 104 2.300000
 105 2.290000
 106 2.290000
 107 2.290000
 108 2.310000
 109 2.300000
 110 2.300000
 111 2.300000
 112 2.340000
 113 2.320000
 114 2.320000
 115 2.340000
 116 2.340000
 117 2.330000
 118 2.330000
 119 2.350000
 120 2.470000
 121 2.360000
 122 2.350000
 123 2.310000
 124 2.320000
 125 2.340000
 126 2.350000
 127 2.390000
 128 2.390000
 129 2.390000
 130 2.390000
 131 2.410000
 132 2.420000
 133 2.390000
 134 2.420000
 135 2.410000
 136 2.410000
 137 2.390000
 138 2.390000
 139 2.390000
 140 2.390000
 141 2.410000
 142 2.430000
 143 2.420000
 144 2.440000
 145 2.480000
 146 3.590000
 147 3.570000
 148 3.600000
 149 3.500000
 150 3.580000
 151 3.600000
 152 3.590000
 153 3.560000
 154 3.480000
 155 3.450000
 156 3.400000
 157 3.420000
 158 3.430000
 159 3.410000
 160 3.410000
 161 3.430000
 162 3.440000
 163 3.450000
 164 3.430000
 165 3.430000
 166 3.450000
 167 3.480000
 168 3.520000
 169 3.650000
 170 3.710000
 171 3.690000
 172 3.700000
 173 3.780000
 174 3.780000
 175 3.810000
 176 3.780000
 177 3.830000
 178 3.830000
 179 3.860000
 180 3.890000
 181 3.870000
 182 3.890000
 183 3.900000
 184 3.900000
 185 3.900000
 186 3.950000
 187 3.970000
 188 3.950000
 189 3.940000
 190 3.950000
 191 3.980000
 192 3.990000
 193 3.990000
 194 4.020000
 195 4.020000
 196 4.090000
 197 4.000000
 198 4.080000
 199 4.130000
 200 4.140000
 201 4.160000
 202 4.080000
 203 4.080000
 204 4.100000
 205 4.120000
 206 4.130000
 207 4.130000
 208 4.260000
 209 4.150000
 210 4.180000
 211 4.150000
 212 4.230000
 213 4.200000
 214 4.230000
 215 4.250000
 216 4.270000
 217 4.280000
 218 4.300000
 219 4.350000
 220 4.320000
 221 4.330000
 222 4.380000
 223 4.380000
 224 4.510000
 225 4.400000
 226 4.450000
 227 4.130000
 228 4.210000
 229 4.500000
 230 4.500000
 231 4.530000
 232 4.550000
 233 4.550000
 234 4.580000
 235 4.740000
 236 4.740000
 237 4.760000
 238 4.760000
 239 4.760000
 240 4.700000
 241 4.730000
 242 4.750000
 243 4.780000
 244 4.800000
 245 4.930000
 246 4.930000
 247 4.990000
 248 4.880000
 249 5.010000
 250 4.980000
 251 4.990000
 252 4.980000
 253 4.960000
 254 4.960000
 255 4.930000
 256 4.910000
 257 4.910000
 258 4.880000
 259 4.840000
 260 4.810000
 261 4.770000
 262 4.770000
 263 4.680000
 264 4.680000
 265 4.660000
 266 5.340000
 267 5.370000
 268 5.370000
 269 5.350000
 270 5.320000
 271 5.320000
 272 5.300000
 273 5.300000
 274 4.630000
 275 4.630000
 276 4.640000
 277 5.200000
 278 5.220000
 279 5.250000
 280 5.230000
 281 5.200000
 282 5.210000
 283 5.230000
 284 5.220000
 285 5.250000
 286 5.130000
 287 5.100000
 288 5.210000
 289 5.220000
 290 5.200000
 291 5.200000
 292 5.190000
 293 5.200000
 294 5.170000
 295 5.150000
 296 5.150000
 297 5.150000
 298 5.150000
 299 4.470000
 300 4.380000
 301 4.380000
 302 4.440000
 303 5.070000
 304 5.070000
 305 5.060000
 306 5.070000
 307 5.050000
 308 5.050000
 309 4.920000
 310 4.900000
 311 4.910000
 312 5.000000
 313 5.020000
 314 5.020000
 315 5.000000
 316 4.990000
 317 5.000000
 318 4.970000
 319 4.950000
 320 4.950000
 321 4.940000
 322 4.950000
 323 4.950000
 324 4.920000
 325 4.920000
 326 4.920000
 327 4.900000
 328 4.900000
 329 4.900000
 330 4.900000
 331 4.870000
 332 4.870000
 333 4.870000
 334 4.870000
 335 4.870000
 336 4.850000
 337 4.850000
 338 4.850000
 339 4.850000
 340 4.850000
 341 4.850000
 342 4.850000
 343 4.820000
 344 4.820000
 345 4.820000
 346 4.820000
 347 4.080000
 348 4.810000
 349 4.810000
 350 4.060000
 351 4.080000
 352 0.360000
 353 0.450000
 354 0.410000
 355 0.400000
 356 0.430000
 357 0.400000
 358 0.400000
 359 0.430000
 360 0.400000
 361 0.430000
 362 0.430000
 363 0.400000
 364 0.400000
 365 0.400000
 366 0.400000
 367 0.430000
 368 0.400000
 369 0.430000
 370 0.400000
 371 0.400000
 372 0.400000
 373 0.400000
 374 0.430000
 375 0.400000
 376 0.400000
 377 0.400000
 378 0.400000
 379 0.400000
 380 0.430000
 381 0.430000
 382 0.400000
 383 0.400000
 384 0.400000
 385 0.400000
 386 0.400000
 387 0.430000
 388 0.400000
 389 0.400000
 390 0.400000
 391 0.400000
 392 0.400000
 393 0.430000
 394 0.410000
 395 0.470000
 396 0.500000
 397 0.440000
 398 4.700000
 399 4.650000
 400 4.600000
 401 4.600000
 402 4.630000
 403 4.610000
 404 4.610000
 405 4.580000
 406 4.590000
 407 4.430000
 408 4.230000
 409 4.230000
 410 4.380000
 411 4.410000
 412 4.430000
 413 4.330000
 414 4.230000
 415 4.230000
 416 4.330000
 417 4.430000
 418 4.420000
 419 4.360000
 420 4.260000
 421 4.260000
 422 4.310000
 423 4.330000
 424 4.310000
 425 4.310000
 426 4.280000
 427 4.050000
 428 3.870000
 429 3.770000
 430 3.710000
 431 3.660000
 432 3.670000
 433 3.640000
 434 3.640000
 435 3.610000
 436 1.640000
 437 1.610000
 438 1.580000
 439 1.560000
 440 1.560000
 441 1.560000
 442 1.590000
 443 1.590000
 444 1.560000
 445 1.590000
 446 1.560000
 447 1.560000
 448 1.590000
 449 1.670000
 450 3.570000
 451 3.570000
 452 3.580000
 453 3.570000
 454 3.580000
 455 3.590000
 456 3.580000
 457 1.180000
 458 1.060000
 459 1.060000
 460 1.030000
 461 1.020000
 462 1.000000
 463 1.010000
 464 1.010000
 465 1.040000
 466 1.040000
 467 1.040000
 468 1.010000
 469 1.010000
 470 1.010000
 471 1.010000
 472 1.040000
 473 1.010000
 474 1.040000
 475 1.040000
 476 1.040000
 477 1.040000
 478 1.080000
 479 3.440000
 480 3.430000
 481 3.430000
 482 3.420000
 483 1.730000
 484 1.720000
 485 1.670000
 486 1.680000
 487 1.660000
 488 1.690000
 489 1.660000
 490 1.690000
 491 1.690000
 492 1.690000
 493 1.690000
 494 1.690000
 495 1.710000
 496 1.730000
 497 3.160000
 498 3.100000
 499 3.130000
 500 3.110000
 501 3.080000
 502 3.110000
 503 3.080000
 504 3.070000
 505 3.060000
 506 3.040000
 507 3.070000
 508 3.080000
 509 3.040000
 510 3.070000
 511 3.050000
 512 3.050000
 513 3.070000
 514 3.040000
 515 3.090000
 516 3.090000
 517 3.120000
 518 3.140000
 519 3.160000
 520 0.530000
 521 0.570000
 522 0.550000
 523 0.560000
 524 0.560000
 525 0.560000
 526 0.560000
 527 0.530000
 528 0.530000
 529 0.530000
 530 0.530000
 531 0.530000
 532 0.530000
 533 0.510000
 534 0.510000
 535 0.510000
 536 0.510000
 537 0.510000
 538 0.510000
 539 0.520000
 540 0.500000
 541 0.500000
 542 0.520000
 543 0.500000
 544 0.500000
 545 0.500000
 546 0.520000
 547 0.520000
 548 0.520000
 549 0.520000
 550 0.520000
 551 0.520000
 552 0.520000
 553 0.550000
 554 0.550000
 555 0.520000
 556 0.550000
 557 0.550000
 558 0.550000
 559 0.550000
 560 0.550000
 561 0.550000
 562 0.550000
 563 0.560000
 564 0.580000
 565 0.590000
 566 1.800000
 567 1.800000
 568 1.790000
 569 1.820000
 570 1.820000
 571 1.820000
 572 1.820000
 573 1.850000
 574 1.850000
 575 1.850000
 576 1.870000
 577 1.870000
 578 1.870000
 579 1.900000
 580 1.900000
 581 1.920000
 582 1.920000
 583 1.920000
 584 1.950000
 585 1.970000
 586 1.950000
 587 2.000000
 588 1.970000
 589 2.000000
 590 2.000000
 591 2.020000
 592 2.020000
 593 2.050000
 594 2.080000
 595 2.080000
 596 2.100000
 597 2.100000
 598 2.130000
 599 2.150000
 600 2.180000
 601 2.180000
 602 2.200000
 603 2.200000
 604 2.200000
 605 2.230000
 606 2.230000
 607 2.250000
 608 2.250000
 609 0.820000
 610 0.860000
 611 0.800000
 612 0.800000
 613 0.800000
 614 0.790000
 615 0.800000
 616 0.780000
 617 0.790000
 618 0.810000
 619 0.790000
 620 0.790000
 621 0.750000
 622 0.790000
 623 0.780000
 624 0.780000
 625 0.780000
 626 0.780000
 627 0.780000
 628 0.750000
 629 0.800000
 630 0.780000
 631 0.800000
 632 0.800000
 633 0.800000
 634 0.800000
 635 0.800000
 636 0.800000
 637 0.820000
 638 0.860000
 639 0.820000
 640 1.610000
 641 1.610000
 642 1.640000
 643 1.660000
 644 1.680000
 645 1.660000
 646 1.680000
 647 1.710000
 648 1.730000
 649 1.760000
 650 1.760000
 651 1.780000
 652 1.810000
 653 1.810000
 654 1.830000
 655 1.830000
 656 1.860000
 657 1.860000
 658 1.880000
 659 1.930000
 660 1.930000
 661 1.970000
 662 1.980000
 663 2.010000
 664 3.390000
 665 3.370000
 666 3.390000
 667 3.370000
 668 3.340000
 669 3.340000
 670 3.320000
 671 3.290000
 672 3.300000
 673 3.300000
 674 3.290000
 675 3.270000
 676 3.220000
 677 3.260000
 678 3.240000
 679 3.240000
 680 3.240000
 681 3.240000
 682 3.240000
 683 3.270000
 684 3.240000
 685 3.270000
 686 3.250000
 687 3.310000
 688 3.290000
 689 3.320000
 690 3.300000
 691 3.310000
 692 3.350000
 693 3.320000
 694 3.320000
 695 3.350000
 696 3.340000
 697 3.370000
 698 3.370000
 699 3.370000
 700 3.370000
 701 3.420000
 702 3.420000
 703 3.410000
 704 3.440000
 705 3.440000
 706 3.460000
 707 3.460000
 708 2.900000
 709 2.920000
 710 3.330000
 711 3.520000
 712 3.580000
 713 3.590000
 714 3.610000
 715 3.630000
 716 3.630000
 717 3.660000
 718 3.680000
 719 3.710000
 720 3.710000
 721 3.740000
 722 3.760000
 723 3.760000
 724 3.760000
 725 3.760000
 726 3.790000
 727 3.820000
 728 3.810000
 729 3.820000
 730 3.810000
 731 3.830000
 732 3.830000
 733 3.830000
 734 3.880000
 735 3.880000
 736 3.910000
 737 3.920000
 738 3.960000
 739 3.950000
 740 3.960000
 741 3.410000
 742 3.370000
 743 2.940000
 744 2.950000
 745 1.550000
 746 1.550000
 747 1.560000
 748 1.560000
 749 1.560000
 750 1.540000
 751 1.540000
 752 1.540000
 753 1.560000
 754 1.510000
 755 1.540000
 756 1.520000
 757 1.480000
 758 4.080000
 759 4.060000
 760 4.060000