
 0 2.980000
 1 3.160000
 2 3.130000
 3 3.130000
 4 3.000000
 5 3.130000
 6 3.130000
 7 3.050000
 8 3.080000
 9 3.180000
 10 3.040000
 11 3.040000
 12 3.180000
 13 3.130000
 14 3.070000
 15 3.050000
 16 3.050000
 17 3.180000
 18 3.180000
 19 3.160000
 20 3.130000
 21 3.160000
 22 3.130000
 23 3.000000
 24 3.000000
 25 3.030000
 26 3.040000
 27 3.000000
 28 3.030000
 29 3.000000
 30 2.980000
 31 3.130000
 32 3.080000
 33 2.950000
 34 3.110000
 35 3.080000
 36 2.880000
 37 2.720000
 38 2.330000
 39 2.170000
 40 2.160000
 41 2.140000
 42 2.140000
 43 2.150000
 44 2.160000
 45 2.130000
 46 2.140000
 47 2.140000
 48 2.140000
 49 2.140000
 50 2.140000
 51 2.170000
 52 2.230000
 53 2.260000
 54 2.230000
 55 2.180000
 56 2.160000
 57 2.180000
 58 2.180000
 59 2.210000
 60 2.230000
 61 2.200000
 62 2.220000
 63 2.210000
 64 2.180000
 65 2.180000
 66 2.190000
 67 2.180000
 68 2.210000
 69 2.190000
 70 2.230000
 71 2.220000
 72 2.210000
 73 2.180000
 74 2.210000
 75 2.200000
 76 2.260000
 77 2.320000
 78 2.210000
 79 2.190000
 80 2.170000
 81 2.170000
 82 2.200000
 83 2.210000
 84 2.250000
 85 2.250000
 86 2.230000
 87 2.230000
 88 2.230000
 89 2.230000
 90 2.260000
 91 2.270000
 92 2.270000
 93 2.280000
 94 2.230000
 95 2.260000
 96 2.230000
 97 2.230000
 98 2.220000
 99 2.240000
 100 2.210000
 101 2.280000
 102 2.280000
 103 2.280000
 104 2.300000
 105 2.290000
 106 2.290000
 107 2.290000
 108 2.280000
 109 2.300000
 110 2.300000
 111 2.300000
 112 2.310000
 113 2.320000
 114 2.320000
 115 2.340000
 116 2.330000
 117 2.330000
 118 2.330000
 119 2.340000
 120 2.470000
 121 2.390000
 122 2.340000
 123 2.310000
 124 2.290000
 125 2.310000
 126 2.350000
 127 2.370000
 128 2.370000
 129 2.420000
 130 2.410000
 131 2.410000
 132 2.420000
 133 2.380000
 134 2.420000
 135 2.410000
 136 2.380000
 137 2.410000
 138 2.380000
 139 2.370000
 140 2.380000
 141 2.410000
 142 2.430000
 143 2.420000
 144 2.410000
 145 2.490000
 146 3.560000
 147 3.570000
 148 3.630000
 149 3.520000
 150 3.630000
 151 3.560000
 152 3.550000
 153 3.550000
 154 3.500000
 155 3.420000
 156 3.420000
 157 3.410000
 158 3.420000
 159 3.400000
 160 3.420000
 161 3.410000
 162 3.410000
 163 3.440000
 164 3.430000
 165 3.460000
 166 3.480000
 167 3.480000
 168 3.520000
 169 3.630000
 170 3.750000
 171 3.710000
 172 3.720000
 173 3.750000
 174 3.760000
 175 3.780000
 176 3.810000
 177 3.820000
 178 3.860000
 179 3.850000
 180 3.860000
 181 3.880000
 182 3.890000
 183 3.880000
 184 3.900000
 185 3.890000
 186 3.930000
 187 3.930000
 188 3.930000
 189 3.950000
 190 3.930000
 191 3.980000
 192 3.980000
 193 3.960000
 194 4.000000
 195 4.030000
 196 3.980000
 197 4.110000
 198 4.080000
 199 4.130000
 200 4.120000
 201 4.180000
 202 4.080000
 203 4.080000
 204 4.100000
 205 4.100000
 206 4.130000
 207 4.150000
 208 4.150000
 209 4.180000
 210 4.180000
 211 4.200000
 212 4.230000
 213 4.250000
 214 4.220000
 215 4.280000
 216 4.300000
 217 4.300000
 218 4.270000
 219 4.350000
 220 4.330000
 221 4.350000
 222 4.380000
 223 4.380000
 224 4.480000
 225 4.430000
 226 4.450000
 227 4.260000
 228 4.180000
 229 4.500000
 230 4.500000
 231 4.530000
 232 2.860000
 233 2.830000
 234 2.840000
 235 2.840000
 236 2.830000
 237 2.810000
 238 2.830000
 239 2.880000
 240 2.930000
 241 3.410000
 242 3.380000
 243 3.380000
 244 3.380000
 245 3.380000
 246 3.380000
 247 3.460000
 248 3.930000
 249 3.950000
 250 3.930000
 251 3.930000
 252 3.900000
 253 3.960000
 254 4.950000
 255 4.930000
 256 4.940000
 257 4.900000
 258 4.780000
 259 4.730000
 260 4.700000
 261 2.870000
 262 2.780000
 263 2.760000
 264 2.760000
 265 2.760000
 266 2.760000
 267 2.780000
 268 2.830000
 269 3.310000
 270 3.310000
 271 3.350000
 272 3.580000
 273 3.880000
 274 3.980000
 275 4.610000
 276 4.580000
 277 4.610000
 278 4.560000
 279 4.590000
 280 4.560000
 281 4.570000
 282 4.530000
 283 4.530000
 284 4.490000
 285 4.490000
 286 4.470000
 287 4.490000
 288 3.920000
 289 3.890000
 290 3.380000
 291 2.810000
 292 2.760000
 293 2.760000
 294 2.770000
 295 2.750000
 296 2.780000
 297 2.750000
 298 4.420000
 299 4.380000
 300 4.380000
 301 4.380000
 302 4.400000
 303 4.400000
 304 4.280000
 305 4.350000
 306 4.350000
 307 4.380000
 308 4.390000
 309 4.230000
 310 4.230000
 311 4.250000
 312 4.220000
 313 4.230000
 314 4.200000
 315 4.200000
 316 4.200000
 317 4.220000
 318 4.220000
 319 4.170000
 320 4.170000
 321 4.200000
 322 4.180000
 323 4.150000
 324 4.150000
 325 4.170000
 326 4.170000
 327 4.150000
 328 4.170000
 329 4.150000
 330 4.150000
 331 4.130000
 332 4.240000
 333 4.260000
 334 4.100000
 335 4.260000
 336 4.250000
 337 4.220000
 338 4.200000
 339 4.200000
 340 4.200000
 341 4.180000
 342 4.180000
 343 4.230000
 344 4.180000
 345 4.230000
 346 4.200000
 347 4.170000
 348 4.170000
 349 4.150000
 350 4.110000
 351 4.090000
 352 4.090000
 353 4.080000
 354 4.110000
 355 4.090000
 356 4.090000
 357 4.090000
 358 4.080000
 359 4.090000
 360 4.090000
 361 4.050000
 362 4.080000
 363 4.050000
 364 4.110000
 365 4.090000
 366 4.100000
 367 4.100000
 368 4.030000
 369 4.280000
 370 5.020000
 371 4.990000
 372 5.020000
 373 5.000000
 374 5.030000
 375 5.000000
 376 5.000000
 377 5.030000
 378 5.010000
 379 4.960000
 380 4.990000
 381 4.970000
 382 4.990000
 383 5.000000
 384 5.030000
 385 5.030000
 386 5.030000
 387 4.330000
 388 4.860000
 389 4.880000
 390 5.010000
 391 4.230000
 392 4.200000
 393 4.170000
 394 4.230000
 395 4.880000
 396 4.830000
 397 4.780000
 398 4.750000
 399 4.710000
 400 4.630000
 401 4.570000
 402 4.610000
 403 4.610000
 404 4.580000
 405 4.580000
 406 4.560000
 407 4.410000
 408 4.320000
 409 4.290000
 410 4.370000
 411 4.280000
 412 4.430000
 413 4.320000
 414 4.230000
 415 4.250000
 416 4.290000
 417 4.430000
 418 4.390000
 419 4.340000
 420 4.280000
 421 4.290000
 422 4.310000
 423 4.300000
 424 4.250000
 425 4.220000
 426 4.180000
 427 3.980000
 428 3.730000
 429 3.710000
 430 3.680000
 431 3.660000
 432 3.660000
 433 3.610000
 434 3.590000
 435 3.590000
 436 3.570000
 437 3.550000
 438 3.520000
 439 3.520000
 440 3.550000
 441 3.530000
 442 3.530000
 443 3.530000
 444 3.500000
 445 3.590000
 446 3.610000
 447 3.500000
 448 3.570000
 449 3.560000
 450 3.580000
 451 3.560000
 452 3.540000
 453 3.560000
 454 3.570000
 455 3.550000
 456 3.550000
 457 3.510000
 458 3.490000
 459 3.490000
 460 3.510000
 461 3.520000
 462 3.530000
 463 3.530000
 464 3.540000
 465 3.530000
 466 3.530000
 467 3.530000
 468 3.500000
 469 3.490000
 470 3.500000
 471 3.480000
 472 3.480000
 473 3.450000
 474 3.450000
 475 3.440000
 476 3.450000
 477 3.430000
 478 3.420000
 479 3.430000
 480 3.400000
 481 3.410000
 482 3.410000
 483 3.400000
 484 3.350000
 485 3.360000
 486 3.320000
 487 3.270000
 488 3.300000
 489 3.270000
 490 3.270000
 491 3.250000
 492 3.200000
 493 3.170000
 494 3.180000
 495 3.170000
 496 3.150000
 497 3.120000
 498 3.110000
 499 3.110000
 500 3.110000
 501 3.070000
 502 3.080000
 503 3.080000
 504 3.060000
 505 3.060000
 506 3.070000
 507 3.050000
 508 3.060000
 509 3.050000
 510 3.070000
 511 3.040000
 512 3.070000
 513 3.070000
 514 3.040000
 515 3.070000
 516 3.080000
 517 3.100000
 518 3.110000
 519 3.120000
 520 3.130000
 521 3.100000
 522 3.090000
 523 3.120000
 524 3.120000
 525 3.070000
 526 3.080000
 527 3.110000
 528 3.110000
 529 3.060000
 530 3.060000
 531 3.030000
 532 3.040000
 533 3.030000
 534 3.030000
 535 3.030000
 536 3.010000
 537 3.010000
 538 3.010000
 539 3.010000
 540 3.040000
 541 3.040000
 542 3.040000
 543 3.030000
 544 2.430000
 545 2.410000
 546 3.040000
 547 3.060000
 548 3.030000
 549 3.040000
 550 3.030000
 551 3.060000
 552 3.060000
 553 3.040000
 554 3.090000
 555 3.090000
 556 3.090000
 557 3.090000
 558 3.090000
 559 3.090000
 560 3.080000
 561 2.070000
 562 2.080000
 563 2.090000
 564 2.010000
 565 1.800000
 566 1.780000
 567 1.800000
 568 1.810000
 569 1.790000
 570 1.790000
 571 1.840000
 572 1.820000
 573 1.840000
 574 1.840000
 575 1.840000
 576 1.870000
 577 1.870000
 578 1.890000
 579 1.890000
 580 1.890000
 581 1.890000
 582 1.940000
 583 1.920000
 584 1.940000
 585 1.970000
 586 1.940000
 587 1.970000
 588 1.990000
 589 1.990000
 590 2.020000
 591 2.020000
 592 2.040000
 593 2.050000
 594 2.080000
 595 2.080000
 596 2.100000
 597 2.100000
 598 2.130000
 599 2.130000
 600 2.180000
 601 2.200000
 602 2.200000
 603 2.230000
 604 2.200000
 605 2.200000
 606 2.230000
 607 2.250000
 608 2.280000
 609 2.270000
 610 2.280000
 611 2.330000
 612 2.350000
 613 2.350000
 614 2.340000
 615 2.360000
 616 2.330000
 617 2.300000
 618 2.330000
 619 2.380000
 620 2.380000
 621 2.380000
 622 2.430000
 623 1.450000
 624 1.460000
 625 1.460000
 626 1.450000
 627 1.470000
 628 1.490000
 629 1.490000
 630 1.490000
 631 1.510000
 632 1.510000
 633 1.510000
 634 1.540000
 635 1.540000
 636 1.560000
 637 1.590000
 638 1.590000
 639 1.590000
 640 1.610000
 641 1.610000
 642 1.630000
 643 1.650000
 644 1.650000
 645 1.680000
 646 1.700000
 647 1.730000
 648 1.730000
 649 1.730000
 650 1.750000
 651 1.750000
 652 1.780000
 653 1.800000
 654 1.830000
 655 1.850000
 656 1.850000
 657 1.880000
 658 1.900000
 659 1.930000
 660 1.930000
 661 1.950000
 662 2.000000
 663 2.010000
 664 3.400000
 665 3.370000
 666 3.370000
 667 3.340000
 668 3.340000
 669 3.340000
 670 3.320000
 671 3.290000
 672 3.290000
 673 3.240000
 674 3.270000
 675 3.240000
 676 3.250000
 677 3.230000
 678 3.250000
 679 3.220000
 680 3.240000
 681 3.270000
 682 3.270000
 683 3.240000
 684 3.240000
 685 3.250000
 686 3.270000
 687 3.280000
 688 3.280000
 689 3.310000
 690 3.310000
 691 3.320000
 692 3.320000
 693 3.320000
 694 3.350000
 695 3.340000
 696 3.340000
 697 3.340000
 698 3.340000
 699 3.370000
 700 3.370000
 701 3.380000
 702 3.390000
 703 3.420000
 704 3.420000
 705 3.430000
 706 3.460000
 707 3.460000
 708 2.930000
 709 2.920000
 710 3.370000
 711 3.520000
 712 3.560000
 713 3.590000
 714 3.620000
 715 3.600000
 716 3.630000
 717 3.650000
 718 3.680000
 719 3.720000
 720 3.710000
 721 3.730000
 722 3.770000
 723 3.740000
 724 3.790000
 725 3.780000
 726 3.780000
 727 3.810000
 728 3.780000
 729 3.830000
 730 3.810000
 731 3.810000
 732 3.830000
 733 3.810000
 734 3.880000
 735 3.880000
 736 3.920000
 737 3.920000
 738 3.930000
 739 3.980000
 740 3.950000
 741 3.380000
 742 3.380000
 743 2.940000
 744 2.950000
 745 1.540000
 746 1.570000
 747 1.530000
 748 1.530000
 749 1.540000
 750 1.540000
 751 1.530000
 752 1.560000
 753 1.540000
 754 1.530000
 755 1.530000
 756 1.520000
 757 1.500000
 758 4.050000
 759 4.060000
 760 4.060000
 0 3.000000
 1 3.130000
 2 3.130000
 3 3.130000
 4 3.000000
 5 3.130000
 6 3.130000
 7 3.080000
 8 3.020000
 9 3.180000
 10 3.070000
 11 3.070000
 12 3.180000
 13 3.160000
 14 3.050000
 15 3.050000
 16 3.050000
 17 3.180000
 18 3.160000
 19 3.130000
 20 3.130000
 21 3.130000
 22 3.130000
 23 3.030000
 24 3.000000
 25 3.030000
 26 3.010000
 27 3.000000
 28 3.000000
 29 2.980000
 30 3.000000
 31 3.110000
 32 3.110000
 33 2.980000
 34 3.130000
 35 3.110000
 36 2.900000
 37 2.720000
 38 2.300000
 39 2.140000
 40 2.160000
 41 2.140000
 42 2.140000
 43 2.130000
 44 2.130000
 45 2.160000
 46 2.120000
 47 2.120000
 48 2.140000
 49 2.140000
 50 2.140000
 51 2.140000
 52 2.230000
 53 2.280000
 54 2.230000
 55 2.180000
 56 2.180000
 57 2.180000
 58 2.180000
 59 2.180000
 60 2.200000
 61 2.230000
 62 2.190000
 63 2.210000
 64 2.180000
 65 2.160000
 66 2.170000
 67 2.180000
 68 2.210000
 69 2.220000
 70 2.230000
 71 2.240000
 72 2.210000
 73 2.210000
 74 2.210000
 75 2.210000
 76 2.260000
 77 2.330000
 78 2.200000
 79 2.170000
 80 2.200000
 81 2.170000
 82 2.200000
 83 2.230000
 84 2.250000
 85 2.250000
 86 2.270000
 87 2.250000
 88 2.230000
 89 2.230000
 90 2.230000
 91 2.270000
 92 2.240000
 93 2.250000
 94 2.230000
 95 2.230000
 96 2.260000
 97 2.230000
 98 2.240000
 99 2.240000
 100 2.230000
 101 2.280000
 102 2.280000
 103 2.300000
 104 2.300000
 105 2.290000
 106 2.290000
 107 2.290000
 108 2.310000
 109 2.300000
 110 2.300000
 111 2.300000
 112 2.310000
 113 2.320000
 114 2.340000
 115 2.340000
 116 2.330000
 117 2.330000
 118 2.350000
 119 2.340000
 120 2.470000
 121 2.390000
 122 2.340000
 123 2.310000
 124 2.320000
 125 2.310000
 126 2.350000
 127 2.390000
 128 2.390000
 129 2.390000
 130 2.380000
 131 2.410000
 132 2.420000
 133 2.410000
 134 2.420000
 135 2.410000
 136 2.380000
 137 2.380000
 138 2.380000
 139 2.390000
 140 2.420000
 141 2.410000
 142 2.430000
 143 2.450000
 144 2.440000
 145 2.480000
 146 3.590000
 147 3.570000
 148 3.660000
 149 3.520000
 150 3.630000
 151 3.590000
 152 3.560000
 153 3.580000
 154 3.510000
 155 3.450000
 156 3.410000
 157 3.420000
 158 3.430000
 159 3.400000
 160 3.400000
 161 3.430000
 162 3.420000
 163 3.420000
 164 3.430000
 165 3.440000
 166 3.440000
 167 3.480000
 168 3.520000
 169 3.630000
 170 3.750000
 171 3.700000
 172 3.690000
 173 3.740000
 174 3.760000
 175 3.780000
 176 3.780000
 177 3.830000
 178 3.830000
 179 3.850000
 180 3.860000
 181 3.860000
 182 3.890000
 183 3.910000
 184 3.890000
 185 3.890000
 186 3.900000
 187 3.970000
 188 3.930000
 189 3.950000
 190 3.960000
 191 3.980000
 192 4.000000
 193 4.020000
 194 3.950000
 195 4.030000
 196 3.950000
 197 4.110000
 198 4.080000
 199 4.150000
 200 4.120000
 201 4.180000
 202 4.050000
 203 4.080000
 204 4.100000
 205 4.100000
 206 4.130000
 207 4.150000
 208 4.180000
 209 4.180000
 210 4.230000
 211 4.200000
 212 4.230000
 213 4.230000
 214 4.280000
 215 4.250000
 216 4.300000
 217 4.300000
 218 4.330000
 219 4.330000
 220 4.330000
 221 4.350000
 222 4.380000
 223 4.380000
 224 4.500000
 225 4.430000
 226 4.450000
 227 4.130000
 228 4.180000
 229 4.500000
 230 4.500000
 231 4.550000
 232 2.840000
 233 2.820000
 234 2.840000
 235 2.840000
 236 2.820000
 237 2.830000
 238 2.850000
 239 2.880000
 240 2.930000
 241 3.410000
 242 3.380000
 243 3.380000
 244 3.360000
 245 3.380000
 246 3.380000
 247 3.440000
 248 3.950000
 249 3.930000
 250 3.930000
 251 3.930000
 252 3.950000
 253 3.960000
 254 4.930000
 255 4.930000
 256 4.910000
 257 4.890000
 258 4.750000
 259 4.750000
 260 4.730000
 261 2.850000
 262 2.780000
 263 2.760000
 264 2.780000
 265 2.770000
 266 2.770000
 267 2.780000
 268 2.800000
 269 3.360000
 270 3.330000
 271 3.350000
 272 3.580000
 273 3.910000
 274 3.980000
 275 4.590000
 276 4.580000
 277 4.590000
 278 4.560000
 279 4.570000
 280 4.560000
 281 4.560000
 282 4.530000
 283 4.510000
 284 4.520000
 285 4.490000
 286 4.470000
 287 4.510000
 288 3.940000
 289 3.890000
 290 3.380000
 291 2.810000
 292 2.760000
 293 2.760000
 294 2.770000
 295 2.780000
 296 2.780000
 297 2.760000
 298 4.400000
 299 4.400000
 300 4.380000
 301 4.350000
 302 4.400000
 303 4.400000
 304 4.280000
 305 4.380000
 306 4.380000
 307 4.380000
 308 4.360000
 309 4.370000
 310 4.230000
 311 4.250000
 312 4.250000
 313 4.230000
 314 4.220000
 315 4.230000
 316 4.200000
 317 4.200000
 318 4.200000
 319 4.190000
 320 4.200000
 321 4.180000
 322 4.200000
 323 4.180000
 324 4.180000
 325 4.170000
 326 4.170000
 327 4.170000
 328 4.170000
 329 4.120000
 330 4.150000
 331 4.130000
 332 4.260000
 333 4.240000
 334 4.130000
 335 4.260000
 336 4.250000
 337 4.200000
 338 4.200000
 339 4.170000
 340 4.170000
 341 4.180000
 342 4.180000
 343 4.200000
 344 4.180000
 345 4.200000
 346 4.200000
 347 4.200000
 348 4.170000
 349 4.150000
 350 4.110000
 351 4.090000
 352 4.060000
 353 4.080000
 354 4.110000
 355 4.090000
 356 4.070000
 357 4.080000
 358 4.090000
 359 4.090000
 360 4.080000
 361 4.080000
 362 4.060000
 363 4.080000
 364 4.080000
 365 4.090000
 366 4.080000
 367 4.100000
 368 4.050000
 369 4.550000
 370 4.990000
 371 5.020000
 372 5.020000
 373 5.000000
 374 5.030000
 375 5.030000
 376 5.030000
 377 5.000000
 378 5.010000
 379 4.980000
 380 5.020000
 381 4.970000
 382 4.970000
 383 5.020000
 384 5.050000
 385 5.000000
 386 5.000000
 387 4.350000
 388 4.860000
 389 4.880000
 390 5.030000
 391 4.230000
 392 4.200000
 393 4.200000
 394 4.200000
 395 4.860000
 396 4.830000
 397 4.800000
 398 4.760000
 399 4.680000
 400 4.610000
 401 4.580000
 402 4.620000
 403 4.610000
 404 4.580000
 405 4.560000
 406 4.560000
 407 4.390000
 408 4.290000
 409 4.280000
 410 4.340000
 411 4.330000
 412 4.410000
 413 4.300000
 414 4.230000
 415 4.250000
 416 4.310000
 417 4.430000
 418 4.390000
 419 4.330000
 420 4.280000
 421 4.280000
 422 4.310000
 423 4.300000
 424 4.280000
 425 4.220000
 426 4.220000
 427 3.950000
 428 3.730000
 429 3.770000
 430 3.680000
 431 3.630000
 432 3.630000
 433 3.620000
 434 3.590000
 435 3.590000
 436 3.570000
 437 3.550000
 438 3.520000
 439 3.520000
 440 3.530000
 441 3.530000
 442 3.530000
 443 3.530000
 444 3.500000
 445 3.580000
 446 3.610000
 447 3.610000
 448 3.610000
 449 3.580000
 450 3.560000
 451 3.580000
 452 3.540000
 453 3.560000
 454 3.570000
 455 3.580000
 456 3.550000
 457 3.510000
 458 3.500000
 459 3.470000
 460 3.520000
 461 3.520000
 462 3.540000
 463 3.530000
 464 3.530000
 465 3.530000
 466 3.530000
 467 3.510000
 468 3.530000
 469 3.500000
 470 3.500000
 471 3.510000
 472 3.470000
 473 3.470000
 474 3.450000
 475 3.450000
 476 3.460000
 477 3.420000
 478 3.430000
 479 3.460000
 480 3.430000
 481 3.430000
 482 3.410000
 483 3.410000
 484 3.380000
 485 3.350000
 486 3.320000
 487 3.290000
 488 3.270000
 489 3.280000
 490 3.240000
 491 3.260000
 492 3.210000
 493 3.210000
 494 3.180000
 495 3.150000
 496 3.150000
 497 3.130000
 498 3.110000
 499 3.130000
 500 3.080000
 501 3.070000
 502 3.080000
 503 3.060000
 504 3.060000
 505 3.060000
 506 3.050000
 507 3.060000
 508 3.060000
 509 3.070000
 510 3.070000
 511 3.070000
 512 3.070000
 513 3.070000
 514 3.070000
 515 3.070000
 516 3.110000
 517 3.100000
 518 3.100000
 519 3.120000
 520 3.120000
 521 3.120000
 522 3.100000
 523 3.120000
 524 3.120000
 525 3.100000
 526 3.080000
 527 3.080000
 528 3.080000
 529 3.080000
 530 3.060000
 531 3.060000
 532 3.040000
 533 3.030000
 534 3.040000
 535 3.030000
 536 3.010000
 537 3.010000
 538 3.010000
 539 3.040000
 540 3.040000
 541 3.010000
 542 3.040000
 543 3.010000
 544 2.430000
 545 2.410000
 546 3.060000
 547 3.040000
 548 3.010000
 549 3.040000
 550 3.040000
 551 3.040000
 552 3.060000
 553 3.090000
 554 3.060000
 555 3.090000
 556 3.090000
 557 3.090000
 558 3.090000
 559 3.090000
 560 3.080000
 561 2.030000
 562 2.080000
 563 2.060000
 564 2.010000
 565 1.820000
 566 1.820000
 567 1.800000
 568 1.790000
 569 1.800000
 570 1.800000
 571 1.820000
 572 1.820000
 573 1.840000
 574 1.870000
 575 1.840000
 576 1.870000
 577 1.870000
 578 1.890000
 579 1.890000
 580 1.890000
 581 1.890000
 582 1.920000
 583 1.920000
 584 1.940000
 585 1.940000
 586 1.940000
 587 1.970000
 588 1.990000
 589 1.990000
 590 2.020000
 591 2.020000
 592 2.020000
 593 2.050000
 594 2.080000
 595 2.080000
 596 2.100000
 597 2.100000
 598 2.130000
 599 2.150000
 600 2.180000
 601 2.200000
 602 2.180000
 603 2.200000
 604 2.230000
 605 2.200000
 606 2.230000
 607 2.250000
 608 2.280000
 609 2.240000
 610 2.250000
 611 2.330000
 612 2.330000
 613 2.330000
 614 2.340000
 615 2.360000
 616 2.330000
 617 2.330000
 618 2.350000
 619 2.350000
 620 2.380000
 621 2.380000
 622 2.400000
 623 1.480000
 624 1.440000
 625 1.450000
 626 1.460000
 627 1.470000
 628 1.460000
 629 1.460000
 630 1.490000
 631 1.490000
 632 1.510000
 633 1.510000
 634 1.510000
 635 1.560000
 636 1.560000
 637 1.560000
 638 1.610000
 639 1.610000
 640 1.630000
 641 1.630000
 642 1.630000
 643 1.650000
 644 1.650000
 645 1.680000
 646 1.700000
 647 1.700000
 648 1.730000
 649 1.730000
 650 1.750000
 651 1.750000
 652 1.800000
 653 1.800000
 654 1.830000
 655 1.850000
 656 1.880000
 657 1.880000
 658 1.880000
 659 1.930000
 660 1.950000
 661 1.980000
 662 1.970000
 663 2.010000
 664 3.390000
 665 3.370000
 666 3.370000
 667 3.340000
 668 3.340000
 669 3.350000
 670 3.320000
 671 3.300000
 672 3.290000
 673 3.270000
 674 3.240000
 675 3.240000
 676 3.250000
 677 3.250000
 678 3.270000
 679 3.240000
 680 3.240000
 681 3.230000
 682 3.240000
 683 3.240000
 684 3.220000
 685 3.240000
 686 3.250000
 687 3.280000
 688 3.300000
 689 3.300000
 690 3.330000
 691 3.300000
 692 3.320000
 693 3.320000
 694 3.320000
 695 3.340000
 696 3.320000
 697 3.350000
 698 3.340000
 699 3.340000
 700 3.390000
 701 3.390000
 702 3.420000
 703 3.440000
 704 3.420000
 705 3.440000
 706 3.450000
 707 3.460000
 708 2.930000
 709 2.950000
 710 3.350000
 711 3.540000
 712 3.540000
 713 3.570000
 714 3.610000
 715 3.610000
 716 3.660000
 717 3.650000
 718 3.680000
 719 3.680000
 720 3.740000
 721 3.730000
 722 3.760000
 723 3.730000
 724 3.790000
 725 3.780000
 726 3.760000
 727 3.780000
 728 3.810000
 729 3.810000
 730 3.810000
 731 3.810000
 732 3.810000
 733 3.820000
 734 3.890000
 735 3.860000
 736 3.920000
 737 3.920000
 738 3.930000
 739 3.960000
 740 3.960000
 741 3.380000
 742 3.390000
 743 2.970000
 744 2.960000
 745 1.510000
 746 1.570000
 747 1.530000
 748 1.530000
 749 1.570000
 750 1.540000
 751 1.570000
 752 1.560000
 753 1.530000
 754 1.540000
 755 1.530000
 756 1.520000
 757 1.520000
 758 4.060000
 759 4.060000
 760 4.080000
 0 3.000000
 1 3.140000
 2 3.140000
 3 3.110000
 4 3.000000
 5 3.140000
 6 3.140000
 7 3.050000
 8 3.080000
 9 3.160000
 10 3.020000
 11 3.020000
 12 3.160000
 13 3.140000
 14 3.070000
 15 3.020000
 16 3.050000
 17 3.190000
 18 3.190000
 19 3.160000
 20 3.140000
 21 3.160000
 22 3.140000
 23 3.000000
 24 3.000000
 25 3.030000
 26 3.040000
 27 2.980000
 28 3.000000
 29 3.000000
 30 3.000000
 31 3.140000
 32 3.090000
 33 2.980000
 34 3.110000
 35 3.090000
 36 2.900000
 37 2.720000
 38 2.330000
 39 2.170000
 40 2.170000
 41 2.140000
 42 2.150000
 43 2.130000
 44 2.140000
 45 2.140000
 46 2.150000
 47 2.150000
 48 2.150000
 49 2.150000
 50 2.150000
 51 2.150000
 52 2.240000
 53 2.290000
 54 2.240000
 55 2.180000
 56 2.210000
 57 2.190000
 58 2.190000
 59 2.190000
 60 2.200000
 61 2.200000
 62 2.190000
 63 2.200000
 64 2.200000
 65 2.160000
 66 2.190000
 67 2.190000
 68 2.210000
 69 2.190000
 70 2.200000
 71 2.220000
 72 2.240000
 73 2.210000
 74 2.200000
 75 2.240000
 76 2.240000
 77 2.330000
 78 2.200000
 79 2.170000
 80 2.180000
 81 2.170000
 82 2.180000
 83 2.240000
 84 2.250000
 85 2.250000
 86 2.240000
 87 2.230000
 88 2.230000
 89 2.240000
 90 2.260000
 91 2.270000
 92 2.270000
 93 2.280000
 94 2.260000
 95 2.260000
 96 2.240000
 97 2.240000
 98 2.220000
 99 2.240000
 100 2.240000
 101 2.280000
 102 2.280000
 103 2.300000
 104 2.300000
 105 2.290000
 106 2.290000
 107 2.320000
 108 2.310000
 109 2.300000
 110 2.300000
 111 2.300000
 112 2.340000
 113 2.340000
 114 2.340000
 115 2.340000
 116 2.310000
 117 2.330000
 118 2.350000
 119 2.350000
 120 2.470000
 121 2.390000
 122 2.350000
 123 2.310000
 124 2.320000
 125 2.310000
 126 2.350000
 127 2.390000
 128 2.370000
 129 2.390000
 130 2.390000
 131 2.390000
 132 2.390000
 133 2.390000
 134 2.430000
 135 2.410000
 136 2.410000
 137 2.390000
 138 2.390000
 139 2.390000
 140 2.390000
 141 2.390000
 142 2.430000
 143 2.400000
 144 2.440000
 145 2.460000
 146 3.560000
 147 3.570000
 148 3.650000
 149 3.520000
 150 3.630000
 151 3.590000
 152 3.560000
 153 3.580000
 154 3.500000
 155 3.450000
 156 3.410000
 157 3.420000
 158 3.420000
 159 3.400000
 160 3.420000
 161 3.430000
 162 3.450000
 163 3.420000
 164 3.460000
 165 3.460000
 166 3.440000
 167 3.480000
 168 3.520000
 169 3.600000
 170 3.760000
 171 3.700000
 172 3.740000
 173 3.750000
 174 3.780000
 175 3.780000
 176 3.810000
 177 3.810000
 178 3.860000
 179 3.850000
 180 3.870000
 181 3.880000
 182 3.890000
 183 3.900000
 184 3.900000
 185 3.900000
 186 3.900000
 187 3.940000
 188 3.920000
 189 3.940000
 190 3.930000
 191 3.980000
 192 3.990000
 193 3.980000
 194 4.030000
 195 4.000000
 196 4.000000
 197 4.110000
 198 4.070000
 199 4.130000
 200 4.150000
 201 4.180000
 202 4.050000
 203 4.100000
 204 4.130000
 205 4.100000
 206 4.150000
 207 4.130000
 208 4.150000
 209 4.150000
 210 4.240000
 211 4.180000
 212 4.200000
 213 4.230000
 214 4.280000
 215 4.250000
 216 4.300000
 217 4.300000
 218 4.300000
 219 4.350000
 220 4.350000
 221 4.350000
 222 4.350000
 223 4.380000
 224 4.500000
 225 4.400000
 226 4.450000
 227 4.150000
 228 4.180000
 229 4.500000
 230 4.520000
 231 4.530000
 232 2.860000
 233 2.860000
 234 2.840000
 235 2.840000
 236 2.840000
 237 2.840000
 238 2.830000
 239 2.880000
 240 2.920000
 241 3.420000
 242 3.390000
 243 3.390000
 244 3.390000
 245 3.390000
 246 3.380000
 247 3.470000
 248 3.950000
 249 3.950000
 250 3.940000
 251 3.910000
 252 3.930000
 253 3.990000
 254 4.960000
 255 4.910000
 256 4.940000
 257 4.910000
 258 4.780000
 259 4.730000
 260 4.730000
 261 2.870000
 262 2.760000
 263 2.790000
 264 2.760000
 265 2.760000
 266 2.790000
 267 2.760000
 268 2.830000
 269 3.340000
 270 3.340000
 271 3.350000
 272 3.590000
 273 3.910000
 274 4.010000
 275 4.590000
 276 4.560000
 277 4.590000
 278 4.570000
 279 4.570000
 280 4.570000
 281 4.570000
 282 4.500000
 283 4.530000
 284 4.520000
 285 4.490000
 286 4.480000
 287 4.510000
 288 3.860000
 289 3.950000
 290 3.380000
 291 2.810000
 292 2.760000
 293 2.740000
 294 2.770000
 295 2.780000
 296 2.750000
 297 2.750000
 298 4.420000
 299 4.410000
 300 4.350000
 301 4.380000
 302 4.410000
 303 4.250000
 304 4.250000
 305 4.360000
 306 4.380000
 307 4.250000
 308 4.360000
 309 4.250000
 310 4.230000
 311 4.230000
 312 4.220000
 313 4.230000
 314 4.200000
 315 4.200000
 316 4.200000
 317 4.220000
 318 4.200000
 319 4.190000
 320 4.200000
 321 4.180000
 322 4.180000
 323 4.150000
 324 4.150000
 325 4.170000
 326 4.150000
 327 4.170000
 328 4.170000
 329 4.150000
 330 4.150000
 331 4.150000
 332 4.240000
 333 4.260000
 334 4.130000
 335 4.260000
 336 4.260000
 337 4.220000
 338 4.170000
 339 4.190000
 340 4.170000
 341 4.210000
 342 4.210000
 343 4.210000
 344 4.180000
 345 4.230000
 346 4.230000
 347 4.180000
 348 4.150000
 349 4.160000
 350 4.140000
 351 4.090000
 352 4.090000
 353 4.080000
 354 4.090000
 355 4.090000
 356 4.100000
 357 4.090000
 358 4.090000
 359 4.060000
 360 4.080000
 361 4.050000
 362 4.080000
 363 4.080000
 364 4.110000
 365 4.090000
 366 4.090000
 367 4.070000
 368 4.030000
 369 4.570000
 370 5.020000
 371 5.020000
 372 5.000000
 373 5.000000
 374 5.030000
 375 5.000000
 376 5.010000
 377 4.980000
 378 5.010000
 379 5.010000
 380 5.020000
 381 4.990000
 382 4.990000
 383 5.020000
 384 5.050000
 385 5.000000
 386 5.000000
 387 4.360000
 388 4.870000
 389 4.880000
 390 5.010000
 391 4.220000
 392 4.170000
 393 4.170000
 394 4.200000
 395 4.880000
 396 4.830000
 397 4.780000
 398 4.730000
 399 4.710000
 400 4.610000
 401 4.590000
 402 4.610000
 403 4.610000
 404 4.610000
 405 4.580000
 406 4.580000
 407 4.420000
 408 4.280000
 409 4.320000
 410 4.300000
 411 4.280000
 412 4.410000
 413 4.330000
 414 4.230000
 415 4.260000
 416 4.320000
 417 4.410000
 418 4.390000
 419 4.340000
 420 4.260000
 421 4.270000
 422 4.320000
 423 4.310000
 424 4.280000
 425 4.280000
 426 4.220000
 427 3.980000
 428 3.740000
 429 3.790000
 430 3.690000
 431 3.640000
 432 3.640000
 433 3.610000
 434 3.590000
 435 3.620000
 436 3.570000
 437 3.570000
 438 3.550000
 439 3.520000
 440 3.530000
 441 3.470000
 442 3.500000
 443 3.500000
 444 3.500000
 445 3.500000
 446 3.580000
 447 3.610000
 448 3.610000
 449 3.580000
 450 3.580000
 451 3.570000
 452 3.540000
 453 3.580000
 454 3.600000
 455 3.580000
 456 3.560000
 457 3.520000
 458 3.490000
 459 3.520000
 460 3.520000
 461 3.540000
 462 3.520000
 463 3.530000
 464 3.530000
 465 3.530000
 466 3.530000
 467 3.510000
 468 3.520000
 469 3.520000
 470 3.510000
 471 3.510000
 472 3.450000
 473 3.470000
 474 3.460000
 475 3.470000
 476 3.450000
 477 3.420000
 478 3.460000
 479 3.430000
 480 3.430000
 481 3.430000
 482 3.380000
 483 3.380000
 484 3.380000
 485 3.380000
 486 3.360000
 487 3.300000
 488 3.270000
 489 3.270000
 490 3.280000
 491 3.260000
 492 3.200000
 493 3.170000
 494 3.180000
 495 3.160000
 496 3.150000
 497 3.110000
 498 3.100000
 499 3.110000
 500 3.080000
 501 3.080000
 502 3.070000
 503 3.070000
 504 3.080000
 505 3.060000
 506 3.080000
 507 3.070000
 508 3.050000
 509 3.070000
 510 3.070000
 511 3.070000
 512 3.050000
 513 3.070000
 514 3.070000
 515 3.070000
 516 3.110000
 517 3.080000
 518 3.110000
 519 3.120000
 520 3.130000
 521 3.120000
 522 3.090000
 523 3.120000
 524 3.120000
 525 3.090000
 526 3.080000
 527 3.130000
 528 3.080000
 529 3.070000
 530 3.060000
 531 3.060000
 532 3.040000
 533 3.030000
 534 3.030000
 535 3.030000
 536 3.010000
 537 3.020000
 538 3.010000
 539 3.040000
 540 3.050000
 541 3.020000
 542 3.040000
 543 3.020000
 544 2.460000
 545 2.420000
 546 3.040000
 547 3.040000
 548 3.040000
 549 3.040000
 550 3.030000
 551 3.040000
 552 3.070000
 553 3.090000
 554 3.090000
 555 3.090000
 556 3.090000
 557 3.090000
 558 3.090000
 559 3.090000
 560 3.070000
 561 2.060000
 562 2.080000
 563 2.090000
 564 2.010000
 565 1.800000
 566 1.800000
 567 1.780000
 568 1.790000
 569 1.800000
 570 1.820000
 571 1.820000
 572 1.850000
 573 1.820000
 574 1.850000
 575 1.870000
 576 1.870000
 577 1.870000
 578 1.900000
 579 1.900000
 580 1.900000
 581 1.900000
 582 1.920000
 583 1.920000
 584 1.920000
 585 1.950000
 586 1.950000
 587 1.970000
 588 1.970000
 589 2.000000
 590 2.000000
 591 2.020000
 592 2.020000
 593 2.050000
 594 2.050000
 595 2.080000
 596 2.100000
 597 2.130000
 598 2.130000
 599 2.150000
 600 2.150000
 601 2.180000
 602 2.200000
 603 2.200000
 604 2.200000
 605 2.200000
 606 2.250000
 607 2.230000
 608 2.280000
 609 2.250000
 610 2.280000
 611 2.300000
 612 2.330000
 613 2.350000
 614 2.350000
 615 2.360000
 616 2.330000
 617 2.330000
 618 2.360000
 619 2.370000
 620 2.380000
 621 2.380000
 622 2.430000
 623 1.480000
 624 1.460000
 625 1.480000
 626 1.470000
 627 1.470000
 628 1.470000
 629 1.460000
 630 1.490000
 631 1.510000
 632 1.510000
 633 1.540000
 634 1.540000
 635 1.540000
 636 1.560000
 637 1.590000
 638 1.580000
 639 1.590000
 640 1.610000
 641 1.610000
 642 1.630000
 643 1.660000
 644 1.660000
 645 1.680000
 646 1.680000
 647 1.680000
 648 1.730000
 649 1.730000
 650 1.760000
 651 1.780000
 652 1.810000
 653 1.830000
 654 1.810000
 655 1.830000
 656 1.880000
 657 1.860000
 658 1.910000
 659 1.910000
 660 1.960000
 661 1.960000
 662 1.980000
 663 2.010000
 664 3.390000
 665 3.370000
 666 3.370000
 667 3.340000
 668 3.370000
 669 3.340000
 670 3.350000
 671 3.290000
 672 3.290000
 673 3.300000
 674 3.240000
 675 3.240000
 676 3.250000
 677 3.250000
 678 3.270000
 679 3.240000
 680 3.240000
 681 3.240000
 682 3.240000
 683 3.240000
 684 3.240000
 685 3.250000
 686 3.250000
 687 3.280000
 688 3.290000
 689 3.300000
 690 3.330000
 691 3.330000
 692 3.300000
 693 3.290000
 694 3.320000
 695 3.340000
 696 3.320000
 697 3.340000
 698 3.370000
 699 3.340000
 700 3.390000
 701 3.420000
 702 3.420000
 703 3.410000
 704 3.440000
 705 3.420000
 706 3.450000
 707 3.460000
 708 2.930000
 709 2.920000
 710 3.340000
 711 3.520000
 712 3.570000
 713 3.590000
 714 3.620000
 715 3.630000
 716 3.630000
 717 3.650000
 718 3.680000
 719 3.720000
 720 3.730000
 721 3.730000
 722 3.760000
 723 3.770000
 724 3.760000
 725 3.790000
 726 3.780000
 727 3.780000
 728 3.820000
 729 3.810000
 730 3.810000
 731 3.810000
 732 3.830000
 733 3.840000
 734 3.860000
 735 3.880000
 736 3.910000
 737 3.910000
 738 3.930000
 739 3.940000
 740 3.980000
 741 3.390000
 742 3.370000
 743 2.940000
 744 2.950000
 745 1.570000
 746 1.550000
 747 1.560000
 748 1.540000
 749 1.540000
 750 1.540000
 751 1.540000
 752 1.540000
 753 1.520000
 754 1.540000
 755 1.540000
 756 1.550000
 757 1.520000
 758 4.050000
 759 4.050000
 760 4.060000
 0 3.000000
 1 3.140000
 2 3.140000
 3 3.110000
 4 2.980000
 5 3.140000
 6 3.110000
 7 3.030000
 8 3.080000
 9 3.190000
 10 3.020000
 11 3.040000
 12 3.190000
 13 3.140000
 14 3.070000
 15 3.050000
 16 3.050000
 17 3.190000
 18 3.160000
 19 3.160000
 20 3.110000
 21 3.190000
 22 3.140000
 23 3.030000
 24 3.000000
 25 3.030000
 26 3.060000
 27 3.000000
 28 3.000000
 29 3.000000
 30 2.980000
 31 3.140000
 32 3.110000
 33 2.980000
 34 3.140000
 35 3.090000
 36 2.900000
 37 2.710000
 38 2.330000
 39 2.170000
 40 2.170000
 41 2.140000
 42 2.150000
 43 2.150000
 44 2.140000
 45 2.140000
 46 2.150000
 47 2.150000
 48 2.150000
 49 2.150000
 50 2.150000
 51 2.170000
 52 2.230000
 53 2.290000
 54 2.240000
 55 2.200000
 56 2.190000
 57 2.160000
 58 2.190000
 59 2.210000
 60 2.230000
 61 2.200000
 62 2.190000
 63 2.200000
 64 2.200000
 65 2.160000
 66 2.190000
 67 2.190000
 68 2.210000
 69 2.220000
 70 2.200000
 71 2.220000
 72 2.210000
 73 2.210000
 74 2.210000
 75 2.210000
 76 2.260000
 77 2.330000
 78 2.210000
 79 2.190000
 80 2.180000
 81 2.190000
 82 2.180000
 83 2.210000
 84 2.230000
 85 2.250000
 86 2.240000
 87 2.250000
 88 2.230000
 89 2.240000
 90 2.260000
 91 2.270000
 92 2.240000
 93 2.280000
 94 2.240000
 95 2.240000
 96 2.240000
 97 2.210000
 98 2.240000
 99 2.240000
 100 2.240000
 101 2.280000
 102 2.280000
 103 2.280000
 104 2.280000
 105 2.320000
 106 2.290000
 107 2.290000
 108 2.310000
 109 2.300000
 110 2.300000
 111 2.300000
 112 2.310000
 113 2.320000
 114 2.340000
 115 2.340000
 116 2.340000
 117 2.330000
 118 2.350000
 119 2.350000
 120 2.470000
 121 2.390000
 122 2.350000
 123 2.310000
 124 2.320000
 125 2.340000
 126 2.330000
 127 2.390000
 128 2.390000
 129 2.390000
 130 2.390000
 131 2.410000
 132 2.420000
 133 2.390000
 134 2.400000
 135 2.410000
 136 2.410000
 137 2.390000
 138 2.390000
 139 2.390000
 140 2.390000
 141 2.410000
 142 2.430000
 143 2.420000
 144 2.420000
 145 2.480000
 146 3.560000
 147 3.570000
 148 3.650000
 149 3.520000
 150 3.630000
 151 3.590000
 152 3.560000
 153 3.560000
 154 3.540000
 155 3.420000
 156 3.410000
 157 3.420000
 158 3.430000
 159 3.400000
 160 3.430000
 161 3.410000
 162 3.420000
 163 3.420000
 164 3.430000
 165 3.460000
 166 3.480000
 167 3.480000
 168 3.520000
 169 3.630000
 170 3.760000
 171 3.680000
 172 3.740000
 173 3.730000
 174 3.760000
 175 3.780000
 176 3.780000
 177 3.820000
 178 3.860000
 179 3.850000
 180 3.860000
 181 3.870000
 182 3.890000
 183 3.900000
 184 3.900000
 185 3.890000
 186 3.930000
 187 3.930000
 188 3.930000
 189 3.930000
 190 3.930000
 191 3.980000
 192 3.980000
 193 3.990000
 194 4.010000
 195 4.010000
 196 3.980000
 197 3.980000
 198 4.080000
 199 4.130000
 200 4.140000
 201 4.160000
 202 4.050000
 203 4.080000
 204 4.100000
 205 4.120000
 206 4.150000
 207 4.130000
 208 4.180000
 209 4.180000
 210 4.240000
 211 4.200000
 212 4.200000
 213 4.230000
 214 4.250000
 215 4.250000
 216 4.270000
 217 4.300000
 218 4.330000
 219 4.330000
 220 4.330000
 221 4.380000
 222 4.350000
 223 4.380000
 224 4.480000
 225 4.400000
 226 4.430000
 227 4.130000
 228 4.180000
 229 4.530000
 230 4.500000
 231 4.530000
 232 2.840000
 233 2.840000
 234 2.840000
 235 2.840000
 236 2.840000
 237 2.810000
 238 2.830000
 239 2.880000
 240 2.880000
 241 3.380000
 242 3.390000
 243 3.390000
 244 3.390000
 245 3.390000
 246 3.380000
 247 3.470000
 248 3.930000
 249 3.930000
 250 3.940000
 251 3.940000
 252 3.930000
 253 3.990000
 254 4.930000
 255 4.910000
 256 4.940000
 257 4.910000
 258 4.910000
 259 4.750000
 260 4.730000
 261 2.850000
 262 2.790000
 263 2.760000
 264 2.760000
 265 2.790000
 266 2.770000
 267 2.760000
 268 2.800000
 269 3.340000
 270 3.340000
 271 3.330000
 272 3.610000
 273 3.910000
 274 3.980000
 275 4.580000
 276 4.590000
 277 4.590000
 278 4.570000
 279 4.590000
 280 4.570000
 281 4.570000
 282 4.530000
 283 4.530000
 284 4.490000
 285 4.490000
 286 4.480000
 287 4.510000
 288 3.920000
 289 3.920000
 290 3.380000
 291 2.840000
 292 2.760000
 293 2.760000
 294 2.790000
 295 2.780000
 296 2.780000
 297 2.750000
 298 4.390000
 299 4.410000
 300 4.380000
 301 4.380000
 302 4.410000
 303 4.280000
 304 4.280000
 305 4.380000
 306 4.380000
 307 4.230000
 308 4.360000
 309 4.370000
 310 4.230000
 311 4.250000
 312 4.220000
 313 4.230000
 314 4.200000
 315 4.230000
 316 4.220000
 317 4.200000
 318 4.220000
 319 4.190000
 320 4.200000
 321 4.180000
 322 4.200000
 323 4.150000
 324 4.180000
 325 4.170000
 326 4.170000
 327 4.170000
 328 4.150000
 329 4.150000
 330 4.150000
 331 4.150000
 332 4.240000
 333 4.240000
 334 4.260000
 335 4.260000
 336 4.260000
 337 4.200000
 338 4.200000
 339 4.200000
 340 4.200000
 341 4.180000
 342 4.180000
 343 4.210000
 344 4.180000
 345 4.230000
 346 4.230000
 347 4.170000
 348 4.150000
 349 4.160000
 350 4.110000
 351 4.090000
 352 4.090000
 353 4.080000
 354 4.110000
 355 4.070000
 356 4.090000
 357 4.070000
 358 4.090000
 359 4.070000
 360 4.090000
 361 4.080000
 362 4.060000
 363 4.080000
 364 4.110000
 365 4.090000
 366 4.080000
 367 4.100000
 368 4.050000
 369 4.620000
 370 4.990000
 371 5.000000
 372 5.020000
 373 5.000000
 374 5.010000
 375 5.030000
 376 5.010000
 377 4.980000
 378 5.040000
 379 4.990000
 380 4.990000
 381 5.020000
 382 4.970000
 383 5.020000
 384 5.030000
 385 5.000000
 386 5.030000
 387 4.390000
 388 4.870000
 389 4.880000
 390 4.980000
 391 4.230000
 392 4.170000
 393 4.200000
 394 4.230000
 395 4.860000
 396 4.830000
 397 4.810000
 398 4.730000
 399 4.680000
 400 4.610000
 401 4.590000
 402 4.600000
 403 4.610000
 404 4.580000
 405 4.590000
 406 4.560000
 407 4.380000
 408 4.280000
 409 4.290000
 410 4.280000
 411 4.360000
 412 4.410000
 413 4.300000
 414 4.230000
 415 4.230000
 416 4.320000
 417 4.430000
 418 4.360000
 419 4.370000
 420 4.280000
 421 4.290000
 422 4.290000
 423 4.310000
 424 4.280000
 425 4.250000
 426 4.210000
 427 3.980000
 428 3.740000
 429 3.710000
 430 3.690000
 431 3.640000
 432 3.640000
 433 3.590000
 434 3.590000
 435 3.590000
 436 3.570000
 437 3.550000
 438 3.520000
 439 3.500000
 440 3.530000
 441 3.500000
 442 3.500000
 443 3.530000
 444 3.500000
 445 3.600000
 446 3.570000
 447 3.580000
 448 3.580000
 449 3.580000
 450 3.580000
 451 3.560000
 452 3.520000
 453 3.560000
 454 3.570000
 455 3.560000
 456 3.520000
 457 3.540000
 458 3.490000
 459 3.460000
 460 3.490000
 461 3.520000
 462 3.520000
 463 3.530000
 464 3.510000
 465 3.530000
 466 3.530000
 467 3.510000
 468 3.510000
 469 3.520000
 470 3.510000
 471 3.470000
 472 3.480000
 473 3.470000
 474 3.450000
 475 3.460000
 476 3.450000
 477 3.450000
 478 3.430000
 479 3.430000
 480 3.430000
 481 3.410000
 482 3.410000
 483 3.410000
 484 3.380000
 485 3.360000
 486 3.320000
 487 3.320000
 488 3.280000
 489 3.250000
 490 3.280000
 491 3.250000
 492 3.190000
 493 3.180000
 494 3.210000
 495 3.150000
 496 3.150000
 497 3.120000
 498 3.110000
 499 3.130000
 500 3.110000
 501 3.080000
 502 3.070000
 503 3.080000
 504 3.060000
 505 3.030000
 506 3.040000
 507 3.040000
 508 3.060000
 509 3.070000
 510 3.070000
 511 3.050000
 512 3.070000
 513 3.070000
 514 3.040000
 515 3.100000
 516 3.080000
 517 3.100000
 518 3.120000
 519 3.100000
 520 3.130000
 521 3.090000
 522 3.120000
 523 3.160000
 524 3.120000
 525 3.100000
 526 3.110000
 527 3.110000
 528 3.080000
 529 3.080000
 530 3.080000
 531 3.050000
 532 3.040000
 533 3.030000
 534 3.060000
 535 3.030000
 536 3.010000
 537 3.020000
 538 3.020000
 539 3.040000
 540 3.050000
 541 3.020000
 542 3.040000
 543 3.020000
 544 2.410000
 545 2.420000
 546 3.040000
 547 3.020000
 548 3.040000
 549 3.070000
 550 3.030000
 551 3.070000
 552 3.040000
 553 3.070000
 554 3.090000
 555 3.090000
 556 3.090000
 557 3.090000
 558 3.070000
 559 3.090000
 560 3.080000
 561 2.060000
 562 2.080000
 563 2.070000
 564 2.020000
 565 1.800000
 566 1.800000
 567 1.780000
 568 1.810000
 569 1.820000
 570 1.800000
 571 1.820000
 572 1.850000
 573 1.850000
 574 1.850000
 575 1.850000
 576 1.850000
 577 1.870000
 578 1.900000
 579 1.900000
 580 1.900000
 581 1.900000
 582 1.920000
 583 1.920000
 584 1.950000
 585 1.950000
 586 1.970000
 587 1.950000
 588 1.970000
 589 2.000000
 590 2.020000
 591 2.000000
 592 2.030000
 593 2.030000
 594 2.050000
 595 2.080000
 596 2.080000
 597 2.100000
 598 2.130000
 599 2.130000
 600 2.150000
 601 2.180000
 602 2.200000
 603 2.230000
 604 2.230000
 605 2.200000
 606 2.230000
 607 2.250000
 608 2.280000
 609 2.250000
 610 2.280000
 611 2.330000
 612 2.330000
 613 2.330000
 614 2.370000
 615 2.360000
 616 2.330000
 617 2.310000
 618 2.330000
 619 2.370000
 620 2.350000
 621 2.380000
 622 2.430000
 623 1.480000
 624 1.490000
 625 1.480000
 626 1.450000
 627 1.450000
 628 1.460000
 629 1.490000
 630 1.490000
 631 1.490000
 632 1.510000
 633 1.510000
 634 1.540000
 635 1.540000
 636 1.560000
 637 1.590000
 638 1.590000
 639 1.580000
 640 1.610000
 641 1.610000
 642 1.660000
 643 1.630000
 644 1.660000
 645 1.680000
 646 1.710000
 647 1.710000
 648 1.710000
 649 1.730000
 650 1.760000
 651 1.760000
 652 1.780000
 653 1.810000
 654 1.810000
 655 1.830000
 656 1.860000
 657 1.880000
 658 1.880000
 659 1.930000
 660 1.960000
 661 1.950000
 662 1.970000
 663 2.010000
 664 3.390000
 665 3.370000
 666 3.370000
 667 3.370000
 668 3.350000
 669 3.340000
 670 3.300000
 671 3.290000
 672 3.290000
 673 3.270000
 674 3.270000
 675 3.240000
 676 3.240000
 677 3.250000
 678 3.240000
 679 3.250000
 680 3.240000
 681 3.270000
 682 3.240000
 683 3.220000
 684 3.240000
 685 3.250000
 686 3.270000
 687 3.280000
 688 3.300000
 689 3.300000
 690 3.310000
 691 3.320000
 692 3.320000
 693 3.300000
 694 3.320000
 695 3.350000
 696 3.320000
 697 3.340000
 698 3.370000
 699 3.370000
 700 3.370000
 701 3.390000
 702 3.390000
 703 3.420000
 704 3.440000
 705 3.440000
 706 3.430000
 707 3.480000
 708 2.930000
 709 2.920000
 710 3.320000
 711 3.540000
 712 3.560000
 713 3.570000
 714 3.620000
 715 3.610000
 716 3.630000
 717 3.680000
 718 3.650000
 719 3.700000
 720 3.710000
 721 3.730000
 722 3.740000
 723 3.760000
 724 3.760000
 725 3.780000
 726 3.780000
 727 3.790000
 728 3.800000
 729 3.830000
 730 3.810000
 731 3.830000
 732 3.830000
 733 3.820000
 734 3.890000
 735 3.880000
 736 3.920000
 737 3.880000
 738 3.930000
 739 3.960000
 740 3.980000
 741 3.410000
 742 3.380000
 743 2.940000
 744 2.930000
 745 1.540000
 746 1.570000
 747 1.540000
 748 1.540000
 749 1.540000
 750 1.540000
 751 1.540000
 752 1.560000
 753 1.540000
 754 1.540000
 755 1.540000
 756 1.530000
 757 1.520000
 758 4.080000
 759 4.060000
 760 4.050000