
 0 0.210000
 1 0.180000
 2 0.280000
 3 0.250000
 4 0.230000
 5 0.240000
 6 0.240000
 7 0.290000
 8 0.170000
 9 0.190000
 10 0.320000
 11 0.370000
 12 0.940000
 13 2.840000
 14 2.840000
 15 2.840000
 16 2.840000
 17 2.790000
 18 2.810000
 19 2.790000
 20 2.810000
 21 2.810000
 22 2.790000
 23 2.790000
 24 2.790000
 25 2.760000
 26 2.790000
 27 2.770000
 28 2.500000
 29 2.430000
 30 2.410000
 31 2.550000
 32 2.800000
 33 2.770000
 34 2.770000
 35 2.770000
 36 2.770000
 37 2.750000
 38 2.740000
 39 2.120000
 40 1.910000
 41 1.610000
 42 1.540000
 43 1.520000
 44 1.500000
 45 1.500000
 46 1.500000
 47 1.480000
 48 1.480000
 49 1.490000
 50 1.490000
 51 1.490000
 52 1.490000
 53 1.490000
 54 1.510000
 55 1.490000
 56 1.510000
 57 1.490000
 58 1.490000
 59 1.490000
 60 1.490000
 61 1.490000
 62 1.500000
 63 1.490000
 64 1.500000
 65 1.510000
 66 1.520000
 67 1.510000
 68 1.540000
 69 1.530000
 70 1.530000
 71 1.550000
 72 1.550000
 73 1.550000
 74 1.550000
 75 1.580000
 76 1.570000
 77 1.570000
 78 1.600000
 79 1.670000
 80 2.250000
 81 2.280000
 82 2.280000
 83 2.300000
 84 2.280000
 85 2.300000
 86 2.280000
 87 2.290000
 88 2.390000
 89 2.400000
 90 2.400000
 91 2.410000
 92 2.450000
 93 1.520000
 94 1.550000
 95 1.510000
 96 1.500000
 97 1.470000
 98 1.450000
 99 1.450000
 100 1.450000
 101 1.440000
 102 1.430000
 103 1.420000
 104 1.400000
 105 1.400000
 106 1.370000
 107 1.370000
 108 1.380000
 109 1.350000
 110 1.350000
 111 1.330000
 112 1.350000
 113 1.330000
 114 1.330000
 115 1.350000
 116 1.350000
 117 1.350000
 118 1.320000
 119 1.350000
 120 1.340000
 121 1.340000
 122 1.340000
 123 1.360000
 124 1.360000
 125 1.370000
 126 2.110000
 127 2.100000
 128 2.120000
 129 2.090000
 130 2.090000
 131 2.130000
 132 2.400000
 133 2.390000
 134 2.500000
 135 2.630000
 136 2.560000
 137 2.510000
 138 2.510000
 139 2.510000
 140 2.520000
 141 2.680000
 142 2.540000
 143 2.570000
 144 2.570000
 145 2.590000
 146 2.780000
 147 2.750000
 148 2.720000
 149 2.770000
 150 2.700000
 151 2.530000
 152 2.510000
 153 2.550000
 154 2.520000
 155 2.580000
 156 2.610000
 157 2.750000
 158 2.890000
 159 2.890000
 160 2.890000
 161 2.890000
 162 2.890000
 163 2.880000
 164 2.880000
 165 2.880000
 166 2.880000
 167 2.900000
 168 2.900000
 169 2.930000
 170 2.900000
 171 2.930000
 172 2.930000
 173 2.900000
 174 2.930000
 175 2.930000
 176 2.930000
 177 2.930000
 178 2.930000
 179 2.930000
 180 2.950000
 181 2.950000
 182 2.900000
 183 2.950000
 184 2.950000
 185 2.980000
 186 2.970000
 187 2.880000
 188 2.830000
 189 2.900000
 190 2.510000
 191 2.370000
 192 2.360000
 193 2.390000
 194 2.380000
 195 2.360000
 196 2.380000
 197 2.380000
 198 2.340000
 199 2.330000
 200 2.340000
 201 2.370000
 202 2.340000
 203 2.350000
 204 2.290000
 205 2.240000
 206 2.220000
 207 2.200000
 208 2.230000
 209 2.190000
 210 2.250000
 211 2.160000
 212 2.230000
 213 2.200000
 214 2.150000
 215 2.930000
 216 2.910000
 217 2.910000
 218 2.910000
 219 2.910000
 220 2.890000
 221 2.860000
 222 2.860000
 223 2.880000
 224 2.870000
 225 2.920000
 226 2.920000
 227 2.920000
 228 1.550000
 229 1.560000
 230 1.560000
 231 1.560000
 232 1.560000
 233 1.590000
 234 1.560000
 235 1.560000
 236 1.560000
 237 1.560000
 238 1.590000
 239 1.560000
 240 1.560000
 241 1.560000
 242 1.590000
 243 1.590000
 244 1.590000
 245 1.590000
 246 1.590000
 247 1.590000
 248 1.590000
 249 1.590000
 250 1.590000
 251 1.590000
 252 1.610000
 253 1.590000
 254 1.610000
 255 1.610000
 256 1.590000
 257 1.610000
 258 1.610000
 259 1.610000
 260 1.610000
 261 1.640000
 262 1.640000
 263 1.610000
 264 1.640000
 265 1.640000
 266 1.640000
 267 1.640000
 268 1.640000
 269 1.640000
 270 1.660000
 271 1.660000
 272 1.660000
 273 1.660000
 274 1.660000
 275 1.680000
 276 1.660000
 277 1.680000
 278 1.690000
 279 1.650000
 280 1.680000
 281 1.690000
 282 1.680000
 283 1.700000
 284 1.680000
 285 1.680000
 286 1.700000
 287 1.680000
 288 1.680000
 289 1.710000
 290 1.700000
 291 1.700000
 292 1.730000
 293 1.730000
 294 1.460000
 295 1.450000
 296 1.450000
 297 1.450000
 298 1.450000
 299 1.450000
 300 1.420000
 301 1.450000
 302 1.450000
 303 1.410000
 304 1.430000
 305 1.420000
 306 1.450000
 307 1.470000
 308 1.480000
 309 1.540000
 310 1.800000
 311 1.800000
 312 1.800000
 313 1.830000
 314 1.830000
 315 1.830000
 316 1.830000
 317 1.850000
 318 3.540000
 319 3.560000
 320 3.560000
 321 3.560000
 322 1.940000
 323 1.960000
 324 1.970000
 325 1.950000
 326 1.940000
 327 1.960000
 328 1.960000
 329 1.940000
 330 1.940000
 331 1.970000
 332 1.990000
 333 2.030000
 334 3.650000
 335 3.640000
 336 3.630000
 337 3.660000
 338 3.430000
 339 2.510000
 340 2.520000
 341 2.500000
 342 2.520000
 343 2.500000
 344 2.490000
 345 2.490000
 346 2.500000
 347 2.560000
 348 3.470000
 349 3.530000
 350 1.350000
 351 1.310000
 352 1.340000
 353 1.310000
 354 1.330000
 355 1.340000
 356 1.310000
 357 1.310000
 358 1.310000
 359 1.340000
 360 1.310000
 361 1.310000
 362 1.330000
 363 1.330000
 364 1.400000
 365 1.860000
 366 1.890000
 367 1.880000
 368 1.860000
 369 1.890000
 370 1.890000
 371 1.860000
 372 1.890000
 373 1.890000
 374 2.030000
 375 2.440000
 376 2.460000
 377 2.440000
 378 2.440000
 379 2.470000
 380 2.640000
 381 2.660000
 382 2.650000
 383 2.660000
 384 2.630000
 385 2.640000
 386 2.640000
 387 2.650000
 388 2.630000
 389 2.630000
 390 2.620000
 391 2.640000
 392 2.630000
 393 2.630000
 394 2.650000
 395 2.630000
 396 2.600000
 397 2.620000
 398 2.610000
 399 2.620000
 400 2.610000
 401 2.610000
 402 2.600000
 403 2.610000
 404 2.610000
 405 2.610000
 406 2.460000
 407 2.440000
 408 2.090000
 409 1.870000
 410 1.860000
 411 1.430000
 412 1.320000
 413 1.310000
 414 1.310000
 415 1.310000
 416 1.310000
 417 1.340000
 418 1.310000
 419 1.310000
 420 1.320000
 421 1.310000
 422 1.320000
 423 1.310000
 424 1.310000
 425 1.310000
 426 1.440000
 427 3.100000
 428 3.100000
 429 3.170000
 430 1.540000
 431 1.490000
 432 1.470000
 433 1.480000
 434 1.490000
 435 1.490000
 436 1.490000
 437 1.510000
 438 1.480000
 439 1.480000
 440 1.470000
 441 1.510000
 442 1.500000
 443 1.500000
 444 1.520000
 445 1.520000
 446 1.510000
 447 1.510000
 448 1.540000
 449 1.530000
 450 1.530000
 451 1.520000
 452 1.530000
 453 1.520000
 454 1.560000
 455 1.530000
 456 1.550000
 457 1.570000
 458 1.560000
 459 1.560000
 460 1.590000
 461 1.590000
 462 1.550000
 463 1.580000
 464 1.600000
 465 1.590000
 466 1.600000
 467 1.620000
 468 1.750000
 469 3.590000
 470 3.640000
 471 3.550000
 472 3.570000
 473 1.280000
 474 1.250000
 475 1.240000
 476 1.200000
 477 1.170000
 478 1.180000
 479 1.160000
 480 1.170000
 481 1.180000
 482 1.170000
 483 1.170000
 484 1.170000
 485 1.190000
 486 1.210000
 487 1.200000
 488 1.220000
 489 1.210000
 490 1.230000
 491 1.240000
 492 1.240000
 493 1.280000
 494 1.330000
 495 1.740000
 496 1.750000
 497 1.760000
 498 1.730000
 499 1.710000
 500 1.700000
 501 1.690000
 502 1.680000
 503 1.660000
 504 1.650000
 505 1.660000
 506 1.640000
 507 1.630000
 508 1.610000
 509 1.610000
 510 1.600000
 511 1.590000
 512 1.570000
 513 1.560000
 514 1.550000
 515 1.600000
 516 1.610000
 517 1.590000
 518 1.610000
 519 1.610000
 520 1.640000
 521 1.610000
 522 1.640000
 523 1.640000
 524 1.660000
 525 1.660000
 526 1.660000
 527 1.660000
 528 1.660000
 529 1.710000
 530 1.690000
 531 1.690000
 532 1.710000
 533 1.710000
 534 1.740000
 535 1.740000
 536 1.740000
 537 1.740000
 538 1.730000
 539 1.750000
 540 1.770000
 541 1.770000
 542 1.760000
 543 1.760000
 544 1.780000
 545 1.780000
 546 1.810000
 547 1.830000
 548 4.870000
 549 4.870000
 550 4.870000
 551 4.870000
 552 4.900000
 553 3.990000
 554 4.000000
 555 3.980000
 556 3.980000
 557 3.980000
 558 4.940000
 559 4.940000
 560 4.960000
 561 4.940000
 562 4.960000
 563 3.430000
 564 3.420000
 565 3.420000
 566 3.420000
 567 3.360000
 568 3.360000
 569 3.370000
 570 3.370000
 571 3.360000
 572 3.400000
 573 4.410000
 574 4.410000
 575 4.410000
 576 4.420000
 577 4.430000
 578 4.400000
 579 4.430000
 580 4.440000
 581 4.440000
 582 4.520000
 583 5.170000
 584 5.170000
 585 2.840000
 586 2.780000
 587 2.760000
 588 2.770000
 589 2.700000
 590 2.700000
 591 2.730000
 592 2.730000
 593 4.510000
 594 4.530000
 595 4.580000
 596 4.590000
 597 4.590000
 598 4.020000
 599 3.950000
 600 3.520000
 601 3.500000
 602 3.510000
 603 3.560000
 604 3.530000
 605 3.560000
 606 3.590000
 607 3.750000
 608 3.720000
 609 3.680000
 610 3.680000
 611 3.670000
 612 3.730000
 613 3.730000
 614 2.570000
 615 2.580000
 616 2.580000
 617 2.580000
 618 2.580000
 619 2.570000
 620 2.590000
 621 2.540000
 622 3.650000
 623 3.110000
 624 3.060000
 625 3.030000
 626 3.020000
 627 3.010000
 628 2.990000
 629 3.000000
 630 3.020000
 631 3.820000
 632 3.820000
 633 3.800000
 634 3.760000
 635 3.780000
 636 3.800000
 637 3.910000
 638 3.980000
 639 4.010000
 640 4.220000
 641 4.630000
 642 4.640000
 643 4.610000
 644 4.590000
 645 4.590000
 646 4.560000
 647 4.560000
 648 4.540000
 649 4.280000
 650 4.250000
 651 4.250000
 652 4.350000
 653 4.440000
 654 4.440000
 655 4.450000
 656 4.500000
 657 4.460000
 658 4.480000
 659 4.490000
 660 4.490000
 661 4.450000
 662 4.440000
 663 3.500000
 664 3.510000
 665 3.490000
 666 3.520000
 667 4.370000
 668 4.370000
 669 4.370000
 670 4.350000
 671 4.350000
 672 4.320000
 673 4.290000
 674 4.300000
 675 4.270000
 676 4.240000
 677 4.000000
 678 3.990000
 679 4.020000
 680 4.170000
 681 4.220000
 682 4.220000
 683 4.200000
 684 4.200000
 685 4.170000
 686 4.170000
 687 4.170000
 688 4.170000
 689 4.130000
 690 4.130000
 691 4.150000
 692 4.120000
 693 4.100000
 694 4.110000
 695 4.100000
 696 4.090000
 697 4.090000
 698 4.090000
 699 4.070000
 700 4.050000
 701 4.050000
 702 4.030000
 703 4.050000
 704 4.020000
 705 4.000000
 706 4.000000
 707 4.000000
 708 3.110000
 709 3.110000
 710 3.060000
 711 3.150000
 712 3.140000
 713 3.140000
 714 3.060000
 715 3.150000
 716 3.120000
 717 3.010000
 718 3.110000
 719 3.910000
 720 3.010000
 721 3.120000
 722 3.000000
 723 3.100000
 724 3.090000
 725 3.110000
 726 3.010000
 727 3.100000
 728 3.070000
 729 3.080000
 730 3.010000
 731 3.070000
 732 3.030000
 733 3.110000
 734 3.030000
 735 3.120000
 736 3.100000
 737 3.030000
 738 3.010000
 739 3.000000
 740 3.010000
 741 4.020000
 742 3.000000
 743 3.010000
 744 3.050000
 745 3.050000
 746 3.070000
 747 3.040000
 748 3.020000
 749 3.020000
 750 3.010000
 751 3.010000
 752 3.000000
 753 3.030000
 754 3.040000
 755 2.990000
 756 3.040000
 757 3.040000
 758 2.980000
 759 2.970000
 760 3.080000
 0 0.140000
 1 0.150000
 2 0.160000
 3 0.250000
 4 0.230000
 5 0.240000
 6 0.240000
 7 0.290000
 8 0.150000
 9 0.160000
 10 0.260000
 11 0.370000
 12 0.970000
 13 2.810000
 14 2.840000
 15 2.810000
 16 2.810000
 17 2.810000
 18 2.810000
 19 2.810000
 20 2.790000
 21 2.790000
 22 2.790000
 23 2.790000
 24 2.760000
 25 2.790000
 26 2.790000
 27 2.770000
 28 2.500000
 29 2.430000
 30 2.410000
 31 2.550000
 32 2.800000
 33 2.750000
 34 2.770000
 35 2.770000
 36 2.750000
 37 2.770000
 38 2.760000
 39 2.150000
 40 1.810000
 41 1.610000
 42 1.510000
 43 1.520000
 44 1.500000
 45 1.500000
 46 1.500000
 47 1.480000
 48 1.480000
 49 1.490000
 50 1.490000
 51 1.490000
 52 1.490000
 53 1.490000
 54 1.490000
 55 1.490000
 56 1.510000
 57 1.490000
 58 1.510000
 59 1.490000
 60 1.490000
 61 1.490000
 62 1.500000
 63 1.490000
 64 1.500000
 65 1.510000
 66 1.520000
 67 1.510000
 68 1.540000
 69 1.530000
 70 1.530000
 71 1.530000
 72 1.530000
 73 1.550000
 74 1.530000
 75 1.550000
 76 1.570000
 77 1.570000
 78 1.600000
 79 1.670000
 80 2.250000
 81 2.280000
 82 2.280000
 83 2.300000
 84 2.300000
 85 2.280000
 86 2.300000
 87 2.290000
 88 2.390000
 89 2.400000
 90 2.390000
 91 2.410000
 92 2.420000
 93 1.530000
 94 1.520000
 95 1.490000
 96 1.490000
 97 1.500000
 98 1.480000
 99 1.450000
 100 1.450000
 101 1.440000
 102 1.430000
 103 1.400000
 104 1.380000
 105 1.380000
 106 1.400000
 107 1.370000
 108 1.380000
 109 1.380000
 110 1.350000
 111 1.350000
 112 1.350000
 113 1.330000
 114 1.330000
 115 1.350000
 116 1.320000
 117 1.320000
 118 1.320000
 119 1.320000
 120 1.340000
 121 1.340000
 122 1.340000
 123 1.340000
 124 1.380000
 125 1.400000
 126 2.110000
 127 2.100000
 128 2.120000
 129 2.110000
 130 2.110000
 131 2.120000
 132 2.440000
 133 2.390000
 134 2.470000
 135 2.630000
 136 2.560000
 137 2.540000
 138 2.510000
 139 2.510000
 140 2.550000
 141 2.700000
 142 2.540000
 143 2.570000
 144 2.570000
 145 2.590000
 146 2.780000
 147 2.760000
 148 2.720000
 149 2.770000
 150 2.700000
 151 2.510000
 152 2.510000
 153 2.500000
 154 2.520000
 155 2.580000
 156 2.610000
 157 2.750000
 158 2.860000
 159 2.890000
 160 2.890000
 161 2.890000
 162 2.890000
 163 2.880000
 164 2.850000
 165 2.900000
 166 2.880000
 167 2.900000
 168 2.880000
 169 2.900000
 170 2.900000
 171 2.900000
 172 2.900000
 173 2.930000
 174 2.930000
 175 2.930000
 176 2.900000
 177 2.930000
 178 2.930000
 179 2.950000
 180 2.930000
 181 2.950000
 182 2.900000
 183 2.950000
 184 2.950000
 185 2.950000
 186 2.970000
 187 2.910000
 188 2.860000
 189 2.900000
 190 2.530000
 191 2.370000
 192 2.360000
 193 2.390000
 194 2.380000
 195 2.360000
 196 2.380000
 197 2.380000
 198 2.340000
 199 2.330000
 200 2.340000
 201 2.340000
 202 2.310000
 203 2.330000
 204 2.270000
 205 2.240000
 206 2.220000
 207 2.230000
 208 2.200000
 209 2.190000
 210 2.240000
 211 2.160000
 212 2.210000
 213 2.200000
 214 2.150000
 215 2.910000
 216 2.910000
 217 2.910000
 218 2.940000
 219 2.910000
 220 2.860000
 221 2.860000
 222 2.860000
 223 2.880000
 224 2.900000
 225 2.890000
 226 2.920000
 227 2.900000
 228 1.550000
 229 1.560000
 230 1.560000
 231 1.560000
 232 1.560000
 233 1.560000
 234 1.560000
 235 1.560000
 236 1.560000
 237 1.560000
 238 1.560000
 239 1.590000
 240 1.590000
 241 1.590000
 242 1.560000
 243 1.590000
 244 1.590000
 245 1.590000
 246 1.590000
 247 1.590000
 248 1.590000
 249 1.590000
 250 1.590000
 251 1.590000
 252 1.610000
 253 1.590000
 254 1.610000
 255 1.590000
 256 1.610000
 257 1.610000
 258 1.610000
 259 1.610000
 260 1.640000
 261 1.610000
 262 1.610000
 263 1.640000
 264 1.640000
 265 1.640000
 266 1.640000
 267 1.640000
 268 1.660000
 269 1.640000
 270 1.660000
 271 1.640000
 272 1.660000
 273 1.660000
 274 1.650000
 275 1.640000
 276 1.650000
 277 1.680000
 278 1.660000
 279 1.680000
 280 1.680000
 281 1.680000
 282 1.680000
 283 1.680000
 284 1.690000
 285 1.680000
 286 1.700000
 287 1.680000
 288 1.710000
 289 1.700000
 290 1.740000
 291 1.730000
 292 1.730000
 293 1.700000
 294 1.460000
 295 1.450000
 296 1.470000
 297 1.470000
 298 1.450000
 299 1.420000
 300 1.450000
 301 1.450000
 302 1.420000
 303 1.440000
 304 1.400000
 305 1.450000
 306 1.420000
 307 1.450000
 308 1.480000
 309 1.570000
 310 1.800000
 311 1.800000
 312 1.780000
 313 1.800000
 314 1.830000
 315 1.830000
 316 1.830000
 317 1.830000
 318 3.540000
 319 3.560000
 320 3.580000
 321 3.560000
 322 2.010000
 323 1.960000
 324 1.970000
 325 1.970000
 326 1.960000
 327 1.960000
 328 1.940000
 329 1.960000
 330 1.940000
 331 1.950000
 332 1.990000
 333 2.010000
 334 3.630000
 335 3.630000
 336 3.650000
 337 3.650000
 338 3.440000
 339 2.510000
 340 2.520000
 341 2.520000
 342 2.500000
 343 2.500000
 344 2.490000
 345 2.490000
 346 2.520000
 347 2.560000
 348 3.480000
 349 3.530000
 350 1.330000
 351 1.340000
 352 1.340000
 353 1.340000
 354 1.330000
 355 1.310000
 356 1.340000
 357 1.310000
 358 1.340000
 359 1.310000
 360 1.310000
 361 1.310000
 362 1.330000
 363 1.330000
 364 1.420000
 365 1.860000
 366 1.890000
 367 1.880000
 368 1.860000
 369 1.890000
 370 1.890000
 371 1.890000
 372 1.860000
 373 1.900000
 374 2.030000
 375 2.460000
 376 2.460000
 377 2.440000
 378 2.460000
 379 2.470000
 380 2.660000
 381 2.660000
 382 2.650000
 383 2.660000
 384 2.630000
 385 2.660000
 386 2.660000
 387 2.640000
 388 2.650000
 389 2.630000
 390 2.620000
 391 2.640000
 392 2.630000
 393 2.630000
 394 2.630000
 395 2.630000
 396 2.600000
 397 2.620000
 398 2.640000
 399 2.650000
 400 2.610000
 401 2.610000
 402 2.600000
 403 2.610000
 404 2.610000
 405 2.610000
 406 2.460000
 407 2.410000
 408 2.110000
 409 1.870000
 410 1.860000
 411 1.430000
 412 1.350000
 413 1.310000
 414 1.310000
 415 1.340000
 416 1.310000
 417 1.340000
 418 1.310000
 419 1.310000
 420 1.310000
 421 1.310000
 422 1.350000
 423 1.310000
 424 1.310000
 425 1.310000
 426 1.440000
 427 3.100000
 428 3.100000
 429 3.160000
 430 1.450000
 431 1.500000
 432 1.480000
 433 1.480000
 434 1.490000
 435 1.500000
 436 1.490000
 437 1.480000
 438 1.480000
 439 1.480000
 440 1.520000
 441 1.510000
 442 1.500000
 443 1.500000
 444 1.490000
 445 1.500000
 446 1.510000
 447 1.510000
 448 1.540000
 449 1.520000
 450 1.510000
 451 1.520000
 452 1.500000
 453 1.520000
 454 1.560000
 455 1.550000
 456 1.550000
 457 1.550000
 458 1.560000
 459 1.560000
 460 1.590000
 461 1.590000
 462 1.550000
 463 1.580000
 464 1.570000
 465 1.590000
 466 1.600000
 467 1.590000
 468 1.640000
 469 1.280000
 470 1.180000
 471 1.130000
 472 1.140000
 473 1.110000
 474 1.110000
 475 1.110000
 476 1.110000
 477 1.110000
 478 1.110000
 479 1.120000
 480 1.110000
 481 1.110000
 482 1.140000
 483 1.110000
 484 1.140000
 485 1.140000
 486 1.150000
 487 1.150000
 488 1.180000
 489 1.170000
 490 1.190000
 491 1.210000
 492 1.310000
 493 1.780000
 494 1.750000
 495 1.740000
 496 1.750000
 497 1.740000
 498 1.730000
 499 1.710000
 500 1.690000
 501 1.690000
 502 1.680000
 503 1.690000
 504 1.650000
 505 1.660000
 506 1.640000
 507 1.660000
 508 1.610000
 509 1.610000
 510 1.600000
 511 1.590000
 512 1.600000
 513 1.560000
 514 1.580000
 515 1.600000
 516 1.610000
 517 1.610000
 518 1.610000
 519 1.610000
 520 1.640000
 521 1.640000
 522 1.640000
 523 1.640000
 524 1.660000
 525 1.660000
 526 1.660000
 527 1.690000
 528 1.660000
 529 1.690000
 530 1.690000
 531 1.710000
 532 1.710000
 533 1.710000
 534 1.740000
 535 1.740000
 536 1.710000
 537 1.720000
 538 1.750000
 539 1.780000
 540 1.750000
 541 1.770000
 542 1.760000
 543 1.760000
 544 1.780000
 545 1.810000
 546 1.810000
 547 1.830000
 548 4.870000
 549 4.870000
 550 4.880000
 551 4.870000
 552 4.870000
 553 3.990000
 554 3.970000
 555 3.980000
 556 3.980000
 557 4.010000
 558 4.940000
 559 4.960000
 560 4.940000
 561 4.940000
 562 4.940000
 563 3.420000
 564 3.410000
 565 3.420000
 566 3.410000
 567 3.360000
 568 3.360000
 569 3.370000
 570 3.400000
 571 3.360000
 572 3.370000
 573 4.440000
 574 4.440000
 575 4.440000
 576 4.420000
 577 4.430000
 578 4.430000
 579 4.430000
 580 4.440000
 581 4.440000
 582 4.490000
 583 5.170000
 584 5.170000
 585 2.860000
 586 2.780000
 587 2.760000
 588 2.770000
 589 2.700000
 590 2.700000
 591 2.730000
 592 2.740000
 593 4.530000
 594 4.490000
 595 4.570000
 596 4.590000
 597 4.630000
 598 4.020000
 599 3.940000
 600 3.520000
 601 3.500000
 602 3.510000
 603 3.560000
 604 3.530000
 605 3.580000
 606 3.590000
 607 3.730000
 608 3.720000
 609 3.700000
 610 3.690000
 611 3.670000
 612 3.710000
 613 2.610000
 614 2.580000
 615 2.590000
 616 2.570000
 617 2.580000
 618 2.560000
 619 2.570000
 620 2.580000
 621 2.610000
 622 3.650000
 623 3.110000
 624 3.060000
 625 3.030000
 626 3.020000
 627 3.030000
 628 3.000000
 629 3.000000
 630 3.020000
 631 3.820000
 632 3.860000
 633 3.780000
 634 3.760000
 635 3.780000
 636 3.800000
 637 3.930000
 638 3.950000
 639 4.000000
 640 4.240000
 641 4.630000
 642 4.640000
 643 4.610000
 644 4.590000
 645 4.590000
 646 4.560000
 647 4.560000
 648 4.540000
 649 4.280000
 650 4.250000
 651 4.250000
 652 4.360000
 653 4.460000
 654 4.440000
 655 4.450000
 656 4.470000
 657 4.460000
 658 4.480000
 659 4.460000
 660 4.460000
 661 4.470000
 662 4.440000
 663 3.500000
 664 3.510000
 665 3.490000
 666 3.520000
 667 4.400000
 668 4.370000
 669 4.350000
 670 4.350000
 671 4.320000
 672 4.320000
 673 4.290000
 674 4.300000
 675 4.300000
 676 4.270000
 677 4.000000
 678 4.010000
 679 4.020000
 680 4.170000
 681 4.220000
 682 4.220000
 683 4.170000
 684 4.170000
 685 4.170000
 686 4.170000
 687 4.170000
 688 4.170000
 689 4.120000
 690 4.130000
 691 4.120000
 692 4.100000
 693 4.120000
 694 4.110000
 695 4.100000
 696 4.090000
 697 4.060000
 698 4.060000
 699 4.070000
 700 4.050000
 701 4.050000
 702 4.030000
 703 4.020000
 704 4.020000
 705 4.000000
 706 4.020000
 707 3.970000
 708 3.100000
 709 3.110000
 710 3.060000
 711 3.150000
 712 3.170000
 713 3.170000
 714 3.080000
 715 3.150000
 716 3.140000
 717 3.030000
 718 3.120000
 719 3.900000
 720 3.030000
 721 3.120000
 722 3.030000
 723 3.100000
 724 3.100000
 725 3.110000
 726 3.010000
 727 3.100000
 728 3.100000
 729 3.070000
 730 3.010000
 731 3.070000
 732 3.010000
 733 3.110000
 734 3.060000
 735 3.120000
 736 3.100000
 737 3.030000
 738 3.010000
 739 3.020000
 740 3.030000
 741 3.990000
 742 3.020000
 743 3.010000
 744 3.050000
 745 3.050000
 746 3.070000
 747 3.010000
 748 3.020000
 749 3.050000
 750 3.010000
 751 3.010000
 752 3.010000
 753 3.020000
 754 3.040000
 755 2.980000
 756 3.070000
 757 3.060000
 758 3.010000
 759 2.970000
 760 3.050000
 0 0.140000
 1 0.150000
 2 0.300000
 3 0.250000
 4 0.260000
 5 0.240000
 6 0.240000
 7 0.290000
 8 0.170000
 9 0.160000
 10 0.290000
 11 0.390000
 12 0.940000
 13 2.840000
 14 2.840000
 15 2.810000
 16 2.810000
 17 2.790000
 18 2.810000
 19 2.810000
 20 2.790000
 21 2.810000
 22 2.790000
 23 2.790000
 24 2.790000
 25 2.790000
 26 2.760000
 27 2.800000
 28 2.480000
 29 2.450000
 30 2.410000
 31 2.550000
 32 2.760000
 33 2.770000
 34 2.770000
 35 2.770000
 36 2.770000
 37 2.770000
 38 2.740000
 39 2.150000
 40 1.790000
 41 1.580000
 42 1.540000
 43 1.520000
 44 1.500000
 45 1.480000
 46 1.500000
 47 1.480000
 48 1.480000
 49 1.490000
 50 1.490000
 51 1.510000
 52 1.490000
 53 1.490000
 54 1.510000
 55 1.490000
 56 1.490000
 57 1.510000
 58 1.490000
 59 1.490000
 60 1.490000
 61 1.510000
 62 1.500000
 63 1.490000
 64 1.500000
 65 1.540000
 66 1.520000
 67 1.510000
 68 1.530000
 69 1.530000
 70 1.530000
 71 1.550000
 72 1.550000
 73 1.550000
 74 1.530000
 75 1.550000
 76 1.570000
 77 1.570000
 78 1.600000
 79 1.670000
 80 2.250000
 81 2.300000
 82 2.280000
 83 2.280000
 84 2.300000
 85 2.280000
 86 2.300000
 87 2.290000
 88 2.390000
 89 2.390000
 90 2.400000
 91 2.410000
 92 2.420000
 93 1.520000
 94 1.520000
 95 1.490000
 96 1.490000
 97 1.470000
 98 1.450000
 99 1.430000
 100 1.450000
 101 1.440000
 102 1.400000
 103 1.420000
 104 1.400000
 105 1.380000
 106 1.400000
 107 1.370000
 108 1.380000
 109 1.380000
 110 1.350000
 111 1.350000
 112 1.350000
 113 1.350000
 114 1.330000
 115 1.350000
 116 1.350000
 117 1.320000
 118 1.320000
 119 1.310000
 120 1.310000
 121 1.340000
 122 1.340000
 123 1.360000
 124 1.380000
 125 1.400000
 126 2.110000
 127 2.100000
 128 2.100000
 129 2.090000
 130 2.110000
 131 2.120000
 132 2.410000
 133 2.390000
 134 2.470000
 135 2.630000
 136 2.560000
 137 2.500000
 138 2.510000
 139 2.510000
 140 2.520000
 141 2.680000
 142 2.540000
 143 2.570000
 144 2.570000
 145 2.620000
 146 2.780000
 147 2.750000
 148 2.710000
 149 2.750000
 150 2.700000
 151 2.510000
 152 2.510000
 153 2.500000
 154 2.520000
 155 2.610000
 156 2.610000
 157 2.730000
 158 2.860000
 159 2.890000
 160 2.890000
 161 2.880000
 162 2.890000
 163 2.900000
 164 2.850000
 165 2.900000
 166 2.850000
 167 2.900000
 168 2.880000
 169 2.900000
 170 2.900000
 171 2.930000
 172 2.930000
 173 2.930000
 174 2.900000
 175 2.930000
 176 2.930000
 177 2.950000
 178 2.930000
 179 2.950000
 180 2.950000
 181 2.950000
 182 2.900000
 183 2.950000
 184 2.950000
 185 2.980000
 186 2.950000
 187 2.910000
 188 2.860000
 189 2.870000
 190 2.510000
 191 2.460000
 192 2.360000
 193 2.390000
 194 2.380000
 195 2.380000
 196 2.380000
 197 2.380000
 198 2.340000
 199 2.340000
 200 2.340000
 201 2.390000
 202 2.340000
 203 2.330000
 204 2.270000
 205 2.240000
 206 2.220000
 207 2.200000
 208 2.220000
 209 2.220000
 210 2.250000
 211 2.160000
 212 2.210000
 213 2.200000
 214 2.180000
 215 2.930000
 216 2.880000
 217 2.940000
 218 2.910000
 219 2.880000
 220 2.890000
 221 2.860000
 222 2.860000
 223 2.860000
 224 2.900000
 225 2.920000
 226 2.920000
 227 2.920000
 228 1.550000
 229 1.560000
 230 1.560000
 231 1.560000
 232 1.560000
 233 1.560000
 234 1.590000
 235 1.560000
 236 1.590000
 237 1.590000
 238 1.590000
 239 1.590000
 240 1.590000
 241 1.590000
 242 1.590000
 243 1.560000
 244 1.590000
 245 1.590000
 246 1.590000
 247 1.590000
 248 1.590000
 249 1.590000
 250 1.590000
 251 1.610000
 252 1.610000
 253 1.590000
 254 1.610000
 255 1.610000
 256 1.610000
 257 1.610000
 258 1.610000
 259 1.640000
 260 1.610000
 261 1.610000
 262 1.640000
 263 1.610000
 264 1.610000
 265 1.640000
 266 1.640000
 267 1.640000
 268 1.640000
 269 1.640000
 270 1.640000
 271 1.660000
 272 1.660000
 273 1.660000
 274 1.660000
 275 1.660000
 276 1.660000
 277 1.650000
 278 1.660000
 279 1.680000
 280 1.650000
 281 1.680000
 282 1.700000
 283 1.680000
 284 1.680000
 285 1.700000
 286 1.680000
 287 1.700000
 288 1.700000
 289 1.710000
 290 1.730000
 291 1.700000
 292 1.700000
 293 1.700000
 294 1.460000
 295 1.450000
 296 1.450000
 297 1.450000
 298 1.450000
 299 1.450000
 300 1.420000
 301 1.450000
 302 1.420000
 303 1.410000
 304 1.430000
 305 1.420000
 306 1.450000
 307 1.450000
 308 1.500000
 309 1.540000
 310 1.780000
 311 1.800000
 312 1.800000
 313 1.830000
 314 1.800000
 315 1.800000
 316 1.830000
 317 1.830000
 318 3.550000
 319 3.560000
 320 3.530000
 321 3.580000
 322 2.040000
 323 1.960000
 324 2.000000
 325 1.950000
 326 1.960000
 327 1.950000
 328 1.940000
 329 1.960000
 330 1.940000
 331 1.950000
 332 1.970000
 333 2.030000
 334 3.650000
 335 3.630000
 336 3.640000
 337 3.660000
 338 3.430000
 339 2.510000
 340 2.520000
 341 2.500000
 342 2.500000
 343 2.520000
 344 2.490000
 345 2.490000
 346 2.520000
 347 2.580000
 348 3.450000
 349 3.530000
 350 1.330000
 351 1.340000
 352 1.310000
 353 1.340000
 354 1.330000
 355 1.310000
 356 1.310000
 357 1.310000
 358 1.340000
 359 1.340000
 360 1.310000
 361 1.340000
 362 1.330000
 363 1.330000
 364 1.420000
 365 1.860000
 366 1.890000
 367 1.880000
 368 1.890000
 369 1.890000
 370 1.890000
 371 1.890000
 372 1.890000
 373 1.890000
 374 2.030000
 375 2.440000
 376 2.460000
 377 2.440000
 378 2.410000
 379 2.470000
 380 2.640000
 381 2.630000
 382 2.650000
 383 2.660000
 384 2.630000
 385 2.640000
 386 2.640000
 387 2.640000
 388 2.660000
 389 2.660000
 390 2.650000
 391 2.640000
 392 2.630000
 393 2.630000
 394 2.630000
 395 2.630000
 396 2.600000
 397 2.620000
 398 2.610000
 399 2.620000
 400 2.610000
 401 2.610000
 402 2.600000
 403 2.630000
 404 2.610000
 405 2.630000
 406 2.440000
 407 2.440000
 408 2.090000
 409 1.870000
 410 1.860000
 411 1.400000
 412 1.350000
 413 1.310000
 414 1.310000
 415 1.350000
 416 1.310000
 417 1.310000
 418 1.340000
 419 1.310000
 420 1.310000
 421 1.340000
 422 1.320000
 423 1.310000
 424 1.310000
 425 1.310000
 426 1.440000
 427 3.120000
 428 3.100000
 429 3.180000
 430 1.500000
 431 1.500000
 432 1.480000
 433 1.480000
 434 1.490000
 435 1.500000
 436 1.500000
 437 1.510000
 438 1.480000
 439 1.480000
 440 1.500000
 441 1.510000
 442 1.500000
 443 1.500000
 444 1.520000
 445 1.500000
 446 1.510000
 447 1.510000
 448 1.510000
 449 1.520000
 450 1.540000
 451 1.540000
 452 1.500000
 453 1.510000
 454 1.530000
 455 1.530000
 456 1.540000
 457 1.570000
 458 1.560000
 459 1.560000
 460 1.560000
 461 1.560000
 462 1.580000
 463 1.550000
 464 1.120000
 465 1.050000
 466 1.070000
 467 1.070000
 468 1.050000
 469 1.050000
 470 1.070000
 471 1.070000
 472 1.070000
 473 1.050000
 474 1.050000
 475 1.070000
 476 1.070000
 477 1.050000
 478 1.050000
 479 1.080000
 480 1.080000
 481 1.050000
 482 1.050000
 483 1.080000
 484 1.100000
 485 1.100000
 486 1.100000
 487 1.110000
 488 1.140000
 489 1.220000
 490 1.300000
 491 1.800000
 492 1.790000
 493 1.760000
 494 1.780000
 495 1.760000
 496 1.760000
 497 1.740000
 498 1.700000
 499 1.710000
 500 1.680000
 501 1.690000
 502 1.680000
 503 1.690000
 504 1.650000
 505 1.660000
 506 1.660000
 507 1.640000
 508 1.610000
 509 1.610000
 510 1.600000
 511 1.590000
 512 1.570000
 513 1.560000
 514 1.590000
 515 1.620000
 516 1.610000
 517 1.610000
 518 1.610000
 519 1.640000
 520 1.610000
 521 1.640000
 522 1.660000
 523 1.660000
 524 1.660000
 525 1.660000
 526 1.660000
 527 1.660000
 528 1.660000
 529 1.690000
 530 1.710000
 531 1.690000
 532 1.710000
 533 1.710000
 534 1.740000
 535 1.740000
 536 1.740000
 537 1.750000
 538 1.740000
 539 1.780000
 540 1.770000
 541 1.770000
 542 1.760000
 543 1.780000
 544 1.780000
 545 1.780000
 546 1.810000
 547 1.820000
 548 4.870000
 549 4.850000
 550 4.900000
 551 4.900000
 552 4.870000
 553 3.990000
 554 3.970000
 555 3.980000
 556 4.010000
 557 3.980000
 558 4.910000
 559 4.940000
 560 4.940000
 561 4.940000
 562 4.940000
 563 3.450000
 564 3.410000
 565 3.420000
 566 3.400000
 567 3.360000
 568 3.360000
 569 3.370000
 570 3.370000
 571 3.340000
 572 3.400000
 573 4.410000
 574 4.410000
 575 4.440000
 576 4.400000
 577 4.430000
 578 4.400000
 579 4.410000
 580 4.410000
 581 4.420000
 582 4.470000
 583 5.170000
 584 5.150000
 585 2.860000
 586 2.780000
 587 2.730000
 588 2.770000
 589 2.700000
 590 2.730000
 591 2.730000
 592 2.730000
 593 4.530000
 594 4.500000
 595 4.580000
 596 4.590000
 597 4.630000
 598 4.020000
 599 3.930000
 600 3.500000
 601 3.500000
 602 3.510000
 603 3.560000
 604 3.530000
 605 3.560000
 606 3.570000
 607 3.730000
 608 3.730000
 609 3.680000
 610 3.710000
 611 3.700000
 612 3.700000
 613 2.640000
 614 2.560000
 615 2.570000
 616 2.570000
 617 2.580000
 618 2.580000
 619 2.570000
 620 2.610000
 621 2.610000
 622 3.650000
 623 3.090000
 624 3.060000
 625 3.030000
 626 3.050000
 627 3.010000
 628 3.000000
 629 3.000000
 630 2.990000
 631 3.800000
 632 3.810000
 633 3.780000
 634 3.790000
 635 3.780000
 636 3.800000
 637 3.930000
 638 3.950000
 639 4.000000
 640 4.210000
 641 4.600000
 642 4.640000
 643 4.610000
 644 4.590000
 645 4.590000
 646 4.560000
 647 4.560000
 648 4.540000
 649 4.280000
 650 4.250000
 651 4.230000
 652 4.360000
 653 4.460000
 654 4.440000
 655 4.450000
 656 4.470000
 657 4.460000
 658 4.480000
 659 4.490000
 660 4.460000
 661 4.470000
 662 4.450000
 663 3.500000
 664 3.490000
 665 3.490000
 666 3.520000
 667 4.370000
 668 4.370000
 669 4.370000
 670 4.350000
 671 4.320000
 672 4.320000
 673 4.320000
 674 4.290000
 675 4.270000
 676 4.270000
 677 4.030000
 678 4.010000
 679 4.020000
 680 4.170000
 681 4.220000
 682 4.220000
 683 4.200000
 684 4.200000
 685 4.180000
 686 4.170000
 687 4.150000
 688 4.150000
 689 4.120000
 690 4.130000
 691 4.120000
 692 4.120000
 693 4.120000
 694 4.110000
 695 4.070000
 696 4.090000
 697 4.060000
 698 4.060000
 699 4.070000
 700 4.050000
 701 4.050000
 702 4.030000
 703 4.020000
 704 4.020000
 705 4.000000
 706 4.020000
 707 4.000000
 708 3.110000
 709 3.110000
 710 3.080000
 711 3.140000
 712 3.170000
 713 3.170000
 714 3.060000
 715 3.150000
 716 3.140000
 717 3.030000
 718 3.100000
 719 3.920000
 720 3.010000
 721 3.120000
 722 3.020000
 723 3.100000
 724 3.100000
 725 3.110000
 726 3.030000
 727 3.120000
 728 3.070000
 729 3.070000
 730 3.030000
 731 3.070000
 732 3.010000
 733 3.130000
 734 3.060000
 735 3.110000
 736 3.100000
 737 3.010000
 738 2.980000
 739 3.030000
 740 3.010000
 741 4.020000
 742 3.020000
 743 3.010000
 744 3.050000
 745 3.020000
 746 2.980000
 747 3.020000
 748 3.020000
 749 3.020000
 750 3.010000
 751 2.980000
 752 3.030000
 753 3.030000
 754 3.020000
 755 3.010000
 756 3.040000
 757 3.040000
 758 2.980000
 759 3.020000
 760 3.050000
 0 0.190000
 1 0.150000
 2 0.280000
 3 0.250000
 4 0.250000
 5 0.240000
 6 0.240000
 7 0.290000
 8 0.150000
 9 0.160000
 10 0.290000
 11 0.310000
 12 0.050000
 13 2.810000
 14 2.840000
 15 2.810000
 16 2.790000
 17 2.810000
 18 2.810000
 19 2.810000
 20 2.810000
 21 2.790000
 22 2.810000
 23 2.810000
 24 2.790000
 25 2.790000
 26 2.790000
 27 2.760000
 28 2.480000
 29 2.450000
 30 2.410000
 31 2.550000
 32 2.770000
 33 2.770000
 34 2.770000
 35 2.740000
 36 2.770000
 37 2.740000
 38 2.760000
 39 2.120000
 40 1.830000
 41 1.580000
 42 1.540000
 43 1.520000
 44 1.500000
 45 1.480000
 46 1.480000
 47 1.480000
 48 1.500000
 49 1.490000
 50 1.490000
 51 1.490000
 52 1.490000
 53 1.490000
 54 1.510000
 55 1.510000
 56 1.510000
 57 1.490000
 58 1.490000
 59 1.510000
 60 1.490000
 61 1.490000
 62 1.490000
 63 1.490000
 64 1.500000
 65 1.510000
 66 1.520000
 67 1.540000
 68 1.540000
 69 1.530000
 70 1.530000
 71 1.550000
 72 1.550000
 73 1.550000
 74 1.550000
 75 1.580000
 76 1.570000
 77 1.600000
 78 1.570000
 79 1.690000
 80 2.250000
 81 2.270000
 82 2.300000
 83 2.270000
 84 2.270000
 85 2.270000
 86 2.300000
 87 2.290000
 88 2.390000
 89 2.390000
 90 2.420000
 91 2.410000
 92 2.420000
 93 1.550000
 94 1.550000
 95 1.510000
 96 1.490000
 97 1.470000
 98 1.450000
 99 1.450000
 100 1.430000
 101 1.440000
 102 1.430000
 103 1.400000
 104 1.400000
 105 1.400000
 106 1.370000
 107 1.370000
 108 1.380000
 109 1.380000
 110 1.350000
 111 1.350000
 112 1.350000
 113 1.350000
 114 1.330000
 115 1.350000
 116 1.320000
 117 1.350000
 118 1.350000
 119 1.310000
 120 1.340000
 121 1.310000
 122 1.340000
 123 1.340000
 124 1.380000
 125 1.400000
 126 2.110000
 127 2.100000
 128 2.100000
 129 2.090000
 130 2.090000
 131 2.120000
 132 2.400000
 133 2.380000
 134 2.500000
 135 2.630000
 136 2.590000
 137 2.520000
 138 2.530000
 139 2.510000
 140 2.550000
 141 2.700000
 142 2.530000
 143 2.570000
 144 2.570000
 145 2.590000
 146 2.780000
 147 2.770000
 148 2.700000
 149 2.770000
 150 2.680000
 151 2.500000
 152 2.500000
 153 2.510000
 154 2.520000
 155 2.610000
 156 2.610000
 157 2.750000
 158 2.890000
 159 2.890000
 160 2.890000
 161 2.890000
 162 2.890000
 163 2.880000
 164 2.880000
 165 2.880000
 166 2.880000
 167 2.900000
 168 2.900000
 169 2.900000
 170 2.900000
 171 2.900000
 172 2.900000
 173 2.900000
 174 2.930000
 175 2.930000
 176 2.900000
 177 2.930000
 178 2.950000
 179 2.950000
 180 2.950000
 181 2.950000
 182 2.900000
 183 2.980000
 184 2.980000
 185 2.950000
 186 2.970000
 187 2.910000
 188 2.860000
 189 2.900000
 190 2.670000
 191 2.400000
 192 2.350000
 193 2.390000
 194 2.410000
 195 2.360000
 196 2.350000
 197 2.380000
 198 2.370000
 199 2.360000
 200 2.340000
 201 2.370000
 202 2.340000
 203 2.330000
 204 2.290000
 205 2.240000
 206 2.220000
 207 2.200000
 208 2.200000
 209 2.210000
 210 2.240000
 211 2.150000
 212 2.230000
 213 2.200000
 214 2.160000
 215 2.910000
 216 2.910000
 217 2.910000
 218 2.910000
 219 2.890000
 220 2.860000
 221 2.880000
 222 2.860000
 223 2.880000
 224 2.870000
 225 2.890000
 226 2.920000
 227 2.920000
 228 1.570000
 229 1.560000
 230 1.560000
 231 1.560000
 232 1.560000
 233 1.560000
 234 1.580000
 235 1.580000
 236 1.580000
 237 1.580000
 238 1.580000
 239 1.580000
 240 1.560000
 241 1.560000
 242 1.560000
 243 1.580000
 244 1.580000
 245 1.580000
 246 1.580000
 247 1.580000
 248 1.580000
 249 1.580000
 250 1.610000
 251 1.580000
 252 1.580000
 253 1.610000
 254 1.610000
 255 1.610000
 256 1.610000
 257 1.580000
 258 1.630000
 259 1.610000
 260 1.610000
 261 1.610000
 262 1.630000
 263 1.610000
 264 1.630000
 265 1.630000
 266 1.630000
 267 1.630000
 268 1.630000
 269 1.630000
 270 1.630000
 271 1.660000
 272 1.630000
 273 1.660000
 274 1.660000
 275 1.650000
 276 1.660000
 277 1.650000
 278 1.680000
 279 1.680000
 280 1.680000
 281 1.680000
 282 1.680000
 283 1.680000
 284 1.680000
 285 1.680000
 286 1.680000
 287 1.680000
 288 1.700000
 289 1.700000
 290 1.700000
 291 1.700000
 292 1.730000
 293 1.700000
 294 1.460000
 295 1.470000
 296 1.440000
 297 1.420000
 298 1.440000
 299 1.440000
 300 1.440000
 301 1.420000
 302 1.420000
 303 1.440000
 304 1.430000
 305 1.450000
 306 1.450000
 307 1.450000
 308 1.480000
 309 1.540000
 310 1.800000
 311 1.800000
 312 1.830000
 313 1.800000
 314 1.830000
 315 1.830000
 316 1.830000
 317 1.830000
 318 3.550000
 319 3.530000
 320 3.560000
 321 3.560000
 322 1.990000
 323 1.960000
 324 1.970000
 325 1.940000
 326 1.940000
 327 1.970000
 328 1.960000
 329 1.940000
 330 1.940000
 331 1.970000
 332 2.000000
 333 2.010000
 334 3.630000
 335 3.660000
 336 3.650000
 337 3.660000
 338 3.430000
 339 2.490000
 340 2.520000
 341 2.520000
 342 2.520000
 343 2.490000
 344 2.510000
 345 2.510000
 346 2.520000
 347 2.560000
 348 3.470000
 349 3.530000
 350 1.330000
 351 1.340000
 352 1.340000
 353 1.310000
 354 1.330000
 355 1.340000
 356 1.310000
 357 1.340000
 358 1.310000
 359 1.310000
 360 1.310000
 361 1.310000
 362 1.330000
 363 1.340000
 364 1.400000
 365 1.860000
 366 1.910000
 367 1.900000
 368 1.890000
 369 1.890000
 370 1.890000
 371 1.890000
 372 1.890000
 373 1.870000
 374 2.030000
 375 2.440000
 376 2.460000
 377 2.460000
 378 2.440000
 379 2.470000
 380 2.660000
 381 2.660000
 382 2.650000
 383 2.680000
 384 2.670000
 385 2.640000
 386 2.630000
 387 2.640000
 388 2.660000
 389 2.630000
 390 2.620000
 391 2.610000
 392 2.610000
 393 2.660000
 394 2.630000
 395 2.630000
 396 2.600000
 397 2.620000
 398 2.610000
 399 2.620000
 400 2.610000
 401 2.610000
 402 2.600000
 403 2.630000
 404 2.630000
 405 2.630000
 406 2.440000
 407 2.440000
 408 2.090000
 409 1.870000
 410 1.860000
 411 1.400000
 412 1.350000
 413 1.340000
 414 1.310000
 415 1.340000
 416 1.310000
 417 1.310000
 418 1.310000
 419 1.340000
 420 1.340000
 421 1.310000
 422 1.320000
 423 1.310000
 424 1.310000
 425 1.290000
 426 1.440000
 427 3.090000
 428 3.100000
 429 3.180000
 430 1.500000
 431 1.490000
 432 1.480000
 433 1.510000
 434 1.470000
 435 1.480000
 436 1.470000
 437 1.480000
 438 1.480000
 439 1.480000
 440 1.500000
 441 1.510000
 442 1.500000
 443 1.500000
 444 1.480000
 445 1.520000
 446 1.510000
 447 1.510000
 448 1.540000
 449 1.550000
 450 1.510000
 451 1.550000
 452 1.500000
 453 1.510000
 454 1.550000
 455 1.550000
 456 1.540000
 457 1.260000
 458 1.100000
 459 1.030000
 460 1.030000
 461 1.020000
 462 1.030000
 463 1.020000
 464 1.030000
 465 1.030000
 466 1.030000
 467 1.030000
 468 1.030000
 469 1.010000
 470 1.010000
 471 1.030000
 472 1.010000
 473 1.040000
 474 1.030000
 475 1.010000
 476 1.030000
 477 1.030000
 478 1.030000
 479 1.030000
 480 1.030000
 481 1.030000
 482 1.030000
 483 1.080000
 484 1.090000
 485 1.140000
 486 1.190000
 487 1.210000
 488 1.800000
 489 1.820000
 490 1.810000
 491 1.810000
 492 1.790000
 493 1.790000
 494 1.780000
 495 1.760000
 496 1.760000
 497 1.740000
 498 1.730000
 499 1.690000
 500 1.690000
 501 1.690000
 502 1.680000
 503 1.660000
 504 1.650000
 505 1.660000
 506 1.640000
 507 1.640000
 508 1.610000
 509 1.610000
 510 1.600000
 511 1.590000
 512 1.570000
 513 1.560000
 514 1.590000
 515 1.600000
 516 1.610000
 517 1.610000
 518 1.640000
 519 1.640000
 520 1.640000
 521 1.610000
 522 1.660000
 523 1.640000
 524 1.660000
 525 1.660000
 526 1.690000
 527 1.690000
 528 1.690000
 529 1.660000
 530 1.690000
 531 1.710000
 532 1.690000
 533 1.710000
 534 1.710000
 535 1.710000
 536 1.740000
 537 1.760000
 538 1.760000
 539 1.780000
 540 1.770000
 541 1.790000
 542 1.750000
 543 1.750000
 544 1.780000
 545 1.780000
 546 1.780000
 547 1.800000
 548 4.870000
 549 4.870000
 550 4.880000
 551 4.900000
 552 4.870000
 553 3.990000
 554 3.970000
 555 3.980000
 556 4.010000
 557 4.010000
 558 4.910000
 559 4.940000
 560 4.940000
 561 4.960000
 562 4.960000
 563 3.390000
 564 3.420000
 565 3.420000
 566 3.390000
 567 3.380000
 568 3.380000
 569 3.370000
 570 3.400000
 571 3.390000
 572 3.370000
 573 4.430000
 574 4.410000
 575 4.410000
 576 4.420000
 577 4.430000
 578 4.430000
 579 4.430000
 580 4.440000
 581 4.420000
 582 4.490000
 583 5.150000
 584 5.150000
 585 2.840000
 586 2.780000
 587 2.760000
 588 2.770000
 589 2.730000
 590 2.730000
 591 2.730000
 592 2.760000
 593 4.530000
 594 4.530000
 595 4.570000
 596 4.580000
 597 4.620000
 598 4.020000
 599 3.940000
 600 3.520000
 601 3.520000
 602 3.510000
 603 3.530000
 604 3.530000
 605 3.580000
 606 3.590000
 607 3.730000
 608 3.700000
 609 3.700000
 610 3.680000
 611 3.670000
 612 3.710000
 613 2.640000
 614 2.550000
 615 2.590000
 616 2.570000
 617 2.580000
 618 2.560000
 619 2.570000
 620 2.610000
 621 2.620000
 622 3.650000
 623 3.110000
 624 3.060000
 625 3.030000
 626 3.020000
 627 3.030000
 628 3.000000
 629 3.020000
 630 3.020000
 631 3.820000
 632 3.830000
 633 3.780000
 634 3.750000
 635 3.780000
 636 3.800000
 637 3.900000
 638 3.960000
 639 4.000000
 640 4.200000
 641 4.630000
 642 4.610000
 643 4.610000
 644 4.610000
 645 4.590000
 646 4.560000
 647 4.560000
 648 4.540000
 649 4.280000
 650 4.250000
 651 4.230000
 652 4.340000
 653 4.460000
 654 4.460000
 655 4.450000
 656 4.470000
 657 4.460000
 658 4.480000
 659 4.490000
 660 4.460000
 661 4.470000
 662 4.440000
 663 3.500000
 664 3.490000
 665 3.490000
 666 3.520000
 667 4.390000
 668 4.370000
 669 4.350000
 670 4.340000
 671 4.320000
 672 4.320000
 673 4.290000
 674 4.300000
 675 4.270000
 676 4.270000
 677 4.000000
 678 3.980000
 679 4.020000
 680 4.190000
 681 4.220000
 682 4.220000
 683 4.200000
 684 4.200000
 685 4.170000
 686 4.150000
 687 4.150000
 688 4.170000
 689 4.160000
 690 4.130000
 691 4.120000
 692 4.130000
 693 4.100000
 694 4.110000
 695 4.100000
 696 4.060000
 697 4.090000
 698 4.060000
 699 4.070000
 700 4.050000
 701 4.050000
 702 4.060000
 703 4.020000
 704 4.020000
 705 4.020000
 706 3.990000
 707 4.000000
 708 3.110000
 709 3.080000
 710 3.080000
 711 3.140000
 712 3.150000
 713 3.140000
 714 3.050000
 715 3.120000
 716 3.150000
 717 3.000000
 718 3.100000
 719 3.930000
 720 3.000000
 721 3.120000
 722 3.000000
 723 3.070000
 724 3.090000
 725 3.130000
 726 3.000000
 727 3.100000
 728 3.080000
 729 3.100000
 730 3.030000
 731 3.100000
 732 3.000000
 733 3.110000
 734 3.030000
 735 3.120000
 736 3.100000
 737 3.030000
 738 3.000000
 739 3.000000
 740 3.000000
 741 4.000000
 742 3.000000
 743 3.000000
 744 3.040000
 745 3.020000
 746 3.040000
 747 3.020000
 748 3.020000
 749 3.020000
 750 2.980000
 751 2.980000
 752 3.000000
 753 2.990000
 754 3.020000
 755 3.010000
 756 3.040000
 757 2.950000
 758 2.980000
 759 3.000000
 760 3.080000