
 0 1.850000
 1 1.850000
 2 1.850000
 3 1.820000
 4 1.880000
 5 1.950000
 6 1.900000
 7 1.780000
 8 1.920000
 9 1.930000
 10 1.890000
 11 1.890000
 12 1.950000
 13 1.920000
 14 1.760000
 15 1.910000
 16 1.910000
 17 1.890000
 18 1.880000
 19 1.940000
 20 1.890000
 21 1.840000
 22 1.810000
 23 1.910000
 24 2.510000
 25 1.820000
 26 2.510000
 27 1.810000
 28 1.870000
 29 1.800000
 30 1.810000
 31 2.540000
 32 1.790000
 33 2.540000
 34 1.930000
 35 1.810000
 36 2.510000
 37 1.800000
 38 2.540000
 39 1.830000
 40 2.540000
 41 1.930000
 42 2.540000
 43 2.210000
 44 1.830000
 45 2.540000
 46 1.960000
 47 2.540000
 48 1.880000
 49 1.920000
 50 1.930000
 51 1.980000
 52 1.960000
 53 1.960000
 54 1.980000
 55 1.960000
 56 1.980000
 57 1.930000
 58 1.980000
 59 1.960000
 60 1.980000
 61 1.980000
 62 1.980000
 63 1.980000
 64 1.960000
 65 1.980000
 66 1.980000
 67 1.980000
 68 1.910000
 69 1.980000
 70 1.980000
 71 2.030000
 72 2.010000
 73 2.030000
 74 2.010000
 75 1.930000
 76 2.030000
 77 1.910000
 78 2.060000
 79 1.960000
 80 2.080000
 81 1.940000
 82 2.060000
 83 1.960000
 84 2.090000
 85 1.950000
 86 2.090000
 87 1.980000
 88 2.110000
 89 2.110000
 90 2.150000
 91 1.980000
 92 2.080000
 93 2.040000
 94 2.020000
 95 2.070000
 96 2.060000
 97 2.040000
 98 2.040000
 99 2.050000
 100 2.040000
 101 2.030000
 102 2.010000
 103 2.090000
 104 2.160000
 105 2.140000
 106 2.030000
 107 2.030000
 108 2.060000
 109 2.050000
 110 2.690000
 111 2.060000
 112 2.130000
 113 2.090000
 114 2.110000
 115 2.060000
 116 2.080000
 117 2.240000
 118 2.260000
 119 2.210000
 120 2.110000
 121 2.220000
 122 2.200000
 123 2.180000
 124 2.080000
 125 2.110000
 126 2.110000
 127 2.180000
 128 2.210000
 129 2.210000
 130 2.210000
 131 2.180000
 132 2.190000
 133 2.130000
 134 2.300000
 135 2.180000
 136 2.310000
 137 2.170000
 138 2.270000
 139 2.260000
 140 2.160000
 141 2.210000
 142 2.160000
 143 2.190000
 144 2.180000
 145 2.280000
 146 2.240000
 147 2.290000
 148 2.350000
 149 2.320000
 150 2.320000
 151 2.230000
 152 2.280000
 153 2.320000
 154 2.280000
 155 2.310000
 156 2.330000
 157 2.350000
 158 2.350000
 159 2.350000
 160 2.360000
 161 2.390000
 162 2.380000
 163 2.300000
 164 2.380000
 165 2.440000
 166 2.330000
 167 2.310000
 168 2.330000
 169 2.330000
 170 2.470000
 171 2.300000
 172 2.450000
 173 2.450000
 174 2.450000
 175 2.420000
 176 2.470000
 177 2.470000
 178 2.500000
 179 2.570000
 180 2.510000
 181 2.480000
 182 2.510000
 183 2.470000
 184 2.510000
 185 2.490000
 186 2.510000
 187 2.490000
 188 2.460000
 189 2.480000
 190 2.490000
 191 2.510000
 192 2.480000
 193 2.660000
 194 2.720000
 195 3.710000
 196 3.730000
 197 3.760000
 198 3.610000
 199 3.070000
 200 3.050000
 201 3.070000
 202 3.070000
 203 3.080000
 204 3.080000
 205 3.120000
 206 3.150000
 207 3.540000
 208 3.510000
 209 3.510000
 210 3.490000
 211 3.490000
 212 3.490000
 213 3.490000
 214 3.490000
 215 3.440000
 216 3.440000
 217 3.440000
 218 3.430000
 219 3.440000
 220 3.410000
 221 3.410000
 222 3.410000
 223 3.390000
 224 3.390000
 225 3.390000
 226 3.390000
 227 3.360000
 228 3.380000
 229 3.640000
 230 3.640000
 231 3.670000
 232 3.750000
 233 3.750000
 234 3.750000
 235 3.830000
 236 3.880000
 237 3.880000
 238 3.930000
 239 3.920000
 240 3.390000
 241 3.340000
 242 3.340000
 243 3.380000
 244 3.290000
 245 3.290000
 246 3.270000
 247 3.300000
 248 3.350000
 249 3.300000
 250 3.280000
 251 3.240000
 252 3.280000
 253 3.290000
 254 3.330000
 255 3.300000
 256 3.310000
 257 3.310000
 258 3.280000
 259 3.340000
 260 3.310000
 261 3.360000
 262 3.340000
 263 3.360000
 264 3.390000
 265 3.360000
 266 3.360000
 267 3.340000
 268 3.390000
 269 3.350000
 270 3.340000
 271 3.360000
 272 3.370000
 273 3.360000
 274 3.370000
 275 3.310000
 276 3.300000
 277 3.310000
 278 3.340000
 279 3.320000
 280 3.260000
 281 3.270000
 282 3.250000
 283 3.240000
 284 3.230000
 285 3.210000
 286 3.260000
 287 3.210000
 288 3.240000
 289 3.220000
 290 3.210000
 291 3.220000
 292 3.210000
 293 3.230000
 294 3.260000
 295 3.260000
 296 3.190000
 297 3.240000
 298 3.200000
 299 3.190000
 300 3.200000
 301 3.200000
 302 3.180000
 303 3.170000
 304 3.190000
 305 3.170000
 306 3.190000
 307 3.160000
 308 3.150000
 309 3.150000
 310 3.150000
 311 3.140000
 312 3.140000
 313 3.130000
 314 3.130000
 315 3.110000
 316 3.120000
 317 3.100000
 318 6.740000
 319 3.110000
 320 3.090000
 321 3.110000
 322 3.080000
 323 3.080000
 324 3.090000
 325 3.100000
 326 3.090000
 327 3.090000
 328 3.110000
 329 3.100000
 330 3.100000
 331 3.110000
 332 3.100000
 333 3.050000
 334 3.090000
 335 3.120000
 336 3.110000
 337 3.140000
 338 3.080000
 339 3.050000
 340 3.140000
 341 3.100000
 342 3.080000
 343 3.090000
 344 3.090000
 345 3.110000
 346 3.090000
 347 3.050000
 348 3.140000
 349 3.140000
 350 3.130000
 351 3.060000
 352 3.060000
 353 3.010000
 354 3.030000
 355 3.040000
 356 3.090000
 357 3.060000
 358 3.130000
 359 3.100000
 360 3.120000
 361 3.140000
 362 3.020000
 363 3.120000
 364 3.010000
 365 3.090000
 366 3.070000
 367 2.980000
 368 3.000000
 369 3.010000
 370 7.840000
 371 3.000000
 372 3.010000
 373 2.980000
 374 3.000000
 375 3.010000
 376 3.000000
 377 2.960000
 378 2.980000
 379 2.980000
 380 4.740000
 381 3.000000
 382 2.960000
 383 7.880000
 384 2.980000
 385 2.980000
 386 2.950000
 387 3.030000
 388 3.040000
 389 2.980000
 390 3.060000
 391 3.040000
 392 3.010000
 393 3.060000
 394 3.040000
 395 3.060000
 396 3.070000
 397 2.990000
 398 3.040000
 399 2.980000
 400 3.040000
 401 3.120000
 402 3.490000
 403 3.130000
 404 3.130000
 405 3.080000
 406 3.060000
 407 3.080000
 408 3.110000
 409 3.110000
 410 3.160000
 411 3.210000
 412 3.210000
 413 3.160000
 414 3.110000
 415 3.110000
 416 3.130000
 417 3.390000
 418 3.230000
 419 3.160000
 420 3.130000
 421 3.130000
 422 3.130000
 423 3.030000
 424 3.090000
 425 3.060000
 426 3.030000
 427 3.030000
 428 3.070000
 429 3.050000
 430 3.090000
 431 3.080000
 432 3.080000
 433 3.090000
 434 3.090000
 435 3.090000
 436 3.110000
 437 3.040000
 438 3.070000
 439 3.050000
 440 3.110000
 441 3.130000
 442 3.150000
 443 3.160000
 444 3.150000
 445 3.150000
 446 3.180000
 447 3.190000
 448 3.210000
 449 3.210000
 450 3.230000
 451 3.240000
 452 3.240000
 453 3.240000
 454 3.240000
 455 3.240000
 456 3.260000
 457 3.260000
 458 3.250000
 459 3.280000
 460 3.280000
 461 3.280000
 462 3.290000
 463 3.290000
 464 3.320000
 465 3.340000
 466 3.340000
 467 3.370000
 468 3.380000
 469 3.330000
 470 3.330000
 471 3.330000
 472 3.330000
 473 3.340000
 474 3.380000
 475 3.370000
 476 3.390000
 477 3.360000
 478 3.390000
 479 3.400000
 480 3.400000
 481 3.440000
 482 3.430000
 483 3.440000
 484 3.440000
 485 3.500000
 486 3.510000
 487 3.540000
 488 3.550000
 489 3.480000
 490 3.590000
 491 3.510000
 492 3.530000
 493 3.590000
 494 3.550000
 495 3.600000
 496 3.610000
 497 3.590000
 498 3.580000
 499 3.630000
 500 3.650000
 501 3.640000
 502 3.660000
 503 3.680000
 504 3.680000
 505 3.710000
 506 3.740000
 507 3.730000
 508 3.760000
 509 3.780000
 510 3.760000
 511 3.800000
 512 3.810000
 513 3.840000
 514 3.830000
 515 3.810000
 516 3.840000
 517 3.870000
 518 3.870000
 519 3.900000
 520 3.960000
 521 3.990000
 522 3.990000
 523 4.010000
 524 4.020000
 525 4.040000
 526 4.050000
 527 4.080000
 528 4.060000
 529 4.130000
 530 4.130000
 531 4.170000
 532 4.190000
 533 4.180000
 534 2.850000
 535 2.790000
 536 2.440000
 537 2.210000
 538 2.220000
 539 1.990000
 540 1.660000
 541 1.650000
 542 1.660000
 543 1.660000
 544 1.670000
 545 1.670000
 546 1.650000
 547 1.660000
 548 1.660000
 549 1.660000
 550 1.700000
 551 2.280000
 552 2.560000
 553 1.800000
 554 1.830000
 555 1.830000
 556 1.880000
 557 1.830000
 558 2.480000
 559 2.510000
 560 2.480000
 561 2.460000
 562 2.480000
 563 2.420000
 564 2.430000
 565 2.490000
 566 2.510000
 567 2.510000
 568 2.540000
 569 2.560000
 570 2.480000
 571 2.470000
 572 2.320000
 573 2.280000
 574 2.260000
 575 2.270000
 576 2.270000
 577 2.270000
 578 2.270000
 579 2.270000
 580 2.290000
 581 2.330000
 582 2.380000
 583 2.410000
 584 2.380000
 585 2.330000
 586 1.780000
 587 1.740000
 588 1.720000
 589 1.710000
 590 1.710000
 591 1.710000
 592 1.710000
 593 1.710000
 594 1.710000
 595 1.710000
 596 1.740000
 597 1.740000
 598 1.820000
 599 2.370000
 600 2.330000
 601 2.400000
 602 2.420000
 603 2.400000
 604 2.410000
 605 2.430000
 606 2.420000
 607 2.380000
 608 2.360000
 609 2.340000
 610 2.360000
 611 2.370000
 612 2.370000
 613 2.370000
 614 2.400000
 615 2.390000
 616 3.680000
 617 3.640000
 618 3.640000
 619 3.570000
 620 3.560000
 621 3.570000
 622 3.550000
 623 3.550000
 624 3.540000
 625 3.530000
 626 3.530000
 627 3.580000
 628 1.940000
 629 1.870000
 630 1.880000
 631 1.860000
 632 1.860000
 633 1.860000
 634 1.860000
 635 1.860000
 636 1.840000
 637 1.860000
 638 1.860000
 639 1.860000
 640 1.870000
 641 3.430000
 642 3.400000
 643 3.460000
 644 3.460000
 645 3.330000
 646 3.350000
 647 3.330000
 648 3.340000
 649 3.340000
 650 3.350000
 651 3.400000
 652 3.380000
 653 3.330000
 654 3.390000
 655 3.400000
 656 3.320000
 657 3.300000
 658 3.260000
 659 3.270000
 660 3.230000
 661 3.230000
 662 3.330000
 663 3.330000
 664 3.310000
 665 3.200000
 666 3.290000
 667 3.180000
 668 3.310000
 669 3.310000
 670 3.310000
 671 3.290000
 672 3.310000
 673 3.130000
 674 3.170000
 675 3.160000
 676 3.290000
 677 3.260000
 678 3.260000
 679 3.260000
 680 3.250000
 681 3.160000
 682 3.210000
 683 3.130000
 684 3.150000
 685 3.160000
 686 3.130000
 687 3.140000
 688 3.130000
 689 3.130000
 690 3.240000
 691 3.290000
 692 3.260000
 693 3.240000
 694 3.240000
 695 3.130000
 696 3.260000
 697 3.260000
 698 3.260000
 699 3.100000
 700 3.260000
 701 3.240000
 702 3.260000
 703 3.160000
 704 3.240000
 705 3.240000
 706 3.160000
 707 3.170000
 708 3.260000
 709 3.130000
 710 3.280000
 711 3.330000
 712 3.130000
 713 3.130000
 714 3.360000
 715 3.130000
 716 3.160000
 717 3.110000
 718 3.320000
 719 3.270000
 720 3.270000
 721 3.270000
 722 3.270000
 723 3.270000
 724 3.270000
 725 3.280000
 726 3.270000
 727 3.250000
 728 3.250000
 729 3.280000
 730 3.270000
 731 3.250000
 732 3.280000
 733 3.280000
 734 3.270000
 735 3.250000
 736 3.280000
 737 3.280000
 738 3.250000
 739 3.250000
 740 3.300000
 741 3.250000
 742 3.220000
 743 3.300000
 744 3.280000
 745 3.290000
 746 3.280000
 747 3.290000
 748 3.270000
 749 3.250000
 750 3.250000
 751 3.300000
 752 3.160000
 753 3.240000
 754 3.210000
 755 3.160000
 756 3.280000
 757 3.230000
 758 3.260000
 759 3.310000
 760 3.250000
 0 1.830000
 1 1.850000
 2 1.850000
 3 1.840000
 4 1.880000
 5 1.930000
 6 1.900000
 7 1.810000
 8 1.920000
 9 1.930000
 10 1.910000
 11 1.890000
 12 1.930000
 13 1.900000
 14 1.780000
 15 1.880000
 16 1.940000
 17 1.910000
 18 1.860000
 19 1.910000
 20 1.910000
 21 1.790000
 22 1.810000
 23 1.940000
 24 2.510000
 25 1.820000
 26 2.510000
 27 1.810000
 28 1.870000
 29 1.800000
 30 1.830000
 31 2.510000
 32 1.790000
 33 2.510000
 34 1.930000
 35 1.810000
 36 2.540000
 37 1.800000
 38 2.560000
 39 1.830000
 40 2.540000
 41 1.960000
 42 2.540000
 43 2.030000
 44 1.990000
 45 2.560000
 46 1.980000
 47 2.540000
 48 1.860000
 49 1.890000
 50 1.930000
 51 1.990000
 52 1.980000
 53 1.960000
 54 1.980000
 55 1.930000
 56 1.960000
 57 1.930000
 58 1.980000
 59 1.960000
 60 1.980000
 61 1.960000
 62 1.980000
 63 1.960000
 64 1.960000
 65 1.980000
 66 1.980000
 67 2.010000
 68 1.910000
 69 2.010000
 70 2.010000
 71 2.010000
 72 2.010000
 73 2.010000
 74 2.010000
 75 1.930000
 76 2.060000
 77 1.910000
 78 2.020000
 79 1.960000
 80 2.050000
 81 1.950000
 82 2.060000
 83 1.960000
 84 2.090000
 85 1.950000
 86 2.060000
 87 1.980000
 88 2.110000
 89 2.110000
 90 2.120000
 91 1.980000
 92 2.110000
 93 2.040000
 94 2.030000
 95 2.060000
 96 2.040000
 97 2.060000
 98 2.040000
 99 2.060000
 100 2.050000
 101 2.060000
 102 2.010000
 103 2.090000
 104 2.160000
 105 2.160000
 106 2.060000
 107 2.030000
 108 2.060000
 109 2.030000
 110 2.710000
 111 2.080000
 112 2.100000
 113 2.090000
 114 2.110000
 115 2.080000
 116 2.080000
 117 2.240000
 118 2.240000
 119 2.210000
 120 2.110000
 121 2.190000
 122 2.180000
 123 2.180000
 124 2.100000
 125 2.110000
 126 2.110000
 127 2.180000
 128 2.210000
 129 2.210000
 130 2.210000
 131 2.180000
 132 2.180000
 133 2.130000
 134 2.300000
 135 2.150000
 136 2.310000
 137 2.140000
 138 2.270000
 139 2.180000
 140 2.280000
 141 2.150000
 142 2.160000
 143 2.170000
 144 2.180000
 145 2.290000
 146 2.220000
 147 2.290000
 148 2.350000
 149 2.350000
 150 2.320000
 151 2.230000
 152 2.290000
 153 2.350000
 154 2.310000
 155 2.330000
 156 2.350000
 157 2.320000
 158 2.350000
 159 2.320000
 160 2.360000
 161 2.370000
 162 2.380000
 163 2.280000
 164 2.410000
 165 2.310000
 166 2.330000
 167 2.310000
 168 2.360000
 169 2.330000
 170 2.330000
 171 2.340000
 172 2.450000
 173 2.450000
 174 2.450000
 175 2.420000
 176 2.510000
 177 2.470000
 178 2.470000
 179 2.570000
 180 2.510000
 181 2.480000
 182 2.510000
 183 2.490000
 184 2.490000
 185 2.490000
 186 2.510000
 187 2.490000
 188 2.490000
 189 2.470000
 190 2.500000
 191 2.510000
 192 2.510000
 193 2.640000
 194 2.720000
 195 3.710000
 196 3.730000
 197 3.760000
 198 3.610000
 199 3.070000
 200 3.050000
 201 3.040000
 202 3.070000
 203 3.060000
 204 3.080000
 205 3.090000
 206 3.120000
 207 3.540000
 208 3.510000
 209 3.510000
 210 3.510000
 211 3.490000
 212 3.490000
 213 3.490000
 214 3.490000
 215 3.460000
 216 3.440000
 217 3.440000
 218 3.460000
 219 3.410000
 220 3.440000
 221 3.410000
 222 3.410000
 223 3.390000
 224 3.410000
 225 3.410000
 226 3.390000
 227 3.390000
 228 3.410000
 229 3.620000
 230 3.670000
 231 3.690000
 232 3.750000
 233 3.750000
 234 3.780000
 235 3.830000
 236 3.850000
 237 3.900000
 238 3.920000
 239 3.930000
 240 3.390000
 241 3.340000
 242 3.340000
 243 3.340000
 244 3.310000
 245 3.290000
 246 3.290000
 247 3.300000
 248 3.340000
 249 3.290000
 250 3.280000
 251 3.280000
 252 3.270000
 253 3.300000
 254 3.340000
 255 3.310000
 256 3.300000
 257 3.340000
 258 3.260000
 259 3.360000
 260 3.310000
 261 3.330000
 262 3.320000
 263 3.360000
 264 3.360000
 265 3.360000
 266 3.360000
 267 3.370000
 268 3.370000
 269 3.350000
 270 3.390000
 271 3.350000
 272 3.340000
 273 3.280000
 274 3.340000
 275 3.330000
 276 3.340000
 277 3.340000
 278 3.340000
 279 3.320000
 280 3.230000
 281 3.290000
 282 3.240000
 283 3.230000
 284 3.240000
 285 3.210000
 286 3.260000
 287 3.220000
 288 3.230000
 289 3.250000
 290 3.220000
 291 3.200000
 292 3.210000
 293 3.190000
 294 3.260000
 295 3.230000
 296 3.190000
 297 3.210000
 298 3.180000
 299 3.180000
 300 3.180000
 301 3.170000
 302 3.180000
 303 3.190000
 304 3.180000
 305 3.160000
 306 3.190000
 307 3.160000
 308 3.150000
 309 3.150000
 310 3.150000
 311 3.140000
 312 3.160000
 313 3.110000
 314 3.130000
 315 3.110000
 316 3.120000
 317 3.100000
 318 6.710000
 319 3.110000
 320 3.070000
 321 3.110000
 322 3.080000
 323 3.060000
 324 3.130000
 325 3.070000
 326 3.090000
 327 3.090000
 328 3.080000
 329 3.090000
 330 3.100000
 331 3.100000
 332 3.100000
 333 3.090000
 334 3.090000
 335 3.120000
 336 3.110000
 337 3.140000
 338 3.060000
 339 3.050000
 340 3.110000
 341 3.100000
 342 3.100000
 343 3.090000
 344 3.090000
 345 3.140000
 346 3.080000
 347 3.080000
 348 3.140000
 349 3.130000
 350 3.150000
 351 3.060000
 352 3.060000
 353 3.030000
 354 3.030000
 355 3.010000
 356 3.120000
 357 3.090000
 358 3.130000
 359 3.120000
 360 3.100000
 361 3.110000
 362 3.050000
 363 3.080000
 364 2.980000
 365 3.090000
 366 3.100000
 367 3.010000
 368 3.000000
 369 3.010000
 370 3.030000
 371 3.000000
 372 3.010000
 373 3.010000
 374 3.030000
 375 3.010000
 376 3.000000
 377 3.050000
 378 2.980000
 379 2.980000
 380 4.740000
 381 2.980000
 382 2.980000
 383 7.880000
 384 3.000000
 385 2.980000
 386 2.950000
 387 3.050000
 388 3.030000
 389 2.980000
 390 3.040000
 391 3.040000
 392 2.980000
 393 3.060000
 394 3.040000
 395 3.060000
 396 3.070000
 397 2.990000
 398 3.010000
 399 2.980000
 400 3.060000
 401 3.110000
 402 3.510000
 403 3.130000
 404 3.110000
 405 3.080000
 406 3.060000
 407 3.080000
 408 3.130000
 409 3.110000
 410 3.160000
 411 3.180000
 412 3.210000
 413 3.130000
 414 3.110000
 415 3.080000
 416 3.130000
 417 3.310000
 418 3.230000
 419 3.160000
 420 3.110000
 421 3.130000
 422 3.130000
 423 3.050000
 424 3.090000
 425 3.060000
 426 3.010000
 427 3.030000
 428 3.070000
 429 3.060000
 430 3.060000
 431 3.060000
 432 3.050000
 433 3.090000
 434 3.120000
 435 3.120000
 436 3.110000
 437 3.090000
 438 3.070000
 439 3.070000
 440 3.110000
 441 3.130000
 442 3.150000
 443 3.130000
 444 3.150000
 445 3.160000
 446 3.200000
 447 3.200000
 448 3.200000
 449 3.240000
 450 3.240000
 451 3.240000
 452 3.260000
 453 3.220000
 454 3.240000
 455 3.240000
 456 3.240000
 457 3.260000
 458 3.250000
 459 3.260000
 460 3.280000
 461 3.280000
 462 3.290000
 463 3.320000
 464 3.290000
 465 3.340000
 466 3.310000
 467 3.340000
 468 3.370000
 469 3.330000
 470 3.330000
 471 3.350000
 472 3.330000
 473 3.350000
 474 3.350000
 475 3.380000
 476 3.350000
 477 3.400000
 478 3.400000
 479 3.430000
 480 3.420000
 481 3.440000
 482 3.430000
 483 3.440000
 484 3.480000
 485 3.460000
 486 3.550000
 487 3.540000
 488 3.550000
 489 3.550000
 490 3.550000
 491 3.590000
 492 3.530000
 493 3.580000
 494 3.560000
 495 3.560000
 496 3.610000
 497 3.600000
 498 3.600000
 499 3.630000
 500 3.640000
 501 3.640000
 502 3.640000
 503 3.670000
 504 3.680000
 505 3.700000
 506 3.730000
 507 3.760000
 508 3.760000
 509 3.750000
 510 3.760000
 511 3.780000
 512 3.800000
 513 3.840000
 514 3.840000
 515 3.830000
 516 3.840000
 517 3.900000
 518 3.900000
 519 3.940000
 520 3.940000
 521 3.960000
 522 3.990000
 523 4.010000
 524 4.000000
 525 4.030000
 526 4.080000
 527 4.070000
 528 4.090000
 529 4.110000
 530 4.160000
 531 4.170000
 532 4.170000
 533 4.190000
 534 2.850000
 535 2.790000
 536 2.460000
 537 2.210000
 538 2.200000
 539 1.990000
 540 1.680000
 541 1.660000
 542 1.660000
 543 1.660000
 544 1.670000
 545 1.670000
 546 1.650000
 547 1.660000
 548 1.660000
 549 1.660000
 550 1.690000
 551 2.400000
 552 2.580000
 553 2.580000
 554 1.860000
 555 1.820000
 556 1.830000
 557 1.830000
 558 2.480000
 559 2.530000
 560 2.510000
 561 2.460000
 562 2.510000
 563 2.310000
 564 2.460000
 565 2.490000
 566 2.540000
 567 2.550000
 568 2.540000
 569 2.540000
 570 2.510000
 571 2.330000
 572 2.290000
 573 2.260000
 574 2.260000
 575 2.270000
 576 2.270000
 577 2.270000
 578 2.270000
 579 2.270000
 580 2.260000
 581 2.360000
 582 2.410000
 583 2.430000
 584 2.380000
 585 2.380000
 586 1.780000
 587 1.770000
 588 1.720000
 589 1.710000
 590 1.710000
 591 1.710000
 592 1.710000
 593 1.740000
 594 1.740000
 595 1.710000
 596 1.740000
 597 1.740000
 598 1.820000
 599 2.340000
 600 2.350000
 601 2.420000
 602 2.420000
 603 2.390000
 604 2.430000
 605 2.430000
 606 2.420000
 607 2.380000
 608 2.360000
 609 2.340000
 610 2.360000
 611 2.370000
 612 2.370000
 613 2.370000
 614 2.370000
 615 2.390000
 616 3.680000
 617 3.640000
 618 3.640000
 619 3.570000
 620 3.560000
 621 3.550000
 622 3.550000
 623 3.530000
 624 3.570000
 625 3.530000
 626 3.530000
 627 3.550000
 628 1.910000
 629 1.870000
 630 1.860000
 631 1.840000
 632 1.860000
 633 1.860000
 634 1.860000
 635 1.840000
 636 1.840000
 637 1.860000
 638 1.860000
 639 1.880000
 640 1.860000
 641 3.430000
 642 3.400000
 643 3.430000
 644 3.460000
 645 3.310000
 646 3.320000
 647 3.330000
 648 3.370000
 649 3.350000
 650 3.380000
 651 3.400000
 652 3.360000
 653 3.360000
 654 3.390000
 655 3.400000
 656 3.340000
 657 3.290000
 658 3.280000
 659 3.270000
 660 3.230000
 661 3.230000
 662 3.330000
 663 3.310000
 664 3.310000
 665 3.230000
 666 3.230000
 667 3.210000
 668 3.310000
 669 3.310000
 670 3.340000
 671 3.310000
 672 3.310000
 673 3.160000
 674 3.170000
 675 3.130000
 676 3.290000
 677 3.290000
 678 3.260000
 679 3.260000
 680 3.250000
 681 3.130000
 682 3.190000
 683 3.110000
 684 3.130000
 685 3.130000
 686 3.130000
 687 3.140000
 688 3.150000
 689 3.110000
 690 3.260000
 691 3.260000
 692 3.260000
 693 3.260000
 694 3.260000
 695 3.130000
 696 3.260000
 697 3.260000
 698 3.260000
 699 3.100000
 700 3.240000
 701 3.240000
 702 3.290000
 703 3.130000
 704 3.240000
 705 3.240000
 706 3.130000
 707 3.140000
 708 3.290000
 709 3.130000
 710 3.290000
 711 3.330000
 712 3.130000
 713 3.160000
 714 3.360000
 715 3.160000
 716 3.160000
 717 3.110000
 718 3.310000
 719 3.270000
 720 3.270000
 721 3.300000
 722 3.270000
 723 3.270000
 724 3.300000
 725 3.300000
 726 3.250000
 727 3.270000
 728 3.250000
 729 3.280000
 730 3.250000
 731 3.250000
 732 3.270000
 733 3.280000
 734 3.270000
 735 3.250000
 736 3.280000
 737 3.280000
 738 3.270000
 739 3.250000
 740 3.280000
 741 3.270000
 742 3.250000
 743 3.280000
 744 3.280000
 745 3.290000
 746 3.260000
 747 3.280000
 748 3.270000
 749 3.270000
 750 3.270000
 751 3.320000
 752 3.130000
 753 3.260000
 754 3.210000
 755 3.160000
 756 3.310000
 757 3.260000
 758 3.260000
 759 3.310000
 760 3.270000
 0 1.850000
 1 1.850000
 2 1.850000
 3 1.840000
 4 1.880000
 5 1.930000
 6 1.900000
 7 1.810000
 8 1.920000
 9 1.930000
 10 1.890000
 11 1.890000
 12 1.930000
 13 1.920000
 14 1.920000
 15 1.880000
 16 1.910000
 17 1.890000
 18 1.880000
 19 1.940000
 20 1.910000
 21 1.790000
 22 1.810000
 23 1.910000
 24 2.510000
 25 1.820000
 26 2.510000
 27 1.780000
 28 1.900000
 29 1.780000
 30 1.830000
 31 2.540000
 32 1.790000
 33 2.540000
 34 1.930000
 35 1.940000
 36 2.540000
 37 1.830000
 38 2.540000
 39 1.850000
 40 2.560000
 41 1.960000
 42 2.540000
 43 1.950000
 44 1.830000
 45 2.560000
 46 1.960000
 47 2.540000
 48 1.860000
 49 1.930000
 50 1.930000
 51 1.980000
 52 1.960000
 53 1.930000
 54 1.980000
 55 1.960000
 56 1.980000
 57 1.960000
 58 1.980000
 59 1.960000
 60 1.980000
 61 1.960000
 62 1.980000
 63 1.980000
 64 1.960000
 65 2.010000
 66 1.980000
 67 1.980000
 68 1.910000
 69 2.010000
 70 1.980000
 71 2.030000
 72 1.980000
 73 2.030000
 74 2.030000
 75 1.930000
 76 2.030000
 77 1.930000
 78 2.060000
 79 1.960000
 80 2.080000
 81 1.950000
 82 2.090000
 83 1.980000
 84 2.090000
 85 2.010000
 86 2.090000
 87 1.980000
 88 2.090000
 89 2.140000
 90 1.980000
 91 2.010000
 92 2.080000
 93 2.040000
 94 2.060000
 95 2.040000
 96 2.070000
 97 2.040000
 98 2.040000
 99 2.060000
 100 2.050000
 101 2.060000
 102 2.030000
 103 2.140000
 104 2.160000
 105 2.170000
 106 2.060000
 107 2.060000
 108 2.060000
 109 2.030000
 110 2.680000
 111 2.080000
 112 2.140000
 113 2.110000
 114 2.110000
 115 2.060000
 116 2.080000
 117 2.240000
 118 2.240000
 119 2.210000
 120 2.080000
 121 2.220000
 122 2.180000
 123 2.180000
 124 2.100000
 125 2.110000
 126 2.110000
 127 2.180000
 128 2.230000
 129 2.180000
 130 2.180000
 131 2.200000
 132 2.200000
 133 2.130000
 134 2.280000
 135 2.150000
 136 2.130000
 137 2.120000
 138 2.290000
 139 2.210000
 140 2.280000
 141 2.210000
 142 2.160000
 143 2.170000
 144 2.160000
 145 2.290000
 146 2.240000
 147 2.320000
 148 2.180000
 149 2.350000
 150 2.320000
 151 2.230000
 152 2.260000
 153 2.350000
 154 2.280000
 155 2.310000
 156 2.350000
 157 2.350000
 158 2.350000
 159 2.350000
 160 2.360000
 161 2.370000
 162 2.380000
 163 2.300000
 164 2.410000
 165 2.310000
 166 2.330000
 167 2.280000
 168 2.310000
 169 2.330000
 170 2.330000
 171 2.340000
 172 2.470000
 173 2.470000
 174 2.450000
 175 2.420000
 176 2.480000
 177 2.470000
 178 2.500000
 179 2.570000
 180 2.480000
 181 2.510000
 182 2.510000
 183 2.460000
 184 2.510000
 185 2.490000
 186 2.510000
 187 2.490000
 188 2.490000
 189 2.470000
 190 2.470000
 191 2.540000
 192 2.480000
 193 2.630000
 194 2.750000
 195 3.710000
 196 3.710000
 197 3.730000
 198 3.580000
 199 3.070000
 200 3.050000
 201 3.070000
 202 3.070000
 203 3.080000
 204 3.080000
 205 3.120000
 206 3.150000
 207 3.510000
 208 3.510000
 209 3.490000
 210 3.490000
 211 3.490000
 212 3.490000
 213 3.490000
 214 3.460000
 215 3.490000
 216 3.460000
 217 3.460000
 218 3.440000
 219 3.440000
 220 3.410000
 221 3.410000
 222 3.410000
 223 3.410000
 224 3.410000
 225 3.390000
 226 3.360000
 227 3.390000
 228 3.380000
 229 3.620000
 230 3.640000
 231 3.670000
 232 3.750000
 233 3.750000
 234 3.750000
 235 3.830000
 236 3.850000
 237 3.880000
 238 3.900000
 239 3.950000
 240 3.390000
 241 3.360000
 242 3.330000
 243 3.370000
 244 3.290000
 245 3.290000
 246 3.270000
 247 3.300000
 248 3.350000
 249 3.320000
 250 3.290000
 251 3.280000
 252 3.310000
 253 3.290000
 254 3.290000
 255 3.310000
 256 3.310000
 257 3.310000
 258 3.280000
 259 3.360000
 260 3.310000
 261 3.330000
 262 3.360000
 263 3.360000
 264 3.360000
 265 3.360000
 266 3.360000
 267 3.370000
 268 3.370000
 269 3.360000
 270 3.380000
 271 3.340000
 272 3.380000
 273 3.370000
 274 3.340000
 275 3.330000
 276 3.340000
 277 3.340000
 278 3.340000
 279 3.310000
 280 3.230000
 281 3.290000
 282 3.260000
 283 3.230000
 284 3.230000
 285 3.210000
 286 3.290000
 287 3.240000
 288 3.240000
 289 3.250000
 290 3.210000
 291 3.200000
 292 3.210000
 293 3.220000
 294 3.260000
 295 3.220000
 296 3.220000
 297 3.220000
 298 3.200000
 299 3.200000
 300 3.200000
 301 3.200000
 302 3.180000
 303 3.190000
 304 3.170000
 305 3.170000
 306 3.190000
 307 3.160000
 308 3.150000
 309 3.150000
 310 3.130000
 311 3.130000
 312 3.140000
 313 3.110000
 314 3.150000
 315 3.110000
 316 3.060000
 317 3.100000
 318 6.710000
 319 3.110000
 320 3.100000
 321 3.110000
 322 3.110000
 323 3.080000
 324 3.120000
 325 3.100000
 326 3.090000
 327 3.090000
 328 3.090000
 329 3.100000
 330 3.100000
 331 3.080000
 332 3.090000
 333 3.090000
 334 3.090000
 335 3.120000
 336 3.140000
 337 3.140000
 338 3.080000
 339 3.050000
 340 3.110000
 341 3.070000
 342 3.070000
 343 3.060000
 344 3.090000
 345 3.140000
 346 3.080000
 347 3.090000
 348 3.140000
 349 3.140000
 350 3.150000
 351 3.060000
 352 3.060000
 353 3.010000
 354 3.050000
 355 3.010000
 356 3.090000
 357 3.090000
 358 3.130000
 359 3.100000
 360 3.100000
 361 3.130000
 362 3.040000
 363 3.110000
 364 3.010000
 365 3.120000
 366 3.100000
 367 2.980000
 368 3.030000
 369 3.010000
 370 7.850000
 371 3.000000
 372 2.980000
 373 3.010000
 374 3.010000
 375 3.010000
 376 3.030000
 377 3.020000
 378 3.000000
 379 2.980000
 380 4.720000
 381 2.980000
 382 2.960000
 383 7.880000
 384 3.010000
 385 2.980000
 386 2.980000
 387 3.060000
 388 3.040000
 389 2.980000
 390 3.060000
 391 3.050000
 392 2.980000
 393 3.060000
 394 3.040000
 395 3.060000
 396 3.070000
 397 3.010000
 398 3.030000
 399 2.980000
 400 3.040000
 401 3.090000
 402 3.490000
 403 3.130000
 404 3.110000
 405 3.080000
 406 3.080000
 407 3.080000
 408 3.110000
 409 3.130000
 410 3.160000
 411 3.210000
 412 3.260000
 413 3.130000
 414 3.110000
 415 3.110000
 416 3.130000
 417 3.390000
 418 3.230000
 419 3.130000
 420 3.130000
 421 3.160000
 422 3.150000
 423 3.030000
 424 3.090000
 425 3.090000
 426 3.030000
 427 3.030000
 428 3.070000
 429 3.050000
 430 3.090000
 431 3.050000
 432 3.080000
 433 3.090000
 434 3.090000
 435 3.130000
 436 3.100000
 437 3.090000
 438 3.060000
 439 3.080000
 440 3.110000
 441 3.130000
 442 3.110000
 443 3.150000
 444 3.150000
 445 3.180000
 446 3.190000
 447 3.200000
 448 3.210000
 449 3.210000
 450 3.240000
 451 3.240000
 452 3.240000
 453 3.240000
 454 3.270000
 455 3.240000
 456 3.240000
 457 3.250000
 458 3.260000
 459 3.260000
 460 3.300000
 461 3.280000
 462 3.290000
 463 3.290000
 464 3.330000
 465 3.340000
 466 3.320000
 467 3.370000
 468 3.340000
 469 3.330000
 470 3.350000
 471 3.330000
 472 3.340000
 473 3.370000
 474 3.350000
 475 3.380000
 476 3.380000
 477 3.400000
 478 3.430000
 479 3.400000
 480 3.430000
 481 3.440000
 482 3.430000
 483 3.450000
 484 3.460000
 485 3.460000
 486 3.530000
 487 3.530000
 488 3.560000
 489 3.480000
 490 3.550000
 491 3.510000
 492 3.510000
 493 3.580000
 494 3.580000
 495 3.560000
 496 3.590000
 497 3.600000
 498 3.570000
 499 3.630000
 500 3.610000
 501 3.630000
 502 3.640000
 503 3.670000
 504 3.700000
 505 3.740000
 506 3.730000
 507 3.750000
 508 3.750000
 509 3.780000
 510 3.760000
 511 3.800000
 512 3.810000
 513 3.840000
 514 3.840000
 515 3.830000
 516 3.850000
 517 3.870000
 518 3.880000
 519 3.900000
 520 3.940000
 521 3.960000
 522 3.990000
 523 4.010000
 524 4.030000
 525 4.030000
 526 4.050000
 527 4.060000
 528 4.080000
 529 4.120000
 530 4.150000
 531 4.170000
 532 4.200000
 533 4.180000
 534 2.820000
 535 2.790000
 536 2.460000
 537 2.210000
 538 2.220000
 539 2.010000
 540 1.680000
 541 1.640000
 542 1.660000
 543 1.650000
 544 1.640000
 545 1.670000
 546 1.660000
 547 1.670000
 548 1.660000
 549 1.640000
 550 1.690000
 551 2.410000
 552 2.560000
 553 2.580000
 554 1.880000
 555 1.820000
 556 1.810000
 557 1.790000
 558 2.460000
 559 2.510000
 560 2.510000
 561 2.480000
 562 2.510000
 563 2.440000
 564 2.460000
 565 2.460000
 566 2.490000
 567 2.510000
 568 2.510000
 569 2.590000
 570 2.510000
 571 2.330000
 572 2.320000
 573 2.260000
 574 2.260000
 575 2.270000
 576 2.270000
 577 2.280000
 578 2.270000
 579 2.270000
 580 2.290000
 581 2.330000
 582 2.410000
 583 2.430000
 584 2.410000
 585 2.350000
 586 1.750000
 587 1.740000
 588 1.720000
 589 1.710000
 590 1.710000
 591 1.710000
 592 1.710000
 593 1.710000
 594 1.740000
 595 1.710000
 596 1.740000
 597 1.740000
 598 1.820000
 599 2.370000
 600 2.380000
 601 2.420000
 602 2.420000
 603 2.390000
 604 2.410000
 605 2.430000
 606 2.420000
 607 2.410000
 608 2.360000
 609 2.340000
 610 2.360000
 611 2.370000
 612 2.400000
 613 2.370000
 614 2.400000
 615 2.390000
 616 3.700000
 617 3.640000
 618 3.650000
 619 3.570000
 620 3.540000
 621 3.550000
 622 3.550000
 623 3.550000
 624 3.530000
 625 3.530000
 626 3.530000
 627 3.550000
 628 1.930000
 629 1.870000
 630 1.860000
 631 1.860000
 632 1.860000
 633 1.860000
 634 1.840000
 635 1.860000
 636 1.860000
 637 1.860000
 638 1.860000
 639 1.880000
 640 1.860000
 641 3.440000
 642 3.400000
 643 3.430000
 644 3.430000
 645 3.310000
 646 3.330000
 647 3.320000
 648 3.340000
 649 3.340000
 650 3.380000
 651 3.400000
 652 3.380000
 653 3.330000
 654 3.390000
 655 3.400000
 656 3.330000
 657 3.290000
 658 3.280000
 659 3.250000
 660 3.230000
 661 3.230000
 662 3.360000
 663 3.330000
 664 3.310000
 665 3.200000
 666 3.210000
 667 3.180000
 668 3.310000
 669 3.280000
 670 3.340000
 671 3.290000
 672 3.290000
 673 3.160000
 674 3.170000
 675 3.160000
 676 3.290000
 677 3.290000
 678 3.260000
 679 3.260000
 680 3.250000
 681 3.160000
 682 3.210000
 683 3.130000
 684 3.130000
 685 3.130000
 686 3.130000
 687 3.120000
 688 3.130000
 689 3.130000
 690 3.260000
 691 3.260000
 692 3.260000
 693 3.260000
 694 3.260000
 695 3.130000
 696 3.290000
 697 3.260000
 698 3.260000
 699 3.100000
 700 3.260000
 701 3.240000
 702 3.260000
 703 3.160000
 704 3.240000
 705 3.260000
 706 3.130000
 707 3.170000
 708 3.290000
 709 3.130000
 710 3.280000
 711 3.280000
 712 3.160000
 713 3.130000
 714 3.360000
 715 3.160000
 716 3.160000
 717 3.110000
 718 3.290000
 719 3.270000
 720 3.270000
 721 3.270000
 722 3.270000
 723 3.270000
 724 3.250000
 725 3.270000
 726 3.270000
 727 3.270000
 728 3.270000
 729 3.280000
 730 3.250000
 731 3.250000
 732 3.270000
 733 3.280000
 734 3.270000
 735 3.270000
 736 3.280000
 737 3.280000
 738 3.250000
 739 3.270000
 740 3.280000
 741 3.250000
 742 3.220000
 743 3.300000
 744 3.280000
 745 3.260000
 746 3.260000
 747 3.260000
 748 3.270000
 749 3.270000
 750 3.250000
 751 3.350000
 752 3.160000
 753 3.240000
 754 3.210000
 755 3.160000
 756 3.280000
 757 3.260000
 758 3.260000
 759 3.310000
 760 3.270000
 0 1.850000
 1 1.850000
 2 1.850000
 3 1.840000
 4 1.870000
 5 1.930000
 6 1.920000
 7 1.810000
 8 1.920000
 9 1.900000
 10 1.900000
 11 1.900000
 12 1.930000
 13 1.900000
 14 1.760000
 15 1.880000
 16 1.910000
 17 1.890000
 18 1.880000
 19 1.940000
 20 1.910000
 21 1.820000
 22 1.810000
 23 1.940000
 24 2.510000
 25 1.840000
 26 2.510000
 27 1.810000
 28 1.920000
 29 1.770000
 30 1.830000
 31 2.540000
 32 1.820000
 33 2.510000
 34 1.930000
 35 1.960000
 36 2.540000
 37 1.800000
 38 2.540000
 39 1.820000
 40 2.540000
 41 1.990000
 42 2.540000
 43 2.010000
 44 1.830000
 45 2.540000
 46 1.980000
 47 2.510000
 48 1.860000
 49 1.840000
 50 1.950000
 51 1.950000
 52 1.950000
 53 1.950000
 54 1.980000
 55 1.950000
 56 1.950000
 57 1.950000
 58 1.980000
 59 1.950000
 60 1.980000
 61 1.980000
 62 2.000000
 63 1.950000
 64 1.980000
 65 1.980000
 66 1.980000
 67 2.000000
 68 1.910000
 69 2.000000
 70 2.000000
 71 2.000000
 72 1.980000
 73 2.030000
 74 2.030000
 75 1.930000
 76 2.050000
 77 1.930000
 78 2.050000
 79 1.920000
 80 2.100000
 81 1.940000
 82 2.060000
 83 1.960000
 84 2.090000
 85 1.970000
 86 2.090000
 87 1.950000
 88 2.090000
 89 2.140000
 90 2.150000
 91 1.980000
 92 2.080000
 93 2.040000
 94 2.020000
 95 2.070000
 96 2.040000
 97 2.030000
 98 2.040000
 99 2.060000
 100 2.050000
 101 2.070000
 102 2.030000
 103 2.110000
 104 2.160000
 105 2.170000
 106 2.060000
 107 2.210000
 108 2.060000
 109 2.070000
 110 2.710000
 111 2.060000
 112 2.130000
 113 2.090000
 114 2.100000
 115 2.080000
 116 2.080000
 117 2.240000
 118 2.240000
 119 2.240000
 120 2.110000
 121 2.190000
 122 2.200000
 123 2.170000
 124 2.100000
 125 2.110000
 126 2.110000
 127 2.180000
 128 2.210000
 129 2.210000
 130 2.210000
 131 2.210000
 132 2.210000
 133 2.130000
 134 2.280000
 135 2.170000
 136 2.130000
 137 2.170000
 138 2.260000
 139 2.180000
 140 2.260000
 141 2.150000
 142 2.180000
 143 2.170000
 144 2.180000
 145 2.280000
 146 2.220000
 147 2.290000
 148 2.320000
 149 2.320000
 150 2.320000
 151 2.210000
 152 2.280000
 153 2.320000
 154 2.310000
 155 2.310000
 156 2.350000
 157 2.350000
 158 2.350000
 159 2.350000
 160 2.360000
 161 2.360000
 162 2.380000
 163 2.300000
 164 2.380000
 165 2.410000
 166 2.270000
 167 2.280000
 168 2.340000
 169 2.330000
 170 2.330000
 171 2.360000
 172 2.450000
 173 2.450000
 174 2.450000
 175 2.450000
 176 2.470000
 177 2.470000
 178 2.470000
 179 2.570000
 180 2.510000
 181 2.510000
 182 2.510000
 183 2.490000
 184 2.520000
 185 2.480000
 186 2.510000
 187 2.480000
 188 2.480000
 189 2.470000
 190 2.470000
 191 2.530000
 192 2.510000
 193 2.640000
 194 2.720000
 195 3.700000
 196 3.730000
 197 3.730000
 198 3.580000
 199 3.040000
 200 3.020000
 201 3.040000
 202 3.070000
 203 3.080000
 204 3.080000
 205 3.090000
 206 3.120000
 207 3.510000
 208 3.540000
 209 3.510000
 210 3.510000
 211 3.510000
 212 3.490000
 213 3.460000
 214 3.490000
 215 3.460000
 216 3.440000
 217 3.440000
 218 3.430000
 219 3.460000
 220 3.410000
 221 3.410000
 222 3.410000
 223 3.410000
 224 3.410000
 225 3.390000
 226 3.390000
 227 3.390000
 228 3.380000
 229 3.610000
 230 3.660000
 231 3.690000
 232 3.750000
 233 3.750000
 234 3.770000
 235 3.820000
 236 3.850000
 237 3.870000
 238 3.900000
 239 3.950000
 240 3.380000
 241 3.360000
 242 3.320000
 243 3.370000
 244 3.310000
 245 3.310000
 246 3.290000
 247 3.290000
 248 3.350000
 249 3.330000
 250 3.270000
 251 3.280000
 252 3.300000
 253 3.290000
 254 3.300000
 255 3.300000
 256 3.330000
 257 3.310000
 258 3.280000
 259 3.360000
 260 3.300000
 261 3.320000
 262 3.350000
 263 3.360000
 264 3.360000
 265 3.360000
 266 3.360000
 267 3.340000
 268 3.370000
 269 3.330000
 270 3.350000
 271 3.350000
 272 3.340000
 273 3.280000
 274 3.370000
 275 3.340000
 276 3.330000
 277 3.330000
 278 3.330000
 279 3.310000
 280 3.210000
 281 3.270000
 282 3.260000
 283 3.230000
 284 3.250000
 285 3.210000
 286 3.260000
 287 3.220000
 288 3.230000
 289 3.220000
 290 3.210000
 291 3.220000
 292 3.250000
 293 3.200000
 294 3.250000
 295 3.250000
 296 3.220000
 297 3.200000
 298 3.200000
 299 3.190000
 300 3.200000
 301 3.200000
 302 3.210000
 303 3.160000
 304 3.200000
 305 3.170000
 306 3.160000
 307 3.160000
 308 3.150000
 309 3.170000
 310 3.150000
 311 3.150000
 312 3.160000
 313 3.130000
 314 3.120000
 315 3.110000
 316 3.110000
 317 3.100000
 318 6.710000
 319 3.110000
 320 3.120000
 321 3.110000
 322 3.110000
 323 3.110000
 324 3.110000
 325 3.080000
 326 3.120000
 327 3.090000
 328 3.080000
 329 3.070000
 330 3.100000
 331 3.100000
 332 3.110000
 333 3.090000
 334 3.090000
 335 3.120000
 336 3.130000
 337 3.160000
 338 3.060000
 339 3.080000
 340 3.110000
 341 3.100000
 342 3.070000
 343 3.050000
 344 3.090000
 345 3.130000
 346 3.080000
 347 3.070000
 348 3.130000
 349 3.160000
 350 3.150000
 351 3.060000
 352 3.060000
 353 3.010000
 354 3.080000
 355 2.990000
 356 3.120000
 357 3.080000
 358 3.130000
 359 3.100000
 360 3.100000
 361 3.110000
 362 3.030000
 363 3.080000
 364 2.980000
 365 3.090000
 366 3.090000
 367 3.010000
 368 3.000000
 369 2.970000
 370 7.850000
 371 3.000000
 372 3.010000
 373 3.010000
 374 3.030000
 375 2.980000
 376 3.020000
 377 3.050000
 378 3.000000
 379 3.000000
 380 4.740000
 381 3.000000
 382 2.980000
 383 7.880000
 384 3.010000
 385 2.980000
 386 3.010000
 387 3.050000
 388 3.030000
 389 2.980000
 390 3.030000
 391 3.030000
 392 2.980000
 393 3.060000
 394 3.030000
 395 3.060000
 396 3.070000
 397 3.020000
 398 3.030000
 399 2.980000
 400 3.060000
 401 3.080000
 402 3.490000
 403 3.130000
 404 3.100000
 405 3.080000
 406 3.050000
 407 3.080000
 408 3.130000
 409 3.100000
 410 3.150000
 411 3.180000
 412 3.200000
 413 3.130000
 414 3.100000
 415 3.100000
 416 3.130000
 417 3.390000
 418 3.230000
 419 3.150000
 420 3.130000
 421 3.130000
 422 3.120000
 423 3.020000
 424 3.090000
 425 3.050000
 426 3.030000
 427 3.030000
 428 3.040000
 429 3.090000
 430 3.050000
 431 3.050000
 432 3.080000
 433 3.080000
 434 3.100000
 435 3.120000
 436 3.110000
 437 3.060000
 438 3.070000
 439 3.050000
 440 3.110000
 441 3.140000
 442 3.120000
 443 3.150000
 444 3.170000
 445 3.170000
 446 3.200000
 447 3.230000
 448 3.210000
 449 3.210000
 450 3.240000
 451 3.240000
 452 3.210000
 453 3.240000
 454 3.240000
 455 3.240000
 456 3.240000
 457 3.250000
 458 3.250000
 459 3.260000
 460 3.280000
 461 3.280000
 462 3.290000
 463 3.290000
 464 3.320000
 465 3.330000
 466 3.320000
 467 3.340000
 468 3.340000
 469 3.330000
 470 3.330000
 471 3.330000
 472 3.350000
 473 3.330000
 474 3.350000
 475 3.380000
 476 3.410000
 477 3.400000
 478 3.380000
 479 3.400000
 480 3.440000
 481 3.420000
 482 3.430000
 483 3.430000
 484 3.500000
 485 3.460000
 486 3.530000
 487 3.540000
 488 3.560000
 489 3.550000
 490 3.590000
 491 3.530000
 492 3.530000
 493 3.560000
 494 3.550000
 495 3.560000
 496 3.600000
 497 3.570000
 498 3.610000
 499 3.630000
 500 3.650000
 501 3.630000
 502 3.640000
 503 3.680000
 504 3.710000
 505 3.730000
 506 3.740000
 507 3.730000
 508 3.750000
 509 3.780000
 510 3.780000
 511 3.790000
 512 3.790000
 513 3.830000
 514 3.830000
 515 3.850000
 516 3.830000
 517 3.900000
 518 3.890000
 519 3.930000
 520 3.950000
 521 3.960000
 522 3.960000
 523 4.010000
 524 4.030000
 525 4.040000
 526 4.050000
 527 4.040000
 528 4.080000
 529 4.120000
 530 4.130000
 531 4.160000
 532 4.180000
 533 4.190000
 534 2.810000
 535 2.760000
 536 2.460000
 537 2.240000
 538 2.220000
 539 1.990000
 540 1.680000
 541 1.640000
 542 1.650000
 543 1.660000
 544 1.670000
 545 1.670000
 546 1.670000
 547 1.660000
 548 1.660000
 549 1.670000
 550 1.660000
 551 2.410000
 552 2.560000
 553 2.480000
 554 1.820000
 555 1.820000
 556 1.830000
 557 1.790000
 558 2.480000
 559 2.510000
 560 2.480000
 561 2.460000
 562 2.510000
 563 2.440000
 564 2.450000
 565 2.490000
 566 2.510000
 567 2.520000
 568 2.500000
 569 2.540000
 570 2.500000
 571 2.310000
 572 2.310000
 573 2.250000
 574 2.260000
 575 2.270000
 576 2.270000
 577 2.270000
 578 2.270000
 579 2.270000
 580 2.290000
 581 2.360000
 582 2.410000
 583 2.460000
 584 2.380000
 585 2.350000
 586 1.770000
 587 1.740000
 588 1.720000
 589 1.740000
 590 1.710000
 591 1.710000
 592 1.710000
 593 1.710000
 594 1.740000
 595 1.710000
 596 1.710000
 597 1.740000
 598 1.800000
 599 2.370000
 600 2.350000
 601 2.430000
 602 2.360000
 603 2.390000
 604 2.410000
 605 2.420000
 606 2.400000
 607 2.380000
 608 2.350000
 609 2.360000
 610 2.340000
 611 2.370000
 612 2.350000
 613 2.370000
 614 2.370000
 615 2.390000
 616 3.670000
 617 3.640000
 618 3.650000
 619 3.560000
 620 3.560000
 621 3.550000
 622 3.550000
 623 3.520000
 624 3.530000
 625 3.510000
 626 3.550000
 627 3.570000
 628 1.910000
 629 1.870000
 630 1.880000
 631 1.860000
 632 1.860000
 633 1.840000
 634 1.860000
 635 1.860000
 636 1.860000
 637 1.840000
 638 1.860000
 639 1.880000
 640 1.890000
 641 3.430000
 642 3.400000
 643 3.450000
 644 3.460000
 645 3.330000
 646 3.320000
 647 3.300000
 648 3.340000
 649 3.350000
 650 3.370000
 651 3.400000
 652 3.380000
 653 3.360000
 654 3.390000
 655 3.380000
 656 3.330000
 657 3.290000
 658 3.280000
 659 3.270000
 660 3.230000
 661 3.210000
 662 3.330000
 663 3.300000
 664 3.300000
 665 3.200000
 666 3.180000
 667 3.180000
 668 3.300000
 669 3.300000
 670 3.310000
 671 3.310000
 672 3.290000
 673 3.130000
 674 3.170000
 675 3.160000
 676 3.310000
 677 3.260000
 678 3.260000
 679 3.260000
 680 3.250000
 681 3.130000
 682 3.210000
 683 3.130000
 684 3.150000
 685 3.160000
 686 3.130000
 687 3.140000
 688 3.150000
 689 3.130000
 690 3.260000
 691 3.260000
 692 3.260000
 693 3.240000
 694 3.260000
 695 3.130000
 696 3.260000
 697 3.260000
 698 3.260000
 699 3.100000
 700 3.240000
 701 3.260000
 702 3.260000
 703 3.130000
 704 3.240000
 705 3.260000
 706 3.130000
 707 3.170000
 708 3.290000
 709 3.160000
 710 3.270000
 711 3.300000
 712 3.110000
 713 3.160000
 714 3.360000
 715 3.130000
 716 3.160000
 717 3.110000
 718 3.310000
 719 3.270000
 720 3.270000
 721 3.270000
 722 3.270000
 723 3.270000
 724 3.270000
 725 3.270000
 726 3.270000
 727 3.270000
 728 3.250000
 729 3.280000
 730 3.270000
 731 3.250000
 732 3.270000
 733 3.300000
 734 3.270000
 735 3.250000
 736 3.300000
 737 3.280000
 738 3.270000
 739 3.270000
 740 3.280000
 741 3.250000
 742 3.250000
 743 3.280000
 744 3.300000
 745 3.250000
 746 3.250000
 747 3.280000
 748 3.270000
 749 3.250000
 750 3.270000
 751 3.320000
 752 3.130000
 753 3.240000
 754 3.210000
 755 3.160000
 756 3.300000
 757 3.250000
 758 3.250000
 759 3.300000
 760 3.270000