
 0 3.000000
 1 3.130000
 2 3.130000
 3 3.130000
 4 3.000000
 5 3.130000
 6 3.130000
 7 3.030000
 8 3.050000
 9 3.160000
 10 3.070000
 11 3.070000
 12 3.160000
 13 3.160000
 14 3.070000
 15 3.020000
 16 3.050000
 17 3.160000
 18 3.160000
 19 3.130000
 20 3.130000
 21 3.160000
 22 3.130000
 23 3.000000
 24 3.000000
 25 3.030000
 26 3.040000
 27 3.000000
 28 3.000000
 29 3.030000
 30 3.000000
 31 3.130000
 32 3.110000
 33 2.980000
 34 3.110000
 35 3.110000
 36 2.900000
 37 2.690000
 38 2.300000
 39 2.170000
 40 2.160000
 41 2.140000
 42 2.140000
 43 2.150000
 44 2.130000
 45 2.130000
 46 2.140000
 47 2.140000
 48 2.140000
 49 2.140000
 50 2.140000
 51 2.140000
 52 2.240000
 53 2.280000
 54 2.210000
 55 2.200000
 56 2.180000
 57 2.180000
 58 2.180000
 59 2.180000
 60 2.200000
 61 2.200000
 62 2.220000
 63 2.200000
 64 2.180000
 65 2.160000
 66 2.160000
 67 2.180000
 68 2.210000
 69 2.220000
 70 2.230000
 71 2.220000
 72 2.210000
 73 2.180000
 74 2.210000
 75 2.210000
 76 2.260000
 77 2.320000
 78 2.180000
 79 2.190000
 80 2.200000
 81 2.170000
 82 2.200000
 83 2.210000
 84 2.250000
 85 2.250000
 86 2.230000
 87 2.230000
 88 2.230000
 89 2.230000
 90 2.230000
 91 2.240000
 92 2.270000
 93 2.280000
 94 2.260000
 95 2.230000
 96 2.230000
 97 2.230000
 98 2.220000
 99 2.240000
 100 2.230000
 101 2.280000
 102 2.280000
 103 2.300000
 104 2.300000
 105 2.290000
 106 2.290000
 107 2.290000
 108 2.310000
 109 2.300000
 110 2.300000
 111 2.300000
 112 2.330000
 113 2.340000
 114 2.320000
 115 2.320000
 116 2.310000
 117 2.330000
 118 2.350000
 119 2.340000
 120 2.470000
 121 2.390000
 122 2.340000
 123 2.310000
 124 2.320000
 125 2.310000
 126 2.350000
 127 2.370000
 128 2.390000
 129 2.390000
 130 2.410000
 131 2.410000
 132 2.420000
 133 2.410000
 134 2.430000
 135 2.410000
 136 2.410000
 137 2.380000
 138 2.380000
 139 2.380000
 140 2.380000
 141 2.380000
 142 2.430000
 143 2.420000
 144 2.440000
 145 2.480000
 146 3.550000
 147 3.570000
 148 3.630000
 149 3.550000
 150 3.630000
 151 3.560000
 152 3.550000
 153 3.580000
 154 3.500000
 155 3.420000
 156 3.420000
 157 3.390000
 158 3.420000
 159 3.400000
 160 3.420000
 161 3.410000
 162 3.420000
 163 3.420000
 164 3.430000
 165 3.460000
 166 3.470000
 167 3.500000
 168 3.520000
 169 3.630000
 170 3.750000
 171 3.680000
 172 3.740000
 173 3.740000
 174 3.770000
 175 3.780000
 176 3.780000
 177 3.820000
 178 3.860000
 179 3.840000
 180 3.860000
 181 3.880000
 182 3.890000
 183 3.910000
 184 3.900000
 185 3.930000
 186 3.890000
 187 3.930000
 188 3.950000
 189 3.960000
 190 3.960000
 191 3.980000
 192 4.000000
 193 3.990000
 194 3.990000
 195 4.020000
 196 3.980000
 197 4.110000
 198 4.040000
 199 4.130000
 200 4.120000
 201 4.160000
 202 4.050000
 203 4.100000
 204 4.130000
 205 4.100000
 206 4.150000
 207 4.130000
 208 4.150000
 209 4.150000
 210 4.150000
 211 4.180000
 212 4.230000
 213 4.230000
 214 2.950000
 215 2.910000
 216 2.910000
 217 2.910000
 218 2.910000
 219 2.880000
 220 2.910000
 221 3.010000
 222 4.350000
 223 4.380000
 224 3.480000
 225 3.460000
 226 3.460000
 227 3.460000
 228 3.460000
 229 3.480000
 230 3.550000
 231 4.030000
 232 4.050000
 233 4.000000
 234 3.980000
 235 4.000000
 236 4.040000
 237 4.050000
 238 4.780000
 239 4.770000
 240 4.730000
 241 4.730000
 242 2.850000
 243 2.860000
 244 2.860000
 245 2.830000
 246 2.860000
 247 2.870000
 248 2.830000
 249 2.890000
 250 3.410000
 251 3.410000
 252 3.380000
 253 3.430000
 254 3.960000
 255 3.960000
 256 3.960000
 257 4.900000
 258 4.750000
 259 4.750000
 260 3.230000
 261 4.700000
 262 4.700000
 263 4.800000
 264 4.780000
 265 4.770000
 266 4.720000
 267 4.750000
 268 4.670000
 269 4.660000
 270 3.880000
 271 2.880000
 272 2.830000
 273 2.840000
 274 2.840000
 275 2.820000
 276 2.850000
 277 2.830000
 278 2.840000
 279 4.560000
 280 4.560000
 281 4.540000
 282 4.520000
 283 4.530000
 284 4.520000
 285 4.490000
 286 4.470000
 287 4.510000
 288 4.480000
 289 4.480000
 290 4.430000
 291 4.450000
 292 4.430000
 293 4.430000
 294 4.410000
 295 4.440000
 296 4.410000
 297 4.420000
 298 4.400000
 299 4.400000
 300 4.380000
 301 4.350000
 302 4.400000
 303 4.400000
 304 4.280000
 305 4.350000
 306 4.380000
 307 4.380000
 308 4.360000
 309 4.370000
 310 4.250000
 311 4.230000
 312 4.220000
 313 4.230000
 314 4.200000
 315 4.230000
 316 4.200000
 317 4.200000
 318 4.200000
 319 4.170000
 320 4.220000
 321 4.200000
 322 4.180000
 323 4.180000
 324 4.150000
 325 4.150000
 326 4.170000
 327 4.170000
 328 4.170000
 329 4.120000
 330 4.150000
 331 4.150000
 332 4.240000
 333 4.260000
 334 4.130000
 335 4.150000
 336 4.250000
 337 4.220000
 338 4.200000
 339 4.190000
 340 4.170000
 341 4.180000
 342 4.200000
 343 4.200000
 344 4.180000
 345 4.230000
 346 4.230000
 347 4.170000
 348 4.170000
 349 4.150000
 350 4.110000
 351 4.090000
 352 4.090000
 353 4.080000
 354 4.100000
 355 4.090000
 356 4.090000
 357 4.070000
 358 4.090000
 359 4.090000
 360 4.080000
 361 4.080000
 362 4.080000
 363 4.080000
 364 4.110000
 365 4.090000
 366 4.080000
 367 4.100000
 368 4.030000
 369 4.280000
 370 4.990000
 371 5.000000
 372 5.020000
 373 5.000000
 374 5.030000
 375 5.000000
 376 5.000000
 377 4.980000
 378 4.980000
 379 5.010000
 380 4.990000
 381 4.990000
 382 4.990000
 383 5.020000
 384 5.050000
 385 5.030000
 386 5.000000
 387 4.380000
 388 4.860000
 389 4.880000
 390 5.010000
 391 4.230000
 392 4.160000
 393 4.190000
 394 4.200000
 395 4.880000
 396 4.830000
 397 4.750000
 398 4.730000
 399 4.680000
 400 4.630000
 401 4.570000
 402 4.600000
 403 4.610000
 404 4.600000
 405 4.560000
 406 4.560000
 407 4.380000
 408 4.280000
 409 4.280000
 410 4.360000
 411 4.330000
 412 4.430000
 413 4.310000
 414 4.230000
 415 4.250000
 416 4.320000
 417 4.410000
 418 4.390000
 419 4.340000
 420 4.280000
 421 4.260000
 422 4.310000
 423 4.330000
 424 4.300000
 425 4.250000
 426 4.200000
 427 3.980000
 428 3.710000
 429 3.740000
 430 3.680000
 431 3.630000
 432 3.630000
 433 3.610000
 434 3.620000
 435 3.590000
 436 3.570000
 437 3.570000
 438 3.520000
 439 3.520000
 440 3.500000
 441 3.530000
 442 3.530000
 443 3.500000
 444 3.500000
 445 3.600000
 446 3.610000
 447 3.580000
 448 3.580000
 449 3.580000
 450 3.560000
 451 3.560000
 452 3.540000
 453 3.560000
 454 3.600000
 455 3.570000
 456 3.550000
 457 3.510000
 458 3.490000
 459 3.470000
 460 3.480000
 461 3.520000
 462 3.520000
 463 3.530000
 464 3.540000
 465 3.530000
 466 3.530000
 467 3.530000
 468 3.520000
 469 3.500000
 470 3.490000
 471 3.500000
 472 3.480000
 473 3.470000
 474 3.450000
 475 3.470000
 476 3.460000
 477 3.430000
 478 3.430000
 479 3.420000
 480 3.410000
 481 3.430000
 482 3.410000
 483 3.410000
 484 3.370000
 485 3.360000
 486 3.350000
 487 3.300000
 488 3.270000
 489 3.270000
 490 3.270000
 491 3.250000
 492 3.220000
 493 3.200000
 494 3.180000
 495 3.170000
 496 3.160000
 497 3.150000
 498 3.080000
 499 3.130000
 500 3.110000
 501 3.110000
 502 3.080000
 503 3.100000
 504 3.070000
 505 3.060000
 506 3.070000
 507 3.070000
 508 3.060000
 509 3.040000
 510 3.070000
 511 3.040000
 512 3.070000
 513 3.070000
 514 3.070000
 515 3.070000
 516 3.080000
 517 3.070000
 518 3.100000
 519 3.100000
 520 3.090000
 521 3.120000
 522 3.090000
 523 3.120000
 524 3.150000
 525 3.100000
 526 3.110000
 527 3.110000
 528 3.100000
 529 3.080000
 530 3.060000
 531 3.030000
 532 3.040000
 533 3.030000
 534 3.030000
 535 3.030000
 536 3.010000
 537 3.010000
 538 3.010000
 539 3.040000
 540 3.020000
 541 3.010000
 542 3.040000
 543 3.010000
 544 2.430000
 545 2.410000
 546 3.010000
 547 3.040000
 548 3.040000
 549 3.030000
 550 3.040000
 551 3.060000
 552 3.060000
 553 3.060000
 554 3.060000
 555 3.080000
 556 3.080000
 557 3.090000
 558 3.060000
 559 3.080000
 560 3.060000
 561 2.060000
 562 2.080000
 563 2.060000
 564 2.040000
 565 1.800000
 566 1.820000
 567 1.810000
 568 1.790000
 569 1.820000
 570 1.790000
 571 1.820000
 572 1.820000
 573 1.840000
 574 1.840000
 575 1.840000
 576 1.870000
 577 1.890000
 578 1.870000
 579 1.870000
 580 1.920000
 581 1.890000
 582 1.920000
 583 1.920000
 584 1.920000
 585 1.970000
 586 1.970000
 587 1.970000
 588 1.970000
 589 1.990000
 590 2.020000
 591 2.020000
 592 2.040000
 593 2.050000
 594 2.080000
 595 2.080000
 596 2.080000
 597 2.130000
 598 2.130000
 599 2.130000
 600 2.150000
 601 2.180000
 602 2.200000
 603 2.200000
 604 2.200000
 605 2.230000
 606 2.250000
 607 2.250000
 608 2.250000
 609 2.240000
 610 2.280000
 611 2.300000
 612 2.330000
 613 2.350000
 614 2.340000
 615 2.360000
 616 2.330000
 617 2.330000
 618 2.350000
 619 2.350000
 620 2.380000
 621 2.380000
 622 2.400000
 623 1.480000
 624 1.460000
 625 1.480000
 626 1.430000
 627 1.470000
 628 1.490000
 629 1.490000
 630 1.490000
 631 1.510000
 632 1.540000
 633 1.510000
 634 1.560000
 635 1.560000
 636 1.560000
 637 1.560000
 638 1.590000
 639 1.590000
 640 1.600000
 641 1.630000
 642 1.630000
 643 1.630000
 644 1.650000
 645 1.680000
 646 1.700000
 647 1.700000
 648 1.700000
 649 1.730000
 650 1.750000
 651 1.750000
 652 1.780000
 653 1.800000
 654 1.830000
 655 1.830000
 656 1.850000
 657 1.880000
 658 1.900000
 659 1.900000
 660 1.930000
 661 1.950000
 662 1.970000
 663 2.030000
 664 3.370000
 665 3.370000
 666 3.340000
 667 3.340000
 668 3.340000
 669 3.340000
 670 3.320000
 671 3.290000
 672 3.290000
 673 3.290000
 674 3.270000
 675 3.240000
 676 3.250000
 677 3.250000
 678 3.260000
 679 3.250000
 680 3.240000
 681 3.230000
 682 3.240000
 683 3.240000
 684 3.240000
 685 3.240000
 686 3.270000
 687 3.270000
 688 3.310000
 689 3.270000
 690 3.310000
 691 3.330000
 692 3.290000
 693 3.300000
 694 3.320000
 695 3.320000
 696 3.340000
 697 3.340000
 698 3.340000
 699 3.370000
 700 3.370000
 701 3.390000
 702 3.390000
 703 3.420000
 704 3.420000
 705 3.430000
 706 3.460000
 707 3.450000
 708 2.900000
 709 2.920000
 710 3.350000
 711 3.520000
 712 3.560000
 713 3.590000
 714 3.620000
 715 3.600000
 716 3.650000
 717 3.660000
 718 3.650000
 719 3.710000
 720 3.700000
 721 3.730000
 722 3.730000
 723 3.760000
 724 3.760000
 725 3.760000
 726 3.780000
 727 3.790000
 728 3.810000
 729 3.800000
 730 3.830000
 731 3.810000
 732 3.810000
 733 3.840000
 734 3.880000
 735 3.880000
 736 3.920000
 737 3.910000
 738 3.930000
 739 3.960000
 740 3.980000
 741 3.410000
 742 3.400000
 743 2.940000
 744 2.950000
 745 1.510000
 746 1.540000
 747 1.560000
 748 1.530000
 749 1.530000
 750 1.570000
 751 1.530000
 752 1.560000
 753 1.530000
 754 1.540000
 755 1.530000
 756 1.520000
 757 1.520000
 758 4.070000
 759 4.060000
 760 4.050000
 0 2.980000
 1 3.130000
 2 3.130000
 3 3.130000
 4 3.030000
 5 3.130000
 6 3.130000
 7 3.030000
 8 3.020000
 9 3.180000
 10 3.020000
 11 3.070000
 12 3.160000
 13 3.130000
 14 3.070000
 15 3.020000
 16 3.050000
 17 3.180000
 18 3.160000
 19 3.130000
 20 3.110000
 21 3.160000
 22 3.130000
 23 3.000000
 24 3.000000
 25 3.030000
 26 3.010000
 27 2.980000
 28 3.030000
 29 3.000000
 30 2.980000
 31 3.110000
 32 3.080000
 33 2.980000
 34 3.110000
 35 3.110000
 36 2.900000
 37 2.710000
 38 2.330000
 39 2.170000
 40 2.160000
 41 2.140000
 42 2.140000
 43 2.150000
 44 2.130000
 45 2.130000
 46 2.140000
 47 2.120000
 48 2.140000
 49 2.140000
 50 2.140000
 51 2.170000
 52 2.240000
 53 2.260000
 54 2.230000
 55 2.200000
 56 2.180000
 57 2.180000
 58 2.180000
 59 2.210000
 60 2.200000
 61 2.200000
 62 2.220000
 63 2.210000
 64 2.180000
 65 2.180000
 66 2.160000
 67 2.150000
 68 2.200000
 69 2.220000
 70 2.200000
 71 2.190000
 72 2.210000
 73 2.210000
 74 2.200000
 75 2.200000
 76 2.260000
 77 2.320000
 78 2.200000
 79 2.170000
 80 2.190000
 81 2.190000
 82 2.180000
 83 2.230000
 84 2.230000
 85 2.250000
 86 2.260000
 87 2.250000
 88 2.230000
 89 2.210000
 90 2.260000
 91 2.270000
 92 2.270000
 93 2.250000
 94 2.260000
 95 2.250000
 96 2.230000
 97 2.210000
 98 2.240000
 99 2.240000
 100 2.210000
 101 2.280000
 102 2.280000
 103 2.280000
 104 2.300000
 105 2.290000
 106 2.320000
 107 2.290000
 108 2.280000
 109 2.330000
 110 2.300000
 111 2.300000
 112 2.310000
 113 2.340000
 114 2.320000
 115 2.340000
 116 2.310000
 117 2.330000
 118 2.330000
 119 2.340000
 120 2.470000
 121 2.360000
 122 2.340000
 123 2.310000
 124 2.320000
 125 2.310000
 126 2.350000
 127 2.370000
 128 2.390000
 129 2.390000
 130 2.380000
 131 2.380000
 132 2.420000
 133 2.380000
 134 2.420000
 135 2.410000
 136 2.380000
 137 2.410000
 138 2.380000
 139 2.380000
 140 2.360000
 141 2.400000
 142 2.430000
 143 2.420000
 144 2.440000
 145 2.510000
 146 3.550000
 147 3.590000
 148 3.630000
 149 3.520000
 150 3.630000
 151 3.590000
 152 3.590000
 153 3.550000
 154 3.500000
 155 3.450000
 156 3.410000
 157 3.420000
 158 3.430000
 159 3.430000
 160 3.430000
 161 3.430000
 162 3.420000
 163 3.440000
 164 3.430000
 165 3.460000
 166 3.460000
 167 3.480000
 168 3.490000
 169 3.630000
 170 3.750000
 171 3.690000
 172 3.700000
 173 3.750000
 174 3.760000
 175 3.750000
 176 3.800000
 177 3.820000
 178 3.830000
 179 3.870000
 180 3.860000
 181 3.860000
 182 3.890000
 183 3.900000
 184 3.870000
 185 3.910000
 186 3.900000
 187 3.930000
 188 3.930000
 189 3.950000
 190 3.960000
 191 3.980000
 192 3.980000
 193 3.980000
 194 3.990000
 195 4.030000
 196 3.980000
 197 3.980000
 198 4.050000
 199 4.130000
 200 4.120000
 201 4.160000
 202 4.050000
 203 4.080000
 204 4.130000
 205 4.070000
 206 4.130000
 207 4.150000
 208 4.150000
 209 4.150000
 210 4.240000
 211 4.200000
 212 4.230000
 213 4.250000
 214 2.930000
 215 2.930000
 216 2.930000
 217 2.930000
 218 2.910000
 219 2.910000
 220 2.940000
 221 3.010000
 222 4.380000
 223 4.380000
 224 3.480000
 225 3.460000
 226 3.460000
 227 3.460000
 228 3.460000
 229 3.480000
 230 3.530000
 231 4.030000
 232 4.030000
 233 4.000000
 234 4.010000
 235 4.000000
 236 4.060000
 237 4.020000
 238 4.780000
 239 4.790000
 240 4.730000
 241 4.730000
 242 2.880000
 243 2.860000
 244 2.860000
 245 2.870000
 246 2.830000
 247 2.860000
 248 2.860000
 249 2.950000
 250 3.410000
 251 3.410000
 252 3.410000
 253 3.420000
 254 3.960000
 255 3.960000
 256 3.990000
 257 4.900000
 258 4.900000
 259 4.750000
 260 3.210000
 261 4.700000
 262 4.700000
 263 4.780000
 264 4.780000
 265 4.770000
 266 4.750000
 267 4.750000
 268 4.700000
 269 4.660000
 270 3.910000
 271 2.890000
 272 2.830000
 273 2.830000
 274 2.840000
 275 2.840000
 276 2.830000
 277 2.830000
 278 2.880000
 279 4.560000
 280 4.590000
 281 4.540000
 282 4.520000
 283 4.530000
 284 4.490000
 285 4.470000
 286 4.480000
 287 4.510000
 288 4.480000
 289 4.450000
 290 4.430000
 291 4.430000
 292 4.460000
 293 4.430000
 294 4.430000
 295 4.410000
 296 4.390000
 297 4.420000
 298 4.400000
 299 4.400000
 300 4.400000
 301 4.380000
 302 4.380000
 303 4.280000
 304 4.280000
 305 4.350000
 306 4.380000
 307 4.380000
 308 4.360000
 309 4.250000
 310 4.250000
 311 4.230000
 312 4.220000
 313 4.230000
 314 4.200000
 315 4.230000
 316 4.170000
 317 4.200000
 318 4.200000
 319 4.190000
 320 4.200000
 321 4.180000
 322 4.180000
 323 4.150000
 324 4.180000
 325 4.170000
 326 4.170000
 327 4.150000
 328 4.170000
 329 4.150000
 330 4.150000
 331 4.130000
 332 4.240000
 333 4.260000
 334 4.130000
 335 4.260000
 336 4.250000
 337 4.220000
 338 4.200000
 339 4.200000
 340 4.170000
 341 4.200000
 342 4.200000
 343 4.200000
 344 4.180000
 345 4.230000
 346 4.230000
 347 4.170000
 348 4.150000
 349 4.180000
 350 4.110000
 351 4.090000
 352 4.090000
 353 4.080000
 354 4.110000
 355 4.090000
 356 4.070000
 357 4.070000
 358 4.070000
 359 4.060000
 360 4.080000
 361 4.080000
 362 4.080000
 363 4.080000
 364 4.080000
 365 4.060000
 366 4.090000
 367 4.070000
 368 4.050000
 369 4.620000
 370 4.990000
 371 5.000000
 372 5.000000
 373 5.020000
 374 5.030000
 375 4.980000
 376 5.000000
 377 5.000000
 378 5.010000
 379 4.960000
 380 4.990000
 381 4.970000
 382 4.990000
 383 5.000000
 384 5.050000
 385 5.000000
 386 5.030000
 387 4.350000
 388 4.860000
 389 4.860000
 390 5.010000
 391 4.240000
 392 4.170000
 393 4.170000
 394 4.230000
 395 4.880000
 396 4.830000
 397 4.780000
 398 4.760000
 399 4.680000
 400 4.610000
 401 4.560000
 402 4.610000
 403 4.580000
 404 4.580000
 405 4.560000
 406 4.530000
 407 4.380000
 408 4.290000
 409 4.280000
 410 4.280000
 411 4.280000
 412 4.410000
 413 4.300000
 414 4.230000
 415 4.250000
 416 4.310000
 417 4.430000
 418 4.390000
 419 4.370000
 420 4.260000
 421 4.260000
 422 4.290000
 423 4.330000
 424 4.270000
 425 4.220000
 426 4.200000
 427 4.150000
 428 3.740000
 429 3.770000
 430 3.680000
 431 3.630000
 432 3.660000
 433 3.610000
 434 3.620000
 435 3.620000
 436 3.570000
 437 3.570000
 438 3.550000
 439 3.520000
 440 3.530000
 441 3.530000
 442 3.530000
 443 3.500000
 444 3.500000
 445 3.620000
 446 3.610000
 447 3.610000
 448 3.570000
 449 3.610000
 450 3.580000
 451 3.560000
 452 3.540000
 453 3.580000
 454 3.570000
 455 3.550000
 456 3.550000
 457 3.510000
 458 3.490000
 459 3.460000
 460 3.520000
 461 3.500000
 462 3.520000
 463 3.530000
 464 3.530000
 465 3.530000
 466 3.510000
 467 3.530000
 468 3.520000
 469 3.510000
 470 3.510000
 471 3.500000
 472 3.470000
 473 3.470000
 474 3.450000
 475 3.460000
 476 3.420000
 477 3.450000
 478 3.420000
 479 3.430000
 480 3.410000
 481 3.430000
 482 3.410000
 483 3.380000
 484 3.370000
 485 3.350000
 486 3.350000
 487 3.270000
 488 3.270000
 489 3.250000
 490 3.270000
 491 3.270000
 492 3.200000
 493 3.170000
 494 3.180000
 495 3.170000
 496 3.160000
 497 3.130000
 498 3.080000
 499 3.130000
 500 3.080000
 501 3.070000
 502 3.080000
 503 3.050000
 504 3.050000
 505 3.060000
 506 3.070000
 507 3.050000
 508 3.060000
 509 3.040000
 510 3.070000
 511 3.040000
 512 3.070000
 513 3.040000
 514 3.040000
 515 3.090000
 516 3.110000
 517 3.070000
 518 3.100000
 519 3.090000
 520 3.100000
 521 3.100000
 522 3.120000
 523 3.120000
 524 3.090000
 525 3.090000
 526 3.110000
 527 3.110000
 528 3.070000
 529 3.080000
 530 3.060000
 531 3.050000
 532 3.040000
 533 3.060000
 534 3.030000
 535 3.030000
 536 2.980000
 537 3.010000
 538 3.010000
 539 3.010000
 540 3.010000
 541 3.040000
 542 3.040000
 543 3.010000
 544 2.430000
 545 2.380000
 546 3.040000
 547 3.040000
 548 3.010000
 549 3.040000
 550 3.060000
 551 3.040000
 552 3.060000
 553 3.090000
 554 3.060000
 555 3.060000
 556 3.080000
 557 3.080000
 558 3.090000
 559 3.090000
 560 3.080000
 561 2.070000
 562 2.080000
 563 2.060000
 564 2.070000
 565 1.800000
 566 1.800000
 567 1.800000
 568 1.790000
 569 1.790000
 570 1.790000
 571 1.820000
 572 1.820000
 573 1.840000
 574 1.840000
 575 1.840000
 576 1.840000
 577 1.870000
 578 1.870000
 579 1.890000
 580 1.890000
 581 1.890000
 582 1.920000
 583 1.920000
 584 1.940000
 585 1.970000
 586 1.970000
 587 1.970000
 588 1.970000
 589 1.990000
 590 2.020000
 591 2.020000
 592 2.020000
 593 2.050000
 594 2.050000
 595 2.080000
 596 2.080000
 597 2.100000
 598 2.130000
 599 2.150000
 600 2.180000
 601 2.200000
 602 2.200000
 603 2.200000
 604 2.230000
 605 2.230000
 606 2.250000
 607 2.250000
 608 2.250000
 609 2.240000
 610 2.280000
 611 2.300000
 612 2.330000
 613 2.350000
 614 2.340000
 615 2.330000
 616 2.330000
 617 2.330000
 618 2.350000
 619 2.350000
 620 2.380000
 621 2.380000
 622 2.430000
 623 1.480000
 624 1.450000
 625 1.450000
 626 1.460000
 627 1.470000
 628 1.460000
 629 1.490000
 630 1.510000
 631 1.510000
 632 1.510000
 633 1.510000
 634 1.540000
 635 1.560000
 636 1.540000
 637 1.560000
 638 1.580000
 639 1.600000
 640 1.600000
 641 1.600000
 642 1.630000
 643 1.630000
 644 1.650000
 645 1.680000
 646 1.700000
 647 1.700000
 648 1.730000
 649 1.750000
 650 1.750000
 651 1.750000
 652 1.780000
 653 1.830000
 654 1.830000
 655 1.830000
 656 1.850000
 657 1.850000
 658 1.900000
 659 1.900000
 660 1.930000
 661 1.950000
 662 1.970000
 663 2.010000
 664 3.370000
 665 3.390000
 666 3.370000
 667 3.370000
 668 3.340000
 669 3.340000
 670 3.320000
 671 3.290000
 672 3.270000
 673 3.240000
 674 3.240000
 675 3.240000
 676 3.240000
 677 3.240000
 678 3.220000
 679 3.240000
 680 3.230000
 681 3.260000
 682 3.260000
 683 3.240000
 684 3.240000
 685 3.240000
 686 3.240000
 687 3.280000
 688 3.300000
 689 3.300000
 690 3.320000
 691 3.300000
 692 3.320000
 693 3.320000
 694 3.340000
 695 3.320000
 696 3.340000
 697 3.330000
 698 3.370000
 699 3.370000
 700 3.390000
 701 3.390000
 702 3.420000
 703 3.420000
 704 3.440000
 705 3.440000
 706 3.480000
 707 3.460000
 708 2.930000
 709 2.920000
 710 3.370000
 711 3.520000
 712 3.560000
 713 3.590000
 714 3.620000
 715 3.610000
 716 3.660000
 717 3.660000
 718 3.680000
 719 3.700000
 720 3.710000
 721 3.730000
 722 3.760000
 723 3.760000
 724 3.770000
 725 3.790000
 726 3.760000
 727 3.780000
 728 3.810000
 729 3.810000
 730 3.810000
 731 3.830000
 732 3.830000
 733 3.810000
 734 3.850000
 735 3.880000
 736 3.880000
 737 3.910000
 738 3.930000
 739 3.930000
 740 3.960000
 741 3.380000
 742 3.350000
 743 2.970000
 744 2.960000
 745 1.510000
 746 1.570000
 747 1.530000
 748 1.560000
 749 1.560000
 750 1.540000
 751 1.530000
 752 1.560000
 753 1.530000
 754 1.540000
 755 1.510000
 756 1.520000
 757 1.520000
 758 4.080000
 759 4.080000
 760 4.050000
 0 3.000000
 1 3.160000
 2 3.160000
 3 3.140000
 4 3.000000
 5 3.140000
 6 3.140000
 7 3.050000
 8 3.050000
 9 3.160000
 10 3.070000
 11 3.040000
 12 3.190000
 13 3.160000
 14 3.040000
 15 3.050000
 16 3.050000
 17 3.190000
 18 3.190000
 19 3.160000
 20 3.110000
 21 3.160000
 22 3.140000
 23 3.000000
 24 3.000000
 25 3.030000
 26 3.010000
 27 3.000000
 28 3.030000
 29 3.000000
 30 3.000000
 31 3.160000
 32 3.110000
 33 2.950000
 34 3.140000
 35 3.090000
 36 2.900000
 37 2.690000
 38 2.330000
 39 2.170000
 40 2.170000
 41 2.140000
 42 2.150000
 43 2.130000
 44 2.140000
 45 2.160000
 46 2.150000
 47 2.150000
 48 2.150000
 49 2.150000
 50 2.150000
 51 2.150000
 52 2.220000
 53 2.290000
 54 2.240000
 55 2.200000
 56 2.190000
 57 2.210000
 58 2.190000
 59 2.190000
 60 2.200000
 61 2.200000
 62 2.190000
 63 2.200000
 64 2.200000
 65 2.190000
 66 2.160000
 67 2.180000
 68 2.200000
 69 2.220000
 70 2.230000
 71 2.220000
 72 2.210000
 73 2.210000
 74 2.180000
 75 2.200000
 76 2.260000
 77 2.320000
 78 2.200000
 79 2.170000
 80 2.170000
 81 2.190000
 82 2.200000
 83 2.240000
 84 2.250000
 85 2.250000
 86 2.240000
 87 2.250000
 88 2.230000
 89 2.260000
 90 2.260000
 91 2.270000
 92 2.240000
 93 2.280000
 94 2.260000
 95 2.230000
 96 2.240000
 97 2.240000
 98 2.220000
 99 2.240000
 100 2.260000
 101 2.280000
 102 2.280000
 103 2.300000
 104 2.300000
 105 2.290000
 106 2.290000
 107 2.320000
 108 2.310000
 109 2.300000
 110 2.300000
 111 2.300000
 112 2.310000
 113 2.320000
 114 2.340000
 115 2.340000
 116 2.310000
 117 2.350000
 118 2.330000
 119 2.350000
 120 2.470000
 121 2.360000
 122 2.350000
 123 2.310000
 124 2.320000
 125 2.310000
 126 2.350000
 127 2.390000
 128 2.390000
 129 2.370000
 130 2.410000
 131 2.410000
 132 2.420000
 133 2.410000
 134 2.390000
 135 2.410000
 136 2.410000
 137 2.390000
 138 2.390000
 139 2.390000
 140 2.410000
 141 2.390000
 142 2.430000
 143 2.420000
 144 2.440000
 145 2.480000
 146 3.560000
 147 3.570000
 148 3.630000
 149 3.550000
 150 3.650000
 151 3.590000
 152 3.590000
 153 3.580000
 154 3.530000
 155 3.450000
 156 3.430000
 157 3.420000
 158 3.420000
 159 3.400000
 160 3.440000
 161 3.430000
 162 3.420000
 163 3.420000
 164 3.430000
 165 3.460000
 166 3.450000
 167 3.500000
 168 3.520000
 169 3.630000
 170 3.760000
 171 3.680000
 172 3.700000
 173 3.750000
 174 3.760000
 175 3.780000
 176 3.800000
 177 3.820000
 178 3.860000
 179 3.850000
 180 3.870000
 181 3.860000
 182 3.890000
 183 3.900000
 184 3.900000
 185 3.930000
 186 3.930000
 187 3.940000
 188 3.930000
 189 3.930000
 190 3.930000
 191 3.950000
 192 4.000000
 193 4.020000
 194 3.990000
 195 4.000000
 196 3.980000
 197 4.110000
 198 4.050000
 199 4.130000
 200 4.140000
 201 4.150000
 202 4.080000
 203 4.080000
 204 4.100000
 205 4.120000
 206 4.130000
 207 4.130000
 208 4.180000
 209 4.150000
 210 4.240000
 211 4.200000
 212 4.230000
 213 4.250000
 214 2.930000
 215 2.940000
 216 2.910000
 217 2.910000
 218 2.910000
 219 2.920000
 220 2.950000
 221 2.980000
 222 4.380000
 223 4.380000
 224 3.480000
 225 3.490000
 226 3.460000
 227 3.460000
 228 3.490000
 229 3.460000
 230 3.560000
 231 4.030000
 232 4.030000
 233 4.000000
 234 3.990000
 235 4.000000
 236 4.040000
 237 4.050000
 238 4.780000
 239 4.770000
 240 4.730000
 241 4.730000
 242 2.880000
 243 2.860000
 244 2.840000
 245 2.840000
 246 2.860000
 247 2.840000
 248 2.840000
 249 2.920000
 250 3.410000
 251 3.410000
 252 3.410000
 253 3.450000
 254 3.940000
 255 3.960000
 256 3.970000
 257 4.910000
 258 4.780000
 259 4.730000
 260 3.210000
 261 4.700000
 262 4.700000
 263 4.780000
 264 4.780000
 265 4.750000
 266 4.750000
 267 4.750000
 268 4.700000
 269 4.090000
 270 3.890000
 271 2.890000
 272 2.840000
 273 2.840000
 274 2.820000
 275 2.820000
 276 2.820000
 277 2.840000
 278 2.880000
 279 4.590000
 280 4.570000
 281 4.540000
 282 4.520000
 283 4.510000
 284 4.520000
 285 4.490000
 286 4.470000
 287 4.520000
 288 4.480000
 289 4.470000
 290 4.450000
 291 4.460000
 292 4.460000
 293 4.430000
 294 4.430000
 295 4.440000
 296 4.420000
 297 4.420000
 298 4.400000
 299 4.410000
 300 4.380000
 301 4.380000
 302 4.410000
 303 4.280000
 304 4.280000
 305 4.360000
 306 4.380000
 307 4.380000
 308 4.360000
 309 4.400000
 310 4.250000
 311 4.230000
 312 4.220000
 313 4.230000
 314 4.200000
 315 4.230000
 316 4.200000
 317 4.220000
 318 4.200000
 319 4.190000
 320 4.200000
 321 4.180000
 322 4.180000
 323 4.150000
 324 4.180000
 325 4.170000
 326 4.170000
 327 4.150000
 328 4.170000
 329 4.150000
 330 4.150000
 331 4.130000
 332 4.240000
 333 4.240000
 334 4.290000
 335 4.260000
 336 4.230000
 337 4.220000
 338 4.200000
 339 4.170000
 340 4.170000
 341 4.180000
 342 4.230000
 343 4.210000
 344 4.180000
 345 4.230000
 346 4.210000
 347 4.200000
 348 4.150000
 349 4.160000
 350 4.110000
 351 4.090000
 352 4.090000
 353 4.070000
 354 4.100000
 355 4.090000
 356 4.090000
 357 4.070000
 358 4.070000
 359 4.090000
 360 4.080000
 361 4.050000
 362 4.080000
 363 4.080000
 364 4.080000
 365 4.080000
 366 4.070000
 367 4.080000
 368 4.050000
 369 4.570000
 370 5.020000
 371 5.020000
 372 5.000000
 373 5.000000
 374 5.010000
 375 5.010000
 376 5.010000
 377 5.010000
 378 5.040000
 379 5.010000
 380 4.990000
 381 5.020000
 382 4.990000
 383 5.020000
 384 5.030000
 385 5.000000
 386 5.030000
 387 4.270000
 388 4.860000
 389 4.880000
 390 5.010000
 391 4.260000
 392 4.170000
 393 4.170000
 394 4.200000
 395 4.880000
 396 4.830000
 397 4.780000
 398 4.730000
 399 4.700000
 400 4.620000
 401 4.580000
 402 4.610000
 403 4.600000
 404 4.580000
 405 4.580000
 406 4.560000
 407 4.410000
 408 4.290000
 409 4.280000
 410 4.280000
 411 4.330000
 412 4.410000
 413 4.300000
 414 4.260000
 415 4.260000
 416 4.320000
 417 4.410000
 418 4.390000
 419 4.360000
 420 4.260000
 421 4.260000
 422 4.290000
 423 4.280000
 424 4.280000
 425 4.280000
 426 4.200000
 427 4.030000
 428 3.760000
 429 3.710000
 430 3.710000
 431 3.640000
 432 3.670000
 433 3.590000
 434 3.620000
 435 3.590000
 436 3.570000
 437 3.550000
 438 3.520000
 439 3.500000
 440 3.530000
 441 3.530000
 442 3.530000
 443 3.530000
 444 3.530000
 445 3.590000
 446 3.500000
 447 3.610000
 448 3.550000
 449 3.580000
 450 3.560000
 451 3.580000
 452 3.540000
 453 3.580000
 454 3.570000
 455 3.580000
 456 3.560000
 457 3.540000
 458 3.490000
 459 3.480000
 460 3.510000
 461 3.520000
 462 3.520000
 463 3.530000
 464 3.540000
 465 3.560000
 466 3.530000
 467 3.530000
 468 3.500000
 469 3.520000
 470 3.500000
 471 3.470000
 472 3.480000
 473 3.460000
 474 3.450000
 475 3.460000
 476 3.420000
 477 3.420000
 478 3.430000
 479 3.420000
 480 3.410000
 481 3.410000
 482 3.410000
 483 3.370000
 484 3.380000
 485 3.360000
 486 3.360000
 487 3.300000
 488 3.280000
 489 3.270000
 490 3.280000
 491 3.240000
 492 3.190000
 493 3.200000
 494 3.170000
 495 3.180000
 496 3.160000
 497 3.120000
 498 3.110000
 499 3.130000
 500 3.080000
 501 3.070000
 502 3.070000
 503 3.070000
 504 3.060000
 505 3.060000
 506 3.040000
 507 3.040000
 508 3.050000
 509 3.070000
 510 3.050000
 511 3.070000
 512 3.070000
 513 3.070000
 514 3.070000
 515 3.090000
 516 3.080000
 517 3.090000
 518 3.090000
 519 3.100000
 520 3.120000
 521 3.120000
 522 3.120000
 523 3.140000
 524 3.120000
 525 3.090000
 526 3.110000
 527 3.110000
 528 3.080000
 529 3.080000
 530 3.060000
 531 3.020000
 532 3.040000
 533 3.030000
 534 3.030000
 535 3.030000
 536 3.010000
 537 3.020000
 538 3.010000
 539 3.040000
 540 3.040000
 541 3.040000
 542 3.040000
 543 3.040000
 544 2.430000
 545 2.410000
 546 3.020000
 547 3.040000
 548 3.020000
 549 3.030000
 550 3.030000
 551 3.040000
 552 3.040000
 553 3.090000
 554 3.070000
 555 3.070000
 556 3.070000
 557 3.070000
 558 3.090000
 559 3.080000
 560 3.090000
 561 2.070000
 562 2.080000
 563 2.090000
 564 2.040000
 565 1.800000
 566 1.800000
 567 1.780000
 568 1.790000
 569 1.800000
 570 1.820000
 571 1.820000
 572 1.820000
 573 1.850000
 574 1.820000
 575 1.850000
 576 1.850000
 577 1.870000
 578 1.870000
 579 1.900000
 580 1.900000
 581 1.900000
 582 1.900000
 583 1.950000
 584 1.950000
 585 1.950000
 586 1.970000
 587 1.970000
 588 1.970000
 589 1.970000
 590 2.000000
 591 2.020000
 592 2.020000
 593 2.050000
 594 2.050000
 595 2.080000
 596 2.080000
 597 2.130000
 598 2.130000
 599 2.150000
 600 2.150000
 601 2.200000
 602 2.200000
 603 2.230000
 604 2.230000
 605 2.230000
 606 2.250000
 607 2.250000
 608 2.250000
 609 2.270000
 610 2.280000
 611 2.300000
 612 2.330000
 613 2.350000
 614 2.350000
 615 2.360000
 616 2.330000
 617 2.330000
 618 2.350000
 619 2.370000
 620 2.350000
 621 2.380000
 622 2.400000
 623 1.450000
 624 1.490000
 625 1.450000
 626 1.460000
 627 1.470000
 628 1.460000
 629 1.460000
 630 1.490000
 631 1.490000
 632 1.510000
 633 1.540000
 634 1.540000
 635 1.540000
 636 1.560000
 637 1.580000
 638 1.590000
 639 1.610000
 640 1.610000
 641 1.630000
 642 1.630000
 643 1.660000
 644 1.680000
 645 1.680000
 646 1.710000
 647 1.730000
 648 1.730000
 649 1.730000
 650 1.760000
 651 1.780000
 652 1.780000
 653 1.810000
 654 1.830000
 655 1.860000
 656 1.860000
 657 1.880000
 658 1.910000
 659 1.910000
 660 1.930000
 661 1.960000
 662 1.970000
 663 2.010000
 664 3.390000
 665 3.390000
 666 3.370000
 667 3.370000
 668 3.340000
 669 3.340000
 670 3.300000
 671 3.320000
 672 3.290000
 673 3.250000
 674 3.260000
 675 3.240000
 676 3.250000
 677 3.240000
 678 3.240000
 679 3.240000
 680 3.240000
 681 3.220000
 682 3.230000
 683 3.240000
 684 3.220000
 685 3.240000
 686 3.240000
 687 3.270000
 688 3.300000
 689 3.290000
 690 3.330000
 691 3.330000
 692 3.320000
 693 3.290000
 694 3.320000
 695 3.320000
 696 3.340000
 697 3.370000
 698 3.370000
 699 3.370000
 700 3.370000
 701 3.390000
 702 3.380000
 703 3.420000
 704 3.420000
 705 3.410000
 706 3.430000
 707 3.430000
 708 2.930000
 709 2.920000
 710 3.350000
 711 3.520000
 712 3.570000
 713 3.580000
 714 3.580000
 715 3.610000
 716 3.660000
 717 3.680000
 718 3.680000
 719 3.700000
 720 3.710000
 721 3.730000
 722 3.760000
 723 3.760000
 724 3.760000
 725 3.760000
 726 3.760000
 727 3.780000
 728 3.810000
 729 3.830000
 730 3.830000
 731 3.800000
 732 3.830000
 733 3.820000
 734 3.860000
 735 3.880000
 736 3.900000
 737 3.880000
 738 3.930000
 739 3.930000
 740 3.960000
 741 3.390000
 742 3.380000
 743 2.940000
 744 2.950000
 745 1.590000
 746 1.550000
 747 1.540000
 748 1.540000
 749 1.560000
 750 1.540000
 751 1.540000
 752 1.540000
 753 1.540000
 754 1.540000
 755 1.540000
 756 1.520000
 757 1.500000
 758 4.040000
 759 4.060000
 760 4.060000
 0 3.000000
 1 3.160000
 2 3.140000
 3 3.110000
 4 3.000000
 5 3.140000
 6 3.140000
 7 3.030000
 8 3.080000
 9 3.160000
 10 3.040000
 11 3.020000
 12 3.190000
 13 3.160000
 14 3.050000
 15 3.020000
 16 3.050000
 17 3.190000
 18 3.190000
 19 3.140000
 20 3.140000
 21 3.160000
 22 3.140000
 23 3.000000
 24 3.000000
 25 3.030000
 26 3.040000
 27 3.000000
 28 3.000000
 29 3.000000
 30 2.980000
 31 3.110000
 32 3.090000
 33 2.950000
 34 3.110000
 35 3.090000
 36 2.880000
 37 2.710000
 38 2.330000
 39 2.170000
 40 2.170000
 41 2.140000
 42 2.150000
 43 2.130000
 44 2.140000
 45 2.160000
 46 2.150000
 47 2.120000
 48 2.150000
 49 2.120000
 50 2.150000
 51 2.150000
 52 2.240000
 53 2.260000
 54 2.240000
 55 2.180000
 56 2.160000
 57 2.190000
 58 2.190000
 59 2.190000
 60 2.200000
 61 2.200000
 62 2.220000
 63 2.180000
 64 2.180000
 65 2.190000
 66 2.190000
 67 2.210000
 68 2.210000
 69 2.220000
 70 2.230000
 71 2.220000
 72 2.210000
 73 2.240000
 74 2.230000
 75 2.200000
 76 2.260000
 77 2.320000
 78 2.200000
 79 2.190000
 80 2.170000
 81 2.170000
 82 2.200000
 83 2.240000
 84 2.230000
 85 2.250000
 86 2.240000
 87 2.230000
 88 2.230000
 89 2.240000
 90 2.240000
 91 2.270000
 92 2.270000
 93 2.280000
 94 2.260000
 95 2.240000
 96 2.240000
 97 2.210000
 98 2.220000
 99 2.220000
 100 2.260000
 101 2.280000
 102 2.280000
 103 2.280000
 104 2.280000
 105 2.290000
 106 2.290000
 107 2.320000
 108 2.310000
 109 2.300000
 110 2.300000
 111 2.300000
 112 2.310000
 113 2.340000
 114 2.340000
 115 2.320000
 116 2.340000
 117 2.330000
 118 2.330000
 119 2.350000
 120 2.470000
 121 2.390000
 122 2.320000
 123 2.310000
 124 2.320000
 125 2.310000
 126 2.350000
 127 2.390000
 128 2.370000
 129 2.390000
 130 2.390000
 131 2.410000
 132 2.420000
 133 2.410000
 134 2.420000
 135 2.440000
 136 2.390000
 137 2.390000
 138 2.390000
 139 2.390000
 140 2.390000
 141 2.410000
 142 2.430000
 143 2.420000
 144 2.420000
 145 2.480000
 146 3.560000
 147 3.570000
 148 3.650000
 149 3.550000
 150 3.630000
 151 3.590000
 152 3.590000
 153 3.560000
 154 3.520000
 155 3.450000
 156 3.410000
 157 3.420000
 158 3.400000
 159 3.400000
 160 3.440000
 161 3.430000
 162 3.420000
 163 3.420000
 164 3.460000
 165 3.430000
 166 3.450000
 167 3.480000
 168 3.520000
 169 3.650000
 170 3.760000
 171 3.700000
 172 3.700000
 173 3.740000
 174 3.750000
 175 3.780000
 176 3.800000
 177 3.820000
 178 3.860000
 179 3.870000
 180 3.870000
 181 3.860000
 182 3.890000
 183 3.880000
 184 3.880000
 185 3.890000
 186 3.900000
 187 3.930000
 188 3.930000
 189 3.960000
 190 3.950000
 191 3.980000
 192 3.980000
 193 4.000000
 194 3.990000
 195 4.030000
 196 3.980000
 197 4.110000
 198 4.050000
 199 4.130000
 200 4.120000
 201 4.160000
 202 4.050000
 203 4.080000
 204 4.130000
 205 4.120000
 206 4.130000
 207 4.130000
 208 4.150000
 209 4.150000
 210 4.240000
 211 4.180000
 212 4.200000
 213 4.230000
 214 2.930000
 215 2.910000
 216 2.910000
 217 2.910000
 218 2.910000
 219 2.910000
 220 2.920000
 221 3.010000
 222 4.380000
 223 4.380000
 224 3.480000
 225 3.460000
 226 3.490000
 227 3.460000
 228 3.440000
 229 3.480000
 230 3.590000
 231 4.030000
 232 4.030000
 233 4.000000
 234 4.010000
 235 4.000000
 236 4.040000
 237 4.050000
 238 4.780000
 239 4.770000
 240 4.700000
 241 4.730000
 242 2.880000
 243 2.860000
 244 2.840000
 245 2.840000
 246 2.840000
 247 2.840000
 248 2.840000
 249 2.930000
 250 3.410000
 251 3.390000
 252 3.410000
 253 3.420000
 254 3.940000
 255 3.960000
 256 4.000000
 257 4.910000
 258 4.750000
 259 4.750000
 260 3.240000
 261 4.730000
 262 4.700000
 263 4.780000
 264 4.780000
 265 4.750000
 266 4.720000
 267 4.720000
 268 4.700000
 269 4.660000
 270 3.890000
 271 2.880000
 272 2.840000
 273 2.820000
 274 2.840000
 275 2.840000
 276 2.820000
 277 2.840000
 278 2.910000
 279 4.570000
 280 4.570000
 281 4.570000
 282 4.520000
 283 4.560000
 284 4.520000
 285 4.490000
 286 4.480000
 287 4.510000
 288 4.480000
 289 4.460000
 290 4.420000
 291 4.460000
 292 4.430000
 293 4.430000
 294 4.430000
 295 4.420000
 296 4.420000
 297 4.450000
 298 4.400000
 299 4.410000
 300 4.380000
 301 4.350000
 302 4.410000
 303 4.280000
 304 4.280000
 305 4.380000
 306 4.380000
 307 4.380000
 308 4.360000
 309 4.370000
 310 4.230000
 311 4.230000
 312 4.220000
 313 4.230000
 314 4.250000
 315 4.200000
 316 4.200000
 317 4.200000
 318 4.200000
 319 4.190000
 320 4.200000
 321 4.180000
 322 4.180000
 323 4.150000
 324 4.180000
 325 4.170000
 326 4.170000
 327 4.170000
 328 4.170000
 329 4.180000
 330 4.150000
 331 4.130000
 332 4.240000
 333 4.240000
 334 4.260000
 335 4.260000
 336 4.230000
 337 4.200000
 338 4.200000
 339 4.190000
 340 4.200000
 341 4.180000
 342 4.210000
 343 4.210000
 344 4.180000
 345 4.230000
 346 4.210000
 347 4.170000
 348 4.150000
 349 4.160000
 350 4.130000
 351 4.070000
 352 4.090000
 353 4.080000
 354 4.100000
 355 4.100000
 356 4.090000
 357 4.090000
 358 4.070000
 359 4.090000
 360 4.080000
 361 4.080000
 362 4.080000
 363 4.050000
 364 4.080000
 365 4.080000
 366 4.060000
 367 4.080000
 368 4.050000
 369 4.590000
 370 5.020000
 371 5.020000
 372 5.020000
 373 5.000000
 374 5.010000
 375 5.010000
 376 5.010000
 377 5.010000
 378 4.990000
 379 5.020000
 380 4.990000
 381 5.000000
 382 4.990000
 383 5.000000
 384 5.030000
 385 5.000000
 386 5.030000
 387 4.330000
 388 4.860000
 389 4.880000
 390 4.980000
 391 4.260000
 392 4.170000
 393 4.170000
 394 4.230000
 395 4.880000
 396 4.830000
 397 4.780000
 398 4.730000
 399 4.710000
 400 4.630000
 401 4.550000
 402 4.600000
 403 4.610000
 404 4.580000
 405 4.560000
 406 4.550000
 407 4.380000
 408 4.280000
 409 4.280000
 410 4.330000
 411 4.330000
 412 4.410000
 413 4.320000
 414 4.260000
 415 4.260000
 416 4.310000
 417 4.430000
 418 4.380000
 419 4.330000
 420 4.260000
 421 4.240000
 422 4.320000
 423 4.310000
 424 4.280000
 425 4.250000
 426 4.220000
 427 3.980000
 428 3.710000
 429 3.710000
 430 3.660000
 431 3.640000
 432 3.670000
 433 3.610000
 434 3.590000
 435 3.590000
 436 3.540000
 437 3.570000
 438 3.520000
 439 3.520000
 440 3.530000
 441 3.530000
 442 3.500000
 443 3.500000
 444 3.500000
 445 3.610000
 446 3.580000
 447 3.610000
 448 3.600000
 449 3.580000
 450 3.560000
 451 3.560000
 452 3.540000
 453 3.580000
 454 3.600000
 455 3.580000
 456 3.550000
 457 3.520000
 458 3.490000
 459 3.490000
 460 3.510000
 461 3.520000
 462 3.520000
 463 3.530000
 464 3.510000
 465 3.530000
 466 3.530000
 467 3.510000
 468 3.530000
 469 3.490000
 470 3.510000
 471 3.470000
 472 3.470000
 473 3.460000
 474 3.440000
 475 3.440000
 476 3.470000
 477 3.450000
 478 3.430000
 479 3.420000
 480 3.410000
 481 3.430000
 482 3.410000
 483 3.400000
 484 3.370000
 485 3.360000
 486 3.330000
 487 3.300000
 488 3.300000
 489 3.270000
 490 3.250000
 491 3.250000
 492 3.190000
 493 3.200000
 494 3.170000
 495 3.170000
 496 3.120000
 497 3.120000
 498 3.100000
 499 3.100000
 500 3.110000
 501 3.070000
 502 3.070000
 503 3.070000
 504 3.060000
 505 3.060000
 506 3.040000
 507 3.070000
 508 3.020000
 509 3.070000
 510 3.040000
 511 3.070000
 512 3.070000
 513 3.070000
 514 3.070000
 515 3.070000
 516 3.110000
 517 3.100000
 518 3.090000
 519 3.110000
 520 3.090000
 521 3.120000
 522 3.090000
 523 3.120000
 524 3.120000
 525 3.090000
 526 3.100000
 527 3.110000
 528 3.080000
 529 3.080000
 530 3.060000
 531 3.050000
 532 3.040000
 533 3.030000
 534 3.060000
 535 3.030000
 536 3.010000
 537 3.020000
 538 3.010000
 539 3.020000
 540 3.020000
 541 3.040000
 542 3.020000
 543 2.990000
 544 2.430000
 545 2.420000
 546 3.020000
 547 3.040000
 548 3.040000
 549 3.040000
 550 3.040000
 551 3.040000
 552 3.070000
 553 3.070000
 554 3.090000
 555 3.060000
 556 3.090000
 557 3.090000
 558 3.090000
 559 3.080000
 560 3.080000
 561 2.090000
 562 2.070000
 563 2.090000
 564 2.040000
 565 1.800000
 566 1.810000
 567 1.800000
 568 1.790000
 569 1.800000
 570 1.820000
 571 1.820000
 572 1.820000
 573 1.850000
 574 1.820000
 575 1.850000
 576 1.850000
 577 1.870000
 578 1.870000
 579 1.870000
 580 1.900000
 581 1.900000
 582 1.920000
 583 1.950000
 584 1.950000
 585 1.950000
 586 1.970000
 587 1.970000
 588 1.970000
 589 1.970000
 590 2.000000
 591 2.020000
 592 2.030000
 593 2.050000
 594 2.080000
 595 2.100000
 596 2.100000
 597 2.130000
 598 2.150000
 599 2.150000
 600 2.150000
 601 2.180000
 602 2.200000
 603 2.230000
 604 2.230000
 605 2.200000
 606 2.250000
 607 2.250000
 608 2.280000
 609 2.250000
 610 2.280000
 611 2.300000
 612 2.330000
 613 2.330000
 614 2.350000
 615 2.330000
 616 2.330000
 617 2.330000
 618 2.350000
 619 2.350000
 620 2.350000
 621 2.420000
 622 2.400000
 623 1.450000
 624 1.470000
 625 1.480000
 626 1.450000
 627 1.470000
 628 1.460000
 629 1.490000
 630 1.490000
 631 1.490000
 632 1.510000
 633 1.540000
 634 1.540000
 635 1.560000
 636 1.560000
 637 1.560000
 638 1.590000
 639 1.610000
 640 1.610000
 641 1.610000
 642 1.630000
 643 1.660000
 644 1.680000
 645 1.680000
 646 1.680000
 647 1.710000
 648 1.710000
 649 1.730000
 650 1.760000
 651 1.780000
 652 1.780000
 653 1.810000
 654 1.830000
 655 1.860000
 656 1.860000
 657 1.880000
 658 1.910000
 659 1.930000
 660 1.930000
 661 1.960000
 662 2.000000
 663 2.010000
 664 3.390000
 665 3.370000
 666 3.370000
 667 3.370000
 668 3.350000
 669 3.340000
 670 3.320000
 671 3.290000
 672 3.270000
 673 3.240000
 674 3.240000
 675 3.240000
 676 3.250000
 677 3.250000
 678 3.250000
 679 3.220000
 680 3.240000
 681 3.270000
 682 3.270000
 683 3.240000
 684 3.240000
 685 3.240000
 686 3.270000
 687 3.270000
 688 3.280000
 689 3.300000
 690 3.310000
 691 3.300000
 692 3.320000
 693 3.320000
 694 3.320000
 695 3.320000
 696 3.320000
 697 3.340000
 698 3.370000
 699 3.340000
 700 3.390000
 701 3.380000
 702 3.390000
 703 3.420000
 704 3.420000
 705 3.410000
 706 3.430000
 707 3.430000
 708 2.950000
 709 2.920000
 710 3.380000
 711 3.520000
 712 3.570000
 713 3.590000
 714 3.610000
 715 3.610000
 716 3.630000
 717 3.670000
 718 3.680000
 719 3.680000
 720 3.730000
 721 3.730000
 722 3.760000
 723 3.760000
 724 3.780000
 725 3.790000
 726 3.770000
 727 3.780000
 728 3.780000
 729 3.830000
 730 3.820000
 731 3.810000
 732 3.830000
 733 3.810000
 734 3.860000
 735 3.880000
 736 3.920000
 737 3.910000
 738 3.930000
 739 3.930000
 740 3.980000
 741 3.390000
 742 3.390000
 743 2.940000
 744 2.920000
 745 1.560000
 746 1.570000
 747 1.540000
 748 1.540000
 749 1.560000
 750 1.540000
 751 1.540000
 752 1.560000
 753 1.540000
 754 1.540000
 755 1.510000
 756 1.530000
 757 1.520000
 758 4.080000
 759 4.050000
 760 4.060000