
 0 2.190000
 1 2.190000
 2 2.050000
 3 2.200000
 4 2.210000
 5 2.170000
 6 2.200000
 7 2.250000
 8 2.090000
 9 2.140000
 10 2.130000
 11 2.240000
 12 2.070000
 13 2.030000
 14 2.060000
 15 2.150000
 16 2.100000
 17 2.070000
 18 2.070000
 19 2.110000
 20 2.050000
 21 2.070000
 22 2.110000
 23 2.100000
 24 2.440000
 25 2.240000
 26 2.590000
 27 2.270000
 28 2.590000
 29 2.240000
 30 2.570000
 31 2.240000
 32 2.520000
 33 2.210000
 34 2.210000
 35 2.180000
 36 2.200000
 37 2.230000
 38 2.200000
 39 2.250000
 40 2.200000
 41 2.250000
 42 2.190000
 43 2.220000
 44 2.170000
 45 2.290000
 46 2.190000
 47 2.260000
 48 2.090000
 49 2.200000
 50 2.070000
 51 2.290000
 52 2.200000
 53 2.330000
 54 2.230000
 55 2.150000
 56 2.130000
 57 2.070000
 58 2.110000
 59 2.080000
 60 2.090000
 61 2.080000
 62 2.150000
 63 2.090000
 64 2.180000
 65 2.170000
 66 2.250000
 67 2.180000
 68 2.110000
 69 2.180000
 70 2.140000
 71 2.090000
 72 2.120000
 73 2.090000
 74 2.110000
 75 2.150000
 76 2.350000
 77 2.290000
 78 2.450000
 79 2.190000
 80 2.450000
 81 2.280000
 82 2.490000
 83 2.220000
 84 2.490000
 85 2.220000
 86 2.480000
 87 2.190000
 88 2.680000
 89 2.160000
 90 2.530000
 91 2.180000
 92 2.330000
 93 2.250000
 94 2.500000
 95 2.250000
 96 2.280000
 97 2.240000
 98 2.190000
 99 2.150000
 100 2.180000
 101 2.160000
 102 2.160000
 103 2.180000
 104 2.230000
 105 2.240000
 106 2.260000
 107 2.130000
 108 2.160000
 109 2.160000
 110 2.130000
 111 2.160000
 112 2.860000
 113 2.310000
 114 2.360000
 115 2.180000
 116 2.910000
 117 2.180000
 118 2.200000
 119 2.180000
 120 2.190000
 121 2.210000
 122 2.210000
 123 2.960000
 124 2.260000
 125 2.960000
 126 2.350000
 127 2.260000
 128 2.380000
 129 2.230000
 130 2.990000
 131 2.400000
 132 2.750000
 133 2.280000
 134 2.710000
 135 2.260000
 136 2.400000
 137 2.400000
 138 2.350000
 139 2.410000
 140 2.400000
 141 2.460000
 142 2.270000
 143 2.280000
 144 2.400000
 145 2.400000
 146 2.430000
 147 2.450000
 148 2.400000
 149 2.400000
 150 2.370000
 151 2.370000
 152 2.350000
 153 2.330000
 154 2.350000
 155 2.350000
 156 2.240000
 157 2.210000
 158 2.230000
 159 2.330000
 160 2.330000
 161 2.300000
 162 2.280000
 163 2.300000
 164 2.280000
 165 2.280000
 166 2.220000
 167 2.190000
 168 2.320000
 169 2.300000
 170 2.270000
 171 2.260000
 172 2.230000
 173 2.250000
 174 2.260000
 175 2.260000
 176 2.290000
 177 2.320000
 178 2.250000
 179 2.290000
 180 2.340000
 181 2.700000
 182 2.950000
 183 2.920000
 184 2.900000
 185 2.870000
 186 2.820000
 187 2.800000
 188 2.840000
 189 2.660000
 190 2.750000
 191 2.750000
 192 2.740000
 193 2.750000
 194 2.660000
 195 2.690000
 196 2.760000
 197 2.830000
 198 2.800000
 199 2.800000
 200 2.830000
 201 2.860000
 202 2.830000
 203 2.790000
 204 2.810000
 205 2.810000
 206 2.840000
 207 2.840000
 208 2.860000
 209 2.860000
 210 2.860000
 211 2.890000
 212 2.890000
 213 2.890000
 214 2.910000
 215 2.910000
 216 2.910000
 217 2.940000
 218 2.940000
 219 2.960000
 220 2.940000
 221 2.960000
 222 2.990000
 223 2.990000
 224 2.990000
 225 3.010000
 226 3.010000
 227 3.040000
 228 3.060000
 229 3.040000
 230 3.060000
 231 3.080000
 232 3.080000
 233 3.080000
 234 3.100000
 235 3.100000
 236 3.130000
 237 3.130000
 238 3.150000
 239 3.180000
 240 3.180000
 241 3.200000
 242 3.200000
 243 3.230000
 244 3.220000
 245 3.310000
 246 3.550000
 247 3.700000
 248 3.730000
 249 3.750000
 250 3.790000
 251 3.760000
 252 3.720000
 253 3.670000
 254 3.640000
 255 3.620000
 256 3.530000
 257 3.540000
 258 3.560000
 259 3.620000
 260 3.570000
 261 3.530000
 262 3.530000
 263 3.490000
 264 3.490000
 265 3.520000
 266 3.540000
 267 3.540000
 268 3.550000
 269 3.560000
 270 3.540000
 271 3.520000
 272 3.550000
 273 3.610000
 274 3.630000
 275 3.580000
 276 3.590000
 277 3.610000
 278 3.590000
 279 3.630000
 280 3.650000
 281 3.680000
 282 3.850000
 283 3.840000
 284 3.840000
 285 3.890000
 286 3.890000
 287 3.890000
 288 3.310000
 289 3.220000
 290 3.200000
 291 3.220000
 292 3.200000
 293 3.770000
 294 3.420000
 295 3.410000
 296 3.420000
 297 3.380000
 298 3.400000
 299 3.790000
 300 3.810000
 301 3.850000
 302 3.790000
 303 3.820000
 304 3.790000
 305 2.710000
 306 2.680000
 307 2.660000
 308 2.690000
 309 2.680000
 310 2.680000
 311 2.670000
 312 2.680000
 313 2.680000
 314 2.680000
 315 2.660000
 316 2.670000
 317 2.640000
 318 2.660000
 319 2.660000
 320 2.660000
 321 2.630000
 322 2.660000
 323 2.660000
 324 2.630000
 325 2.630000
 326 2.600000
 327 2.590000
 328 2.590000
 329 2.560000
 330 2.560000
 331 2.560000
 332 2.560000
 333 2.560000
 334 2.540000
 335 2.550000
 336 2.590000
 337 2.560000
 338 2.580000
 339 2.580000
 340 2.570000
 341 2.580000
 342 2.550000
 343 2.570000
 344 2.580000
 345 2.560000
 346 2.560000
 347 2.560000
 348 2.520000
 349 2.530000
 350 2.530000
 351 2.550000
 352 2.530000
 353 2.520000
 354 2.520000
 355 2.530000
 356 2.540000
 357 2.530000
 358 2.500000
 359 2.500000
 360 2.530000
 361 2.510000
 362 2.490000
 363 2.520000
 364 2.490000
 365 2.480000
 366 2.460000
 367 2.460000
 368 2.460000
 369 2.440000
 370 2.440000
 371 2.460000
 372 2.460000
 373 2.460000
 374 2.440000
 375 2.460000
 376 2.450000
 377 2.480000
 378 2.680000
 379 2.650000
 380 2.560000
 381 2.750000
 382 3.030000
 383 3.120000
 384 3.020000
 385 3.050000
 386 3.190000
 387 3.170000
 388 3.170000
 389 3.150000
 390 3.150000
 391 3.120000
 392 3.130000
 393 3.140000
 394 3.090000
 395 3.120000
 396 3.130000
 397 3.130000
 398 3.130000
 399 3.120000
 400 3.160000
 401 3.160000
 402 3.160000
 403 3.160000
 404 3.400000
 405 3.360000
 406 3.370000
 407 3.350000
 408 3.400000
 409 3.410000
 410 3.380000
 411 3.380000
 412 3.390000
 413 3.350000
 414 3.350000
 415 3.380000
 416 3.390000
 417 3.380000
 418 3.380000
 419 3.380000
 420 3.410000
 421 3.380000
 422 3.350000
 423 3.350000
 424 3.390000
 425 3.350000
 426 3.350000
 427 3.350000
 428 3.230000
 429 3.310000
 430 3.280000
 431 3.340000
 432 3.340000
 433 3.320000
 434 3.330000
 435 3.230000
 436 3.330000
 437 3.310000
 438 3.310000
 439 3.230000
 440 3.290000
 441 3.300000
 442 3.210000
 443 3.320000
 444 3.290000
 445 3.330000
 446 3.320000
 447 3.250000
 448 3.260000
 449 3.270000
 450 3.250000
 451 3.260000
 452 3.260000
 453 3.370000
 454 3.350000
 455 3.400000
 456 3.270000
 457 3.290000
 458 3.380000
 459 3.370000
 460 3.370000
 461 3.350000
 462 3.310000
 463 3.290000
 464 3.260000
 465 3.300000
 466 4.580000
 467 4.630000
 468 4.030000
 469 4.130000
 470 4.600000
 471 4.630000
 472 4.630000
 473 4.630000
 474 4.650000
 475 4.630000
 476 4.650000
 477 4.650000
 478 4.650000
 479 4.650000
 480 4.650000
 481 4.650000
 482 4.650000
 483 4.650000
 484 4.680000
 485 4.650000
 486 4.680000
 487 4.680000
 488 4.680000
 489 4.670000
 490 4.470000
 491 4.670000
 492 4.700000
 493 4.570000
 494 4.050000
 495 4.700000
 496 4.720000
 497 4.730000
 498 4.590000
 499 4.450000
 500 4.450000
 501 4.500000
 502 4.750000
 503 4.770000
 504 4.770000
 505 4.770000
 506 4.770000
 507 4.770000
 508 4.770000
 509 3.940000
 510 3.870000
 511 3.890000
 512 3.880000
 513 3.920000
 514 3.890000
 515 4.850000
 516 4.850000
 517 4.870000
 518 4.850000
 519 4.870000
 520 4.860000
 521 4.900000
 522 4.870000
 523 4.900000
 524 4.900000
 525 4.920000
 526 4.930000
 527 4.950000
 528 4.930000
 529 4.560000
 530 4.340000
 531 4.330000
 532 4.320000
 533 4.330000
 534 4.330000
 535 4.330000
 536 4.340000
 537 4.340000
 538 4.340000
 539 4.400000
 540 5.050000
 541 5.070000
 542 4.830000
 543 4.580000
 544 4.520000
 545 4.420000
 546 4.370000
 547 4.370000
 548 4.370000
 549 4.410000
 550 4.400000
 551 4.400000
 552 4.420000
 553 4.460000
 554 4.450000
 555 4.520000
 556 4.060000
 557 3.930000
 558 3.950000
 559 3.950000
 560 3.970000
 561 3.970000
 562 3.970000
 563 3.980000
 564 3.670000
 565 3.630000
 566 3.830000
 567 3.680000
 568 3.660000
 569 3.710000
 570 3.730000
 571 3.710000
 572 3.700000
 573 3.580000
 574 3.550000
 575 3.580000
 576 3.570000
 577 3.540000
 578 3.630000
 579 3.620000
 580 3.630000
 581 3.650000
 582 3.660000
 583 3.670000
 584 3.630000
 585 3.510000
 586 3.670000
 587 3.710000
 588 3.700000
 589 3.720000
 590 3.710000
 591 3.750000
 592 3.690000
 593 3.690000
 594 3.700000
 595 3.740000
 596 3.830000
 597 3.860000
 598 3.930000
 599 4.110000
 600 4.410000
 601 4.530000
 602 4.500000
 603 4.480000
 604 4.500000
 605 4.480000
 606 4.450000
 607 4.450000
 608 4.200000
 609 4.150000
 610 4.170000
 611 4.220000
 612 4.290000
 613 4.350000
 614 4.390000
 615 1.250000
 616 1.240000
 617 1.250000
 618 1.250000
 619 1.250000
 620 1.220000
 621 1.250000
 622 1.250000
 623 1.220000
 624 1.240000
 625 1.210000
 626 1.210000
 627 1.210000
 628 1.230000
 629 1.250000
 630 1.300000
 631 1.390000
 632 1.800000
 633 1.770000
 634 1.760000
 635 1.800000
 636 1.790000
 637 1.780000
 638 1.830000
 639 1.820000
 640 2.320000
 641 2.350000
 642 2.340000
 643 4.020000
 644 3.980000
 645 3.970000
 646 3.980000
 647 4.010000
 648 3.970000
 649 4.080000
 650 4.060000
 651 4.030000
 652 4.030000
 653 4.040000
 654 4.040000
 655 4.030000
 656 4.020000
 657 2.090000
 658 2.000000
 659 3.990000
 660 3.990000
 661 3.960000
 662 3.960000
 663 3.960000
 664 2.880000
 665 2.790000
 666 3.930000
 667 3.180000
 668 3.200000
 669 2.420000
 670 2.340000
 671 2.070000
 672 1.940000
 673 1.850000
 674 1.800000
 675 1.790000
 676 1.790000
 677 1.790000
 678 1.760000
 679 1.790000
 680 1.390000
 681 1.300000
 682 1.250000
 683 1.210000
 684 1.210000
 685 1.220000
 686 1.210000
 687 1.210000
 688 1.250000
 689 1.220000
 690 1.220000
 691 1.240000
 692 1.210000
 693 1.210000
 694 1.240000
 695 1.240000
 696 1.250000
 697 1.250000
 698 2.520000
 699 2.470000
 700 2.450000
 701 2.380000
 702 2.470000
 703 2.460000
 704 2.420000
 705 2.380000
 706 2.370000
 707 2.400000
 708 2.370000
 709 2.400000
 710 2.420000
 711 2.400000
 712 2.380000
 713 2.960000
 714 2.950000
 715 3.000000
 716 2.940000
 717 1.920000
 718 1.890000
 719 1.870000
 720 1.860000
 721 1.840000
 722 1.840000
 723 1.860000
 724 1.860000
 725 1.860000
 726 1.860000
 727 1.890000
 728 1.880000
 729 1.870000
 730 2.920000
 731 3.030000
 732 2.980000
 733 3.030000
 734 2.960000
 735 3.050000
 736 3.010000
 737 3.030000
 738 1.970000
 739 1.390000
 740 1.380000
 741 1.370000
 742 1.350000
 743 1.350000
 744 1.350000
 745 1.330000
 746 1.340000
 747 1.340000
 748 1.340000
 749 1.340000
 750 1.340000
 751 1.350000
 752 1.350000
 753 1.330000
 754 1.340000
 755 1.340000
 756 1.340000
 757 1.340000
 758 1.350000
 759 1.370000
 760 1.860000
 0 2.190000
 1 2.190000
 2 2.040000
 3 2.170000
 4 2.120000
 5 2.170000
 6 2.180000
 7 2.280000
 8 2.090000
 9 2.130000
 10 2.130000
 11 2.240000
 12 2.070000
 13 2.030000
 14 2.080000
 15 2.130000
 16 2.100000
 17 2.100000
 18 2.060000
 19 2.110000
 20 2.050000
 21 2.070000
 22 2.110000
 23 2.130000
 24 2.390000
 25 2.240000
 26 2.590000
 27 2.270000
 28 2.570000
 29 2.270000
 30 2.570000
 31 2.240000
 32 2.540000
 33 2.180000
 34 2.180000
 35 2.180000
 36 2.200000
 37 2.250000
 38 2.230000
 39 2.280000
 40 2.200000
 41 2.280000
 42 2.190000
 43 2.220000
 44 2.170000
 45 2.260000
 46 2.190000
 47 2.280000
 48 2.080000
 49 2.130000
 50 2.070000
 51 2.280000
 52 2.180000
 53 2.320000
 54 2.230000
 55 2.150000
 56 2.120000
 57 2.040000
 58 2.110000
 59 2.080000
 60 2.100000
 61 2.080000
 62 2.170000
 63 2.120000
 64 2.180000
 65 2.170000
 66 2.080000
 67 2.180000
 68 2.080000
 69 2.180000
 70 2.160000
 71 2.110000
 72 2.120000
 73 2.090000
 74 2.110000
 75 2.120000
 76 2.350000
 77 2.290000
 78 2.450000
 79 2.220000
 80 2.460000
 81 2.260000
 82 2.520000
 83 2.220000
 84 2.500000
 85 2.180000
 86 2.490000
 87 2.190000
 88 2.680000
 89 2.170000
 90 2.540000
 91 2.170000
 92 2.360000
 93 2.220000
 94 2.500000
 95 2.250000
 96 2.280000
 97 2.210000
 98 2.160000
 99 2.180000
 100 2.180000
 101 2.180000
 102 2.180000
 103 2.160000
 104 2.230000
 105 2.260000
 106 2.260000
 107 2.310000
 108 2.160000
 109 2.130000
 110 2.130000
 111 2.160000
 112 2.890000
 113 2.300000
 114 2.380000
 115 2.180000
 116 2.910000
 117 2.180000
 118 2.170000
 119 2.210000
 120 2.190000
 121 2.210000
 122 2.210000
 123 2.960000
 124 2.260000
 125 2.960000
 126 2.350000
 127 2.260000
 128 2.380000
 129 2.260000
 130 2.990000
 131 2.380000
 132 2.770000
 133 2.280000
 134 2.960000
 135 2.260000
 136 2.380000
 137 2.400000
 138 2.380000
 139 2.440000
 140 2.380000
 141 2.430000
 142 2.300000
 143 2.280000
 144 2.400000
 145 2.400000
 146 2.400000
 147 2.450000
 148 2.400000
 149 2.400000
 150 2.370000
 151 2.350000
 152 2.350000
 153 2.350000
 154 2.350000
 155 2.380000
 156 2.230000
 157 2.230000
 158 2.230000
 159 2.330000
 160 2.330000
 161 2.300000
 162 2.300000
 163 2.280000
 164 2.300000
 165 2.310000
 166 2.250000
 167 2.220000
 168 2.320000
 169 2.300000
 170 2.290000
 171 2.260000
 172 2.230000
 173 2.250000
 174 2.260000
 175 2.260000
 176 2.290000
 177 2.350000
 178 2.270000
 179 2.260000
 180 2.290000
 181 2.700000
 182 2.950000
 183 2.950000
 184 2.920000
 185 2.900000
 186 2.830000
 187 2.800000
 188 2.830000
 189 2.660000
 190 2.750000
 191 2.750000
 192 2.760000
 193 2.750000
 194 2.710000
 195 2.710000
 196 2.760000
 197 2.830000
 198 2.800000
 199 2.830000
 200 2.830000
 201 2.840000
 202 2.830000
 203 2.810000
 204 2.810000
 205 2.810000
 206 2.840000
 207 2.840000
 208 2.860000
 209 2.860000
 210 2.860000
 211 2.890000
 212 2.890000
 213 2.910000
 214 2.890000
 215 2.910000
 216 2.910000
 217 2.940000
 218 2.940000
 219 2.940000
 220 2.960000
 221 2.960000
 222 2.990000
 223 2.990000
 224 2.990000
 225 3.010000
 226 3.010000
 227 3.040000
 228 3.040000
 229 3.040000
 230 3.060000
 231 3.090000
 232 3.050000
 233 3.090000
 234 3.100000
 235 3.130000
 236 3.130000
 237 3.130000
 238 3.150000
 239 3.150000
 240 3.180000
 241 3.200000
 242 3.180000
 243 3.200000
 244 3.220000
 245 3.310000
 246 3.550000
 247 3.700000
 248 3.710000
 249 3.750000
 250 3.790000
 251 3.720000
 252 3.720000
 253 3.670000
 254 3.620000
 255 3.590000
 256 3.530000
 257 3.570000
 258 3.560000
 259 3.590000
 260 3.590000
 261 3.530000
 262 3.520000
 263 3.480000
 264 3.490000
 265 3.540000
 266 3.540000
 267 3.560000
 268 3.560000
 269 3.580000
 270 3.540000
 271 3.540000
 272 3.570000
 273 3.630000
 274 3.630000
 275 3.590000
 276 3.620000
 277 3.590000
 278 3.600000
 279 3.600000
 280 3.630000
 281 3.690000
 282 3.850000
 283 3.840000
 284 3.830000
 285 3.890000
 286 3.890000
 287 3.890000
 288 3.310000
 289 3.220000
 290 3.220000
 291 3.170000
 292 3.220000
 293 3.660000
 294 3.420000
 295 3.400000
 296 3.380000
 297 3.320000
 298 3.400000
 299 3.810000
 300 3.810000
 301 3.710000
 302 3.820000
 303 3.790000
 304 3.770000
 305 2.670000
 306 2.680000
 307 2.690000
 308 2.690000
 309 2.680000
 310 2.680000
 311 2.690000
 312 2.680000
 313 2.680000
 314 2.690000
 315 2.680000
 316 2.650000
 317 2.640000
 318 2.660000
 319 2.660000
 320 2.650000
 321 2.630000
 322 2.630000
 323 2.630000
 324 2.630000
 325 2.630000
 326 2.600000
 327 2.590000
 328 2.560000
 329 2.590000
 330 2.560000
 331 2.560000
 332 2.540000
 333 2.560000
 334 2.560000
 335 2.580000
 336 2.590000
 337 2.560000
 338 2.610000
 339 2.580000
 340 2.580000
 341 2.580000
 342 2.550000
 343 2.570000
 344 2.570000
 345 2.580000
 346 2.560000
 347 2.560000
 348 2.550000
 349 2.550000
 350 2.550000
 351 2.550000
 352 2.550000
 353 2.520000
 354 2.520000
 355 2.510000
 356 2.540000
 357 2.530000
 358 2.500000
 359 2.500000
 360 2.520000
 361 2.510000
 362 2.520000
 363 2.520000
 364 2.490000
 365 2.450000
 366 2.440000
 367 2.460000
 368 2.460000
 369 2.450000
 370 2.440000
 371 2.440000
 372 2.470000
 373 2.460000
 374 2.440000
 375 2.460000
 376 2.470000
 377 2.510000
 378 2.700000
 379 2.650000
 380 2.560000
 381 2.800000
 382 3.010000
 383 3.100000
 384 2.990000
 385 3.060000
 386 3.190000
 387 3.170000
 388 3.150000
 389 3.150000
 390 3.150000
 391 3.120000
 392 3.150000
 393 3.140000
 394 3.120000
 395 3.120000
 396 3.120000
 397 3.130000
 398 3.130000
 399 3.140000
 400 3.130000
 401 3.160000
 402 3.110000
 403 3.170000
 404 3.370000
 405 3.330000
 406 3.370000
 407 3.350000
 408 3.430000
 409 3.400000
 410 3.380000
 411 3.380000
 412 3.410000
 413 3.390000
 414 3.380000
 415 3.380000
 416 3.390000
 417 3.380000
 418 3.380000
 419 3.380000
 420 3.380000
 421 3.350000
 422 3.350000
 423 3.350000
 424 3.390000
 425 3.360000
 426 3.390000
 427 3.350000
 428 3.260000
 429 3.280000
 430 3.280000
 431 3.330000
 432 3.340000
 433 3.320000
 434 3.310000
 435 3.210000
 436 3.310000
 437 3.310000
 438 3.310000
 439 3.210000
 440 3.290000
 441 3.300000
 442 3.230000
 443 3.290000
 444 3.320000
 445 3.290000
 446 3.340000
 447 3.250000
 448 3.260000
 449 3.270000
 450 3.250000
 451 3.260000
 452 3.260000
 453 3.370000
 454 3.350000
 455 3.260000
 456 3.270000
 457 3.290000
 458 3.370000
 459 3.380000
 460 3.370000
 461 3.320000
 462 3.330000
 463 3.320000
 464 3.280000
 465 3.300000
 466 4.580000
 467 4.630000
 468 4.030000
 469 4.130000
 470 4.630000
 471 4.600000
 472 4.630000
 473 4.630000
 474 4.630000
 475 4.650000
 476 4.650000
 477 4.650000
 478 4.630000
 479 4.650000
 480 4.650000
 481 4.650000
 482 4.650000
 483 4.650000
 484 4.680000
 485 4.680000
 486 4.680000
 487 4.680000
 488 4.680000
 489 4.670000
 490 4.510000
 491 4.700000
 492 4.700000
 493 4.570000
 494 4.060000
 495 4.730000
 496 4.730000
 497 4.720000
 498 4.560000
 499 4.450000
 500 4.480000
 501 4.500000
 502 4.770000
 503 4.750000
 504 4.770000
 505 4.770000
 506 4.770000
 507 4.770000
 508 4.770000
 509 3.880000
 510 3.870000
 511 3.890000
 512 3.910000
 513 3.910000
 514 3.890000
 515 4.850000
 516 4.850000
 517 4.850000
 518 4.870000
 519 4.870000
 520 4.860000
 521 4.870000
 522 4.900000
 523 4.900000
 524 4.920000
 525 4.900000
 526 4.930000
 527 4.930000
 528 4.950000
 529 4.590000
 530 4.340000
 531 4.320000
 532 4.320000
 533 4.330000
 534 4.330000
 535 4.330000
 536 4.340000
 537 4.340000
 538 4.340000
 539 4.380000
 540 5.050000
 541 5.070000
 542 4.830000
 543 4.580000
 544 4.490000
 545 4.420000
 546 4.350000
 547 4.370000
 548 4.400000
 549 4.380000
 550 4.400000
 551 4.400000
 552 4.420000
 553 4.470000
 554 4.450000
 555 4.520000
 556 4.160000
 557 3.930000
 558 3.950000
 559 3.950000
 560 3.980000
 561 4.000000
 562 3.980000
 563 4.000000
 564 3.660000
 565 3.610000
 566 3.840000
 567 3.680000
 568 3.690000
 569 3.710000
 570 3.720000
 571 3.710000
 572 3.700000
 573 3.620000
 574 3.560000
 575 3.580000
 576 3.580000
 577 3.540000
 578 3.630000
 579 3.620000
 580 3.630000
 581 3.670000
 582 3.680000
 583 3.660000
 584 3.610000
 585 3.490000
 586 3.690000
 587 3.720000
 588 3.720000
 589 3.740000
 590 3.720000
 591 3.760000
 592 3.710000
 593 3.690000
 594 3.700000
 595 3.720000
 596 3.860000
 597 3.900000
 598 3.930000
 599 4.130000
 600 4.380000
 601 4.530000
 602 4.530000
 603 4.500000
 604 4.500000
 605 4.480000
 606 4.450000
 607 4.450000
 608 4.200000
 609 4.150000
 610 4.170000
 611 4.250000
 612 4.260000
 613 4.350000
 614 4.390000
 615 1.250000
 616 1.240000
 617 1.250000
 618 1.250000
 619 1.250000
 620 1.250000
 621 1.270000
 622 1.250000
 623 1.250000
 624 1.240000
 625 1.240000
 626 1.240000
 627 1.240000
 628 1.240000
 629 1.250000
 630 1.300000
 631 1.410000
 632 1.800000
 633 1.800000
 634 1.800000
 635 1.800000
 636 1.790000
 637 1.800000
 638 1.830000
 639 1.820000
 640 2.350000
 641 2.340000
 642 2.360000
 643 4.020000
 644 3.980000
 645 4.000000
 646 3.970000
 647 3.990000
 648 3.970000
 649 4.080000
 650 4.060000
 651 4.060000
 652 4.030000
 653 4.040000
 654 4.040000
 655 4.030000
 656 4.000000
 657 2.110000
 658 2.020000
 659 3.990000
 660 3.990000
 661 3.990000
 662 3.960000
 663 3.960000
 664 2.860000
 665 2.790000
 666 3.940000
 667 3.180000
 668 3.170000
 669 2.400000
 670 2.340000
 671 2.050000
 672 1.910000
 673 1.850000
 674 1.780000
 675 1.790000
 676 1.790000
 677 1.790000
 678 1.790000
 679 1.760000
 680 1.390000
 681 1.320000
 682 1.250000
 683 1.210000
 684 1.240000
 685 1.210000
 686 1.240000
 687 1.240000
 688 1.250000
 689 1.250000
 690 1.210000
 691 1.240000
 692 1.240000
 693 1.240000
 694 1.240000
 695 1.240000
 696 1.250000
 697 1.230000
 698 2.500000
 699 2.470000
 700 2.450000
 701 2.360000
 702 2.490000
 703 2.430000
 704 2.430000
 705 2.380000
 706 2.400000
 707 2.420000
 708 2.400000
 709 2.400000
 710 2.400000
 711 2.400000
 712 2.380000
 713 2.910000
 714 2.990000
 715 2.930000
 716 2.960000
 717 1.920000
 718 1.890000
 719 1.860000
 720 1.840000
 721 1.860000
 722 1.860000
 723 1.840000
 724 1.860000
 725 1.860000
 726 1.860000
 727 1.860000
 728 1.880000
 729 1.870000
 730 2.950000
 731 3.020000
 732 3.010000
 733 3.030000
 734 2.960000
 735 3.030000
 736 2.970000
 737 3.030000
 738 1.970000
 739 1.370000
 740 1.380000
 741 1.400000
 742 1.370000
 743 1.350000
 744 1.330000
 745 1.330000
 746 1.340000
 747 1.310000
 748 1.310000
 749 1.360000
 750 1.340000
 751 1.340000
 752 1.350000
 753 1.330000
 754 1.340000
 755 1.340000
 756 1.340000
 757 1.340000
 758 1.350000
 759 1.340000
 760 1.860000
 0 2.190000
 1 2.190000
 2 2.050000
 3 2.170000
 4 2.120000
 5 2.200000
 6 2.180000
 7 2.280000
 8 2.090000
 9 2.130000
 10 2.130000
 11 2.240000
 12 2.070000
 13 2.050000
 14 2.080000
 15 2.150000
 16 2.120000
 17 2.080000
 18 2.090000
 19 2.110000
 20 2.060000
 21 2.070000
 22 2.110000
 23 2.130000
 24 2.420000
 25 2.220000
 26 2.590000
 27 2.270000
 28 2.590000
 29 2.240000
 30 2.590000
 31 2.240000
 32 2.520000
 33 2.210000
 34 2.210000
 35 2.150000
 36 2.200000
 37 2.250000
 38 2.230000
 39 2.250000
 40 2.200000
 41 2.250000
 42 2.190000
 43 2.220000
 44 2.170000
 45 2.290000
 46 2.210000
 47 2.260000
 48 2.080000
 49 2.170000
 50 2.100000
 51 2.290000
 52 2.180000
 53 2.330000
 54 2.230000
 55 2.150000
 56 2.130000
 57 2.050000
 58 2.110000
 59 2.080000
 60 2.100000
 61 2.100000
 62 2.180000
 63 2.120000
 64 2.180000
 65 2.170000
 66 2.250000
 67 2.180000
 68 2.110000
 69 2.180000
 70 2.140000
 71 2.110000
 72 2.120000
 73 2.090000
 74 2.110000
 75 2.150000
 76 2.350000
 77 2.290000
 78 2.450000
 79 2.220000
 80 2.460000
 81 2.280000
 82 2.520000
 83 2.220000
 84 2.490000
 85 2.180000
 86 2.480000
 87 2.210000
 88 2.660000
 89 2.170000
 90 2.520000
 91 2.160000
 92 2.360000
 93 2.220000
 94 2.500000
 95 2.250000
 96 2.280000
 97 2.240000
 98 2.170000
 99 2.160000
 100 2.180000
 101 2.180000
 102 2.160000
 103 2.190000
 104 2.230000
 105 2.260000
 106 2.260000
 107 2.290000
 108 2.160000
 109 2.280000
 110 2.160000
 111 2.160000
 112 2.860000
 113 2.300000
 114 2.360000
 115 2.180000
 116 2.910000
 117 2.180000
 118 2.170000
 119 2.210000
 120 2.190000
 121 2.210000
 122 2.210000
 123 2.960000
 124 2.200000
 125 2.960000
 126 2.350000
 127 2.290000
 128 2.350000
 129 2.260000
 130 2.990000
 131 2.400000
 132 2.750000
 133 2.280000
 134 2.690000
 135 2.260000
 136 2.380000
 137 2.440000
 138 2.380000
 139 2.440000
 140 2.400000
 141 2.440000
 142 2.270000
 143 2.280000
 144 2.380000
 145 2.430000
 146 2.400000
 147 2.430000
 148 2.430000
 149 2.370000
 150 2.370000
 151 2.370000
 152 2.350000
 153 2.350000
 154 2.350000
 155 2.350000
 156 2.230000
 157 2.210000
 158 2.210000
 159 2.330000
 160 2.330000
 161 2.300000
 162 2.280000
 163 2.280000
 164 2.300000
 165 2.280000
 166 2.230000
 167 2.190000
 168 2.320000
 169 2.320000
 170 2.270000
 171 2.260000
 172 2.230000
 173 2.230000
 174 2.250000
 175 2.260000
 176 2.270000
 177 2.320000
 178 2.220000
 179 2.260000
 180 2.260000
 181 2.700000
 182 2.950000
 183 2.950000
 184 2.920000
 185 2.900000
 186 2.830000
 187 2.800000
 188 2.830000
 189 2.680000
 190 2.750000
 191 2.730000
 192 2.740000
 193 2.750000
 194 2.680000
 195 2.710000
 196 2.740000
 197 2.800000
 198 2.800000
 199 2.800000
 200 2.830000
 201 2.860000
 202 2.800000
 203 2.810000
 204 2.810000
 205 2.840000
 206 2.840000
 207 2.840000
 208 2.860000
 209 2.860000
 210 2.860000
 211 2.890000
 212 2.860000
 213 2.890000
 214 2.910000
 215 2.910000
 216 2.910000
 217 2.940000
 218 2.940000
 219 2.960000
 220 2.960000
 221 2.960000
 222 2.990000
 223 2.990000
 224 3.010000
 225 3.040000
 226 3.040000
 227 3.040000
 228 3.040000
 229 3.060000
 230 3.060000
 231 3.050000
 232 3.100000
 233 3.110000
 234 3.100000
 235 3.130000
 236 3.140000
 237 3.130000
 238 3.150000
 239 3.150000
 240 3.180000
 241 3.200000
 242 3.200000
 243 3.200000
 244 3.220000
 245 3.270000
 246 3.550000
 247 3.700000
 248 3.710000
 249 3.780000
 250 3.760000
 251 3.750000
 252 3.720000
 253 3.670000
 254 3.640000
 255 3.610000
 256 3.530000
 257 3.560000
 258 3.560000
 259 3.590000
 260 3.570000
 261 3.560000
 262 3.520000
 263 3.490000
 264 3.520000
 265 3.520000
 266 3.540000
 267 3.540000
 268 3.550000
 269 3.580000
 270 3.540000
 271 3.540000
 272 3.570000
 273 3.610000
 274 3.630000
 275 3.550000
 276 3.620000
 277 3.590000
 278 3.580000
 279 3.620000
 280 3.650000
 281 3.700000
 282 3.820000
 283 3.840000
 284 3.830000
 285 3.890000
 286 3.890000
 287 3.890000
 288 3.310000
 289 3.220000
 290 3.170000
 291 3.200000
 292 3.200000
 293 3.770000
 294 3.420000
 295 3.410000
 296 3.390000
 297 3.360000
 298 3.390000
 299 3.810000
 300 3.810000
 301 3.710000
 302 3.810000
 303 3.800000
 304 3.770000
 305 2.710000
 306 2.700000
 307 2.680000
 308 2.680000
 309 2.680000
 310 2.680000
 311 2.670000
 312 2.680000
 313 2.700000
 314 2.690000
 315 2.660000
 316 2.670000
 317 2.660000
 318 2.660000
 319 2.660000
 320 2.660000
 321 2.630000
 322 2.610000
 323 2.630000
 324 2.630000
 325 2.630000
 326 2.580000
 327 2.590000
 328 2.560000
 329 2.590000
 330 2.560000
 331 2.560000
 332 2.540000
 333 2.560000
 334 2.560000
 335 2.550000
 336 2.590000
 337 2.560000
 338 2.580000
 339 2.580000
 340 2.580000
 341 2.580000
 342 2.550000
 343 2.570000
 344 2.570000
 345 2.560000
 346 2.580000
 347 2.530000
 348 2.550000
 349 2.530000
 350 2.530000
 351 2.550000
 352 2.550000
 353 2.520000
 354 2.550000
 355 2.530000
 356 2.540000
 357 2.530000
 358 2.500000
 359 2.500000
 360 2.530000
 361 2.510000
 362 2.520000
 363 2.520000
 364 2.490000
 365 2.480000
 366 2.460000
 367 2.460000
 368 2.460000
 369 2.440000
 370 2.460000
 371 2.440000
 372 2.440000
 373 2.440000
 374 2.440000
 375 2.460000
 376 2.450000
 377 2.520000
 378 2.680000
 379 2.650000
 380 2.580000
 381 2.750000
 382 3.030000
 383 3.110000
 384 2.990000
 385 3.050000
 386 3.190000
 387 3.140000
 388 3.150000
 389 3.120000
 390 3.150000
 391 3.130000
 392 3.110000
 393 3.140000
 394 3.130000
 395 3.100000
 396 3.120000
 397 3.100000
 398 3.130000
 399 3.120000
 400 3.120000
 401 3.130000
 402 3.130000
 403 3.160000
 404 3.370000
 405 3.360000
 406 3.370000
 407 3.350000
 408 3.400000
 409 3.400000
 410 3.380000
 411 3.380000
 412 3.410000
 413 3.380000
 414 3.380000
 415 3.390000
 416 3.390000
 417 3.380000
 418 3.350000
 419 3.350000
 420 3.400000
 421 3.350000
 422 3.350000
 423 3.350000
 424 3.390000
 425 3.380000
 426 3.350000
 427 3.380000
 428 3.260000
 429 3.300000
 430 3.310000
 431 3.230000
 432 3.340000
 433 3.310000
 434 3.290000
 435 3.230000
 436 3.330000
 437 3.310000
 438 3.310000
 439 3.230000
 440 3.290000
 441 3.330000
 442 3.210000
 443 3.290000
 444 3.290000
 445 3.300000
 446 3.310000
 447 3.270000
 448 3.260000
 449 3.270000
 450 3.260000
 451 3.230000
 452 3.260000
 453 3.340000
 454 3.370000
 455 3.260000
 456 3.270000
 457 3.320000
 458 3.380000
 459 3.370000
 460 3.370000
 461 3.320000
 462 3.310000
 463 3.320000
 464 3.260000
 465 3.300000
 466 4.550000
 467 4.600000
 468 4.030000
 469 4.110000
 470 4.630000
 471 4.600000
 472 4.650000
 473 4.630000
 474 4.650000
 475 4.630000
 476 4.650000
 477 4.650000
 478 4.650000
 479 4.650000
 480 4.650000
 481 4.650000
 482 4.650000
 483 4.650000
 484 4.650000
 485 4.680000
 486 4.680000
 487 4.680000
 488 4.680000
 489 4.670000
 490 4.510000
 491 4.700000
 492 4.700000
 493 4.520000
 494 4.030000
 495 4.720000
 496 4.730000
 497 4.720000
 498 4.590000
 499 4.480000
 500 4.450000
 501 4.480000
 502 4.750000
 503 4.770000
 504 4.770000
 505 4.770000
 506 4.770000
 507 4.770000
 508 4.800000
 509 3.880000
 510 3.870000
 511 3.900000
 512 3.910000
 513 3.900000
 514 3.870000
 515 4.820000
 516 4.850000
 517 4.850000
 518 4.870000
 519 4.870000
 520 4.860000
 521 4.870000
 522 4.900000
 523 4.900000
 524 4.900000
 525 4.900000
 526 4.930000
 527 4.930000
 528 4.950000
 529 4.590000
 530 4.310000
 531 4.320000
 532 4.320000
 533 4.300000
 534 4.330000
 535 4.300000
 536 4.340000
 537 4.310000
 538 4.340000
 539 4.400000
 540 5.050000
 541 5.070000
 542 4.830000
 543 4.610000
 544 4.490000
 545 4.420000
 546 4.370000
 547 4.350000
 548 4.370000
 549 4.410000
 550 4.410000
 551 4.400000
 552 4.440000
 553 4.480000
 554 4.450000
 555 4.520000
 556 4.170000
 557 3.930000
 558 3.930000
 559 3.950000
 560 3.970000
 561 3.980000
 562 4.000000
 563 4.000000
 564 3.660000
 565 3.610000
 566 3.850000
 567 3.710000
 568 3.660000
 569 3.700000
 570 3.700000
 571 3.710000
 572 3.700000
 573 3.570000
 574 3.550000
 575 3.550000
 576 3.590000
 577 3.510000
 578 3.630000
 579 3.650000
 580 3.630000
 581 3.670000
 582 3.680000
 583 3.670000
 584 3.620000
 585 3.550000
 586 3.650000
 587 3.700000
 588 3.720000
 589 3.720000
 590 3.730000
 591 3.730000
 592 3.690000
 593 3.690000
 594 3.700000
 595 3.740000
 596 3.850000
 597 3.890000
 598 3.930000
 599 4.130000
 600 4.410000
 601 4.550000
 602 4.530000
 603 4.500000
 604 4.480000
 605 4.480000
 606 4.450000
 607 4.450000
 608 4.180000
 609 4.180000
 610 4.170000
 611 4.250000
 612 4.290000
 613 4.370000
 614 4.390000
 615 1.280000
 616 1.240000
 617 1.250000
 618 1.250000
 619 1.250000
 620 1.250000
 621 1.250000
 622 1.220000
 623 1.250000
 624 1.220000
 625 1.240000
 626 1.210000
 627 1.240000
 628 1.230000
 629 1.250000
 630 1.320000
 631 1.410000
 632 1.800000
 633 1.800000
 634 1.800000
 635 1.800000
 636 1.790000
 637 1.800000
 638 1.830000
 639 1.900000
 640 2.350000
 641 2.370000
 642 2.340000
 643 4.020000
 644 3.980000
 645 3.970000
 646 3.970000
 647 3.990000
 648 3.970000
 649 4.080000
 650 4.060000
 651 4.030000
 652 4.040000
 653 4.040000
 654 4.040000
 655 4.010000
 656 4.020000
 657 2.090000
 658 2.050000
 659 3.980000
 660 3.990000
 661 3.990000
 662 3.960000
 663 3.960000
 664 2.860000
 665 2.790000
 666 3.930000
 667 3.180000
 668 3.170000
 669 2.420000
 670 2.360000
 671 2.070000
 672 1.910000
 673 1.850000
 674 1.770000
 675 1.790000
 676 1.790000
 677 1.790000
 678 1.790000
 679 1.790000
 680 1.390000
 681 1.300000
 682 1.220000
 683 1.240000
 684 1.210000
 685 1.210000
 686 1.240000
 687 1.210000
 688 1.220000
 689 1.220000
 690 1.240000
 691 1.240000
 692 1.240000
 693 1.210000
 694 1.240000
 695 1.240000
 696 1.250000
 697 1.280000
 698 2.500000
 699 2.470000
 700 2.450000
 701 2.380000
 702 2.490000
 703 2.430000
 704 2.420000
 705 2.350000
 706 2.400000
 707 2.400000
 708 2.400000
 709 2.400000
 710 2.420000
 711 2.420000
 712 2.410000
 713 2.930000
 714 2.980000
 715 2.930000
 716 2.950000
 717 1.920000
 718 1.890000
 719 1.870000
 720 1.850000
 721 1.860000
 722 1.860000
 723 1.860000
 724 1.840000
 725 1.890000
 726 1.860000
 727 1.890000
 728 1.880000
 729 1.900000
 730 2.950000
 731 3.020000
 732 3.040000
 733 3.030000
 734 2.960000
 735 3.030000
 736 2.980000
 737 3.060000
 738 1.990000
 739 1.370000
 740 1.380000
 741 1.370000
 742 1.370000
 743 1.350000
 744 1.330000
 745 1.350000
 746 1.340000
 747 1.340000
 748 1.310000
 749 1.340000
 750 1.340000
 751 1.350000
 752 1.380000
 753 1.330000
 754 1.340000
 755 1.340000
 756 1.340000
 757 1.340000
 758 1.350000
 759 1.320000
 760 1.860000
 0 2.160000
 1 2.190000
 2 2.050000
 3 2.200000
 4 2.120000
 5 2.200000
 6 2.180000
 7 2.250000
 8 2.090000
 9 2.160000
 10 2.130000
 11 2.240000
 12 2.060000
 13 2.040000
 14 2.060000
 15 2.150000
 16 2.120000
 17 2.090000
 18 2.090000
 19 2.080000
 20 2.060000
 21 2.070000
 22 2.080000
 23 2.130000
 24 2.420000
 25 2.240000
 26 2.590000
 27 2.270000
 28 2.590000
 29 2.240000
 30 2.590000
 31 2.240000
 32 2.520000
 33 2.180000
 34 2.210000
 35 2.180000
 36 2.200000
 37 2.250000
 38 2.200000
 39 2.250000
 40 2.200000
 41 2.250000
 42 2.190000
 43 2.240000
 44 2.170000
 45 2.270000
 46 2.190000
 47 2.250000
 48 2.090000
 49 2.140000
 50 2.090000
 51 2.260000
 52 2.180000
 53 2.330000
 54 2.230000
 55 2.130000
 56 2.130000
 57 2.060000
 58 2.090000
 59 2.080000
 60 2.080000
 61 2.080000
 62 2.170000
 63 2.120000
 64 2.180000
 65 2.170000
 66 2.250000
 67 2.200000
 68 2.110000
 69 2.180000
 70 2.160000
 71 2.110000
 72 2.120000
 73 2.090000
 74 2.110000
 75 2.150000
 76 2.350000
 77 2.290000
 78 2.430000
 79 2.220000
 80 2.480000
 81 2.310000
 82 2.520000
 83 2.220000
 84 2.500000
 85 2.190000
 86 2.480000
 87 2.190000
 88 2.670000
 89 2.170000
 90 2.540000
 91 2.160000
 92 2.380000
 93 2.220000
 94 2.450000
 95 2.250000
 96 2.280000
 97 2.210000
 98 2.180000
 99 2.180000
 100 2.180000
 101 2.180000
 102 2.160000
 103 2.160000
 104 2.230000
 105 2.260000
 106 2.240000
 107 2.130000
 108 2.130000
 109 2.160000
 110 2.160000
 111 2.160000
 112 2.890000
 113 2.300000
 114 2.560000
 115 2.210000
 116 2.940000
 117 2.180000
 118 2.200000
 119 2.180000
 120 2.220000
 121 2.210000
 122 2.210000
 123 2.940000
 124 2.230000
 125 2.960000
 126 2.350000
 127 2.260000
 128 2.350000
 129 2.260000
 130 2.990000
 131 2.380000
 132 2.750000
 133 2.280000
 134 2.760000
 135 2.260000
 136 2.400000
 137 2.400000
 138 2.380000
 139 2.410000
 140 2.380000
 141 2.440000
 142 2.330000
 143 2.280000
 144 2.400000
 145 2.400000
 146 2.430000
 147 2.430000
 148 2.400000
 149 2.400000
 150 2.350000
 151 2.370000
 152 2.350000
 153 2.330000
 154 2.350000
 155 2.350000
 156 2.230000
 157 2.210000
 158 2.200000
 159 2.330000
 160 2.300000
 161 2.300000
 162 2.300000
 163 2.280000
 164 2.280000
 165 2.310000
 166 2.220000
 167 2.190000
 168 2.330000
 169 2.300000
 170 2.270000
 171 2.260000
 172 2.240000
 173 2.230000
 174 2.230000
 175 2.260000
 176 2.290000
 177 2.350000
 178 2.250000
 179 2.260000
 180 2.310000
 181 2.700000
 182 2.950000
 183 2.920000
 184 2.920000
 185 2.880000
 186 2.850000
 187 2.800000
 188 2.830000
 189 2.660000
 190 2.750000
 191 2.750000
 192 2.740000
 193 2.750000
 194 2.680000
 195 2.690000
 196 2.760000
 197 2.800000
 198 2.800000
 199 2.830000
 200 2.830000
 201 2.840000
 202 2.800000
 203 2.790000
 204 2.810000
 205 2.810000
 206 2.810000
 207 2.840000
 208 2.860000
 209 2.860000
 210 2.860000
 211 2.890000
 212 2.890000
 213 2.890000
 214 2.910000
 215 2.910000
 216 2.940000
 217 2.910000
 218 2.940000
 219 2.960000
 220 2.940000
 221 2.960000
 222 2.960000
 223 2.990000
 224 3.010000
 225 3.010000
 226 3.010000
 227 3.040000
 228 3.060000
 229 3.030000
 230 3.060000
 231 3.080000
 232 3.080000
 233 3.080000
 234 3.110000
 235 3.130000
 236 3.140000
 237 3.150000
 238 3.150000
 239 3.150000
 240 3.180000
 241 3.200000
 242 3.230000
 243 3.230000
 244 3.220000
 245 3.250000
 246 3.550000
 247 3.720000
 248 3.710000
 249 3.760000
 250 3.780000
 251 3.720000
 252 3.730000
 253 3.650000
 254 3.620000
 255 3.620000
 256 3.560000
 257 3.540000
 258 3.560000
 259 3.590000
 260 3.570000
 261 3.530000
 262 3.560000
 263 3.480000
 264 3.520000
 265 3.540000
 266 3.540000
 267 3.540000
 268 3.570000
 269 3.560000
 270 3.540000
 271 3.520000
 272 3.570000
 273 3.610000
 274 3.630000
 275 3.590000
 276 3.620000
 277 3.610000
 278 3.600000
 279 3.600000
 280 3.650000
 281 3.700000
 282 3.850000
 283 3.870000
 284 3.840000
 285 3.880000
 286 3.890000
 287 3.890000
 288 3.310000
 289 3.220000
 290 3.200000
 291 3.200000
 292 3.220000
 293 3.680000
 294 3.420000
 295 3.410000
 296 3.380000
 297 3.380000
 298 3.420000
 299 3.810000
 300 3.810000
 301 3.810000
 302 3.810000
 303 3.810000
 304 3.770000
 305 2.710000
 306 2.680000
 307 2.690000
 308 2.680000
 309 2.700000
 310 2.680000
 311 2.680000
 312 2.680000
 313 2.710000
 314 2.660000
 315 2.680000
 316 2.670000
 317 2.640000
 318 2.660000
 319 2.660000
 320 2.660000
 321 2.630000
 322 2.630000
 323 2.630000
 324 2.630000
 325 2.630000
 326 2.580000
 327 2.590000
 328 2.590000
 329 2.560000
 330 2.560000
 331 2.560000
 332 2.540000
 333 2.560000
 334 2.540000
 335 2.580000
 336 2.590000
 337 2.560000
 338 2.570000
 339 2.610000
 340 2.570000
 341 2.580000
 342 2.550000
 343 2.570000
 344 2.570000
 345 2.560000
 346 2.560000
 347 2.560000
 348 2.550000
 349 2.530000
 350 2.550000
 351 2.530000
 352 2.530000
 353 2.520000
 354 2.520000
 355 2.540000
 356 2.540000
 357 2.540000
 358 2.520000
 359 2.500000
 360 2.540000
 361 2.530000
 362 2.540000
 363 2.520000
 364 2.490000
 365 2.480000
 366 2.460000
 367 2.460000
 368 2.460000
 369 2.460000
 370 2.440000
 371 2.460000
 372 2.460000
 373 2.440000
 374 2.440000
 375 2.440000
 376 2.470000
 377 2.490000
 378 2.680000
 379 2.630000
 380 2.550000
 381 2.800000
 382 3.030000
 383 3.100000
 384 2.990000
 385 3.040000
 386 3.190000
 387 3.170000
 388 3.150000
 389 3.150000
 390 3.120000
 391 3.130000
 392 3.130000
 393 3.140000
 394 3.130000
 395 3.120000
 396 3.120000
 397 3.130000
 398 3.120000
 399 3.120000
 400 3.130000
 401 3.140000
 402 3.130000
 403 3.160000
 404 3.400000
 405 3.330000
 406 3.370000
 407 3.370000
 408 3.430000
 409 3.400000
 410 3.380000
 411 3.400000
 412 3.380000
 413 3.380000
 414 3.380000
 415 3.360000
 416 3.390000
 417 3.380000
 418 3.380000
 419 3.350000
 420 3.400000
 421 3.380000
 422 3.350000
 423 3.350000
 424 3.390000
 425 3.350000
 426 3.360000
 427 3.350000
 428 3.260000
 429 3.280000
 430 3.310000
 431 3.320000
 432 3.320000
 433 3.320000
 434 3.310000
 435 3.230000
 436 3.310000
 437 3.310000
 438 3.310000
 439 3.230000
 440 3.270000
 441 3.290000
 442 3.210000
 443 3.290000
 444 3.290000
 445 3.300000
 446 3.310000
 447 3.250000
 448 3.280000
 449 3.270000
 450 3.280000
 451 3.230000
 452 3.260000
 453 3.370000
 454 3.370000
 455 3.260000
 456 3.270000
 457 3.320000
 458 3.380000
 459 3.380000
 460 3.370000
 461 3.350000
 462 3.310000
 463 3.320000
 464 3.260000
 465 3.270000
 466 4.580000
 467 4.630000
 468 4.030000
 469 4.280000
 470 4.630000
 471 4.630000
 472 4.630000
 473 4.650000
 474 4.650000
 475 4.650000
 476 4.630000
 477 4.650000
 478 4.650000
 479 4.650000
 480 4.650000
 481 4.650000
 482 4.650000
 483 4.650000
 484 4.680000
 485 4.650000
 486 4.680000
 487 4.680000
 488 4.700000
 489 4.670000
 490 4.510000
 491 4.680000
 492 4.700000
 493 4.570000
 494 4.060000
 495 4.700000
 496 4.730000
 497 4.720000
 498 4.590000
 499 4.450000
 500 4.480000
 501 4.480000
 502 4.770000
 503 4.770000
 504 4.750000
 505 4.770000
 506 4.770000
 507 4.770000
 508 4.800000
 509 3.940000
 510 3.870000
 511 3.890000
 512 3.880000
 513 3.900000
 514 3.890000
 515 4.850000
 516 4.850000
 517 4.870000
 518 4.850000
 519 4.850000
 520 4.860000
 521 4.870000
 522 4.900000
 523 4.900000
 524 4.920000
 525 4.900000
 526 4.930000
 527 4.930000
 528 4.950000
 529 4.590000
 530 4.340000
 531 4.330000
 532 4.320000
 533 4.330000
 534 4.330000
 535 4.330000
 536 4.340000
 537 4.340000
 538 4.340000
 539 4.400000
 540 5.070000
 541 5.050000
 542 4.830000
 543 4.580000
 544 4.490000
 545 4.430000
 546 4.370000
 547 4.370000
 548 4.400000
 549 4.380000
 550 4.380000
 551 4.400000
 552 4.420000
 553 4.480000
 554 4.480000
 555 4.520000
 556 4.160000
 557 3.930000
 558 3.920000
 559 3.950000
 560 3.950000
 561 3.980000
 562 4.000000
 563 4.000000
 564 3.640000
 565 3.660000
 566 3.830000
 567 3.710000
 568 3.660000
 569 3.700000
 570 3.730000
 571 3.730000
 572 3.700000
 573 3.590000
 574 3.570000
 575 3.580000
 576 3.570000
 577 3.540000
 578 3.630000
 579 3.650000
 580 3.630000
 581 3.670000
 582 3.680000
 583 3.670000
 584 3.600000
 585 3.530000
 586 3.650000
 587 3.670000
 588 3.730000
 589 3.720000
 590 3.760000
 591 3.730000
 592 3.710000
 593 3.690000
 594 3.680000
 595 3.740000
 596 3.850000
 597 3.880000
 598 3.940000
 599 4.120000
 600 4.410000
 601 4.530000
 602 4.530000
 603 4.500000
 604 4.500000
 605 4.480000
 606 4.480000
 607 4.450000
 608 4.180000
 609 4.180000
 610 4.170000
 611 4.250000
 612 4.290000
 613 4.370000
 614 4.390000
 615 1.250000
 616 1.240000
 617 1.220000
 618 1.250000
 619 1.250000
 620 1.250000
 621 1.250000
 622 1.250000
 623 1.250000
 624 1.210000
 625 1.210000
 626 1.210000
 627 1.240000
 628 1.210000
 629 1.250000
 630 1.320000
 631 1.410000
 632 1.800000
 633 1.800000
 634 1.800000
 635 1.770000
 636 1.790000
 637 1.780000
 638 1.850000
 639 1.850000
 640 2.350000
 641 2.340000
 642 2.360000
 643 4.020000
 644 4.000000
 645 4.000000
 646 3.970000
 647 4.010000
 648 3.950000
 649 4.080000
 650 4.060000
 651 4.060000
 652 4.060000
 653 4.010000
 654 4.010000
 655 4.010000
 656 4.020000
 657 2.110000
 658 2.000000
 659 4.010000
 660 3.980000
 661 3.990000
 662 3.960000
 663 3.960000
 664 2.860000
 665 2.790000
 666 3.930000
 667 3.180000
 668 3.180000
 669 2.420000
 670 2.340000
 671 2.070000
 672 1.910000
 673 1.880000
 674 1.780000
 675 1.790000
 676 1.790000
 677 1.790000
 678 1.760000
 679 1.790000
 680 1.390000
 681 1.300000
 682 1.230000
 683 1.240000
 684 1.240000
 685 1.240000
 686 1.240000
 687 1.210000
 688 1.250000
 689 1.220000
 690 1.240000
 691 1.240000
 692 1.240000
 693 1.210000
 694 1.210000
 695 1.240000
 696 1.250000
 697 1.250000
 698 2.500000
 699 2.470000
 700 2.410000
 701 2.380000
 702 2.490000
 703 2.460000
 704 2.420000
 705 2.380000
 706 2.370000
 707 2.400000
 708 2.370000
 709 2.400000
 710 2.400000
 711 2.400000
 712 2.380000
 713 2.930000
 714 2.980000
 715 2.910000
 716 2.950000
 717 1.920000
 718 1.890000
 719 1.860000
 720 1.840000
 721 1.860000
 722 1.860000
 723 1.860000
 724 1.860000
 725 1.860000
 726 1.860000
 727 1.890000
 728 1.880000
 729 1.840000
 730 2.920000
 731 3.020000
 732 3.040000
 733 3.000000
 734 2.980000
 735 3.030000
 736 2.950000
 737 3.030000
 738 1.970000
 739 1.390000
 740 1.380000
 741 1.370000
 742 1.350000
 743 1.350000
 744 1.330000
 745 1.330000
 746 1.310000
 747 1.310000
 748 1.310000
 749 1.340000
 750 1.340000
 751 1.330000
 752 1.380000
 753 1.330000
 754 1.340000
 755 1.340000
 756 1.340000
 757 1.340000
 758 1.350000
 759 1.340000
 760 1.830000