
 0 2.680000
 1 2.650000
 2 2.660000
 3 2.650000
 4 2.600000
 5 2.600000
 6 2.610000
 7 2.610000
 8 2.600000
 9 2.620000
 10 2.610000
 11 1.790000
 12 1.800000
 13 1.800000
 14 1.790000
 15 1.790000
 16 1.780000
 17 1.770000
 18 1.740000
 19 1.750000
 20 1.740000
 21 1.750000
 22 1.760000
 23 1.790000
 24 1.780000
 25 1.780000
 26 1.750000
 27 1.760000
 28 1.800000
 29 3.480000
 30 3.600000
 31 3.580000
 32 3.600000
 33 3.580000
 34 3.600000
 35 2.380000
 36 2.330000
 37 2.340000
 38 2.330000
 39 2.390000
 40 2.380000
 41 2.450000
 42 3.570000
 43 3.600000
 44 3.580000
 45 3.600000
 46 3.600000
 47 3.530000
 48 3.520000
 49 3.520000
 50 3.600000
 51 3.570000
 52 3.510000
 53 3.500000
 54 3.410000
 55 3.430000
 56 3.400000
 57 3.410000
 58 3.420000
 59 3.420000
 60 3.440000
 61 3.490000
 62 3.410000
 63 3.510000
 64 3.430000
 65 3.460000
 66 3.440000
 67 3.550000
 68 3.460000
 69 3.580000
 70 3.600000
 71 3.600000
 72 3.480000
 73 3.460000
 74 3.630000
 75 3.600000
 76 3.620000
 77 3.510000
 78 3.480000
 79 3.600000
 80 3.570000
 81 3.600000
 82 3.470000
 83 3.480000
 84 3.480000
 85 3.570000
 86 3.590000
 87 3.540000
 88 3.520000
 89 3.510000
 90 4.600000
 91 4.770000
 92 4.160000
 93 4.190000
 94 4.780000
 95 4.780000
 96 4.780000
 97 4.780000
 98 4.780000
 99 4.800000
 100 4.800000
 101 4.800000
 102 4.800000
 103 4.800000
 104 4.830000
 105 4.800000
 106 4.830000
 107 4.800000
 108 4.830000
 109 4.820000
 110 4.850000
 111 4.820000
 112 4.820000
 113 4.830000
 114 4.660000
 115 4.850000
 116 4.850000
 117 4.210000
 118 4.200000
 119 4.870000
 120 4.870000
 121 4.870000
 122 4.620000
 123 4.630000
 124 4.660000
 125 4.700000
 126 4.900000
 127 4.900000
 128 4.920000
 129 4.920000
 130 4.950000
 131 4.950000
 132 4.050000
 133 4.030000
 134 4.030000
 135 4.030000
 136 4.070000
 137 4.960000
 138 4.980000
 139 4.990000
 140 4.990000
 141 5.010000
 142 5.010000
 143 5.010000
 144 5.050000
 145 5.020000
 146 5.050000
 147 5.050000
 148 5.050000
 149 5.080000
 150 5.080000
 151 5.100000
 152 5.100000
 153 5.100000
 154 5.100000
 155 5.130000
 156 5.130000
 157 5.120000
 158 5.150000
 159 5.150000
 160 5.170000
 161 5.170000
 162 5.170000
 163 5.170000
 164 5.200000
 165 4.810000
 166 4.640000
 167 4.570000
 168 4.520000
 169 4.520000
 170 4.520000
 171 4.530000
 172 4.520000
 173 4.520000
 174 4.580000
 175 4.630000
 176 4.600000
 177 4.630000
 178 4.120000
 179 4.060000
 180 4.070000
 181 4.100000
 182 4.100000
 183 4.120000
 184 2.640000
 185 2.620000
 186 2.600000
 187 2.620000
 188 2.630000
 189 2.570000
 190 3.820000
 191 3.990000
 192 4.460000
 193 3.720000
 194 3.710000
 195 3.740000
 196 3.650000
 197 3.740000
 198 3.750000
 199 3.760000
 200 3.770000
 201 3.790000
 202 3.790000
 203 3.810000
 204 4.050000
 205 4.370000
 206 3.660000
 207 3.660000
 208 3.680000
 209 3.990000
 210 3.970000
 211 3.990000
 212 3.830000
 213 3.810000
 214 3.820000
 215 3.880000
 216 4.190000
 217 4.200000
 218 4.210000
 219 4.230000
 220 4.410000
 221 4.670000
 222 4.540000
 223 4.650000
 224 4.490000
 225 4.440000
 226 4.420000
 227 4.400000
 228 4.290000
 229 4.280000
 230 4.280000
 231 4.330000
 232 4.370000
 233 4.370000
 234 4.430000
 235 4.460000
 236 4.500000
 237 4.500000
 238 4.520000
 239 4.500000
 240 4.500000
 241 3.570000
 242 3.540000
 243 3.540000
 244 2.620000
 245 2.570000
 246 2.580000
 247 2.600000
 248 2.570000
 249 2.570000
 250 2.560000
 251 2.530000
 252 2.530000
 253 2.530000
 254 2.530000
 255 2.510000
 256 2.510000
 257 2.510000
 258 2.470000
 259 2.490000
 260 2.500000
 261 2.460000
 262 2.480000
 263 2.480000
 264 2.470000
 265 2.460000
 266 2.440000
 267 2.470000
 268 2.470000
 269 2.460000
 270 2.460000
 271 2.450000
 272 2.510000
 273 2.510000
 274 2.480000
 275 2.450000
 276 2.450000
 277 2.470000
 278 2.470000
 279 2.470000
 280 2.470000
 281 2.470000
 282 1.950000
 283 1.900000
 284 1.890000
 285 1.890000
 286 1.910000
 287 1.890000
 288 1.910000
 289 1.910000
 290 1.910000
 291 1.910000
 292 1.960000
 293 3.130000
 294 3.090000
 295 3.070000
 296 1.420000
 297 1.410000
 298 1.360000
 299 1.340000
 300 1.350000
 301 1.350000
 302 1.350000
 303 1.350000
 304 1.350000
 305 1.350000
 306 1.360000
 307 1.370000
 308 1.370000
 309 1.370000
 310 1.390000
 311 1.370000
 312 2.540000
 313 2.550000
 314 3.100000
 315 3.100000
 316 3.070000
 317 3.030000
 318 3.010000
 319 3.010000
 320 3.020000
 321 2.050000
 322 2.020000
 323 2.010000
 324 1.980000
 325 2.010000
 326 1.990000
 327 1.990000
 328 1.990000
 329 2.010000
 330 1.990000
 331 2.010000
 332 2.010000
 333 3.050000
 334 3.080000
 335 2.730000
 336 2.700000
 337 2.650000
 338 2.640000
 339 2.640000
 340 2.640000
 341 2.660000
 342 2.690000
 343 2.660000
 344 2.710000
 345 3.060000
 346 3.080000
 347 3.080000
 348 3.110000
 349 1.520000
 350 1.520000
 351 1.520000
 352 1.470000
 353 1.500000
 354 1.480000
 355 1.460000
 356 1.490000
 357 1.490000
 358 1.490000
 359 1.490000
 360 1.490000
 361 1.490000
 362 1.490000
 363 1.510000
 364 1.530000
 365 2.160000
 366 2.190000
 367 2.160000
 368 2.180000
 369 6.080000
 370 6.090000
 371 6.090000
 372 6.100000
 373 6.100000
 374 6.100000
 375 6.130000
 376 6.150000
 377 6.120000
 378 6.150000
 379 6.150000
 380 6.150000
 381 6.160000
 382 1.950000
 383 1.960000
 384 1.970000
 385 1.980000
 386 1.950000
 387 1.970000
 388 1.960000
 389 1.950000
 390 1.950000
 391 1.930000
 392 1.780000
 393 1.710000
 394 1.680000
 395 1.710000
 396 1.680000
 397 1.690000
 398 1.690000
 399 1.660000
 400 1.690000
 401 1.690000
 402 1.690000
 403 1.700000
 404 1.710000
 405 1.710000
 406 1.740000
 407 3.660000
 408 3.660000
 409 3.660000
 410 3.250000
 411 3.680000
 412 3.650000
 413 3.660000
 414 3.650000
 415 3.680000
 416 3.680000
 417 3.680000
 418 3.610000
 419 3.640000
 420 3.640000
 421 3.640000
 422 3.640000
 423 3.640000
 424 3.640000
 425 3.660000
 426 3.660000
 427 3.660000
 428 3.690000
 429 3.690000
 430 3.690000
 431 3.690000
 432 3.710000
 433 3.710000
 434 3.710000
 435 3.710000
 436 3.740000
 437 3.710000
 438 3.740000
 439 3.750000
 440 3.700000
 441 3.690000
 442 3.630000
 443 3.220000
 444 3.160000
 445 3.170000
 446 3.490000
 447 3.450000
 448 3.400000
 449 3.390000
 450 3.350000
 451 3.300000
 452 3.050000
 453 2.990000
 454 2.980000
 455 2.970000
 456 2.950000
 457 2.930000
 458 2.910000
 459 2.910000
 460 2.890000
 461 3.080000
 462 3.100000
 463 3.100000
 464 3.060000
 465 2.970000
 466 3.010000
 467 3.010000
 468 3.010000
 469 2.970000
 470 2.940000
 471 2.940000
 472 2.960000
 473 2.950000
 474 2.960000
 475 3.000000
 476 3.010000
 477 2.990000
 478 2.910000
 479 2.940000
 480 2.980000
 481 2.620000
 482 2.610000
 483 2.560000
 484 2.540000
 485 2.630000
 486 2.530000
 487 2.530000
 488 2.530000
 489 2.530000
 490 2.490000
 491 2.460000
 492 2.410000
 493 2.360000
 494 2.260000
 495 2.230000
 496 2.200000
 497 2.250000
 498 2.160000
 499 2.230000
 500 2.190000
 501 2.170000
 502 2.140000
 503 2.130000
 504 2.070000
 505 2.070000
 506 2.050000
 507 2.060000
 508 2.110000
 509 2.030000
 510 2.030000
 511 2.030000
 512 2.150000
 513 2.010000
 514 2.010000
 515 1.960000
 516 2.020000
 517 2.030000
 518 1.960000
 519 1.920000
 520 1.890000
 521 1.900000
 522 1.870000
 523 1.860000
 524 1.870000
 525 1.860000
 526 1.860000
 527 1.870000
 528 1.850000
 529 1.820000
 530 1.820000
 531 1.790000
 532 1.830000
 533 1.780000
 534 1.810000
 535 1.690000
 536 1.740000
 537 1.750000
 538 1.770000
 539 1.720000
 540 1.770000
 541 1.690000
 542 1.680000
 543 1.710000
 544 1.660000
 545 1.680000
 546 1.630000
 547 1.630000
 548 1.580000
 549 1.580000
 550 1.500000
 551 1.550000
 552 1.540000
 553 1.420000
 554 1.510000
 555 1.410000
 556 1.410000
 557 1.490000
 558 1.410000
 559 1.440000
 560 1.410000
 561 1.490000
 562 1.460000
 563 1.460000
 564 1.460000
 565 1.440000
 566 1.470000
 567 1.410000
 568 1.330000
 569 1.350000
 570 1.350000
 571 1.420000
 572 1.390000
 573 1.410000
 574 1.310000
 575 1.390000
 576 1.410000
 577 1.390000
 578 1.360000
 579 1.420000
 580 1.390000
 581 1.360000
 582 1.390000
 583 1.420000
 584 1.360000
 585 1.360000
 586 1.400000
 587 1.390000
 588 1.390000
 589 1.260000
 590 1.340000
 591 1.330000
 592 1.340000
 593 1.360000
 594 1.560000
 595 1.280000
 596 1.260000
 597 1.310000
 598 1.260000
 599 1.360000
 600 1.340000
 601 1.230000
 602 1.220000
 603 1.240000
 604 1.270000
 605 1.190000
 606 2.460000
 607 2.460000
 608 2.460000
 609 5.690000
 610 6.520000
 611 6.510000
 612 6.510000
 613 6.460000
 614 6.460000
 615 3.090000
 616 3.110000
 617 3.110000
 618 6.670000
 619 6.720000
 620 6.190000
 621 6.780000
 622 6.750000
 623 6.370000
 624 5.480000
 625 0.840000
 626 0.810000
 627 0.820000
 628 0.810000
 629 0.810000
 630 0.810000
 631 0.790000
 632 0.800000
 633 0.790000
 634 0.810000
 635 0.810000
 636 0.820000
 637 0.810000
 638 0.820000
 639 0.850000
 640 0.850000
 641 0.820000
 642 0.850000
 643 0.850000
 644 0.850000
 645 0.870000
 646 0.850000
 647 0.870000
 648 0.870000
 649 0.870000
 650 0.870000
 651 0.900000
 652 0.900000
 653 0.900000
 654 0.900000
 655 0.920000
 656 0.900000
 657 0.900000
 658 0.920000
 659 0.920000
 660 0.920000
 661 0.920000
 662 0.950000
 663 0.950000
 664 0.950000
 665 0.950000
 666 0.950000
 667 0.970000
 668 0.650000
 669 0.400000
 670 0.200000
 671 0.200000
 672 0.180000
 673 0.190000
 674 0.210000
 675 0.190000
 676 0.180000
 677 0.210000
 678 0.190000
 679 0.190000
 680 0.180000
 681 0.210000
 682 0.190000
 683 0.190000
 684 0.190000
 685 0.190000
 686 0.200000
 687 0.200000
 688 0.200000
 689 0.170000
 690 0.200000
 691 0.170000
 692 0.170000
 693 0.200000
 694 0.170000
 695 0.170000
 696 0.170000
 697 0.200000
 698 0.170000
 699 0.200000
 700 0.180000
 701 0.180000
 702 0.200000
 703 0.200000
 704 0.180000
 705 0.190000
 706 0.210000
 707 0.200000
 708 0.190000
 709 0.190000
 710 0.180000
 711 0.200000
 712 0.190000
 713 0.210000
 714 0.210000
 715 0.190000
 716 0.190000
 717 0.190000
 718 0.210000
 719 0.210000
 720 0.190000
 721 0.190000
 722 0.190000
 723 0.190000
 724 0.190000
 725 0.190000
 726 0.190000
 727 0.190000
 728 0.210000
 729 0.190000
 730 0.190000
 731 0.190000
 732 0.210000
 733 0.210000
 734 0.190000
 735 0.210000
 736 0.210000
 737 0.190000
 738 0.190000
 739 0.190000
 740 0.190000
 741 0.190000
 742 0.190000
 743 0.190000
 744 0.190000
 745 0.210000
 746 0.190000
 747 0.190000
 748 0.210000
 749 0.210000
 750 0.210000
 751 0.210000
 752 0.190000
 753 0.200000
 754 0.190000
 755 0.200000
 756 0.200000
 757 0.190000
 758 0.190000
 759 0.180000
 760 0.190000
 0 2.650000
 1 2.680000
 2 2.690000
 3 2.650000
 4 2.630000
 5 2.600000
 6 2.610000
 7 2.590000
 8 2.600000
 9 2.650000
 10 2.630000
 11 1.790000
 12 1.770000
 13 1.780000
 14 1.750000
 15 1.760000
 16 1.780000
 17 1.800000
 18 1.760000
 19 1.770000
 20 1.740000
 21 1.750000
 22 1.760000
 23 1.750000
 24 1.780000
 25 1.750000
 26 1.770000
 27 1.780000
 28 1.830000
 29 3.480000
 30 3.600000
 31 3.600000
 32 3.630000
 33 3.580000
 34 3.620000
 35 2.380000
 36 2.350000
 37 2.340000
 38 2.330000
 39 2.360000
 40 2.380000
 41 2.450000
 42 3.570000
 43 3.570000
 44 3.570000
 45 3.630000
 46 3.600000
 47 3.530000
 48 3.550000
 49 3.510000
 50 3.600000
 51 3.550000
 52 3.510000
 53 3.500000
 54 3.410000
 55 3.410000
 56 3.430000
 57 3.430000
 58 3.420000
 59 3.390000
 60 3.460000
 61 3.500000
 62 3.430000
 63 3.510000
 64 3.430000
 65 3.460000
 66 3.440000
 67 3.570000
 68 3.460000
 69 3.580000
 70 3.600000
 71 3.580000
 72 3.460000
 73 3.460000
 74 3.600000
 75 3.600000
 76 3.620000
 77 3.450000
 78 3.460000
 79 3.600000
 80 3.570000
 81 3.460000
 82 3.450000
 83 3.460000
 84 3.480000
 85 3.560000
 86 3.600000
 87 3.510000
 88 3.500000
 89 3.510000
 90 4.600000
 91 4.770000
 92 4.160000
 93 4.190000
 94 4.780000
 95 4.780000
 96 4.800000
 97 4.780000
 98 4.780000
 99 4.800000
 100 4.800000
 101 4.780000
 102 4.800000
 103 4.800000
 104 4.800000
 105 4.800000
 106 4.830000
 107 4.800000
 108 4.820000
 109 4.820000
 110 4.850000
 111 4.850000
 112 4.820000
 113 4.830000
 114 4.660000
 115 4.850000
 116 4.850000
 117 4.180000
 118 4.200000
 119 4.860000
 120 4.870000
 121 4.870000
 122 4.620000
 123 4.650000
 124 4.660000
 125 4.700000
 126 4.920000
 127 4.920000
 128 4.920000
 129 4.920000
 130 4.950000
 131 4.920000
 132 4.050000
 133 4.030000
 134 4.060000
 135 4.030000
 136 4.050000
 137 4.960000
 138 4.990000
 139 4.980000
 140 4.990000
 141 5.010000
 142 5.010000
 143 5.010000
 144 5.020000
 145 5.020000
 146 5.050000
 147 5.050000
 148 5.050000
 149 5.080000
 150 5.080000
 151 5.080000
 152 5.100000
 153 5.130000
 154 5.100000
 155 5.130000
 156 5.120000
 157 5.150000
 158 5.150000
 159 5.150000
 160 5.170000
 161 5.200000
 162 5.200000
 163 5.200000
 164 5.220000
 165 4.800000
 166 4.670000
 167 4.570000
 168 4.490000
 169 4.520000
 170 4.520000
 171 4.530000
 172 4.520000
 173 4.550000
 174 4.580000
 175 4.630000
 176 4.610000
 177 4.630000
 178 4.100000
 179 4.080000
 180 4.080000
 181 4.100000
 182 4.100000
 183 4.130000
 184 2.620000
 185 2.630000
 186 2.630000
 187 2.610000
 188 2.660000
 189 2.600000
 190 3.830000
 191 3.990000
 192 4.460000
 193 3.720000
 194 3.710000
 195 3.700000
 196 3.650000
 197 3.740000
 198 3.750000
 199 3.760000
 200 3.770000
 201 3.790000
 202 3.790000
 203 3.810000
 204 4.050000
 205 4.350000
 206 3.660000
 207 3.660000
 208 3.710000
 209 3.990000
 210 3.990000
 211 3.960000
 212 3.830000
 213 3.810000
 214 3.820000
 215 3.910000
 216 4.190000
 217 4.170000
 218 4.190000
 219 4.210000
 220 4.410000
 221 4.670000
 222 4.560000
 223 4.620000
 224 4.460000
 225 4.440000
 226 4.420000
 227 4.390000
 228 4.310000
 229 4.280000
 230 4.280000
 231 4.330000
 232 4.370000
 233 4.360000
 234 4.430000
 235 4.460000
 236 4.500000
 237 4.520000
 238 4.520000
 239 4.500000
 240 4.500000
 241 3.600000
 242 3.540000
 243 3.510000
 244 2.590000
 245 2.570000
 246 2.590000
 247 2.570000
 248 2.560000
 249 2.580000
 250 2.560000
 251 2.560000
 252 2.530000
 253 2.530000
 254 2.530000
 255 2.510000
 256 2.510000
 257 2.510000
 258 2.510000
 259 2.470000
 260 2.510000
 261 2.460000
 262 2.460000
 263 2.460000
 264 2.480000
 265 2.460000
 266 2.490000
 267 2.460000
 268 2.470000
 269 2.470000
 270 2.460000
 271 2.460000
 272 2.480000
 273 2.510000
 274 2.480000
 275 2.450000
 276 2.470000
 277 2.450000
 278 2.470000
 279 2.450000
 280 2.470000
 281 2.450000
 282 1.950000
 283 1.900000
 284 1.890000
 285 1.910000
 286 1.890000
 287 1.910000
 288 1.890000
 289 1.910000
 290 1.910000
 291 1.890000
 292 1.990000
 293 3.130000
 294 3.110000
 295 3.100000
 296 1.410000
 297 1.380000
 298 1.330000
 299 1.340000
 300 1.350000
 301 1.350000
 302 1.370000
 303 1.350000
 304 1.350000
 305 1.350000
 306 1.360000
 307 1.370000
 308 1.350000
 309 1.370000
 310 1.360000
 311 1.370000
 312 2.540000
 313 2.550000
 314 3.100000
 315 3.110000
 316 3.090000
 317 3.000000
 318 3.010000
 319 3.030000
 320 3.000000
 321 2.070000
 322 2.050000
 323 2.010000
 324 1.980000
 325 1.990000
 326 1.990000
 327 1.990000
 328 2.010000
 329 1.990000
 330 1.990000
 331 2.010000
 332 2.010000
 333 3.050000
 334 3.080000
 335 2.720000
 336 2.670000
 337 2.670000
 338 2.640000
 339 2.660000
 340 2.660000
 341 2.660000
 342 2.660000
 343 2.660000
 344 2.710000
 345 3.060000
 346 3.110000
 347 3.100000
 348 3.100000
 349 1.510000
 350 1.520000
 351 1.500000
 352 1.470000
 353 1.470000
 354 1.450000
 355 1.460000
 356 1.460000
 357 1.490000
 358 1.490000
 359 1.490000
 360 1.490000
 361 1.490000
 362 1.490000
 363 1.510000
 364 1.550000
 365 2.140000
 366 2.160000
 367 2.160000
 368 2.200000
 369 6.110000
 370 6.090000
 371 6.100000
 372 6.120000
 373 6.120000
 374 6.120000
 375 6.100000
 376 6.120000
 377 6.150000
 378 6.120000
 379 6.150000
 380 6.150000
 381 6.160000
 382 1.980000
 383 1.960000
 384 2.000000
 385 1.980000
 386 1.950000
 387 1.930000
 388 1.930000
 389 1.950000
 390 1.940000
 391 1.960000
 392 1.780000
 393 1.730000
 394 1.710000
 395 1.690000
 396 1.650000
 397 1.660000
 398 1.690000
 399 1.660000
 400 1.710000
 401 1.690000
 402 1.690000
 403 1.680000
 404 1.690000
 405 1.710000
 406 1.660000
 407 3.660000
 408 3.660000
 409 3.660000
 410 3.250000
 411 3.660000
 412 3.680000
 413 3.660000
 414 3.680000
 415 3.680000
 416 3.680000
 417 3.690000
 418 3.640000
 419 3.640000
 420 3.640000
 421 3.640000
 422 3.660000
 423 3.660000
 424 3.640000
 425 3.660000
 426 3.660000
 427 3.660000
 428 3.690000
 429 3.690000
 430 3.690000
 431 3.690000
 432 3.690000
 433 3.710000
 434 3.710000
 435 3.710000
 436 3.740000
 437 3.710000
 438 3.710000
 439 3.730000
 440 3.700000
 441 3.670000
 442 3.630000
 443 3.220000
 444 3.160000
 445 3.170000
 446 3.460000
 447 3.450000
 448 3.400000
 449 3.390000
 450 3.340000
 451 3.330000
 452 3.010000
 453 2.980000
 454 2.980000
 455 2.970000
 456 2.950000
 457 2.910000
 458 2.910000
 459 2.900000
 460 2.890000
 461 3.080000
 462 3.070000
 463 3.110000
 464 3.060000
 465 2.970000
 466 3.010000
 467 3.030000
 468 3.000000
 469 2.990000
 470 2.970000
 471 2.940000
 472 2.960000
 473 2.950000
 474 2.960000
 475 3.000000
 476 3.020000
 477 2.990000
 478 2.910000
 479 2.950000
 480 3.000000
 481 2.650000
 482 2.630000
 483 2.720000
 484 2.540000
 485 2.610000
 486 2.540000
 487 2.560000
 488 2.530000
 489 2.530000
 490 2.520000
 491 2.460000
 492 2.420000
 493 2.300000
 494 2.280000
 495 2.260000
 496 2.230000
 497 2.190000
 498 2.160000
 499 2.230000
 500 2.190000
 501 2.170000
 502 2.130000
 503 2.130000
 504 2.070000
 505 2.050000
 506 2.050000
 507 2.060000
 508 2.110000
 509 2.010000
 510 2.010000
 511 2.030000
 512 2.170000
 513 2.030000
 514 2.030000
 515 1.980000
 516 2.050000
 517 2.010000
 518 1.970000
 519 1.930000
 520 1.920000
 521 1.910000
 522 1.870000
 523 1.860000
 524 1.840000
 525 1.860000
 526 1.870000
 527 1.840000
 528 1.820000
 529 1.820000
 530 1.790000
 531 1.790000
 532 1.830000
 533 1.810000
 534 1.680000
 535 1.700000
 536 1.740000
 537 1.760000
 538 1.770000
 539 1.720000
 540 1.610000
 541 1.690000
 542 1.690000
 543 1.710000
 544 1.630000
 545 1.680000
 546 1.630000
 547 1.610000
 548 1.610000
 549 1.590000
 550 1.500000
 551 1.550000
 552 1.530000
 553 1.470000
 554 1.510000
 555 1.410000
 556 1.430000
 557 1.470000
 558 1.410000
 559 1.440000
 560 1.410000
 561 1.490000
 562 1.460000
 563 1.460000
 564 1.460000
 565 1.440000
 566 1.450000
 567 1.440000
 568 1.360000
 569 1.360000
 570 1.350000
 571 1.420000
 572 1.410000
 573 1.410000
 574 1.310000
 575 1.390000
 576 1.410000
 577 1.410000
 578 1.360000
 579 1.420000
 580 1.410000
 581 1.360000
 582 1.360000
 583 1.400000
 584 1.340000
 585 1.360000
 586 1.400000
 587 1.390000
 588 1.390000
 589 1.260000
 590 1.360000
 591 1.360000
 592 1.340000
 593 1.390000
 594 2.270000
 595 1.280000
 596 1.260000
 597 1.340000
 598 1.260000
 599 1.320000
 600 1.320000
 601 1.260000
 602 1.220000
 603 1.200000
 604 1.270000
 605 1.220000
 606 2.460000
 607 2.490000
 608 2.490000
 609 5.690000
 610 6.520000
 611 6.510000
 612 6.480000
 613 6.460000
 614 6.450000
 615 3.060000
 616 3.080000
 617 3.110000
 618 6.670000
 619 6.710000
 620 6.220000
 621 6.760000
 622 6.750000
 623 6.340000
 624 5.460000
 625 0.840000
 626 0.830000
 627 0.820000
 628 0.810000
 629 0.810000
 630 0.810000
 631 0.820000
 632 0.800000
 633 0.810000
 634 0.810000
 635 0.800000
 636 0.800000
 637 0.820000
 638 0.850000
 639 0.820000
 640 0.850000
 641 0.840000
 642 0.850000
 643 0.870000
 644 0.850000
 645 0.850000
 646 0.870000
 647 0.870000
 648 0.870000
 649 0.870000
 650 0.900000
 651 0.900000
 652 0.900000
 653 0.900000
 654 0.900000
 655 0.920000
 656 0.900000
 657 0.920000
 658 0.920000
 659 0.920000
 660 0.950000
 661 0.950000
 662 0.920000
 663 0.950000
 664 0.950000
 665 0.970000
 666 0.950000
 667 0.970000
 668 0.650000
 669 0.420000
 670 0.200000
 671 0.180000
 672 0.160000
 673 0.170000
 674 0.180000
 675 0.170000
 676 0.180000
 677 0.180000
 678 0.190000
 679 0.190000
 680 0.180000
 681 0.190000
 682 0.190000
 683 0.190000
 684 0.190000
 685 0.190000
 686 0.190000
 687 0.200000
 688 0.200000
 689 0.200000
 690 0.200000
 691 0.200000
 692 0.200000
 693 0.200000
 694 0.170000
 695 0.200000
 696 0.200000
 697 0.180000
 698 0.170000
 699 0.200000
 700 0.180000
 701 0.200000
 702 0.200000
 703 0.180000
 704 0.190000
 705 0.190000
 706 0.210000
 707 0.210000
 708 0.210000
 709 0.210000
 710 0.210000
 711 0.190000
 712 0.210000
 713 0.190000
 714 0.190000
 715 0.190000
 716 0.190000
 717 0.210000
 718 0.210000
 719 0.190000
 720 0.210000
 721 0.190000
 722 0.210000
 723 0.190000
 724 0.190000
 725 0.190000
 726 0.190000
 727 0.190000
 728 0.210000
 729 0.190000
 730 0.190000
 731 0.190000
 732 0.190000
 733 0.190000
 734 0.190000
 735 0.190000
 736 0.190000
 737 0.190000
 738 0.190000
 739 0.210000
 740 0.180000
 741 0.210000
 742 0.190000
 743 0.190000
 744 0.210000
 745 0.190000
 746 0.210000
 747 0.190000
 748 0.210000
 749 0.190000
 750 0.190000
 751 0.190000
 752 0.190000
 753 0.210000
 754 0.180000
 755 0.200000
 756 0.200000
 757 0.190000
 758 0.190000
 759 0.180000
 760 0.180000
 0 2.650000
 1 2.650000
 2 2.660000
 3 2.650000
 4 2.600000
 5 2.600000
 6 2.610000
 7 2.610000
 8 2.600000
 9 2.650000
 10 2.610000
 11 1.770000
 12 1.770000
 13 1.800000
 14 1.760000
 15 1.750000
 16 1.780000
 17 1.770000
 18 1.760000
 19 1.780000
 20 1.760000
 21 1.750000
 22 1.760000
 23 1.760000
 24 1.780000
 25 1.780000
 26 1.770000
 27 1.780000
 28 1.800000
 29 3.480000
 30 3.600000
 31 3.600000
 32 3.600000
 33 3.600000
 34 3.600000
 35 2.350000
 36 2.350000
 37 2.340000
 38 2.330000
 39 2.390000
 40 2.380000
 41 2.450000
 42 3.570000
 43 3.570000
 44 3.600000
 45 3.600000
 46 3.600000
 47 3.550000
 48 3.550000
 49 3.510000
 50 3.600000
 51 3.550000
 52 3.490000
 53 3.500000
 54 3.410000
 55 3.440000
 56 3.400000
 57 3.430000
 58 3.420000
 59 3.450000
 60 3.430000
 61 3.470000
 62 3.430000
 63 3.530000
 64 3.430000
 65 3.460000
 66 3.420000
 67 3.570000
 68 3.460000
 69 3.600000
 70 3.580000
 71 3.580000
 72 3.480000
 73 3.460000
 74 3.600000
 75 3.600000
 76 3.600000
 77 3.510000
 78 3.460000
 79 3.600000
 80 3.570000
 81 3.570000
 82 3.450000
 83 3.480000
 84 3.460000
 85 3.600000
 86 3.560000
 87 3.510000
 88 3.500000
 89 3.510000
 90 4.600000
 91 4.750000
 92 4.160000
 93 4.190000
 94 4.780000
 95 4.780000
 96 4.780000
 97 4.780000
 98 4.780000
 99 4.780000
 100 4.780000
 101 4.800000
 102 4.800000
 103 4.800000
 104 4.830000
 105 4.800000
 106 4.800000
 107 4.830000
 108 4.830000
 109 4.820000
 110 4.850000
 111 4.850000
 112 4.850000
 113 4.830000
 114 4.660000
 115 4.850000
 116 4.850000
 117 4.210000
 118 4.220000
 119 4.900000
 120 4.870000
 121 4.900000
 122 4.610000
 123 4.630000
 124 4.690000
 125 4.700000
 126 4.900000
 127 4.920000
 128 4.950000
 129 4.920000
 130 4.920000
 131 4.950000
 132 4.050000
 133 4.030000
 134 4.030000
 135 4.060000
 136 4.070000
 137 4.960000
 138 4.980000
 139 4.990000
 140 5.010000
 141 5.010000
 142 5.010000
 143 5.040000
 144 5.020000
 145 5.050000
 146 5.050000
 147 5.070000
 148 5.050000
 149 5.080000
 150 5.080000
 151 5.100000
 152 5.100000
 153 5.100000
 154 5.130000
 155 5.130000
 156 5.150000
 157 5.150000
 158 5.150000
 159 5.170000
 160 5.170000
 161 5.170000
 162 5.200000
 163 5.200000
 164 5.220000
 165 4.810000
 166 4.670000
 167 4.590000
 168 4.520000
 169 4.500000
 170 4.520000
 171 4.510000
 172 4.550000
 173 4.520000
 174 4.560000
 175 4.630000
 176 4.610000
 177 4.630000
 178 4.090000
 179 4.080000
 180 4.090000
 181 4.100000
 182 4.130000
 183 4.110000
 184 2.610000
 185 2.620000
 186 2.600000
 187 2.590000
 188 2.640000
 189 2.590000
 190 3.850000
 191 3.940000
 192 4.450000
 193 3.720000
 194 3.710000
 195 3.700000
 196 3.650000
 197 3.740000
 198 3.740000
 199 3.760000
 200 3.770000
 201 3.770000
 202 3.770000
 203 3.780000
 204 4.050000
 205 4.370000
 206 3.660000
 207 3.660000
 208 3.680000
 209 3.990000
 210 3.990000
 211 3.980000
 212 3.800000
 213 3.810000
 214 3.820000
 215 3.910000
 216 4.190000
 217 4.190000
 218 4.220000
 219 4.230000
 220 4.410000
 221 4.670000
 222 4.540000
 223 4.650000
 224 4.460000
 225 4.440000
 226 4.420000
 227 4.390000
 228 4.310000
 229 4.280000
 230 4.280000
 231 4.330000
 232 4.370000
 233 4.370000
 234 4.410000
 235 4.460000
 236 4.470000
 237 4.520000
 238 4.520000
 239 4.500000
 240 4.500000
 241 3.570000
 242 3.510000
 243 3.510000
 244 2.610000
 245 2.570000
 246 2.580000
 247 2.610000
 248 2.560000
 249 2.610000
 250 2.560000
 251 2.530000
 252 2.560000
 253 2.510000
 254 2.510000
 255 2.510000
 256 2.530000
 257 2.500000
 258 2.480000
 259 2.490000
 260 2.470000
 261 2.480000
 262 2.490000
 263 2.460000
 264 2.480000
 265 2.470000
 266 2.460000
 267 2.460000
 268 2.460000
 269 2.440000
 270 2.450000
 271 2.460000
 272 2.510000
 273 2.510000
 274 2.480000
 275 2.470000
 276 2.450000
 277 2.470000
 278 2.450000
 279 2.470000
 280 2.470000
 281 2.450000
 282 1.950000
 283 1.900000
 284 1.890000
 285 1.890000
 286 1.890000
 287 1.890000
 288 1.890000
 289 1.910000
 290 1.910000
 291 1.910000
 292 1.960000
 293 3.130000
 294 3.090000
 295 3.070000
 296 1.430000
 297 1.390000
 298 1.360000
 299 1.360000
 300 1.350000
 301 1.350000
 302 1.380000
 303 1.350000
 304 1.350000
 305 1.370000
 306 1.340000
 307 1.370000
 308 1.370000
 309 1.370000
 310 1.360000
 311 1.380000
 312 2.560000
 313 2.550000
 314 3.100000
 315 3.130000
 316 3.090000
 317 3.000000
 318 3.010000
 319 3.010000
 320 3.000000
 321 2.050000
 322 2.020000
 323 2.010000
 324 1.980000
 325 1.990000
 326 2.010000
 327 1.990000
 328 2.010000
 329 2.010000
 330 2.010000
 331 2.010000
 332 2.010000
 333 3.040000
 334 3.080000
 335 2.710000
 336 2.670000
 337 2.670000
 338 2.660000
 339 2.660000
 340 2.660000
 341 2.660000
 342 2.690000
 343 2.690000
 344 2.680000
 345 3.060000
 346 3.080000
 347 3.100000
 348 3.100000
 349 1.540000
 350 1.520000
 351 1.500000
 352 1.470000
 353 1.470000
 354 1.450000
 355 1.490000
 356 1.460000
 357 1.490000
 358 1.490000
 359 1.490000
 360 1.490000
 361 1.490000
 362 1.490000
 363 1.510000
 364 1.550000
 365 2.160000
 366 2.160000
 367 2.160000
 368 2.180000
 369 6.110000
 370 6.090000
 371 6.090000
 372 6.090000
 373 6.120000
 374 6.100000
 375 6.120000
 376 6.120000
 377 6.120000
 378 6.150000
 379 6.150000
 380 6.140000
 381 6.160000
 382 1.980000
 383 1.960000
 384 1.970000
 385 1.950000
 386 1.950000
 387 1.970000
 388 1.960000
 389 1.950000
 390 1.950000
 391 1.930000
 392 1.810000
 393 1.730000
 394 1.710000
 395 1.690000
 396 1.680000
 397 1.690000
 398 1.690000
 399 1.690000
 400 1.690000
 401 1.690000
 402 1.690000
 403 1.700000
 404 1.710000
 405 1.690000
 406 1.720000
 407 3.640000
 408 3.660000
 409 3.660000
 410 3.280000
 411 3.660000
 412 3.650000
 413 3.690000
 414 3.680000
 415 3.680000
 416 3.680000
 417 3.690000
 418 3.640000
 419 3.640000
 420 3.640000
 421 3.640000
 422 3.640000
 423 3.640000
 424 3.660000
 425 3.660000
 426 3.690000
 427 3.690000
 428 3.690000
 429 3.690000
 430 3.690000
 431 3.690000
 432 3.690000
 433 3.710000
 434 3.710000
 435 3.710000
 436 3.710000
 437 3.740000
 438 3.740000
 439 3.730000
 440 3.700000
 441 3.670000
 442 3.630000
 443 3.220000
 444 3.130000
 445 3.170000
 446 3.460000
 447 3.430000
 448 3.430000
 449 3.390000
 450 3.340000
 451 3.300000
 452 3.050000
 453 2.990000
 454 2.980000
 455 2.950000
 456 2.950000
 457 2.910000
 458 2.910000
 459 2.900000
 460 2.870000
 461 3.080000
 462 3.100000
 463 3.090000
 464 3.060000
 465 2.970000
 466 3.030000
 467 3.010000
 468 2.970000
 469 2.990000
 470 2.940000
 471 2.940000
 472 2.960000
 473 2.950000
 474 2.960000
 475 3.000000
 476 3.020000
 477 2.990000
 478 2.910000
 479 2.940000
 480 3.010000
 481 2.620000
 482 2.630000
 483 2.720000
 484 2.540000
 485 2.610000
 486 2.530000
 487 2.530000
 488 2.490000
 489 2.530000
 490 2.490000
 491 2.460000
 492 2.410000
 493 2.300000
 494 2.280000
 495 2.240000
 496 2.260000
 497 2.220000
 498 2.160000
 499 2.210000
 500 2.170000
 501 2.140000
 502 2.140000
 503 2.160000
 504 2.080000
 505 2.050000
 506 2.050000
 507 2.060000
 508 2.110000
 509 2.030000
 510 2.010000
 511 2.030000
 512 2.150000
 513 2.010000
 514 2.010000
 515 2.080000
 516 2.050000
 517 2.010000
 518 1.940000
 519 1.920000
 520 1.880000
 521 1.890000
 522 1.880000
 523 1.890000
 524 1.890000
 525 1.880000
 526 1.870000
 527 1.820000
 528 1.820000
 529 1.820000
 530 1.800000
 531 1.790000
 532 1.830000
 533 1.780000
 534 1.680000
 535 1.700000
 536 1.740000
 537 1.740000
 538 1.770000
 539 1.720000
 540 1.750000
 541 1.690000
 542 1.680000
 543 1.690000
 544 1.660000
 545 1.660000
 546 1.610000
 547 1.610000
 548 1.580000
 549 1.590000
 550 1.500000
 551 1.550000
 552 1.540000
 553 1.450000
 554 1.510000
 555 1.430000
 556 1.430000
 557 1.490000
 558 1.380000
 559 1.420000
 560 1.410000
 561 1.490000
 562 1.490000
 563 1.460000
 564 1.460000
 565 1.440000
 566 1.440000
 567 1.440000
 568 1.360000
 569 1.360000
 570 1.350000
 571 1.420000
 572 1.410000
 573 1.410000
 574 1.450000
 575 1.390000
 576 1.410000
 577 1.410000
 578 1.360000
 579 1.420000
 580 1.410000
 581 1.360000
 582 1.390000
 583 1.420000
 584 1.360000
 585 1.390000
 586 1.400000
 587 1.390000
 588 1.390000
 589 1.280000
 590 1.340000
 591 1.360000
 592 1.360000
 593 1.390000
 594 2.300000
 595 1.260000
 596 1.260000
 597 1.310000
 598 1.230000
 599 1.320000
 600 1.320000
 601 1.260000
 602 1.220000
 603 1.230000
 604 1.290000
 605 1.220000
 606 2.460000
 607 2.460000
 608 2.490000
 609 5.690000
 610 6.530000
 611 6.510000
 612 6.470000
 613 6.460000
 614 6.450000
 615 3.090000
 616 3.080000
 617 3.090000
 618 6.670000
 619 6.710000
 620 6.220000
 621 6.780000
 622 6.750000
 623 6.370000
 624 5.480000
 625 0.820000
 626 0.830000
 627 0.820000
 628 0.810000
 629 0.810000
 630 0.810000
 631 0.790000
 632 0.800000
 633 0.790000
 634 0.820000
 635 0.820000
 636 0.810000
 637 0.820000
 638 0.820000
 639 0.810000
 640 0.850000
 641 0.850000
 642 0.850000
 643 0.850000
 644 0.850000
 645 0.870000
 646 0.870000
 647 0.870000
 648 0.870000
 649 0.900000
 650 0.900000
 651 0.900000
 652 0.900000
 653 0.900000
 654 0.920000
 655 0.900000
 656 0.900000
 657 0.900000
 658 0.900000
 659 0.920000
 660 0.920000
 661 0.950000
 662 0.950000
 663 0.950000
 664 0.970000
 665 0.970000
 666 0.950000
 667 0.950000
 668 0.670000
 669 0.420000
 670 0.230000
 671 0.180000
 672 0.180000
 673 0.190000
 674 0.210000
 675 0.190000
 676 0.220000
 677 0.210000
 678 0.190000
 679 0.190000
 680 0.180000
 681 0.190000
 682 0.190000
 683 0.190000
 684 0.190000
 685 0.190000
 686 0.160000
 687 0.200000
 688 0.200000
 689 0.170000
 690 0.170000
 691 0.200000
 692 0.200000
 693 0.200000
 694 0.200000
 695 0.200000
 696 0.200000
 697 0.200000
 698 0.170000
 699 0.200000
 700 0.180000
 701 0.200000
 702 0.180000
 703 0.180000
 704 0.180000
 705 0.190000
 706 0.190000
 707 0.210000
 708 0.190000
 709 0.210000
 710 0.190000
 711 0.210000
 712 0.190000
 713 0.210000
 714 0.190000
 715 0.210000
 716 0.190000
 717 0.190000
 718 0.190000
 719 0.190000
 720 0.210000
 721 0.210000
 722 0.210000
 723 0.190000
 724 0.190000
 725 0.210000
 726 0.190000
 727 0.190000
 728 0.190000
 729 0.190000
 730 0.210000
 731 0.210000
 732 0.190000
 733 0.210000
 734 0.210000
 735 0.190000
 736 0.210000
 737 0.210000
 738 0.190000
 739 0.210000
 740 0.190000
 741 0.210000
 742 0.190000
 743 0.190000
 744 0.210000
 745 0.210000
 746 0.210000
 747 0.190000
 748 0.210000
 749 0.190000
 750 0.190000
 751 0.190000
 752 0.190000
 753 0.210000
 754 0.180000
 755 0.180000
 756 0.170000
 757 0.190000
 758 0.190000
 759 0.180000
 760 0.190000
 0 2.650000
 1 2.650000
 2 2.660000
 3 2.650000
 4 2.600000
 5 2.600000
 6 2.610000
 7 2.610000
 8 2.600000
 9 2.620000
 10 2.630000
 11 1.800000
 12 1.770000
 13 1.780000
 14 1.790000
 15 1.790000
 16 1.800000
 17 1.770000
 18 1.760000
 19 1.750000
 20 1.740000
 21 1.730000
 22 1.760000
 23 1.760000
 24 1.780000
 25 1.780000
 26 1.800000
 27 1.780000
 28 1.780000
 29 3.480000
 30 3.630000
 31 3.600000
 32 3.600000
 33 3.580000
 34 3.600000
 35 2.350000
 36 2.350000
 37 2.360000
 38 2.330000
 39 2.360000
 40 2.360000
 41 2.420000
 42 3.570000
 43 3.570000
 44 3.580000
 45 3.630000
 46 3.580000
 47 3.530000
 48 3.540000
 49 3.520000
 50 3.600000
 51 3.550000
 52 3.510000
 53 3.510000
 54 3.410000
 55 3.410000
 56 3.430000
 57 3.430000
 58 3.420000
 59 3.390000
 60 3.430000
 61 3.490000
 62 3.410000
 63 3.530000
 64 3.410000
 65 3.460000
 66 3.440000
 67 3.570000
 68 3.460000
 69 3.580000
 70 3.600000
 71 3.580000
 72 3.480000
 73 3.460000
 74 3.600000
 75 3.600000
 76 3.620000
 77 3.510000
 78 3.480000
 79 3.570000
 80 3.570000
 81 3.460000
 82 3.450000
 83 3.480000
 84 3.480000
 85 3.600000
 86 3.570000
 87 3.540000
 88 3.500000
 89 3.510000
 90 4.600000
 91 4.770000
 92 4.120000
 93 4.190000
 94 4.780000
 95 4.780000
 96 4.780000
 97 4.800000
 98 4.780000
 99 4.780000
 100 4.780000
 101 4.780000
 102 4.800000
 103 4.820000
 104 4.800000
 105 4.800000
 106 4.830000
 107 4.800000
 108 4.830000
 109 4.820000
 110 4.850000
 111 4.820000
 112 4.850000
 113 4.830000
 114 4.690000
 115 4.850000
 116 4.870000
 117 4.210000
 118 4.200000
 119 4.870000
 120 4.870000
 121 4.870000
 122 4.610000
 123 4.630000
 124 4.660000
 125 4.700000
 126 4.900000
 127 4.900000
 128 4.920000
 129 4.920000
 130 4.950000
 131 4.920000
 132 4.050000
 133 4.030000
 134 4.030000
 135 4.030000
 136 4.070000
 137 4.960000
 138 4.980000
 139 4.990000
 140 5.010000
 141 5.010000
 142 5.010000
 143 5.040000
 144 5.020000
 145 5.050000
 146 5.050000
 147 5.050000
 148 5.080000
 149 5.050000
 150 5.080000
 151 5.100000
 152 5.070000
 153 5.100000
 154 5.130000
 155 5.100000
 156 5.130000
 157 5.150000
 158 5.170000
 159 5.170000
 160 5.170000
 161 5.170000
 162 5.200000
 163 5.200000
 164 5.200000
 165 4.800000
 166 4.640000
 167 4.560000
 168 4.510000
 169 4.520000
 170 4.500000
 171 4.530000
 172 4.520000
 173 4.550000
 174 4.580000
 175 4.630000
 176 4.600000
 177 4.630000
 178 4.090000
 179 4.060000
 180 4.060000
 181 4.100000
 182 4.130000
 183 4.120000
 184 2.640000
 185 2.620000
 186 2.600000
 187 2.620000
 188 2.630000
 189 2.600000
 190 3.840000
 191 3.940000
 192 4.450000
 193 3.720000
 194 3.710000
 195 3.680000
 196 3.650000
 197 3.720000
 198 3.780000
 199 3.760000
 200 3.770000
 201 3.790000
 202 3.790000
 203 3.810000
 204 4.020000
 205 4.300000
 206 3.660000
 207 3.660000
 208 3.680000
 209 3.990000
 210 3.940000
 211 3.950000
 212 3.800000
 213 3.810000
 214 3.820000
 215 3.880000
 216 4.190000
 217 4.200000
 218 4.210000
 219 4.210000
 220 4.410000
 221 4.650000
 222 4.560000
 223 4.650000
 224 4.490000
 225 4.440000
 226 4.400000
 227 4.390000
 228 4.310000
 229 4.280000
 230 4.280000
 231 4.330000
 232 4.370000
 233 4.360000
 234 4.430000
 235 4.440000
 236 4.500000
 237 4.520000
 238 4.500000
 239 4.470000
 240 4.500000
 241 3.570000
 242 3.540000
 243 3.510000
 244 2.590000
 245 2.590000
 246 2.610000
 247 2.590000
 248 2.580000
 249 2.570000
 250 2.560000
 251 2.560000
 252 2.530000
 253 2.530000
 254 2.510000
 255 2.510000
 256 2.510000
 257 2.510000
 258 2.510000
 259 2.490000
 260 2.500000
 261 2.490000
 262 2.490000
 263 2.470000
 264 2.490000
 265 2.480000
 266 2.480000
 267 2.500000
 268 2.460000
 269 2.440000
 270 2.460000
 271 2.450000
 272 2.510000
 273 2.510000
 274 2.480000
 275 2.450000
 276 2.470000
 277 2.470000
 278 2.470000
 279 2.470000
 280 2.450000
 281 2.450000
 282 1.960000
 283 1.870000
 284 1.890000
 285 1.890000
 286 1.910000
 287 1.890000
 288 1.890000
 289 1.910000
 290 1.910000
 291 1.910000
 292 1.990000
 293 3.130000
 294 3.090000
 295 3.070000
 296 1.430000
 297 1.410000
 298 1.360000
 299 1.340000
 300 1.350000
 301 1.350000
 302 1.380000
 303 1.350000
 304 1.370000
 305 1.350000
 306 1.360000
 307 1.370000
 308 1.350000
 309 1.370000
 310 1.360000
 311 1.400000
 312 2.540000
 313 2.530000
 314 3.120000
 315 3.100000
 316 3.090000
 317 3.060000
 318 3.010000
 319 3.030000
 320 2.990000
 321 2.050000
 322 2.050000
 323 1.990000
 324 2.000000
 325 1.990000
 326 2.010000
 327 1.990000
 328 2.010000
 329 2.010000
 330 1.990000
 331 2.010000
 332 2.040000
 333 3.040000
 334 3.080000
 335 2.710000
 336 2.700000
 337 2.670000
 338 2.640000
 339 2.660000
 340 2.660000
 341 2.660000
 342 2.660000
 343 2.660000
 344 2.710000
 345 3.060000
 346 3.110000
 347 3.100000
 348 3.110000
 349 1.540000
 350 1.500000
 351 1.500000
 352 1.470000
 353 1.470000
 354 1.480000
 355 1.490000
 356 1.460000
 357 1.490000
 358 1.490000
 359 1.490000
 360 1.490000
 361 1.490000
 362 1.490000
 363 1.490000
 364 1.550000
 365 2.160000
 366 2.190000
 367 2.160000
 368 2.180000
 369 6.080000
 370 6.090000
 371 6.110000
 372 6.100000
 373 6.100000
 374 6.120000
 375 6.120000
 376 6.120000
 377 6.120000
 378 6.150000
 379 6.150000
 380 6.150000
 381 6.160000
 382 1.980000
 383 1.960000
 384 1.960000
 385 1.950000
 386 1.950000
 387 1.970000
 388 1.960000
 389 1.950000
 390 1.960000
 391 1.930000
 392 1.780000
 393 1.710000
 394 1.710000
 395 1.690000
 396 1.680000
 397 1.660000
 398 1.690000
 399 1.690000
 400 1.690000
 401 1.660000
 402 1.690000
 403 1.700000
 404 1.690000
 405 1.710000
 406 1.770000
 407 3.640000
 408 3.660000
 409 3.660000
 410 3.250000
 411 3.660000
 412 3.650000
 413 3.650000
 414 3.680000
 415 3.680000
 416 3.680000
 417 3.680000
 418 3.610000
 419 3.640000
 420 3.640000
 421 3.640000
 422 3.640000
 423 3.640000
 424 3.640000
 425 3.660000
 426 3.660000
 427 3.660000
 428 3.660000
 429 3.690000
 430 3.690000
 431 3.690000
 432 3.690000
 433 3.710000
 434 3.690000
 435 3.710000
 436 3.710000
 437 3.740000
 438 3.740000
 439 3.730000
 440 3.700000
 441 3.660000
 442 3.630000
 443 3.250000
 444 3.160000
 445 3.170000
 446 3.490000
 447 3.450000
 448 3.430000
 449 3.360000
 450 3.340000
 451 3.300000
 452 3.050000
 453 2.990000
 454 2.980000
 455 2.960000
 456 2.950000
 457 2.910000
 458 2.920000
 459 2.900000
 460 2.890000
 461 3.080000
 462 3.100000
 463 3.100000
 464 3.060000
 465 2.970000
 466 3.030000
 467 3.030000
 468 3.010000
 469 2.990000
 470 2.940000
 471 2.940000
 472 2.960000
 473 2.950000
 474 2.960000
 475 3.000000
 476 3.020000
 477 2.990000
 478 2.880000
 479 2.940000
 480 2.980000
 481 2.650000
 482 2.610000
 483 2.720000
 484 2.570000
 485 2.630000
 486 2.540000
 487 2.530000
 488 2.500000
 489 2.530000
 490 2.490000
 491 2.460000
 492 2.410000
 493 2.320000
 494 2.280000
 495 2.240000
 496 2.200000
 497 2.190000
 498 2.160000
 499 2.230000
 500 2.170000
 501 2.140000
 502 2.140000
 503 2.160000
 504 2.050000
 505 2.050000
 506 2.050000
 507 2.080000
 508 2.110000
 509 2.060000
 510 2.010000
 511 2.060000
 512 2.170000
 513 2.010000
 514 2.010000
 515 1.960000
 516 2.040000
 517 2.010000
 518 1.940000
 519 1.910000
 520 1.930000
 521 1.880000
 522 1.880000
 523 1.870000
 524 1.870000
 525 1.850000
 526 1.870000
 527 1.820000
 528 1.850000
 529 1.820000
 530 1.790000
 531 1.800000
 532 1.800000
 533 1.780000
 534 1.680000
 535 1.700000
 536 1.740000
 537 1.760000
 538 1.750000
 539 1.720000
 540 1.770000
 541 1.690000
 542 1.690000
 543 1.690000
 544 1.660000
 545 1.680000
 546 1.630000
 547 1.610000
 548 1.580000
 549 1.590000
 550 1.470000
 551 1.570000
 552 1.540000
 553 1.420000
 554 1.510000
 555 1.410000
 556 1.430000
 557 1.470000
 558 1.410000
 559 1.440000
 560 1.410000
 561 1.510000
 562 1.490000
 563 1.460000
 564 1.460000
 565 1.440000
 566 1.440000
 567 1.410000
 568 1.330000
 569 1.380000
 570 1.360000
 571 1.400000
 572 1.410000
 573 1.440000
 574 1.310000
 575 1.390000
 576 1.390000
 577 1.410000
 578 1.360000
 579 1.420000
 580 1.410000
 581 1.360000
 582 1.390000
 583 1.420000
 584 1.360000
 585 1.360000
 586 1.400000
 587 1.400000
 588 1.400000
 589 1.400000
 590 1.360000
 591 1.340000
 592 1.340000
 593 1.360000
 594 1.440000
 595 1.260000
 596 1.260000
 597 1.310000
 598 1.230000
 599 1.350000
 600 1.320000
 601 1.230000
 602 1.220000
 603 1.240000
 604 1.270000
 605 1.220000
 606 2.460000
 607 2.490000
 608 2.460000
 609 5.690000
 610 6.510000
 611 6.500000
 612 6.490000
 613 6.460000
 614 6.450000
 615 3.060000
 616 3.080000
 617 3.110000
 618 6.670000
 619 6.710000
 620 6.220000
 621 6.780000
 622 6.760000
 623 6.340000
 624 5.490000
 625 0.840000
 626 0.830000
 627 0.810000
 628 0.810000
 629 0.790000
 630 0.820000
 631 0.790000
 632 0.820000
 633 0.790000
 634 0.800000
 635 0.800000
 636 0.820000
 637 0.820000
 638 0.820000
 639 0.850000
 640 0.850000
 641 0.850000
 642 0.870000
 643 0.850000
 644 0.850000
 645 0.850000
 646 0.850000
 647 0.870000
 648 0.870000
 649 0.870000
 650 0.870000
 651 0.870000
 652 0.900000
 653 0.900000
 654 0.900000
 655 0.920000
 656 0.920000
 657 0.900000
 658 0.920000
 659 0.920000
 660 0.920000
 661 0.950000
 662 0.950000
 663 0.950000
 664 0.970000
 665 0.950000
 666 0.950000
 667 0.950000
 668 0.480000
 669 0.370000
 670 0.200000
 671 0.200000
 672 0.180000
 673 0.190000
 674 0.210000
 675 0.190000
 676 0.180000
 677 0.210000
 678 0.220000
 679 0.190000
 680 0.200000
 681 0.190000
 682 0.190000
 683 0.190000
 684 0.190000
 685 0.190000
 686 0.190000
 687 0.190000
 688 0.200000
 689 0.200000
 690 0.170000
 691 0.170000
 692 0.200000
 693 0.200000
 694 0.200000
 695 0.200000
 696 0.200000
 697 0.170000
 698 0.200000
 699 0.170000
 700 0.180000
 701 0.180000
 702 0.180000
 703 0.180000
 704 0.210000
 705 0.190000
 706 0.210000
 707 0.210000
 708 0.190000
 709 0.210000
 710 0.190000
 711 0.210000
 712 0.190000
 713 0.190000
 714 0.210000
 715 0.210000
 716 0.190000
 717 0.190000
 718 0.190000
 719 0.210000
 720 0.210000
 721 0.190000
 722 0.210000
 723 0.190000
 724 0.190000
 725 0.190000
 726 0.190000
 727 0.190000
 728 0.190000
 729 0.190000
 730 0.210000
 731 0.210000
 732 0.190000
 733 0.190000
 734 0.190000
 735 0.190000
 736 0.210000
 737 0.210000
 738 0.190000
 739 0.190000
 740 0.180000
 741 0.210000
 742 0.210000
 743 0.210000
 744 0.210000
 745 0.210000
 746 0.210000
 747 0.190000
 748 0.210000
 749 0.190000
 750 0.210000
 751 0.210000
 752 0.210000
 753 0.190000
 754 0.190000
 755 0.200000
 756 0.170000
 757 0.200000
 758 0.190000
 759 0.210000
 760 0.190000