
 0 0.170000
 1 0.180000
 2 0.280000
 3 0.250000
 4 0.230000
 5 0.230000
 6 0.260000
 7 0.310000
 8 0.150000
 9 0.160000
 10 0.320000
 11 0.450000
 12 0.940000
 13 2.810000
 14 2.810000
 15 2.840000
 16 2.810000
 17 2.810000
 18 2.790000
 19 2.790000
 20 2.790000
 21 2.810000
 22 2.790000
 23 2.790000
 24 2.790000
 25 2.790000
 26 2.790000
 27 2.760000
 28 2.500000
 29 2.420000
 30 2.440000
 31 2.550000
 32 2.770000
 33 2.760000
 34 2.760000
 35 2.770000
 36 2.770000
 37 2.750000
 38 2.750000
 39 2.130000
 40 2.100000
 41 2.100000
 42 2.100000
 43 2.070000
 44 2.120000
 45 2.120000
 46 2.420000
 47 2.690000
 48 2.600000
 49 2.580000
 50 2.600000
 51 2.580000
 52 2.600000
 53 2.690000
 54 2.720000
 55 2.730000
 56 2.740000
 57 2.710000
 58 2.740000
 59 2.710000
 60 2.290000
 61 2.230000
 62 2.240000
 63 2.260000
 64 2.220000
 65 2.230000
 66 2.240000
 67 2.210000
 68 2.240000
 69 2.270000
 70 2.330000
 71 2.330000
 72 2.290000
 73 2.260000
 74 2.290000
 75 2.280000
 76 2.280000
 77 2.280000
 78 2.280000
 79 2.280000
 80 2.280000
 81 2.300000
 82 2.300000
 83 2.300000
 84 2.300000
 85 2.280000
 86 2.300000
 87 2.290000
 88 2.410000
 89 2.400000
 90 2.410000
 91 2.410000
 92 2.430000
 93 2.450000
 94 2.450000
 95 2.470000
 96 2.500000
 97 2.530000
 98 2.570000
 99 2.540000
 100 2.590000
 101 2.630000
 102 2.700000
 103 2.700000
 104 2.640000
 105 2.560000
 106 2.550000
 107 2.550000
 108 2.330000
 109 2.300000
 110 2.290000
 111 2.300000
 112 2.250000
 113 2.290000
 114 2.290000
 115 2.280000
 116 2.300000
 117 2.430000
 118 2.580000
 119 2.600000
 120 2.710000
 121 2.760000
 122 2.710000
 123 2.490000
 124 2.230000
 125 2.100000
 126 2.110000
 127 2.100000
 128 2.100000
 129 2.110000
 130 2.110000
 131 2.120000
 132 2.430000
 133 2.390000
 134 2.500000
 135 2.600000
 136 2.560000
 137 2.510000
 138 2.510000
 139 2.510000
 140 2.550000
 141 2.680000
 142 2.560000
 143 2.570000
 144 2.570000
 145 2.620000
 146 2.750000
 147 2.750000
 148 2.720000
 149 2.770000
 150 2.700000
 151 2.510000
 152 2.510000
 153 2.530000
 154 2.520000
 155 2.610000
 156 2.610000
 157 2.730000
 158 2.860000
 159 2.860000
 160 2.890000
 161 2.890000
 162 2.890000
 163 2.880000
 164 2.880000
 165 2.880000
 166 2.880000
 167 2.900000
 168 2.880000
 169 2.900000
 170 2.900000
 171 2.930000
 172 2.900000
 173 2.930000
 174 2.930000
 175 2.930000
 176 2.930000
 177 2.930000
 178 2.950000
 179 2.950000
 180 2.950000
 181 2.950000
 182 2.900000
 183 2.950000
 184 2.950000
 185 2.980000
 186 2.950000
 187 2.910000
 188 2.860000
 189 2.870000
 190 2.510000
 191 2.400000
 192 2.360000
 193 2.420000
 194 1.390000
 195 1.380000
 196 1.380000
 197 1.380000
 198 1.380000
 199 1.390000
 200 1.390000
 201 1.360000
 202 1.360000
 203 1.360000
 204 1.360000
 205 1.360000
 206 1.340000
 207 1.360000
 208 1.340000
 209 1.340000
 210 1.310000
 211 1.340000
 212 1.310000
 213 1.310000
 214 1.310000
 215 1.310000
 216 1.310000
 217 1.310000
 218 1.290000
 219 1.290000
 220 1.290000
 221 1.290000
 222 1.290000
 223 1.290000
 224 1.290000
 225 1.260000
 226 1.260000
 227 1.260000
 228 1.260000
 229 1.260000
 230 1.260000
 231 1.260000
 232 1.260000
 233 1.240000
 234 1.260000
 235 1.240000
 236 1.260000
 237 1.240000
 238 1.240000
 239 1.210000
 240 1.240000
 241 1.240000
 242 1.210000
 243 1.240000
 244 1.210000
 245 1.210000
 246 1.210000
 247 1.210000
 248 1.210000
 249 1.190000
 250 1.190000
 251 1.210000
 252 1.210000
 253 1.190000
 254 1.210000
 255 1.190000
 256 1.190000
 257 1.210000
 258 1.190000
 259 1.190000
 260 1.190000
 261 1.190000
 262 1.190000
 263 1.160000
 264 1.190000
 265 1.190000
 266 1.160000
 267 1.160000
 268 1.160000
 269 1.160000
 270 1.160000
 271 1.160000
 272 1.140000
 273 1.160000
 274 1.160000
 275 1.160000
 276 1.160000
 277 1.160000
 278 1.140000
 279 1.160000
 280 1.140000
 281 1.160000
 282 1.140000
 283 1.140000
 284 1.140000
 285 1.140000
 286 1.140000
 287 1.110000
 288 1.140000
 289 1.140000
 290 1.140000
 291 1.140000
 292 1.110000
 293 1.140000
 294 1.140000
 295 1.110000
 296 1.110000
 297 1.140000
 298 1.110000
 299 1.110000
 300 1.140000
 301 1.110000
 302 1.140000
 303 1.110000
 304 1.110000
 305 1.110000
 306 1.110000
 307 1.110000
 308 1.110000
 309 1.110000
 310 1.110000
 311 1.110000
 312 1.110000
 313 1.110000
 314 1.110000
 315 1.100000
 316 1.180000
 317 3.550000
 318 3.560000
 319 3.560000
 320 3.560000
 321 3.560000
 322 3.560000
 323 3.580000
 324 3.580000
 325 3.580000
 326 3.570000
 327 3.600000
 328 3.600000
 329 3.590000
 330 3.620000
 331 3.610000
 332 3.620000
 333 3.610000
 334 3.610000
 335 3.610000
 336 3.640000
 337 3.670000
 338 3.410000
 339 3.360000
 340 3.360000
 341 2.280000
 342 2.230000
 343 2.200000
 344 2.190000
 345 2.190000
 346 2.210000
 347 2.190000
 348 2.210000
 349 2.210000
 350 2.230000
 351 3.200000
 352 3.220000
 353 3.230000
 354 3.230000
 355 3.230000
 356 2.760000
 357 2.770000
 358 2.760000
 359 1.740000
 360 1.670000
 361 1.660000
 362 1.650000
 363 1.640000
 364 1.670000
 365 1.670000
 366 1.670000
 367 1.670000
 368 1.660000
 369 1.660000
 370 1.660000
 371 1.660000
 372 1.720000
 373 2.690000
 374 2.680000
 375 2.590000
 376 2.340000
 377 2.320000
 378 2.300000
 379 2.310000
 380 2.310000
 381 2.310000
 382 2.340000
 383 2.310000
 384 2.340000
 385 2.360000
 386 2.630000
 387 2.650000
 388 2.660000
 389 2.660000
 390 2.620000
 391 2.630000
 392 1.200000
 393 1.170000
 394 1.170000
 395 1.150000
 396 1.150000
 397 1.150000
 398 1.130000
 399 1.140000
 400 1.140000
 401 1.140000
 402 1.150000
 403 1.140000
 404 1.140000
 405 1.170000
 406 1.150000
 407 1.140000
 408 1.140000
 409 1.160000
 410 1.160000
 411 1.230000
 412 1.810000
 413 1.840000
 414 1.880000
 415 2.490000
 416 2.510000
 417 2.550000
 418 2.550000
 419 2.550000
 420 2.550000
 421 2.540000
 422 2.550000
 423 2.560000
 424 2.560000
 425 2.730000
 426 3.100000
 427 3.100000
 428 3.100000
 429 3.170000
 430 3.230000
 431 3.200000
 432 3.240000
 433 3.250000
 434 3.230000
 435 3.240000
 436 3.260000
 437 2.040000
 438 2.060000
 439 2.030000
 440 2.050000
 441 2.000000
 442 2.000000
 443 2.000000
 444 2.010000
 445 1.460000
 446 1.400000
 447 1.350000
 448 1.380000
 449 1.350000
 450 1.350000
 451 1.350000
 452 1.330000
 453 1.330000
 454 1.340000
 455 1.310000
 456 1.340000
 457 1.360000
 458 1.360000
 459 1.360000
 460 1.360000
 461 1.360000
 462 1.390000
 463 1.400000
 464 3.500000
 465 3.510000
 466 3.610000
 467 3.590000
 468 3.540000
 469 3.560000
 470 3.660000
 471 3.560000
 472 3.500000
 473 3.540000
 474 3.660000
 475 3.400000
 476 3.380000
 477 3.360000
 478 3.360000
 479 3.430000
 480 3.440000
 481 3.430000
 482 3.430000
 483 3.420000
 484 1.680000
 485 1.650000
 486 1.650000
 487 1.630000
 488 1.630000
 489 1.600000
 490 1.600000
 491 1.600000
 492 1.580000
 493 1.610000
 494 1.610000
 495 1.640000
 496 1.610000
 497 1.640000
 498 1.640000
 499 1.630000
 500 1.650000
 501 1.710000
 502 1.710000
 503 1.680000
 504 1.660000
 505 1.660000
 506 1.660000
 507 1.640000
 508 1.660000
 509 1.640000
 510 1.610000
 511 1.630000
 512 1.600000
 513 1.590000
 514 1.560000
 515 1.590000
 516 1.620000
 517 1.630000
 518 1.610000
 519 1.640000
 520 1.640000
 521 1.640000
 522 1.640000
 523 1.650000
 524 1.660000
 525 1.690000
 526 1.660000
 527 1.690000
 528 1.710000
 529 1.710000
 530 1.690000
 531 1.710000
 532 1.710000
 533 1.740000
 534 1.710000
 535 1.740000
 536 1.760000
 537 1.740000
 538 1.760000
 539 1.780000
 540 1.770000
 541 1.810000
 542 1.790000
 543 1.780000
 544 1.810000
 545 1.780000
 546 1.810000
 547 1.840000
 548 4.860000
 549 4.850000
 550 4.870000
 551 4.900000
 552 4.900000
 553 3.990000
 554 3.970000
 555 3.980000
 556 3.980000
 557 4.010000
 558 4.940000
 559 4.940000
 560 4.940000
 561 4.960000
 562 4.960000
 563 3.390000
 564 3.420000
 565 3.420000
 566 3.390000
 567 3.360000
 568 3.370000
 569 3.370000
 570 3.400000
 571 3.390000
 572 3.400000
 573 4.440000
 574 4.390000
 575 4.410000
 576 4.420000
 577 4.430000
 578 4.430000
 579 4.430000
 580 4.440000
 581 4.440000
 582 4.490000
 583 5.150000
 584 5.150000
 585 2.860000
 586 2.780000
 587 2.760000
 588 2.770000
 589 2.700000
 590 2.730000
 591 2.720000
 592 2.730000
 593 4.530000
 594 4.530000
 595 4.580000
 596 4.590000
 597 4.630000
 598 4.020000
 599 3.980000
 600 3.500000
 601 3.520000
 602 3.510000
 603 3.560000
 604 3.560000
 605 3.560000
 606 3.570000
 607 3.750000
 608 3.700000
 609 3.680000
 610 3.680000
 611 3.680000
 612 3.730000
 613 3.710000
 614 3.690000
 615 3.650000
 616 2.620000
 617 2.610000
 618 2.570000
 619 2.570000
 620 2.570000
 621 2.590000
 622 2.560000
 623 3.030000
 624 3.060000
 625 3.030000
 626 3.050000
 627 3.030000
 628 2.960000
 629 3.000000
 630 3.020000
 631 3.800000
 632 3.820000
 633 3.750000
 634 3.750000
 635 3.780000
 636 3.820000
 637 3.930000
 638 3.960000
 639 4.010000
 640 4.220000
 641 4.630000
 642 4.640000
 643 4.590000
 644 4.590000
 645 4.590000
 646 4.560000
 647 4.540000
 648 4.540000
 649 4.280000
 650 4.250000
 651 4.250000
 652 4.340000
 653 4.460000
 654 4.440000
 655 4.450000
 656 4.470000
 657 4.460000
 658 4.480000
 659 4.490000
 660 4.460000
 661 4.470000
 662 4.450000
 663 3.500000
 664 3.490000
 665 3.490000
 666 3.520000
 667 4.390000
 668 4.370000
 669 4.350000
 670 4.350000
 671 4.350000
 672 4.320000
 673 4.320000
 674 4.300000
 675 4.300000
 676 4.290000
 677 4.030000
 678 4.000000
 679 4.000000
 680 4.190000
 681 4.220000
 682 4.200000
 683 4.200000
 684 4.200000
 685 4.170000
 686 4.170000
 687 4.150000
 688 4.150000
 689 4.160000
 690 4.120000
 691 4.120000
 692 4.100000
 693 4.100000
 694 4.110000
 695 4.100000
 696 4.090000
 697 4.090000
 698 4.060000
 699 4.050000
 700 4.050000
 701 4.020000
 702 4.030000
 703 4.020000
 704 4.020000
 705 4.000000
 706 3.990000
 707 4.000000
 708 3.100000
 709 3.110000
 710 3.060000
 711 3.170000
 712 3.140000
 713 3.140000
 714 3.060000
 715 3.150000
 716 3.120000
 717 3.010000
 718 3.100000
 719 3.900000
 720 3.010000
 721 3.010000
 722 3.010000
 723 3.100000
 724 3.010000
 725 3.110000
 726 3.010000
 727 3.100000
 728 3.100000
 729 3.110000
 730 3.030000
 731 3.100000
 732 3.130000
 733 3.110000
 734 3.000000
 735 3.110000
 736 3.100000
 737 3.010000
 738 3.010000
 739 3.030000
 740 3.010000
 741 3.030000
 742 2.990000
 743 3.010000
 744 3.040000
 745 3.050000
 746 3.040000
 747 3.020000
 748 3.020000
 749 3.030000
 750 3.010000
 751 2.970000
 752 3.020000
 753 3.000000
 754 3.040000
 755 2.980000
 756 3.050000
 757 2.980000
 758 2.980000
 759 3.000000
 760 3.050000
 0 0.170000
 1 0.180000
 2 0.300000
 3 0.250000
 4 0.230000
 5 0.230000
 6 0.240000
 7 0.280000
 8 0.170000
 9 0.160000
 10 0.260000
 11 0.310000
 12 0.050000
 13 2.810000
 14 2.810000
 15 2.840000
 16 2.810000
 17 2.810000
 18 2.810000
 19 2.810000
 20 2.810000
 21 2.810000
 22 2.790000
 23 2.790000
 24 2.790000
 25 2.790000
 26 2.790000
 27 2.760000
 28 2.480000
 29 2.430000
 30 2.430000
 31 2.550000
 32 2.760000
 33 2.770000
 34 2.770000
 35 2.770000
 36 2.770000
 37 2.750000
 38 2.750000
 39 2.150000
 40 2.100000
 41 2.100000
 42 2.070000
 43 2.100000
 44 2.100000
 45 2.120000
 46 2.440000
 47 2.700000
 48 2.570000
 49 2.580000
 50 2.580000
 51 2.600000
 52 2.600000
 53 2.660000
 54 2.720000
 55 2.730000
 56 2.710000
 57 2.740000
 58 2.740000
 59 2.740000
 60 2.310000
 61 2.230000
 62 2.240000
 63 2.230000
 64 2.230000
 65 2.230000
 66 2.230000
 67 2.260000
 68 2.240000
 69 2.270000
 70 2.330000
 71 2.330000
 72 2.310000
 73 2.260000
 74 2.260000
 75 2.280000
 76 2.280000
 77 2.280000
 78 2.280000
 79 2.280000
 80 2.300000
 81 2.280000
 82 2.280000
 83 2.300000
 84 2.300000
 85 2.280000
 86 2.280000
 87 2.290000
 88 2.360000
 89 2.400000
 90 2.410000
 91 2.410000
 92 2.420000
 93 2.450000
 94 2.470000
 95 2.470000
 96 2.500000
 97 2.530000
 98 2.550000
 99 2.560000
 100 2.600000
 101 2.650000
 102 2.700000
 103 2.680000
 104 2.640000
 105 2.560000
 106 2.550000
 107 2.580000
 108 2.310000
 109 2.300000
 110 2.290000
 111 2.260000
 112 2.270000
 113 2.280000
 114 2.280000
 115 2.280000
 116 2.300000
 117 2.400000
 118 2.600000
 119 2.600000
 120 2.690000
 121 2.760000
 122 2.740000
 123 2.460000
 124 2.250000
 125 2.120000
 126 2.080000
 127 2.100000
 128 2.090000
 129 2.090000
 130 2.110000
 131 2.140000
 132 2.430000
 133 2.390000
 134 2.470000
 135 2.600000
 136 2.560000
 137 2.510000
 138 2.510000
 139 2.510000
 140 2.550000
 141 2.680000
 142 2.540000
 143 2.570000
 144 2.570000
 145 2.590000
 146 2.780000
 147 2.770000
 148 2.710000
 149 2.770000
 150 2.700000
 151 2.540000
 152 2.510000
 153 2.500000
 154 2.520000
 155 2.580000
 156 2.610000
 157 2.730000
 158 2.860000
 159 2.860000
 160 2.880000
 161 2.880000
 162 2.890000
 163 2.880000
 164 2.850000
 165 2.900000
 166 2.880000
 167 2.900000
 168 2.900000
 169 2.900000
 170 2.900000
 171 2.900000
 172 2.930000
 173 2.930000
 174 2.930000
 175 2.930000
 176 2.930000
 177 2.930000
 178 2.930000
 179 2.950000
 180 2.950000
 181 2.950000
 182 2.900000
 183 2.950000
 184 2.950000
 185 2.980000
 186 2.950000
 187 2.910000
 188 2.860000
 189 2.900000
 190 2.510000
 191 2.400000
 192 2.320000
 193 2.440000
 194 1.380000
 195 1.380000
 196 1.400000
 197 1.380000
 198 1.350000
 199 1.390000
 200 1.390000
 201 1.390000
 202 1.360000
 203 1.360000
 204 1.340000
 205 1.340000
 206 1.360000
 207 1.340000
 208 1.340000
 209 1.340000
 210 1.340000
 211 1.340000
 212 1.340000
 213 1.310000
 214 1.310000
 215 1.310000
 216 1.310000
 217 1.290000
 218 1.310000
 219 1.290000
 220 1.310000
 221 1.290000
 222 1.290000
 223 1.290000
 224 1.290000
 225 1.290000
 226 1.290000
 227 1.290000
 228 1.260000
 229 1.260000
 230 1.260000
 231 1.260000
 232 1.260000
 233 1.260000
 234 1.240000
 235 1.240000
 236 1.260000
 237 1.210000
 238 1.240000
 239 1.240000
 240 1.240000
 241 1.240000
 242 1.210000
 243 1.240000
 244 1.210000
 245 1.240000
 246 1.210000
 247 1.210000
 248 1.210000
 249 1.210000
 250 1.190000
 251 1.190000
 252 1.190000
 253 1.210000
 254 1.210000
 255 1.190000
 256 1.210000
 257 1.190000
 258 1.190000
 259 1.190000
 260 1.190000
 261 1.190000
 262 1.160000
 263 1.190000
 264 1.190000
 265 1.160000
 266 1.190000
 267 1.190000
 268 1.160000
 269 1.190000
 270 1.160000
 271 1.160000
 272 1.160000
 273 1.140000
 274 1.160000
 275 1.140000
 276 1.160000
 277 1.140000
 278 1.140000
 279 1.140000
 280 1.140000
 281 1.140000
 282 1.140000
 283 1.160000
 284 1.140000
 285 1.140000
 286 1.140000
 287 1.140000
 288 1.140000
 289 1.140000
 290 1.140000
 291 1.140000
 292 1.110000
 293 1.110000
 294 1.110000
 295 1.140000
 296 1.110000
 297 1.140000
 298 1.110000
 299 1.110000
 300 1.110000
 301 1.110000
 302 1.140000
 303 1.110000
 304 1.110000
 305 1.110000
 306 1.110000
 307 1.110000
 308 1.110000
 309 1.110000
 310 1.110000
 311 1.110000
 312 1.110000
 313 1.110000
 314 1.110000
 315 1.130000
 316 1.160000
 317 3.520000
 318 3.550000
 319 3.560000
 320 3.560000
 321 3.560000
 322 3.560000
 323 3.560000
 324 3.560000
 325 3.600000
 326 3.570000
 327 3.600000
 328 3.590000
 329 3.590000
 330 3.590000
 331 3.590000
 332 3.620000
 333 3.610000
 334 3.620000
 335 3.620000
 336 3.610000
 337 3.640000
 338 3.440000
 339 3.380000
 340 3.360000
 341 2.260000
 342 2.230000
 343 2.200000
 344 2.210000
 345 2.190000
 346 2.190000
 347 2.190000
 348 2.210000
 349 2.210000
 350 2.180000
 351 3.240000
 352 3.240000
 353 3.230000
 354 3.210000
 355 3.260000
 356 2.760000
 357 2.790000
 358 2.780000
 359 1.770000
 360 1.670000
 361 1.660000
 362 1.650000
 363 1.640000
 364 1.670000
 365 1.660000
 366 1.660000
 367 1.640000
 368 1.660000
 369 1.660000
 370 1.660000
 371 1.660000
 372 1.700000
 373 2.690000
 374 2.690000
 375 2.590000
 376 2.350000
 377 2.320000
 378 2.300000
 379 2.310000
 380 2.310000
 381 2.310000
 382 2.310000
 383 2.340000
 384 2.340000
 385 2.360000
 386 2.640000
 387 2.640000
 388 2.660000
 389 2.660000
 390 2.650000
 391 2.610000
 392 1.200000
 393 1.170000
 394 1.170000
 395 1.150000
 396 1.150000
 397 1.150000
 398 1.150000
 399 1.110000
 400 1.140000
 401 1.140000
 402 1.140000
 403 1.140000
 404 1.140000
 405 1.150000
 406 1.170000
 407 1.160000
 408 1.140000
 409 1.160000
 410 1.160000
 411 1.250000
 412 1.810000
 413 1.840000
 414 1.880000
 415 2.490000
 416 2.510000
 417 2.550000
 418 2.550000
 419 2.550000
 420 2.540000
 421 2.510000
 422 2.550000
 423 2.530000
 424 2.550000
 425 2.730000
 426 3.100000
 427 3.100000
 428 3.100000
 429 3.150000
 430 3.230000
 431 3.200000
 432 3.260000
 433 3.250000
 434 3.260000
 435 3.240000
 436 3.230000
 437 2.040000
 438 2.040000
 439 2.050000
 440 2.030000
 441 2.000000
 442 1.980000
 443 2.000000
 444 2.010000
 445 1.460000
 446 1.400000
 447 1.380000
 448 1.380000
 449 1.350000
 450 1.350000
 451 1.330000
 452 1.330000
 453 1.330000
 454 1.340000
 455 1.340000
 456 1.340000
 457 1.360000
 458 1.340000
 459 1.360000
 460 1.360000
 461 1.390000
 462 1.390000
 463 1.400000
 464 3.530000
 465 3.510000
 466 3.610000
 467 3.590000
 468 3.560000
 469 3.560000
 470 3.660000
 471 3.590000
 472 3.530000
 473 3.540000
 474 3.570000
 475 3.340000
 476 3.380000
 477 3.360000
 478 3.360000
 479 3.470000
 480 3.420000
 481 3.410000
 482 3.430000
 483 3.420000
 484 1.680000
 485 1.630000
 486 1.630000
 487 1.630000
 488 1.630000
 489 1.600000
 490 1.600000
 491 1.580000
 492 1.600000
 493 1.590000
 494 1.640000
 495 1.640000
 496 1.610000
 497 1.640000
 498 1.610000
 499 1.630000
 500 1.650000
 501 1.690000
 502 1.710000
 503 1.680000
 504 1.660000
 505 1.660000
 506 1.640000
 507 1.660000
 508 1.660000
 509 1.640000
 510 1.610000
 511 1.630000
 512 1.600000
 513 1.590000
 514 1.590000
 515 1.590000
 516 1.600000
 517 1.610000
 518 1.610000
 519 1.640000
 520 1.640000
 521 1.640000
 522 1.660000
 523 1.650000
 524 1.660000
 525 1.660000
 526 1.690000
 527 1.690000
 528 1.690000
 529 1.690000
 530 1.690000
 531 1.710000
 532 1.710000
 533 1.740000
 534 1.740000
 535 1.740000
 536 1.740000
 537 1.740000
 538 1.760000
 539 1.750000
 540 1.800000
 541 1.810000
 542 1.810000
 543 1.810000
 544 1.810000
 545 1.810000
 546 1.830000
 547 1.810000
 548 4.860000
 549 4.870000
 550 4.870000
 551 4.900000
 552 4.870000
 553 3.990000
 554 4.000000
 555 3.980000
 556 4.010000
 557 4.010000
 558 4.910000
 559 4.940000
 560 4.940000
 561 4.960000
 562 4.940000
 563 3.460000
 564 3.410000
 565 3.400000
 566 3.410000
 567 3.360000
 568 3.380000
 569 3.400000
 570 3.400000
 571 3.360000
 572 3.400000
 573 4.440000
 574 4.410000
 575 4.410000
 576 4.400000
 577 4.430000
 578 4.400000
 579 4.410000
 580 4.440000
 581 4.420000
 582 4.470000
 583 5.150000
 584 5.170000
 585 2.840000
 586 2.760000
 587 2.780000
 588 2.770000
 589 2.700000
 590 2.700000
 591 2.730000
 592 2.740000
 593 4.530000
 594 4.530000
 595 4.580000
 596 4.560000
 597 4.620000
 598 4.000000
 599 3.940000
 600 3.520000
 601 3.500000
 602 3.510000
 603 3.560000
 604 3.560000
 605 3.560000
 606 3.590000
 607 3.750000
 608 3.720000
 609 3.690000
 610 3.690000
 611 3.680000
 612 3.710000
 613 3.730000
 614 3.690000
 615 3.630000
 616 2.570000
 617 2.620000
 618 2.580000
 619 2.570000
 620 2.580000
 621 2.570000
 622 2.640000
 623 3.090000
 624 3.060000
 625 3.010000
 626 3.020000
 627 3.030000
 628 3.000000
 629 3.000000
 630 3.020000
 631 3.800000
 632 3.830000
 633 3.780000
 634 3.780000
 635 3.780000
 636 3.800000
 637 3.910000
 638 3.960000
 639 3.980000
 640 4.210000
 641 4.630000
 642 4.640000
 643 4.610000
 644 4.590000
 645 4.560000
 646 4.560000
 647 4.560000
 648 4.540000
 649 4.280000
 650 4.250000
 651 4.250000
 652 4.350000
 653 4.440000
 654 4.440000
 655 4.450000
 656 4.460000
 657 4.460000
 658 4.480000
 659 4.490000
 660 4.460000
 661 4.470000
 662 4.450000
 663 3.530000
 664 3.510000
 665 3.490000
 666 3.520000
 667 4.390000
 668 4.370000
 669 4.350000
 670 4.320000
 671 4.320000
 672 4.320000
 673 4.290000
 674 4.290000
 675 4.270000
 676 4.240000
 677 4.000000
 678 4.000000
 679 4.000000
 680 4.200000
 681 4.220000
 682 4.200000
 683 4.200000
 684 4.170000
 685 4.170000
 686 4.170000
 687 4.170000
 688 4.150000
 689 4.120000
 690 4.120000
 691 4.120000
 692 4.100000
 693 4.100000
 694 4.110000
 695 4.100000
 696 4.090000
 697 4.060000
 698 4.060000
 699 4.070000
 700 4.050000
 701 4.050000
 702 4.060000
 703 4.000000
 704 4.020000
 705 4.000000
 706 3.990000
 707 4.000000
 708 3.100000
 709 3.110000
 710 3.060000
 711 3.170000
 712 3.120000
 713 3.140000
 714 3.060000
 715 3.120000
 716 3.120000
 717 3.010000
 718 3.100000
 719 3.910000
 720 3.010000
 721 3.120000
 722 3.030000
 723 3.100000
 724 3.010000
 725 3.110000
 726 3.010000
 727 3.100000
 728 3.100000
 729 3.100000
 730 3.030000
 731 3.070000
 732 3.160000
 733 3.130000
 734 3.030000
 735 3.110000
 736 3.100000
 737 3.030000
 738 3.010000
 739 3.000000
 740 3.010000
 741 3.030000
 742 3.020000
 743 3.010000
 744 3.050000
 745 3.030000
 746 3.070000
 747 3.020000
 748 3.060000
 749 3.030000
 750 3.010000
 751 2.980000
 752 3.000000
 753 3.030000
 754 3.020000
 755 3.010000
 756 3.040000
 757 2.980000
 758 2.980000
 759 2.970000
 760 3.050000
 0 0.170000
 1 0.150000
 2 0.280000
 3 0.260000
 4 0.260000
 5 0.240000
 6 0.240000
 7 0.290000
 8 0.180000
 9 0.160000
 10 0.260000
 11 0.370000
 12 0.050000
 13 2.840000
 14 2.810000
 15 2.840000
 16 2.810000
 17 2.810000
 18 2.810000
 19 2.810000
 20 2.810000
 21 2.790000
 22 2.790000
 23 2.810000
 24 2.790000
 25 2.790000
 26 2.790000
 27 2.790000
 28 2.480000
 29 2.430000
 30 2.410000
 31 2.560000
 32 2.770000
 33 2.790000
 34 2.770000
 35 2.770000
 36 2.770000
 37 2.750000
 38 2.750000
 39 2.150000
 40 2.100000
 41 2.100000
 42 2.100000
 43 2.100000
 44 2.100000
 45 2.120000
 46 2.450000
 47 2.660000
 48 2.570000
 49 2.610000
 50 2.580000
 51 2.610000
 52 2.620000
 53 2.690000
 54 2.720000
 55 2.730000
 56 2.710000
 57 2.740000
 58 2.740000
 59 2.740000
 60 2.310000
 61 2.240000
 62 2.240000
 63 2.260000
 64 2.260000
 65 2.260000
 66 2.260000
 67 2.220000
 68 2.240000
 69 2.270000
 70 2.330000
 71 2.330000
 72 2.310000
 73 2.290000
 74 2.260000
 75 2.280000
 76 2.280000
 77 2.280000
 78 2.300000
 79 2.300000
 80 2.280000
 81 2.280000
 82 2.300000
 83 2.280000
 84 2.300000
 85 2.300000
 86 2.280000
 87 2.270000
 88 2.390000
 89 2.400000
 90 2.420000
 91 2.410000
 92 2.420000
 93 2.450000
 94 2.480000
 95 2.480000
 96 2.500000
 97 2.520000
 98 2.550000
 99 2.560000
 100 2.600000
 101 2.630000
 102 2.670000
 103 2.700000
 104 2.640000
 105 2.590000
 106 2.550000
 107 2.530000
 108 2.330000
 109 2.270000
 110 2.290000
 111 2.280000
 112 2.260000
 113 2.280000
 114 2.260000
 115 2.280000
 116 2.310000
 117 2.410000
 118 2.610000
 119 2.620000
 120 2.690000
 121 2.750000
 122 2.710000
 123 2.460000
 124 2.260000
 125 2.130000
 126 2.110000
 127 2.100000
 128 2.100000
 129 2.090000
 130 2.090000
 131 2.120000
 132 2.400000
 133 2.420000
 134 2.470000
 135 2.630000
 136 2.570000
 137 2.530000
 138 2.540000
 139 2.540000
 140 2.530000
 141 2.680000
 142 2.530000
 143 2.560000
 144 2.570000
 145 2.590000
 146 2.780000
 147 2.770000
 148 2.720000
 149 2.770000
 150 2.710000
 151 2.530000
 152 2.480000
 153 2.520000
 154 2.520000
 155 2.610000
 156 2.610000
 157 2.730000
 158 2.890000
 159 2.890000
 160 2.890000
 161 2.880000
 162 2.880000
 163 2.910000
 164 2.860000
 165 2.910000
 166 2.880000
 167 2.910000
 168 2.880000
 169 2.910000
 170 2.910000
 171 2.910000
 172 2.930000
 173 2.930000
 174 2.910000
 175 2.930000
 176 2.930000
 177 2.930000
 178 2.960000
 179 2.960000
 180 2.960000
 181 2.930000
 182 2.910000
 183 2.980000
 184 2.960000
 185 2.960000
 186 2.970000
 187 2.910000
 188 2.860000
 189 2.900000
 190 2.670000
 191 2.460000
 192 2.360000
 193 2.390000
 194 1.390000
 195 1.400000
 196 1.380000
 197 1.390000
 198 1.390000
 199 1.390000
 200 1.360000
 201 1.360000
 202 1.390000
 203 1.340000
 204 1.360000
 205 1.360000
 206 1.340000
 207 1.340000
 208 1.340000
 209 1.340000
 210 1.340000
 211 1.310000
 212 1.340000
 213 1.310000
 214 1.310000
 215 1.310000
 216 1.310000
 217 1.310000
 218 1.310000
 219 1.290000
 220 1.290000
 221 1.310000
 222 1.290000
 223 1.310000
 224 1.290000
 225 1.290000
 226 1.260000
 227 1.260000
 228 1.260000
 229 1.260000
 230 1.260000
 231 1.260000
 232 1.240000
 233 1.260000
 234 1.260000
 235 1.260000
 236 1.240000
 237 1.260000
 238 1.240000
 239 1.240000
 240 1.240000
 241 1.210000
 242 1.210000
 243 1.240000
 244 1.210000
 245 1.240000
 246 1.210000
 247 1.210000
 248 1.240000
 249 1.210000
 250 1.210000
 251 1.210000
 252 1.190000
 253 1.190000
 254 1.190000
 255 1.190000
 256 1.190000
 257 1.190000
 258 1.190000
 259 1.190000
 260 1.190000
 261 1.190000
 262 1.190000
 263 1.190000
 264 1.160000
 265 1.160000
 266 1.160000
 267 1.160000
 268 1.160000
 269 1.160000
 270 1.160000
 271 1.160000
 272 1.160000
 273 1.160000
 274 1.140000
 275 1.160000
 276 1.160000
 277 1.160000
 278 1.160000
 279 1.140000
 280 1.140000
 281 1.140000
 282 1.140000
 283 1.140000
 284 1.140000
 285 1.140000
 286 1.140000
 287 1.140000
 288 1.140000
 289 1.140000
 290 1.140000
 291 1.140000
 292 1.110000
 293 1.140000
 294 1.110000
 295 1.110000
 296 1.140000
 297 1.110000
 298 1.110000
 299 1.110000
 300 1.140000
 301 1.110000
 302 1.140000
 303 1.110000
 304 1.110000
 305 1.110000
 306 1.110000
 307 1.110000
 308 1.110000
 309 1.090000
 310 1.110000
 311 1.110000
 312 1.090000
 313 1.110000
 314 1.090000
 315 1.100000
 316 1.210000
 317 3.540000
 318 3.540000
 319 3.560000
 320 3.560000
 321 3.560000
 322 3.590000
 323 3.590000
 324 3.590000
 325 3.590000
 326 3.580000
 327 3.590000
 328 3.590000
 329 3.590000
 330 3.620000
 331 3.620000
 332 3.610000
 333 3.620000
 334 3.620000
 335 3.610000
 336 3.640000
 337 3.660000
 338 3.440000
 339 3.390000
 340 3.330000
 341 2.260000
 342 2.230000
 343 2.210000
 344 2.210000
 345 2.190000
 346 2.210000
 347 2.190000
 348 2.210000
 349 2.210000
 350 2.210000
 351 3.240000
 352 3.220000
 353 3.240000
 354 3.240000
 355 3.270000
 356 2.780000
 357 2.770000
 358 2.790000
 359 1.770000
 360 1.700000
 361 1.660000
 362 1.630000
 363 1.640000
 364 1.640000
 365 1.650000
 366 1.670000
 367 1.640000
 368 1.660000
 369 1.660000
 370 1.660000
 371 1.660000
 372 1.730000
 373 2.700000
 374 2.690000
 375 2.540000
 376 2.370000
 377 2.320000
 378 2.310000
 379 2.310000
 380 2.290000
 381 2.310000
 382 2.340000
 383 2.340000
 384 2.340000
 385 2.370000
 386 2.640000
 387 2.680000
 388 2.650000
 389 2.640000
 390 2.650000
 391 2.630000
 392 1.200000
 393 1.200000
 394 1.170000
 395 1.150000
 396 1.150000
 397 1.150000
 398 1.130000
 399 1.140000
 400 1.110000
 401 1.120000
 402 1.140000
 403 1.140000
 404 1.140000
 405 1.140000
 406 1.150000
 407 1.160000
 408 1.160000
 409 1.170000
 410 1.160000
 411 1.230000
 412 1.810000
 413 1.810000
 414 1.880000
 415 2.490000
 416 2.540000
 417 2.570000
 418 2.550000
 419 2.570000
 420 2.570000
 421 2.510000
 422 2.530000
 423 2.560000
 424 2.590000
 425 2.730000
 426 3.100000
 427 3.100000
 428 3.110000
 429 3.180000
 430 3.240000
 431 3.210000
 432 3.260000
 433 3.230000
 434 3.250000
 435 3.240000
 436 3.260000
 437 2.100000
 438 2.040000
 439 2.030000
 440 2.030000
 441 2.030000
 442 2.010000
 443 2.010000
 444 1.990000
 445 1.480000
 446 1.380000
 447 1.360000
 448 1.380000
 449 1.360000
 450 1.330000
 451 1.360000
 452 1.360000
 453 1.330000
 454 1.340000
 455 1.340000
 456 1.340000
 457 1.340000
 458 1.340000
 459 1.360000
 460 1.360000
 461 1.360000
 462 1.390000
 463 1.410000
 464 3.510000
 465 3.510000
 466 3.640000
 467 3.590000
 468 3.540000
 469 3.590000
 470 3.660000
 471 3.560000
 472 3.530000
 473 3.570000
 474 3.540000
 475 3.370000
 476 3.380000
 477 3.360000
 478 3.360000
 479 3.470000
 480 3.440000
 481 3.410000
 482 3.440000
 483 3.440000
 484 1.660000
 485 1.660000
 486 1.630000
 487 1.630000
 488 1.610000
 489 1.610000
 490 1.610000
 491 1.580000
 492 1.610000
 493 1.610000
 494 1.610000
 495 1.610000
 496 1.630000
 497 1.640000
 498 1.640000
 499 1.630000
 500 1.660000
 501 1.710000
 502 1.690000
 503 1.680000
 504 1.690000
 505 1.680000
 506 1.640000
 507 1.660000
 508 1.640000
 509 1.640000
 510 1.610000
 511 1.610000
 512 1.610000
 513 1.590000
 514 1.600000
 515 1.560000
 516 1.600000
 517 1.610000
 518 1.610000
 519 1.640000
 520 1.610000
 521 1.640000
 522 1.660000
 523 1.640000
 524 1.660000
 525 1.690000
 526 1.660000
 527 1.690000
 528 1.710000
 529 1.690000
 530 1.710000
 531 1.710000
 532 1.740000
 533 1.710000
 534 1.740000
 535 1.740000
 536 1.740000
 537 1.760000
 538 1.760000
 539 1.780000
 540 1.770000
 541 1.800000
 542 1.780000
 543 1.780000
 544 1.810000
 545 1.810000
 546 1.830000
 547 1.870000
 548 4.870000
 549 4.870000
 550 4.880000
 551 4.870000
 552 4.900000
 553 3.970000
 554 3.970000
 555 3.980000
 556 4.010000
 557 4.010000
 558 4.920000
 559 4.940000
 560 4.940000
 561 4.940000
 562 4.970000
 563 3.390000
 564 3.420000
 565 3.400000
 566 3.420000
 567 3.380000
 568 3.360000
 569 3.400000
 570 3.400000
 571 3.390000
 572 3.380000
 573 4.440000
 574 4.420000
 575 4.440000
 576 4.420000
 577 4.430000
 578 4.430000
 579 4.430000
 580 4.440000
 581 4.420000
 582 4.470000
 583 5.150000
 584 5.170000
 585 2.870000
 586 2.780000
 587 2.760000
 588 2.750000
 589 2.710000
 590 2.730000
 591 2.730000
 592 2.760000
 593 4.510000
 594 4.510000
 595 4.580000
 596 4.560000
 597 4.620000
 598 4.000000
 599 3.950000
 600 3.500000
 601 3.520000
 602 3.510000
 603 3.560000
 604 3.540000
 605 3.560000
 606 3.570000
 607 3.740000
 608 3.700000
 609 3.700000
 610 3.710000
 611 3.680000
 612 3.710000
 613 3.710000
 614 3.690000
 615 3.640000
 616 2.610000
 617 2.590000
 618 2.580000
 619 2.580000
 620 2.580000
 621 2.570000
 622 2.640000
 623 3.070000
 624 3.060000
 625 3.040000
 626 3.030000
 627 3.030000
 628 3.000000
 629 3.000000
 630 3.020000
 631 3.810000
 632 3.850000
 633 3.780000
 634 3.790000
 635 3.780000
 636 3.800000
 637 3.910000
 638 3.950000
 639 4.010000
 640 4.200000
 641 4.630000
 642 4.640000
 643 4.610000
 644 4.590000
 645 4.590000
 646 4.560000
 647 4.540000
 648 4.510000
 649 4.280000
 650 4.230000
 651 4.260000
 652 4.360000
 653 4.460000
 654 4.440000
 655 4.430000
 656 4.460000
 657 4.490000
 658 4.510000
 659 4.470000
 660 4.470000
 661 4.450000
 662 4.440000
 663 3.530000
 664 3.510000
 665 3.490000
 666 3.520000
 667 4.370000
 668 4.350000
 669 4.380000
 670 4.330000
 671 4.330000
 672 4.320000
 673 4.290000
 674 4.300000
 675 4.280000
 676 4.270000
 677 4.030000
 678 4.010000
 679 4.000000
 680 4.200000
 681 4.220000
 682 4.230000
 683 4.200000
 684 4.180000
 685 4.180000
 686 4.180000
 687 4.150000
 688 4.180000
 689 4.160000
 690 4.130000
 691 4.130000
 692 4.130000
 693 4.130000
 694 4.110000
 695 4.090000
 696 4.090000
 697 4.090000
 698 4.070000
 699 4.070000
 700 4.050000
 701 4.050000
 702 4.030000
 703 4.030000
 704 4.030000
 705 4.000000
 706 3.990000
 707 4.000000
 708 3.100000
 709 3.110000
 710 3.060000
 711 3.170000
 712 3.120000
 713 3.150000
 714 3.080000
 715 3.140000
 716 3.120000
 717 3.010000
 718 3.130000
 719 3.900000
 720 2.980000
 721 3.010000
 722 3.010000
 723 3.080000
 724 3.010000
 725 3.110000
 726 3.030000
 727 3.080000
 728 3.100000
 729 3.080000
 730 3.010000
 731 3.100000
 732 3.130000
 733 3.110000
 734 3.030000
 735 3.120000
 736 3.100000
 737 3.010000
 738 3.030000
 739 3.030000
 740 3.010000
 741 3.030000
 742 2.990000
 743 3.010000
 744 3.020000
 745 3.030000
 746 3.040000
 747 3.010000
 748 3.030000
 749 3.020000
 750 4.340000
 751 2.980000
 752 3.030000
 753 3.020000
 754 3.040000
 755 3.010000
 756 3.040000
 757 2.960000
 758 2.980000
 759 2.980000
 760 3.080000
 0 0.140000
 1 0.180000
 2 0.310000
 3 0.260000
 4 0.230000
 5 0.240000
 6 0.240000
 7 0.290000
 8 0.180000
 9 0.180000
 10 0.260000
 11 0.340000
 12 0.970000
 13 2.840000
 14 2.810000
 15 2.840000
 16 2.810000
 17 2.810000
 18 2.810000
 19 2.790000
 20 2.810000
 21 2.790000
 22 2.790000
 23 2.790000
 24 2.810000
 25 2.790000
 26 2.790000
 27 2.790000
 28 2.510000
 29 2.430000
 30 2.420000
 31 2.560000
 32 2.770000
 33 2.770000
 34 2.760000
 35 2.750000
 36 2.770000
 37 2.770000
 38 2.750000
 39 2.130000
 40 2.100000
 41 2.100000
 42 2.100000
 43 2.100000
 44 2.100000
 45 2.140000
 46 2.440000
 47 2.670000
 48 2.600000
 49 2.610000
 50 2.580000
 51 2.610000
 52 2.600000
 53 2.690000
 54 2.750000
 55 2.700000
 56 2.740000
 57 2.710000
 58 2.740000
 59 2.710000
 60 2.310000
 61 2.240000
 62 2.240000
 63 2.240000
 64 2.260000
 65 2.230000
 66 2.230000
 67 2.250000
 68 2.240000
 69 2.270000
 70 2.300000
 71 2.300000
 72 2.310000
 73 2.290000
 74 2.260000
 75 2.290000
 76 2.300000
 77 2.280000
 78 2.300000
 79 2.300000
 80 2.280000
 81 2.300000
 82 2.280000
 83 2.280000
 84 2.280000
 85 2.280000
 86 2.300000
 87 2.290000
 88 2.360000
 89 2.390000
 90 2.390000
 91 2.410000
 92 2.450000
 93 2.450000
 94 2.470000
 95 2.470000
 96 2.500000
 97 2.530000
 98 2.540000
 99 2.560000
 100 2.610000
 101 2.630000
 102 2.680000
 103 2.700000
 104 2.610000
 105 2.590000
 106 2.550000
 107 2.560000
 108 2.330000
 109 2.300000
 110 2.290000
 111 2.300000
 112 2.280000
 113 2.280000
 114 2.280000
 115 2.280000
 116 2.280000
 117 2.380000
 118 2.610000
 119 2.600000
 120 2.690000
 121 2.740000
 122 2.740000
 123 2.490000
 124 2.230000
 125 2.130000
 126 2.110000
 127 2.100000
 128 2.100000
 129 2.080000
 130 2.090000
 131 2.140000
 132 2.430000
 133 2.390000
 134 2.500000
 135 2.630000
 136 2.590000
 137 2.510000
 138 2.540000
 139 2.540000
 140 2.530000
 141 2.680000
 142 2.540000
 143 2.560000
 144 2.550000
 145 2.620000
 146 2.780000
 147 2.750000
 148 2.680000
 149 2.770000
 150 2.710000
 151 2.510000
 152 2.480000
 153 2.500000
 154 2.540000
 155 2.610000
 156 2.610000
 157 2.760000
 158 2.890000
 159 2.890000
 160 2.860000
 161 2.860000
 162 2.890000
 163 2.910000
 164 2.860000
 165 2.910000
 166 2.880000
 167 2.910000
 168 2.880000
 169 2.910000
 170 2.910000
 171 2.910000
 172 2.910000
 173 2.930000
 174 2.930000
 175 2.930000
 176 2.910000
 177 2.930000
 178 2.930000
 179 2.960000
 180 2.960000
 181 2.960000
 182 2.910000
 183 2.980000
 184 2.980000
 185 2.960000
 186 2.970000
 187 2.910000
 188 2.850000
 189 2.900000
 190 2.480000
 191 2.400000
 192 2.330000
 193 2.420000
 194 1.390000
 195 1.380000
 196 1.380000
 197 1.380000
 198 1.390000
 199 1.360000
 200 1.360000
 201 1.360000
 202 1.390000
 203 1.360000
 204 1.360000
 205 1.360000
 206 1.340000
 207 1.340000
 208 1.360000
 209 1.340000
 210 1.340000
 211 1.340000
 212 1.340000
 213 1.340000
 214 1.310000
 215 1.290000
 216 1.310000
 217 1.290000
 218 1.310000
 219 1.290000
 220 1.310000
 221 1.260000
 222 1.290000
 223 1.260000
 224 1.290000
 225 1.260000
 226 1.260000
 227 1.260000
 228 1.260000
 229 1.260000
 230 1.260000
 231 1.260000
 232 1.240000
 233 1.240000
 234 1.240000
 235 1.240000
 236 1.240000
 237 1.240000
 238 1.240000
 239 1.240000
 240 1.240000
 241 1.240000
 242 1.210000
 243 1.240000
 244 1.210000
 245 1.210000
 246 1.210000
 247 1.210000
 248 1.210000
 249 1.190000
 250 1.210000
 251 1.190000
 252 1.190000
 253 1.210000
 254 1.190000
 255 1.190000
 256 1.210000
 257 1.190000
 258 1.190000
 259 1.190000
 260 1.190000
 261 1.190000
 262 1.190000
 263 1.160000
 264 1.160000
 265 1.160000
 266 1.190000
 267 1.190000
 268 1.160000
 269 1.160000
 270 1.160000
 271 1.160000
 272 1.160000
 273 1.160000
 274 1.160000
 275 1.160000
 276 1.160000
 277 1.140000
 278 1.140000
 279 1.140000
 280 1.140000
 281 1.160000
 282 1.140000
 283 1.140000
 284 1.140000
 285 1.140000
 286 1.110000
 287 1.110000
 288 1.140000
 289 1.140000
 290 1.110000
 291 1.140000
 292 1.140000
 293 1.140000
 294 1.140000
 295 1.110000
 296 1.110000
 297 1.140000
 298 1.110000
 299 1.110000
 300 1.110000
 301 1.110000
 302 1.140000
 303 1.110000
 304 1.110000
 305 1.110000
 306 1.110000
 307 1.110000
 308 1.110000
 309 1.110000
 310 1.110000
 311 1.110000
 312 1.110000
 313 1.090000
 314 1.110000
 315 1.100000
 316 1.180000
 317 3.540000
 318 3.560000
 319 3.560000
 320 3.560000
 321 3.560000
 322 3.560000
 323 3.580000
 324 3.590000
 325 3.580000
 326 3.570000
 327 3.600000
 328 3.590000
 329 3.570000
 330 3.590000
 331 3.620000
 332 3.610000
 333 3.620000
 334 3.620000
 335 3.620000
 336 3.640000
 337 3.640000
 338 3.410000
 339 3.390000
 340 3.360000
 341 2.280000
 342 2.230000
 343 2.200000
 344 2.190000
 345 2.220000
 346 2.210000
 347 2.210000
 348 2.210000
 349 2.190000
 350 2.210000
 351 3.200000
 352 3.220000
 353 3.210000
 354 3.210000
 355 3.280000
 356 2.760000
 357 2.790000
 358 2.790000
 359 1.730000
 360 1.700000
 361 1.680000
 362 1.660000
 363 1.660000
 364 1.650000
 365 1.640000
 366 1.660000
 367 1.640000
 368 1.690000
 369 1.660000
 370 1.660000
 371 1.690000
 372 1.670000
 373 2.690000
 374 2.690000
 375 2.570000
 376 2.370000
 377 2.320000
 378 2.310000
 379 2.310000
 380 2.310000
 381 2.310000
 382 2.310000
 383 2.340000
 384 2.310000
 385 2.370000
 386 2.640000
 387 2.650000
 388 2.650000
 389 2.640000
 390 2.650000
 391 2.630000
 392 1.200000
 393 1.200000
 394 1.170000
 395 1.170000
 396 1.150000
 397 1.150000
 398 1.130000
 399 1.110000
 400 1.140000
 401 1.150000
 402 1.140000
 403 1.140000
 404 1.140000
 405 1.150000
 406 1.150000
 407 1.140000
 408 1.160000
 409 1.160000
 410 1.160000
 411 1.230000
 412 1.810000
 413 1.810000
 414 1.880000
 415 2.490000
 416 2.540000
 417 2.550000
 418 2.550000
 419 2.550000
 420 2.520000
 421 2.560000
 422 2.530000
 423 2.560000
 424 2.590000
 425 2.710000
 426 3.100000
 427 3.100000
 428 3.100000
 429 3.180000
 430 3.240000
 431 3.210000
 432 3.240000
 433 3.230000
 434 3.250000
 435 3.210000
 436 3.260000
 437 2.080000
 438 2.070000
 439 2.030000
 440 2.030000
 441 2.030000
 442 2.010000
 443 2.010000
 444 2.010000
 445 1.480000
 446 1.380000
 447 1.360000
 448 1.360000
 449 1.360000
 450 1.360000
 451 1.330000
 452 1.330000
 453 1.330000
 454 1.340000
 455 1.340000
 456 1.340000
 457 1.340000
 458 1.360000
 459 1.340000
 460 1.360000
 461 1.360000
 462 1.360000
 463 1.410000
 464 3.480000
 465 3.510000
 466 3.610000
 467 3.610000
 468 3.560000
 469 3.560000
 470 3.660000
 471 3.590000
 472 3.530000
 473 3.520000
 474 3.600000
 475 3.370000
 476 3.380000
 477 3.360000
 478 3.360000
 479 3.440000
 480 3.410000
 481 3.440000
 482 3.440000
 483 3.420000
 484 1.690000
 485 1.660000
 486 1.630000
 487 1.630000
 488 1.610000
 489 1.630000
 490 1.610000
 491 1.580000
 492 1.580000
 493 1.610000
 494 1.610000
 495 1.610000
 496 1.630000
 497 1.640000
 498 1.640000
 499 1.660000
 500 1.660000
 501 1.710000
 502 1.690000
 503 1.680000
 504 1.660000
 505 1.690000
 506 1.660000
 507 1.640000
 508 1.640000
 509 1.640000
 510 1.640000
 511 1.610000
 512 1.610000
 513 1.590000
 514 1.560000
 515 1.590000
 516 1.600000
 517 1.610000
 518 1.590000
 519 1.640000
 520 1.640000
 521 1.640000
 522 1.660000
 523 1.660000
 524 1.660000
 525 1.660000
 526 1.660000
 527 1.690000
 528 1.690000
 529 1.690000
 530 1.690000
 531 1.710000
 532 1.710000
 533 1.710000
 534 1.740000
 535 1.740000
 536 1.760000
 537 1.760000
 538 1.740000
 539 1.780000
 540 1.770000
 541 1.780000
 542 1.810000
 543 1.780000
 544 1.780000
 545 1.810000
 546 1.830000
 547 1.810000
 548 4.870000
 549 4.870000
 550 4.870000
 551 4.870000
 552 4.900000
 553 3.990000
 554 4.000000
 555 3.980000
 556 3.980000
 557 4.010000
 558 4.940000
 559 4.940000
 560 4.940000
 561 4.970000
 562 4.970000
 563 3.450000
 564 3.440000
 565 3.420000
 566 3.420000
 567 3.360000
 568 3.360000
 569 3.400000
 570 3.400000
 571 3.340000
 572 3.380000
 573 4.410000
 574 4.420000
 575 4.420000
 576 4.420000
 577 4.430000
 578 4.430000
 579 4.430000
 580 4.420000
 581 4.440000
 582 4.490000
 583 5.170000
 584 5.150000
 585 2.840000
 586 2.780000
 587 2.750000
 588 2.750000
 589 2.710000
 590 2.730000
 591 2.730000
 592 2.730000
 593 4.530000
 594 4.530000
 595 4.580000
 596 4.590000
 597 4.620000
 598 4.000000
 599 3.930000
 600 3.530000
 601 3.500000
 602 3.510000
 603 3.560000
 604 3.540000
 605 3.560000
 606 3.590000
 607 3.720000
 608 3.700000
 609 3.690000
 610 3.690000
 611 3.700000
 612 3.700000
 613 3.710000
 614 3.690000
 615 3.670000
 616 2.570000
 617 2.620000
 618 2.580000
 619 2.580000
 620 2.580000
 621 2.590000
 622 2.640000
 623 3.040000
 624 3.030000
 625 3.020000
 626 3.030000
 627 3.030000
 628 3.000000
 629 3.000000
 630 3.020000
 631 3.810000
 632 3.830000
 633 3.780000
 634 3.780000
 635 3.780000
 636 3.800000
 637 3.910000
 638 3.950000
 639 4.020000
 640 4.200000
 641 4.610000
 642 4.640000
 643 4.640000
 644 4.590000
 645 4.590000
 646 4.560000
 647 4.540000
 648 4.540000
 649 4.280000
 650 4.260000
 651 4.260000
 652 4.360000
 653 4.460000
 654 4.440000
 655 4.460000
 656 4.470000
 657 4.460000
 658 4.480000
 659 4.490000
 660 4.490000
 661 4.480000
 662 4.440000
 663 3.510000
 664 3.490000
 665 3.490000
 666 3.520000
 667 4.370000
 668 4.380000
 669 4.350000
 670 4.350000
 671 4.330000
 672 4.290000
 673 4.290000
 674 4.290000
 675 4.300000
 676 4.270000
 677 4.030000
 678 4.010000
 679 4.020000
 680 4.180000
 681 4.220000
 682 4.200000
 683 4.200000
 684 4.200000
 685 4.180000
 686 4.150000
 687 4.180000
 688 4.150000
 689 4.130000
 690 4.130000
 691 4.130000
 692 4.130000
 693 4.130000
 694 4.110000
 695 4.100000
 696 4.070000
 697 4.070000
 698 4.070000
 699 4.050000
 700 4.050000
 701 4.050000
 702 4.030000
 703 4.030000
 704 4.000000
 705 4.030000
 706 3.990000
 707 4.000000
 708 3.100000
 709 3.110000
 710 3.060000
 711 3.170000
 712 3.140000
 713 3.170000
 714 3.060000
 715 3.150000
 716 3.130000
 717 3.010000
 718 3.130000
 719 3.910000
 720 3.010000
 721 3.100000
 722 3.000000
 723 3.100000
 724 3.010000
 725 3.110000
 726 3.010000
 727 3.080000
 728 3.080000
 729 3.080000
 730 3.010000
 731 3.080000
 732 3.130000
 733 3.110000
 734 3.040000
 735 3.120000
 736 3.100000
 737 3.010000
 738 3.030000
 739 3.030000
 740 3.010000
 741 3.030000
 742 3.000000
 743 3.010000
 744 3.040000
 745 3.050000
 746 3.040000
 747 3.020000
 748 3.020000
 749 3.030000
 750 2.980000
 751 2.980000
 752 3.030000
 753 3.030000
 754 3.020000
 755 2.990000
 756 3.040000
 757 2.980000
 758 2.980000
 759 2.980000
 760 3.080000