
 0 2.810000
 1 2.160000
 2 2.910000
 3 2.180000
 4 2.200000
 5 2.280000
 6 2.310000
 7 2.280000
 8 2.180000
 9 2.310000
 10 2.300000
 11 2.270000
 12 2.230000
 13 2.960000
 14 2.230000
 15 2.390000
 16 2.960000
 17 2.280000
 18 2.960000
 19 2.250000
 20 2.710000
 21 2.360000
 22 2.260000
 23 2.280000
 24 2.280000
 25 3.010000
 26 2.280000
 27 2.400000
 28 2.410000
 29 2.380000
 30 2.410000
 31 2.410000
 32 2.440000
 33 2.410000
 34 2.430000
 35 2.300000
 36 2.330000
 37 3.060000
 38 2.430000
 39 2.440000
 40 2.430000
 41 2.430000
 42 2.430000
 43 2.410000
 44 2.430000
 45 2.280000
 46 2.230000
 47 2.390000
 48 2.250000
 49 2.360000
 50 2.200000
 51 3.180000
 52 2.200000
 53 3.020000
 54 2.360000
 55 2.180000
 56 2.310000
 57 2.310000
 58 2.280000
 59 2.310000
 60 2.220000
 61 2.250000
 62 2.330000
 63 2.210000
 64 2.210000
 65 2.200000
 66 2.250000
 67 2.230000
 68 2.380000
 69 2.330000
 70 2.370000
 71 2.330000
 72 2.340000
 73 2.360000
 74 2.280000
 75 2.310000
 76 2.380000
 77 2.410000
 78 2.390000
 79 2.400000
 80 2.420000
 81 2.420000
 82 2.460000
 83 2.520000
 84 2.550000
 85 2.540000
 86 2.650000
 87 2.580000
 88 2.630000
 89 2.620000
 90 2.680000
 91 2.790000
 92 2.760000
 93 2.730000
 94 2.780000
 95 2.810000
 96 2.830000
 97 2.830000
 98 2.800000
 99 2.810000
 100 2.840000
 101 2.840000
 102 2.860000
 103 2.830000
 104 2.840000
 105 2.860000
 106 2.890000
 107 2.890000
 108 2.910000
 109 2.910000
 110 2.890000
 111 2.940000
 112 2.940000
 113 2.940000
 114 2.940000
 115 2.960000
 116 2.960000
 117 2.990000
 118 2.990000
 119 3.010000
 120 3.010000
 121 3.030000
 122 3.030000
 123 3.030000
 124 3.060000
 125 3.080000
 126 3.060000
 127 3.080000
 128 3.080000
 129 3.110000
 130 3.130000
 131 3.130000
 132 3.130000
 133 3.180000
 134 3.160000
 135 3.180000
 136 3.210000
 137 3.220000
 138 3.200000
 139 3.220000
 140 3.370000
 141 3.510000
 142 3.500000
 143 3.550000
 144 3.530000
 145 3.540000
 146 3.540000
 147 3.560000
 148 3.550000
 149 3.520000
 150 3.560000
 151 3.520000
 152 4.820000
 153 4.860000
 154 4.890000
 155 3.520000
 156 3.580000
 157 3.590000
 158 3.590000
 159 3.560000
 160 3.540000
 161 3.580000
 162 3.530000
 163 3.570000
 164 3.600000
 165 3.600000
 166 3.570000
 167 3.570000
 168 3.590000
 169 3.610000
 170 3.580000
 171 3.650000
 172 3.870000
 173 3.900000
 174 3.850000
 175 3.860000
 176 3.830000
 177 3.860000
 178 3.830000
 179 3.860000
 180 3.850000
 181 3.880000
 182 3.890000
 183 3.880000
 184 3.880000
 185 3.730000
 186 3.350000
 187 3.320000
 188 3.360000
 189 3.800000
 190 3.860000
 191 3.410000
 192 3.360000
 193 3.860000
 194 3.860000
 195 3.870000
 196 2.750000
 197 2.750000
 198 2.700000
 199 2.720000
 200 2.730000
 201 2.680000
 202 2.680000
 203 2.700000
 204 2.720000
 205 2.700000
 206 2.690000
 207 2.690000
 208 2.670000
 209 2.700000
 210 2.670000
 211 2.670000
 212 2.650000
 213 2.660000
 214 2.660000
 215 2.690000
 216 2.660000
 217 2.660000
 218 2.690000
 219 2.610000
 220 2.560000
 221 2.590000
 222 2.560000
 223 2.560000
 224 2.560000
 225 2.540000
 226 2.560000
 227 2.540000
 228 2.540000
 229 2.540000
 230 2.510000
 231 2.540000
 232 1.580000
 233 1.600000
 234 1.580000
 235 1.580000
 236 1.610000
 237 1.580000
 238 1.580000
 239 1.560000
 240 1.560000
 241 1.580000
 242 1.530000
 243 1.560000
 244 1.510000
 245 1.530000
 246 1.510000
 247 1.510000
 248 1.480000
 249 1.180000
 250 1.130000
 251 1.110000
 252 1.110000
 253 1.090000
 254 1.090000
 255 1.110000
 256 1.110000
 257 1.090000
 258 1.090000
 259 1.090000
 260 1.060000
 261 1.060000
 262 1.090000
 263 1.060000
 264 1.080000
 265 1.070000
 266 1.100000
 267 1.120000
 268 1.110000
 269 1.120000
 270 1.130000
 271 1.230000
 272 1.430000
 273 1.440000
 274 1.420000
 275 1.430000
 276 1.460000
 277 1.430000
 278 1.460000
 279 1.480000
 280 1.510000
 281 1.500000
 282 1.530000
 283 1.530000
 284 1.550000
 285 1.550000
 286 1.580000
 287 1.580000
 288 1.600000
 289 1.600000
 290 1.630000
 291 1.650000
 292 1.650000
 293 1.670000
 294 1.700000
 295 1.720000
 296 1.640000
 297 1.610000
 298 1.610000
 299 1.610000
 300 1.610000
 301 1.610000
 302 1.590000
 303 1.590000
 304 1.590000
 305 1.590000
 306 1.580000
 307 1.590000
 308 1.610000
 309 1.670000
 310 1.650000
 311 3.510000
 312 3.410000
 313 3.410000
 314 3.540000
 315 3.460000
 316 3.390000
 317 3.360000
 318 3.360000
 319 3.360000
 320 2.180000
 321 2.160000
 322 2.160000
 323 2.130000
 324 0.960000
 325 0.940000
 326 0.940000
 327 0.960000
 328 0.940000
 329 0.960000
 330 0.940000
 331 0.960000
 332 0.960000
 333 0.940000
 334 0.960000
 335 0.940000
 336 0.940000
 337 0.940000
 338 0.940000
 339 0.940000
 340 0.940000
 341 0.930000
 342 0.930000
 343 0.960000
 344 0.980000
 345 1.060000
 346 4.380000
 347 3.250000
 348 1.510000
 349 1.490000
 350 1.510000
 351 1.510000
 352 1.490000
 353 1.510000
 354 1.490000
 355 1.510000
 356 1.490000
 357 1.510000
 358 1.490000
 359 1.490000
 360 1.500000
 361 1.620000
 362 2.060000
 363 2.060000
 364 2.060000
 365 2.060000
 366 2.060000
 367 2.060000
 368 2.090000
 369 4.600000
 370 4.580000
 371 4.610000
 372 4.610000
 373 4.610000
 374 4.610000
 375 4.610000
 376 4.610000
 377 4.610000
 378 4.630000
 379 4.630000
 380 4.630000
 381 4.630000
 382 4.660000
 383 4.660000
 384 4.660000
 385 4.660000
 386 4.660000
 387 4.590000
 388 4.580000
 389 4.680000
 390 4.680000
 391 4.070000
 392 4.060000
 393 4.680000
 394 4.710000
 395 4.700000
 396 4.500000
 397 4.450000
 398 4.450000
 399 2.070000
 400 2.040000
 401 2.040000
 402 1.790000
 403 1.510000
 404 1.490000
 405 1.490000
 406 1.490000
 407 1.490000
 408 1.490000
 409 1.500000
 410 1.290000
 411 1.030000
 412 0.940000
 413 0.930000
 414 0.910000
 415 0.910000
 416 0.910000
 417 0.910000
 418 0.910000
 419 0.940000
 420 0.940000
 421 0.910000
 422 0.940000
 423 0.910000
 424 0.910000
 425 0.940000
 426 0.910000
 427 0.910000
 428 0.910000
 429 0.940000
 430 0.960000
 431 4.300000
 432 4.310000
 433 4.290000
 434 4.290000
 435 4.280000
 436 4.310000
 437 4.360000
 438 5.020000
 439 5.000000
 440 4.650000
 441 4.590000
 442 4.460000
 443 4.370000
 444 4.320000
 445 4.320000
 446 4.340000
 447 4.340000
 448 4.340000
 449 4.350000
 450 4.390000
 451 4.510000
 452 4.440000
 453 4.410000
 454 4.450000
 455 3.880000
 456 3.890000
 457 3.910000
 458 3.930000
 459 3.930000
 460 3.930000
 461 3.950000
 462 3.960000
 463 3.590000
 464 3.990000
 465 4.480000
 466 3.620000
 467 3.670000
 468 3.670000
 469 4.430000
 470 4.450000
 471 3.530000
 472 3.560000
 473 3.530000
 474 3.470000
 475 3.530000
 476 3.590000
 477 3.590000
 478 3.590000
 479 3.610000
 480 3.610000
 481 3.610000
 482 3.660000
 483 4.370000
 484 4.320000
 485 3.480000
 486 3.480000
 487 3.820000
 488 3.820000
 489 3.820000
 490 3.650000
 491 3.630000
 492 3.630000
 493 3.670000
 494 4.010000
 495 4.030000
 496 4.020000
 497 4.060000
 498 4.170000
 499 4.500000
 500 4.450000
 501 4.470000
 502 4.350000
 503 4.320000
 504 4.340000
 505 4.290000
 506 4.170000
 507 4.130000
 508 4.110000
 509 4.140000
 510 4.190000
 511 4.230000
 512 4.240000
 513 4.300000
 514 4.340000
 515 4.370000
 516 4.350000
 517 4.350000
 518 4.340000
 519 4.340000
 520 4.320000
 521 3.410000
 522 3.390000
 523 3.360000
 524 3.380000
 525 3.440000
 526 3.490000
 527 3.470000
 528 3.450000
 529 3.460000
 530 3.470000
 531 3.440000
 532 3.460000
 533 3.460000
 534 4.170000
 535 3.930000
 536 3.910000
 537 3.880000
 538 3.940000
 539 4.120000
 540 4.120000
 541 4.070000
 542 3.990000
 543 3.980000
 544 3.930000
 545 3.920000
 546 3.940000
 547 3.930000
 548 3.930000
 549 4.020000
 550 4.020000
 551 4.020000
 552 4.000000
 553 4.000000
 554 4.000000
 555 3.950000
 556 3.950000
 557 3.950000
 558 3.950000
 559 2.570000
 560 2.650000
 561 2.610000
 562 3.950000
 563 3.900000
 564 3.920000
 565 3.900000
 566 3.200000
 567 3.160000
 568 3.150000
 569 3.100000
 570 3.100000
 571 3.100000
 572 3.150000
 573 3.850000
 574 3.870000
 575 3.000000
 576 3.020000
 577 2.990000
 578 3.060000
 579 3.040000
 580 3.020000
 581 3.060000
 582 2.950000
 583 2.940000
 584 3.070000
 585 2.950000
 586 3.770000
 587 2.960000
 588 2.930000
 589 2.940000
 590 3.050000
 591 3.020000
 592 2.930000
 593 3.050000
 594 3.020000
 595 3.040000
 596 3.050000
 597 2.980000
 598 2.990000
 599 2.930000
 600 2.980000
 601 2.970000
 602 3.020000
 603 2.970000
 604 3.000000
 605 2.930000
 606 2.930000
 607 2.970000
 608 2.950000
 609 2.960000
 610 2.950000
 611 2.920000
 612 2.940000
 613 2.990000
 614 2.940000
 615 2.960000
 616 2.900000
 617 2.880000
 618 2.980000
 619 2.980000
 620 2.980000
 621 2.880000
 622 2.940000
 623 2.930000
 624 2.910000
 625 2.930000
 626 2.910000
 627 2.910000
 628 2.910000
 629 2.950000
 630 2.930000
 631 2.960000
 632 2.980000
 633 3.020000
 634 2.990000
 635 3.020000
 636 2.930000
 637 3.040000
 638 3.040000
 639 2.950000
 640 2.950000
 641 2.930000
 642 3.060000
 643 2.940000
 644 3.060000
 645 3.020000
 646 2.960000
 647 3.020000
 648 3.040000
 649 2.930000
 650 3.020000
 651 3.020000
 652 2.910000
 653 3.010000
 654 3.020000
 655 2.930000
 656 3.010000
 657 3.010000
 658 2.930000
 659 3.010000
 660 2.980000
 661 2.930000
 662 3.030000
 663 3.010000
 664 2.980000
 665 3.010000
 666 2.930000
 667 3.010000
 668 3.010000
 669 3.010000
 670 2.980000
 671 3.010000
 672 2.910000
 673 2.920000
 674 2.950000
 675 2.880000
 676 2.940000
 677 2.980000
 678 2.980000
 679 2.930000
 680 2.970000
 681 2.980000
 682 2.950000
 683 2.940000
 684 2.940000
 685 2.960000
 686 2.980000
 687 3.010000
 688 3.030000
 689 3.010000
 690 3.060000
 691 3.030000
 692 3.030000
 693 2.900000
 694 2.910000
 695 2.930000
 696 2.900000
 697 3.060000
 698 3.030000
 699 2.910000
 700 3.030000
 701 3.030000
 702 3.040000
 703 3.040000
 704 3.060000
 705 3.240000
 706 2.930000
 707 3.060000
 708 3.080000
 709 3.060000
 710 3.060000
 711 3.030000
 712 3.010000
 713 3.060000
 714 3.030000
 715 3.000000
 716 2.970000
 717 2.980000
 718 2.970000
 719 2.940000
 720 2.960000
 721 3.020000
 722 2.880000
 723 3.710000
 724 3.710000
 725 3.660000
 726 3.620000
 727 3.550000
 728 3.170000
 729 3.180000
 730 3.220000
 731 3.230000
 732 3.160000
 733 3.380000
 734 3.380000
 735 3.330000
 736 3.110000
 737 3.030000
 738 3.030000
 739 3.060000
 740 3.000000
 741 2.970000
 742 3.030000
 743 3.030000
 744 3.060000
 745 3.000000
 746 3.020000
 747 3.100000
 748 3.070000
 749 3.020000
 750 3.020000
 751 3.070000
 752 3.100000
 753 3.040000
 754 3.070000
 755 3.120000
 756 3.100000
 757 3.100000
 758 3.270000
 759 3.060000
 760 3.120000
 0 2.760000
 1 2.180000
 2 2.910000
 3 2.180000
 4 2.220000
 5 2.280000
 6 2.310000
 7 2.280000
 8 2.180000
 9 2.340000
 10 2.300000
 11 2.270000
 12 2.250000
 13 2.940000
 14 2.230000
 15 2.390000
 16 2.960000
 17 2.260000
 18 2.960000
 19 2.230000
 20 2.710000
 21 2.390000
 22 2.260000
 23 2.280000
 24 2.310000
 25 3.010000
 26 2.280000
 27 2.430000
 28 2.430000
 29 2.380000
 30 2.440000
 31 2.410000
 32 2.440000
 33 2.430000
 34 2.460000
 35 2.300000
 36 2.330000
 37 3.090000
 38 2.430000
 39 2.410000
 40 2.460000
 41 2.430000
 42 2.430000
 43 2.410000
 44 2.430000
 45 2.260000
 46 2.260000
 47 2.360000
 48 2.230000
 49 2.360000
 50 2.230000
 51 3.190000
 52 2.200000
 53 3.010000
 54 2.330000
 55 2.180000
 56 2.330000
 57 2.310000
 58 2.280000
 59 2.280000
 60 2.250000
 61 2.270000
 62 2.330000
 63 2.200000
 64 2.210000
 65 2.200000
 66 2.250000
 67 2.210000
 68 2.360000
 69 2.330000
 70 2.350000
 71 2.330000
 72 2.360000
 73 2.360000
 74 2.280000
 75 2.280000
 76 2.410000
 77 2.380000
 78 2.390000
 79 2.420000
 80 2.420000
 81 2.440000
 82 2.460000
 83 2.490000
 84 2.550000
 85 2.570000
 86 2.620000
 87 2.580000
 88 2.630000
 89 2.620000
 90 2.710000
 91 2.790000
 92 2.760000
 93 2.760000
 94 2.780000
 95 2.810000
 96 2.830000
 97 2.830000
 98 2.800000
 99 2.810000
 100 2.810000
 101 2.840000
 102 2.860000
 103 2.860000
 104 2.860000
 105 2.860000
 106 2.890000
 107 2.890000
 108 2.890000
 109 2.910000
 110 2.910000
 111 2.910000
 112 2.940000
 113 2.940000
 114 2.960000
 115 2.990000
 116 2.960000
 117 2.990000
 118 3.010000
 119 3.010000
 120 3.010000
 121 3.030000
 122 3.030000
 123 3.030000
 124 3.080000
 125 3.080000
 126 3.080000
 127 3.110000
 128 3.110000
 129 3.110000
 130 3.110000
 131 3.130000
 132 3.130000
 133 3.160000
 134 3.160000
 135 3.180000
 136 3.210000
 137 3.210000
 138 3.220000
 139 3.220000
 140 3.370000
 141 3.480000
 142 3.500000
 143 3.530000
 144 3.550000
 145 3.540000
 146 3.540000
 147 3.540000
 148 3.550000
 149 3.520000
 150 3.560000
 151 3.550000
 152 4.840000
 153 4.870000
 154 4.880000
 155 3.550000
 156 3.560000
 157 3.590000
 158 3.590000
 159 3.560000
 160 3.550000
 161 3.550000
 162 3.530000
 163 3.570000
 164 3.610000
 165 3.570000
 166 3.570000
 167 3.590000
 168 3.560000
 169 3.580000
 170 3.610000
 171 3.650000
 172 3.870000
 173 3.900000
 174 3.870000
 175 3.840000
 176 3.860000
 177 3.860000
 178 3.840000
 179 3.840000
 180 3.850000
 181 3.910000
 182 3.890000
 183 3.860000
 184 3.880000
 185 3.730000
 186 3.320000
 187 3.320000
 188 3.360000
 189 3.810000
 190 3.860000
 191 3.410000
 192 3.330000
 193 3.830000
 194 3.860000
 195 3.860000
 196 2.730000
 197 2.720000
 198 2.700000
 199 2.720000
 200 2.700000
 201 2.670000
 202 2.680000
 203 2.700000
 204 2.690000
 205 2.690000
 206 2.690000
 207 2.690000
 208 2.690000
 209 2.700000
 210 2.650000
 211 2.670000
 212 2.650000
 213 2.660000
 214 2.690000
 215 2.680000
 216 2.660000
 217 2.640000
 218 2.690000
 219 2.580000
 220 2.590000
 221 2.600000
 222 2.560000
 223 2.560000
 224 2.560000
 225 2.560000
 226 2.560000
 227 2.540000
 228 2.540000
 229 2.540000
 230 2.510000
 231 2.540000
 232 1.610000
 233 1.580000
 234 1.560000
 235 1.580000
 236 1.580000
 237 1.580000
 238 1.560000
 239 1.560000
 240 1.560000
 241 1.560000
 242 1.560000
 243 1.530000
 244 1.530000
 245 1.530000
 246 1.530000
 247 1.480000
 248 1.480000
 249 1.160000
 250 1.130000
 251 1.110000
 252 1.090000
 253 1.090000
 254 1.110000
 255 1.110000
 256 1.110000
 257 1.090000
 258 1.090000
 259 1.090000
 260 1.060000
 261 1.090000
 262 1.060000
 263 1.080000
 264 1.080000
 265 1.070000
 266 1.100000
 267 1.100000
 268 1.130000
 269 1.120000
 270 1.130000
 271 1.260000
 272 1.430000
 273 1.430000
 274 1.410000
 275 1.420000
 276 1.430000
 277 1.460000
 278 1.480000
 279 1.460000
 280 1.480000
 281 1.480000
 282 1.530000
 283 1.530000
 284 1.550000
 285 1.550000
 286 1.550000
 287 1.580000
 288 1.600000
 289 1.630000
 290 1.650000
 291 1.650000
 292 1.700000
 293 1.650000
 294 1.700000
 295 1.720000
 296 1.610000
 297 1.610000
 298 1.610000
 299 1.610000
 300 1.610000
 301 1.590000
 302 1.590000
 303 1.590000
 304 1.590000
 305 1.590000
 306 1.580000
 307 1.590000
 308 1.610000
 309 1.640000
 310 1.630000
 311 3.510000
 312 3.410000
 313 3.410000
 314 3.510000
 315 3.490000
 316 3.410000
 317 3.390000
 318 3.360000
 319 3.390000
 320 2.180000
 321 2.130000
 322 2.130000
 323 2.130000
 324 0.960000
 325 0.960000
 326 0.940000
 327 0.940000
 328 0.940000
 329 0.960000
 330 0.940000
 331 0.940000
 332 0.960000
 333 0.940000
 334 0.940000
 335 0.940000
 336 0.940000
 337 0.940000
 338 0.910000
 339 0.940000
 340 0.910000
 341 0.960000
 342 0.930000
 343 0.980000
 344 1.010000
 345 1.070000
 346 4.410000
 347 3.220000
 348 1.510000
 349 1.510000
 350 1.510000
 351 1.510000
 352 1.510000
 353 1.490000
 354 1.490000
 355 1.510000
 356 1.490000
 357 1.490000
 358 1.510000
 359 1.490000
 360 1.500000
 361 1.600000
 362 2.060000
 363 2.060000
 364 2.040000
 365 2.060000
 366 2.060000
 367 2.060000
 368 2.120000
 369 4.600000
 370 4.610000
 371 4.610000
 372 4.610000
 373 4.610000
 374 4.610000
 375 4.610000
 376 4.610000
 377 4.630000
 378 4.630000
 379 4.630000
 380 4.630000
 381 4.660000
 382 4.630000
 383 4.630000
 384 4.650000
 385 4.660000
 386 4.660000
 387 4.590000
 388 4.610000
 389 4.660000
 390 4.660000
 391 4.050000
 392 4.000000
 393 4.680000
 394 4.710000
 395 4.670000
 396 4.500000
 397 4.450000
 398 4.450000
 399 2.050000
 400 2.040000
 401 2.060000
 402 1.760000
 403 1.530000
 404 1.490000
 405 1.490000
 406 1.490000
 407 1.490000
 408 1.490000
 409 1.500000
 410 1.310000
 411 1.030000
 412 0.970000
 413 0.900000
 414 0.940000
 415 0.910000
 416 0.910000
 417 0.910000
 418 0.940000
 419 0.910000
 420 0.910000
 421 0.910000
 422 0.910000
 423 0.910000
 424 0.940000
 425 0.910000
 426 0.910000
 427 0.910000
 428 0.910000
 429 0.940000
 430 0.960000
 431 4.300000
 432 4.330000
 433 4.290000
 434 4.290000
 435 4.280000
 436 4.310000
 437 4.360000
 438 5.000000
 439 5.000000
 440 4.680000
 441 4.560000
 442 4.470000
 443 4.370000
 444 4.340000
 445 4.340000
 446 4.340000
 447 4.350000
 448 4.340000
 449 4.350000
 450 4.380000
 451 4.540000
 452 4.440000
 453 4.430000
 454 4.450000
 455 3.910000
 456 3.890000
 457 3.900000
 458 3.930000
 459 3.960000
 460 3.960000
 461 3.960000
 462 3.970000
 463 3.590000
 464 3.960000
 465 4.480000
 466 3.630000
 467 3.650000
 468 3.670000
 469 4.460000
 470 4.460000
 471 3.530000
 472 3.570000
 473 3.510000
 474 3.460000
 475 3.530000
 476 3.600000
 477 3.590000
 478 3.590000
 479 3.610000
 480 3.610000
 481 3.670000
 482 3.660000
 483 4.370000
 484 4.300000
 485 3.460000
 486 3.480000
 487 3.820000
 488 3.820000
 489 3.830000
 490 3.670000
 491 3.660000
 492 3.660000
 493 3.670000
 494 4.010000
 495 4.020000
 496 4.020000
 497 4.070000
 498 4.190000
 499 4.500000
 500 4.450000
 501 4.480000
 502 4.350000
 503 4.290000
 504 4.330000
 505 4.270000
 506 4.190000
 507 4.130000
 508 4.130000
 509 4.170000
 510 4.200000
 511 4.230000
 512 4.220000
 513 4.280000
 514 4.340000
 515 4.350000
 516 4.370000
 517 4.340000
 518 4.320000
 519 4.340000
 520 4.320000
 521 3.380000
 522 3.390000
 523 3.360000
 524 3.380000
 525 3.420000
 526 3.490000
 527 3.470000
 528 3.440000
 529 3.460000
 530 3.470000
 531 3.440000
 532 3.460000
 533 3.460000
 534 4.170000
 535 3.910000
 536 3.910000
 537 3.880000
 538 3.970000
 539 4.120000
 540 4.120000
 541 4.050000
 542 3.970000
 543 3.960000
 544 3.930000
 545 3.940000
 546 3.970000
 547 3.930000
 548 3.930000
 549 4.050000
 550 4.020000
 551 4.000000
 552 4.000000
 553 4.000000
 554 3.970000
 555 3.970000
 556 3.950000
 557 3.970000
 558 3.950000
 559 2.600000
 560 2.620000
 561 2.750000
 562 3.920000
 563 3.920000
 564 3.900000
 565 3.920000
 566 3.200000
 567 3.150000
 568 3.130000
 569 3.120000
 570 3.070000
 571 3.100000
 572 3.140000
 573 3.870000
 574 3.850000
 575 3.000000
 576 3.030000
 577 2.990000
 578 3.080000
 579 3.040000
 580 3.010000
 581 3.060000
 582 2.970000
 583 2.970000
 584 3.040000
 585 2.950000
 586 3.770000
 587 2.930000
 588 2.930000
 589 2.940000
 590 3.050000
 591 3.020000
 592 2.960000
 593 3.050000
 594 3.040000
 595 3.040000
 596 3.050000
 597 2.980000
 598 2.990000
 599 2.930000
 600 3.000000
 601 2.990000
 602 3.040000
 603 2.970000
 604 2.970000
 605 2.910000
 606 2.930000
 607 2.970000
 608 2.980000
 609 3.000000
 610 2.930000
 611 2.950000
 612 2.940000
 613 2.960000
 614 2.940000
 615 2.960000
 616 2.900000
 617 2.900000
 618 2.980000
 619 3.010000
 620 3.010000
 621 2.900000
 622 2.920000
 623 2.930000
 624 2.910000
 625 2.920000
 626 2.880000
 627 2.910000
 628 2.910000
 629 2.930000
 630 2.920000
 631 2.960000
 632 3.010000
 633 3.020000
 634 3.020000
 635 3.020000
 636 2.930000
 637 3.050000
 638 3.040000
 639 2.930000
 640 2.950000
 641 2.910000
 642 3.040000
 643 2.980000
 644 3.080000
 645 3.050000
 646 2.930000
 647 3.020000
 648 3.020000
 649 2.930000
 650 3.020000
 651 3.040000
 652 2.930000
 653 3.020000
 654 3.020000
 655 2.910000
 656 2.980000
 657 2.980000
 658 2.930000
 659 3.010000
 660 2.980000
 661 2.910000
 662 3.030000
 663 3.010000
 664 2.980000
 665 3.010000
 666 2.910000
 667 2.980000
 668 3.010000
 669 3.010000
 670 2.960000
 671 2.980000
 672 2.910000
 673 2.920000
 674 2.960000
 675 2.910000
 676 2.950000
 677 2.980000
 678 3.010000
 679 2.960000
 680 2.970000
 681 2.990000
 682 2.950000
 683 2.930000
 684 2.950000
 685 2.950000
 686 3.010000
 687 3.010000
 688 3.030000
 689 3.010000
 690 3.030000
 691 3.030000
 692 3.030000
 693 2.930000
 694 2.910000
 695 2.910000
 696 2.930000
 697 3.030000
 698 3.030000
 699 2.910000
 700 3.010000
 701 3.010000
 702 3.040000
 703 3.040000
 704 3.060000
 705 3.060000
 706 2.930000
 707 3.060000
 708 3.060000
 709 3.030000
 710 3.060000
 711 3.030000
 712 3.010000
 713 3.080000
 714 3.030000
 715 3.000000
 716 3.000000
 717 2.990000
 718 2.940000
 719 2.940000
 720 2.980000
 721 3.020000
 722 2.880000
 723 3.740000
 724 3.680000
 725 3.650000
 726 3.620000
 727 3.550000
 728 3.170000
 729 3.180000
 730 3.240000
 731 3.210000
 732 3.180000
 733 3.410000
 734 3.360000
 735 3.330000
 736 3.080000
 737 3.060000
 738 3.030000
 739 3.060000
 740 3.020000
 741 2.970000
 742 3.030000
 743 3.060000
 744 3.080000
 745 3.030000
 746 2.990000
 747 3.070000
 748 3.050000
 749 3.040000
 750 3.020000
 751 3.100000
 752 3.100000
 753 3.070000
 754 3.070000
 755 3.120000
 756 3.100000
 757 3.120000
 758 3.260000
 759 3.070000
 760 3.090000
 0 2.820000
 1 2.160000
 2 2.890000
 3 2.180000
 4 2.220000
 5 2.280000
 6 2.320000
 7 2.280000
 8 2.180000
 9 2.320000
 10 2.350000
 11 2.220000
 12 2.250000
 13 2.940000
 14 2.210000
 15 2.390000
 16 2.940000
 17 2.230000
 18 2.970000
 19 2.250000
 20 2.740000
 21 2.390000
 22 2.260000
 23 2.280000
 24 2.280000
 25 3.020000
 26 2.280000
 27 2.460000
 28 2.440000
 29 2.390000
 30 2.440000
 31 2.410000
 32 2.440000
 33 2.430000
 34 2.430000
 35 2.300000
 36 2.330000
 37 3.090000
 38 2.430000
 39 2.410000
 40 2.430000
 41 2.430000
 42 2.430000
 43 2.380000
 44 2.410000
 45 2.260000
 46 2.260000
 47 2.360000
 48 2.260000
 49 2.330000
 50 2.230000
 51 3.180000
 52 2.230000
 53 3.000000
 54 2.210000
 55 2.180000
 56 2.280000
 57 2.310000
 58 2.280000
 59 2.280000
 60 2.250000
 61 2.270000
 62 2.330000
 63 2.210000
 64 2.210000
 65 2.200000
 66 2.250000
 67 2.230000
 68 2.360000
 69 2.330000
 70 2.380000
 71 2.340000
 72 2.340000
 73 2.360000
 74 2.280000
 75 2.310000
 76 2.410000
 77 2.400000
 78 2.400000
 79 2.400000
 80 2.400000
 81 2.420000
 82 2.460000
 83 2.500000
 84 2.550000
 85 2.570000
 86 2.630000
 87 2.580000
 88 2.630000
 89 2.620000
 90 2.710000
 91 2.790000
 92 2.730000
 93 2.760000
 94 2.780000
 95 2.810000
 96 2.810000
 97 2.830000
 98 2.800000
 99 2.810000
 100 2.810000
 101 2.810000
 102 2.840000
 103 2.860000
 104 2.860000
 105 2.860000
 106 2.860000
 107 2.890000
 108 2.890000
 109 2.910000
 110 2.910000
 111 2.910000
 112 2.910000
 113 2.960000
 114 2.940000
 115 2.960000
 116 2.960000
 117 2.990000
 118 2.990000
 119 2.990000
 120 3.010000
 121 3.030000
 122 3.030000
 123 3.030000
 124 3.060000
 125 3.060000
 126 3.080000
 127 3.080000
 128 3.080000
 129 3.110000
 130 3.130000
 131 3.130000
 132 3.160000
 133 3.180000
 134 3.180000
 135 3.180000
 136 3.210000
 137 3.210000
 138 3.220000
 139 3.220000
 140 3.370000
 141 3.510000
 142 3.500000
 143 3.550000
 144 3.550000
 145 3.550000
 146 3.540000
 147 3.540000
 148 3.560000
 149 3.520000
 150 3.560000
 151 3.530000
 152 4.820000
 153 4.870000
 154 4.890000
 155 3.530000
 156 3.590000
 157 3.590000
 158 3.590000
 159 3.560000
 160 3.550000
 161 3.580000
 162 3.540000
 163 3.580000
 164 3.610000
 165 3.580000
 166 3.580000
 167 3.540000
 168 3.590000
 169 3.590000
 170 3.610000
 171 3.650000
 172 3.880000
 173 3.900000
 174 3.850000
 175 3.830000
 176 3.860000
 177 3.880000
 178 3.860000
 179 3.840000
 180 3.850000
 181 3.890000
 182 3.890000
 183 3.890000
 184 3.860000
 185 3.760000
 186 3.330000
 187 3.320000
 188 3.360000
 189 3.800000
 190 3.860000
 191 3.380000
 192 3.330000
 193 3.860000
 194 3.860000
 195 3.840000
 196 2.730000
 197 2.720000
 198 2.700000
 199 2.720000
 200 2.720000
 201 2.700000
 202 2.680000
 203 2.690000
 204 2.720000
 205 2.730000
 206 2.690000
 207 2.690000
 208 2.690000
 209 2.670000
 210 2.680000
 211 2.680000
 212 2.650000
 213 2.660000
 214 2.690000
 215 2.660000
 216 2.660000
 217 2.670000
 218 2.660000
 219 2.580000
 220 2.590000
 221 2.570000
 222 2.570000
 223 2.570000
 224 2.570000
 225 2.570000
 226 2.570000
 227 2.570000
 228 2.540000
 229 2.520000
 230 2.540000
 231 2.520000
 232 1.590000
 233 1.580000
 234 1.580000
 235 1.580000
 236 1.580000
 237 1.580000
 238 1.580000
 239 1.560000
 240 1.560000
 241 1.530000
 242 1.560000
 243 1.530000
 244 1.530000
 245 1.510000
 246 1.530000
 247 1.510000
 248 1.510000
 249 1.160000
 250 1.110000
 251 1.120000
 252 1.120000
 253 1.120000
 254 1.120000
 255 1.090000
 256 1.090000
 257 1.070000
 258 1.090000
 259 1.120000
 260 1.090000
 261 1.090000
 262 1.090000
 263 1.080000
 264 1.080000
 265 1.110000
 266 1.100000
 267 1.100000
 268 1.110000
 269 1.130000
 270 1.140000
 271 1.240000
 272 1.430000
 273 1.420000
 274 1.450000
 275 1.440000
 276 1.460000
 277 1.460000
 278 1.460000
 279 1.480000
 280 1.480000
 281 1.500000
 282 1.500000
 283 1.500000
 284 1.530000
 285 1.550000
 286 1.550000
 287 1.580000
 288 1.580000
 289 1.630000
 290 1.600000
 291 1.650000
 292 1.650000
 293 1.670000
 294 1.700000
 295 1.720000
 296 1.640000
 297 1.620000
 298 1.590000
 299 1.620000
 300 1.590000
 301 1.620000
 302 1.590000
 303 1.590000
 304 1.590000
 305 1.590000
 306 1.580000
 307 1.590000
 308 1.640000
 309 1.670000
 310 1.630000
 311 3.520000
 312 3.420000
 313 3.420000
 314 3.520000
 315 3.490000
 316 3.390000
 317 3.390000
 318 3.370000
 319 3.370000
 320 2.160000
 321 2.130000
 322 2.130000
 323 2.130000
 324 0.980000
 325 0.970000
 326 0.940000
 327 0.940000
 328 0.940000
 329 0.940000
 330 0.940000
 331 0.940000
 332 0.940000
 333 0.970000
 334 0.970000
 335 0.940000
 336 0.970000
 337 0.940000
 338 0.940000
 339 0.940000
 340 0.940000
 341 0.930000
 342 0.960000
 343 0.960000
 344 0.960000
 345 1.070000
 346 4.400000
 347 3.250000
 348 1.510000
 349 1.520000
 350 1.490000
 351 1.520000
 352 1.520000
 353 1.490000
 354 1.520000
 355 1.490000
 356 1.490000
 357 1.520000
 358 1.520000
 359 1.490000
 360 1.500000
 361 1.600000
 362 2.070000
 363 2.070000
 364 2.070000
 365 2.060000
 366 2.070000
 367 2.060000
 368 2.120000
 369 4.600000
 370 4.580000
 371 4.610000
 372 4.610000
 373 4.610000
 374 4.610000
 375 4.610000
 376 4.610000
 377 4.630000
 378 4.610000
 379 4.630000
 380 4.630000
 381 4.630000
 382 4.630000
 383 4.630000
 384 4.630000
 385 4.660000
 386 4.660000
 387 4.590000
 388 4.610000
 389 4.660000
 390 4.680000
 391 4.070000
 392 4.030000
 393 4.680000
 394 4.710000
 395 4.680000
 396 4.500000
 397 4.430000
 398 4.450000
 399 2.050000
 400 2.040000
 401 2.070000
 402 1.770000
 403 1.510000
 404 1.470000
 405 1.490000
 406 1.490000
 407 1.490000
 408 1.490000
 409 1.500000
 410 1.290000
 411 1.030000
 412 0.970000
 413 0.930000
 414 0.920000
 415 0.940000
 416 0.940000
 417 0.940000
 418 0.920000
 419 0.920000
 420 0.940000
 421 0.920000
 422 0.920000
 423 0.920000
 424 0.940000
 425 0.920000
 426 0.920000
 427 0.920000
 428 0.920000
 429 0.940000
 430 0.940000
 431 4.300000
 432 4.330000
 433 4.290000
 434 4.290000
 435 4.290000
 436 4.310000
 437 4.360000
 438 5.010000
 439 5.000000
 440 4.690000
 441 4.560000
 442 4.460000
 443 4.370000
 444 4.330000
 445 4.340000
 446 4.350000
 447 4.360000
 448 4.370000
 449 4.350000
 450 4.400000
 451 4.510000
 452 4.440000
 453 4.410000
 454 4.480000
 455 3.910000
 456 3.880000
 457 3.910000
 458 3.920000
 459 3.930000
 460 3.960000
 461 3.930000
 462 3.960000
 463 3.570000
 464 3.990000
 465 4.470000
 466 3.630000
 467 3.670000
 468 3.680000
 469 4.440000
 470 4.440000
 471 3.540000
 472 3.520000
 473 3.530000
 474 3.470000
 475 3.530000
 476 3.590000
 477 3.570000
 478 3.600000
 479 3.590000
 480 3.610000
 481 3.610000
 482 3.670000
 483 4.400000
 484 4.330000
 485 3.460000
 486 3.480000
 487 3.850000
 488 3.820000
 489 3.830000
 490 3.680000
 491 3.630000
 492 3.630000
 493 3.670000
 494 4.020000
 495 4.030000
 496 4.030000
 497 4.060000
 498 4.200000
 499 4.530000
 500 4.450000
 501 4.480000
 502 4.350000
 503 4.290000
 504 4.310000
 505 4.270000
 506 4.200000
 507 4.130000
 508 4.130000
 509 4.140000
 510 4.200000
 511 4.210000
 512 4.250000
 513 4.290000
 514 4.320000
 515 4.350000
 516 4.380000
 517 4.350000
 518 4.340000
 519 4.340000
 520 4.330000
 521 3.410000
 522 3.390000
 523 3.390000
 524 3.360000
 525 3.420000
 526 3.490000
 527 3.460000
 528 3.450000
 529 3.460000
 530 3.470000
 531 3.440000
 532 3.460000
 533 3.470000
 534 4.180000
 535 3.930000
 536 3.880000
 537 3.880000
 538 3.940000
 539 4.130000
 540 4.100000
 541 4.050000
 542 3.990000
 543 3.970000
 544 3.930000
 545 3.950000
 546 3.970000
 547 3.940000
 548 3.930000
 549 4.030000
 550 4.030000
 551 4.000000
 552 4.000000
 553 4.000000
 554 3.980000
 555 3.950000
 556 3.950000
 557 3.950000
 558 3.950000
 559 2.620000
 560 2.650000
 561 2.560000
 562 3.930000
 563 3.930000
 564 3.900000
 565 3.900000
 566 3.180000
 567 3.160000
 568 3.130000
 569 3.120000
 570 3.100000
 571 3.080000
 572 3.140000
 573 3.850000
 574 3.850000
 575 3.000000
 576 3.020000
 577 2.990000
 578 3.090000
 579 3.050000
 580 3.020000
 581 3.090000
 582 2.970000
 583 2.970000
 584 3.040000
 585 2.980000
 586 3.780000
 587 2.930000
 588 2.930000
 589 2.940000
 590 3.030000
 591 3.050000
 592 2.960000
 593 3.080000
 594 3.010000
 595 3.040000
 596 3.080000
 597 3.010000
 598 3.000000
 599 2.960000
 600 3.000000
 601 2.990000
 602 2.930000
 603 2.970000
 604 3.000000
 605 2.930000
 606 2.930000
 607 2.970000
 608 2.950000
 609 2.990000
 610 2.940000
 611 2.950000
 612 2.940000
 613 2.960000
 614 2.940000
 615 2.880000
 616 2.880000
 617 2.900000
 618 2.990000
 619 2.960000
 620 3.010000
 621 2.880000
 622 2.910000
 623 2.930000
 624 2.910000
 625 2.910000
 626 2.880000
 627 2.910000
 628 2.910000
 629 2.950000
 630 2.930000
 631 2.920000
 632 3.010000
 633 3.020000
 634 3.020000
 635 3.020000
 636 2.930000
 637 3.040000
 638 3.050000
 639 2.950000
 640 2.920000
 641 2.930000
 642 3.070000
 643 2.980000
 644 3.060000
 645 3.030000
 646 2.930000
 647 3.030000
 648 3.030000
 649 2.930000
 650 3.020000
 651 3.020000
 652 2.930000
 653 3.020000
 654 3.040000
 655 2.930000
 656 3.010000
 657 3.010000
 658 2.930000
 659 3.010000
 660 3.010000
 661 2.910000
 662 3.040000
 663 2.990000
 664 2.990000
 665 3.040000
 666 2.910000
 667 2.990000
 668 2.990000
 669 3.010000
 670 2.960000
 671 2.990000
 672 2.880000
 673 2.920000
 674 2.960000
 675 2.910000
 676 2.950000
 677 2.950000
 678 2.990000
 679 2.930000
 680 3.000000
 681 2.960000
 682 2.950000
 683 2.930000
 684 2.960000
 685 2.960000
 686 2.990000
 687 3.010000
 688 3.010000
 689 2.980000
 690 3.060000
 691 3.030000
 692 3.010000
 693 2.930000
 694 2.910000
 695 2.930000
 696 2.930000
 697 3.030000
 698 3.030000
 699 2.910000
 700 3.030000
 701 3.030000
 702 3.040000
 703 3.030000
 704 3.040000
 705 3.240000
 706 2.960000
 707 3.070000
 708 3.080000
 709 3.060000
 710 3.030000
 711 3.060000
 712 3.030000
 713 2.910000
 714 3.030000
 715 3.030000
 716 2.980000
 717 2.990000
 718 2.980000
 719 2.950000
 720 2.960000
 721 3.000000
 722 2.900000
 723 3.740000
 724 3.710000
 725 3.680000
 726 3.600000
 727 3.580000
 728 3.170000
 729 3.190000
 730 3.240000
 731 3.210000
 732 3.160000
 733 3.410000
 734 3.380000
 735 3.360000
 736 3.110000
 737 3.060000
 738 3.030000
 739 3.030000
 740 3.000000
 741 2.970000
 742 3.060000
 743 3.060000
 744 3.060000
 745 3.030000
 746 3.010000
 747 3.100000
 748 3.080000
 749 3.040000
 750 3.040000
 751 3.100000
 752 3.100000
 753 3.070000
 754 3.080000
 755 3.130000
 756 3.100000
 757 3.130000
 758 3.290000
 759 3.090000
 760 3.090000
 0 2.820000
 1 2.160000
 2 2.890000
 3 2.180000
 4 2.220000
 5 2.280000
 6 2.320000
 7 2.310000
 8 2.180000
 9 2.320000
 10 2.300000
 11 2.270000
 12 2.230000
 13 2.940000
 14 2.230000
 15 2.370000
 16 2.970000
 17 2.260000
 18 2.970000
 19 2.250000
 20 2.670000
 21 2.380000
 22 2.280000
 23 2.280000
 24 2.280000
 25 3.020000
 26 2.310000
 27 2.460000
 28 2.440000
 29 2.410000
 30 2.420000
 31 2.410000
 32 2.440000
 33 2.430000
 34 2.430000
 35 2.300000
 36 2.330000
 37 3.090000
 38 2.430000
 39 2.430000
 40 2.410000
 41 2.410000
 42 2.410000
 43 2.380000
 44 2.430000
 45 2.280000
 46 2.260000
 47 2.360000
 48 2.230000
 49 2.330000
 50 2.230000
 51 3.180000
 52 2.230000
 53 3.040000
 54 2.210000
 55 2.200000
 56 2.280000
 57 2.310000
 58 2.280000
 59 2.310000
 60 2.220000
 61 2.270000
 62 2.330000
 63 2.210000
 64 2.210000
 65 2.200000
 66 2.250000
 67 2.210000
 68 2.380000
 69 2.330000
 70 2.380000
 71 2.340000
 72 2.340000
 73 2.340000
 74 2.280000
 75 2.310000
 76 2.410000
 77 2.380000
 78 2.400000
 79 2.430000
 80 2.420000
 81 2.420000
 82 2.490000
 83 2.520000
 84 2.550000
 85 2.570000
 86 2.630000
 87 2.580000
 88 2.630000
 89 2.640000
 90 2.680000
 91 2.790000
 92 2.760000
 93 2.760000
 94 2.810000
 95 2.810000
 96 2.830000
 97 2.830000
 98 2.800000
 99 2.810000
 100 2.810000
 101 2.840000
 102 2.840000
 103 2.860000
 104 2.860000
 105 2.860000
 106 2.880000
 107 2.890000
 108 2.890000
 109 2.910000
 110 2.910000
 111 2.910000
 112 2.940000
 113 2.940000
 114 2.960000
 115 2.960000
 116 2.960000
 117 2.990000
 118 3.010000
 119 3.010000
 120 3.010000
 121 3.030000
 122 3.030000
 123 3.060000
 124 3.060000
 125 3.060000
 126 3.080000
 127 3.080000
 128 3.110000
 129 3.110000
 130 3.110000
 131 3.130000
 132 3.160000
 133 3.160000
 134 3.160000
 135 3.180000
 136 3.210000
 137 3.220000
 138 3.230000
 139 3.250000
 140 3.370000
 141 3.510000
 142 3.530000
 143 3.550000
 144 3.550000
 145 3.550000
 146 3.550000
 147 3.560000
 148 3.550000
 149 3.510000
 150 3.570000
 151 3.520000
 152 4.820000
 153 4.840000
 154 4.890000
 155 3.550000
 156 3.590000
 157 3.570000
 158 3.590000
 159 3.560000
 160 3.550000
 161 3.550000
 162 3.540000
 163 3.550000
 164 3.580000
 165 3.580000
 166 3.580000
 167 3.570000
 168 3.590000
 169 3.610000
 170 3.610000
 171 3.650000
 172 3.850000
 173 3.900000
 174 3.850000
 175 3.860000
 176 3.860000
 177 3.860000
 178 3.880000
 179 3.840000
 180 3.850000
 181 3.890000
 182 3.890000
 183 3.890000
 184 3.890000
 185 3.760000
 186 3.330000
 187 3.320000
 188 3.360000
 189 3.830000
 190 3.890000
 191 3.410000
 192 3.360000
 193 3.860000
 194 3.860000
 195 3.870000
 196 2.730000
 197 2.720000
 198 2.720000
 199 2.720000
 200 2.720000
 201 2.680000
 202 2.690000
 203 2.700000
 204 2.690000
 205 2.700000
 206 2.690000
 207 2.690000
 208 2.670000
 209 2.670000
 210 2.700000
 211 2.670000
 212 2.650000
 213 2.660000
 214 2.690000
 215 2.690000
 216 2.660000
 217 2.660000
 218 2.690000
 219 2.580000
 220 2.590000
 221 2.600000
 222 2.570000
 223 2.570000
 224 2.570000
 225 2.540000
 226 2.570000
 227 2.540000
 228 2.570000
 229 2.550000
 230 2.540000
 231 2.520000
 232 1.590000
 233 1.600000
 234 1.580000
 235 1.610000
 236 1.580000
 237 1.560000
 238 1.560000
 239 1.560000
 240 1.560000
 241 1.580000
 242 1.530000
 243 1.560000
 244 1.530000
 245 1.530000
 246 1.510000
 247 1.510000
 248 1.510000
 249 1.160000
 250 1.110000
 251 1.120000
 252 1.090000
 253 1.090000
 254 1.090000
 255 1.120000
 256 1.090000
 257 1.090000
 258 1.090000
 259 1.090000
 260 1.070000
 261 1.070000
 262 1.070000
 263 1.080000
 264 1.080000
 265 1.100000
 266 1.100000
 267 1.130000
 268 1.110000
 269 1.130000
 270 1.140000
 271 1.240000
 272 1.430000
 273 1.430000
 274 1.460000
 275 1.440000
 276 1.460000
 277 1.460000
 278 1.460000
 279 1.460000
 280 1.480000
 281 1.480000
 282 1.500000
 283 1.550000
 284 1.530000
 285 1.550000
 286 1.550000
 287 1.580000
 288 1.580000
 289 1.630000
 290 1.630000
 291 1.650000
 292 1.650000
 293 1.670000
 294 1.700000
 295 1.700000
 296 1.640000
 297 1.620000
 298 1.590000
 299 1.590000
 300 1.590000
 301 1.590000
 302 1.620000
 303 1.590000
 304 1.590000
 305 1.590000
 306 1.610000
 307 1.620000
 308 1.640000
 309 1.670000
 310 1.630000
 311 3.520000
 312 3.440000
 313 3.420000
 314 3.490000
 315 3.470000
 316 3.420000
 317 3.390000
 318 3.390000
 319 3.390000
 320 2.180000
 321 2.160000
 322 2.160000
 323 2.130000
 324 0.960000
 325 0.940000
 326 0.970000
 327 0.940000
 328 0.940000
 329 0.940000
 330 0.940000
 331 0.940000
 332 0.940000
 333 0.970000
 334 0.940000
 335 0.940000
 336 0.940000
 337 0.940000
 338 0.940000
 339 0.940000
 340 0.940000
 341 0.930000
 342 0.940000
 343 0.960000
 344 0.990000
 345 1.070000
 346 4.380000
 347 3.250000
 348 1.510000
 349 1.490000
 350 1.520000
 351 1.490000
 352 1.490000
 353 1.520000
 354 1.490000
 355 1.490000
 356 1.490000
 357 1.490000
 358 1.520000
 359 1.520000
 360 1.500000
 361 1.600000
 362 2.040000
 363 2.070000
 364 2.070000
 365 2.060000
 366 2.070000
 367 2.060000
 368 2.110000
 369 4.600000
 370 4.610000
 371 4.610000
 372 4.610000
 373 4.580000
 374 4.610000
 375 4.610000
 376 4.610000
 377 4.630000
 378 4.630000
 379 4.630000
 380 4.630000
 381 4.630000
 382 4.630000
 383 4.630000
 384 4.660000
 385 4.630000
 386 4.660000
 387 4.590000
 388 4.590000
 389 4.660000
 390 4.680000
 391 4.070000
 392 4.030000
 393 4.710000
 394 4.710000
 395 4.680000
 396 4.500000
 397 4.450000
 398 4.450000
 399 2.050000
 400 2.040000
 401 2.070000
 402 1.770000
 403 1.500000
 404 1.490000
 405 1.490000
 406 1.520000
 407 1.490000
 408 1.490000
 409 1.500000
 410 1.290000
 411 1.030000
 412 0.940000
 413 0.930000
 414 0.940000
 415 0.920000
 416 0.920000
 417 0.920000
 418 0.940000
 419 0.940000
 420 0.920000
 421 0.920000
 422 0.920000
 423 0.920000
 424 0.940000
 425 0.940000
 426 0.920000
 427 0.920000
 428 0.940000
 429 0.940000
 430 0.970000
 431 4.280000
 432 4.330000
 433 4.290000
 434 4.290000
 435 4.310000
 436 4.310000
 437 4.380000
 438 5.030000
 439 5.030000
 440 4.690000
 441 4.560000
 442 4.460000
 443 4.370000
 444 4.350000
 445 4.340000
 446 4.350000
 447 4.340000
 448 4.340000
 449 4.380000
 450 4.400000
 451 4.510000
 452 4.440000
 453 4.440000
 454 4.450000
 455 3.880000
 456 3.890000
 457 3.910000
 458 3.930000
 459 3.920000
 460 3.960000
 461 3.940000
 462 3.980000
 463 3.600000
 464 3.990000
 465 4.490000
 466 3.620000
 467 3.650000
 468 3.680000
 469 4.460000
 470 4.470000
 471 3.540000
 472 3.560000
 473 3.510000
 474 3.470000
 475 3.560000
 476 3.580000
 477 3.590000
 478 3.600000
 479 3.590000
 480 3.640000
 481 3.610000
 482 3.670000
 483 4.400000
 484 4.350000
 485 3.460000
 486 3.480000
 487 3.820000
 488 3.820000
 489 3.830000
 490 3.650000
 491 3.660000
 492 3.630000
 493 3.670000
 494 4.010000
 495 4.030000
 496 4.060000
 497 4.070000
 498 4.200000
 499 4.530000
 500 4.450000
 501 4.480000
 502 4.350000
 503 4.320000
 504 4.340000
 505 4.280000
 506 4.200000
 507 4.130000
 508 4.130000
 509 4.170000
 510 4.200000
 511 4.210000
 512 4.250000
 513 4.290000
 514 4.350000
 515 4.350000
 516 4.350000
 517 4.350000
 518 4.340000
 519 4.350000
 520 4.330000
 521 3.380000
 522 3.390000
 523 3.370000
 524 3.360000
 525 3.430000
 526 3.490000
 527 3.470000
 528 3.450000
 529 3.490000
 530 3.480000
 531 3.440000
 532 3.460000
 533 3.470000
 534 4.180000
 535 3.910000
 536 3.910000
 537 3.910000
 538 3.970000
 539 4.130000
 540 4.130000
 541 4.080000
 542 3.990000
 543 3.960000
 544 3.950000
 545 3.950000
 546 3.940000
 547 3.960000
 548 3.930000
 549 4.030000
 550 4.030000
 551 4.000000
 552 4.030000
 553 4.000000
 554 4.000000
 555 3.950000
 556 3.950000
 557 3.950000
 558 3.980000
 559 2.620000
 560 2.650000
 561 2.580000
 562 3.930000
 563 3.930000
 564 3.900000
 565 3.900000
 566 3.200000
 567 3.180000
 568 3.140000
 569 3.130000
 570 3.080000
 571 3.100000
 572 3.140000
 573 3.880000
 574 3.850000
 575 2.970000
 576 3.020000
 577 3.010000
 578 3.090000
 579 3.050000
 580 3.020000
 581 3.060000
 582 2.970000
 583 2.940000
 584 3.040000
 585 2.950000
 586 3.780000
 587 2.930000
 588 2.930000
 589 2.940000
 590 3.030000
 591 3.050000
 592 2.930000
 593 3.050000
 594 3.020000
 595 3.070000
 596 3.050000
 597 2.990000
 598 3.000000
 599 2.930000
 600 3.000000
 601 2.980000
 602 2.910000
 603 3.000000
 604 2.970000
 605 2.910000
 606 2.930000
 607 2.970000
 608 2.980000
 609 2.970000
 610 2.940000
 611 2.940000
 612 2.940000
 613 2.960000
 614 2.910000
 615 2.960000
 616 2.880000
 617 2.880000
 618 2.990000
 619 2.980000
 620 2.980000
 621 2.900000
 622 2.930000
 623 2.910000
 624 2.890000
 625 2.930000
 626 2.880000
 627 2.910000
 628 2.910000
 629 2.930000
 630 2.920000
 631 2.960000
 632 2.990000
 633 3.020000
 634 3.020000
 635 3.020000
 636 2.930000
 637 3.040000
 638 3.040000
 639 2.930000
 640 2.950000
 641 2.930000
 642 3.070000
 643 2.970000
 644 3.060000
 645 3.050000
 646 2.930000
 647 3.030000
 648 3.030000
 649 2.930000
 650 3.020000
 651 3.020000
 652 3.040000
 653 2.990000
 654 3.020000
 655 2.910000
 656 3.010000
 657 3.010000
 658 2.930000
 659 3.010000
 660 2.990000
 661 2.930000
 662 3.040000
 663 2.990000
 664 3.010000
 665 3.010000
 666 2.930000
 667 3.010000
 668 3.010000
 669 3.010000
 670 2.960000
 671 3.010000
 672 2.910000
 673 2.950000
 674 2.960000
 675 2.880000
 676 2.940000
 677 2.950000
 678 2.990000
 679 2.940000
 680 2.970000
 681 2.960000
 682 2.950000
 683 2.920000
 684 2.950000
 685 2.990000
 686 2.990000
 687 3.030000
 688 3.030000
 689 3.010000
 690 3.030000
 691 3.030000
 692 3.030000
 693 2.930000
 694 2.910000
 695 2.930000
 696 2.930000
 697 3.030000
 698 3.060000
 699 2.910000
 700 3.030000
 701 3.030000
 702 3.070000
 703 3.040000
 704 3.070000
 705 3.060000
 706 2.960000
 707 3.070000
 708 3.080000
 709 3.030000
 710 3.060000
 711 3.060000
 712 3.010000
 713 3.060000
 714 3.010000
 715 3.000000
 716 2.970000
 717 2.960000
 718 2.950000
 719 2.950000
 720 2.990000
 721 3.030000
 722 2.940000
 723 3.740000
 724 3.710000
 725 3.650000
 726 3.630000
 727 3.580000
 728 3.170000
 729 3.210000
 730 3.240000
 731 3.240000
 732 3.160000
 733 3.410000
 734 3.380000
 735 3.330000
 736 3.110000
 737 3.030000
 738 3.030000
 739 3.030000
 740 3.030000
 741 2.940000
 742 3.030000
 743 3.060000
 744 3.060000
 745 3.000000
 746 3.020000
 747 3.080000
 748 3.100000
 749 3.040000
 750 3.040000
 751 3.100000
 752 3.100000
 753 3.070000
 754 3.100000
 755 3.130000
 756 3.100000
 757 3.130000
 758 3.260000
 759 3.090000
 760 3.090000