
 0 1.150000
 1 1.120000
 2 1.130000
 3 1.130000
 4 1.130000
 5 1.100000
 6 1.100000
 7 1.100000
 8 1.100000
 9 1.100000
 10 1.100000
 11 1.100000
 12 1.100000
 13 1.100000
 14 1.100000
 15 1.100000
 16 1.100000
 17 1.100000
 18 1.130000
 19 1.150000
 20 1.220000
 21 1.130000
 22 3.140000
 23 3.020000
 24 3.030000
 25 3.030000
 26 3.030000
 27 3.110000
 28 3.010000
 29 3.140000
 30 2.980000
 31 3.140000
 32 3.110000
 33 2.960000
 34 3.110000
 35 3.090000
 36 2.900000
 37 2.690000
 38 2.360000
 39 2.170000
 40 2.160000
 41 2.140000
 42 2.120000
 43 2.150000
 44 2.140000
 45 2.140000
 46 2.150000
 47 2.150000
 48 2.150000
 49 2.150000
 50 2.150000
 51 2.160000
 52 2.220000
 53 2.290000
 54 2.240000
 55 2.180000
 56 2.190000
 57 2.190000
 58 2.160000
 59 2.210000
 60 2.200000
 61 2.200000
 62 2.220000
 63 2.210000
 64 2.180000
 65 2.190000
 66 2.190000
 67 2.190000
 68 2.210000
 69 2.200000
 70 2.200000
 71 2.230000
 72 2.210000
 73 2.210000
 74 2.200000
 75 2.200000
 76 2.260000
 77 2.330000
 78 2.210000
 79 2.200000
 80 2.170000
 81 2.170000
 82 2.180000
 83 2.210000
 84 2.230000
 85 2.250000
 86 2.250000
 87 2.230000
 88 2.230000
 89 2.240000
 90 2.260000
 91 2.270000
 92 2.270000
 93 2.280000
 94 2.260000
 95 2.230000
 96 2.240000
 97 2.210000
 98 2.220000
 99 2.220000
 100 2.240000
 101 2.280000
 102 2.280000
 103 2.280000
 104 2.280000
 105 2.320000
 106 2.300000
 107 2.320000
 108 2.310000
 109 2.300000
 110 2.300000
 111 2.330000
 112 2.340000
 113 2.320000
 114 2.350000
 115 2.350000
 116 2.340000
 117 2.330000
 118 2.330000
 119 2.350000
 120 2.470000
 121 2.390000
 122 2.360000
 123 2.310000
 124 2.320000
 125 2.310000
 126 2.330000
 127 2.370000
 128 2.400000
 129 2.400000
 130 2.390000
 131 2.390000
 132 2.420000
 133 2.410000
 134 2.420000
 135 2.390000
 136 2.410000
 137 2.390000
 138 2.390000
 139 2.370000
 140 2.400000
 141 2.410000
 142 2.450000
 143 2.450000
 144 2.420000
 145 2.460000
 146 3.560000
 147 3.570000
 148 3.630000
 149 3.520000
 150 3.630000
 151 3.560000
 152 3.580000
 153 3.560000
 154 3.530000
 155 3.420000
 156 3.400000
 157 3.420000
 158 3.400000
 159 3.410000
 160 3.420000
 161 3.410000
 162 3.420000
 163 3.420000
 164 3.430000
 165 3.430000
 166 3.480000
 167 3.510000
 168 3.490000
 169 3.620000
 170 3.760000
 171 3.700000
 172 3.720000
 173 3.750000
 174 3.740000
 175 3.790000
 176 3.800000
 177 3.830000
 178 3.830000
 179 3.860000
 180 3.860000
 181 3.870000
 182 3.890000
 183 3.900000
 184 3.900000
 185 3.900000
 186 3.900000
 187 3.940000
 188 3.900000
 189 3.940000
 190 3.960000
 191 3.950000
 192 3.980000
 193 4.000000
 194 3.990000
 195 4.010000
 196 4.110000
 197 4.110000
 198 4.050000
 199 4.130000
 200 4.120000
 201 4.140000
 202 4.060000
 203 4.080000
 204 4.110000
 205 4.130000
 206 4.130000
 207 4.130000
 208 4.160000
 209 4.160000
 210 4.230000
 211 4.180000
 212 4.230000
 213 4.260000
 214 4.280000
 215 4.280000
 216 4.300000
 217 4.300000
 218 4.300000
 219 4.500000
 220 4.330000
 221 4.360000
 222 4.360000
 223 4.410000
 224 4.480000
 225 4.430000
 226 4.430000
 227 4.160000
 228 4.180000
 229 4.510000
 230 4.500000
 231 4.510000
 232 4.530000
 233 4.560000
 234 4.580000
 235 4.710000
 236 4.730000
 237 4.770000
 238 4.780000
 239 4.790000
 240 4.710000
 241 4.730000
 242 4.760000
 243 4.810000
 244 4.830000
 245 4.970000
 246 4.950000
 247 4.980000
 248 4.890000
 249 4.980000
 250 4.980000
 251 4.990000
 252 4.960000
 253 4.960000
 254 4.930000
 255 4.930000
 256 4.940000
 257 4.910000
 258 4.880000
 259 4.760000
 260 4.730000
 261 4.710000
 262 4.710000
 263 4.780000
 264 4.780000
 265 4.760000
 266 4.750000
 267 4.720000
 268 4.700000
 269 4.680000
 270 4.690000
 271 4.670000
 272 4.650000
 273 4.670000
 274 4.610000
 275 4.590000
 276 4.590000
 277 4.590000
 278 4.590000
 279 4.590000
 280 4.590000
 281 4.540000
 282 4.560000
 283 4.540000
 284 4.490000
 285 4.490000
 286 4.480000
 287 4.490000
 288 4.480000
 289 4.480000
 290 4.430000
 291 4.460000
 292 4.430000
 293 4.430000
 294 4.430000
 295 4.420000
 296 4.390000
 297 4.450000
 298 4.420000
 299 4.410000
 300 4.380000
 301 4.380000
 302 4.380000
 303 4.310000
 304 4.310000
 305 4.380000
 306 4.390000
 307 4.260000
 308 4.360000
 309 4.370000
 310 4.230000
 311 4.230000
 312 4.260000
 313 4.230000
 314 4.230000
 315 4.210000
 316 4.230000
 317 4.200000
 318 4.200000
 319 4.200000
 320 4.170000
 321 4.180000
 322 4.180000
 323 4.160000
 324 4.180000
 325 4.170000
 326 4.170000
 327 4.150000
 328 4.170000
 329 4.120000
 330 4.120000
 331 4.160000
 332 4.270000
 333 4.240000
 334 4.260000
 335 4.240000
 336 4.230000
 337 4.230000
 338 4.200000
 339 4.200000
 340 4.210000
 341 4.160000
 342 4.180000
 343 4.210000
 344 4.180000
 345 4.210000
 346 4.170000
 347 4.120000
 348 4.130000
 349 4.140000
 350 4.110000
 351 4.110000
 352 4.070000
 353 4.120000
 354 0.670000
 355 0.660000
 356 0.680000
 357 0.650000
 358 0.650000
 359 0.650000
 360 0.650000
 361 0.650000
 362 0.650000
 363 0.650000
 364 0.650000
 365 0.650000
 366 0.650000
 367 0.650000
 368 0.650000
 369 0.650000
 370 0.630000
 371 0.680000
 372 0.650000
 373 0.680000
 374 0.650000
 375 0.650000
 376 0.650000
 377 0.650000
 378 0.650000
 379 0.650000
 380 0.650000
 381 0.710000
 382 0.800000
 383 1.060000
 384 1.250000
 385 1.220000
 386 1.240000
 387 1.300000
 388 1.440000
 389 1.790000
 390 1.790000
 391 1.820000
 392 4.170000
 393 4.170000
 394 4.290000
 395 4.790000
 396 4.790000
 397 4.660000
 398 4.640000
 399 4.610000
 400 4.490000
 401 4.420000
 402 4.490000
 403 4.490000
 404 4.490000
 405 4.440000
 406 4.440000
 407 4.290000
 408 4.240000
 409 4.260000
 410 4.290000
 411 4.270000
 412 4.290000
 413 4.260000
 414 4.230000
 415 4.260000
 416 4.270000
 417 4.360000
 418 4.310000
 419 4.270000
 420 4.230000
 421 4.180000
 422 4.130000
 423 4.010000
 424 4.030000
 425 1.870000
 426 1.810000
 427 1.810000
 428 1.810000
 429 1.810000
 430 1.790000
 431 1.810000
 432 1.810000
 433 1.800000
 434 1.840000
 435 1.840000
 436 1.890000
 437 3.550000
 438 1.340000
 439 1.310000
 440 1.260000
 441 1.250000
 442 1.260000
 443 1.260000
 444 1.260000
 445 1.250000
 446 1.250000
 447 1.270000
 448 1.260000
 449 1.260000
 450 1.290000
 451 1.260000
 452 1.260000
 453 1.290000
 454 1.280000
 455 1.310000
 456 3.470000
 457 3.440000
 458 3.430000
 459 3.420000
 460 3.440000
 461 3.440000
 462 3.430000
 463 3.430000
 464 3.430000
 465 3.510000
 466 2.060000
 467 1.960000
 468 1.940000
 469 1.910000
 470 0.800000
 471 0.810000
 472 0.750000
 473 0.760000
 474 0.750000
 475 0.730000
 476 0.720000
 477 0.730000
 478 0.710000
 479 0.700000
 480 0.680000
 481 0.700000
 482 0.700000
 483 0.700000
 484 0.700000
 485 0.700000
 486 0.700000
 487 0.700000
 488 0.730000
 489 0.700000
 490 0.730000
 491 0.700000
 492 0.730000
 493 0.730000
 494 0.730000
 495 0.700000
 496 0.730000
 497 0.730000
 498 0.730000
 499 0.750000
 500 0.780000
 501 1.160000
 502 1.360000
 503 1.390000
 504 1.390000
 505 1.400000
 506 1.400000
 507 1.400000
 508 1.400000
 509 1.410000
 510 1.410000
 511 1.450000
 512 3.030000
 513 3.040000
 514 3.040000
 515 2.580000
 516 2.540000
 517 2.390000
 518 2.200000
 519 2.160000
 520 2.100000
 521 2.090000
 522 2.030000
 523 2.000000
 524 2.050000
 525 2.040000
 526 1.970000
 527 1.980000
 528 1.980000
 529 1.940000
 530 1.970000
 531 1.930000
 532 1.940000
 533 3.030000
 534 3.010000
 535 3.010000
 536 3.010000
 537 2.990000
 538 3.010000
 539 3.020000
 540 3.020000
 541 3.020000
 542 2.990000
 543 3.020000
 544 3.000000
 545 2.990000
 546 3.020000
 547 3.020000
 548 3.020000
 549 2.990000
 550 3.020000
 551 3.010000
 552 3.030000
 553 3.030000
 554 1.010000
 555 0.950000
 556 0.930000
 557 0.950000
 558 0.940000
 559 0.940000
 560 0.900000
 561 0.910000
 562 0.910000
 563 0.910000
 564 0.910000
 565 0.910000
 566 0.910000
 567 0.910000
 568 0.910000
 569 0.910000
 570 0.910000
 571 0.910000
 572 0.910000
 573 0.910000
 574 0.940000
 575 0.940000
 576 0.940000
 577 0.940000
 578 0.930000
 579 0.990000
 580 1.950000
 581 1.970000
 582 1.950000
 583 1.970000
 584 1.980000
 585 2.000000
 586 2.000000
 587 2.000000
 588 2.030000
 589 2.030000
 590 2.050000
 591 2.080000
 592 2.080000
 593 2.100000
 594 2.130000
 595 2.130000
 596 2.150000
 597 2.150000
 598 2.150000
 599 2.180000
 600 2.190000
 601 2.230000
 602 2.230000
 603 2.240000
 604 2.200000
 605 2.200000
 606 2.250000
 607 2.250000
 608 2.280000
 609 2.300000
 610 1.420000
 611 1.440000
 612 1.400000
 613 1.400000
 614 1.420000
 615 1.400000
 616 1.400000
 617 1.420000
 618 1.420000
 619 1.450000
 620 1.450000
 621 1.470000
 622 1.470000
 623 1.470000
 624 1.470000
 625 1.500000
 626 1.500000
 627 1.520000
 628 1.520000
 629 1.550000
 630 1.540000
 631 1.560000
 632 1.570000
 633 1.560000
 634 1.560000
 635 1.590000
 636 1.610000
 637 1.610000
 638 1.640000
 639 1.640000
 640 1.640000
 641 1.640000
 642 1.690000
 643 1.690000
 644 1.710000
 645 1.710000
 646 1.740000
 647 1.740000
 648 1.730000
 649 1.760000
 650 1.790000
 651 1.810000
 652 1.830000
 653 1.840000
 654 1.830000
 655 1.860000
 656 1.860000
 657 1.880000
 658 1.910000
 659 3.410000
 660 3.380000
 661 3.340000
 662 3.350000
 663 3.380000
 664 3.380000
 665 3.340000
 666 3.340000
 667 3.320000
 668 3.290000
 669 3.290000
 670 3.290000
 671 3.270000
 672 3.280000
 673 3.220000
 674 3.250000
 675 3.220000
 676 3.250000
 677 3.230000
 678 3.230000
 679 3.220000
 680 3.220000
 681 3.220000
 682 3.190000
 683 3.200000
 684 3.190000
 685 3.230000
 686 3.230000
 687 3.260000
 688 3.260000
 689 3.260000
 690 3.280000
 691 3.300000
 692 3.270000
 693 3.280000
 694 3.290000
 695 3.310000
 696 3.290000
 697 3.290000
 698 3.320000
 699 3.320000
 700 3.350000
 701 3.340000
 702 3.340000
 703 2.870000
 704 2.870000
 705 2.970000
 706 3.410000
 707 3.290000
 708 1.560000
 709 1.590000
 710 1.570000
 711 3.490000
 712 3.540000
 713 3.530000
 714 3.560000
 715 3.560000
 716 3.590000
 717 3.640000
 718 3.630000
 719 3.690000
 720 3.690000
 721 3.690000
 722 3.710000
 723 3.720000
 724 3.740000
 725 3.770000
 726 3.760000
 727 3.790000
 728 3.790000
 729 3.780000
 730 3.790000
 731 3.810000
 732 3.810000
 733 3.810000
 734 3.860000
 735 3.890000
 736 3.870000
 737 3.890000
 738 3.910000
 739 2.880000
 740 2.850000
 741 2.830000
 742 3.950000
 743 3.960000
 744 3.550000
 745 3.940000
 746 3.940000
 747 3.980000
 748 4.010000
 749 4.010000
 750 4.030000
 751 4.050000
 752 4.040000
 753 4.040000
 754 4.050000
 755 4.070000
 756 4.020000
 757 4.070000
 758 4.060000
 759 4.050000
 760 4.040000
 0 1.150000
 1 1.130000
 2 1.130000
 3 1.100000
 4 1.130000
 5 1.100000
 6 1.130000
 7 1.130000
 8 1.100000
 9 1.100000
 10 1.100000
 11 1.100000
 12 1.100000
 13 1.100000
 14 1.100000
 15 1.100000
 16 1.130000
 17 1.100000
 18 1.130000
 19 1.150000
 20 1.220000
 21 1.130000
 22 3.140000
 23 3.020000
 24 3.010000
 25 3.030000
 26 3.030000
 27 3.110000
 28 2.980000
 29 3.140000
 30 2.980000
 31 3.110000
 32 3.110000
 33 2.980000
 34 3.140000
 35 3.110000
 36 2.900000
 37 2.720000
 38 2.360000
 39 2.170000
 40 2.160000
 41 2.140000
 42 2.150000
 43 2.130000
 44 2.140000
 45 2.140000
 46 2.130000
 47 2.150000
 48 2.150000
 49 2.120000
 50 2.150000
 51 2.150000
 52 2.220000
 53 2.290000
 54 2.240000
 55 2.180000
 56 2.190000
 57 2.190000
 58 2.210000
 59 2.190000
 60 2.200000
 61 2.200000
 62 2.200000
 63 2.210000
 64 2.180000
 65 2.160000
 66 2.190000
 67 2.180000
 68 2.210000
 69 2.200000
 70 2.200000
 71 2.220000
 72 2.210000
 73 2.190000
 74 2.210000
 75 2.230000
 76 2.260000
 77 2.320000
 78 2.200000
 79 2.200000
 80 2.170000
 81 2.200000
 82 2.180000
 83 2.240000
 84 2.230000
 85 2.250000
 86 2.240000
 87 2.230000
 88 2.230000
 89 2.240000
 90 2.240000
 91 2.270000
 92 2.250000
 93 2.280000
 94 2.260000
 95 2.240000
 96 2.240000
 97 2.240000
 98 2.220000
 99 2.250000
 100 2.240000
 101 2.280000
 102 2.280000
 103 2.280000
 104 2.280000
 105 2.320000
 106 2.300000
 107 2.320000
 108 2.310000
 109 2.300000
 110 2.300000
 111 2.300000
 112 2.310000
 113 2.320000
 114 2.350000
 115 2.350000
 116 2.340000
 117 2.330000
 118 2.330000
 119 2.350000
 120 2.450000
 121 2.390000
 122 2.350000
 123 2.310000
 124 2.300000
 125 2.340000
 126 2.350000
 127 2.370000
 128 2.370000
 129 2.370000
 130 2.390000
 131 2.390000
 132 2.400000
 133 2.410000
 134 2.400000
 135 2.410000
 136 2.410000
 137 2.390000
 138 2.390000
 139 2.360000
 140 2.390000
 141 2.410000
 142 2.430000
 143 2.420000
 144 2.420000
 145 2.480000
 146 3.560000
 147 3.570000
 148 3.650000
 149 3.520000
 150 3.630000
 151 3.590000
 152 3.560000
 153 3.560000
 154 3.520000
 155 3.420000
 156 3.420000
 157 3.410000
 158 3.430000
 159 3.410000
 160 3.410000
 161 3.410000
 162 3.420000
 163 3.450000
 164 3.440000
 165 3.460000
 166 3.480000
 167 3.480000
 168 3.520000
 169 3.600000
 170 3.760000
 171 3.670000
 172 3.710000
 173 3.740000
 174 3.770000
 175 3.790000
 176 3.790000
 177 3.830000
 178 3.860000
 179 3.860000
 180 3.860000
 181 3.870000
 182 3.890000
 183 3.880000
 184 3.900000
 185 3.900000
 186 3.900000
 187 3.940000
 188 3.930000
 189 3.940000
 190 3.960000
 191 3.950000
 192 3.990000
 193 3.980000
 194 3.980000
 195 4.000000
 196 4.090000
 197 3.980000
 198 4.060000
 199 4.130000
 200 4.120000
 201 4.160000
 202 4.060000
 203 4.080000
 204 4.110000
 205 4.130000
 206 4.130000
 207 4.130000
 208 4.160000
 209 4.160000
 210 4.210000
 211 4.180000
 212 4.210000
 213 4.230000
 214 4.260000
 215 4.280000
 216 4.270000
 217 4.300000
 218 4.320000
 219 4.330000
 220 4.330000
 221 4.380000
 222 4.380000
 223 4.380000
 224 4.510000
 225 4.410000
 226 4.430000
 227 4.130000
 228 4.160000
 229 4.510000
 230 4.500000
 231 4.530000
 232 4.530000
 233 4.580000
 234 4.610000
 235 4.710000
 236 4.730000
 237 4.740000
 238 4.780000
 239 4.770000
 240 4.680000
 241 4.730000
 242 4.760000
 243 4.780000
 244 4.810000
 245 4.970000
 246 4.930000
 247 4.980000
 248 4.890000
 249 4.980000
 250 4.980000
 251 4.960000
 252 4.960000
 253 4.930000
 254 4.960000
 255 4.930000
 256 4.940000
 257 4.910000
 258 4.910000
 259 4.760000
 260 4.730000
 261 4.710000
 262 4.680000
 263 4.810000
 264 4.780000
 265 4.760000
 266 4.750000
 267 4.720000
 268 4.700000
 269 4.690000
 270 4.670000
 271 4.670000
 272 4.670000
 273 4.640000
 274 4.610000
 275 4.610000
 276 4.580000
 277 4.590000
 278 4.590000
 279 4.590000
 280 4.570000
 281 4.540000
 282 4.530000
 283 4.510000
 284 4.490000
 285 4.490000
 286 4.480000
 287 4.490000
 288 4.510000
 289 4.480000
 290 4.460000
 291 4.460000
 292 4.430000
 293 4.430000
 294 4.410000
 295 4.420000
 296 4.420000
 297 4.450000
 298 4.400000
 299 4.410000
 300 4.380000
 301 4.380000
 302 4.410000
 303 4.280000
 304 4.280000
 305 4.380000
 306 4.390000
 307 4.260000
 308 4.360000
 309 4.260000
 310 4.260000
 311 4.230000
 312 4.260000
 313 4.230000
 314 4.230000
 315 4.210000
 316 4.170000
 317 4.200000
 318 4.200000
 319 4.170000
 320 4.200000
 321 4.180000
 322 4.180000
 323 4.180000
 324 4.180000
 325 4.170000
 326 4.170000
 327 4.150000
 328 4.150000
 329 4.120000
 330 4.150000
 331 4.130000
 332 4.270000
 333 4.240000
 334 4.240000
 335 4.260000
 336 4.230000
 337 4.210000
 338 4.200000
 339 4.180000
 340 4.180000
 341 4.180000
 342 4.210000
 343 4.210000
 344 4.180000
 345 4.180000
 346 4.170000
 347 4.120000
 348 4.140000
 349 4.140000
 350 4.140000
 351 4.080000
 352 4.070000
 353 4.090000
 354 0.700000
 355 0.660000
 356 0.650000
 357 0.650000
 358 0.650000
 359 0.680000
 360 0.650000
 361 0.650000
 362 0.650000
 363 0.680000
 364 0.650000
 365 0.650000
 366 0.650000
 367 0.650000
 368 0.650000
 369 0.650000
 370 0.650000
 371 0.650000
 372 0.650000
 373 0.650000
 374 0.680000
 375 0.650000
 376 0.650000
 377 0.650000
 378 0.650000
 379 0.650000
 380 0.670000
 381 0.740000
 382 0.800000
 383 1.090000
 384 1.220000
 385 1.220000
 386 1.210000
 387 1.280000
 388 1.440000
 389 1.790000
 390 1.790000
 391 1.870000
 392 4.170000
 393 4.190000
 394 4.240000
 395 4.790000
 396 4.760000
 397 4.670000
 398 4.640000
 399 4.610000
 400 4.490000
 401 4.420000
 402 4.490000
 403 4.510000
 404 4.510000
 405 4.440000
 406 4.440000
 407 4.330000
 408 4.280000
 409 4.260000
 410 4.270000
 411 4.240000
 412 4.290000
 413 4.260000
 414 4.260000
 415 4.230000
 416 4.270000
 417 4.340000
 418 4.340000
 419 4.270000
 420 4.230000
 421 4.180000
 422 4.160000
 423 3.980000
 424 4.030000
 425 1.870000
 426 1.830000
 427 1.810000
 428 1.790000
 429 1.810000
 430 1.810000
 431 1.810000
 432 1.810000
 433 1.830000
 434 1.840000
 435 1.840000
 436 1.890000
 437 3.570000
 438 1.370000
 439 1.310000
 440 1.280000
 441 1.280000
 442 1.260000
 443 1.260000
 444 1.260000
 445 1.240000
 446 1.260000
 447 1.270000
 448 1.260000
 449 1.260000
 450 1.260000
 451 1.260000
 452 1.260000
 453 1.260000
 454 1.280000
 455 3.460000
 456 3.450000
 457 3.440000
 458 3.430000
 459 3.390000
 460 3.440000
 461 3.450000
 462 3.430000
 463 3.410000
 464 3.480000
 465 3.510000
 466 3.490000
 467 1.950000
 468 1.910000
 469 1.890000
 470 0.780000
 471 0.820000
 472 0.750000
 473 0.750000
 474 0.720000
 475 0.720000
 476 0.720000
 477 0.710000
 478 0.710000
 479 0.700000
 480 0.700000
 481 0.700000
 482 0.700000
 483 0.700000
 484 0.700000
 485 0.700000
 486 0.700000
 487 0.700000
 488 0.730000
 489 0.700000
 490 0.730000
 491 0.730000
 492 0.730000
 493 0.700000
 494 0.700000
 495 0.730000
 496 0.730000
 497 0.730000
 498 0.730000
 499 0.730000
 500 0.750000
 501 1.190000
 502 1.390000
 503 1.390000
 504 1.390000
 505 1.400000
 506 1.400000
 507 1.400000
 508 1.420000
 509 1.390000
 510 1.410000
 511 1.480000
 512 3.040000
 513 3.050000
 514 3.040000
 515 2.560000
 516 2.540000
 517 2.410000
 518 2.190000
 519 2.130000
 520 2.110000
 521 2.090000
 522 2.040000
 523 2.020000
 524 2.050000
 525 2.060000
 526 1.970000
 527 2.010000
 528 1.960000
 529 1.940000
 530 1.970000
 531 1.990000
 532 1.960000
 533 3.010000
 534 3.010000
 535 3.040000
 536 2.980000
 537 3.000000
 538 3.010000
 539 3.020000
 540 3.020000
 541 2.990000
 542 3.020000
 543 3.020000
 544 3.020000
 545 3.020000
 546 3.020000
 547 3.020000
 548 3.020000
 549 3.020000
 550 3.010000
 551 3.020000
 552 3.060000
 553 3.060000
 554 1.010000
 555 0.950000
 556 0.950000
 557 0.950000
 558 0.930000
 559 0.940000
 560 0.900000
 561 0.910000
 562 0.910000
 563 0.910000
 564 0.910000
 565 0.900000
 566 0.910000
 567 0.890000
 568 0.910000
 569 0.910000
 570 0.910000
 571 0.910000
 572 0.940000
 573 0.910000
 574 0.940000
 575 0.940000
 576 0.960000
 577 0.940000
 578 0.950000
 579 0.990000
 580 1.950000
 581 1.950000
 582 1.950000
 583 1.970000
 584 1.970000
 585 1.980000
 586 2.000000
 587 2.000000
 588 2.030000
 589 2.050000
 590 2.050000
 591 2.080000
 592 2.080000
 593 2.080000
 594 2.130000
 595 2.130000
 596 2.130000
 597 2.150000
 598 2.180000
 599 2.180000
 600 2.200000
 601 2.230000
 602 2.240000
 603 2.210000
 604 2.200000
 605 2.200000
 606 2.230000
 607 2.250000
 608 2.280000
 609 2.300000
 610 1.420000
 611 1.440000
 612 1.400000
 613 1.400000
 614 1.390000
 615 1.400000
 616 1.420000
 617 1.400000
 618 1.420000
 619 1.420000
 620 1.450000
 621 1.470000
 622 1.470000
 623 1.500000
 624 1.470000
 625 1.470000
 626 1.500000
 627 1.500000
 628 1.520000
 629 1.540000
 630 1.550000
 631 1.540000
 632 1.540000
 633 1.560000
 634 1.560000
 635 1.590000
 636 1.590000
 637 1.610000
 638 1.610000
 639 1.640000
 640 1.660000
 641 1.660000
 642 1.660000
 643 1.690000
 644 1.710000
 645 1.710000
 646 1.740000
 647 1.730000
 648 1.760000
 649 1.760000
 650 1.760000
 651 1.780000
 652 1.810000
 653 1.810000
 654 1.830000
 655 1.860000
 656 1.880000
 657 1.880000
 658 1.910000
 659 3.380000
 660 3.380000
 661 3.340000
 662 3.340000
 663 3.410000
 664 3.360000
 665 3.370000
 666 3.340000
 667 3.360000
 668 3.320000
 669 3.330000
 670 3.300000
 671 3.270000
 672 3.240000
 673 3.230000
 674 3.220000
 675 3.230000
 676 3.220000
 677 3.230000
 678 3.230000
 679 3.230000
 680 3.230000
 681 3.230000
 682 3.220000
 683 3.230000
 684 3.230000
 685 3.230000
 686 3.230000
 687 3.280000
 688 3.260000
 689 3.260000
 690 3.260000
 691 3.280000
 692 3.250000
 693 3.280000
 694 3.290000
 695 3.280000
 696 3.330000
 697 3.320000
 698 3.320000
 699 3.320000
 700 3.340000
 701 3.370000
 702 3.370000
 703 2.870000
 704 2.890000
 705 2.940000
 706 3.390000
 707 3.300000
 708 1.600000
 709 1.580000
 710 1.580000
 711 3.490000
 712 3.510000
 713 3.500000
 714 3.540000
 715 3.590000
 716 3.590000
 717 3.640000
 718 3.610000
 719 3.660000
 720 3.690000
 721 3.700000
 722 3.740000
 723 3.740000
 724 3.740000
 725 3.770000
 726 3.740000
 727 3.790000
 728 3.810000
 729 3.790000
 730 3.810000
 731 3.810000
 732 3.820000
 733 3.790000
 734 3.870000
 735 3.870000
 736 3.890000
 737 3.890000
 738 3.910000
 739 2.860000
 740 2.880000
 741 2.880000
 742 3.960000
 743 3.960000
 744 3.550000
 745 3.960000
 746 3.970000
 747 3.980000
 748 4.030000
 749 4.030000
 750 4.030000
 751 4.050000
 752 4.040000
 753 4.020000
 754 4.050000
 755 4.070000
 756 4.070000
 757 4.040000
 758 4.060000
 759 4.050000
 760 4.060000
 0 1.170000
 1 1.150000
 2 1.130000
 3 1.130000
 4 1.130000
 5 1.130000
 6 1.100000
 7 1.100000
 8 1.130000
 9 1.100000
 10 1.100000
 11 1.100000
 12 1.100000
 13 1.130000
 14 1.100000
 15 1.100000
 16 1.100000
 17 1.130000
 18 1.150000
 19 1.170000
 20 1.200000
 21 1.160000
 22 3.160000
 23 3.020000
 24 3.030000
 25 3.030000
 26 3.030000
 27 3.110000
 28 3.010000
 29 3.110000
 30 2.980000
 31 3.110000
 32 3.110000
 33 2.980000
 34 3.140000
 35 3.090000
 36 2.900000
 37 2.720000
 38 2.360000
 39 2.170000
 40 2.160000
 41 2.140000
 42 2.150000
 43 2.150000
 44 2.140000
 45 2.160000
 46 2.120000
 47 2.120000
 48 2.150000
 49 2.150000
 50 2.120000
 51 2.150000
 52 2.220000
 53 2.290000
 54 2.240000
 55 2.200000
 56 2.190000
 57 2.190000
 58 2.190000
 59 2.190000
 60 2.200000
 61 2.230000
 62 2.200000
 63 2.190000
 64 2.200000
 65 2.190000
 66 2.190000
 67 2.190000
 68 2.200000
 69 2.200000
 70 2.200000
 71 2.250000
 72 2.210000
 73 2.190000
 74 2.210000
 75 2.200000
 76 2.240000
 77 2.300000
 78 2.200000
 79 2.200000
 80 2.200000
 81 2.170000
 82 2.180000
 83 2.240000
 84 2.250000
 85 2.250000
 86 2.240000
 87 2.250000
 88 2.230000
 89 2.240000
 90 2.260000
 91 2.270000
 92 2.270000
 93 2.280000
 94 2.260000
 95 2.260000
 96 2.240000
 97 2.240000
 98 2.250000
 99 2.220000
 100 2.240000
 101 2.280000
 102 2.280000
 103 2.280000
 104 2.300000
 105 2.320000
 106 2.320000
 107 2.320000
 108 2.310000
 109 2.300000
 110 2.330000
 111 2.300000
 112 2.310000
 113 2.320000
 114 2.320000
 115 2.350000
 116 2.310000
 117 2.330000
 118 2.330000
 119 2.350000
 120 2.470000
 121 2.390000
 122 2.340000
 123 2.310000
 124 2.320000
 125 2.310000
 126 2.350000
 127 2.400000
 128 2.400000
 129 2.370000
 130 2.390000
 131 2.390000
 132 2.420000
 133 2.390000
 134 2.420000
 135 2.390000
 136 2.410000
 137 2.390000
 138 2.390000
 139 2.360000
 140 2.390000
 141 2.410000
 142 2.430000
 143 2.420000
 144 2.420000
 145 2.460000
 146 3.560000
 147 3.570000
 148 3.630000
 149 3.520000
 150 3.630000
 151 3.590000
 152 3.590000
 153 3.560000
 154 3.520000
 155 3.450000
 156 3.400000
 157 3.420000
 158 3.430000
 159 3.410000
 160 3.410000
 161 3.410000
 162 3.450000
 163 3.420000
 164 3.430000
 165 3.440000
 166 3.450000
 167 3.480000
 168 3.520000
 169 3.620000
 170 3.760000
 171 3.690000
 172 3.710000
 173 3.750000
 174 3.760000
 175 3.790000
 176 3.780000
 177 3.830000
 178 3.830000
 179 3.850000
 180 3.870000
 181 3.870000
 182 3.890000
 183 3.870000
 184 3.900000
 185 3.900000
 186 3.930000
 187 3.940000
 188 3.900000
 189 3.910000
 190 3.930000
 191 3.980000
 192 3.980000
 193 3.980000
 194 4.000000
 195 4.000000
 196 4.110000
 197 4.110000
 198 4.050000
 199 4.130000
 200 4.120000
 201 4.150000
 202 4.060000
 203 4.080000
 204 4.110000
 205 4.110000
 206 4.130000
 207 4.130000
 208 4.160000
 209 4.180000
 210 4.230000
 211 4.180000
 212 4.210000
 213 4.230000
 214 4.260000
 215 4.280000
 216 4.240000
 217 4.300000
 218 4.270000
 219 4.330000
 220 4.330000
 221 4.380000
 222 4.380000
 223 4.410000
 224 4.480000
 225 4.430000
 226 4.430000
 227 4.130000
 228 4.180000
 229 4.480000
 230 4.500000
 231 4.530000
 232 4.530000
 233 4.580000
 234 4.610000
 235 4.710000
 236 4.760000
 237 4.740000
 238 4.780000
 239 4.770000
 240 4.710000
 241 4.730000
 242 4.730000
 243 4.780000
 244 4.830000
 245 4.970000
 246 4.920000
 247 4.980000
 248 4.890000
 249 4.980000
 250 4.960000
 251 4.990000
 252 4.960000
 253 4.960000
 254 4.940000
 255 4.930000
 256 4.940000
 257 4.910000
 258 4.910000
 259 4.760000
 260 4.730000
 261 4.710000
 262 4.710000
 263 4.780000
 264 4.780000
 265 4.780000
 266 4.750000
 267 4.720000
 268 4.720000
 269 4.680000
 270 4.690000
 271 4.670000
 272 4.650000
 273 4.640000
 274 4.630000
 275 4.590000
 276 4.590000
 277 4.600000
 278 4.600000
 279 4.570000
 280 4.590000
 281 4.540000
 282 4.530000
 283 4.530000
 284 4.520000
 285 4.490000
 286 4.480000
 287 4.490000
 288 4.480000
 289 4.460000
 290 4.460000
 291 4.460000
 292 4.460000
 293 4.430000
 294 4.440000
 295 4.420000
 296 4.420000
 297 4.450000
 298 4.400000
 299 4.380000
 300 4.400000
 301 4.350000
 302 4.380000
 303 4.310000
 304 4.280000
 305 4.380000
 306 4.260000
 307 4.260000
 308 4.360000
 309 4.230000
 310 4.260000
 311 4.260000
 312 4.260000
 313 4.230000
 314 4.230000
 315 4.210000
 316 4.200000
 317 4.200000
 318 4.200000
 319 4.200000
 320 4.170000
 321 4.180000
 322 4.210000
 323 4.160000
 324 4.160000
 325 4.150000
 326 4.170000
 327 4.150000
 328 4.170000
 329 4.120000
 330 4.150000
 331 4.160000
 332 4.270000
 333 4.260000
 334 4.240000
 335 4.240000
 336 4.260000
 337 4.230000
 338 4.200000
 339 4.200000
 340 4.180000
 341 4.160000
 342 4.210000
 343 4.210000
 344 4.160000
 345 4.180000
 346 4.170000
 347 4.120000
 348 4.130000
 349 4.140000
 350 4.120000
 351 4.080000
 352 4.090000
 353 4.140000
 354 0.650000
 355 0.670000
 356 0.680000
 357 0.650000
 358 0.650000
 359 0.650000
 360 0.680000
 361 0.650000
 362 0.650000
 363 0.680000
 364 0.650000
 365 0.650000
 366 0.650000
 367 0.650000
 368 0.650000
 369 0.650000
 370 0.650000
 371 0.650000
 372 0.650000
 373 0.650000
 374 0.650000
 375 0.650000
 376 0.680000
 377 0.650000
 378 0.650000
 379 0.650000
 380 0.650000
 381 0.710000
 382 0.800000
 383 1.090000
 384 1.220000
 385 1.220000
 386 1.210000
 387 1.280000
 388 1.460000
 389 1.790000
 390 1.790000
 391 1.850000
 392 4.190000
 393 4.170000
 394 4.270000
 395 4.810000
 396 4.760000
 397 4.660000
 398 4.640000
 399 4.610000
 400 4.490000
 401 4.420000
 402 4.490000
 403 4.490000
 404 4.510000
 405 4.440000
 406 4.440000
 407 4.290000
 408 4.230000
 409 4.230000
 410 4.270000
 411 4.250000
 412 4.290000
 413 4.280000
 414 4.260000
 415 4.250000
 416 4.250000
 417 4.370000
 418 4.310000
 419 4.290000
 420 4.260000
 421 4.210000
 422 4.190000
 423 4.120000
 424 3.980000
 425 1.870000
 426 1.810000
 427 1.810000
 428 1.810000
 429 1.840000
 430 1.810000
 431 1.840000
 432 1.810000
 433 1.800000
 434 1.810000
 435 1.840000
 436 1.870000
 437 3.550000
 438 1.370000
 439 1.310000
 440 1.280000
 441 1.250000
 442 1.240000
 443 1.260000
 444 1.260000
 445 1.260000
 446 1.250000
 447 1.270000
 448 1.260000
 449 1.260000
 450 1.290000
 451 1.260000
 452 1.260000
 453 1.260000
 454 1.280000
 455 3.460000
 456 3.470000
 457 3.440000
 458 3.430000
 459 3.390000
 460 3.440000
 461 3.440000
 462 3.430000
 463 3.430000
 464 3.470000
 465 3.510000
 466 3.490000
 467 1.960000
 468 1.940000
 469 1.890000
 470 0.850000
 471 0.810000
 472 0.750000
 473 0.750000
 474 0.720000
 475 0.720000
 476 0.700000
 477 0.730000
 478 0.710000
 479 0.700000
 480 0.700000
 481 0.700000
 482 0.700000
 483 0.700000
 484 0.700000
 485 0.700000
 486 0.700000
 487 0.700000
 488 0.700000
 489 0.730000
 490 0.700000
 491 0.700000
 492 0.700000
 493 0.730000
 494 0.730000
 495 0.730000
 496 0.730000
 497 0.730000
 498 0.730000
 499 0.750000
 500 0.750000
 501 1.160000
 502 1.390000
 503 1.390000
 504 1.390000
 505 1.400000
 506 1.400000
 507 1.400000
 508 1.400000
 509 1.410000
 510 1.410000
 511 1.480000
 512 3.050000
 513 3.050000
 514 3.040000
 515 2.560000
 516 2.500000
 517 2.400000
 518 2.210000
 519 2.130000
 520 2.110000
 521 2.070000
 522 2.040000
 523 2.030000
 524 2.050000
 525 2.040000
 526 1.970000
 527 1.980000
 528 1.980000
 529 2.000000
 530 1.970000
 531 1.930000
 532 1.960000
 533 3.010000
 534 3.010000
 535 3.010000
 536 3.010000
 537 3.020000
 538 2.980000
 539 2.990000
 540 3.000000
 541 2.990000
 542 3.020000
 543 3.020000
 544 3.000000
 545 2.990000
 546 3.020000
 547 3.020000
 548 3.020000
 549 3.020000
 550 3.020000
 551 3.030000
 552 3.030000
 553 3.060000
 554 0.980000
 555 0.950000
 556 0.930000
 557 0.950000
 558 0.930000
 559 0.940000
 560 0.940000
 561 0.940000
 562 0.910000
 563 0.910000
 564 0.900000
 565 0.910000
 566 0.910000
 567 0.910000
 568 0.910000
 569 0.910000
 570 0.910000
 571 0.910000
 572 0.910000
 573 0.940000
 574 0.940000
 575 0.940000
 576 0.940000
 577 0.940000
 578 0.930000
 579 0.990000
 580 1.950000
 581 1.950000
 582 1.950000
 583 1.970000
 584 1.980000
 585 2.000000
 586 2.000000
 587 2.000000
 588 2.030000
 589 2.050000
 590 2.050000
 591 2.050000
 592 2.080000
 593 2.100000
 594 2.130000
 595 2.130000
 596 2.150000
 597 2.150000
 598 2.180000
 599 2.200000
 600 2.200000
 601 2.230000
 602 2.230000
 603 2.240000
 604 2.200000
 605 2.200000
 606 2.250000
 607 2.250000
 608 2.280000
 609 2.280000
 610 1.400000
 611 1.440000
 612 1.430000
 613 1.400000
 614 1.390000
 615 1.400000
 616 1.420000
 617 1.420000
 618 1.420000
 619 1.420000
 620 1.450000
 621 1.450000
 622 1.470000
 623 1.470000
 624 1.500000
 625 1.500000
 626 1.500000
 627 1.500000
 628 1.520000
 629 1.540000
 630 1.550000
 631 1.550000
 632 1.560000
 633 1.560000
 634 1.590000
 635 1.590000
 636 1.590000
 637 1.610000
 638 1.610000
 639 1.610000
 640 1.660000
 641 1.660000
 642 1.660000
 643 1.690000
 644 1.710000
 645 1.710000
 646 1.740000
 647 1.740000
 648 1.760000
 649 1.760000
 650 1.790000
 651 1.780000
 652 1.830000
 653 1.810000
 654 1.830000
 655 1.860000
 656 1.880000
 657 1.880000
 658 1.920000
 659 3.380000
 660 3.380000
 661 3.350000
 662 3.340000
 663 3.380000
 664 3.380000
 665 3.340000
 666 3.350000
 667 3.320000
 668 3.320000
 669 3.290000
 670 3.290000
 671 3.290000
 672 3.260000
 673 3.250000
 674 3.220000
 675 3.220000
 676 3.230000
 677 3.230000
 678 3.230000
 679 3.230000
 680 3.190000
 681 3.220000
 682 3.230000
 683 3.220000
 684 3.220000
 685 3.200000
 686 3.230000
 687 3.270000
 688 3.260000
 689 3.280000
 690 3.280000
 691 3.250000
 692 3.280000
 693 3.300000
 694 3.300000
 695 3.300000
 696 3.290000
 697 3.300000
 698 3.320000
 699 3.330000
 700 3.340000
 701 3.340000
 702 3.340000
 703 2.870000
 704 2.890000
 705 3.000000
 706 3.380000
 707 3.320000
 708 1.590000
 709 1.600000
 710 1.580000
 711 3.510000
 712 3.530000
 713 3.540000
 714 3.560000
 715 3.590000
 716 3.610000
 717 3.640000
 718 3.640000
 719 3.660000
 720 3.690000
 721 3.720000
 722 3.740000
 723 3.720000
 724 3.740000
 725 3.770000
 726 3.760000
 727 3.790000
 728 3.790000
 729 3.760000
 730 3.780000
 731 3.810000
 732 3.810000
 733 3.800000
 734 3.840000
 735 3.890000
 736 3.860000
 737 3.890000
 738 3.920000
 739 2.880000
 740 2.860000
 741 2.850000
 742 3.960000
 743 3.970000
 744 3.550000
 745 3.940000
 746 3.940000
 747 3.980000
 748 4.010000
 749 4.030000
 750 4.030000
 751 4.050000
 752 4.040000
 753 4.050000
 754 4.050000
 755 4.050000
 756 4.050000
 757 4.040000
 758 4.060000
 759 4.050000
 760 4.050000
 0 1.150000
 1 1.150000
 2 1.150000
 3 1.130000
 4 1.130000
 5 1.100000
 6 1.100000
 7 1.100000
 8 1.100000
 9 1.100000
 10 1.100000
 11 1.100000
 12 1.080000
 13 1.100000
 14 1.100000
 15 1.100000
 16 1.100000
 17 1.100000
 18 1.130000
 19 1.150000
 20 1.220000
 21 1.160000
 22 3.140000
 23 3.020000
 24 3.030000
 25 3.010000
 26 3.030000
 27 3.110000
 28 2.980000
 29 3.140000
 30 3.010000
 31 3.110000
 32 3.110000
 33 2.980000
 34 3.140000
 35 3.090000
 36 2.900000
 37 2.710000
 38 2.330000
 39 2.170000
 40 2.160000
 41 2.140000
 42 2.120000
 43 2.130000
 44 2.140000
 45 2.140000
 46 2.120000
 47 2.120000
 48 2.150000
 49 2.150000
 50 2.150000
 51 2.170000
 52 2.220000
 53 2.260000
 54 2.210000
 55 2.200000
 56 2.190000
 57 2.190000
 58 2.210000
 59 2.190000
 60 2.200000
 61 2.200000
 62 2.200000
 63 2.190000
 64 2.180000
 65 2.190000
 66 2.160000
 67 2.180000
 68 2.200000
 69 2.200000
 70 2.230000
 71 2.220000
 72 2.190000
 73 2.210000
 74 2.200000
 75 2.210000
 76 2.260000
 77 2.330000
 78 2.210000
 79 2.200000
 80 2.170000
 81 2.200000
 82 2.180000
 83 2.210000
 84 2.230000
 85 2.250000
 86 2.250000
 87 2.230000
 88 2.250000
 89 2.260000
 90 2.240000
 91 2.270000
 92 2.270000
 93 2.250000
 94 2.260000
 95 2.230000
 96 2.240000
 97 2.240000
 98 2.220000
 99 2.250000
 100 2.240000
 101 2.300000
 102 2.280000
 103 2.280000
 104 2.280000
 105 2.300000
 106 2.320000
 107 2.300000
 108 2.310000
 109 2.300000
 110 2.330000
 111 2.300000
 112 2.310000
 113 2.320000
 114 2.320000
 115 2.350000
 116 2.310000
 117 2.330000
 118 2.350000
 119 2.350000
 120 2.470000
 121 2.390000
 122 2.370000
 123 2.310000
 124 2.320000
 125 2.310000
 126 2.330000
 127 2.400000
 128 2.400000
 129 2.400000
 130 2.390000
 131 2.390000
 132 2.420000
 133 2.410000
 134 2.400000
 135 2.390000
 136 2.410000
 137 2.410000
 138 2.390000
 139 2.390000
 140 2.390000
 141 2.390000
 142 2.430000
 143 2.420000
 144 2.450000
 145 2.460000
 146 3.560000
 147 3.570000
 148 3.650000
 149 3.520000
 150 3.630000
 151 3.590000
 152 3.560000
 153 3.580000
 154 3.500000
 155 3.450000
 156 3.410000
 157 3.410000
 158 3.400000
 159 3.410000
 160 3.420000
 161 3.430000
 162 3.400000
 163 3.450000
 164 3.430000
 165 3.460000
 166 3.450000
 167 3.480000
 168 3.520000
 169 3.600000
 170 3.780000
 171 3.700000
 172 3.680000
 173 3.770000
 174 3.760000
 175 3.790000
 176 3.800000
 177 3.830000
 178 3.860000
 179 3.870000
 180 3.870000
 181 3.880000
 182 3.890000
 183 3.880000
 184 3.890000
 185 3.900000
 186 3.900000
 187 3.940000
 188 3.900000
 189 3.940000
 190 3.940000
 191 3.980000
 192 3.980000
 193 4.000000
 194 4.000000
 195 4.020000
 196 4.080000
 197 4.110000
 198 4.090000
 199 4.130000
 200 4.130000
 201 4.160000
 202 4.060000
 203 4.080000
 204 4.110000
 205 4.110000
 206 4.110000
 207 4.130000
 208 4.160000
 209 4.160000
 210 4.250000
 211 4.180000
 212 4.230000
 213 4.230000
 214 4.260000
 215 4.260000
 216 4.300000
 217 4.300000
 218 4.330000
 219 4.480000
 220 4.330000
 221 4.360000
 222 4.380000
 223 4.380000
 224 4.500000
 225 4.430000
 226 4.460000
 227 4.160000
 228 4.160000
 229 4.480000
 230 4.500000
 231 4.530000
 232 4.530000
 233 4.560000
 234 4.580000
 235 4.710000
 236 4.740000
 237 4.760000
 238 4.780000
 239 4.770000
 240 4.710000
 241 4.760000
 242 4.760000
 243 4.810000
 244 4.810000
 245 4.970000
 246 4.920000
 247 4.980000
 248 4.890000
 249 5.010000
 250 4.980000
 251 4.960000
 252 4.980000
 253 4.930000
 254 4.940000
 255 4.930000
 256 4.940000
 257 4.890000
 258 4.880000
 259 4.760000
 260 4.730000
 261 4.710000
 262 4.710000
 263 4.810000
 264 4.810000
 265 4.760000
 266 4.750000
 267 4.720000
 268 4.720000
 269 4.690000
 270 4.670000
 271 4.690000
 272 4.650000
 273 4.640000
 274 4.610000
 275 4.610000
 276 4.590000
 277 4.590000
 278 4.570000
 279 4.590000
 280 4.570000
 281 4.540000
 282 4.530000
 283 4.530000
 284 4.490000
 285 4.490000
 286 4.480000
 287 4.490000
 288 4.480000
 289 4.460000
 290 4.450000
 291 4.460000
 292 4.430000
 293 4.430000
 294 4.430000
 295 4.420000
 296 4.440000
 297 4.420000
 298 4.420000
 299 4.420000
 300 4.380000
 301 4.380000
 302 4.380000
 303 4.310000
 304 4.310000
 305 4.410000
 306 4.260000
 307 4.260000
 308 4.390000
 309 4.360000
 310 4.230000
 311 4.260000
 312 4.230000
 313 4.230000
 314 4.230000
 315 4.210000
 316 4.260000
 317 4.200000
 318 4.200000
 319 4.200000
 320 4.170000
 321 4.180000
 322 4.180000
 323 4.160000
 324 4.160000
 325 4.150000
 326 4.170000
 327 4.170000
 328 4.150000
 329 4.150000
 330 4.120000
 331 4.160000
 332 4.240000
 333 4.240000
 334 4.260000
 335 4.240000
 336 4.230000
 337 4.230000
 338 4.200000
 339 4.170000
 340 4.180000
 341 4.160000
 342 4.180000
 343 4.180000
 344 4.160000
 345 4.210000
 346 4.170000
 347 4.120000
 348 4.140000
 349 4.170000
 350 4.130000
 351 4.110000
 352 4.070000
 353 4.120000
 354 0.640000
 355 0.650000
 356 0.680000
 357 0.650000
 358 0.650000
 359 0.650000
 360 0.650000
 361 0.650000
 362 0.650000
 363 0.650000
 364 0.650000
 365 0.650000
 366 0.650000
 367 0.650000
 368 0.650000
 369 0.680000
 370 0.650000
 371 0.650000
 372 0.650000
 373 0.650000
 374 0.650000
 375 0.650000
 376 0.650000
 377 0.650000
 378 0.650000
 379 0.650000
 380 0.650000
 381 0.710000
 382 0.830000
 383 1.090000
 384 1.220000
 385 1.250000
 386 1.240000
 387 1.280000
 388 1.460000
 389 1.790000
 390 1.790000
 391 1.870000
 392 4.170000
 393 4.170000
 394 4.260000
 395 4.780000
 396 4.750000
 397 4.660000
 398 4.660000
 399 4.640000
 400 4.490000
 401 4.420000
 402 4.490000
 403 4.490000
 404 4.500000
 405 4.440000
 406 4.410000
 407 4.290000
 408 4.260000
 409 4.230000
 410 4.270000
 411 4.240000
 412 4.290000
 413 4.260000
 414 4.230000
 415 4.250000
 416 4.290000
 417 4.370000
 418 4.310000
 419 4.290000
 420 4.230000
 421 4.210000
 422 4.170000
 423 4.130000
 424 4.010000
 425 1.890000
 426 1.810000
 427 1.810000
 428 1.810000
 429 1.790000
 430 1.790000
 431 1.810000
 432 1.810000
 433 1.800000
 434 1.810000
 435 1.810000
 436 1.870000
 437 3.550000
 438 1.370000
 439 1.310000
 440 1.280000
 441 1.250000
 442 1.260000
 443 1.260000
 444 1.260000
 445 1.260000
 446 1.270000
 447 1.270000
 448 1.290000
 449 1.260000
 450 1.290000
 451 1.290000
 452 1.270000
 453 1.260000
 454 1.280000
 455 3.460000
 456 3.470000
 457 3.440000
 458 3.430000
 459 3.390000
 460 3.420000
 461 3.420000
 462 3.460000
 463 3.430000
 464 3.480000
 465 3.480000
 466 3.520000
 467 1.960000
 468 1.910000
 469 1.890000
 470 0.800000
 471 0.850000
 472 0.760000
 473 0.730000
 474 0.720000
 475 0.720000
 476 0.720000
 477 0.710000
 478 0.710000
 479 0.720000
 480 0.700000
 481 0.700000
 482 0.700000
 483 0.700000
 484 0.700000
 485 0.700000
 486 0.730000
 487 0.700000
 488 0.700000
 489 0.700000
 490 0.730000
 491 0.730000
 492 0.730000
 493 0.700000
 494 0.730000
 495 0.730000
 496 0.700000
 497 0.730000
 498 0.730000
 499 0.750000
 500 0.750000
 501 1.160000
 502 1.390000
 503 1.390000
 504 1.390000
 505 1.390000
 506 1.400000
 507 1.400000
 508 1.400000
 509 1.420000
 510 1.390000
 511 1.440000
 512 3.020000
 513 3.050000
 514 3.040000
 515 2.580000
 516 2.530000
 517 2.390000
 518 2.180000
 519 2.130000
 520 2.110000
 521 2.090000
 522 2.060000
 523 2.020000
 524 2.030000
 525 2.060000
 526 1.970000
 527 1.980000
 528 1.980000
 529 1.940000
 530 1.940000
 531 1.960000
 532 1.960000
 533 3.010000
 534 3.030000
 535 3.020000
 536 2.980000
 537 2.990000
 538 2.980000
 539 2.990000
 540 3.020000
 541 3.000000
 542 2.990000
 543 3.020000
 544 3.000000
 545 2.990000
 546 3.020000
 547 3.010000
 548 3.020000
 549 3.020000
 550 3.020000
 551 3.040000
 552 3.030000
 553 3.060000
 554 1.010000
 555 0.950000
 556 0.950000
 557 0.930000
 558 0.930000
 559 0.940000
 560 0.940000
 561 0.900000
 562 0.910000
 563 0.910000
 564 0.930000
 565 0.910000
 566 0.910000
 567 0.910000
 568 0.910000
 569 0.910000
 570 0.910000
 571 0.910000
 572 0.910000
 573 0.940000
 574 0.940000
 575 0.940000
 576 0.940000
 577 0.940000
 578 0.950000
 579 0.990000
 580 1.940000
 581 1.970000
 582 1.950000
 583 1.970000
 584 2.000000
 585 2.000000
 586 2.000000
 587 2.000000
 588 2.030000
 589 2.030000
 590 2.080000
 591 2.080000
 592 2.100000
 593 2.100000
 594 2.130000
 595 2.100000
 596 2.130000
 597 2.180000
 598 2.180000
 599 2.180000
 600 2.200000
 601 2.200000
 602 2.230000
 603 2.230000
 604 2.200000
 605 2.230000
 606 2.250000
 607 2.250000
 608 2.280000
 609 2.300000
 610 1.400000
 611 1.430000
 612 1.400000
 613 1.430000
 614 1.390000
 615 1.400000
 616 1.420000
 617 1.420000
 618 1.420000
 619 1.420000
 620 1.450000
 621 1.450000
 622 1.470000
 623 1.470000
 624 1.470000
 625 1.500000
 626 1.500000
 627 1.500000
 628 1.520000
 629 1.510000
 630 1.550000
 631 1.550000
 632 1.570000
 633 1.560000
 634 1.560000
 635 1.590000
 636 1.610000
 637 1.590000
 638 1.610000
 639 1.640000
 640 1.640000
 641 1.660000
 642 1.690000
 643 1.690000
 644 1.710000
 645 1.710000
 646 1.740000
 647 1.760000
 648 1.760000
 649 1.760000
 650 1.780000
 651 1.780000
 652 1.780000
 653 1.810000
 654 1.860000
 655 1.860000
 656 1.880000
 657 1.890000
 658 1.920000
 659 3.380000
 660 3.380000
 661 3.370000
 662 3.380000
 663 3.380000
 664 3.380000
 665 3.320000
 666 3.340000
 667 3.320000
 668 3.340000
 669 3.320000
 670 3.270000
 671 3.270000
 672 3.270000
 673 3.260000
 674 3.220000
 675 3.220000
 676 3.220000
 677 3.230000
 678 3.230000
 679 3.230000
 680 3.190000
 681 3.190000
 682 3.220000
 683 3.200000
 684 3.190000
 685 3.230000
 686 3.230000
 687 3.270000
 688 3.280000
 689 3.260000
 690 3.260000
 691 3.280000
 692 3.260000
 693 3.270000
 694 3.300000
 695 3.290000
 696 3.310000
 697 3.290000
 698 3.320000
 699 3.320000
 700 3.330000
 701 3.370000
 702 3.370000
 703 2.870000
 704 2.870000
 705 3.000000
 706 3.390000
 707 3.320000
 708 1.610000
 709 1.600000
 710 1.580000
 711 3.490000
 712 3.530000
 713 3.510000
 714 3.540000
 715 3.590000
 716 3.620000
 717 3.630000
 718 3.610000
 719 3.680000
 720 3.690000
 721 3.710000
 722 3.700000
 723 3.740000
 724 3.740000
 725 3.740000
 726 3.740000
 727 3.760000
 728 3.770000
 729 3.770000
 730 3.780000
 731 3.790000
 732 3.810000
 733 3.810000
 734 3.870000
 735 3.890000
 736 3.890000
 737 3.890000
 738 3.920000
 739 2.880000
 740 2.880000
 741 2.850000
 742 3.960000
 743 3.960000
 744 3.550000
 745 3.940000
 746 3.940000
 747 3.980000
 748 4.010000
 749 4.010000
 750 4.030000
 751 4.020000
 752 4.040000
 753 4.040000
 754 4.050000
 755 4.050000
 756 4.050000
 757 4.060000
 758 4.060000
 759 4.050000
 760 4.050000