
 0 3.140000
 1 3.140000
 2 3.140000
 3 3.140000
 4 3.030000
 5 3.160000
 6 3.140000
 7 3.030000
 8 3.070000
 9 3.030000
 10 3.040000
 11 3.060000
 12 3.190000
 13 3.160000
 14 3.070000
 15 3.030000
 16 3.030000
 17 3.140000
 18 3.160000
 19 3.140000
 20 3.140000
 21 3.160000
 22 3.140000
 23 3.020000
 24 3.030000
 25 3.030000
 26 3.020000
 27 3.110000
 28 3.010000
 29 3.140000
 30 3.010000
 31 3.110000
 32 3.110000
 33 2.980000
 34 3.110000
 35 3.110000
 36 2.900000
 37 2.720000
 38 2.330000
 39 2.180000
 40 2.160000
 41 2.140000
 42 2.120000
 43 2.130000
 44 2.140000
 45 2.140000
 46 2.130000
 47 2.120000
 48 2.150000
 49 2.150000
 50 2.120000
 51 2.150000
 52 2.220000
 53 2.260000
 54 2.240000
 55 2.180000
 56 2.160000
 57 2.190000
 58 2.190000
 59 2.190000
 60 2.200000
 61 2.230000
 62 2.200000
 63 2.210000
 64 2.180000
 65 2.160000
 66 2.160000
 67 2.190000
 68 2.210000
 69 2.220000
 70 2.230000
 71 2.230000
 72 2.210000
 73 2.210000
 74 2.210000
 75 2.210000
 76 2.240000
 77 2.320000
 78 2.200000
 79 2.200000
 80 2.170000
 81 2.200000
 82 2.200000
 83 2.240000
 84 2.250000
 85 2.230000
 86 2.250000
 87 2.230000
 88 2.230000
 89 2.260000
 90 2.260000
 91 2.250000
 92 2.270000
 93 2.250000
 94 2.260000
 95 2.250000
 96 2.240000
 97 2.210000
 98 2.220000
 99 2.220000
 100 2.240000
 101 2.280000
 102 2.280000
 103 2.280000
 104 2.300000
 105 2.300000
 106 2.300000
 107 2.300000
 108 2.310000
 109 2.300000
 110 2.300000
 111 2.300000
 112 2.310000
 113 2.320000
 114 2.320000
 115 2.350000
 116 2.340000
 117 2.330000
 118 2.330000
 119 2.350000
 120 2.470000
 121 2.390000
 122 2.340000
 123 2.310000
 124 2.350000
 125 2.310000
 126 2.330000
 127 2.400000
 128 2.370000
 129 2.370000
 130 2.410000
 131 2.410000
 132 2.400000
 133 2.410000
 134 2.400000
 135 2.410000
 136 2.410000
 137 2.410000
 138 2.390000
 139 2.390000
 140 2.400000
 141 2.410000
 142 2.430000
 143 2.420000
 144 2.440000
 145 2.460000
 146 3.590000
 147 3.570000
 148 3.650000
 149 3.520000
 150 3.630000
 151 3.590000
 152 3.580000
 153 3.560000
 154 3.510000
 155 3.450000
 156 3.440000
 157 3.410000
 158 3.430000
 159 3.400000
 160 3.410000
 161 3.430000
 162 3.420000
 163 3.420000
 164 3.430000
 165 3.460000
 166 3.460000
 167 3.510000
 168 3.520000
 169 3.620000
 170 3.760000
 171 3.690000
 172 3.710000
 173 3.750000
 174 3.760000
 175 3.760000
 176 3.780000
 177 3.820000
 178 3.860000
 179 3.850000
 180 3.860000
 181 3.890000
 182 3.870000
 183 3.910000
 184 3.910000
 185 3.890000
 186 3.930000
 187 3.940000
 188 3.920000
 189 3.940000
 190 3.950000
 191 3.950000
 192 4.000000
 193 3.990000
 194 4.010000
 195 0.920000
 196 0.900000
 197 0.890000
 198 0.890000
 199 0.890000
 200 0.860000
 201 0.890000
 202 0.890000
 203 0.860000
 204 0.850000
 205 0.850000
 206 0.850000
 207 0.850000
 208 0.830000
 209 0.830000
 210 0.850000
 211 0.850000
 212 0.850000
 213 0.850000
 214 0.850000
 215 0.880000
 216 0.880000
 217 0.880000
 218 0.880000
 219 0.880000
 220 0.900000
 221 0.900000
 222 0.920000
 223 4.370000
 224 4.520000
 225 4.430000
 226 4.460000
 227 4.130000
 228 4.180000
 229 4.510000
 230 4.500000
 231 4.530000
 232 4.530000
 233 4.580000
 234 4.580000
 235 4.710000
 236 4.740000
 237 4.730000
 238 4.810000
 239 4.770000
 240 4.730000
 241 4.730000
 242 4.760000
 243 4.780000
 244 4.830000
 245 4.970000
 246 4.930000
 247 4.980000
 248 4.880000
 249 4.980000
 250 4.980000
 251 4.990000
 252 4.960000
 253 4.960000
 254 4.940000
 255 4.930000
 256 4.940000
 257 4.910000
 258 4.880000
 259 4.730000
 260 4.730000
 261 4.710000
 262 4.680000
 263 4.780000
 264 4.780000
 265 4.760000
 266 4.720000
 267 4.720000
 268 4.690000
 269 4.680000
 270 1.330000
 271 1.330000
 272 1.340000
 273 1.340000
 274 1.340000
 275 1.340000
 276 1.310000
 277 1.310000
 278 1.310000
 279 1.050000
 280 0.700000
 281 0.650000
 282 0.650000
 283 0.680000
 284 0.650000
 285 0.650000
 286 0.680000
 287 0.650000
 288 0.650000
 289 0.650000
 290 0.650000
 291 0.650000
 292 0.650000
 293 0.650000
 294 0.650000
 295 0.630000
 296 0.650000
 297 0.630000
 298 0.650000
 299 0.630000
 300 0.630000
 301 0.650000
 302 0.630000
 303 0.650000
 304 0.620000
 305 0.630000
 306 0.660000
 307 0.660000
 308 0.660000
 309 0.680000
 310 0.680000
 311 0.680000
 312 0.710000
 313 0.780000
 314 1.830000
 315 1.800000
 316 1.840000
 317 1.860000
 318 1.860000
 319 1.970000
 320 4.170000
 321 4.180000
 322 4.160000
 323 4.160000
 324 4.160000
 325 4.150000
 326 4.170000
 327 4.150000
 328 4.170000
 329 4.150000
 330 4.150000
 331 1.260000
 332 1.200000
 333 1.210000
 334 1.210000
 335 1.190000
 336 1.200000
 337 1.200000
 338 1.200000
 339 1.200000
 340 1.190000
 341 1.200000
 342 1.190000
 343 1.170000
 344 1.190000
 345 1.190000
 346 1.180000
 347 1.220000
 348 1.230000
 349 1.280000
 350 4.120000
 351 1.810000
 352 1.760000
 353 1.760000
 354 1.740000
 355 1.740000
 356 1.740000
 357 1.740000
 358 1.740000
 359 1.740000
 360 1.760000
 361 1.750000
 362 1.770000
 363 4.080000
 364 4.130000
 365 4.120000
 366 4.050000
 367 4.090000
 368 4.250000
 369 4.670000
 370 4.990000
 371 4.960000
 372 2.430000
 373 4.980000
 374 4.990000
 375 4.990000
 376 4.970000
 377 5.020000
 378 2.170000
 379 2.270000
 380 2.340000
 381 2.410000
 382 4.980000
 383 4.960000
 384 4.960000
 385 5.010000
 386 5.000000
 387 4.250000
 388 4.860000
 389 4.860000
 390 4.940000
 391 4.230000
 392 4.170000
 393 4.170000
 394 4.260000
 395 4.790000
 396 4.760000
 397 4.630000
 398 1.730000
 399 1.740000
 400 1.710000
 401 1.200000
 402 1.160000
 403 1.160000
 404 1.170000
 405 1.170000
 406 1.170000
 407 1.160000
 408 0.800000
 409 0.670000
 410 0.610000
 411 0.600000
 412 0.600000
 413 0.600000
 414 0.580000
 415 0.600000
 416 0.600000
 417 0.580000
 418 0.600000
 419 0.600000
 420 0.580000
 421 0.580000
 422 0.580000
 423 0.600000
 424 0.600000
 425 0.600000
 426 0.600000
 427 0.600000
 428 0.600000
 429 0.600000
 430 0.600000
 431 0.580000
 432 0.600000
 433 0.600000
 434 0.600000
 435 0.600000
 436 0.580000
 437 0.610000
 438 0.610000
 439 3.500000
 440 3.470000
 441 3.480000
 442 3.480000
 443 3.550000
 444 3.580000
 445 3.580000
 446 3.580000
 447 3.560000
 448 3.560000
 449 3.530000
 450 3.510000
 451 3.530000
 452 3.500000
 453 3.510000
 454 3.490000
 455 3.510000
 456 3.480000
 457 3.440000
 458 3.430000
 459 3.420000
 460 3.470000
 461 3.480000
 462 3.450000
 463 3.460000
 464 3.480000
 465 3.510000
 466 3.480000
 467 3.430000
 468 3.360000
 469 3.480000
 470 3.480000
 471 3.460000
 472 3.480000
 473 3.460000
 474 3.430000
 475 3.400000
 476 3.430000
 477 3.380000
 478 3.210000
 479 3.380000
 480 3.030000
 481 3.410000
 482 3.360000
 483 3.360000
 484 3.310000
 485 3.310000
 486 3.260000
 487 3.230000
 488 3.230000
 489 3.200000
 490 3.200000
 491 3.180000
 492 3.160000
 493 3.160000
 494 3.160000
 495 3.130000
 496 3.130000
 497 3.110000
 498 3.080000
 499 3.080000
 500 3.060000
 501 3.060000
 502 3.050000
 503 3.050000
 504 3.030000
 505 3.030000
 506 3.050000
 507 3.030000
 508 3.030000
 509 2.980000
 510 3.030000
 511 3.030000
 512 3.050000
 513 3.050000
 514 3.040000
 515 2.610000
 516 2.530000
 517 2.410000
 518 2.200000
 519 2.130000
 520 2.110000
 521 2.070000
 522 2.050000
 523 2.030000
 524 2.030000
 525 2.030000
 526 2.010000
 527 1.980000
 528 1.980000
 529 1.970000
 530 1.970000
 531 1.980000
 532 3.030000
 533 3.000000
 534 3.030000
 535 3.010000
 536 2.980000
 537 3.020000
 538 2.980000
 539 3.020000
 540 3.020000
 541 3.020000
 542 3.020000
 543 3.020000
 544 3.000000
 545 2.990000
 546 3.020000
 547 3.040000
 548 3.020000
 549 3.020000
 550 3.020000
 551 3.020000
 552 3.040000
 553 3.040000
 554 3.040000
 555 1.760000
 556 1.810000
 557 1.770000
 558 1.770000
 559 1.780000
 560 1.800000
 561 1.780000
 562 1.770000
 563 1.800000
 564 1.820000
 565 1.830000
 566 1.820000
 567 1.850000
 568 1.820000
 569 1.850000
 570 1.850000
 571 1.870000
 572 1.870000
 573 1.870000
 574 1.900000
 575 1.900000
 576 1.900000
 577 1.900000
 578 1.910000
 579 1.910000
 580 1.950000
 581 1.950000
 582 1.950000
 583 1.970000
 584 1.970000
 585 2.000000
 586 2.000000
 587 2.000000
 588 2.030000
 589 2.030000
 590 2.050000
 591 2.080000
 592 2.080000
 593 2.100000
 594 2.100000
 595 2.130000
 596 2.150000
 597 2.150000
 598 2.180000
 599 2.180000
 600 2.200000
 601 2.230000
 602 2.230000
 603 2.240000
 604 2.200000
 605 2.200000
 606 2.230000
 607 2.250000
 608 2.280000
 609 2.280000
 610 1.400000
 611 1.400000
 612 1.430000
 613 1.400000
 614 1.410000
 615 1.400000
 616 1.420000
 617 1.420000
 618 1.450000
 619 1.450000
 620 1.450000
 621 1.450000
 622 1.470000
 623 1.470000
 624 1.470000
 625 1.500000
 626 1.500000
 627 1.520000
 628 1.520000
 629 1.520000
 630 1.520000
 631 1.560000
 632 1.560000
 633 1.590000
 634 1.560000
 635 1.590000
 636 1.590000
 637 1.590000
 638 1.610000
 639 1.640000
 640 1.660000
 641 1.660000
 642 1.690000
 643 1.690000
 644 1.690000
 645 1.710000
 646 1.740000
 647 1.730000
 648 1.760000
 649 1.780000
 650 1.780000
 651 1.810000
 652 1.840000
 653 1.810000
 654 1.830000
 655 1.860000
 656 1.860000
 657 1.880000
 658 1.910000
 659 3.370000
 660 3.370000
 661 3.340000
 662 3.370000
 663 3.410000
 664 3.380000
 665 3.380000
 666 3.340000
 667 3.330000
 668 3.320000
 669 3.320000
 670 3.290000
 671 3.290000
 672 3.240000
 673 3.240000
 674 3.220000
 675 3.220000
 676 3.230000
 677 3.220000
 678 3.230000
 679 3.230000
 680 3.220000
 681 3.220000
 682 3.200000
 683 3.230000
 684 3.220000
 685 3.230000
 686 3.230000
 687 3.260000
 688 3.280000
 689 3.280000
 690 3.280000
 691 3.280000
 692 3.250000
 693 3.270000
 694 3.310000
 695 3.290000
 696 3.300000
 697 3.340000
 698 3.330000
 699 3.330000
 700 3.340000
 701 3.340000
 702 3.380000
 703 2.870000
 704 2.890000
 705 2.970000
 706 3.400000
 707 3.330000
 708 3.400000
 709 1.610000
 710 1.580000
 711 3.500000
 712 3.540000
 713 3.540000
 714 3.540000
 715 3.590000
 716 3.610000
 717 3.640000
 718 3.640000
 719 3.690000
 720 3.710000
 721 3.710000
 722 3.740000
 723 3.710000
 724 3.770000
 725 3.770000
 726 3.770000
 727 3.750000
 728 3.790000
 729 3.810000
 730 3.810000
 731 3.790000
 732 3.810000
 733 3.810000
 734 3.860000
 735 3.890000
 736 3.890000
 737 3.890000
 738 3.910000
 739 2.850000
 740 2.850000
 741 2.850000
 742 3.960000
 743 3.940000
 744 3.550000
 745 3.970000
 746 3.970000
 747 3.970000
 748 3.990000
 749 3.990000
 750 3.990000
 751 3.990000
 752 3.960000
 753 3.980000
 754 4.010000
 755 4.010000
 756 4.010000
 757 4.010000
 758 4.040000
 759 4.060000
 760 4.070000
 0 3.140000
 1 3.140000
 2 3.140000
 3 3.140000
 4 3.030000
 5 3.140000
 6 3.140000
 7 3.030000
 8 3.050000
 9 3.010000
 10 3.040000
 11 3.030000
 12 3.190000
 13 3.160000
 14 3.070000
 15 3.040000
 16 3.190000
 17 3.140000
 18 3.160000
 19 3.140000
 20 3.140000
 21 3.160000
 22 3.110000
 23 3.020000
 24 3.030000
 25 3.030000
 26 2.990000
 27 3.110000
 28 3.010000
 29 3.140000
 30 2.980000
 31 3.110000
 32 3.110000
 33 2.960000
 34 3.140000
 35 3.090000
 36 2.900000
 37 2.710000
 38 2.360000
 39 2.140000
 40 2.160000
 41 2.140000
 42 2.120000
 43 2.150000
 44 2.140000
 45 2.140000
 46 2.150000
 47 2.150000
 48 2.150000
 49 2.120000
 50 2.150000
 51 2.160000
 52 2.220000
 53 2.290000
 54 2.240000
 55 2.180000
 56 2.190000
 57 2.190000
 58 2.190000
 59 2.210000
 60 2.200000
 61 2.230000
 62 2.200000
 63 2.210000
 64 2.180000
 65 2.190000
 66 2.190000
 67 2.190000
 68 2.200000
 69 2.220000
 70 2.230000
 71 2.200000
 72 2.240000
 73 2.210000
 74 2.200000
 75 2.200000
 76 2.260000
 77 2.320000
 78 2.200000
 79 2.200000
 80 2.170000
 81 2.170000
 82 2.200000
 83 2.240000
 84 2.230000
 85 2.230000
 86 2.260000
 87 2.230000
 88 2.230000
 89 2.240000
 90 2.260000
 91 2.270000
 92 2.250000
 93 2.250000
 94 2.260000
 95 2.250000
 96 2.240000
 97 2.240000
 98 2.250000
 99 2.250000
 100 2.240000
 101 2.280000
 102 2.250000
 103 2.300000
 104 2.300000
 105 2.320000
 106 2.320000
 107 2.320000
 108 2.310000
 109 2.300000
 110 2.300000
 111 2.300000
 112 2.310000
 113 2.350000
 114 2.350000
 115 2.320000
 116 2.340000
 117 2.350000
 118 2.330000
 119 2.350000
 120 2.470000
 121 2.390000
 122 2.340000
 123 2.310000
 124 2.320000
 125 2.310000
 126 2.350000
 127 2.370000
 128 2.400000
 129 2.400000
 130 2.390000
 131 2.410000
 132 2.400000
 133 2.410000
 134 2.400000
 135 2.410000
 136 2.390000
 137 2.390000
 138 2.360000
 139 2.360000
 140 2.390000
 141 2.390000
 142 2.410000
 143 2.420000
 144 2.440000
 145 2.480000
 146 3.560000
 147 3.570000
 148 3.630000
 149 3.500000
 150 3.630000
 151 3.560000
 152 3.580000
 153 3.560000
 154 3.520000
 155 3.450000
 156 3.400000
 157 3.420000
 158 3.400000
 159 3.410000
 160 3.420000
 161 3.430000
 162 3.450000
 163 3.420000
 164 3.430000
 165 3.460000
 166 3.460000
 167 3.480000
 168 3.520000
 169 3.620000
 170 3.760000
 171 3.710000
 172 3.710000
 173 3.730000
 174 3.740000
 175 3.790000
 176 3.780000
 177 3.820000
 178 3.860000
 179 3.840000
 180 3.860000
 181 3.870000
 182 3.890000
 183 3.880000
 184 3.900000
 185 3.900000
 186 3.930000
 187 3.910000
 188 3.930000
 189 3.940000
 190 3.930000
 191 3.950000
 192 4.000000
 193 4.000000
 194 3.990000
 195 0.950000
 196 0.900000
 197 0.900000
 198 0.890000
 199 0.890000
 200 0.890000
 201 0.890000
 202 0.890000
 203 0.850000
 204 0.850000
 205 0.850000
 206 0.850000
 207 0.850000
 208 0.830000
 209 0.830000
 210 0.850000
 211 0.850000
 212 0.850000
 213 0.850000
 214 0.850000
 215 0.880000
 216 0.880000
 217 0.880000
 218 0.880000
 219 0.880000
 220 0.900000
 221 0.900000
 222 0.890000
 223 4.370000
 224 4.490000
 225 4.430000
 226 4.460000
 227 4.130000
 228 4.160000
 229 4.530000
 230 4.500000
 231 4.530000
 232 4.560000
 233 4.580000
 234 4.610000
 235 4.710000
 236 4.760000
 237 4.740000
 238 4.780000
 239 4.770000
 240 4.710000
 241 4.730000
 242 4.760000
 243 4.780000
 244 4.830000
 245 4.990000
 246 4.930000
 247 4.980000
 248 4.880000
 249 4.980000
 250 4.980000
 251 4.990000
 252 4.960000
 253 4.960000
 254 4.930000
 255 4.960000
 256 4.940000
 257 4.910000
 258 4.760000
 259 4.760000
 260 4.730000
 261 4.710000
 262 4.680000
 263 4.810000
 264 4.780000
 265 4.760000
 266 4.720000
 267 4.720000
 268 4.690000
 269 4.680000
 270 1.420000
 271 1.350000
 272 1.340000
 273 1.340000
 274 1.340000
 275 1.310000
 276 1.310000
 277 1.310000
 278 1.310000
 279 1.030000
 280 0.680000
 281 0.680000
 282 0.650000
 283 0.650000
 284 0.680000
 285 0.680000
 286 0.680000
 287 0.650000
 288 0.650000
 289 0.650000
 290 0.650000
 291 0.650000
 292 0.650000
 293 0.630000
 294 0.650000
 295 0.650000
 296 0.650000
 297 0.630000
 298 0.630000
 299 0.650000
 300 0.650000
 301 0.630000
 302 0.630000
 303 0.630000
 304 0.610000
 305 0.630000
 306 0.650000
 307 0.660000
 308 0.660000
 309 0.680000
 310 0.680000
 311 0.680000
 312 0.710000
 313 0.780000
 314 1.800000
 315 1.830000
 316 1.840000
 317 1.860000
 318 1.860000
 319 1.960000
 320 4.200000
 321 4.180000
 322 4.160000
 323 4.180000
 324 4.160000
 325 4.170000
 326 4.170000
 327 4.150000
 328 4.150000
 329 4.150000
 330 4.150000
 331 1.260000
 332 1.200000
 333 1.190000
 334 1.210000
 335 1.210000
 336 1.200000
 337 1.220000
 338 1.200000
 339 1.200000
 340 1.210000
 341 1.190000
 342 1.190000
 343 1.200000
 344 1.190000
 345 1.190000
 346 1.200000
 347 1.200000
 348 1.230000
 349 1.250000
 350 4.120000
 351 1.770000
 352 1.740000
 353 1.760000
 354 1.740000
 355 1.760000
 356 1.740000
 357 1.740000
 358 1.740000
 359 1.740000
 360 1.740000
 361 1.750000
 362 1.770000
 363 4.080000
 364 4.130000
 365 4.120000
 366 4.050000
 367 4.090000
 368 4.190000
 369 4.670000
 370 5.010000
 371 4.980000
 372 2.410000
 373 4.960000
 374 5.020000
 375 4.970000
 376 4.990000
 377 5.000000
 378 2.280000
 379 2.240000
 380 2.320000
 381 2.430000
 382 5.010000
 383 4.980000
 384 4.980000
 385 5.000000
 386 5.030000
 387 4.220000
 388 4.870000
 389 4.860000
 390 4.970000
 391 4.230000
 392 4.190000
 393 4.170000
 394 4.260000
 395 4.810000
 396 4.750000
 397 4.630000
 398 1.730000
 399 1.710000
 400 1.710000
 401 1.200000
 402 1.160000
 403 1.160000
 404 1.160000
 405 1.170000
 406 1.160000
 407 1.140000
 408 0.800000
 409 0.690000
 410 0.610000
 411 0.600000
 412 0.580000
 413 0.600000
 414 0.580000
 415 0.600000
 416 0.580000
 417 0.580000
 418 0.600000
 419 0.600000
 420 0.600000
 421 0.600000
 422 0.580000
 423 0.600000
 424 0.580000
 425 0.600000
 426 0.580000
 427 0.600000
 428 0.600000
 429 0.580000
 430 0.600000
 431 0.580000
 432 0.600000
 433 0.600000
 434 0.580000
 435 0.600000
 436 0.600000
 437 0.610000
 438 0.580000
 439 3.500000
 440 3.470000
 441 3.510000
 442 3.510000
 443 3.540000
 444 3.570000
 445 3.560000
 446 3.550000
 447 3.560000
 448 3.520000
 449 3.530000
 450 3.510000
 451 3.530000
 452 3.490000
 453 3.510000
 454 3.540000
 455 3.500000
 456 3.450000
 457 3.440000
 458 3.460000
 459 3.420000
 460 3.470000
 461 3.440000
 462 3.460000
 463 3.460000
 464 3.460000
 465 3.510000
 466 3.480000
 467 3.480000
 468 3.380000
 469 3.450000
 470 3.480000
 471 3.460000
 472 3.450000
 473 3.480000
 474 3.450000
 475 3.430000
 476 3.430000
 477 3.400000
 478 3.180000
 479 3.430000
 480 3.250000
 481 3.410000
 482 3.360000
 483 3.360000
 484 3.330000
 485 3.310000
 486 3.260000
 487 3.230000
 488 3.230000
 489 3.210000
 490 3.260000
 491 3.210000
 492 3.150000
 493 3.130000
 494 3.130000
 495 3.130000
 496 3.110000
 497 3.080000
 498 3.080000
 499 3.080000
 500 3.060000
 501 3.060000
 502 3.050000
 503 3.060000
 504 3.030000
 505 3.030000
 506 3.040000
 507 3.030000
 508 3.030000
 509 2.980000
 510 3.020000
 511 3.030000
 512 3.030000
 513 3.040000
 514 3.040000
 515 2.610000
 516 2.550000
 517 2.410000
 518 2.230000
 519 2.130000
 520 2.100000
 521 2.090000
 522 2.040000
 523 2.030000
 524 2.010000
 525 2.070000
 526 2.010000
 527 1.980000
 528 1.980000
 529 1.940000
 530 1.970000
 531 1.960000
 532 3.030000
 533 3.000000
 534 3.010000
 535 3.030000
 536 3.010000
 537 2.990000
 538 3.010000
 539 3.020000
 540 3.020000
 541 3.020000
 542 3.020000
 543 3.020000
 544 3.020000
 545 3.020000
 546 3.020000
 547 3.020000
 548 3.020000
 549 3.040000
 550 3.010000
 551 3.040000
 552 3.030000
 553 3.040000
 554 3.040000
 555 1.790000
 556 1.810000
 557 1.770000
 558 1.770000
 559 1.780000
 560 1.800000
 561 1.770000
 562 1.770000
 563 1.800000
 564 1.800000
 565 1.820000
 566 1.800000
 567 1.850000
 568 1.850000
 569 1.850000
 570 1.850000
 571 1.870000
 572 1.870000
 573 1.870000
 574 1.870000
 575 1.900000
 576 1.900000
 577 1.890000
 578 1.910000
 579 1.910000
 580 1.920000
 581 1.950000
 582 1.970000
 583 1.970000
 584 1.970000
 585 1.970000
 586 1.970000
 587 2.020000
 588 2.030000
 589 2.030000
 590 2.050000
 591 2.050000
 592 2.080000
 593 2.080000
 594 2.080000
 595 2.130000
 596 2.150000
 597 2.150000
 598 2.180000
 599 2.180000
 600 2.230000
 601 2.230000
 602 2.230000
 603 2.230000
 604 2.200000
 605 2.200000
 606 2.230000
 607 2.250000
 608 2.280000
 609 2.280000
 610 1.420000
 611 1.440000
 612 1.400000
 613 1.380000
 614 1.390000
 615 1.400000
 616 1.400000
 617 1.420000
 618 1.420000
 619 1.450000
 620 1.450000
 621 1.450000
 622 1.470000
 623 1.470000
 624 1.470000
 625 1.500000
 626 1.500000
 627 1.520000
 628 1.520000
 629 1.550000
 630 1.510000
 631 1.540000
 632 1.540000
 633 1.560000
 634 1.590000
 635 1.590000
 636 1.610000
 637 1.610000
 638 1.610000
 639 1.640000
 640 1.640000
 641 1.660000
 642 1.660000
 643 1.660000
 644 1.690000
 645 1.710000
 646 1.730000
 647 1.710000
 648 1.760000
 649 1.780000
 650 1.790000
 651 1.780000
 652 1.830000
 653 1.810000
 654 1.830000
 655 1.860000
 656 1.880000
 657 1.880000
 658 1.920000
 659 3.400000
 660 3.410000
 661 3.340000
 662 3.370000
 663 3.410000
 664 3.380000
 665 3.340000
 666 3.350000
 667 3.340000
 668 3.320000
 669 3.320000
 670 3.290000
 671 3.270000
 672 3.270000
 673 3.240000
 674 3.240000
 675 3.240000
 676 3.220000
 677 3.230000
 678 3.230000
 679 3.230000
 680 3.220000
 681 3.220000
 682 3.220000
 683 3.220000
 684 3.230000
 685 3.230000
 686 3.220000
 687 3.260000
 688 3.260000
 689 3.280000
 690 3.280000
 691 3.300000
 692 3.280000
 693 3.290000
 694 3.290000
 695 3.290000
 696 3.290000
 697 3.320000
 698 3.320000
 699 3.320000
 700 3.340000
 701 3.370000
 702 3.360000
 703 2.870000
 704 2.860000
 705 2.970000
 706 3.380000
 707 3.310000
 708 3.400000
 709 1.580000
 710 1.560000
 711 3.480000
 712 3.500000
 713 3.510000
 714 3.530000
 715 3.580000
 716 3.620000
 717 3.660000
 718 3.630000
 719 3.690000
 720 3.680000
 721 3.690000
 722 3.700000
 723 3.740000
 724 3.740000
 725 3.760000
 726 3.760000
 727 3.780000
 728 3.780000
 729 3.780000
 730 3.780000
 731 3.800000
 732 3.790000
 733 3.810000
 734 3.860000
 735 3.860000
 736 3.920000
 737 3.890000
 738 3.910000
 739 2.880000
 740 2.880000
 741 2.850000
 742 3.960000
 743 3.930000
 744 3.550000
 745 3.970000
 746 3.970000
 747 3.960000
 748 3.970000
 749 3.990000
 750 3.970000
 751 3.960000
 752 3.990000
 753 3.960000
 754 4.000000
 755 4.000000
 756 3.980000
 757 4.000000
 758 4.040000
 759 4.040000
 760 4.030000
 0 3.160000
 1 3.140000
 2 3.140000
 3 3.140000
 4 3.010000
 5 3.140000
 6 3.140000
 7 3.030000
 8 3.050000
 9 3.030000
 10 3.040000
 11 3.030000
 12 3.190000
 13 3.160000
 14 3.040000
 15 3.030000
 16 3.160000
 17 3.160000
 18 3.160000
 19 3.140000
 20 3.140000
 21 3.160000
 22 3.140000
 23 3.020000
 24 3.000000
 25 3.010000
 26 3.020000
 27 3.140000
 28 3.010000
 29 3.140000
 30 3.010000
 31 3.110000
 32 3.110000
 33 2.980000
 34 3.110000
 35 3.090000
 36 2.900000
 37 2.710000
 38 2.360000
 39 2.170000
 40 2.180000
 41 2.140000
 42 2.120000
 43 2.130000
 44 2.140000
 45 2.140000
 46 2.150000
 47 2.120000
 48 2.120000
 49 2.150000
 50 2.150000
 51 2.160000
 52 2.220000
 53 2.290000
 54 2.240000
 55 2.200000
 56 2.190000
 57 2.190000
 58 2.190000
 59 2.190000
 60 2.230000
 61 2.200000
 62 2.200000
 63 2.210000
 64 2.200000
 65 2.160000
 66 2.160000
 67 2.190000
 68 2.210000
 69 2.220000
 70 2.200000
 71 2.220000
 72 2.210000
 73 2.210000
 74 2.210000
 75 2.200000
 76 2.260000
 77 2.330000
 78 2.200000
 79 2.200000
 80 2.170000
 81 2.170000
 82 2.200000
 83 2.210000
 84 2.250000
 85 2.250000
 86 2.240000
 87 2.250000
 88 2.230000
 89 2.240000
 90 2.260000
 91 2.270000
 92 2.270000
 93 2.280000
 94 2.260000
 95 2.260000
 96 2.210000
 97 2.210000
 98 2.220000
 99 2.250000
 100 2.240000
 101 2.280000
 102 2.280000
 103 2.280000
 104 2.280000
 105 2.300000
 106 2.300000
 107 2.300000
 108 2.310000
 109 2.300000
 110 2.300000
 111 2.300000
 112 2.310000
 113 2.320000
 114 2.350000
 115 2.320000
 116 2.340000
 117 2.330000
 118 2.330000
 119 2.350000
 120 2.500000
 121 2.380000
 122 2.340000
 123 2.310000
 124 2.320000
 125 2.310000
 126 2.350000
 127 2.370000
 128 2.400000
 129 2.370000
 130 2.390000
 131 2.410000
 132 2.420000
 133 2.390000
 134 2.420000
 135 2.410000
 136 2.390000
 137 2.410000
 138 2.360000
 139 2.390000
 140 2.390000
 141 2.390000
 142 2.420000
 143 2.420000
 144 2.440000
 145 2.460000
 146 3.580000
 147 3.570000
 148 3.630000
 149 3.520000
 150 3.630000
 151 3.590000
 152 3.580000
 153 3.560000
 154 3.520000
 155 3.450000
 156 3.400000
 157 3.440000
 158 3.420000
 159 3.410000
 160 3.400000
 161 3.400000
 162 3.420000
 163 3.420000
 164 3.430000
 165 3.430000
 166 3.450000
 167 3.510000
 168 3.520000
 169 3.620000
 170 3.780000
 171 3.680000
 172 3.710000
 173 3.750000
 174 3.770000
 175 3.780000
 176 3.810000
 177 3.810000
 178 3.830000
 179 3.850000
 180 3.860000
 181 3.870000
 182 3.890000
 183 3.900000
 184 3.900000
 185 3.900000
 186 3.910000
 187 3.940000
 188 3.930000
 189 3.940000
 190 3.950000
 191 3.950000
 192 3.970000
 193 4.000000
 194 4.010000
 195 0.930000
 196 0.900000
 197 0.900000
 198 0.890000
 199 0.890000
 200 0.890000
 201 0.860000
 202 0.890000
 203 0.860000
 204 0.880000
 205 0.880000
 206 0.830000
 207 0.830000
 208 0.850000
 209 0.850000
 210 0.850000
 211 0.850000
 212 0.850000
 213 0.850000
 214 0.850000
 215 0.880000
 216 0.880000
 217 0.850000
 218 0.880000
 219 0.880000
 220 0.880000
 221 0.900000
 222 0.920000
 223 4.370000
 224 4.510000
 225 4.430000
 226 4.460000
 227 4.130000
 228 4.170000
 229 4.480000
 230 4.500000
 231 4.530000
 232 4.530000
 233 4.580000
 234 4.610000
 235 4.710000
 236 4.740000
 237 4.770000
 238 4.780000
 239 4.770000
 240 4.730000
 241 4.730000
 242 4.760000
 243 4.810000
 244 4.830000
 245 4.960000
 246 4.950000
 247 4.980000
 248 4.890000
 249 5.010000
 250 4.980000
 251 4.990000
 252 4.960000
 253 4.960000
 254 4.940000
 255 4.930000
 256 4.940000
 257 4.910000
 258 4.880000
 259 4.760000
 260 4.730000
 261 4.710000
 262 4.680000
 263 4.810000
 264 4.810000
 265 4.760000
 266 4.750000
 267 4.700000
 268 4.690000
 269 4.680000
 270 1.360000
 271 1.340000
 272 1.340000
 273 1.340000
 274 1.340000
 275 1.310000
 276 1.310000
 277 1.310000
 278 1.290000
 279 1.030000
 280 0.700000
 281 0.650000
 282 0.680000
 283 0.650000
 284 0.680000
 285 0.680000
 286 0.650000
 287 0.650000
 288 0.650000
 289 0.650000
 290 0.650000
 291 0.650000
 292 0.650000
 293 0.650000
 294 0.650000
 295 0.650000
 296 0.630000
 297 0.650000
 298 0.650000
 299 0.650000
 300 0.630000
 301 0.630000
 302 0.630000
 303 0.630000
 304 0.610000
 305 0.630000
 306 0.650000
 307 0.660000
 308 0.630000
 309 0.660000
 310 0.660000
 311 0.680000
 312 0.710000
 313 0.750000
 314 1.800000
 315 1.830000
 316 1.810000
 317 1.860000
 318 1.860000
 319 1.960000
 320 4.200000
 321 4.210000
 322 4.180000
 323 4.160000
 324 4.180000
 325 4.170000
 326 4.170000
 327 4.150000
 328 4.150000
 329 4.170000
 330 4.150000
 331 1.260000
 332 1.200000
 333 1.210000
 334 1.210000
 335 1.190000
 336 1.220000
 337 1.220000
 338 1.200000
 339 1.220000
 340 1.210000
 341 1.200000
 342 1.190000
 343 1.200000
 344 1.190000
 345 1.190000
 346 1.180000
 347 1.200000
 348 1.230000
 349 1.260000
 350 4.120000
 351 1.780000
 352 1.740000
 353 1.740000
 354 1.740000
 355 1.740000
 356 1.740000
 357 1.740000
 358 1.740000
 359 1.740000
 360 1.740000
 361 1.750000
 362 1.790000
 363 4.080000
 364 4.110000
 365 4.090000
 366 4.050000
 367 4.070000
 368 4.250000
 369 4.650000
 370 5.010000
 371 5.010000
 372 2.430000
 373 5.010000
 374 4.990000
 375 4.990000
 376 4.970000
 377 4.990000
 378 2.210000
 379 2.260000
 380 2.320000
 381 2.400000
 382 4.980000
 383 4.960000
 384 4.980000
 385 5.030000
 386 5.040000
 387 4.280000
 388 4.870000
 389 4.860000
 390 4.940000
 391 4.210000
 392 4.170000
 393 4.170000
 394 4.260000
 395 4.780000
 396 4.760000
 397 4.630000
 398 1.730000
 399 1.710000
 400 1.710000
 401 1.200000
 402 1.160000
 403 1.160000
 404 1.160000
 405 1.160000
 406 1.160000
 407 1.160000
 408 0.800000
 409 0.660000
 410 0.600000
 411 0.600000
 412 0.580000
 413 0.600000
 414 0.580000
 415 0.580000
 416 0.600000
 417 0.600000
 418 0.580000
 419 0.600000
 420 0.600000
 421 0.600000
 422 0.600000
 423 0.580000
 424 0.600000
 425 0.600000
 426 0.600000
 427 0.580000
 428 0.600000
 429 0.580000
 430 0.580000
 431 0.580000
 432 0.580000
 433 0.580000
 434 0.580000
 435 0.580000
 436 0.600000
 437 0.610000
 438 0.610000
 439 3.520000
 440 3.470000
 441 3.510000
 442 3.480000
 443 3.570000
 444 3.540000
 445 3.580000
 446 3.560000
 447 3.560000
 448 3.550000
 449 3.530000
 450 3.510000
 451 3.510000
 452 3.500000
 453 3.510000
 454 3.490000
 455 3.500000
 456 3.480000
 457 3.440000
 458 3.460000
 459 3.420000
 460 3.470000
 461 3.460000
 462 3.450000
 463 3.430000
 464 3.460000
 465 3.510000
 466 3.510000
 467 3.480000
 468 3.350000
 469 3.480000
 470 3.470000
 471 3.460000
 472 3.480000
 473 3.450000
 474 3.450000
 475 3.430000
 476 3.400000
 477 3.370000
 478 3.230000
 479 3.410000
 480 3.360000
 481 3.380000
 482 3.380000
 483 3.360000
 484 3.310000
 485 3.310000
 486 3.260000
 487 3.260000
 488 3.230000
 489 3.210000
 490 3.230000
 491 3.210000
 492 3.150000
 493 3.160000
 494 3.160000
 495 3.130000
 496 3.110000
 497 3.080000
 498 3.110000
 499 3.080000
 500 3.060000
 501 3.060000
 502 3.050000
 503 3.050000
 504 3.050000
 505 3.030000
 506 3.030000
 507 3.050000
 508 3.030000
 509 3.000000
 510 3.050000
 511 3.030000
 512 3.050000
 513 3.040000
 514 3.040000
 515 2.610000
 516 2.550000
 517 2.410000
 518 2.200000
 519 2.130000
 520 2.110000
 521 2.070000
 522 2.050000
 523 2.020000
 524 2.020000
 525 2.030000
 526 2.010000
 527 1.980000
 528 1.980000
 529 1.970000
 530 1.940000
 531 1.960000
 532 3.030000
 533 3.010000
 534 3.010000
 535 3.030000
 536 3.010000
 537 3.020000
 538 2.980000
 539 3.020000
 540 3.020000
 541 2.990000
 542 3.020000
 543 3.020000
 544 3.020000
 545 3.020000
 546 3.020000
 547 3.020000
 548 3.020000
 549 3.040000
 550 3.010000
 551 3.020000
 552 3.040000
 553 3.030000
 554 3.040000
 555 1.820000
 556 1.810000
 557 1.790000
 558 1.770000
 559 1.780000
 560 1.770000
 561 1.800000
 562 1.800000
 563 1.800000
 564 1.800000
 565 1.800000
 566 1.800000
 567 1.820000
 568 1.850000
 569 1.850000
 570 1.850000
 571 1.870000
 572 1.850000
 573 1.870000
 574 1.900000
 575 1.870000
 576 1.900000
 577 1.920000
 578 1.890000
 579 1.910000
 580 1.950000
 581 1.920000
 582 1.950000
 583 1.950000
 584 1.970000
 585 1.970000
 586 2.020000
 587 2.000000
 588 2.000000
 589 2.030000
 590 2.050000
 591 2.050000
 592 2.080000
 593 2.080000
 594 2.100000
 595 2.130000
 596 2.130000
 597 2.150000
 598 2.180000
 599 2.200000
 600 2.230000
 601 2.230000
 602 2.230000
 603 2.230000
 604 2.200000
 605 2.200000
 606 2.230000
 607 2.250000
 608 2.250000
 609 2.280000
 610 1.400000
 611 1.430000
 612 1.400000
 613 1.400000
 614 1.420000
 615 1.420000
 616 1.420000
 617 1.420000
 618 1.420000
 619 1.450000
 620 1.450000
 621 1.450000
 622 1.470000
 623 1.470000
 624 1.470000
 625 1.500000
 626 1.500000
 627 1.500000
 628 1.550000
 629 1.540000
 630 1.510000
 631 1.540000
 632 1.540000
 633 1.590000
 634 1.590000
 635 1.590000
 636 1.590000
 637 1.610000
 638 1.610000
 639 1.640000
 640 1.660000
 641 1.660000
 642 1.690000
 643 1.690000
 644 1.690000
 645 1.710000
 646 1.730000
 647 1.730000
 648 1.760000
 649 1.760000
 650 1.780000
 651 1.810000
 652 1.810000
 653 1.830000
 654 1.830000
 655 1.860000
 656 1.880000
 657 1.910000
 658 1.910000
 659 3.380000
 660 3.380000
 661 3.380000
 662 3.370000
 663 3.410000
 664 3.380000
 665 3.340000
 666 3.340000
 667 3.320000
 668 3.320000
 669 3.320000
 670 3.270000
 671 3.270000
 672 3.270000
 673 3.250000
 674 3.240000
 675 3.240000
 676 3.240000
 677 3.230000
 678 3.220000
 679 3.230000
 680 3.220000
 681 3.220000
 682 3.230000
 683 3.190000
 684 3.190000
 685 3.210000
 686 3.220000
 687 3.260000
 688 3.250000
 689 3.250000
 690 3.280000
 691 3.260000
 692 3.280000
 693 3.300000
 694 3.290000
 695 3.300000
 696 3.290000
 697 3.320000
 698 3.340000
 699 3.340000
 700 3.340000
 701 3.370000
 702 3.360000
 703 2.870000
 704 2.860000
 705 2.940000
 706 3.390000
 707 3.310000
 708 3.410000
 709 1.580000
 710 1.580000
 711 3.510000
 712 3.530000
 713 3.540000
 714 3.540000
 715 3.600000
 716 3.610000
 717 3.640000
 718 3.610000
 719 3.690000
 720 3.710000
 721 3.680000
 722 3.710000
 723 3.760000
 724 3.740000
 725 3.760000
 726 3.760000
 727 3.790000
 728 3.780000
 729 3.810000
 730 3.780000
 731 3.780000
 732 3.810000
 733 3.810000
 734 3.860000
 735 3.870000
 736 3.890000
 737 3.890000
 738 3.930000
 739 2.850000
 740 2.850000
 741 2.830000
 742 3.930000
 743 3.940000
 744 3.550000
 745 3.940000
 746 3.940000
 747 3.960000
 748 3.940000
 749 3.990000
 750 3.990000
 751 3.970000
 752 3.960000
 753 3.990000
 754 4.010000
 755 4.000000
 756 3.990000
 757 4.010000
 758 4.040000
 759 4.040000
 760 4.050000
 0 3.140000
 1 3.140000
 2 3.140000
 3 3.140000
 4 3.010000
 5 3.140000
 6 3.140000
 7 3.030000
 8 3.050000
 9 3.010000
 10 3.070000
 11 3.090000
 12 3.160000
 13 3.160000
 14 3.070000
 15 3.030000
 16 3.190000
 17 3.160000
 18 3.160000
 19 3.140000
 20 3.140000
 21 3.140000
 22 3.140000
 23 3.020000
 24 3.030000
 25 3.030000
 26 3.030000
 27 3.110000
 28 3.010000
 29 3.140000
 30 2.980000
 31 3.110000
 32 3.110000
 33 2.960000
 34 3.110000
 35 3.110000
 36 2.900000
 37 2.690000
 38 2.360000
 39 2.190000
 40 2.160000
 41 2.140000
 42 2.150000
 43 2.150000
 44 2.160000
 45 2.140000
 46 2.150000
 47 2.150000
 48 2.150000
 49 2.150000
 50 2.120000
 51 2.150000
 52 2.250000
 53 2.260000
 54 2.240000
 55 2.200000
 56 2.160000
 57 2.190000
 58 2.190000
 59 2.210000
 60 2.200000
 61 2.230000
 62 2.200000
 63 2.210000
 64 2.180000
 65 2.190000
 66 2.160000
 67 2.190000
 68 2.200000
 69 2.220000
 70 2.230000
 71 2.230000
 72 2.210000
 73 2.210000
 74 2.200000
 75 2.230000
 76 2.240000
 77 2.320000
 78 2.200000
 79 2.170000
 80 2.170000
 81 2.200000
 82 2.180000
 83 2.210000
 84 2.230000
 85 2.250000
 86 2.240000
 87 2.250000
 88 2.230000
 89 2.230000
 90 2.240000
 91 2.270000
 92 2.270000
 93 2.250000
 94 2.260000
 95 2.230000
 96 2.230000
 97 2.240000
 98 2.220000
 99 2.250000
 100 2.210000
 101 2.280000
 102 2.300000
 103 2.280000
 104 2.300000
 105 2.300000
 106 2.300000
 107 2.320000
 108 2.310000
 109 2.300000
 110 2.330000
 111 2.330000
 112 2.310000
 113 2.320000
 114 2.350000
 115 2.350000
 116 2.340000
 117 2.330000
 118 2.330000
 119 2.320000
 120 2.470000
 121 2.390000
 122 2.350000
 123 2.310000
 124 2.320000
 125 2.310000
 126 2.350000
 127 2.370000
 128 2.370000
 129 2.400000
 130 2.390000
 131 2.410000
 132 2.400000
 133 2.410000
 134 2.420000
 135 2.410000
 136 2.410000
 137 2.390000
 138 2.390000
 139 2.360000
 140 2.390000
 141 2.390000
 142 2.430000
 143 2.450000
 144 2.440000
 145 2.480000
 146 3.580000
 147 3.570000
 148 3.630000
 149 3.520000
 150 3.630000
 151 3.560000
 152 3.560000
 153 3.580000
 154 3.520000
 155 3.450000
 156 3.410000
 157 3.420000
 158 3.430000
 159 3.410000
 160 3.400000
 161 3.430000
 162 3.420000
 163 3.420000
 164 3.430000
 165 3.430000
 166 3.480000
 167 3.480000
 168 3.490000
 169 3.600000
 170 3.760000
 171 3.710000
 172 3.710000
 173 3.750000
 174 3.760000
 175 3.790000
 176 3.800000
 177 3.830000
 178 3.830000
 179 3.840000
 180 3.860000
 181 3.860000
 182 3.870000
 183 3.880000
 184 3.890000
 185 3.920000
 186 3.930000
 187 3.940000
 188 3.930000
 189 3.930000
 190 3.960000
 191 3.980000
 192 4.000000
 193 3.960000
 194 3.990000
 195 0.930000
 196 0.900000
 197 0.880000
 198 0.890000
 199 0.880000
 200 0.890000
 201 0.860000
 202 0.890000
 203 0.850000
 204 0.850000
 205 0.850000
 206 0.850000
 207 0.850000
 208 0.850000
 209 0.850000
 210 0.830000
 211 0.850000
 212 0.850000
 213 0.850000
 214 0.850000
 215 0.880000
 216 0.850000
 217 0.880000
 218 0.880000
 219 0.880000
 220 0.880000
 221 0.880000
 222 0.920000
 223 4.370000
 224 4.490000
 225 4.430000
 226 4.460000
 227 4.130000
 228 4.160000
 229 4.480000
 230 4.500000
 231 4.530000
 232 4.560000
 233 4.580000
 234 4.610000
 235 4.710000
 236 4.740000
 237 4.770000
 238 4.790000
 239 4.790000
 240 4.710000
 241 4.730000
 242 4.760000
 243 4.780000
 244 4.830000
 245 4.970000
 246 4.930000
 247 4.980000
 248 4.890000
 249 4.980000
 250 4.980000
 251 4.990000
 252 4.960000
 253 4.960000
 254 4.930000
 255 4.930000
 256 4.940000
 257 4.910000
 258 4.880000
 259 4.730000
 260 4.730000
 261 4.710000
 262 4.710000
 263 4.810000
 264 4.760000
 265 4.760000
 266 4.720000
 267 4.720000
 268 4.690000
 269 4.700000
 270 1.360000
 271 1.330000
 272 1.360000
 273 1.310000
 274 1.310000
 275 1.340000
 276 1.310000
 277 1.310000
 278 1.340000
 279 1.030000
 280 0.700000
 281 0.650000
 282 0.680000
 283 0.680000
 284 0.650000
 285 0.680000
 286 0.650000
 287 0.650000
 288 0.650000
 289 0.650000
 290 0.650000
 291 0.650000
 292 0.650000
 293 0.650000
 294 0.650000
 295 0.630000
 296 0.630000
 297 0.630000
 298 0.630000
 299 0.630000
 300 0.630000
 301 0.650000
 302 0.630000
 303 0.650000
 304 0.610000
 305 0.660000
 306 0.660000
 307 0.660000
 308 0.660000
 309 0.660000
 310 0.680000
 311 0.680000
 312 0.710000
 313 0.750000
 314 1.800000
 315 1.800000
 316 1.810000
 317 1.840000
 318 1.860000
 319 2.000000
 320 4.200000
 321 4.180000
 322 4.180000
 323 4.160000
 324 4.160000
 325 4.170000
 326 4.170000
 327 4.150000
 328 4.150000
 329 4.120000
 330 4.120000
 331 1.260000
 332 1.200000
 333 1.210000
 334 1.210000
 335 1.210000
 336 1.200000
 337 1.200000
 338 1.200000
 339 1.200000
 340 1.190000
 341 1.220000
 342 1.190000
 343 1.190000
 344 1.190000
 345 1.190000
 346 1.180000
 347 1.220000
 348 1.210000
 349 1.280000
 350 4.120000
 351 1.830000
 352 1.760000
 353 1.760000
 354 1.760000
 355 1.740000
 356 1.740000
 357 1.740000
 358 1.760000
 359 1.760000
 360 1.740000
 361 1.730000
 362 1.790000
 363 4.060000
 364 4.130000
 365 4.120000
 366 4.020000
 367 4.070000
 368 4.190000
 369 4.670000
 370 4.990000
 371 4.990000
 372 2.430000
 373 5.010000
 374 4.990000
 375 4.990000
 376 5.020000
 377 5.020000
 378 2.210000
 379 2.240000
 380 2.320000
 381 2.430000
 382 4.980000
 383 4.960000
 384 4.980000
 385 5.030000
 386 5.030000
 387 4.250000
 388 4.860000
 389 4.880000
 390 4.970000
 391 4.230000
 392 4.190000
 393 4.200000
 394 4.270000
 395 4.780000
 396 4.750000
 397 4.660000
 398 1.730000
 399 1.740000
 400 1.690000
 401 1.200000
 402 1.190000
 403 1.160000
 404 1.160000
 405 1.170000
 406 1.160000
 407 1.160000
 408 0.830000
 409 0.660000
 410 0.580000
 411 0.600000
 412 0.600000
 413 0.600000
 414 0.580000
 415 0.600000
 416 0.600000
 417 0.580000
 418 0.600000
 419 0.600000
 420 0.600000
 421 0.600000
 422 0.600000
 423 0.580000
 424 0.600000
 425 0.600000
 426 0.580000
 427 0.600000
 428 0.600000
 429 0.600000
 430 0.600000
 431 0.600000
 432 0.600000
 433 0.600000
 434 0.580000
 435 0.580000
 436 0.600000
 437 0.600000
 438 0.610000
 439 3.520000
 440 3.510000
 441 3.460000
 442 3.460000
 443 3.580000
 444 3.550000
 445 3.570000
 446 3.580000
 447 3.560000
 448 3.550000
 449 3.530000
 450 3.510000
 451 3.530000
 452 3.500000
 453 3.510000
 454 3.550000
 455 3.500000
 456 3.470000
 457 3.440000
 458 3.430000
 459 3.420000
 460 3.440000
 461 3.450000
 462 3.450000
 463 3.430000
 464 3.480000
 465 3.480000
 466 3.480000
 467 3.460000
 468 3.410000
 469 3.480000
 470 3.480000
 471 3.460000
 472 3.480000
 473 3.450000
 474 3.460000
 475 3.420000
 476 3.430000
 477 3.410000
 478 3.230000
 479 3.430000
 480 3.180000
 481 3.410000
 482 3.380000
 483 3.330000
 484 3.330000
 485 3.310000
 486 3.260000
 487 3.230000
 488 3.230000
 489 3.200000
 490 3.190000
 491 3.210000
 492 3.160000
 493 3.150000
 494 3.130000
 495 3.130000
 496 3.130000
 497 3.100000
 498 3.080000
 499 3.080000
 500 3.080000
 501 3.060000
 502 3.050000
 503 3.050000
 504 3.030000
 505 3.030000
 506 3.040000
 507 3.030000
 508 3.000000
 509 2.990000
 510 3.020000
 511 3.020000
 512 3.040000
 513 3.070000
 514 3.040000
 515 2.580000
 516 2.550000
 517 2.410000
 518 2.200000
 519 2.130000
 520 2.110000
 521 2.060000
 522 2.040000
 523 2.030000
 524 2.020000
 525 2.040000
 526 2.010000
 527 1.980000
 528 1.960000
 529 1.940000
 530 1.970000
 531 1.950000
 532 3.030000
 533 3.010000
 534 3.010000
 535 3.010000
 536 3.010000
 537 2.990000
 538 3.010000
 539 3.020000
 540 3.020000
 541 3.020000
 542 2.990000
 543 3.020000
 544 3.000000
 545 2.990000
 546 3.020000
 547 3.020000
 548 3.040000
 549 3.020000
 550 3.020000
 551 3.040000
 552 3.040000
 553 3.070000
 554 3.040000
 555 1.820000
 556 1.810000
 557 1.790000
 558 1.770000
 559 1.750000
 560 1.770000
 561 1.770000
 562 1.770000
 563 1.800000
 564 1.800000
 565 1.820000
 566 1.820000
 567 1.850000
 568 1.850000
 569 1.850000
 570 1.850000
 571 1.870000
 572 1.870000
 573 1.870000
 574 1.870000
 575 1.870000
 576 1.910000
 577 1.920000
 578 1.920000
 579 1.910000
 580 1.950000
 581 1.950000
 582 1.970000
 583 1.970000
 584 1.970000
 585 1.970000
 586 2.000000
 587 2.020000
 588 2.030000
 589 2.030000
 590 2.050000
 591 2.080000
 592 2.080000
 593 2.100000
 594 2.100000
 595 2.130000
 596 2.130000
 597 2.150000
 598 2.180000
 599 2.180000
 600 2.200000
 601 2.230000
 602 2.230000
 603 2.230000
 604 2.200000
 605 2.200000
 606 2.230000
 607 2.250000
 608 2.250000
 609 2.280000
 610 1.420000
 611 1.430000
 612 1.400000
 613 1.400000
 614 1.390000
 615 1.420000
 616 1.400000
 617 1.420000
 618 1.450000
 619 1.420000
 620 1.450000
 621 1.470000
 622 1.470000
 623 1.470000
 624 1.500000
 625 1.500000
 626 1.500000
 627 1.500000
 628 1.520000
 629 1.510000
 630 1.540000
 631 1.560000
 632 1.540000
 633 1.560000
 634 1.560000
 635 1.590000
 636 1.610000
 637 1.610000
 638 1.610000
 639 1.640000
 640 1.660000
 641 1.660000
 642 1.660000
 643 1.690000
 644 1.680000
 645 1.710000
 646 1.730000
 647 1.730000
 648 1.740000
 649 1.780000
 650 1.780000
 651 1.780000
 652 1.810000
 653 1.830000
 654 1.860000
 655 1.880000
 656 1.880000
 657 1.880000
 658 1.910000
 659 3.410000
 660 3.380000
 661 3.340000
 662 3.370000
 663 3.340000
 664 3.380000
 665 3.340000
 666 3.320000
 667 3.320000
 668 3.320000
 669 3.290000
 670 3.240000
 671 3.240000
 672 3.260000
 673 3.250000
 674 3.220000
 675 3.240000
 676 3.220000
 677 3.250000
 678 3.230000
 679 3.200000
 680 3.190000
 681 3.190000
 682 3.220000
 683 3.200000
 684 3.200000
 685 3.220000
 686 3.230000
 687 3.260000
 688 3.260000
 689 3.280000
 690 3.250000
 691 3.270000
 692 3.240000
 693 3.300000
 694 3.290000
 695 3.280000
 696 3.290000
 697 3.290000
 698 3.350000
 699 3.330000
 700 3.350000
 701 3.370000
 702 3.370000
 703 2.900000
 704 2.890000
 705 3.000000
 706 3.380000
 707 3.300000
 708 3.440000
 709 1.610000
 710 1.610000
 711 3.480000
 712 3.530000
 713 3.530000
 714 3.550000
 715 3.590000
 716 3.610000
 717 3.640000
 718 3.600000
 719 3.690000
 720 3.700000
 721 3.690000
 722 3.730000
 723 3.740000
 724 3.740000
 725 3.770000
 726 3.740000
 727 3.760000
 728 3.790000
 729 3.790000
 730 3.790000
 731 3.810000
 732 3.810000
 733 3.810000
 734 3.860000
 735 3.870000
 736 3.890000
 737 3.890000
 738 3.910000
 739 2.880000
 740 2.860000
 741 2.880000
 742 3.940000
 743 3.960000
 744 3.550000
 745 3.970000
 746 3.940000
 747 3.970000
 748 3.990000
 749 3.990000
 750 3.990000
 751 3.990000
 752 3.990000
 753 3.960000
 754 3.980000
 755 4.010000
 756 3.990000
 757 3.990000
 758 4.040000
 759 4.040000
 760 4.060000