
 0 3.130000
 1 3.130000
 2 3.130000
 3 3.000000
 4 3.110000
 5 3.130000
 6 3.000000
 7 3.060000
 8 3.030000
 9 3.070000
 10 3.050000
 11 3.180000
 12 3.160000
 13 3.020000
 14 3.160000
 15 3.180000
 16 3.050000
 17 3.060000
 18 3.160000
 19 3.130000
 20 3.130000
 21 3.000000
 22 3.130000
 23 3.160000
 24 3.160000
 25 3.020000
 26 3.020000
 27 3.030000
 28 2.980000
 29 3.000000
 30 3.000000
 31 3.110000
 32 2.970000
 33 3.110000
 34 3.110000
 35 2.950000
 36 2.900000
 37 2.690000
 38 2.330000
 39 2.170000
 40 2.160000
 41 2.140000
 42 2.140000
 43 2.130000
 44 2.130000
 45 2.160000
 46 2.140000
 47 2.140000
 48 2.140000
 49 2.140000
 50 2.120000
 51 2.140000
 52 2.240000
 53 2.260000
 54 2.230000
 55 2.200000
 56 2.180000
 57 2.180000
 58 2.180000
 59 2.210000
 60 2.230000
 61 2.200000
 62 2.190000
 63 2.200000
 64 2.180000
 65 2.180000
 66 2.160000
 67 2.180000
 68 2.210000
 69 2.220000
 70 2.230000
 71 2.200000
 72 2.210000
 73 2.230000
 74 2.210000
 75 2.230000
 76 2.260000
 77 2.330000
 78 2.210000
 79 2.190000
 80 2.190000
 81 2.170000
 82 2.200000
 83 2.230000
 84 2.230000
 85 2.250000
 86 2.270000
 87 2.250000
 88 2.250000
 89 2.230000
 90 2.260000
 91 2.270000
 92 2.240000
 93 2.250000
 94 2.260000
 95 2.230000
 96 2.230000
 97 2.210000
 98 2.240000
 99 2.220000
 100 2.260000
 101 2.280000
 102 2.280000
 103 2.280000
 104 2.300000
 105 2.320000
 106 2.290000
 107 2.290000
 108 2.310000
 109 2.300000
 110 2.300000
 111 2.330000
 112 2.330000
 113 2.340000
 114 2.340000
 115 2.320000
 116 2.330000
 117 2.330000
 118 2.350000
 119 2.340000
 120 2.470000
 121 2.390000
 122 2.340000
 123 2.310000
 124 2.320000
 125 2.310000
 126 2.350000
 127 2.370000
 128 2.370000
 129 2.390000
 130 2.410000
 131 2.380000
 132 2.420000
 133 2.410000
 134 2.390000
 135 2.410000
 136 2.410000
 137 2.410000
 138 2.380000
 139 2.390000
 140 2.390000
 141 2.380000
 142 2.430000
 143 2.420000
 144 2.410000
 145 2.480000
 146 3.590000
 147 3.570000
 148 3.600000
 149 3.530000
 150 3.580000
 151 3.590000
 152 3.560000
 153 3.560000
 154 3.490000
 155 3.450000
 156 3.410000
 157 3.420000
 158 3.420000
 159 3.400000
 160 3.420000
 161 3.430000
 162 3.420000
 163 3.420000
 164 3.450000
 165 3.430000
 166 3.480000
 167 3.480000
 168 3.520000
 169 3.660000
 170 3.730000
 171 3.720000
 172 3.710000
 173 3.750000
 174 3.780000
 175 3.810000
 176 3.780000
 177 3.860000
 178 3.860000
 179 3.850000
 180 3.840000
 181 3.860000
 182 3.890000
 183 3.910000
 184 3.930000
 185 3.930000
 186 3.920000
 187 1.490000
 188 1.480000
 189 1.450000
 190 1.430000
 191 1.400000
 192 1.380000
 193 1.410000
 194 1.390000
 195 1.380000
 196 1.420000
 197 1.410000
 198 1.420000
 199 1.390000
 200 1.420000
 201 1.410000
 202 1.430000
 203 1.490000
 204 4.100000
 205 4.120000
 206 4.130000
 207 4.130000
 208 4.260000
 209 4.150000
 210 4.180000
 211 4.180000
 212 4.230000
 213 1.120000
 214 1.130000
 215 1.100000
 216 1.110000
 217 1.080000
 218 1.080000
 219 1.080000
 220 1.060000
 221 1.060000
 222 1.060000
 223 1.060000
 224 1.060000
 225 1.060000
 226 1.080000
 227 1.060000
 228 1.080000
 229 1.080000
 230 1.080000
 231 1.080000
 232 1.080000
 233 1.080000
 234 1.110000
 235 4.630000
 236 4.730000
 237 4.760000
 238 4.760000
 239 4.780000
 240 4.700000
 241 4.730000
 242 4.750000
 243 4.780000
 244 4.880000
 245 4.930000
 246 4.910000
 247 4.990000
 248 4.910000
 249 5.010000
 250 4.950000
 251 4.990000
 252 4.950000
 253 4.950000
 254 4.960000
 255 4.930000
 256 4.900000
 257 4.900000
 258 4.780000
 259 0.820000
 260 0.800000
 261 0.800000
 262 0.800000
 263 0.830000
 264 0.780000
 265 0.800000
 266 0.780000
 267 0.780000
 268 0.780000
 269 0.780000
 270 0.780000
 271 0.780000
 272 0.750000
 273 0.780000
 274 0.760000
 275 0.760000
 276 0.780000
 277 0.780000
 278 0.780000
 279 0.780000
 280 0.780000
 281 0.780000
 282 0.800000
 283 0.800000
 284 0.800000
 285 0.800000
 286 0.800000
 287 0.830000
 288 0.850000
 289 5.200000
 290 5.200000
 291 5.210000
 292 5.190000
 293 5.190000
 294 1.480000
 295 1.450000
 296 1.460000
 297 1.460000
 298 1.430000
 299 1.430000
 300 1.460000
 301 1.430000
 302 1.430000
 303 1.430000
 304 1.430000
 305 1.450000
 306 1.430000
 307 1.460000
 308 1.450000
 309 1.480000
 310 1.480000
 311 1.500000
 312 2.050000
 313 2.080000
 314 2.080000
 315 2.100000
 316 2.100000
 317 2.100000
 318 2.130000
 319 2.180000
 320 4.940000
 321 4.940000
 322 4.940000
 323 4.940000
 324 4.920000
 325 4.940000
 326 4.890000
 327 4.890000
 328 4.920000
 329 4.890000
 330 4.890000
 331 4.890000
 332 4.870000
 333 4.870000
 334 4.870000
 335 4.870000
 336 4.870000
 337 4.840000
 338 4.870000
 339 4.840000
 340 4.840000
 341 1.940000
 342 1.900000
 343 1.280000
 344 1.230000
 345 1.230000
 346 1.230000
 347 1.230000
 348 1.240000
 349 1.240000
 350 1.240000
 351 1.220000
 352 1.220000
 353 1.220000
 354 1.240000
 355 1.230000
 356 1.240000
 357 1.240000
 358 1.260000
 359 1.270000
 360 1.240000
 361 1.300000
 362 4.610000
 363 4.610000
 364 4.400000
 365 4.590000
 366 4.630000
 367 4.640000
 368 4.670000
 369 4.110000
 370 4.090000
 371 3.950000
 372 3.980000
 373 3.940000
 374 3.980000
 375 5.020000
 376 5.020000
 377 4.990000
 378 1.730000
 379 1.740000
 380 1.730000
 381 1.780000
 382 1.730000
 383 1.730000
 384 1.760000
 385 1.730000
 386 1.730000
 387 1.730000
 388 1.710000
 389 1.710000
 390 1.720000
 391 1.740000
 392 1.790000
 393 1.820000
 394 4.220000
 395 4.900000
 396 4.880000
 397 4.810000
 398 4.730000
 399 4.730000
 400 4.660000
 401 4.630000
 402 4.630000
 403 4.630000
 404 4.620000
 405 4.580000
 406 4.580000
 407 4.430000
 408 4.250000
 409 4.230000
 410 4.330000
 411 4.330000
 412 4.460000
 413 4.340000
 414 4.230000
 415 4.220000
 416 4.340000
 417 4.440000
 418 4.420000
 419 4.360000
 420 4.280000
 421 4.290000
 422 4.340000
 423 4.330000
 424 4.330000
 425 4.330000
 426 4.330000
 427 4.230000
 428 3.920000
 429 3.820000
 430 3.710000
 431 3.660000
 432 3.670000
 433 3.630000
 434 3.610000
 435 3.620000
 436 3.570000
 437 3.540000
 438 3.600000
 439 3.550000
 440 3.550000
 441 3.520000
 442 3.500000
 443 3.530000
 444 3.530000
 445 3.500000
 446 3.610000
 447 3.610000
 448 3.610000
 449 3.580000
 450 3.580000
 451 3.590000
 452 3.570000
 453 3.590000
 454 3.600000
 455 3.600000
 456 3.570000
 457 3.540000
 458 3.540000
 459 3.530000
 460 3.520000
 461 3.520000
 462 3.540000
 463 3.560000
 464 3.530000
 465 3.560000
 466 3.530000
 467 3.530000
 468 3.490000
 469 3.520000
 470 3.510000
 471 3.470000
 472 3.510000
 473 3.480000
 474 3.470000
 475 3.470000
 476 3.470000
 477 3.450000
 478 3.460000
 479 3.460000
 480 3.430000
 481 3.430000
 482 3.410000
 483 3.410000
 484 3.380000
 485 3.410000
 486 3.350000
 487 3.360000
 488 3.270000
 489 3.270000
 490 3.280000
 491 3.270000
 492 3.220000
 493 3.210000
 494 3.210000
 495 3.180000
 496 3.180000
 497 3.120000
 498 3.150000
 499 3.130000
 500 3.130000
 501 3.070000
 502 3.070000
 503 3.110000
 504 3.070000
 505 3.060000
 506 3.070000
 507 3.080000
 508 3.060000
 509 3.070000
 510 3.080000
 511 3.070000
 512 3.070000
 513 3.070000
 514 3.070000
 515 3.070000
 516 3.110000
 517 3.100000
 518 3.120000
 519 3.130000
 520 3.140000
 521 3.120000
 522 3.090000
 523 3.140000
 524 3.120000
 525 3.090000
 526 3.130000
 527 3.120000
 528 3.080000
 529 3.080000
 530 3.080000
 531 3.060000
 532 3.040000
 533 3.030000
 534 3.060000
 535 3.060000
 536 3.030000
 537 3.010000
 538 3.030000
 539 3.050000
 540 3.050000
 541 3.040000
 542 3.040000
 543 3.010000
 544 2.430000
 545 2.410000
 546 3.040000
 547 3.040000
 548 3.040000
 549 3.060000
 550 3.060000
 551 3.040000
 552 3.060000
 553 3.090000
 554 3.060000
 555 3.090000
 556 3.090000
 557 3.090000
 558 3.090000
 559 3.090000
 560 3.080000
 561 2.060000
 562 2.070000
 563 2.090000
 564 2.030000
 565 1.830000
 566 1.800000
 567 1.780000
 568 1.810000
 569 1.790000
 570 1.820000
 571 1.820000
 572 1.840000
 573 1.820000
 574 1.840000
 575 1.840000
 576 1.870000
 577 1.870000
 578 1.890000
 579 1.890000
 580 1.920000
 581 1.920000
 582 1.920000
 583 1.940000
 584 1.940000
 585 1.940000
 586 1.940000
 587 1.970000
 588 1.970000
 589 1.990000
 590 1.990000
 591 2.020000
 592 2.040000
 593 2.050000
 594 2.080000
 595 2.100000
 596 2.100000
 597 2.130000
 598 2.150000
 599 2.130000
 600 2.150000
 601 2.180000
 602 2.200000
 603 2.200000
 604 2.230000
 605 2.230000
 606 2.230000
 607 2.250000
 608 2.280000
 609 2.240000
 610 2.250000
 611 2.300000
 612 2.330000
 613 2.350000
 614 2.370000
 615 2.330000
 616 2.360000
 617 2.350000
 618 2.370000
 619 2.350000
 620 2.380000
 621 2.400000
 622 2.430000
 623 1.450000
 624 1.450000
 625 1.460000
 626 1.460000
 627 1.470000
 628 1.490000
 629 1.490000
 630 1.490000
 631 1.490000
 632 1.510000
 633 1.540000
 634 1.540000
 635 1.560000
 636 1.560000
 637 1.590000
 638 1.590000
 639 1.590000
 640 1.600000
 641 1.630000
 642 1.630000
 643 1.650000
 644 1.680000
 645 1.680000
 646 1.680000
 647 1.700000
 648 1.730000
 649 1.730000
 650 1.730000
 651 1.750000
 652 1.800000
 653 1.800000
 654 1.830000
 655 1.830000
 656 1.850000
 657 1.880000
 658 1.900000
 659 1.930000
 660 1.930000
 661 1.980000
 662 2.000000
 663 2.010000
 664 3.400000
 665 3.390000
 666 3.370000
 667 3.340000
 668 3.340000
 669 3.350000
 670 3.320000
 671 3.320000
 672 3.290000
 673 3.270000
 674 3.270000
 675 3.270000
 676 3.240000
 677 3.250000
 678 3.270000
 679 3.240000
 680 3.270000
 681 3.270000
 682 3.270000
 683 3.240000
 684 3.270000
 685 3.240000
 686 3.250000
 687 3.280000
 688 3.290000
 689 3.300000
 690 3.300000
 691 3.330000
 692 3.320000
 693 3.340000
 694 3.320000
 695 3.350000
 696 3.370000
 697 3.340000
 698 3.370000
 699 3.370000
 700 3.390000
 701 3.410000
 702 3.420000
 703 3.440000
 704 3.420000
 705 3.470000
 706 3.450000
 707 3.480000
 708 2.930000
 709 2.920000
 710 3.390000
 711 3.570000
 712 3.600000
 713 3.590000
 714 3.610000
 715 3.610000
 716 3.660000
 717 3.680000
 718 3.680000
 719 3.700000
 720 3.730000
 721 3.730000
 722 3.760000
 723 3.770000
 724 3.760000
 725 3.790000
 726 3.780000
 727 3.790000
 728 3.810000
 729 3.830000
 730 3.810000
 731 3.830000
 732 3.830000
 733 3.830000
 734 3.920000
 735 3.910000
 736 3.920000
 737 3.930000
 738 3.960000
 739 3.960000
 740 3.980000
 741 3.380000
 742 3.380000
 743 2.940000
 744 2.950000
 745 1.520000
 746 1.540000
 747 1.560000
 748 1.560000
 749 1.560000
 750 1.530000
 751 1.530000
 752 1.530000
 753 1.510000
 754 1.560000
 755 1.530000
 756 1.510000
 757 1.500000
 758 4.050000
 759 4.060000
 760 4.080000
 0 3.130000
 1 3.130000
 2 3.130000
 3 3.000000
 4 3.130000
 5 3.130000
 6 3.030000
 7 3.080000
 8 3.050000
 9 3.070000
 10 3.070000
 11 3.180000
 12 3.160000
 13 3.050000
 14 3.160000
 15 3.160000
 16 3.050000
 17 3.060000
 18 3.180000
 19 3.130000
 20 3.160000
 21 3.000000
 22 3.130000
 23 3.160000
 24 3.130000
 25 3.020000
 26 3.020000
 27 3.000000
 28 3.000000
 29 2.990000
 30 3.000000
 31 3.110000
 32 2.970000
 33 3.130000
 34 3.110000
 35 2.980000
 36 2.900000
 37 2.710000
 38 2.330000
 39 2.170000
 40 2.160000
 41 2.140000
 42 2.140000
 43 2.150000
 44 2.130000
 45 2.160000
 46 2.140000
 47 2.120000
 48 2.170000
 49 2.140000
 50 2.140000
 51 2.140000
 52 2.230000
 53 2.280000
 54 2.230000
 55 2.180000
 56 2.180000
 57 2.180000
 58 2.180000
 59 2.180000
 60 2.200000
 61 2.200000
 62 2.220000
 63 2.210000
 64 2.200000
 65 2.180000
 66 2.180000
 67 2.180000
 68 2.210000
 69 2.220000
 70 2.230000
 71 2.230000
 72 2.230000
 73 2.210000
 74 2.230000
 75 2.210000
 76 2.260000
 77 2.320000
 78 2.210000
 79 2.190000
 80 2.190000
 81 2.190000
 82 2.200000
 83 2.230000
 84 2.250000
 85 2.250000
 86 2.270000
 87 2.230000
 88 2.230000
 89 2.230000
 90 2.260000
 91 2.240000
 92 2.270000
 93 2.280000
 94 2.260000
 95 2.230000
 96 2.230000
 97 2.210000
 98 2.220000
 99 2.220000
 100 2.230000
 101 2.280000
 102 2.280000
 103 2.280000
 104 2.280000
 105 2.290000
 106 2.290000
 107 2.290000
 108 2.310000
 109 2.300000
 110 2.300000
 111 2.300000
 112 2.310000
 113 2.340000
 114 2.320000
 115 2.320000
 116 2.330000
 117 2.330000
 118 2.330000
 119 2.340000
 120 2.470000
 121 2.390000
 122 2.320000
 123 2.310000
 124 2.320000
 125 2.310000
 126 2.350000
 127 2.370000
 128 2.390000
 129 2.390000
 130 2.380000
 131 2.410000
 132 2.390000
 133 2.410000
 134 2.400000
 135 2.410000
 136 2.410000
 137 2.380000
 138 2.380000
 139 2.380000
 140 2.380000
 141 2.410000
 142 2.430000
 143 2.420000
 144 2.410000
 145 2.480000
 146 3.560000
 147 3.590000
 148 3.630000
 149 3.500000
 150 3.600000
 151 3.590000
 152 3.590000
 153 3.590000
 154 3.520000
 155 3.450000
 156 3.430000
 157 3.420000
 158 3.440000
 159 3.430000
 160 3.420000
 161 3.430000
 162 3.420000
 163 3.420000
 164 3.430000
 165 3.450000
 166 3.450000
 167 3.480000
 168 3.520000
 169 3.650000
 170 3.730000
 171 3.700000
 172 3.730000
 173 3.780000
 174 3.780000
 175 3.800000
 176 3.810000
 177 3.840000
 178 3.830000
 179 3.870000
 180 3.860000
 181 3.860000
 182 3.890000
 183 3.880000
 184 3.900000
 185 3.930000
 186 3.940000
 187 1.480000
 188 1.450000
 189 1.430000
 190 1.430000
 191 1.400000
 192 1.410000
 193 1.380000
 194 1.390000
 195 1.390000
 196 1.420000
 197 1.380000
 198 1.420000
 199 1.420000
 200 1.390000
 201 1.410000
 202 1.430000
 203 1.490000
 204 4.100000
 205 4.120000
 206 4.130000
 207 4.150000
 208 4.290000
 209 4.150000
 210 4.200000
 211 4.180000
 212 4.230000
 213 1.150000
 214 1.130000
 215 1.100000
 216 1.110000
 217 1.080000
 218 1.080000
 219 1.050000
 220 1.060000
 221 1.060000
 222 1.060000
 223 1.060000
 224 1.060000
 225 1.060000
 226 1.080000
 227 1.080000
 228 1.080000
 229 1.060000
 230 1.080000
 231 1.080000
 232 1.080000
 233 1.080000
 234 1.100000
 235 4.630000
 236 4.730000
 237 4.760000
 238 4.760000
 239 4.780000
 240 4.700000
 241 4.730000
 242 4.750000
 243 4.780000
 244 4.800000
 245 4.930000
 246 4.930000
 247 5.010000
 248 4.900000
 249 5.010000
 250 4.980000
 251 4.960000
 252 4.980000
 253 4.950000
 254 4.930000
 255 4.930000
 256 4.930000
 257 4.920000
 258 4.800000
 259 0.850000
 260 0.830000
 261 0.800000
 262 0.800000
 263 0.800000
 264 0.800000
 265 0.800000
 266 0.800000
 267 0.780000
 268 0.780000
 269 0.780000
 270 0.780000
 271 0.780000
 272 0.750000
 273 0.780000
 274 0.760000
 275 0.760000
 276 0.780000
 277 0.780000
 278 0.780000
 279 0.800000
 280 0.800000
 281 0.780000
 282 0.780000
 283 0.780000
 284 0.780000
 285 0.800000
 286 0.800000
 287 0.800000
 288 0.850000
 289 5.230000
 290 5.180000
 291 5.190000
 292 5.190000
 293 5.180000
 294 1.450000
 295 1.480000
 296 1.460000
 297 1.460000
 298 1.430000
 299 1.460000
 300 1.430000
 301 1.430000
 302 1.460000
 303 1.430000
 304 1.430000
 305 1.430000
 306 1.430000
 307 1.430000
 308 1.480000
 309 1.450000
 310 1.480000
 311 1.530000
 312 2.080000
 313 2.050000
 314 2.080000
 315 2.080000
 316 2.100000
 317 2.130000
 318 2.130000
 319 2.190000
 320 4.940000
 321 4.940000
 322 4.940000
 323 4.940000
 324 4.920000
 325 4.920000
 326 4.920000
 327 4.920000
 328 4.920000
 329 4.890000
 330 4.890000
 331 4.890000
 332 4.870000
 333 4.870000
 334 4.870000
 335 4.870000
 336 4.870000
 337 4.840000
 338 4.840000
 339 4.840000
 340 4.840000
 341 1.920000
 342 1.900000
 343 1.300000
 344 1.260000
 345 1.230000
 346 1.260000
 347 1.230000
 348 1.240000
 349 1.240000
 350 1.240000
 351 1.240000
 352 1.220000
 353 1.220000
 354 1.240000
 355 1.230000
 356 1.220000
 357 1.240000
 358 1.260000
 359 1.270000
 360 1.270000
 361 1.270000
 362 4.580000
 363 4.610000
 364 4.300000
 365 4.610000
 366 4.600000
 367 4.630000
 368 4.680000
 369 4.080000
 370 4.060000
 371 3.950000
 372 3.980000
 373 3.960000
 374 3.980000
 375 5.020000
 376 4.990000
 377 5.020000
 378 1.730000
 379 1.740000
 380 1.760000
 381 1.750000
 382 1.730000
 383 1.760000
 384 1.760000
 385 1.760000
 386 1.730000
 387 1.730000
 388 1.730000
 389 1.710000
 390 1.750000
 391 1.760000
 392 1.790000
 393 1.820000
 394 4.190000
 395 4.900000
 396 4.850000
 397 4.810000
 398 4.760000
 399 4.710000
 400 4.650000
 401 4.610000
 402 4.630000
 403 4.630000
 404 4.610000
 405 4.590000
 406 4.560000
 407 4.440000
 408 4.230000
 409 4.230000
 410 4.300000
 411 4.300000
 412 4.430000
 413 4.320000
 414 4.260000
 415 4.250000
 416 4.340000
 417 4.430000
 418 4.420000
 419 4.370000
 420 4.280000
 421 4.290000
 422 4.310000
 423 4.330000
 424 4.300000
 425 4.280000
 426 4.300000
 427 4.170000
 428 3.900000
 429 3.730000
 430 3.680000
 431 3.670000
 432 3.640000
 433 3.640000
 434 3.640000
 435 3.590000
 436 3.570000
 437 3.540000
 438 3.580000
 439 3.520000
 440 3.520000
 441 3.500000
 442 3.530000
 443 3.500000
 444 3.500000
 445 3.600000
 446 3.610000
 447 3.610000
 448 3.570000
 449 3.580000
 450 3.560000
 451 3.580000
 452 3.550000
 453 3.560000
 454 3.600000
 455 3.580000
 456 3.570000
 457 3.540000
 458 3.510000
 459 3.510000
 460 3.520000
 461 3.520000
 462 3.540000
 463 3.530000
 464 3.530000
 465 3.530000
 466 3.520000
 467 3.510000
 468 3.530000
 469 3.510000
 470 3.480000
 471 3.510000
 472 3.480000
 473 3.480000
 474 3.450000
 475 3.450000
 476 3.470000
 477 3.440000
 478 3.420000
 479 3.430000
 480 3.420000
 481 3.430000
 482 3.410000
 483 3.400000
 484 3.380000
 485 3.360000
 486 3.360000
 487 3.330000
 488 3.270000
 489 3.270000
 490 3.270000
 491 3.280000
 492 3.220000
 493 3.170000
 494 3.170000
 495 3.180000
 496 3.150000
 497 3.130000
 498 3.090000
 499 3.120000
 500 3.110000
 501 3.080000
 502 3.080000
 503 3.070000
 504 3.060000
 505 3.080000
 506 3.070000
 507 3.070000
 508 3.060000
 509 3.070000
 510 3.070000
 511 3.070000
 512 3.070000
 513 3.070000
 514 3.070000
 515 3.100000
 516 3.080000
 517 3.090000
 518 3.100000
 519 3.120000
 520 3.120000
 521 3.120000
 522 3.120000
 523 3.120000
 524 3.120000
 525 3.090000
 526 3.120000
 527 3.110000
 528 3.080000
 529 3.080000
 530 3.080000
 531 3.060000
 532 3.040000
 533 3.030000
 534 3.060000
 535 3.030000
 536 3.010000
 537 3.010000
 538 3.030000
 539 3.040000
 540 3.010000
 541 3.010000
 542 3.040000
 543 3.040000
 544 2.430000
 545 2.440000
 546 3.040000
 547 3.040000
 548 3.040000
 549 3.060000
 550 3.030000
 551 3.060000
 552 3.060000
 553 3.090000
 554 3.090000
 555 3.090000
 556 3.090000
 557 3.090000
 558 3.090000
 559 3.090000
 560 3.090000
 561 2.060000
 562 2.080000
 563 2.090000
 564 2.060000
 565 1.800000
 566 1.800000
 567 1.780000
 568 1.810000
 569 1.790000
 570 1.790000
 571 1.820000
 572 1.820000
 573 1.840000
 574 1.840000
 575 1.840000
 576 1.840000
 577 1.870000
 578 1.890000
 579 1.890000
 580 1.890000
 581 1.890000
 582 1.890000
 583 1.920000
 584 1.940000
 585 1.940000
 586 1.970000
 587 1.970000
 588 1.990000
 589 2.020000
 590 1.990000
 591 2.020000
 592 2.020000
 593 2.050000
 594 2.050000
 595 2.080000
 596 2.100000
 597 2.100000
 598 2.130000
 599 2.130000
 600 2.180000
 601 2.200000
 602 2.200000
 603 2.200000
 604 2.230000
 605 2.230000
 606 2.230000
 607 2.250000
 608 2.250000
 609 2.240000
 610 2.280000
 611 2.300000
 612 2.330000
 613 2.330000
 614 2.340000
 615 2.360000
 616 2.330000
 617 2.330000
 618 2.330000
 619 2.350000
 620 2.350000
 621 2.400000
 622 2.430000
 623 1.450000
 624 1.460000
 625 1.450000
 626 1.460000
 627 1.470000
 628 1.490000
 629 1.490000
 630 1.490000
 631 1.510000
 632 1.510000
 633 1.510000
 634 1.540000
 635 1.560000
 636 1.560000
 637 1.560000
 638 1.590000
 639 1.610000
 640 1.600000
 641 1.600000
 642 1.630000
 643 1.650000
 644 1.650000
 645 1.680000
 646 1.680000
 647 1.700000
 648 1.730000
 649 1.730000
 650 1.750000
 651 1.780000
 652 1.780000
 653 1.800000
 654 1.830000
 655 1.830000
 656 1.850000
 657 1.880000
 658 1.900000
 659 1.900000
 660 1.950000
 661 1.950000
 662 1.970000
 663 1.980000
 664 3.390000
 665 3.370000
 666 3.370000
 667 3.370000
 668 3.370000
 669 3.340000
 670 3.320000
 671 3.320000
 672 3.300000
 673 3.270000
 674 3.270000
 675 3.270000
 676 3.250000
 677 3.240000
 678 3.250000
 679 3.240000
 680 3.270000
 681 3.240000
 682 3.240000
 683 3.270000
 684 3.270000
 685 3.240000
 686 3.270000
 687 3.280000
 688 3.270000
 689 3.300000
 690 3.320000
 691 3.320000
 692 3.320000
 693 3.320000
 694 3.320000
 695 3.320000
 696 3.340000
 697 3.370000
 698 3.400000
 699 3.370000
 700 3.390000
 701 3.420000
 702 3.420000
 703 3.440000
 704 3.420000
 705 3.440000
 706 3.430000
 707 3.480000
 708 2.930000
 709 2.920000
 710 3.380000
 711 3.540000
 712 3.590000
 713 3.590000
 714 3.620000
 715 3.630000
 716 3.650000
 717 3.680000
 718 3.680000
 719 3.710000
 720 3.730000
 721 3.730000
 722 3.730000
 723 3.730000
 724 3.780000
 725 3.780000
 726 3.810000
 727 3.810000
 728 3.800000
 729 3.810000
 730 3.810000
 731 3.830000
 732 3.830000
 733 3.820000
 734 3.880000
 735 3.920000
 736 3.910000
 737 3.940000
 738 3.960000
 739 3.980000
 740 3.980000
 741 3.380000
 742 3.400000
 743 2.940000
 744 2.940000
 745 1.480000
 746 1.540000
 747 1.530000
 748 1.530000
 749 1.560000
 750 1.530000
 751 1.530000
 752 1.530000
 753 1.530000
 754 1.530000
 755 1.530000
 756 1.540000
 757 1.520000
 758 4.080000
 759 4.080000
 760 4.080000
 0 3.130000
 1 3.110000
 2 3.130000
 3 3.030000
 4 3.110000
 5 3.110000
 6 3.160000
 7 3.060000
 8 3.060000
 9 3.040000
 10 3.070000
 11 3.180000
 12 3.160000
 13 3.050000
 14 3.160000
 15 3.160000
 16 3.080000
 17 3.030000
 18 3.160000
 19 3.160000
 20 3.130000
 21 3.000000
 22 3.130000
 23 3.130000
 24 3.160000
 25 3.010000
 26 3.020000
 27 3.030000
 28 3.000000
 29 3.020000
 30 3.000000
 31 3.110000
 32 3.000000
 33 3.130000
 34 3.110000
 35 2.980000
 36 2.880000
 37 2.710000
 38 2.330000
 39 2.170000
 40 2.160000
 41 2.140000
 42 2.120000
 43 2.150000
 44 2.130000
 45 2.130000
 46 2.130000
 47 2.140000
 48 2.140000
 49 2.140000
 50 2.140000
 51 2.170000
 52 2.250000
 53 2.280000
 54 2.230000
 55 2.180000
 56 2.180000
 57 2.180000
 58 2.180000
 59 2.210000
 60 2.200000
 61 2.200000
 62 2.220000
 63 2.200000
 64 2.180000
 65 2.180000
 66 2.170000
 67 2.180000
 68 2.230000
 69 2.220000
 70 2.200000
 71 2.230000
 72 2.210000
 73 2.230000
 74 2.230000
 75 2.230000
 76 2.260000
 77 2.300000
 78 2.200000
 79 2.190000
 80 2.190000
 81 2.190000
 82 2.200000
 83 2.230000
 84 2.250000
 85 2.280000
 86 2.230000
 87 2.230000
 88 2.230000
 89 2.230000
 90 2.260000
 91 2.270000
 92 2.270000
 93 2.250000
 94 2.260000
 95 2.230000
 96 2.260000
 97 2.210000
 98 2.220000
 99 2.240000
 100 2.260000
 101 2.280000
 102 2.280000
 103 2.280000
 104 2.300000
 105 2.320000
 106 2.290000
 107 2.320000
 108 2.310000
 109 2.330000
 110 2.300000
 111 2.300000
 112 2.310000
 113 2.320000
 114 2.320000
 115 2.340000
 116 2.330000
 117 2.330000
 118 2.350000
 119 2.370000
 120 2.470000
 121 2.390000
 122 2.340000
 123 2.310000
 124 2.320000
 125 2.310000
 126 2.330000
 127 2.370000
 128 2.370000
 129 2.390000
 130 2.380000
 131 2.380000
 132 2.390000
 133 2.380000
 134 2.420000
 135 2.410000
 136 2.410000
 137 2.410000
 138 2.380000
 139 2.380000
 140 2.390000
 141 2.380000
 142 2.430000
 143 2.420000
 144 2.410000
 145 2.480000
 146 3.590000
 147 3.570000
 148 3.630000
 149 3.500000
 150 3.580000
 151 3.590000
 152 3.590000
 153 3.590000
 154 3.490000
 155 3.420000
 156 3.430000
 157 3.420000
 158 3.400000
 159 3.400000
 160 3.400000
 161 3.410000
 162 3.440000
 163 3.440000
 164 3.430000
 165 3.450000
 166 3.470000
 167 3.480000
 168 3.520000
 169 3.640000
 170 3.710000
 171 3.690000
 172 3.700000
 173 3.750000
 174 3.780000
 175 3.810000
 176 3.800000
 177 3.850000
 178 3.860000
 179 3.840000
 180 3.860000
 181 3.860000
 182 3.890000
 183 3.900000
 184 3.890000
 185 3.900000
 186 3.920000
 187 1.490000
 188 1.450000
 189 1.450000
 190 1.430000
 191 1.400000
 192 1.380000
 193 1.380000
 194 1.410000
 195 1.390000
 196 1.390000
 197 1.390000
 198 1.390000
 199 1.420000
 200 1.420000
 201 1.410000
 202 1.430000
 203 1.490000
 204 4.120000
 205 4.120000
 206 4.130000
 207 4.150000
 208 4.260000
 209 4.180000
 210 4.180000
 211 4.200000
 212 4.250000
 213 1.120000
 214 1.100000
 215 1.100000
 216 1.080000
 217 1.080000
 218 1.100000
 219 1.050000
 220 1.060000
 221 1.060000
 222 1.060000
 223 1.060000
 224 1.060000
 225 1.060000
 226 1.080000
 227 1.080000
 228 1.080000
 229 1.080000
 230 1.080000
 231 1.110000
 232 1.080000
 233 1.080000
 234 1.100000
 235 4.630000
 236 4.730000
 237 4.760000
 238 4.760000
 239 4.780000
 240 4.700000
 241 4.750000
 242 4.750000
 243 4.780000
 244 4.800000
 245 4.930000
 246 4.930000
 247 4.990000
 248 4.880000
 249 5.010000
 250 4.980000
 251 4.990000
 252 4.980000
 253 4.950000
 254 4.930000
 255 4.930000
 256 4.900000
 257 4.920000
 258 4.800000
 259 0.830000
 260 0.830000
 261 0.800000
 262 0.830000
 263 0.800000
 264 0.800000
 265 0.780000
 266 0.780000
 267 0.780000
 268 0.780000
 269 0.780000
 270 0.780000
 271 0.780000
 272 0.780000
 273 0.750000
 274 0.780000
 275 0.780000
 276 0.750000
 277 0.780000
 278 0.780000
 279 0.780000
 280 0.800000
 281 0.780000
 282 0.800000
 283 0.800000
 284 0.800000
 285 0.800000
 286 0.800000
 287 0.800000
 288 0.850000
 289 5.230000
 290 5.200000
 291 5.190000
 292 5.190000
 293 5.190000
 294 1.480000
 295 1.500000
 296 1.460000
 297 1.430000
 298 1.430000
 299 1.430000
 300 1.430000
 301 1.430000
 302 1.460000
 303 1.430000
 304 1.430000
 305 1.430000
 306 1.410000
 307 1.460000
 308 1.450000
 309 1.450000
 310 1.480000
 311 1.500000
 312 2.080000
 313 2.050000
 314 2.080000
 315 2.100000
 316 2.100000
 317 2.100000
 318 2.100000
 319 2.180000
 320 4.940000
 321 4.940000
 322 4.940000
 323 4.940000
 324 4.920000
 325 4.920000
 326 4.920000
 327 4.920000
 328 4.890000
 329 4.890000
 330 4.890000
 331 4.890000
 332 4.870000
 333 4.870000
 334 4.870000
 335 4.870000
 336 4.870000
 337 4.840000
 338 4.840000
 339 4.840000
 340 4.840000
 341 1.940000
 342 1.900000
 343 1.280000
 344 1.260000
 345 1.230000
 346 1.260000
 347 1.230000
 348 1.240000
 349 1.240000
 350 1.240000
 351 1.240000
 352 1.240000
 353 1.220000
 354 1.240000
 355 1.200000
 356 1.250000
 357 1.240000
 358 1.260000
 359 1.240000
 360 1.270000
 361 1.300000
 362 4.620000
 363 4.620000
 364 4.480000
 365 4.610000
 366 4.630000
 367 4.630000
 368 4.680000
 369 4.060000
 370 4.070000
 371 3.980000
 372 4.000000
 373 3.960000
 374 3.980000
 375 5.020000
 376 5.050000
 377 5.050000
 378 1.730000
 379 1.740000
 380 1.730000
 381 1.750000
 382 1.730000
 383 1.730000
 384 1.760000
 385 1.760000
 386 1.730000
 387 1.730000
 388 1.730000
 389 1.730000
 390 1.750000
 391 1.760000
 392 1.760000
 393 1.820000
 394 4.220000
 395 4.900000
 396 4.860000
 397 4.810000
 398 4.780000
 399 4.710000
 400 4.660000
 401 4.620000
 402 4.630000
 403 4.630000
 404 4.630000
 405 4.580000
 406 4.580000
 407 4.430000
 408 4.250000
 409 4.230000
 410 4.430000
 411 4.410000
 412 4.460000
 413 4.320000
 414 4.260000
 415 4.250000
 416 4.310000
 417 4.430000
 418 4.410000
 419 4.370000
 420 4.280000
 421 4.260000
 422 4.340000
 423 4.330000
 424 4.300000
 425 4.330000
 426 4.300000
 427 4.220000
 428 3.900000
 429 3.790000
 430 3.680000
 431 3.660000
 432 3.670000
 433 3.630000
 434 3.610000
 435 3.590000
 436 3.590000
 437 3.570000
 438 3.580000
 439 3.520000
 440 3.550000
 441 3.500000
 442 3.530000
 443 3.530000
 444 3.500000
 445 3.530000
 446 3.610000
 447 3.580000
 448 3.610000
 449 3.610000
 450 3.580000
 451 3.560000
 452 3.550000
 453 3.590000
 454 3.580000
 455 3.580000
 456 3.560000
 457 3.560000
 458 3.550000
 459 3.530000
 460 3.520000
 461 3.540000
 462 3.540000
 463 3.520000
 464 3.560000
 465 3.530000
 466 3.530000
 467 3.530000
 468 3.500000
 469 3.520000
 470 3.500000
 471 3.510000
 472 3.510000
 473 3.480000
 474 3.470000
 475 3.470000
 476 3.470000
 477 3.470000
 478 3.460000
 479 3.430000
 480 3.430000
 481 3.430000
 482 3.410000
 483 3.410000
 484 3.380000
 485 3.380000
 486 3.360000
 487 3.330000
 488 3.310000
 489 3.300000
 490 3.270000
 491 3.260000
 492 3.220000
 493 3.200000
 494 3.200000
 495 3.210000
 496 3.180000
 497 3.160000
 498 3.150000
 499 3.130000
 500 3.110000
 501 3.100000
 502 3.100000
 503 3.110000
 504 3.080000
 505 3.060000
 506 3.070000
 507 3.090000
 508 3.070000
 509 3.110000
 510 3.070000
 511 3.070000
 512 3.070000
 513 3.070000
 514 3.070000
 515 3.090000
 516 3.110000
 517 3.100000
 518 3.110000
 519 3.130000
 520 3.120000
 521 3.120000
 522 3.120000
 523 3.120000
 524 3.120000
 525 3.120000
 526 3.100000
 527 3.110000
 528 3.110000
 529 3.080000
 530 3.060000
 531 3.060000
 532 3.040000
 533 3.030000
 534 3.060000
 535 3.060000
 536 3.010000
 537 3.040000
 538 3.030000
 539 3.040000
 540 3.010000
 541 3.040000
 542 3.040000
 543 3.040000
 544 2.450000
 545 2.410000
 546 3.040000
 547 3.060000
 548 3.060000
 549 3.060000
 550 3.060000
 551 3.060000
 552 3.060000
 553 3.090000
 554 3.090000
 555 3.090000
 556 3.110000
 557 3.090000
 558 3.090000
 559 3.090000
 560 3.090000
 561 2.060000
 562 2.060000
 563 2.090000
 564 2.060000
 565 1.800000
 566 1.800000
 567 1.800000
 568 1.790000
 569 1.790000
 570 1.820000
 571 1.820000
 572 1.820000
 573 1.830000
 574 1.840000
 575 1.840000
 576 1.870000
 577 1.870000
 578 1.890000
 579 1.890000
 580 1.920000
 581 1.890000
 582 1.920000
 583 1.940000
 584 1.920000
 585 1.940000
 586 1.940000
 587 1.970000
 588 1.990000
 589 1.990000
 590 1.990000
 591 2.020000
 592 2.040000
 593 2.050000
 594 2.080000
 595 2.100000
 596 2.100000
 597 2.100000
 598 2.150000
 599 2.150000
 600 2.180000
 601 2.180000
 602 2.200000
 603 2.230000
 604 2.230000
 605 2.230000
 606 2.250000
 607 2.250000
 608 2.280000
 609 2.240000
 610 2.280000
 611 2.300000
 612 2.330000
 613 2.330000
 614 2.370000
 615 2.360000
 616 2.330000
 617 2.300000
 618 2.330000
 619 2.350000
 620 2.380000
 621 2.400000
 622 2.430000
 623 1.480000
 624 1.450000
 625 1.450000
 626 1.470000
 627 1.470000
 628 1.490000
 629 1.490000
 630 1.490000
 631 1.510000
 632 1.510000
 633 1.540000
 634 1.540000
 635 1.540000
 636 1.560000
 637 1.590000
 638 1.590000
 639 1.600000
 640 1.600000
 641 1.640000
 642 1.640000
 643 1.650000
 644 1.650000
 645 1.680000
 646 1.700000
 647 1.700000
 648 1.700000
 649 1.750000
 650 1.750000
 651 1.750000
 652 1.780000
 653 1.800000
 654 1.830000
 655 1.830000
 656 1.850000
 657 1.880000
 658 1.880000
 659 1.930000
 660 1.950000
 661 1.980000
 662 2.000000
 663 2.010000
 664 3.390000
 665 3.370000
 666 3.360000
 667 3.340000
 668 3.340000
 669 3.320000
 670 3.320000
 671 3.290000
 672 3.300000
 673 3.270000
 674 3.300000
 675 3.270000
 676 3.270000
 677 3.250000
 678 3.270000
 679 3.240000
 680 3.240000
 681 3.270000
 682 3.270000
 683 3.240000
 684 3.270000
 685 3.240000
 686 3.270000
 687 3.310000
 688 3.300000
 689 3.300000
 690 3.310000
 691 3.320000
 692 3.320000
 693 3.350000
 694 3.320000
 695 3.320000
 696 3.340000
 697 3.340000
 698 3.370000
 699 3.370000
 700 3.390000
 701 3.380000
 702 3.410000
 703 3.420000
 704 3.430000
 705 3.420000
 706 3.460000
 707 3.460000
 708 2.930000
 709 2.920000
 710 3.370000
 711 3.520000
 712 3.560000
 713 3.590000
 714 3.610000
 715 3.630000
 716 3.630000
 717 3.680000
 718 3.680000
 719 3.700000
 720 3.730000
 721 3.730000
 722 3.730000
 723 3.760000
 724 3.780000
 725 3.780000
 726 3.780000
 727 3.800000
 728 3.810000
 729 3.810000
 730 3.810000
 731 3.830000
 732 3.830000
 733 3.830000
 734 3.890000
 735 3.880000
 736 3.910000
 737 3.940000
 738 3.930000
 739 3.960000
 740 3.980000
 741 3.380000
 742 3.380000
 743 2.940000
 744 2.960000
 745 1.540000
 746 1.550000
 747 1.560000
 748 1.560000
 749 1.530000
 750 1.530000
 751 1.530000
 752 1.560000
 753 1.530000
 754 1.510000
 755 1.530000
 756 1.510000
 757 1.530000
 758 4.080000
 759 4.060000
 760 4.080000
 0 3.130000
 1 3.110000
 2 3.130000
 3 3.030000
 4 3.110000
 5 3.130000
 6 3.000000
 7 3.060000
 8 3.050000
 9 3.070000
 10 3.040000
 11 3.160000
 12 3.160000
 13 3.020000
 14 3.160000
 15 3.160000
 16 3.080000
 17 3.030000
 18 3.180000
 19 3.160000
 20 3.160000
 21 3.030000
 22 3.130000
 23 3.160000
 24 3.160000
 25 3.040000
 26 3.000000
 27 3.030000
 28 2.980000
 29 3.000000
 30 3.000000
 31 3.110000
 32 3.000000
 33 3.130000
 34 3.080000
 35 2.980000
 36 2.900000
 37 2.710000
 38 2.330000
 39 2.150000
 40 2.160000
 41 2.140000
 42 2.140000
 43 2.150000
 44 2.160000
 45 2.160000
 46 2.140000
 47 2.140000
 48 2.140000
 49 2.170000
 50 2.140000
 51 2.140000
 52 2.230000
 53 2.260000
 54 2.210000
 55 2.200000
 56 2.180000
 57 2.180000
 58 2.210000
 59 2.210000
 60 2.230000
 61 2.200000
 62 2.190000
 63 2.210000
 64 2.180000
 65 2.180000
 66 2.190000
 67 2.180000
 68 2.210000
 69 2.220000
 70 2.230000
 71 2.230000
 72 2.210000
 73 2.210000
 74 2.200000
 75 2.230000
 76 2.260000
 77 2.330000
 78 2.210000
 79 2.170000
 80 2.200000
 81 2.190000
 82 2.180000
 83 2.210000
 84 2.250000
 85 2.250000
 86 2.270000
 87 2.230000
 88 2.230000
 89 2.230000
 90 2.260000
 91 2.270000
 92 2.270000
 93 2.280000
 94 2.260000
 95 2.250000
 96 2.230000
 97 2.230000
 98 2.220000
 99 2.240000
 100 2.230000
 101 2.280000
 102 2.280000
 103 2.300000
 104 2.300000
 105 2.320000
 106 2.320000
 107 2.290000
 108 2.310000
 109 2.300000
 110 2.300000
 111 2.330000
 112 2.330000
 113 2.320000
 114 2.320000
 115 2.340000
 116 2.330000
 117 2.330000
 118 2.330000
 119 2.370000
 120 2.470000
 121 2.360000
 122 2.340000
 123 2.310000
 124 2.320000
 125 2.330000
 126 2.350000
 127 2.370000
 128 2.370000
 129 2.420000
 130 2.380000
 131 2.380000
 132 2.390000
 133 2.410000
 134 2.420000
 135 2.410000
 136 2.410000
 137 2.380000
 138 2.380000
 139 2.380000
 140 2.380000
 141 2.380000
 142 2.400000
 143 2.420000
 144 2.410000
 145 2.510000
 146 3.560000
 147 3.570000
 148 3.630000
 149 3.480000
 150 3.600000
 151 3.590000
 152 3.590000
 153 3.590000
 154 3.470000
 155 3.420000
 156 3.430000
 157 3.390000
 158 3.430000
 159 3.410000
 160 3.450000
 161 3.410000
 162 3.410000
 163 3.440000
 164 3.430000
 165 3.450000
 166 3.450000
 167 3.500000
 168 3.520000
 169 3.650000
 170 3.710000
 171 3.700000
 172 3.690000
 173 3.750000
 174 3.790000
 175 3.810000
 176 3.800000
 177 3.850000
 178 3.830000
 179 3.840000
 180 3.860000
 181 3.890000
 182 3.890000
 183 3.910000
 184 3.930000
 185 3.920000
 186 3.940000
 187 1.490000
 188 1.450000
 189 1.430000
 190 1.430000
 191 1.400000
 192 1.410000
 193 1.390000
 194 1.390000
 195 1.380000
 196 1.390000
 197 1.420000
 198 1.390000
 199 1.420000
 200 1.420000
 201 1.410000
 202 1.430000
 203 1.460000
 204 4.100000
 205 4.120000
 206 4.130000
 207 4.150000
 208 4.270000
 209 4.150000
 210 4.150000
 211 4.180000
 212 4.250000
 213 1.150000
 214 1.130000
 215 1.110000
 216 1.110000
 217 1.080000
 218 1.080000
 219 1.050000
 220 1.060000
 221 1.060000
 222 1.060000
 223 1.060000
 224 1.060000
 225 1.080000
 226 1.060000
 227 1.080000
 228 1.080000
 229 1.080000
 230 1.080000
 231 1.080000
 232 1.080000
 233 1.080000
 234 1.080000
 235 4.600000
 236 4.730000
 237 4.760000
 238 4.760000
 239 4.790000
 240 4.700000
 241 4.730000
 242 4.750000
 243 4.780000
 244 4.850000
 245 4.930000
 246 4.930000
 247 5.010000
 248 4.880000
 249 5.010000
 250 4.980000
 251 4.960000
 252 4.980000
 253 4.950000
 254 4.950000
 255 4.930000
 256 4.930000
 257 4.920000
 258 4.800000
 259 0.850000
 260 0.800000
 261 0.800000
 262 0.800000
 263 0.800000
 264 0.800000
 265 0.800000
 266 0.780000
 267 0.780000
 268 0.780000
 269 0.780000
 270 0.780000
 271 0.780000
 272 0.780000
 273 0.750000
 274 0.780000
 275 0.780000
 276 0.750000
 277 0.780000
 278 0.780000
 279 0.780000
 280 0.800000
 281 0.800000
 282 0.780000
 283 0.800000
 284 0.780000
 285 0.800000
 286 0.800000
 287 0.800000
 288 0.850000
 289 5.230000
 290 5.200000
 291 5.190000
 292 5.160000
 293 5.160000
 294 1.480000
 295 1.480000
 296 1.460000
 297 1.460000
 298 1.460000
 299 1.460000
 300 1.430000
 301 1.430000
 302 1.430000
 303 1.410000
 304 1.430000
 305 1.430000
 306 1.430000
 307 1.460000
 308 1.450000
 309 1.480000
 310 1.450000
 311 1.530000
 312 2.050000
 313 2.080000
 314 2.080000
 315 2.080000
 316 2.100000
 317 2.100000
 318 2.130000
 319 2.180000
 320 4.940000
 321 4.960000
 322 4.940000
 323 4.940000
 324 4.920000
 325 4.920000
 326 4.920000
 327 4.920000
 328 4.890000
 329 4.890000
 330 4.890000
 331 4.870000
 332 4.870000
 333 4.870000
 334 4.870000
 335 4.870000
 336 4.870000
 337 4.840000
 338 4.840000
 339 4.820000
 340 4.840000
 341 1.940000
 342 1.930000
 343 1.280000
 344 1.260000
 345 1.230000
 346 1.260000
 347 1.260000
 348 1.220000
 349 1.240000
 350 1.220000
 351 1.240000
 352 1.240000
 353 1.240000
 354 1.240000
 355 1.230000
 356 1.220000
 357 1.240000
 358 1.260000
 359 1.270000
 360 1.290000
 361 1.270000
 362 4.630000
 363 4.610000
 364 4.300000
 365 4.630000
 366 4.630000
 367 4.630000
 368 4.660000
 369 4.120000
 370 4.070000
 371 3.980000
 372 3.980000
 373 3.940000
 374 3.950000
 375 5.050000
 376 5.020000
 377 5.020000
 378 1.750000
 379 1.740000
 380 1.760000
 381 1.780000
 382 1.760000
 383 1.730000
 384 1.730000
 385 1.730000
 386 1.730000
 387 1.730000
 388 1.730000
 389 1.730000
 390 1.750000
 391 1.760000
 392 1.790000
 393 1.820000
 394 4.190000
 395 4.910000
 396 4.880000
 397 4.810000
 398 4.760000
 399 4.710000
 400 4.630000
 401 4.590000
 402 4.610000
 403 4.610000
 404 4.620000
 405 4.580000
 406 4.580000
 407 4.420000
 408 4.230000
 409 4.230000
 410 4.410000
 411 4.300000
 412 4.460000
 413 4.320000
 414 4.260000
 415 4.250000
 416 4.340000
 417 4.430000
 418 4.420000
 419 4.370000
 420 4.280000
 421 4.260000
 422 4.340000
 423 4.330000
 424 4.300000
 425 4.300000
 426 4.300000
 427 4.200000
 428 3.900000
 429 3.730000
 430 3.710000
 431 3.660000
 432 3.670000
 433 3.640000
 434 3.640000
 435 3.590000
 436 3.570000
 437 3.540000
 438 3.600000
 439 3.550000
 440 3.520000
 441 3.500000
 442 3.530000
 443 3.530000
 444 3.500000
 445 3.600000
 446 3.610000
 447 3.580000
 448 3.610000
 449 3.580000
 450 3.560000
 451 3.560000
 452 3.550000
 453 3.560000
 454 3.580000
 455 3.570000
 456 3.570000
 457 3.510000
 458 3.540000
 459 3.510000
 460 3.520000
 461 3.520000
 462 3.540000
 463 3.560000
 464 3.530000
 465 3.530000
 466 3.530000
 467 3.530000
 468 3.520000
 469 3.500000
 470 3.470000
 471 3.510000
 472 3.480000
 473 3.490000
 474 3.470000
 475 3.440000
 476 3.470000
 477 3.460000
 478 3.450000
 479 3.460000
 480 3.460000
 481 3.410000
 482 3.410000
 483 3.400000
 484 3.410000
 485 3.380000
 486 3.360000
 487 3.310000
 488 3.310000
 489 3.300000
 490 3.270000
 491 3.260000
 492 3.220000
 493 3.200000
 494 3.210000
 495 3.160000
 496 3.180000
 497 3.110000
 498 3.120000
 499 3.130000
 500 3.110000
 501 3.100000
 502 3.110000
 503 3.100000
 504 3.080000
 505 3.060000
 506 3.050000
 507 3.050000
 508 3.060000
 509 3.070000
 510 3.070000
 511 3.070000
 512 3.080000
 513 3.070000
 514 3.070000
 515 3.070000
 516 3.110000
 517 3.110000
 518 3.100000
 519 3.120000
 520 3.120000
 521 3.140000
 522 3.120000
 523 3.150000
 524 3.120000
 525 3.100000
 526 3.100000
 527 3.120000
 528 3.110000
 529 3.110000
 530 3.080000
 531 3.060000
 532 3.040000
 533 3.060000
 534 3.060000
 535 3.030000
 536 3.010000
 537 3.040000
 538 3.030000
 539 3.040000
 540 3.050000
 541 3.040000
 542 3.040000
 543 3.010000
 544 2.430000
 545 2.410000
 546 3.040000
 547 3.030000
 548 3.060000
 549 3.040000
 550 3.060000
 551 3.060000
 552 3.060000
 553 3.090000
 554 3.090000
 555 3.090000
 556 3.090000
 557 3.090000
 558 3.090000
 559 3.090000
 560 3.110000
 561 2.090000
 562 2.080000
 563 2.090000
 564 2.030000
 565 1.800000
 566 1.800000
 567 1.810000
 568 1.790000
 569 1.790000
 570 1.820000
 571 1.820000
 572 1.840000
 573 1.840000
 574 1.820000
 575 1.840000
 576 1.870000
 577 1.870000
 578 1.870000
 579 1.870000
 580 1.890000
 581 1.890000
 582 1.920000
 583 1.940000
 584 1.940000
 585 1.940000
 586 1.970000
 587 1.970000
 588 1.970000
 589 1.990000
 590 1.990000
 591 1.990000
 592 2.040000
 593 2.050000
 594 2.050000
 595 2.080000
 596 2.100000
 597 2.100000
 598 2.150000
 599 2.130000
 600 2.150000
 601 2.180000
 602 2.200000
 603 2.200000
 604 2.200000
 605 2.230000
 606 2.250000
 607 2.250000
 608 2.280000
 609 2.240000
 610 2.280000
 611 2.330000
 612 2.330000
 613 2.330000
 614 2.340000
 615 2.330000
 616 2.330000
 617 2.330000
 618 2.330000
 619 2.350000
 620 2.380000
 621 2.380000
 622 2.430000
 623 1.480000
 624 1.450000
 625 1.450000
 626 1.470000
 627 1.470000
 628 1.460000
 629 1.490000
 630 1.490000
 631 1.490000
 632 1.510000
 633 1.540000
 634 1.540000
 635 1.540000
 636 1.560000
 637 1.560000
 638 1.550000
 639 1.610000
 640 1.610000
 641 1.600000
 642 1.650000
 643 1.650000
 644 1.650000
 645 1.680000
 646 1.680000
 647 1.700000
 648 1.730000
 649 1.730000
 650 1.750000
 651 1.780000
 652 1.780000
 653 1.800000
 654 1.800000
 655 1.850000
 656 1.880000
 657 1.850000
 658 1.900000
 659 1.930000
 660 1.930000
 661 1.950000
 662 2.000000
 663 2.010000
 664 3.390000
 665 3.390000
 666 3.390000
 667 3.370000
 668 3.370000
 669 3.350000
 670 3.320000
 671 3.290000
 672 3.300000
 673 3.290000
 674 3.270000
 675 3.240000
 676 3.260000
 677 3.270000
 678 3.270000
 679 3.240000
 680 3.270000
 681 3.240000
 682 3.260000
 683 3.270000
 684 3.240000
 685 3.270000
 686 3.240000
 687 3.300000
 688 3.300000
 689 3.300000
 690 3.310000
 691 3.310000
 692 3.300000
 693 3.320000
 694 3.320000
 695 3.340000
 696 3.340000
 697 3.340000
 698 3.370000
 699 3.400000
 700 3.390000
 701 3.380000
 702 3.420000
 703 3.440000
 704 3.440000
 705 3.460000
 706 3.460000
 707 3.470000
 708 2.930000
 709 2.950000
 710 3.350000
 711 3.540000
 712 3.590000
 713 3.600000
 714 3.620000
 715 3.630000
 716 3.650000
 717 3.670000
 718 3.670000
 719 3.730000
 720 3.730000
 721 3.760000
 722 3.740000
 723 3.780000
 724 3.780000
 725 3.810000
 726 3.780000
 727 3.800000
 728 3.800000
 729 3.810000
 730 3.830000
 731 3.830000
 732 3.850000
 733 3.830000
 734 3.880000
 735 3.880000
 736 3.940000
 737 3.910000
 738 3.960000
 739 3.960000
 740 3.980000
 741 3.410000
 742 3.370000
 743 2.970000
 744 2.960000
 745 1.570000
 746 1.540000
 747 1.530000
 748 1.560000
 749 1.530000
 750 1.560000
 751 1.530000
 752 1.530000
 753 1.530000
 754 1.530000
 755 1.510000
 756 1.540000
 757 1.530000
 758 4.100000
 759 4.080000
 760 4.080000