
 0 2.650000
 1 2.680000
 2 2.660000
 3 2.650000
 4 2.600000
 5 2.620000
 6 2.610000
 7 2.610000
 8 2.600000
 9 2.620000
 10 2.610000
 11 1.800000
 12 1.770000
 13 1.780000
 14 1.790000
 15 1.760000
 16 1.780000
 17 1.800000
 18 1.760000
 19 1.750000
 20 1.760000
 21 1.750000
 22 1.760000
 23 1.760000
 24 1.800000
 25 1.800000
 26 1.800000
 27 1.760000
 28 1.800000
 29 3.480000
 30 3.600000
 31 3.600000
 32 3.600000
 33 3.580000
 34 3.600000
 35 2.380000
 36 2.350000
 37 2.360000
 38 2.330000
 39 2.390000
 40 2.380000
 41 2.450000
 42 3.600000
 43 3.550000
 44 3.570000
 45 3.630000
 46 3.600000
 47 3.530000
 48 3.550000
 49 3.540000
 50 3.570000
 51 3.550000
 52 3.490000
 53 3.500000
 54 3.410000
 55 3.430000
 56 3.430000
 57 3.410000
 58 3.420000
 59 3.390000
 60 3.430000
 61 3.490000
 62 3.410000
 63 3.530000
 64 3.430000
 65 3.460000
 66 3.420000
 67 3.570000
 68 3.460000
 69 3.600000
 70 3.600000
 71 3.580000
 72 3.480000
 73 3.460000
 74 3.600000
 75 3.570000
 76 3.620000
 77 3.480000
 78 3.460000
 79 3.570000
 80 3.600000
 81 3.460000
 82 3.470000
 83 3.460000
 84 3.480000
 85 3.600000
 86 3.570000
 87 3.510000
 88 3.500000
 89 3.510000
 90 4.580000
 91 4.770000
 92 4.160000
 93 4.190000
 94 4.780000
 95 4.780000
 96 4.780000
 97 4.780000
 98 4.780000
 99 4.800000
 100 4.800000
 101 4.780000
 102 4.800000
 103 4.800000
 104 4.800000
 105 4.800000
 106 4.830000
 107 4.830000
 108 4.820000
 109 4.820000
 110 4.820000
 111 4.820000
 112 4.850000
 113 4.860000
 114 4.660000
 115 4.850000
 116 4.850000
 117 4.210000
 118 4.200000
 119 4.860000
 120 4.900000
 121 4.870000
 122 4.620000
 123 4.630000
 124 4.660000
 125 4.700000
 126 4.920000
 127 4.920000
 128 4.920000
 129 4.920000
 130 4.950000
 131 4.950000
 132 4.050000
 133 4.030000
 134 4.060000
 135 4.060000
 136 4.070000
 137 4.960000
 138 4.980000
 139 5.010000
 140 5.010000
 141 4.980000
 142 5.010000
 143 5.010000
 144 5.020000
 145 5.050000
 146 5.050000
 147 5.050000
 148 5.050000
 149 5.080000
 150 5.080000
 151 5.100000
 152 5.100000
 153 5.100000
 154 5.100000
 155 5.130000
 156 5.130000
 157 5.150000
 158 5.150000
 159 5.150000
 160 5.170000
 161 5.170000
 162 5.200000
 163 5.200000
 164 5.200000
 165 4.800000
 166 4.670000
 167 4.570000
 168 4.500000
 169 4.520000
 170 4.520000
 171 4.510000
 172 4.520000
 173 4.550000
 174 4.580000
 175 4.630000
 176 4.630000
 177 4.630000
 178 4.110000
 179 4.060000
 180 4.080000
 181 4.100000
 182 4.100000
 183 4.130000
 184 2.640000
 185 2.620000
 186 2.600000
 187 2.620000
 188 2.620000
 189 2.660000
 190 2.610000
 191 3.970000
 192 4.460000
 193 3.720000
 194 3.690000
 195 3.700000
 196 3.650000
 197 3.740000
 198 3.740000
 199 3.760000
 200 3.770000
 201 3.790000
 202 3.780000
 203 3.780000
 204 4.050000
 205 4.370000
 206 3.660000
 207 3.660000
 208 3.710000
 209 3.960000
 210 3.970000
 211 3.960000
 212 3.830000
 213 3.810000
 214 3.820000
 215 3.910000
 216 4.190000
 217 4.160000
 218 4.220000
 219 4.240000
 220 4.410000
 221 4.670000
 222 4.560000
 223 4.620000
 224 4.500000
 225 4.440000
 226 4.420000
 227 4.370000
 228 4.310000
 229 4.280000
 230 4.280000
 231 4.330000
 232 4.350000
 233 4.360000
 234 4.430000
 235 4.440000
 236 4.500000
 237 4.500000
 238 4.500000
 239 4.520000
 240 4.500000
 241 3.570000
 242 3.540000
 243 3.510000
 244 3.520000
 245 3.670000
 246 4.420000
 247 4.400000
 248 4.400000
 249 4.370000
 250 4.370000
 251 4.350000
 252 4.350000
 253 4.350000
 254 4.330000
 255 4.100000
 256 4.010000
 257 4.040000
 258 4.060000
 259 4.270000
 260 4.250000
 261 4.280000
 262 4.250000
 263 4.230000
 264 4.230000
 265 4.200000
 266 4.200000
 267 4.180000
 268 4.150000
 269 4.180000
 270 4.150000
 271 4.150000
 272 4.150000
 273 4.120000
 274 4.130000
 275 4.080000
 276 4.100000
 277 2.410000
 278 2.380000
 279 2.380000
 280 2.380000
 281 2.360000
 282 2.360000
 283 2.330000
 284 2.330000
 285 2.320000
 286 2.330000
 287 2.310000
 288 2.300000
 289 2.280000
 290 2.280000
 291 2.280000
 292 2.260000
 293 2.260000
 294 2.260000
 295 2.230000
 296 2.220000
 297 2.210000
 298 2.200000
 299 2.210000
 300 2.180000
 301 2.180000
 302 2.190000
 303 2.190000
 304 2.160000
 305 2.160000
 306 2.130000
 307 2.130000
 308 2.150000
 309 2.180000
 310 2.150000
 311 2.200000
 312 2.270000
 313 2.330000
 314 2.320000
 315 2.320000
 316 2.380000
 317 2.380000
 318 2.430000
 319 2.410000
 320 2.460000
 321 2.450000
 322 2.490000
 323 3.010000
 324 2.980000
 325 2.990000
 326 3.040000
 327 3.030000
 328 3.070000
 329 3.080000
 330 1.980000
 331 1.930000
 332 1.930000
 333 1.950000
 334 1.930000
 335 1.900000
 336 1.900000
 337 1.900000
 338 1.930000
 339 1.950000
 340 1.920000
 341 1.950000
 342 1.970000
 343 2.600000
 344 2.630000
 345 3.060000
 346 3.120000
 347 3.120000
 348 3.100000
 349 3.110000
 350 3.110000
 351 3.100000
 352 3.150000
 353 3.160000
 354 3.190000
 355 3.190000
 356 3.250000
 357 3.140000
 358 3.150000
 359 3.170000
 360 3.130000
 361 3.090000
 362 3.090000
 363 2.440000
 364 2.410000
 365 2.410000
 366 2.410000
 367 2.390000
 368 1.830000
 369 1.780000
 370 1.750000
 371 1.750000
 372 1.750000
 373 1.730000
 374 1.730000
 375 1.730000
 376 1.740000
 377 1.740000
 378 1.740000
 379 1.710000
 380 1.720000
 381 1.710000
 382 1.710000
 383 1.710000
 384 1.730000
 385 1.690000
 386 1.690000
 387 1.690000
 388 1.700000
 389 1.700000
 390 1.670000
 391 1.680000
 392 1.650000
 393 1.670000
 394 1.660000
 395 1.660000
 396 1.640000
 397 1.640000
 398 1.670000
 399 1.680000
 400 1.710000
 401 1.710000
 402 1.730000
 403 1.760000
 404 1.730000
 405 1.770000
 406 1.820000
 407 3.650000
 408 3.660000
 409 3.660000
 410 3.660000
 411 3.580000
 412 2.830000
 413 2.790000
 414 2.790000
 415 2.790000
 416 2.790000
 417 2.790000
 418 2.780000
 419 2.840000
 420 2.840000
 421 3.640000
 422 3.660000
 423 3.640000
 424 3.660000
 425 3.660000
 426 3.660000
 427 3.660000
 428 3.660000
 429 3.690000
 430 3.690000
 431 3.690000
 432 3.710000
 433 3.690000
 434 3.710000
 435 3.740000
 436 3.740000
 437 3.740000
 438 3.740000
 439 3.750000
 440 3.700000
 441 3.690000
 442 3.610000
 443 3.220000
 444 3.160000
 445 3.170000
 446 3.490000
 447 3.430000
 448 3.400000
 449 3.380000
 450 3.320000
 451 3.300000
 452 3.010000
 453 2.970000
 454 2.970000
 455 2.970000
 456 2.970000
 457 2.910000
 458 2.910000
 459 2.900000
 460 2.880000
 461 3.110000
 462 3.120000
 463 3.120000
 464 3.060000
 465 2.950000
 466 3.010000
 467 3.030000
 468 3.010000
 469 2.970000
 470 2.920000
 471 2.970000
 472 2.950000
 473 2.950000
 474 2.960000
 475 2.990000
 476 2.980000
 477 2.990000
 478 2.910000
 479 2.930000
 480 2.980000
 481 2.620000
 482 2.610000
 483 2.700000
 484 2.570000
 485 2.620000
 486 2.530000
 487 2.510000
 488 2.490000
 489 2.530000
 490 2.480000
 491 2.430000
 492 2.330000
 493 2.320000
 494 2.280000
 495 2.230000
 496 2.230000
 497 2.170000
 498 2.240000
 499 2.210000
 500 2.190000
 501 2.140000
 502 2.160000
 503 2.160000
 504 2.080000
 505 2.050000
 506 2.050000
 507 2.080000
 508 2.110000
 509 2.030000
 510 2.090000
 511 2.030000
 512 2.200000
 513 2.120000
 514 1.980000
 515 2.060000
 516 2.000000
 517 2.010000
 518 1.970000
 519 1.900000
 520 1.900000
 521 1.900000
 522 1.870000
 523 1.860000
 524 1.890000
 525 1.860000
 526 1.870000
 527 1.840000
 528 1.850000
 529 1.840000
 530 1.790000
 531 1.800000
 532 1.800000
 533 1.780000
 534 1.660000
 535 1.700000
 536 1.760000
 537 1.760000
 538 1.770000
 539 1.750000
 540 1.750000
 541 1.690000
 542 1.690000
 543 1.690000
 544 1.660000
 545 1.660000
 546 1.630000
 547 1.580000
 548 1.580000
 549 1.610000
 550 1.470000
 551 1.540000
 552 1.560000
 553 1.420000
 554 1.510000
 555 1.410000
 556 1.410000
 557 1.470000
 558 1.410000
 559 1.440000
 560 1.430000
 561 1.490000
 562 1.460000
 563 1.440000
 564 1.460000
 565 1.410000
 566 1.420000
 567 1.440000
 568 1.330000
 569 1.350000
 570 1.360000
 571 1.420000
 572 1.410000
 573 1.440000
 574 1.440000
 575 1.390000
 576 1.400000
 577 1.410000
 578 1.360000
 579 1.420000
 580 1.390000
 581 1.360000
 582 1.360000
 583 1.420000
 584 1.340000
 585 1.360000
 586 1.360000
 587 1.390000
 588 1.390000
 589 1.400000
 590 1.340000
 591 1.330000
 592 1.310000
 593 1.390000
 594 2.270000
 595 1.260000
 596 1.260000
 597 1.310000
 598 1.230000
 599 1.320000
 600 1.320000
 601 1.250000
 602 1.220000
 603 1.230000
 604 1.270000
 605 1.190000
 606 2.480000
 607 2.490000
 608 2.490000
 609 3.110000
 610 3.120000
 611 3.130000
 612 6.480000
 613 6.490000
 614 6.450000
 615 6.470000
 616 6.570000
 617 6.590000
 618 6.640000
 619 6.720000
 620 6.220000
 621 6.780000
 622 6.750000
 623 6.770000
 624 5.480000
 625 0.820000
 626 0.810000
 627 0.780000
 628 0.810000
 629 0.830000
 630 0.800000
 631 0.820000
 632 0.800000
 633 0.810000
 634 0.800000
 635 0.810000
 636 0.820000
 637 0.820000
 638 0.850000
 639 0.850000
 640 0.850000
 641 0.850000
 642 0.850000
 643 0.850000
 644 0.850000
 645 0.870000
 646 0.870000
 647 0.870000
 648 0.870000
 649 0.870000
 650 0.900000
 651 0.870000
 652 0.900000
 653 0.900000
 654 0.900000
 655 0.920000
 656 0.920000
 657 0.920000
 658 0.920000
 659 0.920000
 660 0.920000
 661 0.950000
 662 0.950000
 663 0.950000
 664 0.950000
 665 0.950000
 666 0.950000
 667 0.970000
 668 0.650000
 669 0.370000
 670 0.230000
 671 0.180000
 672 0.180000
 673 0.190000
 674 0.200000
 675 0.190000
 676 0.190000
 677 0.210000
 678 0.190000
 679 0.190000
 680 0.180000
 681 0.190000
 682 0.190000
 683 0.190000
 684 0.190000
 685 0.190000
 686 0.190000
 687 0.200000
 688 0.200000
 689 0.200000
 690 0.200000
 691 0.200000
 692 0.200000
 693 0.200000
 694 0.170000
 695 0.200000
 696 0.200000
 697 0.200000
 698 0.200000
 699 0.180000
 700 0.200000
 701 0.200000
 702 0.200000
 703 0.200000
 704 0.210000
 705 0.210000
 706 0.190000
 707 0.210000
 708 0.210000
 709 0.200000
 710 0.190000
 711 0.210000
 712 0.210000
 713 0.210000
 714 0.190000
 715 0.190000
 716 0.190000
 717 0.190000
 718 0.210000
 719 0.210000
 720 0.190000
 721 0.190000
 722 0.210000
 723 0.190000
 724 0.190000
 725 0.190000
 726 0.190000
 727 0.190000
 728 0.190000
 729 0.210000
 730 0.190000
 731 0.190000
 732 0.190000
 733 0.190000
 734 0.190000
 735 0.190000
 736 0.190000
 737 0.210000
 738 0.190000
 739 0.210000
 740 0.210000
 741 0.190000
 742 0.190000
 743 0.190000
 744 0.190000
 745 0.210000
 746 0.190000
 747 0.190000
 748 0.190000
 749 0.190000
 750 0.190000
 751 0.190000
 752 0.190000
 753 0.190000
 754 0.210000
 755 0.200000
 756 0.170000
 757 0.190000
 758 0.190000
 759 0.180000
 760 0.180000
 0 2.650000
 1 2.650000
 2 2.660000
 3 2.650000
 4 2.630000
 5 2.600000
 6 2.610000
 7 2.610000
 8 2.600000
 9 2.650000
 10 2.630000
 11 1.800000
 12 1.770000
 13 1.780000
 14 1.790000
 15 1.790000
 16 1.780000
 17 1.800000
 18 1.760000
 19 1.750000
 20 1.760000
 21 1.750000
 22 1.730000
 23 1.760000
 24 1.780000
 25 1.780000
 26 1.770000
 27 1.780000
 28 1.780000
 29 3.480000
 30 3.600000
 31 3.600000
 32 3.600000
 33 3.580000
 34 3.600000
 35 2.380000
 36 2.350000
 37 2.340000
 38 2.350000
 39 2.360000
 40 2.380000
 41 2.420000
 42 3.570000
 43 3.550000
 44 3.580000
 45 3.630000
 46 3.600000
 47 3.530000
 48 3.550000
 49 3.510000
 50 3.570000
 51 3.550000
 52 3.510000
 53 3.480000
 54 3.380000
 55 3.460000
 56 3.400000
 57 3.410000
 58 3.420000
 59 3.450000
 60 3.430000
 61 3.490000
 62 3.410000
 63 3.510000
 64 3.460000
 65 3.430000
 66 3.440000
 67 3.570000
 68 3.460000
 69 3.600000
 70 3.580000
 71 3.600000
 72 3.480000
 73 3.600000
 74 3.600000
 75 3.600000
 76 3.620000
 77 3.480000
 78 3.460000
 79 3.600000
 80 3.600000
 81 3.460000
 82 3.470000
 83 3.460000
 84 3.480000
 85 3.600000
 86 3.560000
 87 3.540000
 88 3.520000
 89 3.530000
 90 4.600000
 91 4.770000
 92 4.160000
 93 4.190000
 94 4.780000
 95 4.780000
 96 4.780000
 97 4.780000
 98 4.780000
 99 4.800000
 100 4.780000
 101 4.800000
 102 4.800000
 103 4.800000
 104 4.800000
 105 4.800000
 106 4.820000
 107 4.800000
 108 4.820000
 109 4.850000
 110 4.820000
 111 4.850000
 112 4.850000
 113 4.830000
 114 4.690000
 115 4.850000
 116 4.850000
 117 4.210000
 118 4.220000
 119 4.860000
 120 4.870000
 121 4.860000
 122 4.610000
 123 4.630000
 124 4.660000
 125 4.700000
 126 4.900000
 127 4.900000
 128 4.920000
 129 4.920000
 130 4.950000
 131 4.920000
 132 4.050000
 133 4.030000
 134 4.030000
 135 4.060000
 136 4.070000
 137 4.990000
 138 4.980000
 139 4.990000
 140 5.010000
 141 4.980000
 142 5.010000
 143 5.010000
 144 5.020000
 145 5.020000
 146 5.050000
 147 5.050000
 148 5.080000
 149 5.080000
 150 5.080000
 151 5.080000
 152 5.100000
 153 5.100000
 154 5.120000
 155 5.130000
 156 5.150000
 157 5.150000
 158 5.150000
 159 5.150000
 160 5.150000
 161 5.170000
 162 5.200000
 163 5.200000
 164 5.200000
 165 4.800000
 166 4.660000
 167 4.570000
 168 4.520000
 169 4.520000
 170 4.500000
 171 4.530000
 172 4.520000
 173 4.520000
 174 4.580000
 175 4.630000
 176 4.630000
 177 4.610000
 178 4.120000
 179 4.060000
 180 4.080000
 181 4.100000
 182 4.100000
 183 4.140000
 184 2.580000
 185 2.650000
 186 2.620000
 187 2.600000
 188 2.620000
 189 2.660000
 190 2.570000
 191 3.970000
 192 4.480000
 193 3.690000
 194 3.710000
 195 3.700000
 196 3.650000
 197 3.740000
 198 3.750000
 199 3.760000
 200 3.740000
 201 3.770000
 202 3.790000
 203 3.810000
 204 4.050000
 205 4.370000
 206 3.660000
 207 3.630000
 208 3.710000
 209 3.970000
 210 3.990000
 211 3.960000
 212 3.830000
 213 3.810000
 214 3.820000
 215 3.910000
 216 4.190000
 217 4.160000
 218 4.220000
 219 4.240000
 220 4.410000
 221 4.650000
 222 4.560000
 223 4.650000
 224 4.470000
 225 4.440000
 226 4.420000
 227 4.390000
 228 4.310000
 229 4.300000
 230 4.300000
 231 4.330000
 232 4.370000
 233 4.360000
 234 4.430000
 235 4.460000
 236 4.480000
 237 4.520000
 238 4.500000
 239 4.500000
 240 4.500000
 241 3.570000
 242 3.540000
 243 3.540000
 244 3.520000
 245 3.670000
 246 4.420000
 247 4.420000
 248 4.400000
 249 4.370000
 250 4.370000
 251 4.350000
 252 4.350000
 253 4.350000
 254 4.320000
 255 4.100000
 256 4.040000
 257 4.040000
 258 4.060000
 259 4.270000
 260 4.250000
 261 4.250000
 262 4.250000
 263 4.230000
 264 4.230000
 265 4.200000
 266 4.180000
 267 4.180000
 268 4.200000
 269 4.180000
 270 4.180000
 271 4.150000
 272 4.120000
 273 4.120000
 274 4.130000
 275 4.100000
 276 4.080000
 277 2.410000
 278 2.380000
 279 2.360000
 280 2.360000
 281 2.380000
 282 2.360000
 283 2.360000
 284 2.320000
 285 2.330000
 286 2.320000
 287 2.310000
 288 2.300000
 289 2.280000
 290 2.260000
 291 2.260000
 292 2.260000
 293 2.230000
 294 2.230000
 295 2.230000
 296 2.250000
 297 2.200000
 298 2.200000
 299 2.180000
 300 2.180000
 301 2.180000
 302 2.190000
 303 2.160000
 304 2.160000
 305 2.160000
 306 2.130000
 307 2.150000
 308 2.150000
 309 2.150000
 310 2.200000
 311 2.170000
 312 2.300000
 313 2.330000
 314 2.320000
 315 2.350000
 316 2.360000
 317 2.380000
 318 2.410000
 319 2.410000
 320 2.430000
 321 2.450000
 322 2.520000
 323 2.980000
 324 3.010000
 325 3.020000
 326 3.020000
 327 3.020000
 328 3.070000
 329 3.060000
 330 1.980000
 331 1.950000
 332 1.930000
 333 1.930000
 334 1.950000
 335 1.930000
 336 1.930000
 337 1.900000
 338 1.920000
 339 1.950000
 340 1.920000
 341 1.950000
 342 1.980000
 343 2.600000
 344 2.630000
 345 3.060000
 346 3.130000
 347 3.130000
 348 3.090000
 349 3.110000
 350 3.120000
 351 3.110000
 352 3.140000
 353 3.150000
 354 3.180000
 355 3.220000
 356 3.250000
 357 3.140000
 358 3.150000
 359 3.200000
 360 3.130000
 361 3.090000
 362 3.060000
 363 2.440000
 364 2.410000
 365 2.410000
 366 2.390000
 367 2.390000
 368 1.830000
 369 1.750000
 370 1.750000
 371 1.750000
 372 1.730000
 373 1.730000
 374 1.730000
 375 1.730000
 376 1.740000
 377 1.740000
 378 1.740000
 379 1.710000
 380 1.720000
 381 1.710000
 382 1.720000
 383 1.710000
 384 1.700000
 385 1.690000
 386 1.690000
 387 1.690000
 388 1.680000
 389 1.680000
 390 1.690000
 391 1.680000
 392 1.660000
 393 1.680000
 394 1.670000
 395 1.660000
 396 1.670000
 397 1.640000
 398 1.670000
 399 1.680000
 400 1.730000
 401 1.710000
 402 1.760000
 403 1.730000
 404 1.760000
 405 1.770000
 406 1.820000
 407 3.650000
 408 3.660000
 409 3.660000
 410 3.660000
 411 3.600000
 412 2.830000
 413 2.790000
 414 2.810000
 415 2.810000
 416 2.790000
 417 2.790000
 418 2.780000
 419 2.840000
 420 2.870000
 421 3.640000
 422 3.640000
 423 3.660000
 424 3.640000
 425 3.660000
 426 3.660000
 427 3.660000
 428 3.690000
 429 3.690000
 430 3.690000
 431 3.690000
 432 3.690000
 433 3.690000
 434 3.690000
 435 3.710000
 436 3.710000
 437 3.710000
 438 3.740000
 439 3.730000
 440 3.700000
 441 3.660000
 442 3.630000
 443 3.220000
 444 3.160000
 445 3.170000
 446 3.490000
 447 3.450000
 448 3.400000
 449 3.390000
 450 3.340000
 451 3.300000
 452 3.010000
 453 2.990000
 454 2.970000
 455 2.950000
 456 2.970000
 457 2.910000
 458 2.890000
 459 2.880000
 460 2.890000
 461 3.080000
 462 3.100000
 463 3.100000
 464 3.060000
 465 2.970000
 466 3.010000
 467 3.010000
 468 3.000000
 469 2.990000
 470 2.940000
 471 2.940000
 472 2.950000
 473 2.950000
 474 2.960000
 475 2.970000
 476 2.990000
 477 2.970000
 478 2.910000
 479 2.960000
 480 2.930000
 481 2.620000
 482 2.610000
 483 2.700000
 484 2.540000
 485 2.620000
 486 2.530000
 487 2.510000
 488 2.520000
 489 2.530000
 490 2.480000
 491 2.430000
 492 2.330000
 493 2.290000
 494 2.250000
 495 2.260000
 496 2.230000
 497 2.200000
 498 2.270000
 499 2.210000
 500 2.160000
 501 2.140000
 502 2.130000
 503 2.180000
 504 2.050000
 505 2.050000
 506 2.020000
 507 2.020000
 508 2.060000
 509 2.010000
 510 2.010000
 511 2.030000
 512 2.060000
 513 1.980000
 514 1.980000
 515 2.060000
 516 2.000000
 517 1.980000
 518 1.940000
 519 1.930000
 520 1.900000
 521 1.900000
 522 1.860000
 523 1.860000
 524 1.870000
 525 1.860000
 526 1.870000
 527 1.840000
 528 1.850000
 529 1.820000
 530 1.790000
 531 1.800000
 532 1.810000
 533 1.770000
 534 1.780000
 535 1.670000
 536 1.760000
 537 1.770000
 538 1.770000
 539 1.750000
 540 1.630000
 541 1.690000
 542 1.690000
 543 1.680000
 544 1.660000
 545 1.660000
 546 1.630000
 547 1.580000
 548 1.580000
 549 1.580000
 550 1.500000
 551 1.540000
 552 1.540000
 553 1.420000
 554 1.510000
 555 1.410000
 556 1.440000
 557 1.490000
 558 1.380000
 559 1.430000
 560 1.410000
 561 1.490000
 562 1.460000
 563 1.440000
 564 1.460000
 565 1.440000
 566 1.440000
 567 1.410000
 568 1.360000
 569 1.360000
 570 1.350000
 571 1.420000
 572 1.390000
 573 1.410000
 574 1.310000
 575 1.390000
 576 1.390000
 577 1.410000
 578 1.360000
 579 1.420000
 580 1.410000
 581 1.360000
 582 1.390000
 583 1.420000
 584 1.340000
 585 1.360000
 586 1.400000
 587 1.360000
 588 1.410000
 589 1.420000
 590 1.340000
 591 1.330000
 592 1.340000
 593 1.370000
 594 2.270000
 595 1.260000
 596 1.260000
 597 1.310000
 598 1.230000
 599 1.350000
 600 1.320000
 601 1.260000
 602 1.220000
 603 1.210000
 604 1.270000
 605 1.190000
 606 2.460000
 607 2.480000
 608 2.490000
 609 3.110000
 610 3.120000
 611 3.150000
 612 6.460000
 613 6.460000
 614 6.460000
 615 6.500000
 616 6.540000
 617 6.570000
 618 6.670000
 619 6.730000
 620 6.240000
 621 6.780000
 622 6.750000
 623 6.710000
 624 5.460000
 625 0.840000
 626 0.810000
 627 0.810000
 628 0.810000
 629 0.810000
 630 0.810000
 631 0.790000
 632 0.800000
 633 0.810000
 634 0.810000
 635 0.810000
 636 0.810000
 637 0.820000
 638 0.810000
 639 0.840000
 640 0.850000
 641 0.850000
 642 0.870000
 643 0.850000
 644 0.850000
 645 0.850000
 646 0.870000
 647 0.870000
 648 0.870000
 649 0.870000
 650 0.870000
 651 0.900000
 652 0.870000
 653 0.900000
 654 0.900000
 655 0.920000
 656 0.920000
 657 0.920000
 658 0.920000
 659 0.920000
 660 0.920000
 661 0.920000
 662 0.920000
 663 0.950000
 664 0.950000
 665 0.950000
 666 0.950000
 667 0.700000
 668 0.970000
 669 0.340000
 670 0.230000
 671 0.180000
 672 0.180000
 673 0.190000
 674 0.200000
 675 0.180000
 676 0.180000
 677 0.190000
 678 0.220000
 679 0.190000
 680 0.180000
 681 0.190000
 682 0.190000
 683 0.190000
 684 0.190000
 685 0.190000
 686 0.190000
 687 0.200000
 688 0.200000
 689 0.170000
 690 0.200000
 691 0.200000
 692 0.170000
 693 0.200000
 694 0.170000
 695 0.200000
 696 0.200000
 697 0.200000
 698 0.200000
 699 0.200000
 700 0.200000
 701 0.200000
 702 0.180000
 703 0.190000
 704 0.190000
 705 0.190000
 706 0.180000
 707 0.210000
 708 0.190000
 709 0.190000
 710 0.210000
 711 0.210000
 712 0.190000
 713 0.210000
 714 0.210000
 715 0.190000
 716 0.190000
 717 0.190000
 718 0.210000
 719 0.190000
 720 0.190000
 721 0.190000
 722 0.190000
 723 0.210000
 724 0.190000
 725 0.190000
 726 0.210000
 727 0.190000
 728 0.190000
 729 0.190000
 730 0.210000
 731 0.210000
 732 0.190000
 733 0.190000
 734 0.190000
 735 0.190000
 736 0.190000
 737 0.190000
 738 0.210000
 739 0.190000
 740 0.210000
 741 0.200000
 742 0.210000
 743 0.210000
 744 0.210000
 745 0.190000
 746 0.210000
 747 0.190000
 748 0.190000
 749 0.190000
 750 0.190000
 751 0.190000
 752 0.210000
 753 0.190000
 754 0.200000
 755 0.200000
 756 0.170000
 757 0.190000
 758 0.190000
 759 0.190000
 760 0.190000
 0 2.650000
 1 2.650000
 2 2.640000
 3 2.650000
 4 2.630000
 5 2.620000
 6 2.610000
 7 2.610000
 8 2.600000
 9 2.650000
 10 2.610000
 11 1.790000
 12 1.770000
 13 1.750000
 14 1.790000
 15 1.790000
 16 1.780000
 17 1.770000
 18 1.760000
 19 1.750000
 20 1.740000
 21 1.780000
 22 1.730000
 23 1.770000
 24 1.780000
 25 1.780000
 26 1.770000
 27 1.760000
 28 1.800000
 29 3.460000
 30 3.600000
 31 3.600000
 32 3.580000
 33 3.600000
 34 3.600000
 35 2.380000
 36 2.330000
 37 2.340000
 38 2.330000
 39 2.360000
 40 2.380000
 41 2.450000
 42 3.570000
 43 3.570000
 44 3.580000
 45 3.600000
 46 3.600000
 47 3.550000
 48 3.520000
 49 3.520000
 50 3.600000
 51 3.570000
 52 3.510000
 53 3.500000
 54 3.410000
 55 3.430000
 56 3.400000
 57 3.430000
 58 3.420000
 59 3.450000
 60 3.430000
 61 3.470000
 62 3.430000
 63 3.530000
 64 3.430000
 65 3.430000
 66 3.470000
 67 3.550000
 68 3.460000
 69 3.580000
 70 3.580000
 71 3.580000
 72 3.480000
 73 3.600000
 74 3.460000
 75 3.570000
 76 3.600000
 77 3.510000
 78 3.460000
 79 3.570000
 80 3.570000
 81 3.600000
 82 3.470000
 83 3.460000
 84 3.480000
 85 3.600000
 86 3.560000
 87 3.540000
 88 3.500000
 89 3.510000
 90 4.600000
 91 4.750000
 92 4.160000
 93 4.250000
 94 4.780000
 95 4.780000
 96 4.780000
 97 4.780000
 98 4.800000
 99 4.780000
 100 4.800000
 101 4.800000
 102 4.800000
 103 4.800000
 104 4.800000
 105 4.800000
 106 4.830000
 107 4.820000
 108 4.800000
 109 4.820000
 110 4.820000
 111 4.850000
 112 4.850000
 113 4.830000
 114 4.650000
 115 4.850000
 116 4.870000
 117 4.180000
 118 4.200000
 119 4.870000
 120 4.870000
 121 4.900000
 122 4.610000
 123 4.630000
 124 4.660000
 125 4.700000
 126 4.900000
 127 4.900000
 128 4.900000
 129 4.950000
 130 4.920000
 131 4.920000
 132 4.050000
 133 4.030000
 134 4.030000
 135 4.060000
 136 4.070000
 137 4.960000
 138 4.980000
 139 4.990000
 140 4.990000
 141 5.010000
 142 5.010000
 143 5.010000
 144 5.050000
 145 5.050000
 146 5.050000
 147 5.050000
 148 5.050000
 149 5.080000
 150 5.080000
 151 5.100000
 152 5.100000
 153 5.100000
 154 5.130000
 155 5.130000
 156 5.130000
 157 5.150000
 158 5.150000
 159 5.170000
 160 5.170000
 161 5.170000
 162 5.170000
 163 5.200000
 164 5.200000
 165 4.800000
 166 4.670000
 167 4.570000
 168 4.500000
 169 4.520000
 170 4.520000
 171 4.510000
 172 4.520000
 173 4.550000
 174 4.580000
 175 4.630000
 176 4.610000
 177 4.610000
 178 4.100000
 179 4.060000
 180 4.080000
 181 4.100000
 182 4.100000
 183 4.120000
 184 2.590000
 185 2.640000
 186 2.620000
 187 2.600000
 188 2.600000
 189 2.630000
 190 2.610000
 191 3.990000
 192 4.480000
 193 3.720000
 194 3.730000
 195 3.680000
 196 3.630000
 197 3.740000
 198 3.780000
 199 3.760000
 200 3.770000
 201 3.790000
 202 3.760000
 203 3.780000
 204 4.110000
 205 4.320000
 206 3.660000
 207 3.660000
 208 3.680000
 209 3.990000
 210 3.990000
 211 3.950000
 212 3.830000
 213 3.810000
 214 3.820000
 215 3.880000
 216 4.190000
 217 4.190000
 218 4.210000
 219 4.230000
 220 4.410000
 221 4.650000
 222 4.560000
 223 4.650000
 224 4.470000
 225 4.440000
 226 4.400000
 227 4.390000
 228 4.290000
 229 4.280000
 230 4.300000
 231 4.330000
 232 4.370000
 233 4.380000
 234 4.410000
 235 4.460000
 236 4.480000
 237 4.520000
 238 4.520000
 239 4.500000
 240 4.500000
 241 3.570000
 242 3.540000
 243 3.540000
 244 3.550000
 245 3.650000
 246 4.420000
 247 4.420000
 248 4.400000
 249 4.400000
 250 4.370000
 251 4.370000
 252 4.350000
 253 4.320000
 254 4.320000
 255 4.100000
 256 4.040000
 257 4.040000
 258 4.060000
 259 4.270000
 260 4.250000
 261 4.250000
 262 4.250000
 263 4.230000
 264 4.230000
 265 4.200000
 266 4.180000
 267 4.180000
 268 4.200000
 269 4.150000
 270 4.180000
 271 4.150000
 272 4.150000
 273 4.120000
 274 4.120000
 275 4.100000
 276 4.080000
 277 2.410000
 278 2.410000
 279 2.360000
 280 2.360000
 281 2.360000
 282 2.380000
 283 2.330000
 284 2.370000
 285 2.330000
 286 2.350000
 287 2.310000
 288 2.310000
 289 2.280000
 290 2.260000
 291 2.280000
 292 2.260000
 293 2.260000
 294 2.230000
 295 2.230000
 296 2.220000
 297 2.210000
 298 2.220000
 299 2.190000
 300 2.180000
 301 2.180000
 302 2.190000
 303 2.160000
 304 2.160000
 305 2.140000
 306 2.130000
 307 2.150000
 308 2.130000
 309 2.150000
 310 2.180000
 311 2.200000
 312 2.310000
 313 2.300000
 314 2.320000
 315 2.350000
 316 2.360000
 317 2.380000
 318 2.410000
 319 2.410000
 320 2.460000
 321 2.450000
 322 2.490000
 323 3.010000
 324 3.010000
 325 2.990000
 326 3.040000
 327 3.030000
 328 3.040000
 329 3.060000
 330 1.960000
 331 1.950000
 332 1.930000
 333 1.930000
 334 1.930000
 335 1.930000
 336 1.900000
 337 1.900000
 338 1.930000
 339 1.920000
 340 1.930000
 341 1.970000
 342 1.980000
 343 2.600000
 344 2.610000
 345 3.030000
 346 3.120000
 347 3.130000
 348 3.100000
 349 3.110000
 350 3.120000
 351 3.110000
 352 3.180000
 353 3.160000
 354 3.190000
 355 3.220000
 356 3.250000
 357 3.170000
 358 3.180000
 359 3.190000
 360 3.130000
 361 3.090000
 362 3.060000
 363 2.440000
 364 2.410000
 365 2.410000
 366 2.410000
 367 2.390000
 368 1.830000
 369 1.780000
 370 1.750000
 371 1.750000
 372 1.750000
 373 1.730000
 374 1.730000
 375 1.730000
 376 1.740000
 377 1.740000
 378 1.740000
 379 1.740000
 380 1.710000
 381 1.700000
 382 1.710000
 383 1.710000
 384 1.700000
 385 1.690000
 386 1.690000
 387 1.690000
 388 1.680000
 389 1.700000
 390 1.690000
 391 1.680000
 392 1.680000
 393 1.670000
 394 1.650000
 395 1.650000
 396 1.640000
 397 1.670000
 398 1.670000
 399 1.680000
 400 1.710000
 401 1.710000
 402 1.730000
 403 1.730000
 404 1.760000
 405 1.780000
 406 1.850000
 407 3.650000
 408 3.660000
 409 3.660000
 410 3.660000
 411 3.630000
 412 2.830000
 413 2.790000
 414 2.810000
 415 2.790000
 416 2.790000
 417 2.790000
 418 2.780000
 419 2.810000
 420 2.840000
 421 3.640000
 422 3.640000
 423 3.660000
 424 3.660000
 425 3.660000
 426 3.660000
 427 3.690000
 428 3.690000
 429 3.690000
 430 3.690000
 431 3.690000
 432 3.710000
 433 3.690000
 434 3.710000
 435 3.710000
 436 3.710000
 437 3.710000
 438 3.740000
 439 3.730000
 440 3.670000
 441 3.670000
 442 3.630000
 443 3.220000
 444 3.160000
 445 3.170000
 446 3.460000
 447 3.450000
 448 3.400000
 449 3.390000
 450 3.350000
 451 3.330000
 452 3.010000
 453 2.990000
 454 2.970000
 455 2.950000
 456 2.980000
 457 2.930000
 458 2.910000
 459 2.900000
 460 2.890000
 461 3.080000
 462 3.100000
 463 3.100000
 464 3.060000
 465 3.000000
 466 3.010000
 467 3.010000
 468 3.010000
 469 2.990000
 470 2.940000
 471 2.940000
 472 2.950000
 473 2.950000
 474 2.960000
 475 2.990000
 476 3.010000
 477 2.970000
 478 2.930000
 479 2.960000
 480 2.880000
 481 2.670000
 482 2.570000
 483 2.700000
 484 2.550000
 485 2.600000
 486 2.530000
 487 2.530000
 488 2.490000
 489 2.530000
 490 2.380000
 491 2.430000
 492 2.330000
 493 2.320000
 494 2.270000
 495 2.260000
 496 2.230000
 497 2.200000
 498 2.270000
 499 2.200000
 500 2.170000
 501 2.140000
 502 2.150000
 503 2.180000
 504 2.050000
 505 2.070000
 506 2.050000
 507 2.080000
 508 2.060000
 509 2.010000
 510 2.060000
 511 2.010000
 512 2.030000
 513 2.010000
 514 2.060000
 515 2.060000
 516 1.990000
 517 2.000000
 518 1.960000
 519 1.900000
 520 1.860000
 521 1.870000
 522 1.870000
 523 1.860000
 524 1.870000
 525 1.880000
 526 1.870000
 527 1.840000
 528 1.820000
 529 1.840000
 530 1.790000
 531 1.800000
 532 1.810000
 533 1.780000
 534 1.810000
 535 1.700000
 536 1.740000
 537 1.740000
 538 1.770000
 539 1.720000
 540 1.630000
 541 1.690000
 542 1.690000
 543 1.710000
 544 1.660000
 545 1.660000
 546 1.630000
 547 1.580000
 548 1.580000
 549 1.610000
 550 1.500000
 551 1.570000
 552 1.570000
 553 1.420000
 554 1.510000
 555 1.430000
 556 1.440000
 557 1.470000
 558 1.380000
 559 1.410000
 560 1.410000
 561 1.490000
 562 1.490000
 563 1.460000
 564 1.460000
 565 1.440000
 566 1.450000
 567 1.440000
 568 1.330000
 569 1.350000
 570 1.350000
 571 1.420000
 572 1.390000
 573 1.440000
 574 1.450000
 575 1.390000
 576 1.410000
 577 1.390000
 578 1.360000
 579 1.420000
 580 1.390000
 581 1.360000
 582 1.390000
 583 1.420000
 584 1.360000
 585 1.360000
 586 1.400000
 587 1.400000
 588 1.390000
 589 1.280000
 590 1.360000
 591 1.340000
 592 1.340000
 593 1.370000
 594 2.300000
 595 1.280000
 596 1.260000
 597 1.310000
 598 1.230000
 599 1.320000
 600 1.320000
 601 1.260000
 602 1.220000
 603 1.240000
 604 1.270000
 605 1.240000
 606 2.460000
 607 2.460000
 608 2.460000
 609 3.140000
 610 3.120000
 611 3.150000
 612 6.490000
 613 6.440000
 614 6.450000
 615 6.500000
 616 6.540000
 617 6.590000
 618 6.640000
 619 6.730000
 620 6.220000
 621 6.780000
 622 6.770000
 623 6.730000
 624 5.460000
 625 0.840000
 626 0.810000
 627 0.830000
 628 0.810000
 629 0.820000
 630 0.790000
 631 0.790000
 632 0.770000
 633 0.810000
 634 0.820000
 635 0.820000
 636 0.820000
 637 0.820000
 638 0.820000
 639 0.820000
 640 0.850000
 641 0.840000
 642 0.850000
 643 0.850000
 644 0.870000
 645 0.870000
 646 0.850000
 647 0.870000
 648 0.870000
 649 0.870000
 650 0.900000
 651 0.900000
 652 0.870000
 653 0.900000
 654 0.900000
 655 0.900000
 656 0.900000
 657 0.920000
 658 0.920000
 659 0.920000
 660 0.950000
 661 0.920000
 662 0.920000
 663 0.950000
 664 0.950000
 665 0.950000
 666 0.950000
 667 0.970000
 668 0.670000
 669 0.290000
 670 0.230000
 671 0.180000
 672 0.180000
 673 0.190000
 674 0.210000
 675 0.200000
 676 0.190000
 677 0.210000
 678 0.220000
 679 0.190000
 680 0.200000
 681 0.190000
 682 0.190000
 683 0.190000
 684 0.190000
 685 0.190000
 686 0.190000
 687 0.200000
 688 0.170000
 689 0.200000
 690 0.200000
 691 0.200000
 692 0.200000
 693 0.170000
 694 0.200000
 695 0.180000
 696 0.170000
 697 0.170000
 698 0.180000
 699 0.200000
 700 0.180000
 701 0.180000
 702 0.200000
 703 0.200000
 704 0.200000
 705 0.210000
 706 0.190000
 707 0.210000
 708 0.190000
 709 0.210000
 710 0.210000
 711 0.190000
 712 0.210000
 713 0.210000
 714 0.190000
 715 0.190000
 716 0.190000
 717 0.190000
 718 0.190000
 719 0.210000
 720 0.190000
 721 0.190000
 722 0.190000
 723 0.190000
 724 0.210000
 725 0.190000
 726 0.190000
 727 0.190000
 728 0.190000
 729 0.190000
 730 0.190000
 731 0.190000
 732 0.190000
 733 0.190000
 734 0.190000
 735 0.190000
 736 0.210000
 737 0.210000
 738 0.190000
 739 0.190000
 740 0.190000
 741 0.190000
 742 0.190000
 743 0.190000
 744 0.190000
 745 0.210000
 746 0.190000
 747 0.210000
 748 0.210000
 749 0.190000
 750 0.210000
 751 0.210000
 752 0.190000
 753 0.190000
 754 0.200000
 755 0.200000
 756 0.170000
 757 0.190000
 758 0.190000
 759 0.200000
 760 0.210000
 0 2.650000
 1 2.650000
 2 2.660000
 3 2.620000
 4 2.630000
 5 2.590000
 6 2.600000
 7 2.610000
 8 2.580000
 9 2.620000
 10 2.610000
 11 1.770000
 12 1.770000
 13 1.780000
 14 1.790000
 15 1.760000
 16 1.780000
 17 1.770000
 18 1.740000
 19 1.750000
 20 1.740000
 21 1.750000
 22 1.760000
 23 1.770000
 24 1.780000
 25 1.780000
 26 1.770000
 27 1.760000
 28 1.820000
 29 3.480000
 30 3.600000
 31 3.600000
 32 3.600000
 33 3.580000
 34 3.590000
 35 2.380000
 36 2.330000
 37 2.340000
 38 2.330000
 39 2.360000
 40 2.380000
 41 2.420000
 42 3.570000
 43 3.570000
 44 3.580000
 45 3.630000
 46 3.600000
 47 3.530000
 48 3.520000
 49 3.540000
 50 3.570000
 51 3.540000
 52 3.510000
 53 3.500000
 54 3.400000
 55 3.430000
 56 3.400000
 57 3.400000
 58 3.420000
 59 3.420000
 60 3.430000
 61 3.490000
 62 3.400000
 63 3.510000
 64 3.430000
 65 3.450000
 66 3.440000
 67 3.570000
 68 3.450000
 69 3.600000
 70 3.600000
 71 3.550000
 72 3.500000
 73 3.450000
 74 3.630000
 75 3.600000
 76 3.600000
 77 3.500000
 78 3.450000
 79 3.600000
 80 3.570000
 81 3.570000
 82 3.450000
 83 3.450000
 84 3.480000
 85 3.600000
 86 3.560000
 87 3.540000
 88 3.520000
 89 3.510000
 90 4.560000
 91 4.770000
 92 4.150000
 93 4.190000
 94 4.780000
 95 4.780000
 96 4.780000
 97 4.780000
 98 4.800000
 99 4.800000
 100 4.800000
 101 4.800000
 102 4.800000
 103 4.800000
 104 4.800000
 105 4.800000
 106 4.800000
 107 4.820000
 108 4.820000
 109 4.820000
 110 4.820000
 111 4.820000
 112 4.850000
 113 4.830000
 114 4.680000
 115 4.870000
 116 4.850000
 117 4.200000
 118 4.200000
 119 4.870000
 120 4.900000
 121 4.860000
 122 4.610000
 123 4.630000
 124 4.680000
 125 4.700000
 126 4.900000
 127 4.920000
 128 4.900000
 129 4.920000
 130 4.920000
 131 4.950000
 132 4.050000
 133 4.030000
 134 4.030000
 135 4.030000
 136 4.050000
 137 4.960000
 138 4.980000
 139 4.980000
 140 5.010000
 141 5.010000
 142 5.010000
 143 5.010000
 144 5.050000
 145 5.050000
 146 5.050000
 147 5.070000
 148 5.050000
 149 5.080000
 150 5.080000
 151 5.100000
 152 5.100000
 153 5.100000
 154 5.130000
 155 5.130000
 156 5.130000
 157 5.150000
 158 5.150000
 159 5.170000
 160 5.170000
 161 5.170000
 162 5.200000
 163 5.200000
 164 5.200000
 165 4.800000
 166 4.670000
 167 4.570000
 168 4.520000
 169 4.520000
 170 4.520000
 171 4.530000
 172 4.520000
 173 4.520000
 174 4.560000
 175 4.630000
 176 4.600000
 177 4.610000
 178 4.100000
 179 4.090000
 180 4.080000
 181 4.110000
 182 4.090000
 183 4.130000
 184 2.570000
 185 2.670000
 186 2.590000
 187 2.600000
 188 2.620000
 189 2.630000
 190 2.640000
 191 3.990000
 192 4.450000
 193 3.690000
 194 3.700000
 195 3.700000
 196 3.640000
 197 3.730000
 198 3.740000
 199 3.760000
 200 3.740000
 201 3.760000
 202 3.790000
 203 3.780000
 204 4.050000
 205 4.370000
 206 3.650000
 207 3.630000
 208 3.710000
 209 3.990000
 210 3.970000
 211 3.980000
 212 3.830000
 213 3.810000
 214 3.820000
 215 3.870000
 216 4.200000
 217 4.170000
 218 4.210000
 219 4.230000
 220 4.410000
 221 4.670000
 222 4.560000
 223 4.650000
 224 4.470000
 225 4.440000
 226 4.420000
 227 4.390000
 228 4.310000
 229 4.280000
 230 4.280000
 231 4.330000
 232 4.370000
 233 4.360000
 234 4.410000
 235 4.460000
 236 4.500000
 237 4.520000
 238 4.500000
 239 4.500000
 240 4.500000
 241 3.600000
 242 3.540000
 243 3.510000
 244 3.520000
 245 3.670000
 246 4.450000
 247 4.420000
 248 4.400000
 249 4.370000
 250 4.380000
 251 4.350000
 252 4.350000
 253 4.320000
 254 4.320000
 255 4.100000
 256 4.040000
 257 4.040000
 258 4.060000
 259 4.270000
 260 4.280000
 261 4.250000
 262 4.250000
 263 4.230000
 264 4.230000
 265 4.200000
 266 4.180000
 267 4.180000
 268 4.150000
 269 4.180000
 270 4.150000
 271 4.150000
 272 4.150000
 273 4.120000
 274 4.130000
 275 4.080000
 276 4.080000
 277 2.390000
 278 2.380000
 279 2.380000
 280 2.380000
 281 2.380000
 282 2.350000
 283 2.330000
 284 2.320000
 285 2.330000
 286 2.350000
 287 2.300000
 288 2.310000
 289 2.280000
 290 2.280000
 291 2.250000
 292 2.280000
 293 2.250000
 294 2.250000
 295 2.230000
 296 2.220000
 297 2.200000
 298 2.210000
 299 2.180000
 300 2.180000
 301 2.180000
 302 2.160000
 303 2.160000
 304 2.140000
 305 2.140000
 306 2.130000
 307 2.150000
 308 2.150000
 309 2.150000
 310 2.180000
 311 2.170000
 312 2.330000
 313 2.330000
 314 2.350000
 315 2.350000
 316 2.380000
 317 2.380000
 318 2.400000
 319 2.430000
 320 2.430000
 321 2.450000
 322 2.520000
 323 2.980000
 324 2.980000
 325 3.020000
 326 3.040000
 327 3.030000
 328 3.070000
 329 3.080000
 330 1.960000
 331 1.930000
 332 1.930000
 333 1.930000
 334 1.930000
 335 1.930000
 336 1.930000
 337 1.930000
 338 1.920000
 339 1.920000
 340 1.920000
 341 1.950000
 342 1.980000
 343 2.580000
 344 2.630000
 345 3.050000
 346 3.130000
 347 3.110000
 348 3.130000
 349 3.080000
 350 3.110000
 351 3.110000
 352 3.150000
 353 3.160000
 354 3.180000
 355 3.220000
 356 3.240000
 357 3.170000
 358 3.150000
 359 3.190000
 360 3.160000
 361 3.090000
 362 3.060000
 363 2.440000
 364 2.440000
 365 2.440000
 366 2.410000
 367 2.390000
 368 1.800000
 369 1.780000
 370 1.750000
 371 1.750000
 372 1.730000
 373 1.730000
 374 1.730000
 375 1.730000
 376 1.740000
 377 1.740000
 378 1.740000
 379 1.710000
 380 1.710000
 381 1.710000
 382 1.680000
 383 1.720000
 384 1.690000
 385 1.680000
 386 1.690000
 387 1.690000
 388 1.680000
 389 1.680000
 390 1.660000
 391 1.690000
 392 1.630000
 393 1.650000
 394 1.670000
 395 1.660000
 396 1.670000
 397 1.670000
 398 1.670000
 399 1.700000
 400 1.700000
 401 1.730000
 402 1.770000
 403 1.730000
 404 1.750000
 405 1.780000
 406 1.850000
 407 3.650000
 408 3.640000
 409 3.660000
 410 3.660000
 411 3.530000
 412 2.830000
 413 2.810000
 414 2.790000
 415 2.790000
 416 2.790000
 417 2.790000
 418 2.780000
 419 2.840000
 420 2.890000
 421 3.640000
 422 3.640000
 423 3.660000
 424 3.660000
 425 3.660000
 426 3.690000
 427 3.660000
 428 3.660000
 429 3.690000
 430 3.660000
 431 3.690000
 432 3.710000
 433 3.710000
 434 3.710000
 435 3.740000
 436 3.740000
 437 3.710000
 438 3.740000
 439 3.730000
 440 3.700000
 441 3.690000
 442 3.630000
 443 3.220000
 444 3.170000
 445 3.170000
 446 3.490000
 447 3.450000
 448 3.400000
 449 3.360000
 450 3.340000
 451 3.300000
 452 3.040000
 453 2.980000
 454 2.970000
 455 2.970000
 456 2.970000
 457 2.930000
 458 2.910000
 459 2.870000
 460 2.890000
 461 3.110000
 462 3.070000
 463 3.100000
 464 3.060000
 465 2.970000
 466 3.030000
 467 3.030000
 468 3.000000
 469 2.980000
 470 2.940000
 471 2.930000
 472 2.930000
 473 2.940000
 474 2.960000
 475 3.000000
 476 3.020000
 477 2.970000
 478 2.910000
 479 2.960000
 480 2.830000
 481 2.670000
 482 2.600000
 483 2.690000
 484 2.520000
 485 2.600000
 486 2.530000
 487 2.510000
 488 2.500000
 489 2.530000
 490 2.490000
 491 2.410000
 492 2.330000
 493 2.260000
 494 2.270000
 495 2.230000
 496 2.210000
 497 2.200000
 498 2.240000
 499 2.210000
 500 2.170000
 501 2.140000
 502 2.120000
 503 2.080000
 504 2.050000
 505 2.050000
 506 2.080000
 507 2.050000
 508 2.050000
 509 2.000000
 510 2.060000
 511 2.000000
 512 2.170000
 513 1.980000
 514 2.090000
 515 2.060000
 516 2.020000
 517 1.970000
 518 1.940000
 519 1.900000
 520 1.890000
 521 1.880000
 522 1.870000
 523 1.880000
 524 1.870000
 525 1.860000
 526 1.870000
 527 1.840000
 528 1.820000
 529 1.820000
 530 1.790000
 531 1.800000
 532 1.830000
 533 1.780000
 534 1.780000
 535 1.670000
 536 1.760000
 537 1.760000
 538 1.750000
 539 1.750000
 540 1.600000
 541 1.690000
 542 1.680000
 543 1.690000
 544 1.630000
 545 1.660000
 546 1.630000
 547 1.580000
 548 1.580000
 549 1.590000
 550 1.440000
 551 1.550000
 552 1.530000
 553 1.470000
 554 1.510000
 555 1.430000
 556 1.410000
 557 1.470000
 558 1.430000
 559 1.430000
 560 1.400000
 561 1.490000
 562 1.490000
 563 1.440000
 564 1.470000
 565 1.440000
 566 1.450000
 567 1.410000
 568 1.330000
 569 1.360000
 570 1.360000
 571 1.420000
 572 1.390000
 573 1.440000
 574 1.300000
 575 1.410000
 576 1.410000
 577 1.410000
 578 1.360000
 579 1.420000
 580 1.410000
 581 1.360000
 582 1.360000
 583 1.400000
 584 1.360000
 585 1.390000
 586 1.400000
 587 1.400000
 588 1.410000
 589 1.280000
 590 1.360000
 591 1.340000
 592 1.340000
 593 1.400000
 594 2.270000
 595 1.280000
 596 1.250000
 597 1.310000
 598 1.230000
 599 1.320000
 600 1.330000
 601 1.230000
 602 1.220000
 603 1.230000
 604 1.290000
 605 1.220000
 606 2.460000
 607 2.490000
 608 2.490000
 609 3.130000
 610 3.120000
 611 3.120000
 612 6.480000
 613 6.460000
 614 6.450000
 615 6.500000
 616 6.540000
 617 6.590000
 618 6.640000
 619 6.720000
 620 6.190000
 621 6.780000
 622 6.750000
 623 6.730000
 624 5.510000
 625 0.840000
 626 0.800000
 627 0.780000
 628 0.800000
 629 0.760000
 630 0.800000
 631 0.790000
 632 0.800000
 633 0.820000
 634 0.810000
 635 0.820000
 636 0.820000
 637 0.810000
 638 0.820000
 639 0.820000
 640 0.820000
 641 0.850000
 642 0.850000
 643 0.850000
 644 0.850000
 645 0.870000
 646 0.850000
 647 0.870000
 648 0.870000
 649 0.870000
 650 0.870000
 651 0.900000
 652 0.900000
 653 0.900000
 654 0.900000
 655 0.920000
 656 0.920000
 657 0.920000
 658 0.920000
 659 0.920000
 660 0.950000
 661 0.920000
 662 0.950000
 663 0.920000
 664 0.950000
 665 0.950000
 666 0.970000
 667 0.950000
 668 0.700000
 669 0.370000
 670 0.260000
 671 0.200000
 672 0.180000
 673 0.190000
 674 0.200000
 675 0.170000
 676 0.190000
 677 0.220000
 678 0.220000
 679 0.190000
 680 0.180000
 681 0.190000
 682 0.190000
 683 0.190000
 684 0.190000
 685 0.190000
 686 0.160000
 687 0.190000
 688 0.170000
 689 0.190000
 690 0.190000
 691 0.190000
 692 0.190000
 693 0.190000
 694 0.190000
 695 0.190000
 696 0.190000
 697 0.170000
 698 0.170000
 699 0.200000
 700 0.200000
 701 0.200000
 702 0.180000
 703 0.180000
 704 0.180000
 705 0.210000
 706 0.180000
 707 0.180000
 708 0.200000
 709 0.180000
 710 0.180000
 711 0.210000
 712 0.180000
 713 0.180000
 714 0.180000
 715 0.180000
 716 0.180000
 717 0.180000
 718 0.180000
 719 0.180000
 720 0.210000
 721 0.180000
 722 0.180000
 723 0.180000
 724 0.180000
 725 0.180000
 726 0.180000
 727 0.210000
 728 0.210000
 729 0.180000
 730 0.180000
 731 0.180000
 732 0.210000
 733 0.210000
 734 0.210000
 735 0.180000
 736 0.210000
 737 0.180000
 738 0.180000
 739 0.210000
 740 0.200000
 741 0.180000
 742 0.180000
 743 0.180000
 744 0.180000
 745 0.180000
 746 0.210000
 747 0.180000
 748 0.180000
 749 0.180000
 750 0.210000
 751 0.180000
 752 0.210000
 753 0.210000
 754 0.180000
 755 0.180000
 756 0.170000
 757 0.160000
 758 0.190000
 759 0.180000
 760 0.210000