
 0 2.680000
 1 2.650000
 2 2.660000
 3 2.670000
 4 2.630000
 5 2.600000
 6 2.590000
 7 2.610000
 8 2.600000
 9 2.650000
 10 2.630000
 11 1.790000
 12 1.770000
 13 1.780000
 14 1.790000
 15 1.790000
 16 1.780000
 17 1.770000
 18 1.740000
 19 1.750000
 20 1.760000
 21 1.750000
 22 1.760000
 23 1.770000
 24 1.780000
 25 1.780000
 26 1.770000
 27 1.760000
 28 1.780000
 29 3.480000
 30 3.600000
 31 3.600000
 32 3.600000
 33 3.600000
 34 3.600000
 35 2.380000
 36 2.330000
 37 2.360000
 38 2.350000
 39 2.360000
 40 2.420000
 41 2.420000
 42 3.600000
 43 3.570000
 44 3.580000
 45 3.600000
 46 3.600000
 47 3.530000
 48 3.550000
 49 3.520000
 50 3.600000
 51 3.570000
 52 3.510000
 53 3.500000
 54 3.410000
 55 3.430000
 56 3.430000
 57 3.410000
 58 3.420000
 59 3.420000
 60 3.440000
 61 3.470000
 62 3.430000
 63 3.530000
 64 3.430000
 65 3.460000
 66 3.440000
 67 3.570000
 68 3.480000
 69 3.600000
 70 3.460000
 71 3.600000
 72 3.480000
 73 3.600000
 74 3.600000
 75 3.600000
 76 3.620000
 77 3.480000
 78 3.460000
 79 3.600000
 80 3.570000
 81 3.600000
 82 3.470000
 83 3.480000
 84 3.480000
 85 3.600000
 86 3.600000
 87 3.540000
 88 3.520000
 89 3.510000
 90 4.590000
 91 4.750000
 92 4.160000
 93 4.190000
 94 4.780000
 95 4.780000
 96 4.780000
 97 4.780000
 98 4.780000
 99 4.800000
 100 4.780000
 101 4.800000
 102 4.800000
 103 4.800000
 104 4.800000
 105 4.800000
 106 4.830000
 107 4.830000
 108 4.800000
 109 4.820000
 110 4.820000
 111 4.820000
 112 4.850000
 113 4.860000
 114 4.660000
 115 4.850000
 116 4.850000
 117 4.180000
 118 4.200000
 119 4.870000
 120 4.900000
 121 4.900000
 122 4.610000
 123 4.630000
 124 4.660000
 125 4.700000
 126 4.900000
 127 4.920000
 128 4.920000
 129 4.920000
 130 4.950000
 131 4.920000
 132 4.050000
 133 4.030000
 134 4.030000
 135 4.060000
 136 4.070000
 137 4.960000
 138 4.980000
 139 4.990000
 140 5.010000
 141 5.010000
 142 5.010000
 143 5.040000
 144 5.020000
 145 5.050000
 146 5.050000
 147 5.050000
 148 5.080000
 149 5.080000
 150 5.080000
 151 5.100000
 152 5.100000
 153 5.100000
 154 5.100000
 155 5.100000
 156 5.130000
 157 5.150000
 158 5.150000
 159 5.150000
 160 5.150000
 161 5.200000
 162 5.200000
 163 5.200000
 164 5.200000
 165 4.810000
 166 4.670000
 167 4.570000
 168 4.520000
 169 4.500000
 170 4.510000
 171 4.530000
 172 4.520000
 173 4.520000
 174 4.580000
 175 4.630000
 176 2.250000
 177 2.290000
 178 4.130000
 179 4.070000
 180 4.070000
 181 4.100000
 182 4.120000
 183 4.130000
 184 4.030000
 185 3.790000
 186 4.130000
 187 4.170000
 188 3.790000
 189 3.830000
 190 3.840000
 191 3.940000
 192 4.460000
 193 3.720000
 194 3.710000
 195 1.940000
 196 1.950000
 197 1.920000
 198 1.910000
 199 1.940000
 200 1.940000
 201 1.920000
 202 1.910000
 203 1.920000
 204 1.890000
 205 1.890000
 206 1.910000
 207 1.890000
 208 1.900000
 209 1.860000
 210 1.900000
 211 1.900000
 212 1.900000
 213 1.870000
 214 1.860000
 215 1.860000
 216 1.860000
 217 1.850000
 218 1.870000
 219 1.840000
 220 1.820000
 221 1.830000
 222 1.850000
 223 1.800000
 224 1.820000
 225 1.800000
 226 1.810000
 227 1.810000
 228 1.810000
 229 1.800000
 230 1.820000
 231 1.810000
 232 1.790000
 233 1.770000
 234 1.810000
 235 1.770000
 236 1.780000
 237 1.760000
 238 1.790000
 239 1.760000
 240 1.760000
 241 1.760000
 242 1.760000
 243 1.760000
 244 1.750000
 245 1.780000
 246 1.800000
 247 1.800000
 248 1.820000
 249 1.850000
 250 4.370000
 251 4.350000
 252 4.350000
 253 4.320000
 254 4.300000
 255 4.100000
 256 4.060000
 257 4.040000
 258 4.060000
 259 4.270000
 260 4.280000
 261 4.250000
 262 4.250000
 263 4.200000
 264 4.200000
 265 2.280000
 266 2.300000
 267 2.300000
 268 2.270000
 269 2.270000
 270 2.260000
 271 2.240000
 272 2.280000
 273 2.300000
 274 2.320000
 275 2.270000
 276 4.080000
 277 4.070000
 278 4.090000
 279 1.650000
 280 1.640000
 281 1.640000
 282 1.640000
 283 1.610000
 284 1.610000
 285 1.610000
 286 1.610000
 287 1.610000
 288 1.590000
 289 1.610000
 290 1.660000
 291 1.680000
 292 1.660000
 293 3.070000
 294 3.040000
 295 3.040000
 296 3.130000
 297 3.120000
 298 3.100000
 299 2.260000
 300 2.190000
 301 2.160000
 302 2.160000
 303 2.140000
 304 2.160000
 305 2.160000
 306 2.160000
 307 2.150000
 308 2.210000
 309 2.230000
 310 3.010000
 311 3.010000
 312 2.750000
 313 2.710000
 314 2.710000
 315 2.720000
 316 2.710000
 317 2.710000
 318 2.710000
 319 2.780000
 320 2.930000
 321 3.030000
 322 3.010000
 323 2.980000
 324 2.970000
 325 2.970000
 326 3.040000
 327 3.030000
 328 1.590000
 329 1.580000
 330 1.560000
 331 1.560000
 332 1.560000
 333 1.540000
 334 1.540000
 335 1.540000
 336 1.530000
 337 1.540000
 338 1.530000
 339 1.550000
 340 1.580000
 341 1.580000
 342 1.600000
 343 1.570000
 344 2.040000
 345 2.090000
 346 2.090000
 347 2.250000
 348 2.660000
 349 2.660000
 350 2.660000
 351 3.090000
 352 3.120000
 353 3.130000
 354 3.160000
 355 3.190000
 356 3.220000
 357 3.250000
 358 3.150000
 359 3.170000
 360 3.170000
 361 3.190000
 362 6.050000
 363 6.050000
 364 6.050000
 365 6.070000
 366 6.070000
 367 6.090000
 368 6.090000
 369 6.090000
 370 6.090000
 371 6.110000
 372 6.100000
 373 6.120000
 374 6.130000
 375 6.120000
 376 6.120000
 377 6.120000
 378 6.120000
 379 6.150000
 380 6.170000
 381 6.160000
 382 1.980000
 383 1.960000
 384 1.960000
 385 1.980000
 386 1.950000
 387 1.940000
 388 1.970000
 389 1.950000
 390 1.950000
 391 1.930000
 392 1.960000
 393 1.950000
 394 1.940000
 395 1.940000
 396 1.930000
 397 1.920000
 398 1.950000
 399 1.930000
 400 1.930000
 401 1.960000
 402 1.980000
 403 2.040000
 404 2.100000
 405 2.090000
 406 3.660000
 407 3.660000
 408 3.660000
 409 3.690000
 410 3.280000
 411 3.690000
 412 3.660000
 413 3.660000
 414 3.680000
 415 3.680000
 416 3.680000
 417 3.690000
 418 3.640000
 419 3.640000
 420 3.640000
 421 3.640000
 422 3.640000
 423 3.660000
 424 3.640000
 425 3.660000
 426 3.660000
 427 3.690000
 428 3.690000
 429 3.690000
 430 3.690000
 431 3.690000
 432 3.690000
 433 3.710000
 434 3.710000
 435 3.740000
 436 3.710000
 437 3.740000
 438 3.710000
 439 3.750000
 440 3.700000
 441 3.670000
 442 3.610000
 443 3.220000
 444 3.130000
 445 3.170000
 446 3.460000
 447 3.450000
 448 3.400000
 449 3.390000
 450 3.350000
 451 3.300000
 452 3.040000
 453 2.990000
 454 3.000000
 455 2.970000
 456 2.960000
 457 2.930000
 458 2.920000
 459 2.900000
 460 2.890000
 461 3.080000
 462 3.100000
 463 3.100000
 464 3.060000
 465 2.970000
 466 3.010000
 467 3.010000
 468 3.000000
 469 2.970000
 470 2.920000
 471 2.960000
 472 2.960000
 473 2.950000
 474 2.990000
 475 3.010000
 476 2.990000
 477 2.990000
 478 2.890000
 479 2.970000
 480 3.000000
 481 2.620000
 482 2.580000
 483 2.810000
 484 2.580000
 485 2.630000
 486 2.620000
 487 2.530000
 488 2.530000
 489 2.530000
 490 2.480000
 491 2.410000
 492 2.410000
 493 2.330000
 494 2.310000
 495 2.310000
 496 2.260000
 497 2.230000
 498 2.190000
 499 2.160000
 500 2.210000
 501 2.190000
 502 2.140000
 503 2.150000
 504 2.160000
 505 2.050000
 506 2.070000
 507 2.110000
 508 2.060000
 509 2.110000
 510 2.020000
 511 2.030000
 512 2.160000
 513 2.170000
 514 2.060000
 515 2.030000
 516 1.980000
 517 2.020000
 518 2.010000
 519 1.970000
 520 1.950000
 521 1.930000
 522 1.910000
 523 1.880000
 524 1.860000
 525 1.870000
 526 1.880000
 527 1.870000
 528 1.870000
 529 1.850000
 530 1.820000
 531 1.820000
 532 1.820000
 533 1.810000
 534 1.780000
 535 1.810000
 536 1.690000
 537 1.740000
 538 1.770000
 539 1.630000
 540 1.720000
 541 1.630000
 542 1.690000
 543 1.660000
 544 1.680000
 545 1.630000
 546 1.660000
 547 1.610000
 548 1.610000
 549 1.560000
 550 1.610000
 551 1.580000
 552 1.480000
 553 1.450000
 554 1.460000
 555 1.400000
 556 1.500000
 557 1.410000
 558 1.450000
 559 1.440000
 560 1.410000
 561 1.490000
 562 1.490000
 563 1.470000
 564 1.460000
 565 1.440000
 566 1.460000
 567 1.410000
 568 1.330000
 569 1.350000
 570 1.360000
 571 1.330000
 572 1.390000
 573 1.440000
 574 1.310000
 575 1.390000
 576 1.410000
 577 1.410000
 578 1.360000
 579 1.450000
 580 1.410000
 581 1.360000
 582 1.390000
 583 1.400000
 584 1.360000
 585 1.390000
 586 1.400000
 587 1.400000
 588 1.400000
 589 1.400000
 590 1.360000
 591 1.360000
 592 1.340000
 593 1.400000
 594 1.280000
 595 1.260000
 596 1.260000
 597 1.310000
 598 1.260000
 599 1.320000
 600 1.340000
 601 1.240000
 602 1.220000
 603 1.210000
 604 1.270000
 605 1.220000
 606 2.460000
 607 2.490000
 608 2.490000
 609 5.720000
 610 6.510000
 611 6.510000
 612 6.480000
 613 6.480000
 614 6.460000
 615 3.090000
 616 3.080000
 617 3.090000
 618 6.670000
 619 6.710000
 620 6.220000
 621 6.780000
 622 6.750000
 623 6.610000
 624 5.480000
 625 0.840000
 626 0.810000
 627 0.810000
 628 0.820000
 629 0.790000
 630 0.810000
 631 0.820000
 632 0.800000
 633 0.820000
 634 0.820000
 635 0.820000
 636 0.820000
 637 0.810000
 638 0.850000
 639 0.820000
 640 0.850000
 641 0.820000
 642 0.850000
 643 0.850000
 644 0.870000
 645 0.870000
 646 0.850000
 647 0.850000
 648 0.870000
 649 0.870000
 650 0.870000
 651 0.870000
 652 0.870000
 653 0.900000
 654 0.900000
 655 0.900000
 656 0.900000
 657 0.920000
 658 0.920000
 659 0.920000
 660 0.920000
 661 0.950000
 662 0.920000
 663 0.950000
 664 0.950000
 665 0.950000
 666 0.950000
 667 0.950000
 668 0.670000
 669 0.340000
 670 0.200000
 671 0.180000
 672 0.160000
 673 0.190000
 674 0.210000
 675 0.200000
 676 0.180000
 677 0.210000
 678 0.220000
 679 0.210000
 680 0.180000
 681 0.190000
 682 0.190000
 683 0.190000
 684 0.190000
 685 0.190000
 686 0.190000
 687 0.200000
 688 0.170000
 689 0.200000
 690 0.170000
 691 0.200000
 692 0.200000
 693 0.170000
 694 0.170000
 695 0.200000
 696 0.200000
 697 0.170000
 698 0.200000
 699 0.200000
 700 0.200000
 701 0.180000
 702 0.180000
 703 0.200000
 704 0.200000
 705 0.210000
 706 0.210000
 707 0.190000
 708 0.210000
 709 0.210000
 710 0.210000
 711 0.180000
 712 0.190000
 713 0.210000
 714 0.190000
 715 0.190000
 716 0.190000
 717 0.190000
 718 0.190000
 719 0.190000
 720 0.190000
 721 0.190000
 722 0.190000
 723 0.190000
 724 0.190000
 725 0.210000
 726 0.210000
 727 0.190000
 728 0.210000
 729 0.190000
 730 0.210000
 731 0.190000
 732 0.210000
 733 0.210000
 734 0.190000
 735 0.190000
 736 0.190000
 737 0.190000
 738 0.190000
 739 0.190000
 740 0.190000
 741 0.190000
 742 0.190000
 743 0.210000
 744 0.190000
 745 0.210000
 746 0.190000
 747 0.190000
 748 0.210000
 749 0.190000
 750 0.190000
 751 0.190000
 752 0.210000
 753 0.190000
 754 0.210000
 755 0.200000
 756 0.200000
 757 0.190000
 758 0.190000
 759 0.190000
 760 0.210000
 0 2.650000
 1 2.660000
 2 2.660000
 3 2.650000
 4 2.600000
 5 2.600000
 6 2.590000
 7 2.610000
 8 2.580000
 9 2.620000
 10 2.610000
 11 1.800000
 12 1.800000
 13 1.780000
 14 1.790000
 15 1.790000
 16 1.750000
 17 1.800000
 18 1.740000
 19 1.770000
 20 1.760000
 21 1.750000
 22 1.760000
 23 1.790000
 24 1.780000
 25 1.780000
 26 1.770000
 27 1.760000
 28 1.770000
 29 3.460000
 30 3.630000
 31 3.600000
 32 3.600000
 33 3.580000
 34 3.600000
 35 2.380000
 36 2.350000
 37 2.340000
 38 2.330000
 39 2.360000
 40 2.420000
 41 2.420000
 42 3.600000
 43 3.570000
 44 3.580000
 45 3.600000
 46 3.600000
 47 3.550000
 48 3.520000
 49 3.520000
 50 3.600000
 51 3.570000
 52 3.510000
 53 3.500000
 54 3.410000
 55 3.430000
 56 3.430000
 57 3.430000
 58 3.420000
 59 3.390000
 60 3.430000
 61 3.490000
 62 3.430000
 63 3.510000
 64 3.460000
 65 3.460000
 66 3.470000
 67 3.570000
 68 3.480000
 69 3.580000
 70 3.600000
 71 3.580000
 72 3.480000
 73 3.630000
 74 3.600000
 75 3.570000
 76 3.620000
 77 3.470000
 78 3.480000
 79 3.600000
 80 3.570000
 81 3.600000
 82 3.470000
 83 3.460000
 84 3.480000
 85 3.600000
 86 3.570000
 87 3.540000
 88 3.520000
 89 3.510000
 90 4.590000
 91 4.770000
 92 4.160000
 93 4.190000
 94 4.780000
 95 4.750000
 96 4.780000
 97 4.780000
 98 4.780000
 99 4.800000
 100 4.800000
 101 4.780000
 102 4.800000
 103 4.800000
 104 4.800000
 105 4.830000
 106 4.830000
 107 4.830000
 108 4.830000
 109 4.820000
 110 4.850000
 111 4.850000
 112 4.850000
 113 4.830000
 114 4.660000
 115 4.850000
 116 4.850000
 117 4.210000
 118 4.200000
 119 4.870000
 120 4.870000
 121 4.870000
 122 4.620000
 123 4.630000
 124 4.660000
 125 4.700000
 126 4.900000
 127 4.920000
 128 4.920000
 129 4.920000
 130 4.920000
 131 4.950000
 132 4.050000
 133 4.030000
 134 4.060000
 135 4.060000
 136 4.070000
 137 4.960000
 138 4.980000
 139 4.990000
 140 4.980000
 141 5.010000
 142 5.010000
 143 5.010000
 144 5.020000
 145 5.020000
 146 5.050000
 147 5.050000
 148 5.050000
 149 5.080000
 150 5.080000
 151 5.100000
 152 5.100000
 153 5.100000
 154 5.130000
 155 5.130000
 156 5.130000
 157 5.150000
 158 5.150000
 159 5.150000
 160 5.170000
 161 5.170000
 162 5.200000
 163 5.200000
 164 5.200000
 165 4.810000
 166 4.670000
 167 4.590000
 168 4.520000
 169 4.520000
 170 4.520000
 171 4.530000
 172 4.530000
 173 4.550000
 174 4.580000
 175 4.640000
 176 2.240000
 177 2.290000
 178 4.110000
 179 4.090000
 180 4.080000
 181 4.100000
 182 4.130000
 183 4.120000
 184 4.050000
 185 3.790000
 186 4.130000
 187 4.190000
 188 3.820000
 189 3.800000
 190 3.880000
 191 3.940000
 192 4.450000
 193 3.690000
 194 3.710000
 195 1.940000
 196 1.940000
 197 1.950000
 198 1.910000
 199 1.910000
 200 1.940000
 201 1.920000
 202 1.910000
 203 1.920000
 204 1.910000
 205 1.900000
 206 1.910000
 207 1.890000
 208 1.920000
 209 1.890000
 210 1.900000
 211 1.870000
 212 1.870000
 213 1.900000
 214 1.860000
 215 1.860000
 216 1.860000
 217 1.850000
 218 1.850000
 219 1.840000
 220 1.820000
 221 1.800000
 222 1.820000
 223 1.840000
 224 1.820000
 225 1.830000
 226 1.780000
 227 1.810000
 228 1.810000
 229 1.800000
 230 1.800000
 231 1.810000
 232 1.790000
 233 1.790000
 234 1.790000
 235 1.800000
 236 1.780000
 237 1.790000
 238 1.760000
 239 1.790000
 240 1.760000
 241 1.760000
 242 1.760000
 243 1.760000
 244 1.770000
 245 1.780000
 246 1.780000
 247 1.800000
 248 1.800000
 249 1.830000
 250 4.370000
 251 4.370000
 252 4.350000
 253 4.330000
 254 4.350000
 255 4.130000
 256 4.040000
 257 4.040000
 258 4.060000
 259 4.270000
 260 4.250000
 261 4.250000
 262 4.250000
 263 4.230000
 264 4.220000
 265 2.310000
 266 2.270000
 267 2.300000
 268 2.270000
 269 2.270000
 270 2.270000
 271 2.260000
 272 2.250000
 273 2.300000
 274 2.320000
 275 2.330000
 276 4.080000
 277 4.100000
 278 4.090000
 279 1.630000
 280 1.640000
 281 1.640000
 282 1.610000
 283 1.610000
 284 1.610000
 285 1.610000
 286 1.590000
 287 1.610000
 288 1.610000
 289 1.630000
 290 1.660000
 291 1.660000
 292 1.680000
 293 3.070000
 294 3.040000
 295 3.070000
 296 3.110000
 297 3.110000
 298 3.070000
 299 2.300000
 300 2.160000
 301 2.160000
 302 2.160000
 303 2.160000
 304 2.160000
 305 2.160000
 306 2.160000
 307 2.150000
 308 2.180000
 309 2.260000
 310 2.980000
 311 2.970000
 312 2.750000
 313 2.710000
 314 2.710000
 315 2.720000
 316 2.710000
 317 2.710000
 318 2.740000
 319 2.760000
 320 2.930000
 321 3.030000
 322 3.010000
 323 3.010000
 324 2.970000
 325 2.970000
 326 3.020000
 327 3.030000
 328 1.590000
 329 1.550000
 330 1.560000
 331 1.560000
 332 1.560000
 333 1.560000
 334 1.540000
 335 1.540000
 336 1.530000
 337 1.540000
 338 1.540000
 339 1.520000
 340 1.580000
 341 1.580000
 342 1.570000
 343 1.600000
 344 1.960000
 345 2.110000
 346 2.110000
 347 2.250000
 348 2.660000
 349 2.660000
 350 2.660000
 351 3.110000
 352 3.130000
 353 3.120000
 354 3.180000
 355 3.190000
 356 3.190000
 357 3.240000
 358 3.150000
 359 3.170000
 360 3.170000
 361 3.210000
 362 6.030000
 363 6.080000
 364 6.050000
 365 6.050000
 366 6.070000
 367 6.090000
 368 6.060000
 369 6.090000
 370 6.090000
 371 6.090000
 372 6.120000
 373 6.120000
 374 6.100000
 375 6.130000
 376 6.120000
 377 6.130000
 378 6.120000
 379 6.150000
 380 6.150000
 381 6.160000
 382 1.980000
 383 1.960000
 384 1.980000
 385 1.980000
 386 1.980000
 387 1.970000
 388 1.960000
 389 1.950000
 390 1.930000
 391 1.960000
 392 1.960000
 393 1.930000
 394 1.930000
 395 1.940000
 396 1.930000
 397 1.920000
 398 1.910000
 399 1.930000
 400 1.930000
 401 1.980000
 402 1.980000
 403 2.030000
 404 2.100000
 405 2.090000
 406 3.660000
 407 3.660000
 408 3.640000
 409 3.660000
 410 3.280000
 411 3.660000
 412 3.660000
 413 3.690000
 414 3.650000
 415 3.680000
 416 3.680000
 417 3.690000
 418 3.640000
 419 3.640000
 420 3.640000
 421 3.640000
 422 3.640000
 423 3.640000
 424 3.640000
 425 3.660000
 426 3.660000
 427 3.660000
 428 3.660000
 429 3.690000
 430 3.690000
 431 3.690000
 432 3.710000
 433 3.710000
 434 3.690000
 435 3.740000
 436 3.740000
 437 3.740000
 438 3.740000
 439 3.730000
 440 3.700000
 441 3.670000
 442 3.630000
 443 3.200000
 444 3.170000
 445 3.170000
 446 3.490000
 447 3.430000
 448 3.400000
 449 3.390000
 450 3.350000
 451 3.300000
 452 3.050000
 453 2.990000
 454 2.980000
 455 2.970000
 456 2.960000
 457 2.930000
 458 2.920000
 459 2.880000
 460 2.890000
 461 3.080000
 462 3.070000
 463 3.100000
 464 3.090000
 465 2.980000
 466 3.010000
 467 3.030000
 468 3.000000
 469 2.970000
 470 2.940000
 471 2.960000
 472 2.960000
 473 2.930000
 474 2.990000
 475 3.010000
 476 2.990000
 477 3.020000
 478 2.880000
 479 2.940000
 480 3.010000
 481 2.600000
 482 2.580000
 483 2.810000
 484 2.560000
 485 2.660000
 486 2.620000
 487 2.560000
 488 2.510000
 489 2.530000
 490 2.510000
 491 2.380000
 492 2.430000
 493 2.330000
 494 2.320000
 495 2.280000
 496 2.210000
 497 2.230000
 498 2.190000
 499 2.160000
 500 2.230000
 501 2.170000
 502 2.170000
 503 2.140000
 504 2.160000
 505 2.070000
 506 2.050000
 507 2.130000
 508 2.080000
 509 2.110000
 510 2.020000
 511 2.030000
 512 2.160000
 513 2.150000
 514 2.060000
 515 2.030000
 516 1.980000
 517 2.030000
 518 2.020000
 519 1.970000
 520 1.930000
 521 1.930000
 522 1.900000
 523 1.900000
 524 1.860000
 525 1.890000
 526 1.880000
 527 1.880000
 528 1.840000
 529 1.850000
 530 1.820000
 531 1.820000
 532 1.820000
 533 1.820000
 534 1.810000
 535 1.810000
 536 1.700000
 537 1.740000
 538 1.760000
 539 1.770000
 540 1.750000
 541 1.630000
 542 1.690000
 543 1.660000
 544 1.710000
 545 1.660000
 546 1.660000
 547 1.630000
 548 1.610000
 549 1.580000
 550 1.610000
 551 1.540000
 552 1.480000
 553 1.480000
 554 1.460000
 555 1.460000
 556 1.520000
 557 1.430000
 558 1.460000
 559 1.430000
 560 1.380000
 561 1.500000
 562 1.490000
 563 1.470000
 564 1.460000
 565 1.460000
 566 1.470000
 567 1.450000
 568 1.360000
 569 1.350000
 570 1.360000
 571 1.310000
 572 1.390000
 573 1.410000
 574 1.310000
 575 1.390000
 576 1.390000
 577 1.410000
 578 1.390000
 579 1.420000
 580 1.410000
 581 1.360000
 582 1.390000
 583 1.400000
 584 1.340000
 585 1.360000
 586 1.400000
 587 1.390000
 588 1.400000
 589 1.420000
 590 1.360000
 591 1.360000
 592 1.340000
 593 1.360000
 594 1.280000
 595 1.260000
 596 1.260000
 597 1.310000
 598 1.260000
 599 1.320000
 600 1.320000
 601 1.260000
 602 1.220000
 603 1.230000
 604 1.290000
 605 1.220000
 606 2.490000
 607 2.490000
 608 2.490000
 609 5.690000
 610 6.510000
 611 6.490000
 612 6.510000
 613 6.500000
 614 6.450000
 615 3.090000
 616 3.080000
 617 3.090000
 618 6.640000
 619 6.710000
 620 6.190000
 621 6.760000
 622 6.750000
 623 6.640000
 624 5.460000
 625 0.820000
 626 0.810000
 627 0.770000
 628 0.810000
 629 0.770000
 630 0.800000
 631 0.790000
 632 0.800000
 633 0.790000
 634 0.810000
 635 0.810000
 636 0.820000
 637 0.820000
 638 0.850000
 639 0.850000
 640 0.840000
 641 0.820000
 642 0.850000
 643 0.850000
 644 0.870000
 645 0.870000
 646 0.870000
 647 0.870000
 648 0.870000
 649 0.870000
 650 0.900000
 651 0.900000
 652 0.870000
 653 0.900000
 654 0.900000
 655 0.920000
 656 0.920000
 657 0.920000
 658 0.920000
 659 0.920000
 660 0.920000
 661 0.920000
 662 0.950000
 663 0.950000
 664 0.950000
 665 0.950000
 666 0.950000
 667 0.950000
 668 0.480000
 669 0.400000
 670 0.260000
 671 0.180000
 672 0.180000
 673 0.190000
 674 0.180000
 675 0.190000
 676 0.180000
 677 0.220000
 678 0.200000
 679 0.190000
 680 0.180000
 681 0.190000
 682 0.190000
 683 0.190000
 684 0.190000
 685 0.190000
 686 0.190000
 687 0.200000
 688 0.200000
 689 0.200000
 690 0.170000
 691 0.200000
 692 0.170000
 693 0.200000
 694 0.200000
 695 0.200000
 696 0.200000
 697 0.200000
 698 0.200000
 699 0.200000
 700 0.200000
 701 0.200000
 702 0.180000
 703 0.210000
 704 0.190000
 705 0.190000
 706 0.210000
 707 0.190000
 708 0.210000
 709 0.210000
 710 0.190000
 711 0.210000
 712 0.210000
 713 0.190000
 714 0.190000
 715 0.190000
 716 0.190000
 717 0.190000
 718 0.190000
 719 0.190000
 720 0.190000
 721 0.190000
 722 0.190000
 723 0.190000
 724 0.210000
 725 0.190000
 726 0.210000
 727 0.190000
 728 0.190000
 729 0.210000
 730 0.210000
 731 0.190000
 732 0.190000
 733 0.190000
 734 0.190000
 735 0.190000
 736 0.190000
 737 0.210000
 738 0.190000
 739 0.210000
 740 0.210000
 741 0.190000
 742 0.190000
 743 0.210000
 744 0.190000
 745 0.190000
 746 0.210000
 747 0.190000
 748 0.210000
 749 0.210000
 750 0.190000
 751 0.210000
 752 0.210000
 753 0.190000
 754 0.190000
 755 0.200000
 756 0.200000
 757 0.190000
 758 0.190000
 759 0.190000
 760 0.190000
 0 2.680000
 1 2.660000
 2 2.660000
 3 2.640000
 4 2.630000
 5 2.590000
 6 2.610000
 7 2.580000
 8 2.600000
 9 2.620000
 10 2.610000
 11 1.770000
 12 1.770000
 13 1.780000
 14 1.760000
 15 1.790000
 16 1.750000
 17 1.770000
 18 1.760000
 19 1.750000
 20 1.740000
 21 1.750000
 22 1.760000
 23 1.770000
 24 1.780000
 25 1.780000
 26 1.800000
 27 1.780000
 28 1.800000
 29 3.480000
 30 3.600000
 31 3.580000
 32 3.600000
 33 3.600000
 34 3.590000
 35 2.380000
 36 2.330000
 37 2.340000
 38 2.350000
 39 2.360000
 40 2.390000
 41 2.420000
 42 3.600000
 43 3.570000
 44 3.600000
 45 3.600000
 46 3.600000
 47 3.550000
 48 3.540000
 49 3.510000
 50 3.590000
 51 3.540000
 52 3.510000
 53 3.500000
 54 3.400000
 55 3.460000
 56 3.400000
 57 3.450000
 58 3.420000
 59 3.440000
 60 3.460000
 61 3.490000
 62 3.400000
 63 3.530000
 64 3.430000
 65 3.450000
 66 3.440000
 67 3.570000
 68 3.480000
 69 3.580000
 70 3.450000
 71 3.600000
 72 3.480000
 73 3.600000
 74 3.600000
 75 3.600000
 76 3.620000
 77 3.470000
 78 3.450000
 79 3.630000
 80 3.570000
 81 3.600000
 82 3.450000
 83 3.480000
 84 3.480000
 85 3.600000
 86 3.560000
 87 3.540000
 88 3.500000
 89 3.530000
 90 4.620000
 91 4.750000
 92 4.100000
 93 4.190000
 94 4.780000
 95 4.780000
 96 4.780000
 97 4.780000
 98 4.780000
 99 4.780000
 100 4.780000
 101 4.800000
 102 4.800000
 103 4.800000
 104 4.800000
 105 4.800000
 106 4.830000
 107 4.800000
 108 4.830000
 109 4.830000
 110 4.820000
 111 4.850000
 112 4.850000
 113 4.830000
 114 4.680000
 115 4.850000
 116 4.870000
 117 4.180000
 118 4.200000
 119 4.870000
 120 4.870000
 121 4.860000
 122 4.620000
 123 4.620000
 124 4.680000
 125 4.700000
 126 4.900000
 127 4.920000
 128 4.920000
 129 4.950000
 130 4.920000
 131 4.950000
 132 4.050000
 133 4.030000
 134 4.030000
 135 4.030000
 136 4.070000
 137 4.990000
 138 4.990000
 139 5.010000
 140 4.990000
 141 5.010000
 142 5.010000
 143 5.020000
 144 5.020000
 145 5.020000
 146 5.050000
 147 5.050000
 148 5.050000
 149 5.080000
 150 5.080000
 151 5.080000
 152 5.100000
 153 5.130000
 154 5.130000
 155 5.130000
 156 5.130000
 157 5.150000
 158 5.150000
 159 5.150000
 160 5.170000
 161 5.170000
 162 5.200000
 163 5.200000
 164 5.200000
 165 4.800000
 166 4.650000
 167 4.570000
 168 4.520000
 169 4.520000
 170 4.500000
 171 4.530000
 172 4.530000
 173 4.550000
 174 4.580000
 175 4.630000
 176 2.240000
 177 2.270000
 178 4.110000
 179 4.090000
 180 4.080000
 181 4.080000
 182 4.100000
 183 4.130000
 184 4.000000
 185 3.770000
 186 4.130000
 187 4.170000
 188 3.790000
 189 3.830000
 190 3.840000
 191 3.940000
 192 4.460000
 193 3.720000
 194 3.700000
 195 1.940000
 196 1.940000
 197 1.940000
 198 1.910000
 199 1.910000
 200 1.910000
 201 1.920000
 202 1.920000
 203 1.890000
 204 1.910000
 205 1.890000
 206 1.910000
 207 1.890000
 208 1.890000
 209 1.890000
 210 1.890000
 211 1.890000
 212 1.870000
 213 1.870000
 214 1.860000
 215 1.860000
 216 1.840000
 217 1.880000
 218 1.870000
 219 1.870000
 220 1.850000
 221 1.830000
 222 1.810000
 223 1.820000
 224 1.810000
 225 1.800000
 226 1.800000
 227 1.780000
 228 1.800000
 229 1.800000
 230 1.790000
 231 1.810000
 232 1.810000
 233 1.790000
 234 1.810000
 235 1.810000
 236 1.780000
 237 1.790000
 238 1.790000
 239 1.790000
 240 1.790000
 241 1.790000
 242 1.760000
 243 1.760000
 244 1.750000
 245 1.780000
 246 1.780000
 247 1.780000
 248 1.820000
 249 1.830000
 250 4.370000
 251 4.350000
 252 4.350000
 253 4.350000
 254 4.350000
 255 4.130000
 256 4.060000
 257 4.010000
 258 4.090000
 259 4.270000
 260 4.250000
 261 4.250000
 262 4.250000
 263 4.230000
 264 4.220000
 265 2.280000
 266 2.290000
 267 2.290000
 268 2.290000
 269 2.270000
 270 2.270000
 271 2.260000
 272 2.280000
 273 2.300000
 274 2.320000
 275 2.350000
 276 4.100000
 277 4.100000
 278 4.090000
 279 1.650000
 280 1.640000
 281 1.640000
 282 1.640000
 283 1.610000
 284 1.610000
 285 1.610000
 286 1.610000
 287 1.610000
 288 1.610000
 289 1.630000
 290 1.630000
 291 1.660000
 292 1.680000
 293 3.070000
 294 3.040000
 295 3.040000
 296 3.110000
 297 3.110000
 298 3.100000
 299 2.290000
 300 2.160000
 301 2.160000
 302 2.190000
 303 2.160000
 304 2.160000
 305 2.160000
 306 2.160000
 307 2.150000
 308 2.180000
 309 2.230000
 310 2.980000
 311 2.970000
 312 2.750000
 313 2.710000
 314 2.710000
 315 2.710000
 316 2.710000
 317 2.690000
 318 2.710000
 319 2.750000
 320 2.900000
 321 2.960000
 322 3.000000
 323 2.980000
 324 3.000000
 325 2.990000
 326 3.020000
 327 3.030000
 328 1.590000
 329 1.580000
 330 1.560000
 331 1.590000
 332 1.540000
 333 1.560000
 334 1.560000
 335 1.540000
 336 1.550000
 337 1.540000
 338 1.540000
 339 1.520000
 340 1.580000
 341 1.580000
 342 1.570000
 343 1.600000
 344 2.010000
 345 2.090000
 346 2.090000
 347 2.260000
 348 2.660000
 349 2.660000
 350 2.660000
 351 3.080000
 352 3.120000
 353 3.120000
 354 3.160000
 355 3.190000
 356 3.190000
 357 3.220000
 358 3.150000
 359 3.170000
 360 3.170000
 361 3.190000
 362 6.050000
 363 6.050000
 364 6.080000
 365 6.070000
 366 6.070000
 367 6.090000
 368 6.060000
 369 6.090000
 370 6.090000
 371 6.100000
 372 6.120000
 373 6.100000
 374 6.100000
 375 6.120000
 376 6.120000
 377 6.120000
 378 6.120000
 379 6.150000
 380 6.170000
 381 6.160000
 382 1.950000
 383 1.960000
 384 2.000000
 385 1.970000
 386 1.980000
 387 1.940000
 388 1.960000
 389 1.970000
 390 1.940000
 391 1.960000
 392 1.930000
 393 1.930000
 394 1.930000
 395 1.930000
 396 1.920000
 397 1.920000
 398 1.920000
 399 1.950000
 400 1.950000
 401 1.950000
 402 1.980000
 403 2.010000
 404 2.100000
 405 2.090000
 406 3.660000
 407 3.660000
 408 3.660000
 409 3.660000
 410 3.250000
 411 3.660000
 412 3.690000
 413 3.660000
 414 3.650000
 415 3.650000
 416 3.680000
 417 3.690000
 418 3.610000
 419 3.640000
 420 3.640000
 421 3.640000
 422 3.640000
 423 3.640000
 424 3.660000
 425 3.660000
 426 3.660000
 427 3.660000
 428 3.660000
 429 3.660000
 430 3.690000
 431 3.690000
 432 3.710000
 433 3.710000
 434 3.710000
 435 3.710000
 436 3.710000
 437 3.710000
 438 3.740000
 439 3.730000
 440 3.700000
 441 3.670000
 442 3.630000
 443 3.200000
 444 3.160000
 445 3.170000
 446 3.460000
 447 3.430000
 448 3.400000
 449 3.360000
 450 3.350000
 451 3.300000
 452 3.050000
 453 2.990000
 454 2.970000
 455 2.970000
 456 2.960000
 457 2.930000
 458 2.910000
 459 2.910000
 460 2.890000
 461 3.110000
 462 3.100000
 463 3.100000
 464 3.060000
 465 2.970000
 466 3.030000
 467 3.030000
 468 2.980000
 469 2.990000
 470 2.940000
 471 2.930000
 472 2.950000
 473 2.950000
 474 2.970000
 475 3.020000
 476 3.020000
 477 3.020000
 478 2.870000
 479 2.930000
 480 2.980000
 481 2.620000
 482 2.580000
 483 2.950000
 484 2.700000
 485 2.530000
 486 2.500000
 487 2.530000
 488 2.530000
 489 2.530000
 490 2.530000
 491 2.400000
 492 2.430000
 493 2.330000
 494 2.320000
 495 2.280000
 496 2.230000
 497 2.220000
 498 2.220000
 499 2.180000
 500 2.230000
 501 2.200000
 502 2.170000
 503 2.140000
 504 2.180000
 505 2.070000
 506 2.100000
 507 2.100000
 508 2.080000
 509 2.100000
 510 2.050000
 511 2.030000
 512 2.160000
 513 2.150000
 514 2.220000
 515 2.030000
 516 2.090000
 517 2.030000
 518 2.020000
 519 1.970000
 520 1.950000
 521 1.900000
 522 1.880000
 523 1.900000
 524 1.880000
 525 1.880000
 526 1.880000
 527 1.880000
 528 1.840000
 529 1.840000
 530 1.820000
 531 1.820000
 532 1.800000
 533 1.810000
 534 1.780000
 535 1.810000
 536 1.670000
 537 1.740000
 538 1.760000
 539 1.750000
 540 1.750000
 541 1.770000
 542 1.690000
 543 1.680000
 544 1.680000
 545 1.660000
 546 1.680000
 547 1.630000
 548 1.580000
 549 1.580000
 550 1.610000
 551 1.450000
 552 1.480000
 553 1.480000
 554 1.450000
 555 1.430000
 556 1.520000
 557 1.400000
 558 1.440000
 559 1.450000
 560 1.380000
 561 1.520000
 562 1.460000
 563 1.490000
 564 1.460000
 565 1.440000
 566 1.440000
 567 1.440000
 568 1.330000
 569 1.360000
 570 1.340000
 571 1.300000
 572 1.410000
 573 1.410000
 574 1.300000
 575 1.410000
 576 1.390000
 577 1.390000
 578 1.360000
 579 1.420000
 580 1.390000
 581 1.360000
 582 1.360000
 583 1.400000
 584 1.360000
 585 1.360000
 586 1.400000
 587 1.400000
 588 1.400000
 589 1.420000
 590 1.360000
 591 1.360000
 592 1.340000
 593 1.390000
 594 1.280000
 595 1.250000
 596 1.250000
 597 1.310000
 598 1.250000
 599 1.350000
 600 1.290000
 601 1.260000
 602 1.210000
 603 1.230000
 604 1.300000
 605 1.220000
 606 2.460000
 607 2.490000
 608 2.490000
 609 5.690000
 610 6.500000
 611 6.500000
 612 6.480000
 613 6.450000
 614 6.450000
 615 3.060000
 616 3.080000
 617 3.110000
 618 6.670000
 619 6.740000
 620 6.270000
 621 6.760000
 622 6.770000
 623 6.630000
 624 5.460000
 625 0.820000
 626 0.800000
 627 0.810000
 628 0.800000
 629 0.800000
 630 0.800000
 631 0.790000
 632 0.810000
 633 0.810000
 634 0.820000
 635 0.810000
 636 0.820000
 637 0.820000
 638 0.820000
 639 0.820000
 640 0.850000
 641 0.850000
 642 0.850000
 643 0.850000
 644 0.850000
 645 0.850000
 646 0.870000
 647 0.870000
 648 0.870000
 649 0.860000
 650 0.870000
 651 0.900000
 652 0.900000
 653 0.870000
 654 0.900000
 655 0.900000
 656 0.920000
 657 0.900000
 658 0.920000
 659 0.920000
 660 0.950000
 661 0.950000
 662 0.950000
 663 0.950000
 664 0.950000
 665 0.970000
 666 0.950000
 667 0.970000
 668 0.500000
 669 0.450000
 670 0.200000
 671 0.200000
 672 0.180000
 673 0.170000
 674 0.210000
 675 0.190000
 676 0.180000
 677 0.190000
 678 0.190000
 679 0.210000
 680 0.200000
 681 0.190000
 682 0.190000
 683 0.190000
 684 0.190000
 685 0.190000
 686 0.190000
 687 0.170000
 688 0.190000
 689 0.190000
 690 0.190000
 691 0.190000
 692 0.190000
 693 0.190000
 694 0.190000
 695 0.190000
 696 0.170000
 697 0.190000
 698 0.190000
 699 0.200000
 700 0.180000
 701 0.200000
 702 0.200000
 703 0.200000
 704 0.180000
 705 0.180000
 706 0.210000
 707 0.210000
 708 0.210000
 709 0.210000
 710 0.200000
 711 0.180000
 712 0.210000
 713 0.180000
 714 0.180000
 715 0.210000
 716 0.180000
 717 0.180000
 718 0.210000
 719 0.210000
 720 0.210000
 721 0.210000
 722 0.210000
 723 0.180000
 724 0.180000
 725 0.210000
 726 0.180000
 727 0.180000
 728 0.180000
 729 0.210000
 730 0.210000
 731 0.210000
 732 0.180000
 733 0.180000
 734 0.210000
 735 0.210000
 736 0.210000
 737 0.210000
 738 0.180000
 739 0.210000
 740 0.210000
 741 0.210000
 742 0.180000
 743 0.210000
 744 0.210000
 745 0.210000
 746 0.210000
 747 0.180000
 748 0.180000
 749 0.180000
 750 0.180000
 751 0.210000
 752 0.180000
 753 0.210000
 754 0.180000
 755 0.200000
 756 0.190000
 757 0.190000
 758 0.190000
 759 0.180000
 760 0.190000
 0 2.680000
 1 2.660000
 2 2.660000
 3 2.640000
 4 2.630000
 5 2.590000
 6 2.610000
 7 2.610000
 8 2.610000
 9 2.620000
 10 2.630000
 11 1.800000
 12 1.800000
 13 1.780000
 14 1.790000
 15 1.790000
 16 1.780000
 17 1.770000
 18 1.740000
 19 1.750000
 20 1.740000
 21 1.730000
 22 1.760000
 23 1.770000
 24 1.780000
 25 1.780000
 26 1.770000
 27 1.780000
 28 1.770000
 29 3.500000
 30 3.600000
 31 3.600000
 32 3.600000
 33 3.580000
 34 3.590000
 35 2.380000
 36 2.350000
 37 2.360000
 38 2.330000
 39 2.360000
 40 2.390000
 41 2.450000
 42 3.590000
 43 3.570000
 44 3.580000
 45 3.630000
 46 3.600000
 47 3.550000
 48 3.540000
 49 3.520000
 50 3.590000
 51 3.570000
 52 3.510000
 53 3.500000
 54 3.430000
 55 3.480000
 56 3.430000
 57 3.430000
 58 3.420000
 59 3.440000
 60 3.430000
 61 3.400000
 62 3.430000
 63 3.520000
 64 3.450000
 65 3.450000
 66 3.470000
 67 3.570000
 68 3.480000
 69 3.600000
 70 3.600000
 71 3.600000
 72 3.450000
 73 3.600000
 74 3.600000
 75 3.570000
 76 3.620000
 77 3.500000
 78 3.480000
 79 3.600000
 80 3.570000
 81 3.570000
 82 3.470000
 83 3.450000
 84 3.480000
 85 3.600000
 86 3.560000
 87 3.510000
 88 3.520000
 89 3.530000
 90 4.570000
 91 4.750000
 92 4.130000
 93 4.190000
 94 4.780000
 95 4.780000
 96 4.780000
 97 4.780000
 98 4.780000
 99 4.800000
 100 4.800000
 101 4.800000
 102 4.800000
 103 4.800000
 104 4.830000
 105 4.800000
 106 4.800000
 107 4.830000
 108 4.830000
 109 4.820000
 110 4.850000
 111 4.820000
 112 4.820000
 113 4.830000
 114 4.660000
 115 4.870000
 116 4.870000
 117 4.180000
 118 4.200000
 119 4.870000
 120 4.870000
 121 4.870000
 122 4.610000
 123 4.630000
 124 4.660000
 125 4.700000
 126 4.900000
 127 4.920000
 128 4.920000
 129 4.920000
 130 4.920000
 131 4.950000
 132 4.050000
 133 4.030000
 134 4.030000
 135 4.030000
 136 4.070000
 137 4.980000
 138 5.010000
 139 5.010000
 140 5.010000
 141 5.010000
 142 5.010000
 143 5.010000
 144 5.050000
 145 5.050000
 146 5.050000
 147 5.050000
 148 5.050000
 149 5.080000
 150 5.080000
 151 5.100000
 152 5.100000
 153 5.100000
 154 5.130000
 155 5.130000
 156 5.120000
 157 5.130000
 158 5.150000
 159 5.150000
 160 5.170000
 161 5.170000
 162 5.170000
 163 5.200000
 164 5.200000
 165 4.810000
 166 4.640000
 167 4.570000
 168 4.520000
 169 4.500000
 170 4.520000
 171 4.530000
 172 4.530000
 173 4.520000
 174 4.560000
 175 4.630000
 176 2.240000
 177 2.270000
 178 4.090000
 179 4.050000
 180 4.100000
 181 4.100000
 182 4.100000
 183 4.090000
 184 4.030000
 185 3.790000
 186 4.130000
 187 4.170000
 188 3.790000
 189 3.800000
 190 3.830000
 191 3.970000
 192 4.450000
 193 3.660000
 194 3.700000
 195 1.940000
 196 1.940000
 197 1.920000
 198 1.940000
 199 1.940000
 200 1.910000
 201 1.920000
 202 1.910000
 203 1.920000
 204 1.910000
 205 1.890000
 206 1.890000
 207 1.910000
 208 1.890000
 209 1.890000
 210 1.890000
 211 1.890000
 212 1.870000
 213 1.890000
 214 1.860000
 215 1.860000
 216 1.860000
 217 1.850000
 218 1.850000
 219 1.840000
 220 1.810000
 221 1.840000
 222 1.820000
 223 1.810000
 224 1.800000
 225 1.810000
 226 1.800000
 227 1.800000
 228 1.800000
 229 1.800000
 230 1.830000
 231 1.810000
 232 1.810000
 233 1.790000
 234 1.780000
 235 1.800000
 236 1.780000
 237 1.790000
 238 1.760000
 239 1.790000
 240 1.790000
 241 1.760000
 242 1.760000
 243 1.740000
 244 1.770000
 245 1.780000
 246 1.780000
 247 1.800000
 248 1.820000
 249 1.820000
 250 4.370000
 251 4.380000
 252 4.350000
 253 4.350000
 254 4.330000
 255 4.130000
 256 4.040000
 257 4.040000
 258 4.060000
 259 4.270000
 260 4.280000
 261 4.250000
 262 4.230000
 263 4.230000
 264 4.220000
 265 2.310000
 266 2.270000
 267 2.290000
 268 2.270000
 269 2.270000
 270 2.270000
 271 2.240000
 272 2.280000
 273 2.300000
 274 2.320000
 275 2.330000
 276 4.080000
 277 4.100000
 278 4.060000
 279 1.650000
 280 1.640000
 281 1.610000
 282 1.640000
 283 1.610000
 284 1.610000
 285 1.610000
 286 1.610000
 287 1.610000
 288 1.610000
 289 1.640000
 290 1.630000
 291 1.660000
 292 1.680000
 293 3.070000
 294 3.040000
 295 3.070000
 296 3.110000
 297 3.120000
 298 3.100000
 299 2.290000
 300 2.160000
 301 2.190000
 302 2.160000
 303 2.160000
 304 2.140000
 305 2.160000
 306 2.160000
 307 2.150000
 308 2.180000
 309 2.260000
 310 3.000000
 311 3.000000
 312 2.750000
 313 2.710000
 314 2.710000
 315 2.710000
 316 2.710000
 317 2.710000
 318 2.710000
 319 2.780000
 320 2.900000
 321 2.960000
 322 2.980000
 323 2.980000
 324 2.940000
 325 2.970000
 326 3.040000
 327 3.020000
 328 1.590000
 329 1.550000
 330 1.560000
 331 1.560000
 332 1.560000
 333 1.540000
 334 1.560000
 335 1.560000
 336 1.530000
 337 1.540000
 338 1.530000
 339 1.550000
 340 1.550000
 341 1.550000
 342 1.570000
 343 1.600000
 344 2.010000
 345 2.090000
 346 2.110000
 347 2.250000
 348 2.660000
 349 2.660000
 350 2.660000
 351 3.110000
 352 3.140000
 353 3.150000
 354 3.160000
 355 3.190000
 356 3.220000
 357 3.240000
 358 3.150000
 359 3.150000
 360 3.170000
 361 3.160000
 362 6.050000
 363 6.050000
 364 6.050000
 365 6.050000
 366 6.070000
 367 6.090000
 368 6.100000
 369 6.090000
 370 6.090000
 371 6.100000
 372 6.100000
 373 6.120000
 374 6.100000
 375 6.120000
 376 6.100000
 377 6.130000
 378 6.150000
 379 6.150000
 380 6.150000
 381 6.160000
 382 1.950000
 383 1.980000
 384 1.980000
 385 1.980000
 386 1.960000
 387 1.940000
 388 1.930000
 389 1.970000
 390 1.950000
 391 1.960000
 392 1.930000
 393 1.930000
 394 1.960000
 395 1.930000
 396 1.920000
 397 1.920000
 398 1.920000
 399 1.920000
 400 1.950000
 401 1.930000
 402 1.980000
 403 2.050000
 404 2.110000
 405 2.090000
 406 3.660000
 407 3.660000
 408 3.660000
 409 3.660000
 410 3.280000
 411 3.690000
 412 3.660000
 413 3.660000
 414 3.680000
 415 3.650000
 416 3.680000
 417 3.660000
 418 3.640000
 419 3.640000
 420 3.610000
 421 3.640000
 422 3.640000
 423 3.660000
 424 3.640000
 425 3.660000
 426 3.660000
 427 3.660000
 428 3.690000
 429 3.660000
 430 3.690000
 431 3.690000
 432 3.710000
 433 3.710000
 434 3.710000
 435 3.710000
 436 3.740000
 437 3.710000
 438 3.740000
 439 3.730000
 440 3.720000
 441 3.670000
 442 3.630000
 443 3.220000
 444 3.130000
 445 3.190000
 446 3.460000
 447 3.450000
 448 3.430000
 449 3.410000
 450 3.320000
 451 3.300000
 452 3.040000
 453 2.990000
 454 2.970000
 455 2.970000
 456 2.960000
 457 2.910000
 458 2.930000
 459 2.880000
 460 2.890000
 461 3.080000
 462 3.100000
 463 3.120000
 464 3.060000
 465 2.980000
 466 3.010000
 467 3.010000
 468 3.010000
 469 2.990000
 470 2.940000
 471 2.930000
 472 2.950000
 473 2.970000
 474 2.970000
 475 3.000000
 476 2.980000
 477 3.020000
 478 2.890000
 479 2.930000
 480 3.010000
 481 2.620000
 482 2.600000
 483 2.700000
 484 2.700000
 485 2.530000
 486 2.600000
 487 2.560000
 488 2.510000
 489 2.530000
 490 2.510000
 491 2.400000
 492 2.430000
 493 2.470000
 494 2.350000
 495 2.250000
 496 2.230000
 497 2.240000
 498 2.170000
 499 2.150000
 500 2.260000
 501 2.200000
 502 2.170000
 503 2.170000
 504 2.160000
 505 2.070000
 506 2.050000
 507 2.100000
 508 2.050000
 509 2.100000
 510 2.050000
 511 2.140000
 512 2.150000
 513 2.150000
 514 2.050000
 515 2.030000
 516 1.950000
 517 2.030000
 518 2.020000
 519 1.940000
 520 1.930000
 521 1.890000
 522 1.900000
 523 1.860000
 524 1.880000
 525 1.870000
 526 1.880000
 527 1.880000
 528 1.840000
 529 1.850000
 530 1.820000
 531 1.820000
 532 1.820000
 533 1.820000
 534 1.810000
 535 1.830000
 536 1.700000
 537 1.760000
 538 1.650000
 539 1.770000
 540 1.720000
 541 1.770000
 542 1.690000
 543 1.680000
 544 1.710000
 545 1.680000
 546 1.660000
 547 1.610000
 548 1.610000
 549 1.590000
 550 1.610000
 551 1.480000
 552 1.500000
 553 1.450000
 554 1.450000
 555 1.450000
 556 1.520000
 557 1.430000
 558 1.450000
 559 1.430000
 560 1.380000
 561 1.500000
 562 1.490000
 563 1.460000
 564 1.460000
 565 1.460000
 566 1.450000
 567 1.420000
 568 1.330000
 569 1.350000
 570 1.360000
 571 1.300000
 572 1.390000
 573 1.410000
 574 1.330000
 575 1.390000
 576 1.410000
 577 1.410000
 578 1.360000
 579 1.420000
 580 1.390000
 581 1.340000
 582 1.360000
 583 1.420000
 584 1.360000
 585 1.370000
 586 1.400000
 587 1.400000
 588 1.400000
 589 1.420000
 590 1.360000
 591 1.360000
 592 1.340000
 593 1.390000
 594 1.260000
 595 1.280000
 596 1.250000
 597 1.310000
 598 1.230000
 599 1.350000
 600 1.340000
 601 1.260000
 602 1.220000
 603 1.230000
 604 1.270000
 605 1.210000
 606 2.460000
 607 2.490000
 608 2.460000
 609 5.720000
 610 6.500000
 611 6.490000
 612 6.470000
 613 6.480000
 614 6.450000
 615 3.060000
 616 3.080000
 617 3.090000
 618 6.640000
 619 6.710000
 620 6.190000
 621 6.780000
 622 6.750000
 623 6.640000
 624 5.480000
 625 0.790000
 626 0.800000
 627 0.820000
 628 0.800000
 629 0.810000
 630 0.790000
 631 0.800000
 632 0.810000
 633 0.790000
 634 0.820000
 635 0.820000
 636 0.820000
 637 0.850000
 638 0.820000
 639 0.850000
 640 0.820000
 641 0.850000
 642 0.850000
 643 0.850000
 644 0.870000
 645 0.850000
 646 0.870000
 647 0.870000
 648 0.870000
 649 0.900000
 650 0.900000
 651 0.870000
 652 0.900000
 653 0.920000
 654 0.900000
 655 0.900000
 656 0.920000
 657 0.920000
 658 0.920000
 659 0.950000
 660 0.950000
 661 0.920000
 662 0.950000
 663 0.920000
 664 0.950000
 665 0.970000
 666 0.950000
 667 0.950000
 668 0.480000
 669 0.310000
 670 0.170000
 671 0.170000
 672 0.180000
 673 0.170000
 674 0.200000
 675 0.190000
 676 0.180000
 677 0.210000
 678 0.190000
 679 0.190000
 680 0.200000
 681 0.190000
 682 0.210000
 683 0.190000
 684 0.190000
 685 0.190000
 686 0.190000
 687 0.190000
 688 0.190000
 689 0.170000
 690 0.190000
 691 0.190000
 692 0.170000
 693 0.190000
 694 0.170000
 695 0.190000
 696 0.190000
 697 0.190000
 698 0.180000
 699 0.200000
 700 0.180000
 701 0.200000
 702 0.180000
 703 0.200000
 704 0.210000
 705 0.180000
 706 0.210000
 707 0.180000
 708 0.180000
 709 0.180000
 710 0.210000
 711 0.210000
 712 0.180000
 713 0.210000
 714 0.180000
 715 0.180000
 716 0.210000
 717 0.210000
 718 0.210000
 719 0.180000
 720 0.180000
 721 0.180000
 722 0.180000
 723 0.180000
 724 0.210000
 725 0.180000
 726 0.210000
 727 0.180000
 728 0.210000
 729 0.180000
 730 0.180000
 731 0.180000
 732 0.180000
 733 0.180000
 734 0.180000
 735 0.210000
 736 0.180000
 737 0.180000
 738 0.210000
 739 0.210000
 740 0.210000
 741 0.180000
 742 0.180000
 743 0.210000
 744 0.180000
 745 0.210000
 746 0.210000
 747 0.180000
 748 0.210000
 749 0.180000
 750 0.180000
 751 0.180000
 752 0.180000
 753 0.180000
 754 0.180000
 755 0.180000
 756 0.200000
 757 0.190000
 758 0.190000
 759 0.210000
 760 0.190000