
 0 3.140000
 1 3.160000
 2 3.110000
 3 3.140000
 4 3.010000
 5 3.160000
 6 3.140000
 7 3.010000
 8 3.050000
 9 3.030000
 10 3.070000
 11 3.060000
 12 3.190000
 13 3.140000
 14 3.040000
 15 3.010000
 16 3.030000
 17 3.140000
 18 3.140000
 19 3.160000
 20 3.110000
 21 3.160000
 22 3.140000
 23 3.020000
 24 3.010000
 25 3.030000
 26 3.030000
 27 3.110000
 28 2.980000
 29 3.140000
 30 3.010000
 31 3.110000
 32 3.110000
 33 2.980000
 34 3.110000
 35 3.110000
 36 2.900000
 37 2.710000
 38 2.330000
 39 2.170000
 40 2.160000
 41 2.140000
 42 2.150000
 43 2.130000
 44 2.110000
 45 2.140000
 46 2.150000
 47 2.150000
 48 2.150000
 49 2.150000
 50 2.150000
 51 1.190000
 52 1.240000
 53 1.200000
 54 1.150000
 55 1.150000
 56 1.150000
 57 1.130000
 58 1.130000
 59 1.130000
 60 1.130000
 61 1.130000
 62 1.100000
 63 1.100000
 64 1.100000
 65 1.130000
 66 1.100000
 67 1.130000
 68 1.120000
 69 1.100000
 70 1.100000
 71 1.130000
 72 1.130000
 73 1.130000
 74 1.100000
 75 1.110000
 76 1.110000
 77 1.110000
 78 1.140000
 79 1.110000
 80 1.140000
 81 1.130000
 82 1.130000
 83 1.130000
 84 1.120000
 85 1.130000
 86 1.130000
 87 1.100000
 88 1.110000
 89 1.140000
 90 1.100000
 91 1.100000
 92 1.130000
 93 1.150000
 94 1.170000
 95 1.160000
 96 2.250000
 97 2.240000
 98 2.210000
 99 2.220000
 100 2.240000
 101 2.280000
 102 2.280000
 103 2.280000
 104 2.300000
 105 2.300000
 106 2.320000
 107 2.300000
 108 2.310000
 109 2.330000
 110 2.300000
 111 2.300000
 112 2.340000
 113 2.320000
 114 2.350000
 115 2.350000
 116 2.340000
 117 2.330000
 118 2.350000
 119 2.320000
 120 2.470000
 121 2.390000
 122 2.340000
 123 2.310000
 124 2.320000
 125 2.310000
 126 2.350000
 127 2.370000
 128 2.370000
 129 2.400000
 130 2.410000
 131 2.410000
 132 2.420000
 133 2.410000
 134 2.400000
 135 2.390000
 136 2.410000
 137 2.390000
 138 2.410000
 139 2.390000
 140 2.390000
 141 2.390000
 142 2.420000
 143 2.450000
 144 2.440000
 145 2.480000
 146 3.580000
 147 3.570000
 148 3.650000
 149 3.520000
 150 3.630000
 151 3.590000
 152 3.580000
 153 3.560000
 154 3.510000
 155 3.450000
 156 3.440000
 157 3.390000
 158 3.420000
 159 3.410000
 160 1.110000
 161 1.090000
 162 1.100000
 163 1.080000
 164 1.090000
 165 1.090000
 166 1.090000
 167 1.060000
 168 1.050000
 169 1.050000
 170 1.030000
 171 1.040000
 172 1.060000
 173 1.060000
 174 1.060000
 175 1.060000
 176 1.090000
 177 1.060000
 178 1.090000
 179 1.090000
 180 1.090000
 181 1.100000
 182 1.110000
 183 1.100000
 184 3.900000
 185 3.900000
 186 3.900000
 187 3.940000
 188 3.930000
 189 3.940000
 190 3.930000
 191 3.980000
 192 4.000000
 193 3.980000
 194 3.980000
 195 4.000000
 196 4.110000
 197 4.110000
 198 4.080000
 199 4.130000
 200 4.130000
 201 4.140000
 202 4.030000
 203 4.080000
 204 4.110000
 205 4.130000
 206 4.130000
 207 4.160000
 208 4.180000
 209 4.160000
 210 4.240000
 211 4.180000
 212 4.210000
 213 4.220000
 214 4.250000
 215 0.780000
 216 0.820000
 217 0.800000
 218 0.800000
 219 0.800000
 220 0.800000
 221 0.780000
 222 0.800000
 223 0.800000
 224 0.780000
 225 0.780000
 226 0.780000
 227 0.780000
 228 0.780000
 229 0.750000
 230 0.780000
 231 0.780000
 232 0.780000
 233 0.780000
 234 0.750000
 235 0.770000
 236 0.770000
 237 0.800000
 238 0.800000
 239 0.800000
 240 0.800000
 241 0.820000
 242 0.820000
 243 0.800000
 244 0.820000
 245 0.880000
 246 0.860000
 247 1.450000
 248 1.450000
 249 1.450000
 250 1.500000
 251 1.480000
 252 1.500000
 253 4.970000
 254 4.960000
 255 4.930000
 256 4.940000
 257 4.910000
 258 4.880000
 259 4.760000
 260 4.730000
 261 4.710000
 262 4.680000
 263 4.780000
 264 4.780000
 265 4.770000
 266 4.750000
 267 4.720000
 268 4.690000
 269 4.690000
 270 4.690000
 271 4.670000
 272 4.640000
 273 4.640000
 274 4.630000
 275 4.610000
 276 4.590000
 277 4.590000
 278 4.580000
 279 1.970000
 280 1.950000
 281 1.940000
 282 1.940000
 283 1.940000
 284 1.910000
 285 1.910000
 286 1.930000
 287 1.310000
 288 1.300000
 289 1.310000
 290 1.290000
 291 1.260000
 292 1.290000
 293 1.290000
 294 1.260000
 295 1.290000
 296 1.260000
 297 1.290000
 298 1.260000
 299 1.290000
 300 1.260000
 301 1.270000
 302 1.300000
 303 1.300000
 304 1.320000
 305 1.330000
 306 1.360000
 307 4.280000
 308 4.360000
 309 4.260000
 310 4.260000
 311 4.260000
 312 4.240000
 313 4.220000
 314 0.650000
 315 0.610000
 316 0.600000
 317 0.630000
 318 0.600000
 319 0.600000
 320 0.600000
 321 0.600000
 322 0.630000
 323 0.600000
 324 0.600000
 325 0.600000
 326 0.600000
 327 0.630000
 328 0.600000
 329 0.600000
 330 0.600000
 331 0.600000
 332 0.600000
 333 0.600000
 334 0.600000
 335 0.600000
 336 0.580000
 337 0.580000
 338 0.570000
 339 0.590000
 340 0.600000
 341 0.590000
 342 0.620000
 343 0.620000
 344 0.650000
 345 0.650000
 346 0.710000
 347 4.150000
 348 4.140000
 349 4.140000
 350 4.110000
 351 1.230000
 352 1.190000
 353 1.160000
 354 1.200000
 355 1.190000
 356 1.160000
 357 1.160000
 358 1.170000
 359 1.170000
 360 1.200000
 361 1.200000
 362 1.200000
 363 1.170000
 364 1.170000
 365 1.160000
 366 1.210000
 367 1.240000
 368 1.590000
 369 1.740000
 370 1.710000
 371 1.740000
 372 1.740000
 373 1.710000
 374 1.700000
 375 1.770000
 376 4.990000
 377 4.990000
 378 2.240000
 379 2.270000
 380 2.340000
 381 2.430000
 382 4.980000
 383 4.960000
 384 4.960000
 385 5.020000
 386 5.030000
 387 4.220000
 388 4.870000
 389 4.880000
 390 4.940000
 391 4.230000
 392 4.170000
 393 4.170000
 394 4.250000
 395 4.800000
 396 4.760000
 397 4.640000
 398 4.660000
 399 4.600000
 400 4.490000
 401 4.390000
 402 4.480000
 403 4.490000
 404 4.490000
 405 4.440000
 406 4.470000
 407 4.290000
 408 4.260000
 409 4.250000
 410 4.240000
 411 4.240000
 412 4.310000
 413 4.260000
 414 4.230000
 415 4.220000
 416 4.240000
 417 4.360000
 418 4.340000
 419 4.290000
 420 4.230000
 421 4.210000
 422 4.190000
 423 4.150000
 424 3.820000
 425 3.740000
 426 3.770000
 427 3.720000
 428 3.670000
 429 3.640000
 430 3.620000
 431 3.620000
 432 3.600000
 433 3.570000
 434 3.570000
 435 3.550000
 436 3.520000
 437 3.530000
 438 3.510000
 439 3.510000
 440 3.510000
 441 3.480000
 442 3.570000
 443 3.570000
 444 3.550000
 445 3.580000
 446 3.580000
 447 3.560000
 448 3.550000
 449 3.560000
 450 3.530000
 451 3.510000
 452 3.490000
 453 3.500000
 454 3.520000
 455 3.470000
 456 3.450000
 457 3.470000
 458 3.430000
 459 3.390000
 460 3.460000
 461 3.440000
 462 3.450000
 463 3.410000
 464 3.460000
 465 3.510000
 466 3.460000
 467 3.480000
 468 3.350000
 469 3.480000
 470 3.480000
 471 3.460000
 472 3.460000
 473 3.450000
 474 3.430000
 475 3.430000
 476 3.420000
 477 3.380000
 478 3.260000
 479 3.400000
 480 3.210000
 481 3.410000
 482 3.360000
 483 3.330000
 484 3.330000
 485 3.280000
 486 3.250000
 487 3.230000
 488 3.230000
 489 3.200000
 490 3.230000
 491 3.200000
 492 3.150000
 493 3.150000
 494 3.130000
 495 3.130000
 496 3.100000
 497 3.090000
 498 3.080000
 499 3.080000
 500 3.060000
 501 3.080000
 502 3.040000
 503 3.050000
 504 3.050000
 505 3.030000
 506 3.030000
 507 3.030000
 508 3.030000
 509 2.990000
 510 3.030000
 511 3.030000
 512 3.020000
 513 3.040000
 514 3.040000
 515 2.580000
 516 2.540000
 517 2.410000
 518 2.170000
 519 2.130000
 520 2.100000
 521 2.070000
 522 2.040000
 523 2.030000
 524 2.020000
 525 2.060000
 526 2.010000
 527 1.980000
 528 1.980000
 529 1.970000
 530 1.940000
 531 1.960000
 532 1.960000
 533 3.030000
 534 3.010000
 535 3.010000
 536 3.010000
 537 2.990000
 538 2.980000
 539 3.020000
 540 3.020000
 541 2.990000
 542 3.000000
 543 3.020000
 544 3.020000
 545 3.020000
 546 3.040000
 547 3.020000
 548 3.020000
 549 3.040000
 550 3.040000
 551 3.040000
 552 3.040000
 553 3.040000
 554 3.030000
 555 1.790000
 556 1.810000
 557 1.790000
 558 1.770000
 559 1.770000
 560 1.780000
 561 1.800000
 562 1.770000
 563 1.800000
 564 1.820000
 565 1.820000
 566 1.820000
 567 1.820000
 568 1.850000
 569 1.850000
 570 1.850000
 571 1.850000
 572 1.870000
 573 1.900000
 574 1.870000
 575 1.870000
 576 1.900000
 577 1.910000
 578 1.910000
 579 1.910000
 580 1.950000
 581 1.950000
 582 1.950000
 583 1.970000
 584 1.970000
 585 2.000000
 586 2.000000
 587 2.000000
 588 2.030000
 589 2.050000
 590 2.050000
 591 2.080000
 592 2.080000
 593 2.080000
 594 2.100000
 595 2.100000
 596 2.130000
 597 2.150000
 598 2.180000
 599 2.180000
 600 2.200000
 601 2.200000
 602 2.200000
 603 2.230000
 604 2.200000
 605 2.200000
 606 2.230000
 607 2.250000
 608 2.280000
 609 2.280000
 610 1.400000
 611 1.430000
 612 1.400000
 613 1.400000
 614 1.410000
 615 1.420000
 616 1.420000
 617 1.420000
 618 1.450000
 619 1.450000
 620 1.450000
 621 1.450000
 622 1.470000
 623 1.470000
 624 1.500000
 625 1.500000
 626 1.490000
 627 1.520000
 628 1.520000
 629 1.510000
 630 1.520000
 631 1.540000
 632 1.560000
 633 1.560000
 634 1.590000
 635 1.590000
 636 1.590000
 637 1.610000
 638 1.610000
 639 1.610000
 640 1.640000
 641 1.660000
 642 1.660000
 643 1.690000
 644 1.680000
 645 1.710000
 646 1.740000
 647 1.730000
 648 1.760000
 649 1.780000
 650 1.780000
 651 1.810000
 652 1.810000
 653 1.830000
 654 1.860000
 655 1.860000
 656 1.860000
 657 1.880000
 658 1.910000
 659 3.400000
 660 3.410000
 661 3.370000
 662 3.370000
 663 3.380000
 664 3.380000
 665 3.340000
 666 3.320000
 667 3.340000
 668 3.320000
 669 3.290000
 670 3.290000
 671 3.290000
 672 3.240000
 673 3.280000
 674 3.220000
 675 3.220000
 676 3.220000
 677 3.230000
 678 3.230000
 679 3.220000
 680 3.220000
 681 3.220000
 682 3.190000
 683 3.190000
 684 3.190000
 685 2.980000
 686 2.900000
 687 2.900000
 688 2.910000
 689 2.910000
 690 2.910000
 691 2.910000
 692 2.920000
 693 2.890000
 694 2.930000
 695 2.930000
 696 2.920000
 697 2.960000
 698 3.000000
 699 3.020000
 700 2.960000
 701 3.010000
 702 3.060000
 703 3.110000
 704 3.110000
 705 2.890000
 706 2.880000
 707 2.700000
 708 1.560000
 709 1.600000
 710 1.590000
 711 2.660000
 712 2.660000
 713 2.690000
 714 2.680000
 715 2.710000
 716 2.750000
 717 2.770000
 718 3.630000
 719 3.680000
 720 3.680000
 721 3.700000
 722 3.730000
 723 3.720000
 724 3.770000
 725 3.770000
 726 3.750000
 727 3.760000
 728 3.810000
 729 3.820000
 730 3.800000
 731 3.810000
 732 3.820000
 733 3.800000
 734 3.860000
 735 3.890000
 736 3.890000
 737 3.890000
 738 3.940000
 739 3.340000
 740 3.320000
 741 2.870000
 742 2.900000
 743 3.940000
 744 3.550000
 745 3.940000
 746 3.960000
 747 3.960000
 748 3.970000
 749 3.960000
 750 3.960000
 751 3.990000
 752 3.960000
 753 3.960000
 754 4.010000
 755 4.000000
 756 4.010000
 757 4.040000
 758 4.010000
 759 4.060000
 760 4.040000
 0 3.140000
 1 3.160000
 2 3.140000
 3 3.140000
 4 3.010000
 5 3.140000
 6 3.140000
 7 3.030000
 8 3.050000
 9 3.030000
 10 3.040000
 11 3.090000
 12 3.160000
 13 3.160000
 14 3.070000
 15 3.040000
 16 3.030000
 17 3.140000
 18 3.160000
 19 3.160000
 20 3.140000
 21 3.160000
 22 3.140000
 23 3.020000
 24 3.030000
 25 3.010000
 26 3.000000
 27 3.110000
 28 3.010000
 29 3.160000
 30 2.980000
 31 3.110000
 32 3.110000
 33 2.960000
 34 3.110000
 35 3.110000
 36 2.900000
 37 2.710000
 38 2.360000
 39 2.170000
 40 2.160000
 41 2.140000
 42 2.120000
 43 2.150000
 44 2.140000
 45 2.140000
 46 2.150000
 47 2.120000
 48 2.150000
 49 2.120000
 50 2.150000
 51 1.210000
 52 1.240000
 53 1.180000
 54 1.170000
 55 1.120000
 56 1.130000
 57 1.130000
 58 1.130000
 59 1.130000
 60 1.100000
 61 1.130000
 62 1.100000
 63 1.100000
 64 1.100000
 65 1.100000
 66 1.130000
 67 1.100000
 68 1.120000
 69 1.130000
 70 1.130000
 71 1.130000
 72 1.130000
 73 1.100000
 74 1.130000
 75 1.130000
 76 1.110000
 77 1.140000
 78 1.110000
 79 1.110000
 80 1.110000
 81 1.110000
 82 1.100000
 83 1.130000
 84 1.120000
 85 1.120000
 86 1.130000
 87 1.130000
 88 1.140000
 89 1.140000
 90 1.130000
 91 1.130000
 92 1.130000
 93 1.150000
 94 1.150000
 95 1.130000
 96 2.230000
 97 2.240000
 98 2.210000
 99 2.220000
 100 2.260000
 101 2.280000
 102 2.280000
 103 2.300000
 104 2.280000
 105 2.300000
 106 2.300000
 107 2.300000
 108 2.310000
 109 2.300000
 110 2.300000
 111 2.300000
 112 2.310000
 113 2.320000
 114 2.320000
 115 2.320000
 116 2.340000
 117 2.350000
 118 2.320000
 119 2.350000
 120 2.460000
 121 2.390000
 122 2.340000
 123 2.310000
 124 2.320000
 125 2.310000
 126 2.350000
 127 2.370000
 128 2.400000
 129 2.400000
 130 2.390000
 131 2.410000
 132 2.420000
 133 2.410000
 134 2.420000
 135 2.410000
 136 2.410000
 137 2.390000
 138 2.390000
 139 2.360000
 140 2.410000
 141 2.410000
 142 2.450000
 143 2.420000
 144 2.420000
 145 2.460000
 146 3.560000
 147 3.570000
 148 3.630000
 149 3.500000
 150 3.650000
 151 3.560000
 152 3.560000
 153 3.560000
 154 3.530000
 155 3.450000
 156 3.440000
 157 3.420000
 158 3.430000
 159 3.400000
 160 1.110000
 161 1.090000
 162 1.100000
 163 1.090000
 164 1.080000
 165 1.090000
 166 1.090000
 167 1.050000
 168 1.050000
 169 1.050000
 170 1.030000
 171 1.060000
 172 1.060000
 173 1.060000
 174 1.060000
 175 1.060000
 176 1.060000
 177 1.060000
 178 1.090000
 179 1.060000
 180 1.090000
 181 1.080000
 182 1.110000
 183 1.130000
 184 3.900000
 185 3.920000
 186 3.900000
 187 3.920000
 188 3.930000
 189 3.940000
 190 3.950000
 191 3.950000
 192 4.000000
 193 4.000000
 194 4.000000
 195 4.010000
 196 4.110000
 197 4.130000
 198 4.090000
 199 4.130000
 200 4.140000
 201 4.160000
 202 4.080000
 203 4.080000
 204 4.110000
 205 4.100000
 206 4.130000
 207 4.130000
 208 4.130000
 209 4.160000
 210 4.160000
 211 4.250000
 212 4.210000
 213 4.260000
 214 4.220000
 215 0.830000
 216 0.820000
 217 0.800000
 218 0.800000
 219 0.800000
 220 0.800000
 221 0.800000
 222 0.800000
 223 0.780000
 224 0.780000
 225 0.800000
 226 0.780000
 227 0.780000
 228 0.750000
 229 0.780000
 230 0.780000
 231 0.780000
 232 0.780000
 233 0.780000
 234 0.770000
 235 0.770000
 236 0.800000
 237 0.800000
 238 0.800000
 239 0.800000
 240 0.800000
 241 0.800000
 242 0.820000
 243 0.820000
 244 0.820000
 245 0.880000
 246 0.860000
 247 1.450000
 248 1.450000
 249 1.480000
 250 1.480000
 251 1.480000
 252 1.500000
 253 4.970000
 254 4.960000
 255 4.930000
 256 4.940000
 257 4.910000
 258 4.780000
 259 4.760000
 260 4.710000
 261 4.710000
 262 4.680000
 263 4.810000
 264 4.780000
 265 4.780000
 266 4.720000
 267 4.720000
 268 4.690000
 269 4.690000
 270 4.670000
 271 4.690000
 272 4.640000
 273 4.620000
 274 4.610000
 275 4.610000
 276 4.590000
 277 4.590000
 278 4.580000
 279 1.970000
 280 1.950000
 281 1.930000
 282 1.940000
 283 1.930000
 284 1.910000
 285 1.910000
 286 1.900000
 287 1.450000
 288 1.300000
 289 1.290000
 290 1.290000
 291 1.290000
 292 1.290000
 293 1.290000
 294 1.260000
 295 1.290000
 296 1.260000
 297 1.260000
 298 1.260000
 299 1.260000
 300 1.290000
 301 1.280000
 302 1.280000
 303 1.280000
 304 1.300000
 305 1.330000
 306 1.360000
 307 4.310000
 308 4.360000
 309 4.230000
 310 4.260000
 311 4.230000
 312 4.220000
 313 4.250000
 314 0.650000
 315 0.610000
 316 0.600000
 317 0.600000
 318 0.580000
 319 0.600000
 320 0.600000
 321 0.600000
 322 0.600000
 323 0.600000
 324 0.600000
 325 0.600000
 326 0.600000
 327 0.600000
 328 0.580000
 329 0.600000
 330 0.600000
 331 0.600000
 332 0.600000
 333 0.600000
 334 0.580000
 335 0.600000
 336 0.600000
 337 0.600000
 338 0.600000
 339 0.620000
 340 0.600000
 341 0.620000
 342 0.620000
 343 0.640000
 344 0.650000
 345 0.640000
 346 0.710000
 347 4.150000
 348 4.120000
 349 4.120000
 350 4.110000
 351 1.250000
 352 1.190000
 353 1.190000
 354 1.200000
 355 1.160000
 356 1.200000
 357 1.160000
 358 1.170000
 359 1.170000
 360 1.200000
 361 1.170000
 362 1.200000
 363 1.170000
 364 1.200000
 365 1.160000
 366 1.180000
 367 1.240000
 368 1.510000
 369 1.710000
 370 1.710000
 371 1.740000
 372 1.710000
 373 1.710000
 374 1.730000
 375 1.770000
 376 5.010000
 377 4.990000
 378 2.210000
 379 2.270000
 380 2.340000
 381 2.430000
 382 4.980000
 383 4.980000
 384 4.980000
 385 5.030000
 386 5.030000
 387 4.240000
 388 4.830000
 389 4.880000
 390 4.990000
 391 4.230000
 392 4.170000
 393 4.170000
 394 4.250000
 395 4.780000
 396 4.750000
 397 4.660000
 398 4.640000
 399 4.640000
 400 4.540000
 401 4.440000
 402 4.510000
 403 4.510000
 404 4.510000
 405 4.440000
 406 4.460000
 407 4.320000
 408 4.250000
 409 4.240000
 410 4.270000
 411 4.270000
 412 4.290000
 413 4.280000
 414 4.260000
 415 4.260000
 416 4.290000
 417 4.360000
 418 4.340000
 419 4.320000
 420 4.230000
 421 4.230000
 422 4.220000
 423 4.160000
 424 3.850000
 425 3.800000
 426 3.770000
 427 3.690000
 428 3.640000
 429 3.640000
 430 3.620000
 431 3.620000
 432 3.620000
 433 3.600000
 434 3.570000
 435 3.550000
 436 3.520000
 437 3.530000
 438 3.530000
 439 3.510000
 440 3.510000
 441 3.480000
 442 3.570000
 443 3.570000
 444 3.570000
 445 3.540000
 446 3.560000
 447 3.580000
 448 3.550000
 449 3.560000
 450 3.510000
 451 3.510000
 452 3.500000
 453 3.510000
 454 3.520000
 455 3.510000
 456 3.450000
 457 3.440000
 458 3.440000
 459 3.420000
 460 3.460000
 461 3.430000
 462 3.490000
 463 3.450000
 464 3.480000
 465 3.480000
 466 3.480000
 467 3.460000
 468 3.350000
 469 3.480000
 470 3.480000
 471 3.460000
 472 3.450000
 473 3.450000
 474 3.430000
 475 3.430000
 476 3.400000
 477 3.400000
 478 3.200000
 479 3.410000
 480 3.280000
 481 3.410000
 482 3.380000
 483 3.350000
 484 3.330000
 485 3.260000
 486 3.260000
 487 3.260000
 488 3.250000
 489 3.230000
 490 3.200000
 491 3.190000
 492 3.140000
 493 3.130000
 494 3.130000
 495 3.130000
 496 3.130000
 497 3.080000
 498 3.070000
 499 3.080000
 500 3.080000
 501 3.050000
 502 3.060000
 503 3.040000
 504 3.060000
 505 3.030000
 506 3.030000
 507 3.050000
 508 3.020000
 509 2.990000
 510 3.050000
 511 3.050000
 512 3.040000
 513 3.060000
 514 3.040000
 515 2.580000
 516 2.550000
 517 2.390000
 518 2.200000
 519 2.110000
 520 2.110000
 521 2.090000
 522 2.030000
 523 2.030000
 524 2.020000
 525 2.050000
 526 2.010000
 527 2.010000
 528 1.980000
 529 1.970000
 530 1.970000
 531 1.930000
 532 1.960000
 533 3.010000
 534 3.010000
 535 3.010000
 536 2.980000
 537 3.020000
 538 3.010000
 539 3.020000
 540 3.020000
 541 2.990000
 542 3.020000
 543 2.990000
 544 2.990000
 545 2.990000
 546 3.020000
 547 3.010000
 548 3.020000
 549 3.040000
 550 3.010000
 551 3.040000
 552 3.030000
 553 3.040000
 554 3.040000
 555 1.790000
 556 1.810000
 557 1.760000
 558 1.770000
 559 1.770000
 560 1.770000
 561 1.800000
 562 1.800000
 563 1.800000
 564 1.800000
 565 1.820000
 566 1.820000
 567 1.800000
 568 1.850000
 569 1.850000
 570 1.850000
 571 1.850000
 572 1.870000
 573 1.870000
 574 1.870000
 575 1.900000
 576 1.900000
 577 1.900000
 578 1.910000
 579 1.910000
 580 1.920000
 581 1.950000
 582 1.950000
 583 1.970000
 584 2.000000
 585 1.970000
 586 2.000000
 587 2.000000
 588 2.030000
 589 2.020000
 590 2.050000
 591 2.050000
 592 2.080000
 593 2.100000
 594 2.100000
 595 2.130000
 596 2.150000
 597 2.150000
 598 2.180000
 599 2.180000
 600 2.200000
 601 2.200000
 602 2.200000
 603 2.230000
 604 2.200000
 605 2.200000
 606 2.250000
 607 2.250000
 608 2.280000
 609 2.280000
 610 1.400000
 611 1.440000
 612 1.400000
 613 1.380000
 614 1.380000
 615 1.420000
 616 1.400000
 617 1.400000
 618 1.420000
 619 1.420000
 620 1.450000
 621 1.450000
 622 1.470000
 623 1.470000
 624 1.470000
 625 1.460000
 626 1.500000
 627 1.500000
 628 1.510000
 629 1.510000
 630 1.540000
 631 1.540000
 632 1.560000
 633 1.560000
 634 1.590000
 635 1.590000
 636 1.610000
 637 1.610000
 638 1.640000
 639 1.640000
 640 1.640000
 641 1.660000
 642 1.660000
 643 1.680000
 644 1.680000
 645 1.710000
 646 1.710000
 647 1.730000
 648 1.730000
 649 1.760000
 650 1.780000
 651 1.780000
 652 1.810000
 653 1.830000
 654 1.860000
 655 1.860000
 656 1.860000
 657 1.880000
 658 1.920000
 659 3.370000
 660 3.380000
 661 3.370000
 662 3.370000
 663 3.380000
 664 3.380000
 665 3.340000
 666 3.350000
 667 3.320000
 668 3.320000
 669 3.320000
 670 3.290000
 671 3.270000
 672 3.270000
 673 3.240000
 674 3.220000
 675 3.240000
 676 3.220000
 677 3.230000
 678 3.230000
 679 3.220000
 680 3.190000
 681 3.220000
 682 3.220000
 683 3.190000
 684 3.220000
 685 2.980000
 686 2.910000
 687 2.920000
 688 2.920000
 689 2.920000
 690 2.890000
 691 2.910000
 692 2.900000
 693 2.890000
 694 2.910000
 695 2.930000
 696 2.940000
 697 2.980000
 698 3.010000
 699 3.020000
 700 2.960000
 701 3.010000
 702 3.030000
 703 3.110000
 704 3.080000
 705 2.890000
 706 2.870000
 707 2.700000
 708 1.560000
 709 1.600000
 710 1.620000
 711 2.660000
 712 2.690000
 713 2.690000
 714 2.710000
 715 2.700000
 716 2.750000
 717 2.740000
 718 3.640000
 719 3.670000
 720 3.680000
 721 3.700000
 722 3.700000
 723 3.740000
 724 3.740000
 725 3.770000
 726 3.760000
 727 3.780000
 728 3.810000
 729 3.810000
 730 3.810000
 731 3.810000
 732 3.800000
 733 3.840000
 734 3.870000
 735 3.890000
 736 3.920000
 737 3.890000
 738 3.940000
 739 3.320000
 740 3.310000
 741 2.890000
 742 2.900000
 743 3.950000
 744 3.520000
 745 3.960000
 746 3.940000
 747 3.990000
 748 3.970000
 749 3.990000
 750 3.990000
 751 3.990000
 752 3.990000
 753 3.970000
 754 3.990000
 755 4.010000
 756 3.990000
 757 4.040000
 758 4.000000
 759 4.040000
 760 4.060000
 0 3.140000
 1 3.140000
 2 3.140000
 3 3.140000
 4 3.030000
 5 3.140000
 6 3.140000
 7 3.010000
 8 3.070000
 9 3.030000
 10 3.040000
 11 3.090000
 12 3.190000
 13 3.140000
 14 3.040000
 15 3.030000
 16 3.030000
 17 3.160000
 18 3.160000
 19 3.160000
 20 3.110000
 21 3.140000
 22 3.140000
 23 3.020000
 24 3.030000
 25 3.030000
 26 2.990000
 27 3.110000
 28 3.010000
 29 3.140000
 30 2.980000
 31 3.140000
 32 3.110000
 33 2.980000
 34 3.110000
 35 3.090000
 36 2.900000
 37 2.710000
 38 2.360000
 39 2.170000
 40 2.160000
 41 2.140000
 42 2.150000
 43 2.130000
 44 2.140000
 45 2.160000
 46 2.150000
 47 2.120000
 48 2.120000
 49 2.150000
 50 2.150000
 51 1.190000
 52 1.240000
 53 1.200000
 54 1.150000
 55 1.150000
 56 1.150000
 57 1.130000
 58 1.100000
 59 1.130000
 60 1.130000
 61 1.100000
 62 1.100000
 63 1.100000
 64 1.100000
 65 1.130000
 66 1.100000
 67 1.100000
 68 1.130000
 69 1.100000
 70 1.100000
 71 1.100000
 72 1.100000
 73 1.130000
 74 1.130000
 75 1.140000
 76 1.140000
 77 1.110000
 78 1.140000
 79 1.110000
 80 1.140000
 81 1.110000
 82 1.130000
 83 1.130000
 84 1.120000
 85 1.150000
 86 1.130000
 87 1.100000
 88 1.110000
 89 1.140000
 90 1.100000
 91 1.130000
 92 1.130000
 93 1.150000
 94 1.170000
 95 1.270000
 96 2.250000
 97 2.230000
 98 2.210000
 99 2.220000
 100 2.240000
 101 2.280000
 102 2.280000
 103 2.300000
 104 2.300000
 105 2.300000
 106 2.300000
 107 2.320000
 108 2.310000
 109 2.300000
 110 2.300000
 111 2.300000
 112 2.340000
 113 2.320000
 114 2.320000
 115 2.340000
 116 2.310000
 117 2.330000
 118 2.350000
 119 2.350000
 120 2.460000
 121 2.390000
 122 2.360000
 123 2.310000
 124 2.320000
 125 2.310000
 126 2.350000
 127 2.400000
 128 2.400000
 129 2.400000
 130 2.390000
 131 2.410000
 132 2.420000
 133 2.410000
 134 2.420000
 135 2.410000
 136 2.390000
 137 2.410000
 138 2.390000
 139 2.390000
 140 2.390000
 141 2.390000
 142 2.430000
 143 2.420000
 144 2.420000
 145 2.480000
 146 3.560000
 147 3.570000
 148 3.630000
 149 3.520000
 150 3.630000
 151 3.560000
 152 3.580000
 153 3.560000
 154 3.520000
 155 3.450000
 156 3.400000
 157 3.420000
 158 3.410000
 159 3.400000
 160 1.080000
 161 1.110000
 162 1.100000
 163 1.080000
 164 1.090000
 165 1.090000
 166 1.090000
 167 1.090000
 168 1.080000
 169 1.050000
 170 1.050000
 171 1.040000
 172 1.040000
 173 1.060000
 174 1.060000
 175 1.060000
 176 1.060000
 177 1.090000
 178 1.090000
 179 1.090000
 180 1.090000
 181 1.080000
 182 1.110000
 183 1.130000
 184 3.900000
 185 3.930000
 186 3.900000
 187 3.940000
 188 3.920000
 189 3.930000
 190 3.950000
 191 3.980000
 192 4.000000
 193 3.980000
 194 4.020000
 195 4.000000
 196 4.080000
 197 4.110000
 198 4.080000
 199 4.130000
 200 4.120000
 201 4.180000
 202 4.060000
 203 4.080000
 204 4.110000
 205 4.130000
 206 4.110000
 207 4.130000
 208 4.160000
 209 4.160000
 210 4.240000
 211 4.180000
 212 4.210000
 213 4.230000
 214 4.250000
 215 0.830000
 216 0.820000
 217 0.830000
 218 0.800000
 219 0.800000
 220 0.800000
 221 0.800000
 222 0.780000
 223 0.800000
 224 0.780000
 225 0.780000
 226 0.780000
 227 0.780000
 228 0.780000
 229 0.780000
 230 0.750000
 231 0.750000
 232 0.750000
 233 0.780000
 234 0.800000
 235 0.770000
 236 0.770000
 237 0.800000
 238 0.770000
 239 0.800000
 240 0.820000
 241 0.800000
 242 0.800000
 243 0.800000
 244 0.850000
 245 0.880000
 246 0.830000
 247 1.450000
 248 1.450000
 249 1.480000
 250 1.480000
 251 1.500000
 252 1.500000
 253 4.970000
 254 4.960000
 255 4.930000
 256 4.940000
 257 4.910000
 258 4.910000
 259 4.730000
 260 4.730000
 261 4.710000
 262 4.710000
 263 4.810000
 264 4.760000
 265 4.760000
 266 4.750000
 267 4.720000
 268 4.690000
 269 4.680000
 270 4.670000
 271 4.670000
 272 4.650000
 273 4.640000
 274 4.610000
 275 4.610000
 276 4.580000
 277 4.590000
 278 4.590000
 279 1.970000
 280 1.950000
 281 1.930000
 282 1.960000
 283 1.940000
 284 1.940000
 285 1.940000
 286 1.900000
 287 1.310000
 288 1.300000
 289 1.290000
 290 1.290000
 291 1.290000
 292 1.290000
 293 1.290000
 294 1.260000
 295 1.260000
 296 1.260000
 297 1.260000
 298 1.260000
 299 1.290000
 300 1.260000
 301 1.270000
 302 1.280000
 303 1.280000
 304 1.300000
 305 1.330000
 306 1.330000
 307 4.280000
 308 4.360000
 309 4.230000
 310 4.260000
 311 4.260000
 312 4.240000
 313 4.220000
 314 0.650000
 315 0.620000
 316 0.630000
 317 0.600000
 318 0.600000
 319 0.600000
 320 0.600000
 321 0.630000
 322 0.600000
 323 0.600000
 324 0.600000
 325 0.600000
 326 0.600000
 327 0.580000
 328 0.600000
 329 0.600000
 330 0.600000
 331 0.600000
 332 0.600000
 333 0.600000
 334 0.600000
 335 0.600000
 336 0.600000
 337 0.600000
 338 0.600000
 339 0.610000
 340 0.600000
 341 0.610000
 342 0.640000
 343 0.620000
 344 0.650000
 345 0.650000
 346 0.710000
 347 4.140000
 348 4.140000
 349 4.140000
 350 4.140000
 351 1.260000
 352 1.190000
 353 1.190000
 354 1.160000
 355 1.190000
 356 1.160000
 357 1.160000
 358 1.170000
 359 1.170000
 360 1.170000
 361 1.170000
 362 1.200000
 363 1.170000
 364 1.170000
 365 1.160000
 366 1.180000
 367 1.260000
 368 1.610000
 369 1.710000
 370 1.710000
 371 1.740000
 372 1.710000
 373 1.710000
 374 1.730000
 375 1.770000
 376 4.990000
 377 4.990000
 378 2.240000
 379 2.230000
 380 2.320000
 381 2.410000
 382 5.010000
 383 4.960000
 384 4.960000
 385 5.030000
 386 5.030000
 387 4.280000
 388 4.860000
 389 4.880000
 390 4.940000
 391 4.230000
 392 4.170000
 393 4.200000
 394 4.250000
 395 4.790000
 396 4.750000
 397 4.660000
 398 4.640000
 399 4.610000
 400 4.500000
 401 4.440000
 402 4.480000
 403 4.510000
 404 4.490000
 405 4.440000
 406 4.470000
 407 4.320000
 408 4.250000
 409 4.250000
 410 4.270000
 411 4.270000
 412 4.290000
 413 4.280000
 414 4.230000
 415 4.220000
 416 4.270000
 417 4.360000
 418 4.320000
 419 4.270000
 420 4.260000
 421 4.210000
 422 4.190000
 423 4.200000
 424 3.930000
 425 3.820000
 426 3.770000
 427 3.660000
 428 3.670000
 429 3.620000
 430 3.620000
 431 3.620000
 432 3.620000
 433 3.570000
 434 3.600000
 435 3.550000
 436 3.550000
 437 3.530000
 438 3.530000
 439 3.510000
 440 3.480000
 441 3.480000
 442 3.480000
 443 3.570000
 444 3.540000
 445 3.550000
 446 3.550000
 447 3.530000
 448 3.550000
 449 3.530000
 450 3.510000
 451 3.510000
 452 3.490000
 453 3.510000
 454 3.520000
 455 3.510000
 456 3.470000
 457 3.470000
 458 3.420000
 459 3.420000
 460 3.440000
 461 3.450000
 462 3.450000
 463 3.430000
 464 3.460000
 465 3.510000
 466 3.510000
 467 3.460000
 468 3.360000
 469 3.480000
 470 3.460000
 471 3.480000
 472 3.480000
 473 3.440000
 474 3.450000
 475 3.430000
 476 3.430000
 477 3.380000
 478 3.260000
 479 3.410000
 480 3.230000
 481 3.410000
 482 3.360000
 483 3.330000
 484 3.300000
 485 3.280000
 486 3.280000
 487 3.250000
 488 3.230000
 489 3.230000
 490 3.230000
 491 3.200000
 492 3.150000
 493 3.130000
 494 3.160000
 495 3.100000
 496 3.110000
 497 3.080000
 498 3.100000
 499 3.070000
 500 3.080000
 501 3.080000
 502 3.040000
 503 3.050000
 504 3.060000
 505 3.030000
 506 3.030000
 507 3.020000
 508 3.030000
 509 2.990000
 510 3.020000
 511 3.030000
 512 3.030000
 513 3.040000
 514 3.040000
 515 2.580000
 516 2.530000
 517 2.390000
 518 2.200000
 519 2.130000
 520 2.140000
 521 2.070000
 522 2.040000
 523 2.030000
 524 2.050000
 525 2.040000
 526 2.010000
 527 1.980000
 528 1.980000
 529 1.940000
 530 1.940000
 531 1.960000
 532 1.960000
 533 3.030000
 534 3.030000
 535 3.010000
 536 3.010000
 537 2.990000
 538 2.980000
 539 3.020000
 540 3.020000
 541 2.990000
 542 3.020000
 543 3.020000
 544 3.020000
 545 3.020000
 546 3.020000
 547 3.020000
 548 3.020000
 549 3.020000
 550 3.010000
 551 3.020000
 552 3.040000
 553 3.040000
 554 3.060000
 555 1.820000
 556 1.810000
 557 1.760000
 558 1.750000
 559 1.770000
 560 1.770000
 561 1.770000
 562 1.800000
 563 1.800000
 564 1.800000
 565 1.820000
 566 1.820000
 567 1.820000
 568 1.850000
 569 1.850000
 570 1.850000
 571 1.850000
 572 1.870000
 573 1.870000
 574 1.870000
 575 1.900000
 576 1.900000
 577 1.920000
 578 1.910000
 579 1.910000
 580 1.940000
 581 1.950000
 582 1.970000
 583 1.970000
 584 1.970000
 585 1.970000
 586 2.000000
 587 2.020000
 588 2.000000
 589 2.020000
 590 2.080000
 591 2.080000
 592 2.080000
 593 2.080000
 594 2.100000
 595 2.130000
 596 2.150000
 597 2.150000
 598 2.180000
 599 2.180000
 600 2.200000
 601 2.200000
 602 2.230000
 603 2.230000
 604 2.200000
 605 2.200000
 606 2.250000
 607 2.250000
 608 2.280000
 609 2.280000
 610 1.400000
 611 1.430000
 612 1.420000
 613 1.400000
 614 1.380000
 615 1.400000
 616 1.420000
 617 1.420000
 618 1.420000
 619 1.450000
 620 1.450000
 621 1.450000
 622 1.450000
 623 1.470000
 624 1.470000
 625 1.470000
 626 1.500000
 627 1.490000
 628 1.510000
 629 1.540000
 630 1.510000
 631 1.540000
 632 1.540000
 633 1.560000
 634 1.590000
 635 1.590000
 636 1.590000
 637 1.610000
 638 1.610000
 639 1.640000
 640 1.640000
 641 1.640000
 642 1.660000
 643 1.690000
 644 1.690000
 645 1.710000
 646 1.730000
 647 1.730000
 648 1.730000
 649 1.760000
 650 1.780000
 651 1.810000
 652 1.810000
 653 1.830000
 654 1.830000
 655 1.830000
 656 1.880000
 657 1.880000
 658 1.880000
 659 3.400000
 660 3.380000
 661 3.340000
 662 3.370000
 663 3.380000
 664 3.360000
 665 3.370000
 666 3.340000
 667 3.320000
 668 3.320000
 669 3.320000
 670 3.290000
 671 3.270000
 672 3.250000
 673 3.240000
 674 3.240000
 675 3.250000
 676 3.220000
 677 3.230000
 678 3.250000
 679 3.220000
 680 3.190000
 681 3.240000
 682 3.190000
 683 3.190000
 684 3.220000
 685 2.960000
 686 2.920000
 687 2.910000
 688 2.890000
 689 2.890000
 690 2.890000
 691 2.890000
 692 2.910000
 693 2.910000
 694 2.910000
 695 2.930000
 696 2.940000
 697 2.960000
 698 3.000000
 699 3.020000
 700 3.040000
 701 3.010000
 702 3.060000
 703 3.110000
 704 3.080000
 705 2.890000
 706 2.860000
 707 2.690000
 708 1.580000
 709 1.620000
 710 1.600000
 711 2.680000
 712 2.660000
 713 2.690000
 714 2.680000
 715 2.720000
 716 2.740000
 717 2.740000
 718 3.600000
 719 3.680000
 720 3.670000
 721 3.700000
 722 3.740000
 723 3.740000
 724 3.760000
 725 3.740000
 726 3.760000
 727 3.760000
 728 3.780000
 729 3.790000
 730 3.810000
 731 3.840000
 732 3.820000
 733 3.810000
 734 3.860000
 735 3.890000
 736 3.890000
 737 3.890000
 738 3.910000
 739 3.340000
 740 3.310000
 741 2.880000
 742 2.900000
 743 3.960000
 744 3.550000
 745 3.960000
 746 3.960000
 747 3.960000
 748 3.970000
 749 3.970000
 750 3.990000
 751 3.990000
 752 3.960000
 753 3.990000
 754 3.990000
 755 4.010000
 756 4.000000
 757 4.010000
 758 4.040000
 759 4.030000
 760 4.040000
 0 3.160000
 1 3.160000
 2 3.110000
 3 3.110000
 4 2.980000
 5 3.160000
 6 3.140000
 7 3.030000
 8 3.050000
 9 3.030000
 10 3.070000
 11 3.060000
 12 3.160000
 13 3.160000
 14 3.070000
 15 3.040000
 16 3.190000
 17 3.160000
 18 3.160000
 19 3.160000
 20 3.110000
 21 3.160000
 22 3.110000
 23 3.020000
 24 3.020000
 25 3.030000
 26 3.030000
 27 3.140000
 28 3.010000
 29 2.980000
 30 2.980000
 31 3.140000
 32 3.110000
 33 2.980000
 34 3.110000
 35 3.110000
 36 2.900000
 37 2.710000
 38 2.330000
 39 2.190000
 40 2.160000
 41 2.140000
 42 2.150000
 43 2.150000
 44 2.140000
 45 2.140000
 46 2.120000
 47 2.150000
 48 2.120000
 49 2.150000
 50 2.150000
 51 1.210000
 52 1.240000
 53 1.180000
 54 1.170000
 55 1.130000
 56 1.130000
 57 1.130000
 58 1.130000
 59 1.100000
 60 1.130000
 61 1.130000
 62 1.130000
 63 1.130000
 64 1.100000
 65 1.130000
 66 1.100000
 67 1.100000
 68 1.100000
 69 1.100000
 70 1.100000
 71 1.130000
 72 1.150000
 73 1.130000
 74 1.130000
 75 1.130000
 76 1.110000
 77 1.110000
 78 1.110000
 79 1.140000
 80 1.140000
 81 1.110000
 82 1.130000
 83 1.130000
 84 1.150000
 85 1.120000
 86 1.130000
 87 1.100000
 88 1.140000
 89 1.110000
 90 1.130000
 91 1.130000
 92 1.150000
 93 1.130000
 94 1.150000
 95 1.120000
 96 2.250000
 97 2.240000
 98 2.240000
 99 2.250000
 100 2.260000
 101 2.280000
 102 2.280000
 103 2.280000
 104 2.280000
 105 2.300000
 106 2.320000
 107 2.300000
 108 2.310000
 109 2.300000
 110 2.300000
 111 2.300000
 112 2.340000
 113 2.320000
 114 2.320000
 115 2.350000
 116 2.310000
 117 2.330000
 118 2.320000
 119 2.350000
 120 2.460000
 121 2.390000
 122 2.340000
 123 2.310000
 124 2.320000
 125 2.310000
 126 2.350000
 127 2.370000
 128 2.370000
 129 2.400000
 130 2.410000
 131 2.390000
 132 2.400000
 133 2.390000
 134 2.400000
 135 2.390000
 136 2.410000
 137 2.390000
 138 2.390000
 139 2.390000
 140 2.390000
 141 2.390000
 142 2.420000
 143 2.420000
 144 2.440000
 145 2.480000
 146 3.560000
 147 3.570000
 148 3.630000
 149 3.520000
 150 3.630000
 151 3.590000
 152 3.580000
 153 3.560000
 154 3.510000
 155 3.420000
 156 3.410000
 157 3.420000
 158 3.400000
 159 3.410000
 160 1.130000
 161 1.110000
 162 1.100000
 163 1.090000
 164 1.090000
 165 1.090000
 166 1.060000
 167 1.090000
 168 1.050000
 169 1.050000
 170 1.030000
 171 1.060000
 172 1.040000
 173 1.060000
 174 1.060000
 175 1.060000
 176 1.060000
 177 1.060000
 178 1.090000
 179 1.090000
 180 1.090000
 181 1.080000
 182 1.080000
 183 1.090000
 184 3.910000
 185 3.900000
 186 3.900000
 187 3.940000
 188 3.930000
 189 3.930000
 190 3.920000
 191 3.950000
 192 3.980000
 193 3.980000
 194 4.030000
 195 3.990000
 196 4.110000
 197 4.110000
 198 4.060000
 199 4.130000
 200 4.120000
 201 4.180000
 202 4.060000
 203 4.110000
 204 4.080000
 205 4.100000
 206 4.130000
 207 4.160000
 208 4.160000
 209 4.180000
 210 4.230000
 211 4.250000
 212 4.210000
 213 4.220000
 214 4.250000
 215 0.830000
 216 0.800000
 217 0.800000
 218 0.830000
 219 0.800000
 220 0.800000
 221 0.780000
 222 0.780000
 223 0.780000
 224 0.800000
 225 0.800000
 226 0.780000
 227 0.780000
 228 0.780000
 229 0.780000
 230 0.780000
 231 0.750000
 232 0.780000
 233 0.780000
 234 0.770000
 235 0.770000
 236 0.800000
 237 0.800000
 238 0.800000
 239 0.800000
 240 0.820000
 241 0.800000
 242 0.820000
 243 0.820000
 244 0.800000
 245 0.900000
 246 0.830000
 247 1.450000
 248 1.480000
 249 1.480000
 250 1.500000
 251 1.500000
 252 1.500000
 253 4.970000
 254 4.930000
 255 4.930000
 256 4.940000
 257 4.910000
 258 4.760000
 259 4.730000
 260 4.730000
 261 4.710000
 262 4.710000
 263 4.810000
 264 4.780000
 265 4.760000
 266 4.750000
 267 4.720000
 268 4.690000
 269 4.690000
 270 4.670000
 271 4.670000
 272 4.670000
 273 4.640000
 274 4.610000
 275 4.610000
 276 4.620000
 277 4.590000
 278 2.030000
 279 1.970000
 280 1.950000
 281 1.940000
 282 1.940000
 283 1.940000
 284 1.940000
 285 1.910000
 286 1.930000
 287 1.310000
 288 1.300000
 289 1.290000
 290 1.310000
 291 1.290000
 292 1.260000
 293 1.290000
 294 1.290000
 295 1.290000
 296 1.260000
 297 1.270000
 298 1.260000
 299 1.260000
 300 1.260000
 301 1.270000
 302 1.300000
 303 1.300000
 304 1.320000
 305 1.310000
 306 1.330000
 307 4.280000
 308 4.360000
 309 4.260000
 310 4.230000
 311 4.260000
 312 4.220000
 313 4.250000
 314 0.620000
 315 0.610000
 316 0.600000
 317 0.600000
 318 0.600000
 319 0.600000
 320 0.600000
 321 0.600000
 322 0.600000
 323 0.600000
 324 0.580000
 325 0.600000
 326 0.600000
 327 0.600000
 328 0.600000
 329 0.600000
 330 0.600000
 331 0.600000
 332 0.600000
 333 0.580000
 334 0.600000
 335 0.580000
 336 0.600000
 337 0.600000
 338 0.600000
 339 0.610000
 340 0.600000
 341 0.610000
 342 0.620000
 343 0.640000
 344 0.650000
 345 0.670000
 346 0.700000
 347 4.140000
 348 4.140000
 349 4.140000
 350 4.120000
 351 1.230000
 352 1.190000
 353 1.190000
 354 1.190000
 355 1.160000
 356 1.160000
 357 1.170000
 358 1.170000
 359 1.170000
 360 1.170000
 361 1.200000
 362 1.170000
 363 1.170000
 364 1.170000
 365 1.190000
 366 1.180000
 367 1.240000
 368 1.540000
 369 1.740000
 370 1.740000
 371 1.740000
 372 1.710000
 373 1.710000
 374 1.730000
 375 1.770000
 376 4.990000
 377 4.970000
 378 2.220000
 379 2.270000
 380 2.340000
 381 2.430000
 382 5.010000
 383 4.980000
 384 4.980000
 385 5.000000
 386 5.030000
 387 4.280000
 388 4.830000
 389 4.860000
 390 4.940000
 391 4.230000
 392 4.170000
 393 4.170000
 394 4.260000
 395 4.810000
 396 4.760000
 397 4.580000
 398 4.660000
 399 4.610000
 400 4.490000
 401 4.440000
 402 4.480000
 403 4.490000
 404 4.510000
 405 4.440000
 406 4.460000
 407 4.290000
 408 4.250000
 409 4.250000
 410 4.270000
 411 4.270000
 412 4.320000
 413 4.280000
 414 4.260000
 415 4.250000
 416 4.270000
 417 4.360000
 418 4.340000
 419 4.320000
 420 4.260000
 421 4.210000
 422 4.210000
 423 4.180000
 424 3.910000
 425 3.820000
 426 3.770000
 427 3.740000
 428 3.640000
 429 3.640000
 430 3.620000
 431 3.620000
 432 3.620000
 433 3.600000
 434 3.570000
 435 3.550000
 436 3.520000
 437 3.530000
 438 3.510000
 439 3.530000
 440 3.480000
 441 3.480000
 442 3.570000
 443 3.540000
 444 3.550000
 445 3.540000
 446 3.560000
 447 3.560000
 448 3.540000
 449 3.530000
 450 3.530000
 451 3.530000
 452 3.500000
 453 3.500000
 454 3.520000
 455 3.520000
 456 3.470000
 457 3.440000
 458 3.390000
 459 3.390000
 460 3.440000
 461 3.450000
 462 3.460000
 463 3.430000
 464 3.480000
 465 3.480000
 466 3.480000
 467 3.430000
 468 3.380000
 469 3.480000
 470 3.480000
 471 3.460000
 472 3.450000
 473 3.460000
 474 3.430000
 475 3.430000
 476 3.370000
 477 3.400000
 478 3.230000
 479 3.410000
 480 3.280000
 481 3.410000
 482 3.380000
 483 3.330000
 484 3.300000
 485 3.300000
 486 3.240000
 487 3.230000
 488 3.200000
 489 3.200000
 490 3.230000
 491 3.170000
 492 3.140000
 493 3.160000
 494 3.150000
 495 3.110000
 496 3.110000
 497 3.110000
 498 3.080000
 499 3.080000
 500 3.080000
 501 3.060000
 502 3.050000
 503 3.050000
 504 3.050000
 505 3.060000
 506 3.020000
 507 3.040000
 508 3.030000
 509 3.010000
 510 3.020000
 511 3.050000
 512 3.050000
 513 3.040000
 514 3.060000
 515 2.580000
 516 2.530000
 517 2.410000
 518 2.200000
 519 2.130000
 520 2.100000
 521 2.060000
 522 2.040000
 523 2.020000
 524 2.050000
 525 2.030000
 526 2.010000
 527 1.980000
 528 1.960000
 529 1.940000
 530 1.970000
 531 1.930000
 532 1.960000
 533 3.030000
 534 3.030000
 535 3.030000
 536 3.010000
 537 3.020000
 538 3.010000
 539 3.020000
 540 3.020000
 541 3.020000
 542 3.020000
 543 3.020000
 544 2.990000
 545 3.020000
 546 3.020000
 547 3.020000
 548 3.020000
 549 3.040000
 550 3.030000
 551 3.040000
 552 3.040000
 553 3.040000
 554 3.040000
 555 1.760000
 556 1.810000
 557 1.760000
 558 1.770000
 559 1.770000
 560 1.770000
 561 1.800000
 562 1.800000
 563 1.770000
 564 1.800000
 565 1.820000
 566 1.820000
 567 1.820000
 568 1.850000
 569 1.850000
 570 1.820000
 571 1.870000
 572 1.870000
 573 1.870000
 574 1.870000
 575 1.900000
 576 1.890000
 577 1.900000
 578 1.920000
 579 1.910000
 580 1.920000
 581 1.950000
 582 1.950000
 583 1.950000
 584 1.970000
 585 2.000000
 586 2.000000
 587 2.000000
 588 2.030000
 589 2.020000
 590 2.050000
 591 2.080000
 592 2.080000
 593 2.100000
 594 2.100000
 595 2.130000
 596 2.130000
 597 2.150000
 598 2.180000
 599 2.200000
 600 2.200000
 601 2.230000
 602 2.200000
 603 2.230000
 604 2.200000
 605 2.230000
 606 2.250000
 607 2.280000
 608 2.280000
 609 2.300000
 610 1.420000
 611 1.430000
 612 1.400000
 613 1.400000
 614 1.410000
 615 1.400000
 616 1.400000
 617 1.420000
 618 1.420000
 619 1.450000
 620 1.450000
 621 1.470000
 622 1.470000
 623 1.470000
 624 1.500000
 625 1.470000
 626 1.510000
 627 1.520000
 628 1.510000
 629 1.520000
 630 1.520000
 631 1.540000
 632 1.540000
 633 1.560000
 634 1.560000
 635 1.590000
 636 1.590000
 637 1.610000
 638 1.610000
 639 1.610000
 640 1.660000
 641 1.660000
 642 1.680000
 643 1.680000
 644 1.710000
 645 1.710000
 646 1.710000
 647 1.730000
 648 1.730000
 649 1.780000
 650 1.780000
 651 1.780000
 652 1.830000
 653 1.830000
 654 1.830000
 655 1.860000
 656 1.860000
 657 1.880000
 658 1.920000
 659 3.400000
 660 3.380000
 661 3.340000
 662 3.370000
 663 3.380000
 664 3.380000
 665 3.370000
 666 3.340000
 667 3.320000
 668 3.320000
 669 3.320000
 670 3.290000
 671 3.260000
 672 3.240000
 673 3.250000
 674 3.220000
 675 3.220000
 676 3.220000
 677 3.230000
 678 3.220000
 679 3.230000
 680 3.220000
 681 3.220000
 682 3.190000
 683 3.220000
 684 3.190000
 685 2.980000
 686 2.910000
 687 2.900000
 688 2.920000
 689 2.890000
 690 2.890000
 691 2.890000
 692 2.900000
 693 2.910000
 694 2.910000
 695 2.930000
 696 2.920000
 697 2.960000
 698 3.000000
 699 3.000000
 700 3.020000
 701 2.980000
 702 3.030000
 703 3.080000
 704 3.080000
 705 2.890000
 706 2.850000
 707 2.670000
 708 1.610000
 709 1.640000
 710 1.580000
 711 2.660000
 712 2.660000
 713 2.690000
 714 2.710000
 715 2.710000
 716 2.750000
 717 2.740000
 718 3.610000
 719 3.690000
 720 3.700000
 721 3.700000
 722 3.700000
 723 3.740000
 724 3.740000
 725 3.770000
 726 3.760000
 727 3.780000
 728 3.790000
 729 3.810000
 730 3.790000
 731 3.800000
 732 3.810000
 733 3.800000
 734 3.860000
 735 3.870000
 736 3.890000
 737 3.890000
 738 3.940000
 739 3.340000
 740 3.280000
 741 2.880000
 742 2.900000
 743 3.950000
 744 3.520000
 745 3.960000
 746 3.960000
 747 3.970000
 748 3.960000
 749 3.990000
 750 3.990000
 751 3.990000
 752 3.990000
 753 3.960000
 754 3.980000
 755 4.010000
 756 4.000000
 757 4.010000
 758 4.040000
 759 4.030000
 760 4.050000