
 0 2.880000
 1 2.870000
 2 2.860000
 3 2.890000
 4 2.890000
 5 2.870000
 6 2.850000
 7 2.850000
 8 2.860000
 9 2.870000
 10 2.850000
 11 2.850000
 12 2.850000
 13 2.840000
 14 2.830000
 15 2.800000
 16 2.830000
 17 2.800000
 18 2.840000
 19 3.330000
 20 2.760000
 21 2.750000
 22 2.750000
 23 2.720000
 24 2.740000
 25 2.750000
 26 2.730000
 27 2.760000
 28 2.740000
 29 2.760000
 30 2.750000
 31 2.700000
 32 2.720000
 33 2.700000
 34 2.700000
 35 2.700000
 36 2.820000
 37 3.250000
 38 3.240000
 39 3.120000
 40 2.700000
 41 2.710000
 42 2.680000
 43 2.690000
 44 2.710000
 45 2.700000
 46 2.700000
 47 2.700000
 48 2.700000
 49 2.690000
 50 2.680000
 51 2.660000
 52 2.690000
 53 2.660000
 54 2.700000
 55 3.170000
 56 3.150000
 57 2.650000
 58 2.630000
 59 2.630000
 60 2.620000
 61 2.610000
 62 2.630000
 63 2.600000
 64 2.630000
 65 2.630000
 66 2.630000
 67 2.630000
 68 2.600000
 69 2.590000
 70 2.600000
 71 2.600000
 72 2.600000
 73 2.590000
 74 2.590000
 75 2.600000
 76 2.620000
 77 2.780000
 78 3.150000
 79 3.150000
 80 3.150000
 81 3.180000
 82 3.180000
 83 3.140000
 84 3.300000
 85 3.290000
 86 3.320000
 87 3.330000
 88 3.290000
 89 3.330000
 90 3.350000
 91 3.350000
 92 3.370000
 93 3.480000
 94 3.560000
 95 3.550000
 96 3.510000
 97 3.450000
 98 3.600000
 99 3.580000
 100 3.580000
 101 3.580000
 102 3.640000
 103 3.590000
 104 3.590000
 105 3.590000
 106 3.560000
 107 3.610000
 108 3.560000
 109 3.560000
 110 3.560000
 111 3.590000
 112 3.670000
 113 3.700000
 114 3.600000
 115 3.570000
 116 3.540000
 117 3.590000
 118 3.600000
 119 3.540000
 120 3.510000
 121 3.510000
 122 3.410000
 123 3.360000
 124 3.490000
 125 3.510000
 126 3.380000
 127 3.370000
 128 3.410000
 129 3.360000
 130 3.470000
 131 3.410000
 132 3.380000
 133 3.460000
 134 3.490000
 135 3.470000
 136 3.480000
 137 3.410000
 138 3.410000
 139 3.510000
 140 3.490000
 141 3.510000
 142 3.430000
 143 3.410000
 144 3.500000
 145 3.520000
 146 3.370000
 147 3.410000
 148 3.460000
 149 3.420000
 150 3.430000
 151 3.360000
 152 4.700000
 153 4.700000
 154 4.700000
 155 4.700000
 156 4.700000
 157 4.730000
 158 4.700000
 159 4.700000
 160 4.720000
 161 4.080000
 162 4.090000
 163 4.730000
 164 4.730000
 165 4.730000
 166 4.730000
 167 4.750000
 168 4.750000
 169 4.750000
 170 4.750000
 171 4.750000
 172 4.750000
 173 4.780000
 174 4.750000
 175 4.750000
 176 4.780000
 177 4.750000
 178 4.750000
 179 4.780000
 180 4.780000
 181 4.780000
 182 4.780000
 183 4.690000
 184 4.800000
 185 4.800000
 186 4.250000
 187 4.190000
 188 4.820000
 189 4.800000
 190 4.820000
 191 4.680000
 192 4.570000
 193 4.580000
 194 4.580000
 195 4.850000
 196 4.850000
 197 4.870000
 198 4.870000
 199 4.850000
 200 4.900000
 201 4.900000
 202 3.990000
 203 3.960000
 204 3.990000
 205 3.980000
 206 4.920000
 207 4.910000
 208 4.920000
 209 4.920000
 210 4.950000
 211 4.950000
 212 4.950000
 213 4.970000
 214 4.970000
 215 5.000000
 216 4.970000
 217 4.970000
 218 5.000000
 219 5.000000
 220 5.000000
 221 5.030000
 222 4.420000
 223 4.410000
 224 4.430000
 225 4.420000
 226 4.420000
 227 4.410000
 228 4.400000
 229 4.430000
 230 4.430000
 231 4.410000
 232 5.100000
 233 5.130000
 234 5.150000
 235 4.720000
 236 4.620000
 237 4.540000
 238 4.440000
 239 4.450000
 240 4.450000
 241 4.430000
 242 4.460000
 243 4.470000
 244 4.510000
 245 4.620000
 246 4.540000
 247 4.560000
 248 2.560000
 249 2.500000
 250 2.510000
 251 2.510000
 252 2.540000
 253 2.500000
 254 2.500000
 255 2.520000
 256 2.050000
 257 1.940000
 258 1.950000
 259 1.980000
 260 1.980000
 261 1.980000
 262 1.950000
 263 1.960000
 264 1.940000
 265 1.970000
 266 1.980000
 267 1.980000
 268 1.980000
 269 1.970000
 270 1.970000
 271 1.980000
 272 3.720000
 273 3.760000
 274 3.740000
 275 4.430000
 276 3.570000
 277 3.560000
 278 3.590000
 279 3.940000
 280 3.890000
 281 3.910000
 282 3.750000
 283 3.740000
 284 3.730000
 285 3.770000
 286 4.100000
 287 4.120000
 288 4.120000
 289 4.130000
 290 4.160000
 291 4.450000
 292 4.520000
 293 4.550000
 294 4.550000
 295 4.390000
 296 4.400000
 297 4.370000
 298 4.310000
 299 4.210000
 300 2.670000
 301 2.640000
 302 2.670000
 303 2.680000
 304 2.670000
 305 2.640000
 306 2.640000
 307 2.690000
 308 2.700000
 309 2.700000
 310 2.690000
 311 2.730000
 312 3.480000
 313 3.460000
 314 3.440000
 315 3.470000
 316 3.450000
 317 4.350000
 318 4.350000
 319 2.260000
 320 2.160000
 321 2.130000
 322 2.170000
 323 2.150000
 324 2.170000
 325 2.190000
 326 2.160000
 327 2.190000
 328 2.190000
 329 2.170000
 330 2.220000
 331 2.190000
 332 2.190000
 333 4.170000
 334 4.150000
 335 4.130000
 336 4.130000
 337 4.130000
 338 4.100000
 339 4.100000
 340 4.100000
 341 4.070000
 342 4.070000
 343 4.050000
 344 4.050000
 345 4.050000
 346 4.020000
 347 4.030000
 348 4.000000
 349 4.020000
 350 4.000000
 351 4.000000
 352 4.000000
 353 3.980000
 354 3.980000
 355 3.970000
 356 3.950000
 357 3.950000
 358 3.950000
 359 3.950000
 360 3.930000
 361 3.930000
 362 3.930000
 363 3.900000
 364 3.900000
 365 3.900000
 366 3.110000
 367 3.030000
 368 3.110000
 369 3.000000
 370 3.010000
 371 3.120000
 372 2.980000
 373 3.070000
 374 3.100000
 375 3.070000
 376 3.010000
 377 3.100000
 378 3.100000
 379 3.100000
 380 3.070000
 381 3.070000
 382 3.100000
 383 3.100000
 384 3.040000
 385 3.040000
 386 2.970000
 387 2.980000
 388 2.960000
 389 2.980000
 390 2.950000
 391 2.950000
 392 3.040000
 393 3.040000
 394 3.000000
 395 3.000000
 396 3.020000
 397 2.990000
 398 2.990000
 399 2.970000
 400 2.990000
 401 2.960000
 402 2.990000
 403 2.930000
 404 2.940000
 405 2.940000
 406 2.920000
 407 2.920000
 408 2.960000
 409 2.040000
 410 2.010000
 411 1.950000
 412 1.870000
 413 1.770000
 414 1.710000
 415 1.700000
 416 1.710000
 417 1.730000
 418 1.730000
 419 1.710000
 420 1.710000
 421 1.710000
 422 1.720000
 423 1.720000
 424 1.720000
 425 1.720000
 426 1.710000
 427 1.490000
 428 1.490000
 429 1.440000
 430 1.460000
 431 1.460000
 432 1.460000
 433 1.440000
 434 1.440000
 435 1.440000
 436 1.430000
 437 1.450000
 438 1.450000
 439 1.450000
 440 1.450000
 441 1.480000
 442 1.490000
 443 1.540000
 444 1.750000
 445 1.780000
 446 1.770000
 447 1.770000
 448 1.750000
 449 1.770000
 450 1.780000
 451 1.780000
 452 1.770000
 453 1.790000
 454 1.750000
 455 1.780000
 456 1.780000
 457 1.760000
 458 1.730000
 459 1.760000
 460 1.770000
 461 2.860000
 462 2.900000
 463 2.910000
 464 2.870000
 465 2.870000
 466 2.970000
 467 2.870000
 468 2.870000
 469 1.950000
 470 1.940000
 471 1.940000
 472 1.940000
 473 1.910000
 474 1.940000
 475 1.890000
 476 1.910000
 477 1.300000
 478 1.260000
 479 1.260000
 480 1.260000
 481 1.290000
 482 1.260000
 483 1.260000
 484 1.260000
 485 1.240000
 486 1.260000
 487 1.240000
 488 1.240000
 489 1.250000
 490 1.270000
 491 1.270000
 492 1.300000
 493 1.300000
 494 1.340000
 495 2.460000
 496 2.460000
 497 2.450000
 498 2.450000
 499 2.420000
 500 2.440000
 501 2.430000
 502 2.480000
 503 2.530000
 504 3.610000
 505 2.070000
 506 3.590000
 507 3.640000
 508 3.640000
 509 1.850000
 510 1.790000
 511 1.790000
 512 1.790000
 513 1.760000
 514 1.790000
 515 1.790000
 516 1.790000
 517 1.760000
 518 1.780000
 519 1.810000
 520 1.830000
 521 1.900000
 522 3.380000
 523 3.350000
 524 3.300000
 525 3.280000
 526 2.870000
 527 2.360000
 528 2.350000
 529 2.350000
 530 2.320000
 531 2.320000
 532 2.320000
 533 2.320000
 534 2.330000
 535 2.380000
 536 2.630000
 537 2.910000
 538 2.950000
 539 2.940000
 540 2.990000
 541 1.260000
 542 1.150000
 543 1.190000
 544 1.160000
 545 1.170000
 546 1.170000
 547 1.150000
 548 1.170000
 549 1.170000
 550 1.170000
 551 1.160000
 552 1.160000
 553 1.200000
 554 1.150000
 555 1.140000
 556 1.160000
 557 1.160000
 558 1.180000
 559 1.690000
 560 1.690000
 561 1.710000
 562 1.710000
 563 1.690000
 564 1.710000
 565 1.710000
 566 1.730000
 567 1.940000
 568 2.280000
 569 2.280000
 570 2.290000
 571 2.360000
 572 2.450000
 573 2.340000
 574 2.310000
 575 2.300000
 576 2.260000
 577 2.210000
 578 2.210000
 579 2.190000
 580 2.190000
 581 2.200000
 582 2.060000
 583 2.160000
 584 2.030000
 585 2.110000
 586 2.100000
 587 2.100000
 588 2.020000
 589 2.000000
 590 2.070000
 591 2.030000
 592 2.020000
 593 2.080000
 594 2.020000
 595 1.970000
 596 1.950000
 597 1.970000
 598 1.910000
 599 1.950000
 600 1.950000
 601 1.820000
 602 1.830000
 603 1.790000
 604 1.780000
 605 1.900000
 606 1.760000
 607 1.720000
 608 1.760000
 609 1.850000
 610 1.830000
 611 1.700000
 612 1.800000
 613 1.680000
 614 1.660000
 615 1.680000
 616 1.750000
 617 1.770000
 618 1.750000
 619 1.720000
 620 1.700000
 621 1.700000
 622 1.670000
 623 1.650000
 624 1.700000
 625 1.650000
 626 1.610000
 627 1.590000
 628 1.590000
 629 1.590000
 630 1.580000
 631 1.570000
 632 1.570000
 633 1.550000
 634 1.530000
 635 1.550000
 636 1.510000
 637 1.410000
 638 1.380000
 639 1.440000
 640 1.360000
 641 1.380000
 642 1.360000
 643 1.430000
 644 1.470000
 645 1.370000
 646 1.360000
 647 1.320000
 648 1.330000
 649 1.290000
 650 1.310000
 651 1.970000
 652 1.400000
 653 1.360000
 654 1.320000
 655 1.410000
 656 1.400000
 657 1.270000
 658 1.390000
 659 1.280000
 660 1.350000
 661 1.340000
 662 1.350000
 663 1.230000
 664 1.340000
 665 1.310000
 666 1.390000
 667 1.360000
 668 1.340000
 669 1.240000
 670 1.370000
 671 1.340000
 672 1.360000
 673 1.350000
 674 1.310000
 675 1.310000
 676 1.340000
 677 1.310000
 678 1.310000
 679 1.220000
 680 1.230000
 681 1.310000
 682 1.310000
 683 1.310000
 684 1.340000
 685 1.230000
 686 1.200000
 687 1.200000
 688 1.210000
 689 1.230000
 690 1.180000
 691 1.180000
 692 1.180000
 693 1.180000
 694 1.160000
 695 1.160000
 696 1.170000
 697 1.130000
 698 1.110000
 699 6.690000
 700 6.670000
 701 6.670000
 702 6.650000
 703 5.660000
 704 6.620000
 705 6.600000
 706 6.600000
 707 5.040000
 708 6.570000
 709 6.550000
 710 6.530000
 711 6.500000
 712 5.470000
 713 5.450000
 714 5.420000
 715 5.270000
 716 5.220000
 717 5.210000
 718 5.210000
 719 5.260000
 720 0.790000
 721 0.780000
 722 0.810000
 723 0.810000
 724 0.800000
 725 0.790000
 726 0.780000
 727 0.780000
 728 0.770000
 729 0.790000
 730 0.780000
 731 0.790000
 732 0.780000
 733 0.790000
 734 0.810000
 735 0.810000
 736 0.810000
 737 0.840000
 738 0.840000
 739 0.840000
 740 0.860000
 741 0.860000
 742 0.840000
 743 0.860000
 744 0.860000
 745 0.890000
 746 0.890000
 747 0.890000
 748 0.890000
 749 0.890000
 750 0.910000
 751 0.910000
 752 0.910000
 753 0.910000
 754 0.940000
 755 0.940000
 756 0.940000
 757 0.940000
 758 0.960000
 759 0.960000
 760 0.970000
 0 2.880000
 1 2.870000
 2 2.880000
 3 2.890000
 4 2.890000
 5 2.870000
 6 2.870000
 7 2.850000
 8 2.860000
 9 2.850000
 10 2.850000
 11 2.880000
 12 2.820000
 13 2.840000
 14 2.830000
 15 2.830000
 16 2.800000
 17 2.800000
 18 2.830000
 19 3.330000
 20 2.730000
 21 2.750000
 22 2.750000
 23 2.750000
 24 2.740000
 25 2.750000
 26 2.750000
 27 2.760000
 28 2.760000
 29 2.740000
 30 2.750000
 31 2.730000
 32 2.700000
 33 2.700000
 34 2.700000
 35 2.700000
 36 2.820000
 37 3.250000
 38 3.240000
 39 3.120000
 40 2.710000
 41 2.710000
 42 2.680000
 43 2.690000
 44 2.690000
 45 2.700000
 46 2.730000
 47 2.700000
 48 2.720000
 49 2.690000
 50 2.680000
 51 2.690000
 52 2.690000
 53 2.690000
 54 2.700000
 55 3.150000
 56 3.150000
 57 2.650000
 58 2.600000
 59 2.600000
 60 2.600000
 61 2.610000
 62 2.600000
 63 2.600000
 64 2.630000
 65 2.600000
 66 2.630000
 67 2.600000
 68 2.630000
 69 2.590000
 70 2.600000
 71 2.600000
 72 2.570000
 73 2.590000
 74 2.590000
 75 2.570000
 76 2.620000
 77 2.800000
 78 3.150000
 79 3.150000
 80 3.150000
 81 3.180000
 82 3.180000
 83 3.170000
 84 3.270000
 85 3.280000
 86 3.300000
 87 3.290000
 88 3.330000
 89 3.330000
 90 3.350000
 91 3.350000
 92 3.390000
 93 3.460000
 94 3.560000
 95 3.570000
 96 3.510000
 97 3.480000
 98 3.600000
 99 3.580000
 100 3.580000
 101 3.580000
 102 3.640000
 103 3.590000
 104 3.560000
 105 3.590000
 106 3.540000
 107 3.590000
 108 3.560000
 109 3.590000
 110 3.560000
 111 3.590000
 112 3.650000
 113 3.670000
 114 3.600000
 115 3.570000
 116 3.540000
 117 3.590000
 118 3.570000
 119 3.540000
 120 3.510000
 121 3.510000
 122 3.410000
 123 3.380000
 124 3.490000
 125 3.470000
 126 3.360000
 127 3.370000
 128 3.380000
 129 3.380000
 130 3.380000
 131 3.380000
 132 3.380000
 133 3.470000
 134 3.440000
 135 3.470000
 136 3.480000
 137 3.430000
 138 3.430000
 139 3.500000
 140 3.470000
 141 3.510000
 142 3.430000
 143 3.410000
 144 3.500000
 145 3.500000
 146 3.370000
 147 3.380000
 148 3.440000
 149 3.420000
 150 3.450000
 151 3.380000
 152 4.700000
 153 4.730000
 154 4.700000
 155 4.730000
 156 4.700000
 157 4.700000
 158 4.730000
 159 4.700000
 160 4.690000
 161 4.080000
 162 4.070000
 163 4.750000
 164 4.730000
 165 4.730000
 166 4.730000
 167 4.750000
 168 4.750000
 169 4.730000
 170 4.750000
 171 4.750000
 172 4.750000
 173 4.750000
 174 4.750000
 175 4.780000
 176 4.750000
 177 4.780000
 178 4.780000
 179 4.780000
 180 4.780000
 181 4.780000
 182 4.780000
 183 4.690000
 184 4.770000
 185 4.800000
 186 4.220000
 187 4.220000
 188 4.820000
 189 4.820000
 190 4.800000
 191 4.680000
 192 4.550000
 193 4.550000
 194 4.600000
 195 4.850000
 196 4.870000
 197 4.870000
 198 4.870000
 199 4.870000
 200 4.870000
 201 4.870000
 202 3.990000
 203 3.990000
 204 3.990000
 205 3.980000
 206 4.900000
 207 4.920000
 208 4.950000
 209 4.950000
 210 4.970000
 211 4.970000
 212 4.970000
 213 4.950000
 214 4.950000
 215 4.970000
 216 5.000000
 217 5.000000
 218 5.000000
 219 5.000000
 220 5.000000
 221 5.030000
 222 4.420000
 223 4.410000
 224 4.400000
 225 4.400000
 226 4.400000
 227 4.390000
 228 4.400000
 229 4.400000
 230 4.400000
 231 4.440000
 232 5.120000
 233 5.150000
 234 5.120000
 235 4.750000
 236 4.620000
 237 4.540000
 238 4.440000
 239 4.450000
 240 4.460000
 241 4.470000
 242 4.460000
 243 4.470000
 244 4.480000
 245 4.620000
 246 4.560000
 247 4.540000
 248 2.560000
 249 2.530000
 250 2.510000
 251 2.510000
 252 2.510000
 253 2.500000
 254 2.500000
 255 2.500000
 256 2.050000
 257 1.950000
 258 1.980000
 259 1.950000
 260 1.980000
 261 1.980000
 262 1.970000
 263 1.960000
 264 1.960000
 265 1.970000
 266 1.980000
 267 1.980000
 268 1.980000
 269 1.970000
 270 1.970000
 271 2.000000
 272 3.720000
 273 3.720000
 274 3.740000
 275 4.430000
 276 3.590000
 277 3.560000
 278 3.590000
 279 3.970000
 280 3.920000
 281 3.910000
 282 3.780000
 283 3.740000
 284 3.750000
 285 3.770000
 286 4.130000
 287 4.140000
 288 4.130000
 289 4.140000
 290 4.180000
 291 4.470000
 292 4.570000
 293 4.550000
 294 4.550000
 295 4.390000
 296 4.400000
 297 4.360000
 298 4.320000
 299 4.240000
 300 2.680000
 301 2.660000
 302 2.670000
 303 2.680000
 304 2.700000
 305 2.670000
 306 2.670000
 307 2.700000
 308 2.700000
 309 2.700000
 310 2.710000
 311 2.730000
 312 3.450000
 313 3.440000
 314 3.440000
 315 3.470000
 316 3.480000
 317 4.350000
 318 4.350000
 319 2.260000
 320 2.160000
 321 2.130000
 322 2.170000
 323 2.170000
 324 2.170000
 325 2.190000
 326 2.170000
 327 2.160000
 328 2.200000
 329 2.200000
 330 2.200000
 331 2.190000
 332 2.210000
 333 4.170000
 334 4.150000
 335 4.150000
 336 4.130000
 337 4.130000
 338 4.100000
 339 4.100000
 340 4.070000
 341 4.100000
 342 4.070000
 343 4.070000
 344 4.050000
 345 4.050000
 346 4.020000
 347 4.000000
 348 4.000000
 349 4.000000
 350 4.000000
 351 4.000000
 352 3.980000
 353 3.980000
 354 3.980000
 355 3.950000
 356 3.950000
 357 3.930000
 358 3.930000
 359 3.950000
 360 3.930000
 361 3.930000
 362 3.930000
 363 3.900000
 364 3.900000
 365 3.880000
 366 3.110000
 367 3.060000
 368 3.110000
 369 3.000000
 370 2.980000
 371 2.980000
 372 3.010000
 373 3.100000
 374 3.100000
 375 3.100000
 376 2.960000
 377 3.100000
 378 3.100000
 379 3.100000
 380 3.100000
 381 3.070000
 382 3.100000
 383 3.100000
 384 3.060000
 385 3.040000
 386 2.950000
 387 2.980000
 388 2.960000
 389 2.950000
 390 2.970000
 391 2.970000
 392 3.020000
 393 3.040000
 394 2.990000
 395 3.000000
 396 3.020000
 397 2.990000
 398 2.970000
 399 2.970000
 400 2.970000
 401 2.970000
 402 2.990000
 403 2.930000
 404 2.940000
 405 2.940000
 406 2.920000
 407 2.940000
 408 2.950000
 409 2.040000
 410 2.010000
 411 1.980000
 412 1.870000
 413 1.800000
 414 1.710000
 415 1.700000
 416 1.710000
 417 1.700000
 418 1.730000
 419 1.710000
 420 1.740000
 421 1.710000
 422 1.720000
 423 1.720000
 424 1.720000
 425 1.720000
 426 1.710000
 427 1.490000
 428 1.460000
 429 1.460000
 430 1.440000
 431 1.460000
 432 1.440000
 433 1.440000
 434 1.440000
 435 1.440000
 436 1.450000
 437 1.450000
 438 1.450000
 439 1.450000
 440 1.450000
 441 1.480000
 442 1.480000
 443 1.540000
 444 1.770000
 445 1.750000
 446 1.770000
 447 1.750000
 448 1.770000
 449 1.770000
 450 1.780000
 451 1.780000
 452 1.770000
 453 1.760000
 454 1.780000
 455 1.780000
 456 1.760000
 457 1.760000
 458 1.800000
 459 1.730000
 460 1.770000
 461 2.890000
 462 2.900000
 463 2.880000
 464 2.870000
 465 2.890000
 466 2.880000
 467 2.870000
 468 2.870000
 469 1.950000
 470 1.940000
 471 1.940000
 472 1.940000
 473 1.910000
 474 1.910000
 475 1.910000
 476 1.910000
 477 1.320000
 478 1.290000
 479 1.290000
 480 1.260000
 481 1.290000
 482 1.260000
 483 1.260000
 484 1.260000
 485 1.260000
 486 1.260000
 487 1.260000
 488 1.240000
 489 1.250000
 490 1.270000
 491 1.270000
 492 1.270000
 493 1.300000
 494 1.310000
 495 2.440000
 496 2.440000
 497 2.450000
 498 2.450000
 499 2.450000
 500 2.410000
 501 2.430000
 502 2.450000
 503 2.500000
 504 3.610000
 505 2.040000
 506 3.610000
 507 3.640000
 508 3.640000
 509 1.830000
 510 1.790000
 511 1.790000
 512 1.810000
 513 1.790000
 514 1.790000
 515 1.790000
 516 1.760000
 517 1.760000
 518 1.780000
 519 1.810000
 520 1.830000
 521 1.870000
 522 3.400000
 523 3.350000
 524 3.330000
 525 3.280000
 526 2.850000
 527 2.330000
 528 2.320000
 529 2.350000
 530 2.350000
 531 2.320000
 532 2.320000
 533 2.320000
 534 2.330000
 535 2.380000
 536 2.630000
 537 2.930000
 538 2.950000
 539 2.940000
 540 2.990000
 541 1.260000
 542 1.180000
 543 1.190000
 544 1.160000
 545 1.170000
 546 1.170000
 547 1.170000
 548 1.170000
 549 1.170000
 550 1.170000
 551 1.170000
 552 1.190000
 553 1.200000
 554 1.150000
 555 1.140000
 556 1.140000
 557 1.160000
 558 1.150000
 559 1.690000
 560 1.710000
 561 1.710000
 562 1.710000
 563 1.710000
 564 1.690000
 565 1.710000
 566 1.700000
 567 1.910000
 568 2.280000
 569 2.270000
 570 2.290000
 571 2.360000
 572 2.420000
 573 2.340000
 574 2.310000
 575 2.300000
 576 2.260000
 577 2.210000
 578 2.240000
 579 2.190000
 580 2.190000
 581 2.200000
 582 2.170000
 583 2.160000
 584 2.030000
 585 2.110000
 586 2.100000
 587 2.120000
 588 2.040000
 589 2.000000
 590 2.050000
 591 2.050000
 592 2.020000
 593 2.080000
 594 2.020000
 595 1.970000
 596 1.970000
 597 1.970000
 598 1.850000
 599 1.950000
 600 1.950000
 601 1.820000
 602 1.810000
 603 1.810000
 604 1.780000
 605 1.900000
 606 1.760000
 607 1.720000
 608 1.760000
 609 1.850000
 610 1.820000
 611 1.700000
 612 1.770000
 613 1.680000
 614 1.660000
 615 1.660000
 616 1.750000
 617 1.750000
 618 1.720000
 619 1.700000
 620 1.720000
 621 1.700000
 622 1.670000
 623 1.670000
 624 1.670000
 625 1.670000
 626 1.610000
 627 1.590000
 628 1.600000
 629 1.570000
 630 1.560000
 631 1.570000
 632 1.570000
 633 1.570000
 634 1.530000
 635 1.550000
 636 1.520000
 637 1.410000
 638 1.380000
 639 1.470000
 640 1.380000
 641 1.380000
 642 1.380000
 643 1.430000
 644 1.470000
 645 1.350000
 646 1.330000
 647 1.320000
 648 1.360000
 649 1.290000
 650 1.310000
 651 1.960000
 652 1.370000
 653 1.390000
 654 1.290000
 655 1.390000
 656 1.310000
 657 1.270000
 658 1.390000
 659 1.280000
 660 1.350000
 661 1.340000
 662 1.350000
 663 1.380000
 664 1.330000
 665 1.340000
 666 1.390000
 667 1.330000
 668 1.340000
 669 1.260000
 670 1.370000
 671 1.340000
 672 1.360000
 673 1.340000
 674 1.310000
 675 1.310000
 676 1.340000
 677 1.310000
 678 1.310000
 679 1.220000
 680 1.230000
 681 1.310000
 682 1.280000
 683 1.280000
 684 1.310000
 685 1.210000
 686 1.200000
 687 1.200000
 688 1.200000
 689 1.230000
 690 1.180000
 691 1.180000
 692 1.180000
 693 1.180000
 694 1.160000
 695 1.160000
 696 1.170000
 697 1.130000
 698 1.160000
 699 6.690000
 700 6.670000
 701 6.670000
 702 6.650000
 703 5.660000
 704 6.600000
 705 6.600000
 706 6.600000
 707 5.040000
 708 6.570000
 709 6.550000
 710 6.530000
 711 6.520000
 712 5.500000
 713 5.420000
 714 5.420000
 715 5.330000
 716 5.230000
 717 5.260000
 718 5.250000
 719 5.260000
 720 0.790000
 721 0.780000
 722 0.800000
 723 0.780000
 724 0.800000
 725 0.780000
 726 0.800000
 727 0.780000
 728 0.810000
 729 0.780000
 730 0.790000
 731 0.790000
 732 0.810000
 733 0.810000
 734 0.810000
 735 0.810000
 736 0.810000
 737 0.830000
 738 0.840000
 739 0.840000
 740 0.840000
 741 0.860000
 742 0.840000
 743 0.890000
 744 0.890000
 745 0.860000
 746 0.890000
 747 0.890000
 748 0.890000
 749 0.910000
 750 0.910000
 751 0.910000
 752 0.910000
 753 0.910000
 754 0.940000
 755 0.950000
 756 0.970000
 757 0.940000
 758 0.960000
 759 0.970000
 760 0.970000
 0 2.860000
 1 2.850000
 2 2.860000
 3 2.880000
 4 2.890000
 5 2.870000
 6 2.870000
 7 2.860000
 8 2.860000
 9 2.870000
 10 2.850000
 11 2.850000
 12 2.850000
 13 2.840000
 14 2.830000
 15 2.830000
 16 2.830000
 17 2.820000
 18 2.830000
 19 3.310000
 20 2.760000
 21 2.750000
 22 2.730000
 23 2.750000
 24 2.740000
 25 2.730000
 26 2.730000
 27 2.760000
 28 2.740000
 29 2.740000
 30 2.730000
 31 2.710000
 32 2.700000
 33 2.700000
 34 2.700000
 35 2.710000
 36 2.820000
 37 3.260000
 38 3.260000
 39 3.120000
 40 2.710000
 41 2.680000
 42 2.710000
 43 2.710000
 44 2.710000
 45 2.700000
 46 2.700000
 47 2.700000
 48 2.700000
 49 2.690000
 50 2.660000
 51 2.660000
 52 2.690000
 53 2.660000
 54 2.710000
 55 3.150000
 56 3.150000
 57 2.650000
 58 2.600000
 59 2.600000
 60 2.600000
 61 2.610000
 62 2.640000
 63 2.630000
 64 2.610000
 65 2.630000
 66 2.630000
 67 2.630000
 68 2.610000
 69 2.590000
 70 2.600000
 71 2.600000
 72 2.600000
 73 2.590000
 74 2.610000
 75 2.600000
 76 2.620000
 77 2.810000
 78 3.160000
 79 3.150000
 80 3.160000
 81 3.190000
 82 3.190000
 83 3.140000
 84 3.280000
 85 3.310000
 86 3.290000
 87 3.290000
 88 3.320000
 89 3.330000
 90 3.290000
 91 3.350000
 92 3.390000
 93 3.480000
 94 3.570000
 95 3.580000
 96 3.510000
 97 3.480000
 98 3.570000
 99 3.560000
 100 3.580000
 101 3.580000
 102 3.640000
 103 3.590000
 104 3.560000
 105 3.590000
 106 3.560000
 107 3.590000
 108 3.560000
 109 3.590000
 110 3.540000
 111 3.590000
 112 3.670000
 113 3.670000
 114 3.600000
 115 3.600000
 116 3.540000
 117 3.560000
 118 3.600000
 119 3.540000
 120 3.510000
 121 3.510000
 122 3.410000
 123 3.380000
 124 3.490000
 125 3.480000
 126 3.380000
 127 3.380000
 128 3.380000
 129 3.380000
 130 3.460000
 131 3.380000
 132 3.410000
 133 3.440000
 134 3.470000
 135 3.470000
 136 3.480000
 137 3.410000
 138 3.430000
 139 3.480000
 140 3.490000
 141 3.500000
 142 3.410000
 143 3.410000
 144 3.510000
 145 3.500000
 146 3.400000
 147 3.380000
 148 3.440000
 149 3.450000
 150 3.430000
 151 3.360000
 152 4.710000
 153 4.710000
 154 4.710000
 155 4.710000
 156 4.730000
 157 4.710000
 158 4.730000
 159 4.720000
 160 4.710000
 161 4.080000
 162 4.070000
 163 4.730000
 164 4.730000
 165 4.730000
 166 4.760000
 167 4.720000
 168 4.720000
 169 4.760000
 170 4.760000
 171 4.730000
 172 4.760000
 173 4.780000
 174 4.780000
 175 4.760000
 176 4.780000
 177 4.780000
 178 4.760000
 179 4.760000
 180 4.810000
 181 4.780000
 182 4.800000
 183 4.690000
 184 4.800000
 185 4.770000
 186 4.230000
 187 4.220000
 188 4.820000
 189 4.830000
 190 4.820000
 191 4.660000
 192 4.570000
 193 4.580000
 194 4.580000
 195 4.820000
 196 4.870000
 197 4.870000
 198 4.850000
 199 4.870000
 200 4.870000
 201 4.870000
 202 3.970000
 203 3.990000
 204 3.980000
 205 3.980000
 206 4.920000
 207 4.920000
 208 4.920000
 209 4.950000
 210 4.950000
 211 4.950000
 212 4.950000
 213 4.970000
 214 4.970000
 215 4.970000
 216 5.000000
 217 5.000000
 218 5.000000
 219 5.010000
 220 5.030000
 221 5.010000
 222 4.420000
 223 4.410000
 224 4.410000
 225 4.400000
 226 4.400000
 227 4.410000
 228 4.430000
 229 4.430000
 230 4.430000
 231 4.410000
 232 5.100000
 233 5.150000
 234 5.120000
 235 4.780000
 236 4.620000
 237 4.540000
 238 4.470000
 239 4.450000
 240 4.450000
 241 4.470000
 242 4.460000
 243 4.470000
 244 4.480000
 245 4.620000
 246 4.540000
 247 4.540000
 248 2.560000
 249 2.510000
 250 2.510000
 251 2.510000
 252 2.510000
 253 2.510000
 254 2.510000
 255 2.500000
 256 2.050000
 257 1.940000
 258 1.980000
 259 1.980000
 260 1.960000
 261 1.980000
 262 1.970000
 263 1.970000
 264 1.940000
 265 1.970000
 266 1.980000
 267 1.980000
 268 1.980000
 269 1.970000
 270 1.970000
 271 2.000000
 272 3.720000
 273 3.730000
 274 3.740000
 275 4.430000
 276 3.570000
 277 3.560000
 278 3.560000
 279 3.970000
 280 3.890000
 281 3.910000
 282 3.760000
 283 3.740000
 284 3.760000
 285 3.770000
 286 4.140000
 287 4.140000
 288 4.110000
 289 4.120000
 290 4.160000
 291 4.450000
 292 4.550000
 293 4.550000
 294 4.580000
 295 4.390000
 296 4.400000
 297 4.380000
 298 4.340000
 299 4.240000
 300 2.660000
 301 2.640000
 302 2.700000
 303 2.670000
 304 2.670000
 305 2.640000
 306 2.640000
 307 2.700000
 308 2.670000
 309 2.700000
 310 2.690000
 311 2.710000
 312 3.480000
 313 3.460000
 314 3.440000
 315 3.470000
 316 3.450000
 317 4.350000
 318 4.320000
 319 2.280000
 320 2.180000
 321 2.170000
 322 2.170000
 323 2.170000
 324 2.170000
 325 2.170000
 326 2.140000
 327 2.170000
 328 2.190000
 329 2.200000
 330 2.200000
 331 2.190000
 332 2.220000
 333 4.150000
 334 4.160000
 335 4.160000
 336 4.130000
 337 4.130000
 338 4.110000
 339 4.110000
 340 4.070000
 341 4.070000
 342 4.070000
 343 4.080000
 344 4.050000
 345 4.050000
 346 4.020000
 347 4.010000
 348 4.010000
 349 4.020000
 350 4.000000
 351 4.010000
 352 3.980000
 353 3.980000
 354 3.980000
 355 3.970000
 356 3.980000
 357 3.960000
 358 3.960000
 359 3.930000
 360 3.930000
 361 3.930000
 362 3.910000
 363 3.910000
 364 3.880000
 365 3.910000
 366 3.120000
 367 3.040000
 368 3.110000
 369 3.000000
 370 3.010000
 371 3.120000
 372 2.980000
 373 3.100000
 374 3.100000
 375 3.100000
 376 2.980000
 377 3.070000
 378 3.070000
 379 3.120000
 380 3.070000
 381 3.070000
 382 3.100000
 383 3.070000
 384 3.070000
 385 3.070000
 386 2.950000
 387 2.980000
 388 2.960000
 389 2.980000
 390 2.950000
 391 2.950000
 392 3.020000
 393 3.020000
 394 2.990000
 395 2.990000
 396 3.020000
 397 3.000000
 398 2.970000
 399 2.990000
 400 2.990000
 401 2.960000
 402 2.990000
 403 2.930000
 404 4.330000
 405 2.940000
 406 2.930000
 407 2.940000
 408 2.960000
 409 2.040000
 410 2.010000
 411 1.960000
 412 1.870000
 413 1.770000
 414 1.710000
 415 1.720000
 416 1.710000
 417 1.730000
 418 1.730000
 419 1.710000
 420 1.710000
 421 1.710000
 422 1.720000
 423 1.750000
 424 1.750000
 425 1.720000
 426 1.710000
 427 1.490000
 428 1.490000
 429 1.460000
 430 1.460000
 431 1.460000
 432 1.440000
 433 1.460000
 434 1.410000
 435 1.440000
 436 1.430000
 437 1.430000
 438 1.460000
 439 1.460000
 440 1.460000
 441 1.460000
 442 1.480000
 443 1.540000
 444 1.750000
 445 1.780000
 446 1.750000
 447 1.770000
 448 1.770000
 449 1.770000
 450 1.750000
 451 1.780000
 452 1.770000
 453 1.790000
 454 1.780000
 455 1.780000
 456 1.770000
 457 1.800000
 458 1.760000
 459 1.760000
 460 1.800000
 461 2.910000
 462 2.880000
 463 2.880000
 464 2.870000
 465 2.890000
 466 2.940000
 467 2.880000
 468 2.840000
 469 1.930000
 470 1.910000
 471 1.910000
 472 1.940000
 473 1.910000
 474 1.940000
 475 1.910000
 476 1.890000
 477 1.300000
 478 1.260000
 479 1.260000
 480 1.260000
 481 1.260000
 482 1.240000
 483 1.260000
 484 1.260000
 485 1.260000
 486 1.260000
 487 1.260000
 488 1.240000
 489 1.260000
 490 1.250000
 491 1.300000
 492 1.300000
 493 1.300000
 494 1.310000
 495 2.440000
 496 2.440000
 497 2.450000
 498 2.420000
 499 2.450000
 500 2.410000
 501 2.460000
 502 2.460000
 503 2.510000
 504 3.610000
 505 2.050000
 506 3.610000
 507 3.610000
 508 3.640000
 509 1.830000
 510 1.790000
 511 1.790000
 512 1.790000
 513 1.790000
 514 1.790000
 515 1.790000
 516 1.790000
 517 1.760000
 518 1.810000
 519 1.780000
 520 1.830000
 521 1.900000
 522 3.370000
 523 3.370000
 524 3.310000
 525 3.280000
 526 2.870000
 527 2.330000
 528 2.350000
 529 2.320000
 530 2.350000
 531 2.320000
 532 2.320000
 533 2.320000
 534 2.330000
 535 2.360000
 536 2.640000
 537 2.930000
 538 2.950000
 539 2.940000
 540 2.990000
 541 1.230000
 542 1.160000
 543 1.160000
 544 1.160000
 545 1.170000
 546 1.170000
 547 1.170000
 548 1.170000
 549 1.170000
 550 1.170000
 551 1.170000
 552 1.160000
 553 1.180000
 554 1.180000
 555 1.140000
 556 1.150000
 557 1.160000
 558 1.160000
 559 1.690000
 560 1.710000
 561 1.710000
 562 1.710000
 563 1.710000
 564 1.690000
 565 1.690000
 566 1.730000
 567 1.890000
 568 2.280000
 569 2.270000
 570 2.290000
 571 2.370000
 572 2.420000
 573 2.340000
 574 2.320000
 575 2.290000
 576 2.270000
 577 2.240000
 578 2.220000
 579 2.200000
 580 2.190000
 581 2.200000
 582 2.200000
 583 2.140000
 584 2.010000
 585 2.120000
 586 2.100000
 587 2.120000
 588 2.050000
 589 2.000000
 590 2.070000
 591 2.050000
 592 2.020000
 593 2.080000
 594 2.020000
 595 2.000000
 596 1.970000
 597 1.970000
 598 1.880000
 599 1.950000
 600 1.960000
 601 1.800000
 602 1.810000
 603 1.810000
 604 1.780000
 605 1.880000
 606 1.760000
 607 1.750000
 608 1.760000
 609 1.820000
 610 1.830000
 611 1.700000
 612 1.800000
 613 1.680000
 614 1.660000
 615 1.660000
 616 1.750000
 617 1.770000
 618 1.750000
 619 1.700000
 620 1.720000
 621 1.700000
 622 1.670000
 623 1.670000
 624 1.670000
 625 1.670000
 626 1.620000
 627 1.570000
 628 1.590000
 629 1.590000
 630 1.580000
 631 1.570000
 632 1.600000
 633 1.570000
 634 1.530000
 635 1.520000
 636 1.520000
 637 1.410000
 638 1.410000
 639 1.470000
 640 1.380000
 641 1.380000
 642 1.360000
 643 1.430000
 644 1.500000
 645 1.350000
 646 1.360000
 647 1.340000
 648 1.330000
 649 1.320000
 650 1.310000
 651 1.960000
 652 1.410000
 653 1.390000
 654 1.290000
 655 1.310000
 656 1.340000
 657 1.280000
 658 1.370000
 659 1.260000
 660 1.370000
 661 1.310000
 662 1.340000
 663 1.360000
 664 1.340000
 665 1.320000
 666 1.390000
 667 1.330000
 668 1.340000
 669 1.240000
 670 1.230000
 671 1.370000
 672 1.370000
 673 1.340000
 674 1.320000
 675 1.290000
 676 1.370000
 677 1.320000
 678 1.310000
 679 1.250000
 680 1.230000
 681 1.240000
 682 1.310000
 683 1.280000
 684 1.340000
 685 1.210000
 686 1.200000
 687 1.180000
 688 1.210000
 689 1.240000
 690 1.180000
 691 1.180000
 692 1.180000
 693 1.190000
 694 1.160000
 695 1.160000
 696 1.190000
 697 1.130000
 698 1.160000
 699 6.690000
 700 6.690000
 701 6.670000
 702 6.650000
 703 5.680000
 704 6.630000
 705 6.600000
 706 6.600000
 707 5.070000
 708 6.580000
 709 6.550000
 710 6.530000
 711 6.530000
 712 5.490000
 713 5.450000
 714 5.450000
 715 5.240000
 716 5.240000
 717 5.230000
 718 5.250000
 719 5.300000
 720 0.770000
 721 0.810000
 722 0.790000
 723 0.770000
 724 0.810000
 725 0.800000
 726 0.780000
 727 0.790000
 728 0.800000
 729 0.780000
 730 0.820000
 731 0.820000
 732 0.780000
 733 0.820000
 734 0.810000
 735 0.820000
 736 0.820000
 737 0.820000
 738 0.840000
 739 0.840000
 740 0.840000
 741 0.870000
 742 0.870000
 743 0.870000
 744 0.870000
 745 0.890000
 746 0.890000
 747 0.890000
 748 0.890000
 749 0.890000
 750 0.920000
 751 0.920000
 752 0.920000
 753 0.920000
 754 0.920000
 755 0.940000
 756 0.970000
 757 0.970000
 758 0.970000
 759 0.980000
 760 0.960000
 0 2.880000
 1 2.850000
 2 2.860000
 3 2.900000
 4 2.890000
 5 2.870000
 6 2.850000
 7 2.880000
 8 2.840000
 9 2.850000
 10 2.870000
 11 2.850000
 12 2.850000
 13 2.840000
 14 2.810000
 15 2.810000
 16 2.810000
 17 2.800000
 18 2.830000
 19 3.330000
 20 2.760000
 21 2.730000
 22 2.730000
 23 2.720000
 24 2.740000
 25 2.730000
 26 2.760000
 27 2.760000
 28 2.760000
 29 2.740000
 30 2.730000
 31 2.710000
 32 2.700000
 33 2.700000
 34 2.700000
 35 2.710000
 36 2.800000
 37 3.280000
 38 3.240000
 39 3.150000
 40 2.710000
 41 2.710000
 42 2.710000
 43 2.690000
 44 2.710000
 45 2.720000
 46 2.700000
 47 2.700000
 48 2.700000
 49 2.690000
 50 2.680000
 51 2.690000
 52 2.690000
 53 2.690000
 54 2.710000
 55 3.170000
 56 3.150000
 57 2.650000
 58 2.630000
 59 2.630000
 60 2.600000
 61 2.610000
 62 2.610000
 63 2.630000
 64 2.630000
 65 2.630000
 66 2.630000
 67 2.610000
 68 2.630000
 69 2.590000
 70 2.600000
 71 2.580000
 72 2.570000
 73 2.610000
 74 2.590000
 75 2.600000
 76 2.620000
 77 2.810000
 78 3.160000
 79 3.150000
 80 3.160000
 81 3.180000
 82 3.160000
 83 3.140000
 84 3.290000
 85 3.290000
 86 3.320000
 87 3.300000
 88 3.330000
 89 3.330000
 90 3.340000
 91 3.380000
 92 3.370000
 93 3.510000
 94 3.570000
 95 3.560000
 96 3.510000
 97 3.480000
 98 3.570000
 99 3.580000
 100 3.580000
 101 3.580000
 102 3.640000
 103 3.610000
 104 3.590000
 105 3.590000
 106 3.560000
 107 3.610000
 108 3.540000
 109 3.590000
 110 3.540000
 111 3.590000
 112 3.670000
 113 3.670000
 114 3.570000
 115 3.570000
 116 3.540000
 117 3.560000
 118 3.600000
 119 3.510000
 120 3.510000
 121 3.510000
 122 3.410000
 123 3.380000
 124 3.490000
 125 3.480000
 126 3.360000
 127 3.380000
 128 3.410000
 129 3.360000
 130 3.410000
 131 3.380000
 132 3.410000
 133 3.470000
 134 3.450000
 135 3.470000
 136 3.480000
 137 3.430000
 138 3.430000
 139 3.490000
 140 3.490000
 141 3.500000
 142 3.430000
 143 3.430000
 144 3.510000
 145 3.500000
 146 3.400000
 147 3.380000
 148 3.440000
 149 3.430000
 150 3.460000
 151 3.380000
 152 4.710000
 153 4.710000
 154 4.710000
 155 4.710000
 156 4.710000
 157 4.710000
 158 4.710000
 159 4.720000
 160 4.690000
 161 4.210000
 162 4.090000
 163 4.730000
 164 4.730000
 165 4.730000
 166 4.730000
 167 4.730000
 168 4.750000
 169 4.760000
 170 4.730000
 171 4.760000
 172 4.760000
 173 4.760000
 174 4.760000
 175 4.760000
 176 4.760000
 177 4.760000
 178 4.780000
 179 4.780000
 180 4.780000
 181 4.780000
 182 4.780000
 183 4.670000
 184 4.800000
 185 4.820000
 186 4.230000
 187 4.190000
 188 4.830000
 189 4.820000
 190 4.850000
 191 4.680000
 192 4.550000
 193 4.580000
 194 4.580000
 195 4.820000
 196 4.850000
 197 4.850000
 198 4.870000
 199 4.880000
 200 4.880000
 201 4.870000
 202 3.970000
 203 3.990000
 204 3.970000
 205 3.980000
 206 4.900000
 207 4.920000
 208 4.950000
 209 4.950000
 210 4.950000
 211 4.950000
 212 4.970000
 213 4.970000
 214 4.970000
 215 4.970000
 216 4.970000
 217 5.000000
 218 5.010000
 219 5.010000
 220 5.030000
 221 5.030000
 222 4.450000
 223 4.440000
 224 4.410000
 225 4.420000
 226 4.420000
 227 4.410000
 228 4.430000
 229 4.410000
 230 4.430000
 231 4.440000
 232 5.120000
 233 5.130000
 234 5.150000
 235 4.740000
 236 4.620000
 237 4.550000
 238 4.440000
 239 4.470000
 240 4.450000
 241 4.440000
 242 4.460000
 243 4.470000
 244 4.480000
 245 4.620000
 246 4.540000
 247 4.550000
 248 2.560000
 249 2.510000
 250 2.510000
 251 2.510000
 252 2.510000
 253 2.510000
 254 2.510000
 255 2.520000
 256 2.050000
 257 1.940000
 258 1.960000
 259 1.960000
 260 1.980000
 261 1.980000
 262 1.970000
 263 1.960000
 264 1.970000
 265 1.970000
 266 1.980000
 267 1.960000
 268 1.980000
 269 1.970000
 270 1.970000
 271 2.000000
 272 3.730000
 273 3.730000
 274 3.740000
 275 4.410000
 276 3.540000
 277 3.560000
 278 3.560000
 279 3.950000
 280 3.890000
 281 3.900000
 282 3.780000
 283 3.740000
 284 3.760000
 285 3.750000
 286 4.100000
 287 4.120000
 288 4.130000
 289 4.150000
 290 4.170000
 291 4.470000
 292 4.550000
 293 4.550000
 294 4.580000
 295 4.390000
 296 4.400000
 297 4.350000
 298 4.320000
 299 4.240000
 300 2.680000
 301 2.640000
 302 2.650000
 303 2.680000
 304 2.700000
 305 2.670000
 306 2.670000
 307 2.700000
 308 2.700000
 309 2.700000
 310 2.690000
 311 2.740000
 312 3.510000
 313 3.460000
 314 3.440000
 315 3.450000
 316 3.480000
 317 4.350000
 318 4.320000
 319 2.260000
 320 2.160000
 321 2.130000
 322 2.170000
 323 2.170000
 324 2.170000
 325 2.170000
 326 2.170000
 327 2.170000
 328 2.200000
 329 2.200000
 330 2.200000
 331 2.200000
 332 2.220000
 333 4.150000
 334 4.160000
 335 4.160000
 336 4.130000
 337 4.130000
 338 4.110000
 339 4.110000
 340 4.100000
 341 4.080000
 342 4.070000
 343 4.070000
 344 4.050000
 345 4.050000
 346 4.020000
 347 4.010000
 348 4.030000
 349 4.020000
 350 4.010000
 351 4.010000
 352 4.010000
 353 4.010000
 354 3.980000
 355 3.980000
 356 3.960000
 357 3.930000
 358 3.960000
 359 3.960000
 360 3.930000
 361 3.930000
 362 3.910000
 363 3.930000
 364 3.910000
 365 3.910000
 366 3.120000
 367 3.040000
 368 3.080000
 369 3.000000
 370 2.980000
 371 3.120000
 372 2.980000
 373 3.070000
 374 3.100000
 375 3.100000
 376 2.980000
 377 3.100000
 378 3.100000
 379 3.100000
 380 3.070000
 381 3.070000
 382 3.100000
 383 3.070000
 384 3.070000
 385 3.070000
 386 2.980000
 387 2.980000
 388 2.980000
 389 2.950000
 390 2.980000
 391 2.970000
 392 3.020000
 393 3.040000
 394 3.000000
 395 2.980000
 396 3.020000
 397 2.990000
 398 2.990000
 399 2.970000
 400 2.970000
 401 2.960000
 402 2.990000
 403 2.900000
 404 4.330000
 405 2.950000
 406 2.950000
 407 2.940000
 408 2.950000
 409 2.040000
 410 2.010000
 411 1.960000
 412 1.900000
 413 1.770000
 414 1.690000
 415 1.720000
 416 1.690000
 417 1.730000
 418 1.710000
 419 1.740000
 420 1.710000
 421 1.710000
 422 1.720000
 423 1.750000
 424 1.720000
 425 1.720000
 426 1.750000
 427 1.490000
 428 1.460000
 429 1.460000
 430 1.440000
 431 1.440000
 432 1.440000
 433 1.440000
 434 1.440000
 435 1.410000
 436 1.430000
 437 1.430000
 438 1.460000
 439 1.460000
 440 1.460000
 441 1.460000
 442 1.480000
 443 1.540000
 444 1.780000
 445 1.780000
 446 1.770000
 447 1.770000
 448 1.780000
 449 1.770000
 450 1.780000
 451 1.780000
 452 1.770000
 453 1.790000
 454 1.780000
 455 1.780000
 456 1.780000
 457 1.810000
 458 1.760000
 459 1.780000
 460 1.800000
 461 2.890000
 462 2.880000
 463 2.910000
 464 2.890000
 465 2.870000
 466 2.860000
 467 2.880000
 468 2.880000
 469 1.930000
 470 1.940000
 471 1.940000
 472 1.940000
 473 1.910000
 474 1.910000
 475 1.910000
 476 1.910000
 477 1.300000
 478 1.290000
 479 1.260000
 480 1.260000
 481 1.260000
 482 1.240000
 483 1.260000
 484 1.260000
 485 1.260000
 486 1.240000
 487 1.240000
 488 1.260000
 489 1.230000
 490 1.270000
 491 1.270000
 492 1.270000
 493 1.300000
 494 1.340000
 495 2.460000
 496 2.440000
 497 2.450000
 498 2.450000
 499 2.450000
 500 2.410000
 501 2.430000
 502 2.460000
 503 2.510000
 504 3.590000
 505 2.050000
 506 3.640000
 507 3.610000
 508 3.640000
 509 1.830000
 510 1.790000
 511 1.790000
 512 1.810000
 513 1.790000
 514 1.790000
 515 1.790000
 516 1.790000
 517 1.790000
 518 1.780000
 519 1.780000
 520 1.830000
 521 1.880000
 522 3.410000
 523 3.350000
 524 3.330000
 525 3.280000
 526 2.850000
 527 2.330000
 528 2.320000
 529 2.320000
 530 2.320000
 531 2.350000
 532 2.320000
 533 2.350000
 534 2.330000
 535 2.380000
 536 2.610000
 537 2.930000
 538 2.950000
 539 2.920000
 540 2.990000
 541 1.270000
 542 1.180000
 543 1.190000
 544 1.160000
 545 1.170000
 546 1.170000
 547 1.170000
 548 1.170000
 549 1.170000
 550 1.170000
 551 1.170000
 552 1.160000
 553 1.210000
 554 1.180000
 555 1.140000
 556 1.150000
 557 1.140000
 558 1.180000
 559 1.690000
 560 1.690000
 561 1.710000
 562 1.710000
 563 1.710000
 564 1.710000
 565 1.710000
 566 1.730000
 567 1.910000
 568 2.280000
 569 2.270000
 570 2.290000
 571 2.370000
 572 2.420000
 573 2.340000
 574 2.320000
 575 2.290000
 576 2.270000
 577 2.220000
 578 2.250000
 579 2.170000
 580 2.190000
 581 2.200000
 582 2.060000
 583 2.170000
 584 2.030000
 585 2.140000
 586 2.100000
 587 2.120000
 588 2.050000
 589 2.000000
 590 2.070000
 591 2.050000
 592 2.020000
 593 2.080000
 594 2.020000
 595 1.970000
 596 1.950000
 597 1.970000
 598 1.880000
 599 1.970000
 600 1.970000
 601 1.830000
 602 1.830000
 603 1.810000
 604 1.780000
 605 1.910000
 606 1.760000
 607 1.750000
 608 1.760000
 609 1.860000
 610 1.800000
 611 1.680000
 612 1.770000
 613 1.680000
 614 1.660000
 615 1.630000
 616 1.720000
 617 1.750000
 618 1.720000
 619 1.720000
 620 1.720000
 621 1.700000
 622 1.670000
 623 1.670000
 624 1.670000
 625 1.650000
 626 1.620000
 627 1.590000
 628 1.590000
 629 1.580000
 630 1.580000
 631 1.570000
 632 1.600000
 633 1.550000
 634 1.530000
 635 1.550000
 636 1.540000
 637 1.410000
 638 1.380000
 639 1.410000
 640 1.360000
 641 1.360000
 642 1.380000
 643 1.430000
 644 1.470000
 645 1.350000
 646 1.360000
 647 1.340000
 648 1.330000
 649 1.320000
 650 1.310000
 651 1.960000
 652 1.380000
 653 1.370000
 654 1.290000
 655 1.260000
 656 1.310000
 657 1.240000
 658 1.390000
 659 1.280000
 660 1.350000
 661 1.340000
 662 1.370000
 663 1.370000
 664 1.340000
 665 1.340000
 666 1.390000
 667 1.330000
 668 1.370000
 669 1.260000
 670 1.370000
 671 1.340000
 672 1.370000
 673 1.370000
 674 1.320000
 675 1.320000
 676 1.370000
 677 1.320000
 678 1.280000
 679 1.230000
 680 1.230000
 681 1.250000
 682 1.310000
 683 1.280000
 684 1.340000
 685 1.210000
 686 1.200000
 687 1.200000
 688 1.210000
 689 1.240000
 690 1.180000
 691 1.180000
 692 1.210000
 693 1.160000
 694 1.150000
 695 1.150000
 696 1.180000
 697 1.160000
 698 1.140000
 699 6.720000
 700 6.690000
 701 6.670000
 702 6.650000
 703 5.700000
 704 6.630000
 705 6.600000
 706 6.580000
 707 5.070000
 708 6.580000
 709 6.550000
 710 6.530000
 711 6.500000
 712 5.530000
 713 5.450000
 714 5.420000
 715 5.270000
 716 5.240000
 717 5.230000
 718 5.250000
 719 5.300000
 720 0.790000
 721 0.780000
 722 0.810000
 723 0.810000
 724 0.790000
 725 0.800000
 726 0.770000
 727 0.810000
 728 0.810000
 729 0.780000
 730 0.790000
 731 0.820000
 732 0.790000
 733 0.790000
 734 0.820000
 735 0.820000
 736 0.840000
 737 0.840000
 738 0.840000
 739 0.840000
 740 0.870000
 741 0.840000
 742 0.870000
 743 0.870000
 744 0.870000
 745 0.870000
 746 0.890000
 747 0.890000
 748 0.890000
 749 0.920000
 750 0.890000
 751 0.920000
 752 0.940000
 753 0.940000
 754 0.940000
 755 0.940000
 756 0.940000
 757 0.940000
 758 0.970000
 759 0.950000
 760 0.960000