
 0 3.000000
 1 3.130000
 2 3.130000
 3 3.130000
 4 3.000000
 5 3.130000
 6 3.130000
 7 3.050000
 8 3.050000
 9 3.180000
 10 3.070000
 11 3.030000
 12 3.180000
 13 3.130000
 14 3.060000
 15 3.040000
 16 3.050000
 17 3.180000
 18 3.130000
 19 3.160000
 20 3.130000
 21 3.160000
 22 3.130000
 23 3.000000
 24 3.000000
 25 3.030000
 26 3.040000
 27 3.130000
 28 3.030000
 29 2.980000
 30 2.980000
 31 3.130000
 32 3.110000
 33 2.980000
 34 3.130000
 35 3.110000
 36 2.900000
 37 2.690000
 38 2.330000
 39 2.180000
 40 2.180000
 41 2.140000
 42 2.140000
 43 2.150000
 44 2.130000
 45 2.130000
 46 2.120000
 47 2.140000
 48 2.140000
 49 2.140000
 50 2.140000
 51 2.140000
 52 2.220000
 53 2.280000
 54 2.230000
 55 2.180000
 56 2.180000
 57 2.180000
 58 2.180000
 59 2.180000
 60 2.200000
 61 2.200000
 62 2.190000
 63 2.210000
 64 2.200000
 65 2.160000
 66 2.180000
 67 2.180000
 68 2.200000
 69 2.190000
 70 2.230000
 71 2.230000
 72 2.210000
 73 2.210000
 74 2.210000
 75 2.200000
 76 2.260000
 77 2.330000
 78 2.210000
 79 2.190000
 80 2.190000
 81 2.190000
 82 2.200000
 83 2.230000
 84 2.250000
 85 2.250000
 86 2.240000
 87 2.250000
 88 2.230000
 89 2.230000
 90 2.230000
 91 2.270000
 92 2.240000
 93 2.250000
 94 2.260000
 95 2.230000
 96 2.230000
 97 2.230000
 98 2.220000
 99 2.220000
 100 2.230000
 101 2.280000
 102 2.280000
 103 2.300000
 104 2.280000
 105 2.290000
 106 2.290000
 107 2.290000
 108 2.310000
 109 2.300000
 110 2.300000
 111 2.330000
 112 2.310000
 113 2.340000
 114 2.340000
 115 2.340000
 116 2.310000
 117 2.350000
 118 2.330000
 119 2.340000
 120 2.440000
 121 2.360000
 122 2.340000
 123 2.310000
 124 2.320000
 125 2.320000
 126 2.350000
 127 2.390000
 128 2.370000
 129 2.370000
 130 2.380000
 131 2.380000
 132 2.420000
 133 2.380000
 134 2.430000
 135 2.410000
 136 2.410000
 137 2.410000
 138 2.380000
 139 2.390000
 140 2.380000
 141 2.380000
 142 2.430000
 143 2.420000
 144 2.440000
 145 2.480000
 146 3.580000
 147 3.580000
 148 3.630000
 149 3.520000
 150 3.650000
 151 3.590000
 152 3.590000
 153 3.580000
 154 3.520000
 155 3.450000
 156 3.410000
 157 3.420000
 158 3.430000
 159 3.400000
 160 3.420000
 161 3.410000
 162 3.420000
 163 3.420000
 164 3.450000
 165 3.450000
 166 3.460000
 167 3.480000
 168 3.520000
 169 3.600000
 170 3.750000
 171 3.720000
 172 3.700000
 173 3.750000
 174 3.760000
 175 3.790000
 176 3.800000
 177 3.820000
 178 3.830000
 179 3.860000
 180 3.860000
 181 3.890000
 182 3.890000
 183 3.880000
 184 3.880000
 185 3.900000
 186 3.900000
 187 3.930000
 188 3.920000
 189 3.930000
 190 3.960000
 191 3.980000
 192 4.000000
 193 4.030000
 194 3.990000
 195 4.010000
 196 4.110000
 197 4.110000
 198 4.050000
 199 4.140000
 200 4.120000
 201 4.150000
 202 4.080000
 203 4.080000
 204 4.100000
 205 4.150000
 206 4.130000
 207 4.130000
 208 4.180000
 209 4.150000
 210 4.210000
 211 4.240000
 212 4.200000
 213 4.230000
 214 4.250000
 215 4.250000
 216 4.270000
 217 4.300000
 218 4.300000
 219 4.500000
 220 4.330000
 221 4.380000
 222 4.380000
 223 4.380000
 224 4.510000
 225 4.400000
 226 4.450000
 227 4.130000
 228 4.160000
 229 4.500000
 230 4.520000
 231 4.530000
 232 4.550000
 233 4.580000
 234 4.580000
 235 4.710000
 236 4.740000
 237 4.760000
 238 4.760000
 239 4.770000
 240 4.730000
 241 4.730000
 242 4.750000
 243 4.800000
 244 4.800000
 245 4.960000
 246 4.920000
 247 4.980000
 248 4.880000
 249 5.000000
 250 5.000000
 251 4.990000
 252 4.950000
 253 4.930000
 254 4.930000
 255 4.930000
 256 4.940000
 257 4.890000
 258 4.910000
 259 4.730000
 260 4.730000
 261 4.700000
 262 4.680000
 263 4.800000
 264 4.800000
 265 4.780000
 266 4.750000
 267 4.720000
 268 4.700000
 269 4.660000
 270 4.690000
 271 4.680000
 272 4.660000
 273 0.960000
 274 0.930000
 275 0.930000
 276 0.930000
 277 0.930000
 278 0.930000
 279 0.930000
 280 0.930000
 281 0.910000
 282 0.910000
 283 0.910000
 284 0.910000
 285 0.910000
 286 0.910000
 287 0.910000
 288 0.910000
 289 0.930000
 290 0.910000
 291 0.900000
 292 0.910000
 293 0.930000
 294 0.950000
 295 0.970000
 296 0.990000
 297 4.330000
 298 4.440000
 299 4.400000
 300 4.380000
 301 4.380000
 302 4.380000
 303 4.280000
 304 4.300000
 305 1.470000
 306 1.480000
 307 1.460000
 308 1.480000
 309 1.460000
 310 1.460000
 311 1.460000
 312 1.480000
 313 1.480000
 314 1.480000
 315 1.460000
 316 1.450000
 317 1.480000
 318 1.560000
 319 2.010000
 320 2.030000
 321 2.030000
 322 2.030000
 323 2.010000
 324 2.010000
 325 2.010000
 326 2.010000
 327 2.010000
 328 2.020000
 329 2.050000
 330 2.080000
 331 4.120000
 332 4.130000
 333 4.260000
 334 4.240000
 335 4.260000
 336 4.240000
 337 4.230000
 338 4.230000
 339 4.200000
 340 4.180000
 341 4.180000
 342 4.200000
 343 4.200000
 344 0.740000
 345 0.700000
 346 0.730000
 347 0.670000
 348 4.140000
 349 4.130000
 350 4.120000
 351 4.080000
 352 4.070000
 353 4.110000
 354 4.110000
 355 4.090000
 356 4.070000
 357 4.080000
 358 4.100000
 359 4.130000
 360 4.050000
 361 2.020000
 362 1.530000
 363 1.460000
 364 1.430000
 365 1.430000
 366 0.970000
 367 0.870000
 368 0.850000
 369 0.880000
 370 0.860000
 371 0.880000
 372 0.880000
 373 0.880000
 374 0.860000
 375 0.880000
 376 0.880000
 377 0.880000
 378 0.880000
 379 0.860000
 380 0.860000
 381 0.860000
 382 0.860000
 383 0.880000
 384 0.880000
 385 0.880000
 386 0.860000
 387 0.920000
 388 4.870000
 389 4.840000
 390 5.010000
 391 4.230000
 392 4.190000
 393 4.170000
 394 4.260000
 395 4.860000
 396 4.830000
 397 4.780000
 398 4.710000
 399 4.690000
 400 2.090000
 401 2.040000
 402 2.060000
 403 2.030000
 404 2.030000
 405 2.060000
 406 2.030000
 407 2.060000
 408 2.060000
 409 2.070000
 410 4.250000
 411 4.330000
 412 4.380000
 413 4.310000
 414 4.250000
 415 1.600000
 416 1.540000
 417 1.520000
 418 1.500000
 419 1.510000
 420 1.480000
 421 1.510000
 422 1.510000
 423 1.510000
 424 1.520000
 425 1.520000
 426 1.520000
 427 1.520000
 428 1.510000
 429 1.540000
 430 3.660000
 431 3.660000
 432 3.640000
 433 3.620000
 434 3.620000
 435 3.540000
 436 3.570000
 437 3.550000
 438 3.520000
 439 3.500000
 440 3.500000
 441 3.530000
 442 3.530000
 443 3.530000
 444 3.500000
 445 3.570000
 446 3.530000
 447 3.530000
 448 1.050000
 449 1.020000
 450 1.000000
 451 1.000000
 452 1.000000
 453 0.980000
 454 0.950000
 455 0.980000
 456 0.980000
 457 0.960000
 458 0.960000
 459 0.960000
 460 0.980000
 461 0.980000
 462 0.960000
 463 0.960000
 464 0.960000
 465 0.960000
 466 0.980000
 467 0.960000
 468 0.980000
 469 0.980000
 470 1.000000
 471 3.490000
 472 3.470000
 473 3.470000
 474 3.460000
 475 3.460000
 476 3.460000
 477 3.430000
 478 3.370000
 479 3.430000
 480 3.400000
 481 3.410000
 482 3.410000
 483 3.380000
 484 3.360000
 485 3.360000
 486 3.330000
 487 3.310000
 488 3.270000
 489 3.270000
 490 3.280000
 491 3.220000
 492 3.210000
 493 3.180000
 494 3.180000
 495 3.160000
 496 3.160000
 497 3.130000
 498 3.130000
 499 3.110000
 500 3.110000
 501 3.080000
 502 3.080000
 503 3.050000
 504 3.060000
 505 3.060000
 506 3.060000
 507 3.050000
 508 3.020000
 509 3.030000
 510 3.050000
 511 3.040000
 512 3.040000
 513 3.090000
 514 3.040000
 515 2.550000
 516 2.510000
 517 2.390000
 518 2.190000
 519 2.130000
 520 2.110000
 521 2.060000
 522 2.070000
 523 2.020000
 524 2.040000
 525 2.030000
 526 1.980000
 527 2.000000
 528 1.980000
 529 1.970000
 530 1.970000
 531 1.960000
 532 1.950000
 533 3.030000
 534 3.030000
 535 3.040000
 536 2.980000
 537 2.990000
 538 3.010000
 539 3.010000
 540 3.020000
 541 3.010000
 542 3.010000
 543 3.040000
 544 3.020000
 545 3.010000
 546 3.040000
 547 3.040000
 548 3.030000
 549 3.010000
 550 3.040000
 551 3.060000
 552 3.060000
 553 3.060000
 554 3.060000
 555 1.820000
 556 1.800000
 557 1.790000
 558 1.770000
 559 1.780000
 560 1.780000
 561 1.780000
 562 1.790000
 563 1.790000
 564 1.800000
 565 1.830000
 566 1.790000
 567 1.820000
 568 1.840000
 569 1.840000
 570 1.840000
 571 1.870000
 572 1.870000
 573 1.890000
 574 1.870000
 575 1.890000
 576 1.870000
 577 1.890000
 578 1.920000
 579 1.920000
 580 1.940000
 581 1.940000
 582 1.940000
 583 1.970000
 584 1.970000
 585 1.990000
 586 2.000000
 587 2.020000
 588 2.030000
 589 2.030000
 590 2.050000
 591 2.050000
 592 2.080000
 593 2.080000
 594 2.100000
 595 2.130000
 596 2.150000
 597 2.150000
 598 2.180000
 599 2.180000
 600 2.180000
 601 2.200000
 602 2.230000
 603 2.230000
 604 2.190000
 605 2.200000
 606 2.230000
 607 2.250000
 608 2.280000
 609 2.280000
 610 1.400000
 611 1.430000
 612 1.430000
 613 1.400000
 614 1.390000
 615 1.390000
 616 1.420000
 617 1.420000
 618 1.420000
 619 1.420000
 620 1.440000
 621 1.440000
 622 1.440000
 623 1.470000
 624 1.470000
 625 1.490000
 626 1.490000
 627 1.520000
 628 1.520000
 629 1.520000
 630 1.540000
 631 1.540000
 632 1.560000
 633 1.590000
 634 1.590000
 635 1.590000
 636 1.590000
 637 1.610000
 638 1.640000
 639 1.640000
 640 1.640000
 641 1.660000
 642 1.650000
 643 1.690000
 644 1.710000
 645 1.690000
 646 1.710000
 647 1.760000
 648 1.760000
 649 1.780000
 650 1.780000
 651 1.810000
 652 1.810000
 653 1.840000
 654 1.830000
 655 1.830000
 656 1.850000
 657 1.880000
 658 1.910000
 659 3.410000
 660 3.410000
 661 3.390000
 662 3.390000
 663 3.410000
 664 3.410000
 665 3.370000
 666 3.370000
 667 3.340000
 668 3.340000
 669 3.340000
 670 3.320000
 671 3.290000
 672 3.270000
 673 3.240000
 674 3.240000
 675 3.240000
 676 3.280000
 677 3.250000
 678 3.260000
 679 3.250000
 680 3.240000
 681 3.220000
 682 3.220000
 683 3.220000
 684 3.240000
 685 3.240000
 686 3.260000
 687 3.270000
 688 3.300000
 689 3.300000
 690 3.300000
 691 3.290000
 692 3.300000
 693 3.300000
 694 3.320000
 695 3.320000
 696 3.350000
 697 3.340000
 698 3.340000
 699 3.370000
 700 3.390000
 701 3.390000
 702 3.360000
 703 3.390000
 704 3.440000
 705 3.050000
 706 2.910000
 707 1.580000
 708 1.570000
 709 1.550000
 710 3.500000
 711 3.530000
 712 3.560000
 713 3.550000
 714 3.580000
 715 3.600000
 716 3.630000
 717 3.680000
 718 3.650000
 719 3.710000
 720 3.700000
 721 3.710000
 722 3.730000
 723 3.760000
 724 3.770000
 725 3.770000
 726 3.770000
 727 3.780000
 728 3.790000
 729 3.780000
 730 3.830000
 731 3.830000
 732 3.840000
 733 3.840000
 734 3.880000
 735 3.880000
 736 3.880000
 737 3.920000
 738 3.960000
 739 3.540000
 740 3.340000
 741 2.930000
 742 2.910000
 743 2.950000
 744 3.570000
 745 3.970000
 746 3.990000
 747 3.980000
 748 3.980000
 749 4.020000
 750 4.020000
 751 3.980000
 752 4.020000
 753 4.020000
 754 4.010000
 755 4.020000
 756 4.030000
 757 4.030000
 758 4.060000
 759 4.050000
 760 4.080000
 0 3.000000
 1 3.130000
 2 3.160000
 3 3.130000
 4 3.000000
 5 3.160000
 6 3.130000
 7 3.030000
 8 3.050000
 9 3.180000
 10 3.070000
 11 3.040000
 12 3.180000
 13 3.130000
 14 3.060000
 15 3.020000
 16 3.030000
 17 3.160000
 18 3.160000
 19 3.160000
 20 3.110000
 21 3.160000
 22 3.130000
 23 3.050000
 24 3.000000
 25 3.030000
 26 3.000000
 27 3.130000
 28 3.000000
 29 2.980000
 30 2.980000
 31 3.110000
 32 3.080000
 33 2.980000
 34 3.110000
 35 3.110000
 36 2.900000
 37 2.710000
 38 2.330000
 39 2.170000
 40 2.160000
 41 2.140000
 42 2.140000
 43 2.130000
 44 2.130000
 45 2.160000
 46 2.140000
 47 2.140000
 48 2.140000
 49 2.140000
 50 2.140000
 51 2.140000
 52 2.240000
 53 2.280000
 54 2.230000
 55 2.180000
 56 2.180000
 57 2.180000
 58 2.210000
 59 2.180000
 60 2.200000
 61 2.200000
 62 2.190000
 63 2.180000
 64 2.200000
 65 2.160000
 66 2.160000
 67 2.180000
 68 2.180000
 69 2.230000
 70 2.230000
 71 2.200000
 72 2.210000
 73 2.210000
 74 2.200000
 75 2.210000
 76 2.230000
 77 2.320000
 78 2.210000
 79 2.190000
 80 2.200000
 81 2.170000
 82 2.200000
 83 2.230000
 84 2.250000
 85 2.250000
 86 2.260000
 87 2.250000
 88 2.230000
 89 2.230000
 90 2.260000
 91 2.240000
 92 2.270000
 93 2.280000
 94 2.260000
 95 2.230000
 96 2.230000
 97 2.230000
 98 2.240000
 99 2.240000
 100 2.230000
 101 2.280000
 102 2.280000
 103 2.280000
 104 2.300000
 105 2.290000
 106 2.320000
 107 2.320000
 108 2.310000
 109 2.300000
 110 2.300000
 111 2.330000
 112 2.330000
 113 2.320000
 114 2.340000
 115 2.340000
 116 2.310000
 117 2.330000
 118 2.330000
 119 2.340000
 120 2.470000
 121 2.390000
 122 2.340000
 123 2.310000
 124 2.320000
 125 2.320000
 126 2.330000
 127 2.370000
 128 2.390000
 129 2.390000
 130 2.380000
 131 2.380000
 132 2.420000
 133 2.410000
 134 2.420000
 135 2.410000
 136 2.380000
 137 2.410000
 138 2.380000
 139 2.380000
 140 2.380000
 141 2.380000
 142 2.430000
 143 2.400000
 144 2.440000
 145 2.460000
 146 3.550000
 147 3.570000
 148 3.650000
 149 3.490000
 150 3.630000
 151 3.590000
 152 3.550000
 153 3.580000
 154 3.500000
 155 3.420000
 156 3.430000
 157 3.410000
 158 3.430000
 159 3.410000
 160 3.430000
 161 3.420000
 162 3.420000
 163 3.440000
 164 3.450000
 165 3.430000
 166 3.480000
 167 3.480000
 168 3.520000
 169 3.620000
 170 3.750000
 171 3.660000
 172 3.720000
 173 3.750000
 174 3.780000
 175 3.780000
 176 3.780000
 177 3.820000
 178 3.830000
 179 3.850000
 180 3.860000
 181 3.890000
 182 3.890000
 183 3.900000
 184 3.900000
 185 3.900000
 186 3.930000
 187 3.930000
 188 3.930000
 189 3.930000
 190 3.960000
 191 3.980000
 192 4.000000
 193 3.950000
 194 4.000000
 195 4.010000
 196 4.110000
 197 4.110000
 198 4.050000
 199 4.130000
 200 4.120000
 201 4.150000
 202 4.080000
 203 4.080000
 204 4.130000
 205 4.100000
 206 4.150000
 207 4.150000
 208 4.180000
 209 4.180000
 210 4.240000
 211 4.240000
 212 4.200000
 213 4.250000
 214 4.280000
 215 4.250000
 216 4.270000
 217 4.320000
 218 4.330000
 219 4.500000
 220 4.330000
 221 4.350000
 222 4.380000
 223 4.400000
 224 4.500000
 225 4.430000
 226 4.450000
 227 4.150000
 228 4.180000
 229 4.500000
 230 4.520000
 231 4.530000
 232 4.550000
 233 4.580000
 234 4.600000
 235 4.710000
 236 4.760000
 237 4.760000
 238 4.780000
 239 4.790000
 240 4.730000
 241 4.730000
 242 4.750000
 243 4.780000
 244 4.830000
 245 4.960000
 246 4.930000
 247 4.980000
 248 4.880000
 249 5.000000
 250 4.980000
 251 4.960000
 252 4.950000
 253 4.950000
 254 4.940000
 255 4.930000
 256 4.960000
 257 4.910000
 258 4.750000
 259 4.730000
 260 4.700000
 261 4.700000
 262 4.680000
 263 4.800000
 264 4.800000
 265 4.780000
 266 4.750000
 267 4.730000
 268 4.700000
 269 4.690000
 270 4.690000
 271 4.680000
 272 4.580000
 273 0.960000
 274 0.930000
 275 0.930000
 276 0.930000
 277 0.930000
 278 0.930000
 279 0.900000
 280 0.910000
 281 0.910000
 282 0.910000
 283 0.910000
 284 0.910000
 285 0.910000
 286 0.910000
 287 0.910000
 288 0.930000
 289 0.910000
 290 0.910000
 291 0.900000
 292 0.930000
 293 0.930000
 294 0.950000
 295 0.980000
 296 0.960000
 297 4.330000
 298 4.410000
 299 4.420000
 300 4.380000
 301 4.380000
 302 4.400000
 303 4.300000
 304 4.300000
 305 1.480000
 306 1.480000
 307 1.460000
 308 1.460000
 309 1.460000
 310 1.460000
 311 1.480000
 312 1.460000
 313 1.460000
 314 1.480000
 315 1.460000
 316 1.480000
 317 1.480000
 318 1.560000
 319 2.040000
 320 2.030000
 321 2.030000
 322 2.030000
 323 2.010000
 324 2.010000
 325 2.010000
 326 2.010000
 327 2.010000
 328 2.020000
 329 2.050000
 330 2.070000
 331 4.150000
 332 4.100000
 333 4.260000
 334 4.260000
 335 4.240000
 336 4.230000
 337 4.230000
 338 4.230000
 339 4.200000
 340 4.200000
 341 4.180000
 342 4.200000
 343 4.200000
 344 0.700000
 345 0.730000
 346 0.730000
 347 0.700000
 348 4.140000
 349 4.160000
 350 4.130000
 351 4.070000
 352 4.080000
 353 4.110000
 354 4.100000
 355 4.090000
 356 4.090000
 357 4.060000
 358 4.120000
 359 4.130000
 360 4.050000
 361 2.020000
 362 1.530000
 363 1.430000
 364 1.430000
 365 1.430000
 366 0.970000
 367 0.870000
 368 0.850000
 369 0.880000
 370 0.880000
 371 0.880000
 372 0.880000
 373 0.880000
 374 0.880000
 375 0.880000
 376 0.880000
 377 0.860000
 378 0.880000
 379 0.860000
 380 0.880000
 381 0.860000
 382 0.860000
 383 0.860000
 384 0.880000
 385 0.860000
 386 0.900000
 387 0.900000
 388 4.870000
 389 4.870000
 390 4.990000
 391 4.230000
 392 4.170000
 393 4.200000
 394 4.260000
 395 4.860000
 396 4.800000
 397 4.760000
 398 4.700000
 399 4.660000
 400 2.090000
 401 2.070000
 402 2.060000
 403 2.060000
 404 2.030000
 405 2.060000
 406 2.030000
 407 2.060000
 408 2.060000
 409 2.070000
 410 4.230000
 411 4.280000
 412 4.370000
 413 4.300000
 414 4.250000
 415 1.600000
 416 1.540000
 417 1.520000
 418 1.500000
 419 1.510000
 420 1.480000
 421 1.510000
 422 1.510000
 423 1.510000
 424 1.520000
 425 1.510000
 426 1.520000
 427 1.520000
 428 1.530000
 429 1.560000
 430 3.660000
 431 3.670000
 432 3.620000
 433 3.620000
 434 3.590000
 435 3.570000
 436 3.570000
 437 3.550000
 438 3.520000
 439 3.500000
 440 3.550000
 441 3.500000
 442 3.500000
 443 3.500000
 444 3.480000
 445 3.600000
 446 3.530000
 447 3.530000
 448 1.020000
 449 1.020000
 450 1.000000
 451 1.000000
 452 0.980000
 453 1.000000
 454 0.950000
 455 0.960000
 456 0.960000
 457 0.960000
 458 0.960000
 459 0.960000
 460 0.960000
 461 0.980000
 462 0.960000
 463 0.960000
 464 0.980000
 465 0.960000
 466 0.960000
 467 0.960000
 468 0.960000
 469 0.980000
 470 1.000000
 471 3.460000
 472 3.470000
 473 3.460000
 474 3.460000
 475 3.430000
 476 3.420000
 477 3.420000
 478 3.330000
 479 3.430000
 480 3.380000
 481 3.410000
 482 3.380000
 483 3.380000
 484 3.380000
 485 3.330000
 486 3.310000
 487 3.260000
 488 3.260000
 489 3.270000
 490 3.280000
 491 3.230000
 492 3.170000
 493 3.180000
 494 3.180000
 495 3.170000
 496 3.130000
 497 3.130000
 498 3.130000
 499 3.110000
 500 3.080000
 501 3.080000
 502 3.060000
 503 3.080000
 504 3.060000
 505 3.060000
 506 3.050000
 507 3.070000
 508 3.050000
 509 3.050000
 510 3.040000
 511 3.050000
 512 3.040000
 513 3.050000
 514 3.040000
 515 2.580000
 516 2.510000
 517 2.410000
 518 2.190000
 519 2.130000
 520 2.130000
 521 2.070000
 522 2.030000
 523 2.030000
 524 2.050000
 525 2.060000
 526 1.980000
 527 1.980000
 528 1.980000
 529 1.970000
 530 1.940000
 531 1.960000
 532 1.970000
 533 3.030000
 534 3.030000
 535 3.030000
 536 3.010000
 537 3.010000
 538 3.010000
 539 3.010000
 540 3.010000
 541 3.010000
 542 3.020000
 543 3.010000
 544 3.020000
 545 3.010000
 546 3.010000
 547 3.010000
 548 3.040000
 549 3.010000
 550 3.030000
 551 3.040000
 552 3.040000
 553 3.060000
 554 3.060000
 555 1.810000
 556 1.800000
 557 1.790000
 558 1.770000
 559 1.780000
 560 1.770000
 561 1.780000
 562 1.800000
 563 1.790000
 564 1.790000
 565 1.820000
 566 1.830000
 567 1.840000
 568 1.820000
 569 1.820000
 570 1.840000
 571 1.870000
 572 1.840000
 573 1.870000
 574 1.870000
 575 1.890000
 576 1.890000
 577 1.890000
 578 1.920000
 579 1.920000
 580 1.920000
 581 1.920000
 582 1.940000
 583 1.970000
 584 1.970000
 585 1.990000
 586 2.020000
 587 2.000000
 588 2.000000
 589 2.050000
 590 2.050000
 591 2.050000
 592 2.080000
 593 2.100000
 594 2.100000
 595 2.100000
 596 2.150000
 597 2.150000
 598 2.180000
 599 2.180000
 600 2.200000
 601 2.230000
 602 2.230000
 603 2.230000
 604 2.200000
 605 2.200000
 606 2.250000
 607 2.250000
 608 2.250000
 609 2.280000
 610 1.400000
 611 1.430000
 612 1.410000
 613 1.400000
 614 1.390000
 615 1.420000
 616 1.390000
 617 1.420000
 618 1.420000
 619 1.420000
 620 1.440000
 621 1.470000
 622 1.440000
 623 1.470000
 624 1.490000
 625 1.470000
 626 1.520000
 627 1.520000
 628 1.510000
 629 1.540000
 630 1.510000
 631 1.540000
 632 1.560000
 633 1.590000
 634 1.590000
 635 1.590000
 636 1.590000
 637 1.610000
 638 1.640000
 639 1.640000
 640 1.640000
 641 1.660000
 642 1.690000
 643 1.690000
 644 1.690000
 645 1.710000
 646 1.730000
 647 1.740000
 648 1.750000
 649 1.780000
 650 1.790000
 651 1.780000
 652 1.800000
 653 1.830000
 654 1.830000
 655 1.850000
 656 1.850000
 657 1.880000
 658 1.910000
 659 3.410000
 660 3.380000
 661 3.390000
 662 3.400000
 663 3.410000
 664 3.410000
 665 3.370000
 666 3.370000
 667 3.340000
 668 3.350000
 669 3.340000
 670 3.290000
 671 3.320000
 672 3.270000
 673 3.270000
 674 3.220000
 675 3.250000
 676 3.250000
 677 3.260000
 678 3.280000
 679 3.220000
 680 3.240000
 681 3.220000
 682 3.240000
 683 3.240000
 684 3.240000
 685 3.240000
 686 3.240000
 687 3.250000
 688 3.300000
 689 3.280000
 690 3.310000
 691 3.300000
 692 3.300000
 693 3.320000
 694 3.320000
 695 3.320000
 696 3.340000
 697 3.320000
 698 3.370000
 699 3.370000
 700 3.370000
 701 3.390000
 702 3.370000
 703 3.420000
 704 3.440000
 705 3.020000
 706 2.910000
 707 1.550000
 708 1.570000
 709 1.580000
 710 3.510000
 711 3.530000
 712 3.560000
 713 3.580000
 714 3.580000
 715 3.580000
 716 3.630000
 717 3.660000
 718 3.660000
 719 3.710000
 720 3.730000
 721 3.730000
 722 3.750000
 723 3.740000
 724 3.770000
 725 3.770000
 726 3.790000
 727 3.780000
 728 3.780000
 729 3.790000
 730 3.810000
 731 3.810000
 732 3.860000
 733 3.820000
 734 3.860000
 735 3.890000
 736 3.920000
 737 3.910000
 738 3.930000
 739 3.490000
 740 3.320000
 741 2.900000
 742 2.910000
 743 2.920000
 744 3.550000
 745 3.970000
 746 3.990000
 747 3.980000
 748 3.990000
 749 3.990000
 750 4.020000
 751 4.020000
 752 3.980000
 753 3.980000
 754 3.980000
 755 4.010000
 756 4.000000
 757 4.030000
 758 4.060000
 759 4.060000
 760 4.080000
 0 2.980000
 1 3.130000
 2 3.130000
 3 3.110000
 4 3.000000
 5 3.130000
 6 3.130000
 7 3.050000
 8 3.070000
 9 3.160000
 10 3.040000
 11 3.060000
 12 3.210000
 13 3.160000
 14 3.040000
 15 3.040000
 16 3.030000
 17 3.160000
 18 3.160000
 19 3.130000
 20 3.110000
 21 3.160000
 22 3.130000
 23 3.000000
 24 3.000000
 25 3.030000
 26 3.000000
 27 3.130000
 28 3.000000
 29 3.000000
 30 2.980000
 31 3.130000
 32 3.110000
 33 2.980000
 34 3.130000
 35 3.080000
 36 2.900000
 37 2.720000
 38 2.330000
 39 2.180000
 40 2.180000
 41 2.140000
 42 2.140000
 43 2.130000
 44 2.130000
 45 2.160000
 46 2.150000
 47 2.140000
 48 2.140000
 49 2.120000
 50 2.140000
 51 2.170000
 52 2.240000
 53 2.280000
 54 2.210000
 55 2.200000
 56 2.180000
 57 2.180000
 58 2.180000
 59 2.180000
 60 2.200000
 61 2.200000
 62 2.220000
 63 2.180000
 64 2.200000
 65 2.180000
 66 2.160000
 67 2.180000
 68 2.210000
 69 2.220000
 70 2.230000
 71 2.230000
 72 2.180000
 73 2.210000
 74 2.230000
 75 2.210000
 76 2.260000
 77 2.320000
 78 2.210000
 79 2.170000
 80 2.190000
 81 2.170000
 82 2.200000
 83 2.210000
 84 2.250000
 85 2.230000
 86 2.260000
 87 2.230000
 88 2.230000
 89 2.230000
 90 2.260000
 91 2.270000
 92 2.270000
 93 2.250000
 94 2.260000
 95 2.260000
 96 2.230000
 97 2.210000
 98 2.220000
 99 2.240000
 100 2.230000
 101 2.280000
 102 2.280000
 103 2.280000
 104 2.280000
 105 2.290000
 106 2.320000
 107 2.320000
 108 2.310000
 109 2.300000
 110 2.300000
 111 2.330000
 112 2.310000
 113 2.320000
 114 2.320000
 115 2.320000
 116 2.330000
 117 2.330000
 118 2.350000
 119 2.320000
 120 2.470000
 121 2.390000
 122 2.340000
 123 2.310000
 124 2.320000
 125 2.310000
 126 2.350000
 127 2.370000
 128 2.370000
 129 2.390000
 130 2.380000
 131 2.410000
 132 2.390000
 133 2.410000
 134 2.400000
 135 2.410000
 136 2.380000
 137 2.380000
 138 2.380000
 139 2.380000
 140 2.390000
 141 2.410000
 142 2.450000
 143 2.420000
 144 2.410000
 145 2.480000
 146 3.550000
 147 3.570000
 148 3.630000
 149 3.520000
 150 3.650000
 151 3.560000
 152 3.580000
 153 3.550000
 154 3.500000
 155 3.450000
 156 3.400000
 157 3.420000
 158 3.430000
 159 3.410000
 160 3.420000
 161 3.430000
 162 3.420000
 163 3.420000
 164 3.460000
 165 3.450000
 166 3.440000
 167 3.480000
 168 3.520000
 169 3.620000
 170 3.750000
 171 3.700000
 172 3.700000
 173 3.740000
 174 3.780000
 175 3.780000
 176 3.780000
 177 3.820000
 178 3.830000
 179 3.840000
 180 3.860000
 181 3.860000
 182 3.890000
 183 3.880000
 184 3.880000
 185 3.910000
 186 3.900000
 187 3.930000
 188 3.900000
 189 3.930000
 190 3.930000
 191 3.950000
 192 3.980000
 193 3.990000
 194 4.020000
 195 4.020000
 196 4.110000
 197 4.110000
 198 4.080000
 199 4.130000
 200 4.140000
 201 4.180000
 202 4.050000
 203 4.080000
 204 4.100000
 205 4.100000
 206 4.130000
 207 4.150000
 208 4.150000
 209 4.180000
 210 4.220000
 211 4.240000
 212 4.200000
 213 4.250000
 214 4.280000
 215 4.250000
 216 4.320000
 217 4.270000
 218 4.300000
 219 4.480000
 220 4.330000
 221 4.350000
 222 4.380000
 223 4.380000
 224 4.470000
 225 4.430000
 226 4.430000
 227 4.150000
 228 4.160000
 229 4.480000
 230 4.500000
 231 4.530000
 232 4.530000
 233 4.580000
 234 4.600000
 235 4.740000
 236 4.760000
 237 4.760000
 238 4.780000
 239 4.770000
 240 4.700000
 241 4.730000
 242 4.750000
 243 4.800000
 244 4.800000
 245 4.930000
 246 4.920000
 247 4.980000
 248 4.870000
 249 5.000000
 250 4.980000
 251 4.960000
 252 4.950000
 253 4.950000
 254 4.940000
 255 4.950000
 256 4.940000
 257 4.890000
 258 4.780000
 259 4.750000
 260 4.730000
 261 4.700000
 262 4.700000
 263 4.800000
 264 4.780000
 265 4.750000
 266 4.750000
 267 4.720000
 268 4.700000
 269 4.690000
 270 4.660000
 271 4.680000
 272 4.550000
 273 0.930000
 274 0.930000
 275 0.910000
 276 0.930000
 277 0.930000
 278 0.910000
 279 0.930000
 280 0.910000
 281 0.910000
 282 0.930000
 283 0.910000
 284 0.910000
 285 0.910000
 286 0.910000
 287 0.910000
 288 0.910000
 289 0.910000
 290 0.910000
 291 0.900000
 292 0.900000
 293 0.950000
 294 0.950000
 295 0.970000
 296 0.990000
 297 4.350000
 298 4.410000
 299 4.400000
 300 4.380000
 301 4.380000
 302 4.400000
 303 4.280000
 304 4.280000
 305 1.470000
 306 1.460000
 307 1.480000
 308 1.480000
 309 1.460000
 310 1.460000
 311 1.460000
 312 1.480000
 313 1.460000
 314 1.460000
 315 1.460000
 316 1.450000
 317 1.480000
 318 1.580000
 319 2.040000
 320 2.030000
 321 2.030000
 322 2.010000
 323 2.010000
 324 2.010000
 325 2.010000
 326 2.010000
 327 2.010000
 328 2.040000
 329 2.050000
 330 2.110000
 331 4.150000
 332 4.130000
 333 4.260000
 334 4.260000
 335 4.230000
 336 4.230000
 337 4.230000
 338 4.230000
 339 4.200000
 340 4.200000
 341 4.150000
 342 4.200000
 343 4.230000
 344 0.710000
 345 0.730000
 346 0.730000
 347 0.700000
 348 4.140000
 349 4.160000
 350 4.090000
 351 4.110000
 352 4.100000
 353 4.100000
 354 4.100000
 355 4.070000
 356 4.090000
 357 4.080000
 358 4.090000
 359 4.100000
 360 4.110000
 361 1.990000
 362 1.550000
 363 1.430000
 364 1.430000
 365 1.450000
 366 0.970000
 367 0.870000
 368 0.880000
 369 0.850000
 370 0.880000
 371 0.880000
 372 0.860000
 373 0.860000
 374 0.860000
 375 0.880000
 376 0.880000
 377 0.880000
 378 0.860000
 379 0.860000
 380 0.880000
 381 0.880000
 382 0.860000
 383 0.880000
 384 0.860000
 385 0.880000
 386 0.900000
 387 0.890000
 388 4.870000
 389 4.870000
 390 4.980000
 391 4.230000
 392 4.160000
 393 4.200000
 394 4.260000
 395 4.830000
 396 4.830000
 397 4.750000
 398 4.710000
 399 4.720000
 400 2.100000
 401 2.040000
 402 2.030000
 403 2.030000
 404 2.030000
 405 2.060000
 406 2.060000
 407 2.060000
 408 2.060000
 409 2.040000
 410 4.250000
 411 4.310000
 412 4.380000
 413 4.320000
 414 4.240000
 415 1.600000
 416 1.560000
 417 1.520000
 418 1.500000
 419 1.510000
 420 1.510000
 421 1.510000
 422 1.510000
 423 1.480000
 424 1.520000
 425 1.520000
 426 1.540000
 427 1.510000
 428 1.510000
 429 1.560000
 430 3.680000
 431 3.630000
 432 3.620000
 433 3.640000
 434 3.590000
 435 3.570000
 436 3.540000
 437 3.550000
 438 3.520000
 439 3.520000
 440 3.530000
 441 3.470000
 442 3.500000
 443 3.500000
 444 3.500000
 445 3.610000
 446 3.530000
 447 3.530000
 448 1.040000
 449 1.020000
 450 1.000000
 451 1.000000
 452 0.980000
 453 0.980000
 454 0.950000
 455 0.960000
 456 0.960000
 457 0.960000
 458 0.960000
 459 0.960000
 460 0.960000
 461 0.960000
 462 0.960000
 463 0.960000
 464 0.980000
 465 0.980000
 466 0.980000
 467 0.970000
 468 0.980000
 469 0.980000
 470 0.980000
 471 3.490000
 472 3.470000
 473 3.470000
 474 3.450000
 475 3.450000
 476 3.450000
 477 3.430000
 478 3.370000
 479 3.420000
 480 3.380000
 481 3.410000
 482 3.380000
 483 3.380000
 484 3.360000
 485 3.360000
 486 3.320000
 487 3.280000
 488 3.270000
 489 3.270000
 490 3.260000
 491 3.260000
 492 3.180000
 493 3.170000
 494 3.170000
 495 3.160000
 496 3.150000
 497 3.110000
 498 3.110000
 499 3.080000
 500 3.110000
 501 3.080000
 502 3.080000
 503 3.070000
 504 3.060000
 505 3.060000
 506 3.060000
 507 3.070000
 508 3.050000
 509 3.030000
 510 3.050000
 511 3.020000
 512 3.060000
 513 3.040000
 514 3.070000
 515 2.550000
 516 2.530000
 517 2.390000
 518 2.200000
 519 2.150000
 520 2.110000
 521 2.090000
 522 2.070000
 523 2.030000
 524 2.030000
 525 2.040000
 526 1.980000
 527 1.980000
 528 2.010000
 529 1.970000
 530 1.970000
 531 1.930000
 532 1.950000
 533 3.020000
 534 3.030000
 535 3.030000
 536 3.010000
 537 2.990000
 538 3.010000
 539 3.010000
 540 3.010000
 541 3.010000
 542 3.010000
 543 3.010000
 544 3.010000
 545 3.010000
 546 3.040000
 547 3.010000
 548 3.040000
 549 3.040000
 550 3.040000
 551 3.030000
 552 3.040000
 553 3.060000
 554 3.060000
 555 1.820000
 556 1.800000
 557 1.790000
 558 1.770000
 559 1.780000
 560 1.780000
 561 1.790000
 562 1.780000
 563 1.800000
 564 1.790000
 565 1.820000
 566 1.820000
 567 1.820000
 568 1.820000
 569 1.840000
 570 1.870000
 571 1.870000
 572 1.840000
 573 1.870000
 574 1.870000
 575 1.890000
 576 1.890000
 577 1.920000
 578 1.920000
 579 1.920000
 580 1.920000
 581 1.970000
 582 1.940000
 583 1.970000
 584 1.970000
 585 1.970000
 586 1.990000
 587 2.030000
 588 2.030000
 589 2.030000
 590 2.050000
 591 2.050000
 592 2.080000
 593 2.080000
 594 2.130000
 595 2.130000
 596 2.130000
 597 2.150000
 598 2.180000
 599 2.200000
 600 2.200000
 601 2.200000
 602 2.230000
 603 2.230000
 604 2.190000
 605 2.200000
 606 2.230000
 607 2.250000
 608 2.280000
 609 2.280000
 610 1.400000
 611 1.430000
 612 1.400000
 613 1.400000
 614 1.410000
 615 1.390000
 616 1.420000
 617 1.420000
 618 1.420000
 619 1.420000
 620 1.440000
 621 1.440000
 622 1.470000
 623 1.470000
 624 1.470000
 625 1.490000
 626 1.490000
 627 1.490000
 628 1.510000
 629 1.540000
 630 1.520000
 631 1.540000
 632 1.560000
 633 1.560000
 634 1.560000
 635 1.590000
 636 1.610000
 637 1.590000
 638 1.610000
 639 1.640000
 640 1.660000
 641 1.660000
 642 1.660000
 643 1.680000
 644 1.700000
 645 1.710000
 646 1.710000
 647 1.740000
 648 1.760000
 649 1.750000
 650 1.790000
 651 1.780000
 652 1.810000
 653 1.840000
 654 1.830000
 655 1.850000
 656 1.890000
 657 1.900000
 658 1.910000
 659 3.430000
 660 3.410000
 661 3.370000
 662 3.390000
 663 3.410000
 664 3.370000
 665 3.370000
 666 3.370000
 667 3.370000
 668 3.320000
 669 3.320000
 670 3.290000
 671 3.290000
 672 3.270000
 673 3.250000
 674 3.240000
 675 3.240000
 676 3.260000
 677 3.230000
 678 3.260000
 679 3.260000
 680 3.220000
 681 3.220000
 682 3.240000
 683 3.220000
 684 3.220000
 685 3.240000
 686 3.260000
 687 3.240000
 688 3.270000
 689 3.280000
 690 3.280000
 691 3.300000
 692 3.290000
 693 3.300000
 694 3.320000
 695 3.300000
 696 3.320000
 697 3.340000
 698 3.340000
 699 3.370000
 700 3.390000
 701 3.390000
 702 3.370000
 703 3.390000
 704 3.410000
 705 3.050000
 706 2.880000
 707 1.550000
 708 1.590000
 709 1.560000
 710 3.480000
 711 3.530000
 712 3.560000
 713 3.560000
 714 3.560000
 715 3.610000
 716 3.630000
 717 3.660000
 718 3.680000
 719 3.680000
 720 3.730000
 721 3.710000
 722 3.730000
 723 3.770000
 724 3.770000
 725 3.770000
 726 3.790000
 727 3.780000
 728 3.780000
 729 3.810000
 730 3.800000
 731 3.830000
 732 3.830000
 733 3.840000
 734 3.890000
 735 3.920000
 736 3.890000
 737 3.920000
 738 3.960000
 739 3.540000
 740 3.300000
 741 2.880000
 742 2.900000
 743 2.920000
 744 3.550000
 745 3.970000
 746 3.970000
 747 3.980000
 748 3.980000
 749 4.010000
 750 3.980000
 751 3.980000
 752 3.980000
 753 3.980000
 754 4.010000
 755 4.000000
 756 4.030000
 757 4.030000
 758 4.060000
 759 4.060000
 760 4.060000
 0 3.000000
 1 3.130000
 2 3.130000
 3 3.130000
 4 3.000000
 5 3.130000
 6 3.130000
 7 3.030000
 8 3.050000
 9 3.180000
 10 3.070000
 11 3.040000
 12 3.160000
 13 3.160000
 14 3.090000
 15 3.040000
 16 3.050000
 17 3.160000
 18 3.160000
 19 3.130000
 20 3.130000
 21 3.160000
 22 3.130000
 23 3.030000
 24 3.030000
 25 3.000000
 26 3.030000
 27 3.160000
 28 3.030000
 29 3.000000
 30 2.980000
 31 3.130000
 32 3.110000
 33 2.980000
 34 3.130000
 35 3.080000
 36 2.900000
 37 2.720000
 38 2.350000
 39 2.170000
 40 2.190000
 41 2.140000
 42 2.140000
 43 2.130000
 44 2.130000
 45 2.160000
 46 2.140000
 47 2.120000
 48 2.140000
 49 2.140000
 50 2.120000
 51 2.170000
 52 2.220000
 53 2.280000
 54 2.230000
 55 2.200000
 56 2.180000
 57 2.180000
 58 2.180000
 59 2.210000
 60 2.200000
 61 2.230000
 62 2.200000
 63 2.180000
 64 2.180000
 65 2.160000
 66 2.170000
 67 2.180000
 68 2.210000
 69 2.220000
 70 2.230000
 71 2.230000
 72 2.210000
 73 2.210000
 74 2.210000
 75 2.210000
 76 2.230000
 77 2.330000
 78 2.210000
 79 2.170000
 80 2.200000
 81 2.190000
 82 2.200000
 83 2.210000
 84 2.230000
 85 2.250000
 86 2.270000
 87 2.250000
 88 2.200000
 89 2.230000
 90 2.260000
 91 2.240000
 92 2.240000
 93 2.250000
 94 2.260000
 95 2.230000
 96 2.230000
 97 2.210000
 98 2.220000
 99 2.240000
 100 2.230000
 101 2.280000
 102 2.280000
 103 2.280000
 104 2.280000
 105 2.290000
 106 2.320000
 107 2.290000
 108 2.310000
 109 2.300000
 110 2.300000
 111 2.330000
 112 2.310000
 113 2.320000
 114 2.340000
 115 2.340000
 116 2.310000
 117 2.350000
 118 2.330000
 119 2.320000
 120 2.470000
 121 2.390000
 122 2.340000
 123 2.310000
 124 2.320000
 125 2.340000
 126 2.350000
 127 2.370000
 128 2.390000
 129 2.390000
 130 2.380000
 131 2.380000
 132 2.420000
 133 2.380000
 134 2.420000
 135 2.380000
 136 2.410000
 137 2.380000
 138 2.380000
 139 2.380000
 140 2.380000
 141 2.410000
 142 2.430000
 143 2.430000
 144 2.410000
 145 2.480000
 146 3.550000
 147 3.580000
 148 3.630000
 149 3.540000
 150 3.630000
 151 3.590000
 152 3.590000
 153 3.580000
 154 3.510000
 155 3.450000
 156 3.430000
 157 3.410000
 158 3.430000
 159 3.410000
 160 3.400000
 161 3.430000
 162 3.420000
 163 3.420000
 164 3.430000
 165 3.430000
 166 3.480000
 167 3.480000
 168 3.520000
 169 3.570000
 170 3.750000
 171 3.680000
 172 3.700000
 173 3.770000
 174 3.760000
 175 3.780000
 176 3.780000
 177 3.820000
 178 3.860000
 179 3.820000
 180 3.860000
 181 3.860000
 182 3.870000
 183 3.880000
 184 3.900000
 185 3.930000
 186 3.930000
 187 3.930000
 188 3.930000
 189 3.930000
 190 3.930000
 191 3.980000
 192 3.980000
 193 3.990000
 194 3.970000
 195 4.020000
 196 4.100000
 197 4.110000
 198 4.050000
 199 4.130000
 200 4.120000
 201 4.150000
 202 4.080000
 203 4.080000
 204 4.100000
 205 4.100000
 206 4.150000
 207 4.130000
 208 4.150000
 209 4.180000
 210 4.240000
 211 4.250000
 212 4.200000
 213 4.250000
 214 4.280000
 215 4.250000
 216 4.300000
 217 4.300000
 218 4.330000
 219 4.480000
 220 4.330000
 221 4.350000
 222 4.380000
 223 4.380000
 224 4.470000
 225 4.400000
 226 4.450000
 227 4.150000
 228 4.180000
 229 4.480000
 230 4.500000
 231 4.530000
 232 4.550000
 233 4.580000
 234 4.580000
 235 4.730000
 236 4.740000
 237 4.760000
 238 4.790000
 239 4.790000
 240 4.700000
 241 4.750000
 242 4.750000
 243 4.780000
 244 4.830000
 245 4.960000
 246 4.920000
 247 4.980000
 248 4.880000
 249 5.000000
 250 4.980000
 251 4.960000
 252 4.950000
 253 4.950000
 254 4.930000
 255 4.940000
 256 4.940000
 257 4.910000
 258 4.750000
 259 4.730000
 260 4.700000
 261 4.700000
 262 4.700000
 263 4.800000
 264 4.780000
 265 4.750000
 266 4.720000
 267 4.730000
 268 4.710000
 269 4.660000
 270 4.690000
 271 4.660000
 272 4.660000
 273 0.960000
 274 0.930000
 275 0.930000
 276 0.910000
 277 0.930000
 278 0.930000
 279 0.930000
 280 0.910000
 281 0.910000
 282 0.910000
 283 0.910000
 284 0.910000
 285 0.910000
 286 0.910000
 287 0.910000
 288 0.930000
 289 0.910000
 290 0.910000
 291 0.930000
 292 0.900000
 293 0.930000
 294 0.950000
 295 0.980000
 296 0.970000
 297 4.350000
 298 4.440000
 299 4.420000
 300 4.380000
 301 4.350000
 302 4.400000
 303 4.300000
 304 4.280000
 305 1.470000
 306 1.460000
 307 1.460000
 308 1.480000
 309 1.480000
 310 1.460000
 311 1.460000
 312 1.480000
 313 1.460000
 314 1.460000
 315 1.460000
 316 1.480000
 317 1.500000
 318 1.560000
 319 2.040000
 320 2.030000
 321 2.030000
 322 2.010000
 323 2.030000
 324 2.010000
 325 2.030000
 326 2.010000
 327 2.010000
 328 2.020000
 329 2.080000
 330 2.070000
 331 4.120000
 332 4.150000
 333 4.240000
 334 4.240000
 335 4.240000
 336 4.230000
 337 4.230000
 338 4.200000
 339 4.200000
 340 4.200000
 341 4.180000
 342 4.200000
 343 4.200000
 344 0.690000
 345 0.730000
 346 0.730000
 347 0.700000
 348 4.140000
 349 4.130000
 350 4.100000
 351 4.100000
 352 4.100000
 353 4.110000
 354 4.070000
 355 4.090000
 356 4.090000
 357 4.080000
 358 4.120000
 359 4.120000
 360 4.050000
 361 1.990000
 362 1.550000
 363 1.430000
 364 1.430000
 365 1.450000
 366 0.970000
 367 0.880000
 368 0.880000
 369 0.880000
 370 0.860000
 371 0.860000
 372 0.880000
 373 0.880000
 374 0.860000
 375 0.860000
 376 0.860000
 377 0.860000
 378 0.860000
 379 0.880000
 380 0.860000
 381 0.880000
 382 0.880000
 383 0.880000
 384 0.860000
 385 0.880000
 386 0.900000
 387 0.970000
 388 4.870000
 389 4.870000
 390 5.010000
 391 4.230000
 392 4.160000
 393 4.170000
 394 4.240000
 395 4.860000
 396 4.830000
 397 4.750000
 398 4.710000
 399 4.700000
 400 2.090000
 401 2.070000
 402 2.030000
 403 2.030000
 404 2.060000
 405 2.030000
 406 2.030000
 407 2.060000
 408 2.060000
 409 2.040000
 410 4.230000
 411 4.310000
 412 4.390000
 413 4.310000
 414 4.270000
 415 1.600000
 416 1.540000
 417 1.510000
 418 1.480000
 419 1.480000
 420 1.510000
 421 1.480000
 422 1.510000
 423 1.510000
 424 1.490000
 425 1.490000
 426 1.520000
 427 1.520000
 428 1.530000
 429 1.530000
 430 3.660000
 431 3.630000
 432 3.670000
 433 3.580000
 434 3.590000
 435 3.570000
 436 3.540000
 437 3.570000
 438 3.550000
 439 3.520000
 440 3.500000
 441 3.500000
 442 3.500000
 443 3.530000
 444 3.500000
 445 3.600000
 446 3.500000
 447 3.530000
 448 1.060000
 449 1.020000
 450 1.000000
 451 0.980000
 452 0.980000
 453 0.980000
 454 0.980000
 455 0.960000
 456 0.960000
 457 0.960000
 458 0.960000
 459 0.960000
 460 0.960000
 461 0.960000
 462 0.960000
 463 0.980000
 464 0.980000
 465 0.960000
 466 0.990000
 467 0.980000
 468 0.980000
 469 1.010000
 470 1.000000
 471 3.510000
 472 3.490000
 473 3.450000
 474 3.480000
 475 3.480000
 476 3.440000
 477 3.420000
 478 3.360000
 479 3.420000
 480 3.430000
 481 3.410000
 482 3.380000
 483 3.380000
 484 3.380000
 485 3.330000
 486 3.320000
 487 3.270000
 488 3.260000
 489 3.250000
 490 3.260000
 491 3.260000
 492 3.170000
 493 3.180000
 494 3.160000
 495 3.150000
 496 3.160000
 497 3.110000
 498 3.110000
 499 3.110000
 500 3.110000
 501 3.080000
 502 3.070000
 503 3.070000
 504 3.060000
 505 3.060000
 506 3.070000
 507 3.050000
 508 3.050000
 509 3.020000
 510 3.050000
 511 3.050000
 512 3.070000
 513 3.070000
 514 3.070000
 515 2.580000
 516 2.480000
 517 2.420000
 518 2.200000
 519 2.130000
 520 2.130000
 521 2.070000
 522 2.070000
 523 2.030000
 524 2.050000
 525 2.030000
 526 1.980000
 527 1.980000
 528 1.980000
 529 1.970000
 530 1.970000
 531 1.960000
 532 1.970000
 533 3.020000
 534 3.040000
 535 3.030000
 536 3.010000
 537 3.010000
 538 2.980000
 539 3.020000
 540 3.010000
 541 3.040000
 542 3.040000
 543 3.040000
 544 3.020000
 545 3.040000
 546 3.010000
 547 3.040000
 548 3.030000
 549 3.040000
 550 3.030000
 551 3.040000
 552 3.040000
 553 3.060000
 554 3.060000
 555 1.790000
 556 1.810000
 557 1.780000
 558 1.770000
 559 1.800000
 560 1.780000
 561 1.800000
 562 1.780000
 563 1.790000
 564 1.820000
 565 1.800000
 566 1.820000
 567 1.840000
 568 1.840000
 569 1.840000
 570 1.840000
 571 1.840000
 572 1.870000
 573 1.870000
 574 1.890000
 575 1.890000
 576 1.890000
 577 1.890000
 578 1.920000
 579 1.920000
 580 1.940000
 581 1.940000
 582 1.970000
 583 1.940000
 584 1.970000
 585 1.990000
 586 1.990000
 587 1.990000
 588 2.000000
 589 2.030000
 590 2.050000
 591 2.050000
 592 2.080000
 593 2.080000
 594 2.100000
 595 2.130000
 596 2.130000
 597 2.180000
 598 2.150000
 599 2.180000
 600 2.200000
 601 2.200000
 602 2.230000
 603 2.230000
 604 2.190000
 605 2.200000
 606 2.230000
 607 2.250000
 608 2.280000
 609 2.280000
 610 1.420000
 611 1.430000
 612 1.400000
 613 1.410000
 614 1.380000
 615 1.420000
 616 1.420000
 617 1.420000
 618 1.420000
 619 1.440000
 620 1.440000
 621 1.440000
 622 1.470000
 623 1.470000
 624 1.470000
 625 1.490000
 626 1.490000
 627 1.490000
 628 1.520000
 629 1.510000
 630 1.520000
 631 1.540000
 632 1.540000
 633 1.560000
 634 1.590000
 635 1.610000
 636 1.590000
 637 1.610000
 638 1.610000
 639 1.640000
 640 1.660000
 641 1.660000
 642 1.690000
 643 1.690000
 644 1.690000
 645 1.710000
 646 1.740000
 647 1.750000
 648 1.730000
 649 1.750000
 650 1.780000
 651 1.810000
 652 1.800000
 653 1.840000
 654 1.850000
 655 1.850000
 656 1.860000
 657 1.880000
 658 1.910000
 659 3.430000
 660 3.410000
 661 3.370000
 662 3.400000
 663 3.410000
 664 3.400000
 665 3.370000
 666 3.370000
 667 3.340000
 668 3.320000
 669 3.320000
 670 3.320000
 671 3.290000
 672 3.270000
 673 3.240000
 674 3.240000
 675 3.250000
 676 3.250000
 677 3.260000
 678 3.220000
 679 3.250000
 680 3.240000
 681 3.220000
 682 3.240000
 683 3.220000
 684 3.240000
 685 3.240000
 686 3.250000
 687 3.300000
 688 3.300000
 689 3.310000
 690 3.300000
 691 3.270000
 692 3.300000
 693 3.320000
 694 3.340000
 695 3.320000
 696 3.320000
 697 3.370000
 698 3.350000
 699 3.370000
 700 3.390000
 701 3.370000
 702 3.370000
 703 3.420000
 704 3.420000
 705 3.070000
 706 2.880000
 707 1.550000
 708 1.590000
 709 1.560000
 710 3.500000
 711 3.540000
 712 3.580000
 713 3.560000
 714 3.580000
 715 3.600000
 716 3.630000
 717 3.660000
 718 3.660000
 719 3.680000
 720 3.700000
 721 3.730000
 722 3.760000
 723 3.760000
 724 3.770000
 725 3.790000
 726 3.790000
 727 3.780000
 728 3.780000
 729 3.810000
 730 3.810000
 731 3.800000
 732 3.840000
 733 3.830000
 734 3.860000
 735 3.910000
 736 3.920000
 737 3.920000
 738 3.930000
 739 3.520000
 740 3.350000
 741 2.900000
 742 2.910000
 743 2.900000
 744 3.550000
 745 3.970000
 746 3.980000
 747 3.990000
 748 3.990000
 749 4.010000
 750 4.020000
 751 4.010000
 752 4.010000
 753 4.010000
 754 4.000000
 755 4.030000
 756 4.000000
 757 4.060000
 758 4.060000
 759 4.060000
 760 4.060000