
 0 2.980000
 1 3.140000
 2 3.140000
 3 3.140000
 4 3.010000
 5 3.160000
 6 3.140000
 7 3.030000
 8 3.060000
 9 3.190000
 10 3.070000
 11 3.100000
 12 3.190000
 13 3.140000
 14 3.070000
 15 3.050000
 16 3.060000
 17 3.160000
 18 3.160000
 19 3.140000
 20 3.140000
 21 3.160000
 22 3.160000
 23 3.030000
 24 3.030000
 25 3.020000
 26 3.040000
 27 3.010000
 28 3.030000
 29 3.010000
 30 2.980000
 31 3.140000
 32 3.090000
 33 2.980000
 34 3.110000
 35 3.110000
 36 2.900000
 37 2.720000
 38 2.360000
 39 2.180000
 40 2.160000
 41 2.140000
 42 2.120000
 43 2.130000
 44 2.140000
 45 2.140000
 46 2.150000
 47 2.150000
 48 2.150000
 49 2.150000
 50 2.150000
 51 2.150000
 52 2.220000
 53 2.290000
 54 2.240000
 55 2.200000
 56 2.190000
 57 2.190000
 58 2.190000
 59 2.210000
 60 2.200000
 61 2.200000
 62 2.200000
 63 2.190000
 64 2.180000
 65 2.190000
 66 2.200000
 67 2.190000
 68 2.200000
 69 2.220000
 70 2.230000
 71 2.230000
 72 2.210000
 73 2.210000
 74 2.200000
 75 2.230000
 76 2.240000
 77 2.330000
 78 2.200000
 79 2.170000
 80 2.180000
 81 2.170000
 82 2.180000
 83 2.240000
 84 2.230000
 85 2.250000
 86 2.250000
 87 2.230000
 88 2.230000
 89 2.240000
 90 2.260000
 91 2.270000
 92 2.270000
 93 2.250000
 94 2.260000
 95 2.250000
 96 2.240000
 97 2.240000
 98 2.220000
 99 2.220000
 100 2.240000
 101 2.300000
 102 2.280000
 103 2.280000
 104 2.300000
 105 2.300000
 106 2.320000
 107 2.320000
 108 2.310000
 109 2.300000
 110 2.300000
 111 2.330000
 112 2.340000
 113 2.350000
 114 2.350000
 115 2.350000
 116 2.340000
 117 2.330000
 118 2.350000
 119 2.350000
 120 2.470000
 121 2.390000
 122 2.360000
 123 2.290000
 124 2.320000
 125 2.320000
 126 2.330000
 127 2.400000
 128 2.370000
 129 2.400000
 130 2.410000
 131 2.390000
 132 2.420000
 133 2.410000
 134 2.420000
 135 2.410000
 136 2.410000
 137 2.390000
 138 2.390000
 139 2.390000
 140 2.400000
 141 2.410000
 142 2.430000
 143 2.420000
 144 2.440000
 145 2.460000
 146 3.560000
 147 3.570000
 148 3.630000
 149 3.540000
 150 3.630000
 151 3.560000
 152 3.560000
 153 3.560000
 154 3.520000
 155 3.450000
 156 3.440000
 157 3.420000
 158 3.430000
 159 3.410000
 160 3.420000
 161 3.400000
 162 3.420000
 163 3.420000
 164 3.430000
 165 3.460000
 166 3.450000
 167 3.460000
 168 3.490000
 169 3.600000
 170 3.750000
 171 3.680000
 172 3.700000
 173 3.750000
 174 3.790000
 175 3.790000
 176 3.780000
 177 3.830000
 178 3.860000
 179 3.850000
 180 3.860000
 181 3.870000
 182 3.890000
 183 3.900000
 184 3.900000
 185 3.890000
 186 3.900000
 187 3.960000
 188 3.930000
 189 3.940000
 190 3.950000
 191 3.980000
 192 3.960000
 193 3.990000
 194 3.990000
 195 3.980000
 196 4.110000
 197 3.980000
 198 4.090000
 199 4.130000
 200 4.140000
 201 4.150000
 202 4.080000
 203 4.080000
 204 4.130000
 205 4.100000
 206 4.130000
 207 4.130000
 208 4.130000
 209 4.160000
 210 4.220000
 211 4.270000
 212 4.210000
 213 4.230000
 214 4.280000
 215 4.260000
 216 4.300000
 217 4.300000
 218 4.310000
 219 4.480000
 220 4.360000
 221 4.380000
 222 4.360000
 223 4.410000
 224 4.480000
 225 4.430000
 226 4.460000
 227 4.180000
 228 4.180000
 229 4.510000
 230 4.500000
 231 4.530000
 232 4.560000
 233 4.610000
 234 4.610000
 235 4.730000
 236 4.760000
 237 4.770000
 238 4.790000
 239 4.770000
 240 4.710000
 241 4.760000
 242 4.760000
 243 4.810000
 244 4.830000
 245 4.940000
 246 4.950000
 247 4.980000
 248 4.880000
 249 5.010000
 250 4.980000
 251 4.990000
 252 4.960000
 253 4.930000
 254 4.930000
 255 4.960000
 256 4.940000
 257 4.910000
 258 4.760000
 259 4.760000
 260 4.730000
 261 4.710000
 262 4.710000
 263 4.810000
 264 4.810000
 265 4.780000
 266 4.750000
 267 4.750000
 268 4.720000
 269 4.690000
 270 4.670000
 271 4.700000
 272 4.650000
 273 4.620000
 274 4.630000
 275 4.590000
 276 4.590000
 277 4.600000
 278 4.570000
 279 4.620000
 280 4.600000
 281 4.570000
 282 4.530000
 283 4.530000
 284 4.500000
 285 4.520000
 286 4.480000
 287 4.500000
 288 4.510000
 289 4.480000
 290 4.460000
 291 4.460000
 292 4.460000
 293 4.460000
 294 4.430000
 295 1.790000
 296 1.810000
 297 1.790000
 298 1.780000
 299 1.790000
 300 1.790000
 301 1.790000
 302 1.760000
 303 1.760000
 304 1.780000
 305 1.760000
 306 1.810000
 307 1.830000
 308 1.860000
 309 4.260000
 310 4.260000
 311 4.280000
 312 4.250000
 313 4.230000
 314 4.220000
 315 4.210000
 316 4.220000
 317 4.200000
 318 4.220000
 319 2.330000
 320 2.310000
 321 2.310000
 322 2.310000
 323 2.310000
 324 2.310000
 325 2.310000
 326 2.320000
 327 2.330000
 328 2.460000
 329 4.120000
 330 4.150000
 331 4.150000
 332 4.130000
 333 2.910000
 334 2.840000
 335 2.850000
 336 2.840000
 337 2.810000
 338 2.840000
 339 2.810000
 340 2.850000
 341 1.710000
 342 1.660000
 343 1.690000
 344 1.660000
 345 1.660000
 346 1.660000
 347 1.660000
 348 1.660000
 349 1.660000
 350 1.660000
 351 1.660000
 352 1.680000
 353 1.720000
 354 4.100000
 355 2.220000
 356 2.230000
 357 2.240000
 358 2.210000
 359 2.240000
 360 2.240000
 361 2.240000
 362 2.210000
 363 2.240000
 364 2.430000
 365 2.790000
 366 2.790000
 367 2.760000
 368 2.790000
 369 2.770000
 370 2.850000
 371 4.990000
 372 2.430000
 373 2.430000
 374 2.310000
 375 2.350000
 376 2.360000
 377 2.390000
 378 2.260000
 379 2.270000
 380 2.320000
 381 2.390000
 382 4.990000
 383 5.000000
 384 5.030000
 385 5.010000
 386 5.010000
 387 4.220000
 388 4.860000
 389 4.860000
 390 4.980000
 391 1.660000
 392 1.640000
 393 1.610000
 394 1.640000
 395 1.640000
 396 1.640000
 397 1.650000
 398 1.620000
 399 1.620000
 400 1.620000
 401 1.630000
 402 4.580000
 403 4.590000
 404 4.590000
 405 4.560000
 406 4.540000
 407 4.410000
 408 4.290000
 409 4.290000
 410 4.360000
 411 4.260000
 412 4.410000
 413 4.310000
 414 4.260000
 415 4.260000
 416 4.290000
 417 4.440000
 418 4.390000
 419 4.370000
 420 4.260000
 421 4.260000
 422 4.320000
 423 4.310000
 424 4.310000
 425 4.220000
 426 4.200000
 427 4.030000
 428 3.740000
 429 3.710000
 430 3.690000
 431 3.640000
 432 3.640000
 433 3.640000
 434 3.620000
 435 3.590000
 436 3.570000
 437 3.570000
 438 3.550000
 439 3.520000
 440 3.520000
 441 3.500000
 442 3.510000
 443 3.530000
 444 3.510000
 445 3.600000
 446 3.510000
 447 3.580000
 448 3.580000
 449 3.580000
 450 3.560000
 451 3.570000
 452 3.570000
 453 3.580000
 454 3.570000
 455 3.580000
 456 3.560000
 457 3.550000
 458 3.480000
 459 3.490000
 460 3.520000
 461 3.490000
 462 3.530000
 463 3.530000
 464 3.520000
 465 3.510000
 466 3.530000
 467 3.500000
 468 3.510000
 469 3.500000
 470 3.480000
 471 3.480000
 472 3.480000
 473 3.510000
 474 3.450000
 475 3.460000
 476 3.440000
 477 3.430000
 478 3.430000
 479 3.460000
 480 3.380000
 481 3.430000
 482 3.380000
 483 3.380000
 484 3.380000
 485 3.360000
 486 3.360000
 487 3.300000
 488 3.260000
 489 3.260000
 490 3.260000
 491 3.230000
 492 3.200000
 493 3.210000
 494 3.180000
 495 3.180000
 496 3.160000
 497 3.160000
 498 3.130000
 499 3.130000
 500 3.110000
 501 3.080000
 502 3.090000
 503 3.090000
 504 3.060000
 505 3.060000
 506 3.060000
 507 3.060000
 508 3.060000
 509 3.060000
 510 3.090000
 511 3.070000
 512 3.100000
 513 3.100000
 514 3.120000
 515 3.090000
 516 3.110000
 517 3.080000
 518 3.110000
 519 3.100000
 520 3.100000
 521 3.090000
 522 3.090000
 523 3.120000
 524 3.130000
 525 3.050000
 526 3.100000
 527 3.080000
 528 3.060000
 529 3.080000
 530 3.080000
 531 3.030000
 532 3.070000
 533 3.030000
 534 3.030000
 535 3.040000
 536 3.030000
 537 3.010000
 538 2.170000
 539 2.210000
 540 2.190000
 541 2.110000
 542 2.090000
 543 2.090000
 544 2.050000
 545 2.070000
 546 3.030000
 547 3.030000
 548 1.850000
 549 3.030000
 550 3.030000
 551 3.030000
 552 3.070000
 553 3.070000
 554 3.090000
 555 1.790000
 556 1.780000
 557 1.770000
 558 1.770000
 559 1.780000
 560 1.780000
 561 1.800000
 562 1.800000
 563 1.770000
 564 1.820000
 565 1.800000
 566 1.820000
 567 1.820000
 568 1.820000
 569 1.850000
 570 1.850000
 571 1.850000
 572 1.870000
 573 1.870000
 574 1.870000
 575 1.900000
 576 1.900000
 577 1.920000
 578 1.900000
 579 1.920000
 580 1.950000
 581 1.950000
 582 1.970000
 583 1.970000
 584 1.970000
 585 2.000000
 586 2.000000
 587 2.000000
 588 2.000000
 589 2.050000
 590 2.050000
 591 2.050000
 592 2.080000
 593 2.080000
 594 2.100000
 595 2.130000
 596 2.130000
 597 2.150000
 598 2.180000
 599 2.180000
 600 2.200000
 601 2.230000
 602 2.210000
 603 2.230000
 604 2.200000
 605 2.200000
 606 2.230000
 607 2.250000
 608 2.280000
 609 2.280000
 610 1.400000
 611 1.430000
 612 1.400000
 613 1.400000
 614 1.390000
 615 1.400000
 616 1.400000
 617 1.420000
 618 1.420000
 619 1.450000
 620 1.450000
 621 1.450000
 622 1.470000
 623 1.500000
 624 1.500000
 625 1.500000
 626 1.500000
 627 1.500000
 628 1.510000
 629 1.520000
 630 1.550000
 631 1.570000
 632 1.570000
 633 1.560000
 634 1.590000
 635 1.610000
 636 1.590000
 637 1.610000
 638 1.610000
 639 1.610000
 640 1.640000
 641 1.660000
 642 1.690000
 643 1.690000
 644 1.710000
 645 1.710000
 646 1.740000
 647 1.740000
 648 1.760000
 649 1.780000
 650 1.790000
 651 1.780000
 652 1.840000
 653 1.840000
 654 1.860000
 655 1.860000
 656 1.880000
 657 1.880000
 658 1.920000
 659 3.430000
 660 3.410000
 661 3.370000
 662 3.400000
 663 3.410000
 664 3.390000
 665 3.380000
 666 3.370000
 667 3.370000
 668 3.320000
 669 3.340000
 670 3.320000
 671 3.290000
 672 3.290000
 673 3.270000
 674 3.270000
 675 3.270000
 676 3.250000
 677 3.250000
 678 3.260000
 679 3.240000
 680 3.240000
 681 3.240000
 682 3.240000
 683 3.220000
 684 3.240000
 685 3.240000
 686 3.240000
 687 3.280000
 688 3.280000
 689 3.300000
 690 3.330000
 691 3.300000
 692 3.300000
 693 3.330000
 694 3.330000
 695 3.320000
 696 3.340000
 697 3.370000
 698 3.380000
 699 3.380000
 700 3.390000
 701 3.370000
 702 3.420000
 703 3.420000
 704 3.440000
 705 3.070000
 706 2.880000
 707 1.540000
 708 1.560000
 709 3.510000
 710 3.540000
 711 3.540000
 712 3.560000
 713 3.590000
 714 3.600000
 715 3.610000
 716 3.650000
 717 3.680000
 718 3.660000
 719 3.700000
 720 3.710000
 721 3.730000
 722 3.740000
 723 3.770000
 724 3.760000
 725 3.770000
 726 3.790000
 727 3.790000
 728 3.790000
 729 3.790000
 730 3.840000
 731 3.830000
 732 3.840000
 733 3.840000
 734 3.890000
 735 3.910000
 736 3.910000
 737 3.910000
 738 3.940000
 739 3.540000
 740 3.350000
 741 2.910000
 742 2.900000
 743 2.870000
 744 3.550000
 745 3.990000
 746 3.990000
 747 3.990000
 748 3.990000
 749 4.010000
 750 4.010000
 751 4.010000
 752 3.990000
 753 4.020000
 754 1.540000
 755 4.030000
 756 4.040000
 757 4.040000
 758 4.060000
 759 4.050000
 760 4.080000
 0 3.010000
 1 3.140000
 2 3.140000
 3 3.110000
 4 3.010000
 5 3.140000
 6 3.140000
 7 3.030000
 8 3.060000
 9 3.190000
 10 3.050000
 11 3.040000
 12 3.190000
 13 3.160000
 14 3.100000
 15 3.050000
 16 3.060000
 17 3.190000
 18 3.190000
 19 3.140000
 20 3.140000
 21 3.160000
 22 3.160000
 23 3.030000
 24 3.030000
 25 3.030000
 26 3.040000
 27 3.010000
 28 3.010000
 29 3.010000
 30 2.980000
 31 3.140000
 32 3.110000
 33 2.980000
 34 3.110000
 35 3.110000
 36 2.900000
 37 2.710000
 38 2.360000
 39 2.180000
 40 2.160000
 41 2.140000
 42 2.120000
 43 2.130000
 44 2.140000
 45 2.140000
 46 2.150000
 47 2.150000
 48 2.150000
 49 2.120000
 50 2.150000
 51 2.140000
 52 2.250000
 53 2.260000
 54 2.240000
 55 2.180000
 56 2.210000
 57 2.190000
 58 2.190000
 59 2.210000
 60 2.230000
 61 2.200000
 62 2.200000
 63 2.210000
 64 2.180000
 65 2.190000
 66 2.170000
 67 2.190000
 68 2.200000
 69 2.220000
 70 2.200000
 71 2.230000
 72 2.210000
 73 2.210000
 74 2.200000
 75 2.240000
 76 2.260000
 77 2.330000
 78 2.210000
 79 2.200000
 80 2.200000
 81 2.200000
 82 2.200000
 83 2.240000
 84 2.250000
 85 2.250000
 86 2.250000
 87 2.230000
 88 2.230000
 89 2.240000
 90 2.240000
 91 2.270000
 92 2.270000
 93 2.250000
 94 2.260000
 95 2.250000
 96 2.240000
 97 2.240000
 98 2.220000
 99 2.220000
 100 2.210000
 101 2.280000
 102 2.280000
 103 2.280000
 104 2.300000
 105 2.320000
 106 2.300000
 107 2.300000
 108 2.310000
 109 2.300000
 110 2.300000
 111 2.300000
 112 2.340000
 113 2.350000
 114 2.350000
 115 2.350000
 116 2.340000
 117 2.330000
 118 2.350000
 119 2.350000
 120 2.470000
 121 2.390000
 122 2.360000
 123 2.310000
 124 2.320000
 125 2.320000
 126 2.350000
 127 2.370000
 128 2.370000
 129 2.400000
 130 2.390000
 131 2.390000
 132 2.420000
 133 2.390000
 134 2.400000
 135 2.410000
 136 2.390000
 137 2.410000
 138 2.390000
 139 2.360000
 140 2.360000
 141 2.390000
 142 2.430000
 143 2.420000
 144 2.420000
 145 2.460000
 146 3.560000
 147 3.580000
 148 3.630000
 149 3.540000
 150 3.650000
 151 3.560000
 152 3.560000
 153 3.560000
 154 3.530000
 155 3.420000
 156 3.440000
 157 3.420000
 158 3.430000
 159 3.410000
 160 3.430000
 161 3.430000
 162 3.450000
 163 3.420000
 164 3.430000
 165 3.460000
 166 3.470000
 167 3.510000
 168 3.490000
 169 3.630000
 170 3.720000
 171 3.690000
 172 3.710000
 173 3.740000
 174 3.760000
 175 3.760000
 176 3.800000
 177 3.820000
 178 3.860000
 179 3.840000
 180 3.860000
 181 3.890000
 182 3.890000
 183 3.900000
 184 3.900000
 185 3.900000
 186 3.900000
 187 3.960000
 188 3.930000
 189 3.930000
 190 3.940000
 191 3.980000
 192 3.980000
 193 3.970000
 194 3.990000
 195 4.020000
 196 4.110000
 197 4.110000
 198 4.080000
 199 4.160000
 200 4.150000
 201 4.150000
 202 4.060000
 203 4.080000
 204 4.110000
 205 4.100000
 206 4.130000
 207 4.130000
 208 4.180000
 209 4.180000
 210 4.230000
 211 4.180000
 212 4.210000
 213 4.230000
 214 4.280000
 215 4.260000
 216 4.300000
 217 4.300000
 218 4.310000
 219 4.480000
 220 4.330000
 221 4.360000
 222 4.380000
 223 4.380000
 224 4.480000
 225 4.430000
 226 4.460000
 227 4.180000
 228 4.180000
 229 4.510000
 230 4.520000
 231 4.530000
 232 4.560000
 233 4.580000
 234 4.610000
 235 4.730000
 236 4.740000
 237 4.770000
 238 4.790000
 239 4.770000
 240 4.710000
 241 4.730000
 242 4.760000
 243 4.780000
 244 4.830000
 245 4.960000
 246 4.930000
 247 4.960000
 248 4.890000
 249 5.010000
 250 4.980000
 251 4.990000
 252 4.980000
 253 4.960000
 254 4.930000
 255 4.960000
 256 4.960000
 257 4.910000
 258 4.780000
 259 4.760000
 260 4.730000
 261 4.730000
 262 4.680000
 263 4.810000
 264 4.780000
 265 4.760000
 266 4.750000
 267 4.760000
 268 4.700000
 269 4.670000
 270 4.690000
 271 4.700000
 272 4.670000
 273 4.650000
 274 4.610000
 275 4.590000
 276 4.590000
 277 4.600000
 278 4.590000
 279 4.570000
 280 4.570000
 281 4.550000
 282 4.530000
 283 4.530000
 284 4.510000
 285 4.520000
 286 4.480000
 287 4.520000
 288 4.510000
 289 4.480000
 290 4.460000
 291 4.460000
 292 4.430000
 293 4.440000
 294 4.460000
 295 1.820000
 296 1.790000
 297 1.790000
 298 1.780000
 299 1.790000
 300 1.790000
 301 1.790000
 302 1.760000
 303 1.760000
 304 1.750000
 305 1.760000
 306 1.810000
 307 1.830000
 308 1.830000
 309 4.260000
 310 4.280000
 311 4.230000
 312 4.250000
 313 4.230000
 314 4.220000
 315 4.200000
 316 4.220000
 317 4.200000
 318 4.220000
 319 2.300000
 320 2.310000
 321 2.310000
 322 2.290000
 323 2.290000
 324 2.290000
 325 2.290000
 326 2.300000
 327 2.330000
 328 2.480000
 329 4.120000
 330 4.170000
 331 4.150000
 332 4.130000
 333 2.890000
 334 2.860000
 335 2.850000
 336 2.840000
 337 2.840000
 338 2.810000
 339 2.810000
 340 2.820000
 341 1.730000
 342 1.660000
 343 1.660000
 344 1.660000
 345 1.660000
 346 1.660000
 347 1.660000
 348 1.660000
 349 1.660000
 350 1.660000
 351 1.660000
 352 1.680000
 353 1.720000
 354 4.110000
 355 2.250000
 356 2.200000
 357 2.240000
 358 2.210000
 359 2.240000
 360 2.240000
 361 2.240000
 362 2.210000
 363 2.240000
 364 2.450000
 365 2.790000
 366 2.790000
 367 2.790000
 368 2.760000
 369 2.770000
 370 2.870000
 371 5.000000
 372 2.430000
 373 2.450000
 374 2.410000
 375 2.330000
 376 2.340000
 377 2.380000
 378 2.240000
 379 2.270000
 380 2.360000
 381 2.420000
 382 4.990000
 383 5.000000
 384 5.030000
 385 5.030000
 386 5.030000
 387 4.270000
 388 4.860000
 389 4.880000
 390 4.980000
 391 1.630000
 392 1.610000
 393 1.640000
 394 1.610000
 395 1.610000
 396 1.640000
 397 1.620000
 398 1.630000
 399 1.620000
 400 1.620000
 401 1.630000
 402 4.560000
 403 4.590000
 404 4.590000
 405 4.590000
 406 4.590000
 407 4.390000
 408 4.290000
 409 4.290000
 410 4.370000
 411 4.340000
 412 4.410000
 413 4.330000
 414 4.260000
 415 4.260000
 416 4.320000
 417 4.440000
 418 4.370000
 419 4.390000
 420 4.280000
 421 4.290000
 422 4.320000
 423 4.310000
 424 4.310000
 425 4.250000
 426 4.250000
 427 4.010000
 428 3.790000
 429 3.690000
 430 3.710000
 431 3.640000
 432 3.670000
 433 3.610000
 434 3.620000
 435 3.570000
 436 3.570000
 437 3.570000
 438 3.550000
 439 3.550000
 440 3.520000
 441 3.520000
 442 3.510000
 443 3.530000
 444 3.510000
 445 3.580000
 446 3.510000
 447 3.610000
 448 3.580000
 449 3.610000
 450 3.560000
 451 3.560000
 452 3.550000
 453 3.560000
 454 3.570000
 455 3.580000
 456 3.560000
 457 3.520000
 458 3.510000
 459 3.470000
 460 3.510000
 461 3.520000
 462 3.530000
 463 3.530000
 464 3.530000
 465 3.530000
 466 3.530000
 467 3.530000
 468 3.530000
 469 3.530000
 470 3.480000
 471 3.480000
 472 3.470000
 473 3.480000
 474 3.440000
 475 3.480000
 476 3.450000
 477 3.460000
 478 3.410000
 479 3.460000
 480 3.430000
 481 3.430000
 482 3.410000
 483 3.410000
 484 3.380000
 485 3.360000
 486 3.360000
 487 3.310000
 488 3.280000
 489 3.250000
 490 3.280000
 491 3.230000
 492 3.210000
 493 3.210000
 494 3.180000
 495 3.160000
 496 3.150000
 497 3.100000
 498 3.110000
 499 3.130000
 500 3.110000
 501 3.080000
 502 3.080000
 503 3.090000
 504 3.060000
 505 3.060000
 506 3.080000
 507 3.060000
 508 3.060000
 509 3.060000
 510 3.080000
 511 3.070000
 512 3.070000
 513 3.100000
 514 3.100000
 515 3.090000
 516 3.080000
 517 3.080000
 518 3.100000
 519 3.130000
 520 3.110000
 521 3.090000
 522 3.100000
 523 3.120000
 524 3.120000
 525 3.070000
 526 3.130000
 527 3.110000
 528 3.080000
 529 3.060000
 530 3.080000
 531 3.060000
 532 3.040000
 533 3.030000
 534 3.070000
 535 3.060000
 536 3.030000
 537 3.020000
 538 2.170000
 539 2.200000
 540 2.190000
 541 2.110000
 542 2.080000
 543 2.090000
 544 2.060000
 545 2.060000
 546 3.030000
 547 3.030000
 548 1.870000
 549 3.040000
 550 3.070000
 551 3.030000
 552 3.070000
 553 3.070000
 554 3.090000
 555 1.820000
 556 1.790000
 557 1.780000
 558 1.750000
 559 1.750000
 560 1.780000
 561 1.780000
 562 1.800000
 563 1.800000
 564 1.830000
 565 1.800000
 566 1.820000
 567 1.820000
 568 1.820000
 569 1.850000
 570 1.850000
 571 1.850000
 572 1.870000
 573 1.870000
 574 1.870000
 575 1.870000
 576 1.900000
 577 1.920000
 578 1.920000
 579 1.920000
 580 1.920000
 581 1.920000
 582 1.950000
 583 1.950000
 584 1.970000
 585 1.970000
 586 1.970000
 587 2.030000
 588 2.030000
 589 2.030000
 590 2.050000
 591 2.050000
 592 2.050000
 593 2.100000
 594 2.100000
 595 2.100000
 596 2.130000
 597 2.150000
 598 2.180000
 599 2.180000
 600 2.200000
 601 2.200000
 602 2.230000
 603 2.230000
 604 2.200000
 605 2.200000
 606 2.230000
 607 2.250000
 608 2.280000
 609 2.280000
 610 1.400000
 611 1.430000
 612 1.430000
 613 1.400000
 614 1.420000
 615 1.420000
 616 1.400000
 617 1.420000
 618 1.420000
 619 1.420000
 620 1.470000
 621 1.470000
 622 1.470000
 623 1.470000
 624 1.470000
 625 1.500000
 626 1.500000
 627 1.500000
 628 1.520000
 629 1.510000
 630 1.550000
 631 1.560000
 632 1.550000
 633 1.560000
 634 1.560000
 635 1.590000
 636 1.590000
 637 1.610000
 638 1.610000
 639 1.640000
 640 1.640000
 641 1.660000
 642 1.690000
 643 1.690000
 644 1.710000
 645 1.710000
 646 1.740000
 647 1.740000
 648 1.760000
 649 1.760000
 650 1.810000
 651 1.810000
 652 1.810000
 653 1.810000
 654 1.830000
 655 1.860000
 656 1.860000
 657 1.880000
 658 1.920000
 659 3.410000
 660 3.410000
 661 3.420000
 662 3.400000
 663 3.430000
 664 3.390000
 665 3.380000
 666 3.370000
 667 3.340000
 668 3.340000
 669 3.340000
 670 3.290000
 671 3.290000
 672 3.290000
 673 3.270000
 674 3.240000
 675 3.270000
 676 3.220000
 677 3.250000
 678 3.280000
 679 3.240000
 680 3.240000
 681 3.240000
 682 3.240000
 683 3.240000
 684 3.240000
 685 3.270000
 686 3.270000
 687 3.280000
 688 3.290000
 689 3.300000
 690 3.310000
 691 3.330000
 692 3.290000
 693 3.320000
 694 3.340000
 695 3.320000
 696 3.320000
 697 3.350000
 698 3.370000
 699 3.380000
 700 3.370000
 701 3.390000
 702 3.420000
 703 3.410000
 704 3.420000
 705 3.050000
 706 2.870000
 707 1.580000
 708 1.580000
 709 1.610000
 710 3.540000
 711 3.510000
 712 3.560000
 713 3.560000
 714 3.630000
 715 3.600000
 716 3.640000
 717 3.650000
 718 3.650000
 719 3.700000
 720 3.710000
 721 3.750000
 722 3.750000
 723 3.760000
 724 3.760000
 725 3.790000
 726 3.770000
 727 3.790000
 728 3.790000
 729 3.810000
 730 3.810000
 731 3.840000
 732 3.840000
 733 3.840000
 734 3.890000
 735 3.910000
 736 3.910000
 737 3.920000
 738 3.940000
 739 3.520000
 740 3.360000
 741 2.930000
 742 2.880000
 743 2.880000
 744 3.550000
 745 3.990000
 746 3.990000
 747 4.020000
 748 3.990000
 749 4.010000
 750 4.010000
 751 4.020000
 752 4.000000
 753 4.020000
 754 1.510000
 755 4.040000
 756 4.040000
 757 4.060000
 758 4.060000
 759 4.090000
 760 4.080000
 0 3.010000
 1 3.160000
 2 3.140000
 3 3.110000
 4 3.010000
 5 3.140000
 6 3.140000
 7 3.060000
 8 3.060000
 9 3.160000
 10 3.040000
 11 3.070000
 12 3.190000
 13 3.140000
 14 3.100000
 15 3.020000
 16 3.060000
 17 3.030000
 18 3.160000
 19 3.160000
 20 3.140000
 21 3.160000
 22 3.140000
 23 3.030000
 24 3.010000
 25 3.000000
 26 3.010000
 27 2.980000
 28 3.010000
 29 3.010000
 30 3.010000
 31 3.140000
 32 3.110000
 33 2.980000
 34 3.110000
 35 3.090000
 36 2.880000
 37 2.710000
 38 2.330000
 39 2.180000
 40 2.160000
 41 2.140000
 42 2.150000
 43 2.130000
 44 2.140000
 45 2.140000
 46 2.150000
 47 2.150000
 48 2.150000
 49 2.120000
 50 2.150000
 51 2.140000
 52 2.220000
 53 2.290000
 54 2.260000
 55 2.180000
 56 2.190000
 57 2.190000
 58 2.190000
 59 2.210000
 60 2.200000
 61 2.200000
 62 2.230000
 63 2.210000
 64 2.180000
 65 2.160000
 66 2.170000
 67 2.190000
 68 2.210000
 69 2.200000
 70 2.230000
 71 2.230000
 72 2.210000
 73 2.210000
 74 2.200000
 75 2.210000
 76 2.240000
 77 2.330000
 78 2.210000
 79 2.200000
 80 2.180000
 81 2.200000
 82 2.180000
 83 2.240000
 84 2.230000
 85 2.280000
 86 2.250000
 87 2.250000
 88 2.230000
 89 2.240000
 90 2.240000
 91 2.270000
 92 2.270000
 93 2.250000
 94 2.260000
 95 2.230000
 96 2.240000
 97 2.210000
 98 2.220000
 99 2.220000
 100 2.240000
 101 2.280000
 102 2.300000
 103 2.280000
 104 2.280000
 105 2.320000
 106 2.300000
 107 2.320000
 108 2.310000
 109 2.300000
 110 2.300000
 111 2.300000
 112 2.310000
 113 2.320000
 114 2.320000
 115 2.350000
 116 2.310000
 117 2.330000
 118 2.350000
 119 2.350000
 120 2.470000
 121 2.390000
 122 2.350000
 123 2.310000
 124 2.320000
 125 2.320000
 126 2.350000
 127 2.370000
 128 2.400000
 129 2.400000
 130 2.410000
 131 2.410000
 132 2.420000
 133 2.410000
 134 2.420000
 135 2.410000
 136 2.390000
 137 2.390000
 138 2.410000
 139 2.400000
 140 2.390000
 141 2.390000
 142 2.420000
 143 2.420000
 144 2.440000
 145 2.480000
 146 3.560000
 147 3.600000
 148 3.630000
 149 3.520000
 150 3.650000
 151 3.590000
 152 3.560000
 153 3.580000
 154 3.510000
 155 3.450000
 156 3.410000
 157 3.420000
 158 3.430000
 159 3.400000
 160 3.420000
 161 3.410000
 162 3.420000
 163 3.420000
 164 3.430000
 165 3.460000
 166 3.450000
 167 3.480000
 168 3.520000
 169 3.610000
 170 3.760000
 171 3.720000
 172 3.720000
 173 3.760000
 174 3.760000
 175 3.760000
 176 3.780000
 177 3.830000
 178 3.830000
 179 3.860000
 180 3.870000
 181 3.890000
 182 3.920000
 183 3.910000
 184 3.900000
 185 3.900000
 186 3.900000
 187 3.940000
 188 3.900000
 189 3.960000
 190 3.950000
 191 3.960000
 192 4.000000
 193 3.990000
 194 4.010000
 195 4.030000
 196 4.110000
 197 4.110000
 198 4.060000
 199 4.130000
 200 4.120000
 201 4.160000
 202 4.060000
 203 4.080000
 204 4.110000
 205 4.120000
 206 4.130000
 207 4.130000
 208 4.160000
 209 4.180000
 210 4.220000
 211 4.240000
 212 4.210000
 213 4.260000
 214 4.280000
 215 4.280000
 216 4.270000
 217 4.270000
 218 4.300000
 219 4.500000
 220 4.360000
 221 4.380000
 222 4.380000
 223 4.380000
 224 4.500000
 225 4.410000
 226 4.430000
 227 4.180000
 228 4.160000
 229 4.510000
 230 4.520000
 231 4.560000
 232 4.560000
 233 4.580000
 234 4.580000
 235 4.730000
 236 4.760000
 237 4.770000
 238 4.810000
 239 4.800000
 240 4.710000
 241 4.760000
 242 4.730000
 243 4.780000
 244 4.830000
 245 4.960000
 246 4.930000
 247 4.980000
 248 4.880000
 249 5.010000
 250 4.980000
 251 4.960000
 252 4.980000
 253 4.960000
 254 4.930000
 255 4.960000
 256 4.940000
 257 4.910000
 258 4.910000
 259 4.760000
 260 4.730000
 261 4.710000
 262 4.710000
 263 4.810000
 264 4.810000
 265 4.780000
 266 4.760000
 267 4.720000
 268 4.700000
 269 4.690000
 270 4.690000
 271 4.670000
 272 4.670000
 273 4.650000
 274 4.630000
 275 4.610000
 276 4.590000
 277 4.600000
 278 4.600000
 279 4.600000
 280 4.600000
 281 4.540000
 282 4.560000
 283 4.540000
 284 4.510000
 285 4.490000
 286 4.500000
 287 4.500000
 288 4.510000
 289 4.480000
 290 4.460000
 291 4.460000
 292 4.430000
 293 4.440000
 294 4.430000
 295 1.820000
 296 1.790000
 297 1.790000
 298 1.790000
 299 1.760000
 300 1.790000
 301 1.760000
 302 1.760000
 303 1.790000
 304 1.750000
 305 1.760000
 306 1.780000
 307 1.810000
 308 1.860000
 309 4.260000
 310 4.260000
 311 4.260000
 312 4.250000
 313 4.230000
 314 4.220000
 315 4.260000
 316 4.220000
 317 4.200000
 318 4.200000
 319 2.330000
 320 2.310000
 321 2.290000
 322 2.310000
 323 2.290000
 324 2.310000
 325 2.290000
 326 2.300000
 327 2.360000
 328 2.480000
 329 4.150000
 330 4.150000
 331 4.150000
 332 4.130000
 333 2.910000
 334 2.840000
 335 2.880000
 336 2.860000
 337 2.840000
 338 2.840000
 339 2.840000
 340 2.850000
 341 1.730000
 342 1.660000
 343 1.660000
 344 1.660000
 345 1.660000
 346 1.660000
 347 1.660000
 348 1.660000
 349 1.660000
 350 1.660000
 351 1.660000
 352 1.680000
 353 1.700000
 354 4.080000
 355 2.220000
 356 2.210000
 357 2.200000
 358 2.240000
 359 2.210000
 360 2.210000
 361 2.240000
 362 2.240000
 363 2.210000
 364 2.450000
 365 2.790000
 366 2.790000
 367 2.790000
 368 2.790000
 369 2.770000
 370 2.900000
 371 5.030000
 372 2.450000
 373 2.420000
 374 2.360000
 375 2.330000
 376 2.340000
 377 2.390000
 378 2.260000
 379 2.290000
 380 2.320000
 381 2.420000
 382 4.990000
 383 5.020000
 384 5.030000
 385 5.030000
 386 5.030000
 387 4.240000
 388 4.860000
 389 4.880000
 390 4.980000
 391 1.630000
 392 1.640000
 393 1.610000
 394 1.610000
 395 1.640000
 396 1.640000
 397 1.620000
 398 1.620000
 399 1.630000
 400 1.610000
 401 1.630000
 402 4.560000
 403 4.600000
 404 4.590000
 405 4.570000
 406 4.560000
 407 4.390000
 408 4.290000
 409 4.290000
 410 4.340000
 411 4.360000
 412 4.410000
 413 4.300000
 414 4.260000
 415 4.230000
 416 4.290000
 417 4.410000
 418 4.390000
 419 4.370000
 420 4.260000
 421 4.290000
 422 4.320000
 423 4.330000
 424 4.310000
 425 4.260000
 426 4.220000
 427 4.010000
 428 3.740000
 429 3.710000
 430 3.690000
 431 3.660000
 432 3.670000
 433 3.610000
 434 3.640000
 435 3.570000
 436 3.590000
 437 3.570000
 438 3.550000
 439 3.520000
 440 3.520000
 441 3.500000
 442 3.510000
 443 3.510000
 444 3.510000
 445 3.510000
 446 3.510000
 447 3.480000
 448 3.610000
 449 3.580000
 450 3.560000
 451 3.570000
 452 3.550000
 453 3.560000
 454 3.600000
 455 3.560000
 456 3.550000
 457 3.520000
 458 3.480000
 459 3.490000
 460 3.520000
 461 3.520000
 462 3.540000
 463 3.530000
 464 3.540000
 465 3.530000
 466 3.510000
 467 3.510000
 468 3.500000
 469 3.500000
 470 3.500000
 471 3.500000
 472 3.450000
 473 3.480000
 474 3.460000
 475 3.440000
 476 3.480000
 477 3.440000
 478 3.430000
 479 3.430000
 480 3.430000
 481 3.430000
 482 3.430000
 483 3.380000
 484 3.380000
 485 3.380000
 486 3.350000
 487 3.330000
 488 3.280000
 489 3.280000
 490 3.260000
 491 3.230000
 492 3.200000
 493 3.210000
 494 3.180000
 495 3.150000
 496 3.160000
 497 3.100000
 498 3.130000
 499 3.130000
 500 3.080000
 501 3.080000
 502 3.120000
 503 3.090000
 504 3.060000
 505 3.070000
 506 3.080000
 507 3.060000
 508 3.060000
 509 3.030000
 510 3.090000
 511 3.070000
 512 3.090000
 513 3.100000
 514 3.100000
 515 3.080000
 516 3.110000
 517 3.080000
 518 3.100000
 519 3.090000
 520 3.130000
 521 3.120000
 522 3.090000
 523 3.130000
 524 3.130000
 525 3.040000
 526 3.110000
 527 3.080000
 528 3.100000
 529 3.080000
 530 3.080000
 531 3.060000
 532 3.020000
 533 3.030000
 534 3.030000
 535 3.030000
 536 3.030000
 537 3.010000
 538 2.160000
 539 2.240000
 540 2.190000
 541 2.110000
 542 2.090000
 543 2.080000
 544 2.060000
 545 2.050000
 546 3.030000
 547 3.030000
 548 1.870000
 549 3.060000
 550 3.030000
 551 3.040000
 552 3.070000
 553 3.090000
 554 3.090000
 555 1.780000
 556 1.820000
 557 1.800000
 558 1.770000
 559 1.780000
 560 1.770000
 561 1.780000
 562 1.770000
 563 1.800000
 564 1.800000
 565 1.820000
 566 1.820000
 567 1.820000
 568 1.850000
 569 1.850000
 570 1.870000
 571 1.850000
 572 1.870000
 573 1.870000
 574 1.900000
 575 1.900000
 576 1.900000
 577 1.920000
 578 1.920000
 579 1.920000
 580 1.950000
 581 1.950000
 582 1.970000
 583 1.950000
 584 1.970000
 585 2.000000
 586 2.000000
 587 2.020000
 588 2.030000
 589 2.030000
 590 2.050000
 591 2.050000
 592 2.080000
 593 2.080000
 594 2.100000
 595 2.130000
 596 2.130000
 597 2.150000
 598 2.180000
 599 2.180000
 600 2.180000
 601 2.230000
 602 2.200000
 603 2.230000
 604 2.200000
 605 2.220000
 606 2.230000
 607 2.250000
 608 2.250000
 609 2.280000
 610 1.420000
 611 1.430000
 612 1.390000
 613 1.400000
 614 1.420000
 615 1.400000
 616 1.420000
 617 1.420000
 618 1.420000
 619 1.450000
 620 1.450000
 621 1.470000
 622 1.470000
 623 1.470000
 624 1.500000
 625 1.500000
 626 1.500000
 627 1.500000
 628 1.520000
 629 1.510000
 630 1.510000
 631 1.550000
 632 1.560000
 633 1.560000
 634 1.590000
 635 1.590000
 636 1.610000
 637 1.610000
 638 1.610000
 639 1.640000
 640 1.660000
 641 1.660000
 642 1.690000
 643 1.660000
 644 1.710000
 645 1.710000
 646 1.740000
 647 1.760000
 648 1.760000
 649 1.760000
 650 1.790000
 651 1.810000
 652 1.810000
 653 1.810000
 654 1.830000
 655 1.860000
 656 1.890000
 657 1.880000
 658 1.920000
 659 3.430000
 660 3.430000
 661 3.390000
 662 3.390000
 663 3.410000
 664 3.400000
 665 3.370000
 666 3.380000
 667 3.370000
 668 3.340000
 669 3.340000
 670 3.320000
 671 3.290000
 672 3.290000
 673 3.280000
 674 3.240000
 675 3.250000
 676 3.250000
 677 3.250000
 678 3.250000
 679 3.240000
 680 3.270000
 681 3.240000
 682 3.240000
 683 3.270000
 684 3.240000
 685 3.240000
 686 3.250000
 687 3.270000
 688 3.310000
 689 3.300000
 690 3.300000
 691 3.310000
 692 3.300000
 693 3.320000
 694 3.320000
 695 3.350000
 696 3.340000
 697 3.340000
 698 3.370000
 699 3.370000
 700 3.370000
 701 3.370000
 702 3.420000
 703 3.390000
 704 3.420000
 705 3.050000
 706 2.910000
 707 1.560000
 708 1.580000
 709 1.570000
 710 3.530000
 711 3.500000
 712 3.590000
 713 3.590000
 714 3.610000
 715 3.600000
 716 3.660000
 717 3.680000
 718 3.690000
 719 3.700000
 720 3.730000
 721 3.730000
 722 3.750000
 723 3.760000
 724 3.790000
 725 3.770000
 726 3.770000
 727 3.790000
 728 3.780000
 729 3.790000
 730 3.810000
 731 3.840000
 732 3.840000
 733 3.840000
 734 3.890000
 735 3.910000
 736 3.940000
 737 3.940000
 738 3.940000
 739 3.540000
 740 3.320000
 741 2.910000
 742 2.900000
 743 2.900000
 744 3.570000
 745 3.990000
 746 3.990000
 747 4.010000
 748 4.010000
 749 3.990000
 750 4.010000
 751 4.020000
 752 4.040000
 753 3.990000
 754 1.560000
 755 4.040000
 756 4.040000
 757 4.030000
 758 4.050000
 759 4.060000
 760 4.060000
 0 2.980000
 1 3.140000
 2 3.140000
 3 3.110000
 4 3.010000
 5 3.140000
 6 3.140000
 7 3.060000
 8 3.080000
 9 3.190000
 10 3.020000
 11 3.070000
 12 3.190000
 13 3.160000
 14 3.050000
 15 3.020000
 16 3.030000
 17 3.190000
 18 3.190000
 19 3.160000
 20 3.110000
 21 3.160000
 22 3.140000
 23 3.010000
 24 3.010000
 25 3.030000
 26 3.060000
 27 3.160000
 28 3.010000
 29 3.010000
 30 2.980000
 31 3.140000
 32 3.110000
 33 2.980000
 34 3.140000
 35 3.110000
 36 2.910000
 37 2.720000
 38 2.360000
 39 2.190000
 40 2.160000
 41 2.140000
 42 2.150000
 43 2.160000
 44 2.160000
 45 2.140000
 46 2.160000
 47 2.120000
 48 2.150000
 49 2.150000
 50 2.150000
 51 2.150000
 52 2.220000
 53 2.290000
 54 2.240000
 55 2.180000
 56 2.190000
 57 2.190000
 58 2.210000
 59 2.210000
 60 2.200000
 61 2.200000
 62 2.230000
 63 2.190000
 64 2.210000
 65 2.190000
 66 2.160000
 67 2.190000
 68 2.210000
 69 2.220000
 70 2.230000
 71 2.250000
 72 2.210000
 73 2.210000
 74 2.210000
 75 2.210000
 76 2.240000
 77 2.330000
 78 2.210000
 79 2.200000
 80 2.170000
 81 2.200000
 82 2.180000
 83 2.240000
 84 2.250000
 85 2.230000
 86 2.250000
 87 2.230000
 88 2.230000
 89 2.210000
 90 2.240000
 91 2.250000
 92 2.250000
 93 2.280000
 94 2.260000
 95 2.260000
 96 2.210000
 97 2.240000
 98 2.250000
 99 2.220000
 100 2.240000
 101 2.280000
 102 2.280000
 103 2.280000
 104 2.310000
 105 2.300000
 106 2.300000
 107 2.320000
 108 2.310000
 109 2.310000
 110 2.310000
 111 2.310000
 112 2.310000
 113 2.350000
 114 2.320000
 115 2.350000
 116 2.340000
 117 2.330000
 118 2.330000
 119 2.350000
 120 2.470000
 121 2.370000
 122 2.350000
 123 2.310000
 124 2.320000
 125 2.310000
 126 2.330000
 127 2.370000
 128 2.400000
 129 2.400000
 130 2.410000
 131 2.390000
 132 2.420000
 133 2.410000
 134 2.400000
 135 2.410000
 136 2.390000
 137 2.410000
 138 2.390000
 139 2.390000
 140 2.390000
 141 2.410000
 142 2.430000
 143 2.420000
 144 2.420000
 145 2.460000
 146 3.560000
 147 3.570000
 148 3.630000
 149 3.520000
 150 3.630000
 151 3.590000
 152 3.580000
 153 3.560000
 154 3.550000
 155 3.450000
 156 3.390000
 157 3.410000
 158 3.430000
 159 3.410000
 160 3.430000
 161 3.430000
 162 3.420000
 163 3.450000
 164 3.460000
 165 3.430000
 166 3.460000
 167 3.480000
 168 3.490000
 169 3.630000
 170 3.750000
 171 3.710000
 172 3.730000
 173 3.780000
 174 3.760000
 175 3.790000
 176 3.780000
 177 3.820000
 178 3.860000
 179 3.840000
 180 3.870000
 181 3.860000
 182 3.890000
 183 3.880000
 184 3.900000
 185 3.930000
 186 3.900000
 187 3.940000
 188 3.930000
 189 3.930000
 190 3.960000
 191 3.960000
 192 4.000000
 193 4.000000
 194 4.000000
 195 4.000000
 196 4.130000
 197 4.120000
 198 4.050000
 199 4.140000
 200 4.140000
 201 4.180000
 202 4.080000
 203 4.220000
 204 4.110000
 205 4.160000
 206 4.130000
 207 4.160000
 208 4.180000
 209 4.160000
 210 4.230000
 211 4.250000
 212 4.230000
 213 4.260000
 214 4.260000
 215 4.260000
 216 4.280000
 217 4.290000
 218 4.300000
 219 4.480000
 220 4.360000
 221 4.360000
 222 4.380000
 223 4.380000
 224 4.510000
 225 4.430000
 226 4.460000
 227 4.180000
 228 4.190000
 229 4.510000
 230 4.500000
 231 4.530000
 232 4.560000
 233 4.580000
 234 4.580000
 235 4.710000
 236 4.740000
 237 4.770000
 238 4.790000
 239 4.770000
 240 4.710000
 241 4.760000
 242 4.730000
 243 4.780000
 244 4.830000
 245 4.970000
 246 4.930000
 247 4.990000
 248 4.880000
 249 5.010000
 250 4.980000
 251 4.970000
 252 4.980000
 253 4.960000
 254 4.930000
 255 4.970000
 256 4.940000
 257 4.920000
 258 4.880000
 259 4.760000
 260 4.710000
 261 4.710000
 262 4.710000
 263 4.810000
 264 4.780000
 265 4.760000
 266 4.760000
 267 4.730000
 268 4.700000
 269 4.690000
 270 4.680000
 271 4.680000
 272 4.680000
 273 4.650000
 274 4.610000
 275 4.590000
 276 4.590000
 277 4.600000
 278 4.580000
 279 4.600000
 280 4.570000
 281 4.580000
 282 4.560000
 283 4.540000
 284 4.530000
 285 4.490000
 286 4.490000
 287 4.530000
 288 4.490000
 289 4.490000
 290 4.460000
 291 4.490000
 292 4.460000
 293 4.440000
 294 4.440000
 295 1.800000
 296 1.790000
 297 1.790000
 298 1.780000
 299 1.760000
 300 1.760000
 301 1.760000
 302 1.760000
 303 1.760000
 304 1.780000
 305 1.770000
 306 1.810000
 307 1.810000
 308 1.860000
 309 4.260000
 310 4.260000
 311 4.260000
 312 4.250000
 313 4.230000
 314 4.230000
 315 4.200000
 316 4.200000
 317 4.200000
 318 4.200000
 319 2.310000
 320 2.310000
 321 2.310000
 322 2.310000
 323 2.310000
 324 2.310000
 325 2.290000
 326 2.300000
 327 2.360000
 328 2.460000
 329 4.150000
 330 4.130000
 331 4.150000
 332 4.130000
 333 2.890000
 334 2.840000
 335 2.880000
 336 2.840000
 337 2.840000
 338 2.810000
 339 2.810000
 340 2.870000
 341 1.710000
 342 1.660000
 343 1.660000
 344 1.660000
 345 1.690000
 346 1.660000
 347 1.660000
 348 1.660000
 349 1.660000
 350 1.640000
 351 1.660000
 352 1.680000
 353 1.700000
 354 4.110000
 355 2.220000
 356 2.240000
 357 2.210000
 358 2.210000
 359 2.240000
 360 2.240000
 361 2.240000
 362 2.210000
 363 2.240000
 364 2.460000
 365 2.790000
 366 2.790000
 367 2.790000
 368 2.790000
 369 2.770000
 370 2.850000
 371 5.030000
 372 2.420000
 373 2.450000
 374 2.330000
 375 2.360000
 376 2.340000
 377 2.390000
 378 2.240000
 379 2.280000
 380 2.350000
 381 2.390000
 382 4.990000
 383 5.000000
 384 5.030000
 385 5.030000
 386 5.010000
 387 4.250000
 388 4.870000
 389 4.890000
 390 4.980000
 391 1.630000
 392 1.640000
 393 1.640000
 394 1.610000
 395 1.640000
 396 1.610000
 397 1.620000
 398 1.650000
 399 1.620000
 400 1.650000
 401 1.630000
 402 4.560000
 403 4.610000
 404 4.590000
 405 4.570000
 406 4.560000
 407 4.420000
 408 4.290000
 409 4.290000
 410 4.360000
 411 4.310000
 412 4.420000
 413 4.340000
 414 4.260000
 415 4.260000
 416 4.320000
 417 4.410000
 418 4.370000
 419 4.370000
 420 4.290000
 421 4.270000
 422 4.290000
 423 4.310000
 424 4.280000
 425 4.230000
 426 4.230000
 427 3.930000
 428 3.740000
 429 3.690000
 430 3.690000
 431 3.640000
 432 3.670000
 433 3.640000
 434 3.590000
 435 3.570000
 436 3.570000
 437 3.550000
 438 3.550000
 439 3.550000
 440 3.500000
 441 3.530000
 442 3.510000
 443 3.510000
 444 3.510000
 445 3.590000
 446 3.610000
 447 3.480000
 448 3.580000
 449 3.560000
 450 3.560000
 451 3.560000
 452 3.550000
 453 3.590000
 454 3.580000
 455 3.560000
 456 3.530000
 457 3.520000
 458 3.500000
 459 3.470000
 460 3.510000
 461 3.520000
 462 3.560000
 463 3.540000
 464 3.540000
 465 3.540000
 466 3.510000
 467 3.540000
 468 3.510000
 469 3.500000
 470 3.480000
 471 3.470000
 472 3.480000
 473 3.480000
 474 3.460000
 475 3.480000
 476 3.450000
 477 3.440000
 478 3.410000
 479 3.440000
 480 3.400000
 481 3.410000
 482 3.400000
 483 3.410000
 484 3.380000
 485 3.360000
 486 3.360000
 487 3.290000
 488 3.310000
 489 3.290000
 490 3.260000
 491 3.250000
 492 3.200000
 493 3.180000
 494 3.190000
 495 3.190000
 496 3.160000
 497 3.140000
 498 3.110000
 499 3.140000
 500 3.100000
 501 3.090000
 502 3.090000
 503 3.090000
 504 3.070000
 505 3.060000
 506 3.090000
 507 3.090000
 508 3.060000
 509 3.060000
 510 3.070000
 511 3.070000
 512 3.100000
 513 3.100000
 514 3.100000
 515 3.090000
 516 3.110000
 517 3.090000
 518 3.100000
 519 3.140000
 520 3.100000
 521 3.120000
 522 3.090000
 523 3.120000
 524 3.090000
 525 3.080000
 526 3.140000
 527 3.110000
 528 3.090000
 529 3.090000
 530 3.060000
 531 3.040000
 532 3.040000
 533 3.040000
 534 3.040000
 535 3.060000
 536 3.000000
 537 3.010000
 538 2.210000
 539 2.210000
 540 2.190000
 541 2.110000
 542 2.080000
 543 2.090000
 544 2.040000
 545 2.060000
 546 2.030000
 547 3.020000
 548 1.900000
 549 3.040000
 550 3.040000
 551 3.070000
 552 3.070000
 553 3.070000
 554 3.070000
 555 1.800000
 556 1.820000
 557 1.780000
 558 1.780000
 559 1.810000
 560 1.770000
 561 1.780000
 562 1.800000
 563 1.810000
 564 1.820000
 565 1.820000
 566 1.820000
 567 1.820000
 568 1.820000
 569 1.850000
 570 1.850000
 571 1.850000
 572 1.870000
 573 1.870000
 574 1.900000
 575 1.900000
 576 1.900000
 577 1.900000
 578 1.920000
 579 1.920000
 580 1.950000
 581 1.970000
 582 1.970000
 583 1.950000
 584 1.970000
 585 2.000000
 586 2.000000
 587 2.000000
 588 2.030000
 589 2.030000
 590 2.060000
 591 2.060000
 592 2.060000
 593 2.080000
 594 2.110000
 595 2.130000
 596 2.160000
 597 2.160000
 598 2.180000
 599 2.180000
 600 2.210000
 601 2.230000
 602 2.240000
 603 2.230000
 604 2.200000
 605 2.210000
 606 2.260000
 607 2.260000
 608 2.280000
 609 2.310000
 610 1.400000
 611 1.430000
 612 1.400000
 613 1.400000
 614 1.390000
 615 1.420000
 616 1.400000
 617 1.420000
 618 1.450000
 619 1.420000
 620 1.450000
 621 1.450000
 622 1.450000
 623 1.470000
 624 1.500000
 625 1.500000
 626 1.500000
 627 1.520000
 628 1.520000
 629 1.520000
 630 1.540000
 631 1.570000
 632 1.570000
 633 1.570000
 634 1.590000
 635 1.590000
 636 1.590000
 637 1.620000
 638 1.640000
 639 1.640000
 640 1.670000
 641 1.670000
 642 1.670000
 643 1.690000
 644 1.720000
 645 1.720000
 646 1.740000
 647 1.740000
 648 1.760000
 649 1.760000
 650 1.790000
 651 1.780000
 652 1.810000
 653 1.830000
 654 1.860000
 655 1.860000
 656 1.880000
 657 1.880000
 658 1.920000
 659 3.440000
 660 3.410000
 661 3.370000
 662 3.390000
 663 3.440000
 664 3.430000
 665 3.400000
 666 3.380000
 667 3.370000
 668 3.320000
 669 3.340000
 670 3.330000
 671 3.290000
 672 3.290000
 673 3.250000
 674 3.240000
 675 3.240000
 676 3.230000
 677 3.250000
 678 3.260000
 679 3.270000
 680 3.240000
 681 3.240000
 682 3.270000
 683 3.240000
 684 3.220000
 685 3.240000
 686 3.250000
 687 3.280000
 688 3.300000
 689 3.280000
 690 3.310000
 691 3.300000
 692 3.320000
 693 3.340000
 694 3.320000
 695 3.330000
 696 3.340000
 697 3.340000
 698 3.370000
 699 3.370000
 700 3.390000
 701 3.360000
 702 3.410000
 703 3.420000
 704 3.440000
 705 3.050000
 706 2.890000
 707 1.550000
 708 1.560000
 709 1.570000
 710 3.540000
 711 3.520000
 712 3.560000
 713 3.610000
 714 3.600000
 715 3.600000
 716 3.660000
 717 3.650000
 718 3.660000
 719 3.710000
 720 3.740000
 721 3.740000
 722 3.760000
 723 3.770000
 724 3.770000
 725 3.770000
 726 3.790000
 727 3.810000
 728 3.790000
 729 3.790000
 730 3.840000
 731 3.840000
 732 3.840000
 733 3.840000
 734 3.890000
 735 3.910000
 736 3.920000
 737 3.920000
 738 3.960000
 739 3.540000
 740 3.320000
 741 2.930000
 742 2.910000
 743 2.930000
 744 3.550000
 745 3.990000
 746 3.970000
 747 4.020000
 748 3.990000
 749 4.010000
 750 4.010000
 751 4.020000
 752 4.010000
 753 4.000000
 754 1.550000
 755 4.030000
 756 4.010000
 757 4.050000
 758 4.020000
 759 4.060000
 760 4.100000