
 0 2.860000
 1 2.850000
 2 2.860000
 3 2.900000
 4 2.900000
 5 2.880000
 6 2.880000
 7 2.860000
 8 2.870000
 9 2.870000
 10 2.850000
 11 2.850000
 12 2.850000
 13 2.840000
 14 2.830000
 15 2.830000
 16 2.830000
 17 2.800000
 18 2.840000
 19 3.310000
 20 2.740000
 21 2.760000
 22 2.730000
 23 2.750000
 24 2.740000
 25 2.760000
 26 2.760000
 27 2.740000
 28 2.770000
 29 2.740000
 30 2.760000
 31 2.710000
 32 2.700000
 33 2.670000
 34 2.700000
 35 2.710000
 36 2.830000
 37 3.280000
 38 3.240000
 39 3.150000
 40 2.720000
 41 2.720000
 42 2.710000
 43 2.690000
 44 2.720000
 45 2.700000
 46 2.710000
 47 2.710000
 48 2.670000
 49 2.690000
 50 2.690000
 51 2.690000
 52 2.670000
 53 2.670000
 54 2.710000
 55 3.150000
 56 3.160000
 57 2.660000
 58 2.630000
 59 2.630000
 60 2.600000
 61 2.590000
 62 2.610000
 63 2.630000
 64 2.630000
 65 2.630000
 66 2.610000
 67 2.610000
 68 2.610000
 69 2.590000
 70 2.600000
 71 2.600000
 72 2.570000
 73 2.590000
 74 2.590000
 75 2.580000
 76 2.620000
 77 2.810000
 78 3.160000
 79 3.150000
 80 3.130000
 81 3.190000
 82 3.180000
 83 3.150000
 84 3.300000
 85 3.290000
 86 3.320000
 87 3.300000
 88 3.310000
 89 3.330000
 90 3.320000
 91 3.350000
 92 3.400000
 93 3.510000
 94 3.570000
 95 3.550000
 96 3.510000
 97 3.480000
 98 3.570000
 99 3.580000
 100 3.580000
 101 3.580000
 102 3.620000
 103 3.620000
 104 3.590000
 105 3.590000
 106 3.540000
 107 3.590000
 108 3.570000
 109 3.570000
 110 3.570000
 111 3.570000
 112 3.620000
 113 3.670000
 114 3.600000
 115 3.600000
 116 3.540000
 117 3.570000
 118 3.600000
 119 3.540000
 120 3.490000
 121 3.520000
 122 3.380000
 123 3.410000
 124 3.470000
 125 3.480000
 126 3.490000
 127 3.400000
 128 3.380000
 129 3.360000
 130 3.380000
 131 3.450000
 132 3.410000
 133 3.410000
 134 3.450000
 135 3.470000
 136 3.470000
 137 3.430000
 138 3.430000
 139 3.490000
 140 3.470000
 141 3.500000
 142 3.410000
 143 3.380000
 144 3.510000
 145 3.500000
 146 3.500000
 147 3.360000
 148 3.470000
 149 3.430000
 150 3.460000
 151 3.380000
 152 4.710000
 153 4.710000
 154 4.730000
 155 4.710000
 156 4.730000
 157 4.710000
 158 4.710000
 159 4.730000
 160 4.700000
 161 4.210000
 162 4.100000
 163 4.730000
 164 4.730000
 165 4.730000
 166 4.760000
 167 4.730000
 168 4.730000
 169 4.750000
 170 4.760000
 171 4.760000
 172 4.760000
 173 4.760000
 174 4.760000
 175 4.760000
 176 4.780000
 177 4.760000
 178 4.780000
 179 4.810000
 180 4.780000
 181 4.780000
 182 4.810000
 183 4.660000
 184 4.800000
 185 4.800000
 186 4.200000
 187 4.220000
 188 4.830000
 189 4.830000
 190 4.830000
 191 4.690000
 192 4.580000
 193 4.580000
 194 4.580000
 195 4.830000
 196 4.850000
 197 4.880000
 198 4.850000
 199 4.880000
 200 4.880000
 201 4.880000
 202 3.970000
 203 3.970000
 204 3.970000
 205 3.990000
 206 4.900000
 207 4.920000
 208 4.950000
 209 4.940000
 210 4.980000
 211 4.950000
 212 4.950000
 213 4.980000
 214 4.980000
 215 4.980000
 216 4.980000
 217 4.980000
 218 5.000000
 219 5.010000
 220 5.030000
 221 5.030000
 222 4.440000
 223 4.410000
 224 4.410000
 225 4.400000
 226 4.400000
 227 4.390000
 228 4.430000
 229 4.430000
 230 4.410000
 231 4.410000
 232 5.130000
 233 5.130000
 234 5.150000
 235 4.750000
 236 4.620000
 237 4.520000
 238 4.440000
 239 4.450000
 240 4.460000
 241 4.460000
 242 4.460000
 243 4.480000
 244 4.490000
 245 4.620000
 246 4.560000
 247 4.530000
 248 4.070000
 249 4.030000
 250 4.010000
 251 4.030000
 252 4.040000
 253 4.060000
 254 4.070000
 255 3.710000
 256 3.750000
 257 4.110000
 258 3.750000
 259 3.730000
 260 3.810000
 261 3.750000
 262 4.480000
 263 3.620000
 264 3.670000
 265 3.670000
 266 3.570000
 267 3.660000
 268 3.690000
 269 3.690000
 270 3.700000
 271 3.700000
 272 3.720000
 273 3.710000
 274 3.720000
 275 4.430000
 276 3.570000
 277 3.560000
 278 3.590000
 279 3.950000
 280 3.930000
 281 3.910000
 282 3.780000
 283 3.740000
 284 3.730000
 285 3.780000
 286 4.100000
 287 4.140000
 288 4.120000
 289 4.140000
 290 4.170000
 291 4.480000
 292 4.550000
 293 4.550000
 294 4.580000
 295 4.380000
 296 4.430000
 297 4.380000
 298 4.310000
 299 4.230000
 300 4.210000
 301 4.210000
 302 4.260000
 303 1.070000
 304 0.980000
 305 0.960000
 306 0.960000
 307 0.960000
 308 0.960000
 309 0.930000
 310 0.930000
 311 0.910000
 312 0.920000
 313 0.940000
 314 0.940000
 315 0.940000
 316 0.920000
 317 0.940000
 318 0.940000
 319 0.940000
 320 0.940000
 321 0.940000
 322 0.940000
 323 0.940000
 324 0.940000
 325 0.940000
 326 0.980000
 327 3.980000
 328 3.960000
 329 3.980000
 330 4.160000
 331 4.210000
 332 4.160000
 333 4.070000
 334 4.040000
 335 4.040000
 336 4.000000
 337 3.990000
 338 3.990000
 339 3.990000
 340 4.080000
 341 4.080000
 342 4.080000
 343 4.080000
 344 4.080000
 345 4.030000
 346 4.030000
 347 4.000000
 348 4.030000
 349 4.010000
 350 4.010000
 351 0.690000
 352 0.680000
 353 0.680000
 354 0.650000
 355 0.650000
 356 0.650000
 357 0.650000
 358 0.650000
 359 0.650000
 360 0.630000
 361 0.630000
 362 0.630000
 363 0.630000
 364 0.650000
 365 0.630000
 366 0.630000
 367 0.630000
 368 0.610000
 369 0.630000
 370 0.650000
 371 0.630000
 372 0.650000
 373 0.630000
 374 0.660000
 375 0.650000
 376 0.630000
 377 0.650000
 378 0.660000
 379 0.660000
 380 0.650000
 381 0.680000
 382 0.650000
 383 0.680000
 384 0.650000
 385 0.670000
 386 0.750000
 387 2.990000
 388 2.930000
 389 2.960000
 390 3.040000
 391 3.000000
 392 3.010000
 393 3.050000
 394 2.970000
 395 2.990000
 396 1.340000
 397 1.320000
 398 1.290000
 399 1.290000
 400 1.320000
 401 1.290000
 402 1.290000
 403 1.290000
 404 1.290000
 405 1.270000
 406 1.290000
 407 1.270000
 408 1.290000
 409 1.290000
 410 1.320000
 411 1.320000
 412 1.320000
 413 1.310000
 414 1.350000
 415 2.900000
 416 2.960000
 417 2.940000
 418 2.960000
 419 2.940000
 420 2.960000
 421 2.980000
 422 2.950000
 423 2.920000
 424 2.920000
 425 3.010000
 426 2.950000
 427 3.040000
 428 3.020000
 429 2.930000
 430 3.020000
 431 2.990000
 432 3.040000
 433 3.020000
 434 3.020000
 435 3.060000
 436 3.040000
 437 3.060000
 438 3.030000
 439 3.030000
 440 3.060000
 441 2.930000
 442 2.960000
 443 2.930000
 444 2.940000
 445 2.930000
 446 3.030000
 447 2.880000
 448 1.780000
 449 1.490000
 450 1.160000
 451 1.120000
 452 1.090000
 453 1.090000
 454 1.120000
 455 1.090000
 456 1.090000
 457 1.070000
 458 1.090000
 459 1.090000
 460 1.070000
 461 1.070000
 462 1.070000
 463 1.070000
 464 1.030000
 465 0.540000
 466 0.440000
 467 0.440000
 468 0.440000
 469 0.450000
 470 0.450000
 471 0.430000
 472 0.430000
 473 0.460000
 474 0.460000
 475 0.430000
 476 0.430000
 477 0.430000
 478 0.430000
 479 0.460000
 480 0.430000
 481 0.460000
 482 0.410000
 483 0.430000
 484 0.430000
 485 0.430000
 486 0.430000
 487 0.430000
 488 0.430000
 489 0.430000
 490 0.430000
 491 0.430000
 492 0.430000
 493 0.430000
 494 0.440000
 495 0.440000
 496 0.440000
 497 0.420000
 498 0.410000
 499 0.410000
 500 0.410000
 501 0.430000
 502 0.430000
 503 0.410000
 504 0.430000
 505 0.410000
 506 0.400000
 507 0.420000
 508 0.400000
 509 0.430000
 510 0.350000
 511 0.350000
 512 0.360000
 513 0.370000
 514 0.370000
 515 0.370000
 516 0.340000
 517 0.400000
 518 0.360000
 519 0.360000
 520 0.380000
 521 0.360000
 522 0.380000
 523 0.340000
 524 0.330000
 525 0.380000
 526 0.380000
 527 0.360000
 528 0.360000
 529 0.360000
 530 0.380000
 531 0.380000
 532 0.360000
 533 0.370000
 534 0.380000
 535 0.360000
 536 0.380000
 537 0.380000
 538 0.380000
 539 0.390000
 540 0.360000
 541 0.380000
 542 0.380000
 543 0.390000
 544 0.350000
 545 0.360000
 546 0.380000
 547 0.360000
 548 0.370000
 549 0.370000
 550 0.360000
 551 0.360000
 552 0.370000
 553 0.370000
 554 0.380000
 555 0.360000
 556 0.350000
 557 0.370000
 558 0.350000
 559 0.360000
 560 0.330000
 561 0.360000
 562 0.360000
 563 0.360000
 564 0.360000
 565 0.360000
 566 0.360000
 567 0.360000
 568 0.360000
 569 0.360000
 570 0.360000
 571 0.360000
 572 0.360000
 573 0.360000
 574 0.360000
 575 0.360000
 576 0.330000
 577 0.330000
 578 0.360000
 579 0.360000
 580 0.380000
 581 0.350000
 582 0.350000
 583 0.360000
 584 0.350000
 585 0.380000
 586 0.380000
 587 0.350000
 588 0.350000
 589 0.360000
 590 0.360000
 591 0.380000
 592 0.350000
 593 0.340000
 594 0.360000
 595 0.380000
 596 0.350000
 597 0.390000
 598 0.350000
 599 0.370000
 600 0.350000
 601 0.360000
 602 0.360000
 603 0.360000
 604 0.380000
 605 0.380000
 606 0.380000
 607 0.360000
 608 0.360000
 609 0.380000
 610 0.380000
 611 0.350000
 612 0.350000
 613 0.350000
 614 0.360000
 615 0.380000
 616 0.360000
 617 0.380000
 618 0.360000
 619 0.390000
 620 0.430000
 621 0.380000
 622 0.390000
 623 0.380000
 624 0.380000
 625 0.380000
 626 0.380000
 627 0.360000
 628 0.380000
 629 0.360000
 630 0.360000
 631 0.380000
 632 0.380000
 633 0.380000
 634 0.380000
 635 0.380000
 636 0.380000
 637 0.380000
 638 0.380000
 639 0.380000
 640 0.350000
 641 0.350000
 642 0.380000
 643 0.380000
 644 0.380000
 645 0.380000
 646 0.410000
 647 0.380000
 648 0.380000
 649 0.380000
 650 0.410000
 651 0.360000
 652 0.380000
 653 0.410000
 654 0.410000
 655 0.380000
 656 0.410000
 657 0.410000
 658 0.380000
 659 0.380000
 660 0.380000
 661 0.380000
 662 0.380000
 663 0.410000
 664 0.400000
 665 0.400000
 666 0.430000
 667 0.390000
 668 0.390000
 669 0.420000
 670 0.380000
 671 0.400000
 672 0.380000
 673 0.380000
 674 0.400000
 675 0.380000
 676 0.410000
 677 0.410000
 678 0.410000
 679 0.400000
 680 0.400000
 681 0.400000
 682 0.430000
 683 0.400000
 684 0.430000
 685 0.430000
 686 0.430000
 687 0.430000
 688 0.430000
 689 0.430000
 690 0.430000
 691 0.400000
 692 0.400000
 693 0.430000
 694 0.430000
 695 0.430000
 696 0.450000
 697 0.440000
 698 3.010000
 699 6.700000
 700 6.660000
 701 6.670000
 702 6.660000
 703 5.500000
 704 5.420000
 705 5.450000
 706 5.440000
 707 5.070000
 708 5.540000
 709 5.550000
 710 5.620000
 711 6.500000
 712 6.500000
 713 6.490000
 714 6.460000
 715 6.460000
 716 6.460000
 717 6.450000
 718 5.390000
 719 6.400000
 720 0.770000
 721 0.810000
 722 0.820000
 723 0.810000
 724 0.780000
 725 0.770000
 726 0.770000
 727 0.790000
 728 0.810000
 729 0.790000
 730 0.790000
 731 0.790000
 732 0.820000
 733 0.820000
 734 0.820000
 735 0.840000
 736 0.840000
 737 0.810000
 738 0.840000
 739 0.840000
 740 0.840000
 741 0.840000
 742 0.840000
 743 0.870000
 744 0.870000
 745 0.870000
 746 0.890000
 747 0.890000
 748 0.890000
 749 0.890000
 750 0.920000
 751 0.920000
 752 0.920000
 753 0.920000
 754 0.940000
 755 0.940000
 756 0.970000
 757 0.940000
 758 0.970000
 759 0.950000
 760 0.950000
 0 2.890000
 1 2.880000
 2 2.860000
 3 2.870000
 4 2.900000
 5 2.900000
 6 2.850000
 7 2.860000
 8 2.870000
 9 2.850000
 10 2.850000
 11 2.860000
 12 2.850000
 13 2.820000
 14 2.830000
 15 2.830000
 16 2.810000
 17 2.800000
 18 2.840000
 19 3.290000
 20 2.740000
 21 2.760000
 22 2.730000
 23 2.750000
 24 2.740000
 25 2.730000
 26 2.730000
 27 2.770000
 28 2.740000
 29 2.740000
 30 2.730000
 31 2.710000
 32 2.700000
 33 2.700000
 34 2.710000
 35 2.710000
 36 2.800000
 37 3.280000
 38 3.240000
 39 3.120000
 40 2.710000
 41 2.710000
 42 2.680000
 43 2.690000
 44 2.690000
 45 2.720000
 46 2.730000
 47 2.710000
 48 2.700000
 49 2.690000
 50 2.660000
 51 2.690000
 52 2.690000
 53 2.670000
 54 2.680000
 55 3.150000
 56 3.150000
 57 2.660000
 58 2.630000
 59 2.630000
 60 2.620000
 61 2.620000
 62 2.610000
 63 2.630000
 64 2.630000
 65 2.630000
 66 2.630000
 67 2.610000
 68 2.610000
 69 2.590000
 70 2.600000
 71 2.570000
 72 2.610000
 73 2.590000
 74 2.590000
 75 2.600000
 76 2.620000
 77 2.780000
 78 3.160000
 79 3.150000
 80 3.160000
 81 3.180000
 82 3.190000
 83 3.150000
 84 3.280000
 85 3.300000
 86 3.290000
 87 3.300000
 88 3.330000
 89 3.360000
 90 3.300000
 91 3.380000
 92 3.400000
 93 3.480000
 94 3.570000
 95 3.550000
 96 3.510000
 97 3.480000
 98 3.600000
 99 3.580000
 100 3.580000
 101 3.580000
 102 3.620000
 103 3.620000
 104 3.590000
 105 3.570000
 106 3.540000
 107 3.590000
 108 3.570000
 109 3.570000
 110 3.590000
 111 3.570000
 112 3.620000
 113 3.700000
 114 3.620000
 115 3.570000
 116 3.540000
 117 3.570000
 118 3.620000
 119 3.540000
 120 3.520000
 121 3.490000
 122 3.410000
 123 3.380000
 124 3.490000
 125 3.500000
 126 3.490000
 127 3.380000
 128 3.400000
 129 3.380000
 130 3.410000
 131 3.450000
 132 3.410000
 133 3.410000
 134 3.480000
 135 3.500000
 136 3.500000
 137 3.410000
 138 3.430000
 139 3.490000
 140 3.500000
 141 3.480000
 142 3.380000
 143 3.410000
 144 3.510000
 145 3.500000
 146 3.510000
 147 3.380000
 148 3.470000
 149 3.450000
 150 3.440000
 151 3.380000
 152 4.710000
 153 4.710000
 154 4.710000
 155 4.710000
 156 4.730000
 157 4.730000
 158 4.710000
 159 4.700000
 160 4.720000
 161 4.060000
 162 4.100000
 163 4.730000
 164 4.730000
 165 4.730000
 166 4.730000
 167 4.750000
 168 4.730000
 169 4.760000
 170 4.760000
 171 4.760000
 172 4.760000
 173 4.780000
 174 4.760000
 175 4.760000
 176 4.780000
 177 4.780000
 178 4.780000
 179 4.810000
 180 4.780000
 181 4.780000
 182 4.810000
 183 4.700000
 184 4.800000
 185 4.800000
 186 4.250000
 187 4.200000
 188 4.800000
 189 4.830000
 190 4.830000
 191 4.690000
 192 4.580000
 193 4.580000
 194 4.580000
 195 4.830000
 196 4.880000
 197 4.880000
 198 4.850000
 199 4.880000
 200 4.880000
 201 4.900000
 202 3.980000
 203 3.990000
 204 3.990000
 205 3.990000
 206 4.900000
 207 4.930000
 208 4.930000
 209 4.930000
 210 4.950000
 211 4.950000
 212 4.950000
 213 4.980000
 214 4.980000
 215 5.000000
 216 5.000000
 217 5.000000
 218 5.010000
 219 5.030000
 220 5.010000
 221 5.030000
 222 4.420000
 223 4.410000
 224 4.410000
 225 4.400000
 226 4.420000
 227 4.420000
 228 4.410000
 229 4.430000
 230 4.410000
 231 4.410000
 232 5.130000
 233 5.130000
 234 5.150000
 235 4.750000
 236 4.650000
 237 4.530000
 238 4.440000
 239 4.450000
 240 4.460000
 241 4.460000
 242 4.460000
 243 4.480000
 244 4.490000
 245 4.620000
 246 4.550000
 247 4.550000
 248 4.060000
 249 4.000000
 250 4.010000
 251 4.030000
 252 4.040000
 253 4.060000
 254 4.060000
 255 3.710000
 256 3.720000
 257 4.070000
 258 3.750000
 259 3.750000
 260 3.800000
 261 3.750000
 262 4.480000
 263 3.670000
 264 3.650000
 265 3.640000
 266 3.570000
 267 3.670000
 268 3.690000
 269 3.690000
 270 3.680000
 271 3.700000
 272 3.720000
 273 3.740000
 274 3.720000
 275 4.430000
 276 3.570000
 277 3.560000
 278 3.590000
 279 3.980000
 280 3.920000
 281 3.890000
 282 3.760000
 283 3.740000
 284 3.730000
 285 3.770000
 286 4.120000
 287 4.120000
 288 4.120000
 289 4.150000
 290 4.150000
 291 4.480000
 292 4.550000
 293 4.530000
 294 4.580000
 295 4.370000
 296 4.400000
 297 4.380000
 298 4.310000
 299 4.250000
 300 4.230000
 301 4.210000
 302 4.250000
 303 1.090000
 304 0.980000
 305 0.960000
 306 0.960000
 307 0.960000
 308 0.930000
 309 0.930000
 310 0.930000
 311 0.920000
 312 0.920000
 313 0.920000
 314 0.920000
 315 0.920000
 316 0.920000
 317 0.940000
 318 0.940000
 319 0.940000
 320 0.940000
 321 0.940000
 322 0.940000
 323 0.940000
 324 0.940000
 325 0.970000
 326 0.960000
 327 3.980000
 328 3.960000
 329 3.950000
 330 4.150000
 331 4.180000
 332 4.180000
 333 4.070000
 334 4.040000
 335 4.040000
 336 4.000000
 337 3.990000
 338 4.020000
 339 4.010000
 340 4.100000
 341 4.100000
 342 4.080000
 343 4.080000
 344 4.050000
 345 4.050000
 346 4.030000
 347 4.000000
 348 4.000000
 349 4.010000
 350 4.010000
 351 0.690000
 352 0.650000
 353 0.650000
 354 0.650000
 355 0.650000
 356 0.650000
 357 0.650000
 358 0.650000
 359 0.650000
 360 0.650000
 361 0.650000
 362 0.630000
 363 0.630000
 364 0.630000
 365 0.630000
 366 0.630000
 367 0.600000
 368 0.630000
 369 0.630000
 370 0.630000
 371 0.630000
 372 0.630000
 373 0.630000
 374 0.660000
 375 0.660000
 376 0.630000
 377 0.630000
 378 0.660000
 379 0.660000
 380 0.660000
 381 0.650000
 382 0.660000
 383 0.680000
 384 0.650000
 385 0.680000
 386 0.750000
 387 2.990000
 388 2.950000
 389 2.960000
 390 3.060000
 391 3.000000
 392 3.020000
 393 3.020000
 394 3.000000
 395 2.990000
 396 1.340000
 397 1.320000
 398 1.290000
 399 1.290000
 400 1.320000
 401 1.290000
 402 1.290000
 403 1.270000
 404 1.270000
 405 1.270000
 406 1.290000
 407 1.270000
 408 1.290000
 409 1.290000
 410 1.320000
 411 1.290000
 412 1.320000
 413 1.310000
 414 1.320000
 415 2.900000
 416 2.960000
 417 2.950000
 418 2.960000
 419 2.940000
 420 2.960000
 421 2.960000
 422 2.960000
 423 2.900000
 424 2.920000
 425 3.010000
 426 2.920000
 427 3.040000
 428 3.020000
 429 2.960000
 430 2.990000
 431 3.020000
 432 2.910000
 433 3.020000
 434 3.020000
 435 3.060000
 436 3.040000
 437 3.030000
 438 3.060000
 439 3.030000
 440 3.030000
 441 2.930000
 442 2.930000
 443 2.930000
 444 2.920000
 445 2.900000
 446 3.050000
 447 2.900000
 448 1.780000
 449 1.570000
 450 1.160000
 451 1.120000
 452 1.120000
 453 1.090000
 454 1.070000
 455 1.090000
 456 1.070000
 457 1.070000
 458 1.070000
 459 1.090000
 460 1.070000
 461 1.070000
 462 1.070000
 463 1.070000
 464 1.060000
 465 0.540000
 466 0.470000
 467 0.450000
 468 0.440000
 469 0.450000
 470 0.450000
 471 0.430000
 472 0.460000
 473 0.430000
 474 0.430000
 475 0.430000
 476 0.430000
 477 0.430000
 478 0.430000
 479 0.430000
 480 0.430000
 481 0.430000
 482 0.430000
 483 0.430000
 484 0.430000
 485 0.430000
 486 0.430000
 487 0.430000
 488 0.430000
 489 0.430000
 490 0.430000
 491 0.430000
 492 0.430000
 493 0.430000
 494 0.440000
 495 0.440000
 496 0.440000
 497 0.420000
 498 0.410000
 499 0.410000
 500 0.410000
 501 0.430000
 502 0.430000
 503 0.410000
 504 0.410000
 505 0.410000
 506 0.430000
 507 0.420000
 508 0.420000
 509 0.380000
 510 0.380000
 511 0.380000
 512 0.380000
 513 0.370000
 514 0.370000
 515 0.380000
 516 0.360000
 517 0.360000
 518 0.380000
 519 0.350000
 520 0.380000
 521 0.380000
 522 0.370000
 523 0.360000
 524 0.370000
 525 0.350000
 526 0.410000
 527 0.360000
 528 0.330000
 529 0.360000
 530 0.380000
 531 0.380000
 532 0.390000
 533 0.360000
 534 0.360000
 535 0.410000
 536 0.380000
 537 0.370000
 538 0.370000
 539 0.360000
 540 0.330000
 541 0.360000
 542 0.380000
 543 0.350000
 544 0.360000
 545 0.350000
 546 0.360000
 547 0.370000
 548 0.350000
 549 0.380000
 550 0.370000
 551 0.350000
 552 0.370000
 553 0.360000
 554 0.360000
 555 0.360000
 556 0.360000
 557 0.350000
 558 0.360000
 559 0.360000
 560 0.330000
 561 0.360000
 562 0.360000
 563 0.360000
 564 0.360000
 565 0.360000
 566 0.360000
 567 0.360000
 568 0.330000
 569 0.360000
 570 0.380000
 571 0.360000
 572 0.360000
 573 0.360000
 574 0.360000
 575 0.360000
 576 0.330000
 577 0.360000
 578 0.330000
 579 0.350000
 580 0.380000
 581 0.390000
 582 0.380000
 583 0.360000
 584 0.350000
 585 0.360000
 586 0.380000
 587 0.380000
 588 0.350000
 589 0.380000
 590 0.360000
 591 0.350000
 592 0.360000
 593 0.350000
 594 0.370000
 595 0.330000
 596 0.350000
 597 0.390000
 598 0.350000
 599 0.350000
 600 0.350000
 601 0.380000
 602 0.360000
 603 0.380000
 604 0.360000
 605 0.380000
 606 0.360000
 607 0.360000
 608 0.380000
 609 0.380000
 610 0.380000
 611 0.350000
 612 0.350000
 613 0.350000
 614 0.360000
 615 0.380000
 616 0.380000
 617 0.360000
 618 0.360000
 619 0.380000
 620 0.370000
 621 0.380000
 622 0.380000
 623 0.380000
 624 0.380000
 625 0.360000
 626 0.360000
 627 0.380000
 628 0.380000
 629 0.380000
 630 0.380000
 631 0.360000
 632 0.360000
 633 0.380000
 634 0.360000
 635 0.380000
 636 0.380000
 637 0.380000
 638 0.410000
 639 0.380000
 640 0.350000
 641 0.380000
 642 0.410000
 643 0.410000
 644 0.380000
 645 0.410000
 646 0.380000
 647 0.410000
 648 0.380000
 649 0.410000
 650 0.380000
 651 0.380000
 652 0.410000
 653 0.410000
 654 0.410000
 655 0.410000
 656 0.380000
 657 0.410000
 658 0.410000
 659 0.380000
 660 0.380000
 661 0.400000
 662 0.390000
 663 0.380000
 664 0.410000
 665 0.410000
 666 0.380000
 667 0.390000
 668 0.400000
 669 0.390000
 670 0.400000
 671 0.420000
 672 0.410000
 673 0.400000
 674 0.380000
 675 0.400000
 676 0.410000
 677 0.380000
 678 0.430000
 679 0.400000
 680 0.400000
 681 0.380000
 682 0.380000
 683 0.380000
 684 0.430000
 685 0.410000
 686 0.410000
 687 0.410000
 688 0.430000
 689 0.410000
 690 0.430000
 691 0.400000
 692 0.400000
 693 0.430000
 694 0.430000
 695 0.400000
 696 0.420000
 697 0.440000
 698 2.990000
 699 6.710000
 700 6.680000
 701 6.670000
 702 6.650000
 703 5.500000
 704 5.420000
 705 5.460000
 706 5.440000
 707 5.070000
 708 5.510000
 709 5.550000
 710 5.620000
 711 6.530000
 712 6.510000
 713 6.490000
 714 6.460000
 715 6.460000
 716 6.460000
 717 6.460000
 718 5.420000
 719 6.420000
 720 0.770000
 721 0.810000
 722 0.800000
 723 0.760000
 724 0.760000
 725 0.770000
 726 0.760000
 727 0.790000
 728 0.780000
 729 0.790000
 730 0.790000
 731 0.810000
 732 0.820000
 733 0.820000
 734 0.810000
 735 0.790000
 736 0.820000
 737 0.840000
 738 0.840000
 739 0.840000
 740 0.840000
 741 0.870000
 742 0.870000
 743 0.860000
 744 0.870000
 745 0.870000
 746 0.890000
 747 0.890000
 748 0.890000
 749 0.890000
 750 0.890000
 751 0.920000
 752 0.920000
 753 0.940000
 754 0.940000
 755 0.940000
 756 0.940000
 757 0.970000
 758 0.940000
 759 0.950000
 760 0.960000
 0 2.860000
 1 2.850000
 2 2.860000
 3 2.900000
 4 2.900000
 5 2.880000
 6 2.880000
 7 2.860000
 8 2.840000
 9 2.870000
 10 2.850000
 11 2.850000
 12 2.850000
 13 2.820000
 14 2.830000
 15 2.830000
 16 2.830000
 17 2.800000
 18 2.840000
 19 3.340000
 20 2.770000
 21 2.730000
 22 2.730000
 23 2.720000
 24 2.770000
 25 2.760000
 26 2.730000
 27 2.770000
 28 2.740000
 29 2.740000
 30 2.760000
 31 2.710000
 32 2.700000
 33 2.710000
 34 2.670000
 35 2.680000
 36 2.830000
 37 3.260000
 38 3.240000
 39 3.120000
 40 2.680000
 41 2.710000
 42 2.710000
 43 2.720000
 44 2.690000
 45 2.700000
 46 2.710000
 47 2.710000
 48 2.700000
 49 2.690000
 50 2.680000
 51 2.670000
 52 2.690000
 53 2.670000
 54 2.710000
 55 3.150000
 56 3.160000
 57 2.660000
 58 2.630000
 59 2.630000
 60 2.620000
 61 2.620000
 62 2.610000
 63 2.630000
 64 2.610000
 65 2.630000
 66 2.630000
 67 2.610000
 68 2.610000
 69 2.590000
 70 2.600000
 71 2.580000
 72 2.580000
 73 2.590000
 74 2.590000
 75 2.600000
 76 2.620000
 77 2.810000
 78 3.160000
 79 3.150000
 80 3.160000
 81 3.180000
 82 3.190000
 83 3.150000
 84 3.300000
 85 3.290000
 86 3.300000
 87 3.300000
 88 3.320000
 89 3.330000
 90 3.300000
 91 3.380000
 92 3.400000
 93 3.480000
 94 3.570000
 95 3.580000
 96 3.510000
 97 3.450000
 98 3.600000
 99 3.580000
 100 3.610000
 101 3.580000
 102 3.640000
 103 3.620000
 104 3.590000
 105 3.570000
 106 3.540000
 107 3.590000
 108 3.570000
 109 3.570000
 110 3.570000
 111 3.590000
 112 3.620000
 113 3.700000
 114 3.600000
 115 3.570000
 116 3.540000
 117 3.540000
 118 3.600000
 119 3.540000
 120 3.520000
 121 3.520000
 122 3.380000
 123 3.380000
 124 3.490000
 125 3.490000
 126 3.470000
 127 3.380000
 128 3.380000
 129 3.380000
 130 3.380000
 131 3.450000
 132 3.410000
 133 3.380000
 134 3.470000
 135 3.500000
 136 3.500000
 137 3.410000
 138 3.430000
 139 3.480000
 140 3.500000
 141 3.500000
 142 3.410000
 143 3.410000
 144 3.510000
 145 3.500000
 146 3.510000
 147 3.360000
 148 3.470000
 149 3.430000
 150 3.440000
 151 3.380000
 152 4.710000
 153 4.710000
 154 4.710000
 155 4.710000
 156 4.710000
 157 4.710000
 158 4.730000
 159 4.700000
 160 4.700000
 161 4.210000
 162 4.100000
 163 4.730000
 164 4.730000
 165 4.730000
 166 4.730000
 167 4.730000
 168 4.750000
 169 4.730000
 170 4.760000
 171 4.760000
 172 4.760000
 173 4.760000
 174 4.760000
 175 4.780000
 176 4.760000
 177 4.760000
 178 4.780000
 179 4.780000
 180 4.780000
 181 4.780000
 182 4.780000
 183 4.690000
 184 4.800000
 185 4.800000
 186 4.230000
 187 4.220000
 188 4.830000
 189 4.830000
 190 4.830000
 191 4.690000
 192 4.580000
 193 4.580000
 194 4.580000
 195 4.830000
 196 4.850000
 197 4.880000
 198 4.850000
 199 4.880000
 200 4.880000
 201 4.880000
 202 3.980000
 203 3.990000
 204 3.990000
 205 3.990000
 206 4.900000
 207 4.930000
 208 4.940000
 209 4.920000
 210 4.930000
 211 4.950000
 212 4.950000
 213 4.980000
 214 4.980000
 215 4.980000
 216 5.000000
 217 5.000000
 218 5.010000
 219 5.010000
 220 5.010000
 221 5.010000
 222 4.420000
 223 4.410000
 224 4.410000
 225 4.400000
 226 4.420000
 227 4.390000
 228 4.430000
 229 4.430000
 230 4.430000
 231 4.410000
 232 5.130000
 233 5.130000
 234 5.130000
 235 4.750000
 236 4.610000
 237 4.550000
 238 4.440000
 239 4.450000
 240 4.440000
 241 4.470000
 242 4.470000
 243 4.480000
 244 4.490000
 245 4.620000
 246 4.530000
 247 4.550000
 248 4.050000
 249 4.010000
 250 4.010000
 251 4.030000
 252 4.060000
 253 4.060000
 254 4.080000
 255 3.710000
 256 3.720000
 257 4.110000
 258 3.750000
 259 3.760000
 260 3.780000
 261 3.780000
 262 4.510000
 263 3.650000
 264 3.630000
 265 3.630000
 266 3.560000
 267 3.670000
 268 3.690000
 269 3.690000
 270 3.690000
 271 3.700000
 272 3.720000
 273 3.730000
 274 3.740000
 275 4.430000
 276 3.550000
 277 3.560000
 278 3.570000
 279 3.950000
 280 3.920000
 281 3.910000
 282 3.760000
 283 3.740000
 284 3.730000
 285 3.770000
 286 4.130000
 287 4.120000
 288 4.120000
 289 4.160000
 290 4.180000
 291 4.480000
 292 4.550000
 293 4.530000
 294 4.580000
 295 4.390000
 296 4.400000
 297 4.390000
 298 4.320000
 299 4.250000
 300 4.210000
 301 4.210000
 302 4.250000
 303 0.980000
 304 0.980000
 305 0.970000
 306 0.960000
 307 0.960000
 308 0.930000
 309 0.960000
 310 0.930000
 311 0.920000
 312 0.920000
 313 0.920000
 314 0.940000
 315 0.920000
 316 0.940000
 317 0.940000
 318 0.940000
 319 0.940000
 320 0.920000
 321 0.940000
 322 0.940000
 323 0.940000
 324 0.970000
 325 0.940000
 326 0.950000
 327 1.020000
 328 3.960000
 329 3.950000
 330 4.150000
 331 4.180000
 332 4.180000
 333 4.070000
 334 4.040000
 335 4.000000
 336 4.000000
 337 4.020000
 338 4.020000
 339 3.990000
 340 4.080000
 341 4.080000
 342 4.080000
 343 4.080000
 344 4.050000
 345 4.050000
 346 4.050000
 347 4.030000
 348 4.030000
 349 4.010000
 350 4.010000
 351 0.690000
 352 0.680000
 353 0.680000
 354 0.650000
 355 0.680000
 356 0.650000
 357 0.650000
 358 0.630000
 359 0.630000
 360 0.650000
 361 0.630000
 362 0.650000
 363 0.630000
 364 0.630000
 365 0.630000
 366 0.630000
 367 0.630000
 368 0.630000
 369 0.600000
 370 0.650000
 371 0.630000
 372 0.660000
 373 0.630000
 374 0.630000
 375 0.630000
 376 0.650000
 377 0.660000
 378 0.630000
 379 0.660000
 380 0.660000
 381 0.660000
 382 0.650000
 383 0.650000
 384 0.650000
 385 0.670000
 386 0.750000
 387 2.960000
 388 2.950000
 389 2.960000
 390 3.030000
 391 3.000000
 392 3.020000
 393 3.020000
 394 3.000000
 395 3.010000
 396 1.340000
 397 1.320000
 398 1.290000
 399 1.290000
 400 1.290000
 401 1.290000
 402 1.290000
 403 1.270000
 404 1.270000
 405 1.270000
 406 1.270000
 407 1.290000
 408 1.290000
 409 1.290000
 410 1.290000
 411 1.290000
 412 1.320000
 413 1.310000
 414 1.330000
 415 2.900000
 416 2.950000
 417 2.930000
 418 2.960000
 419 2.960000
 420 2.990000
 421 2.980000
 422 2.950000
 423 2.900000
 424 2.920000
 425 3.000000
 426 2.920000
 427 3.020000
 428 3.040000
 429 2.960000
 430 3.020000
 431 3.020000
 432 3.040000
 433 3.020000
 434 3.020000
 435 3.060000
 436 3.040000
 437 3.030000
 438 3.030000
 439 3.030000
 440 3.060000
 441 2.930000
 442 2.930000
 443 2.930000
 444 2.940000
 445 2.900000
 446 3.050000
 447 2.900000
 448 1.780000
 449 1.520000
 450 1.160000
 451 1.120000
 452 1.090000
 453 1.090000
 454 1.090000
 455 1.090000
 456 1.070000
 457 1.090000
 458 1.090000
 459 1.070000
 460 1.070000
 461 1.070000
 462 1.070000
 463 1.070000
 464 1.060000
 465 0.540000
 466 0.470000
 467 0.440000
 468 0.440000
 469 0.420000
 470 0.430000
 471 0.450000
 472 0.430000
 473 0.460000
 474 0.460000
 475 0.430000
 476 0.430000
 477 0.430000
 478 0.430000
 479 0.460000
 480 0.410000
 481 0.430000
 482 0.430000
 483 0.430000
 484 0.430000
 485 0.430000
 486 0.430000
 487 0.430000
 488 0.430000
 489 0.430000
 490 0.430000
 491 0.430000
 492 0.410000
 493 0.430000
 494 0.440000
 495 0.440000
 496 0.430000
 497 0.420000
 498 0.430000
 499 0.410000
 500 0.410000
 501 0.410000
 502 0.410000
 503 0.430000
 504 0.410000
 505 0.410000
 506 0.420000
 507 0.400000
 508 0.390000
 509 0.410000
 510 0.380000
 511 0.380000
 512 0.380000
 513 0.380000
 514 0.370000
 515 0.380000
 516 0.380000
 517 0.360000
 518 0.380000
 519 0.380000
 520 0.350000
 521 0.380000
 522 0.380000
 523 0.380000
 524 0.370000
 525 0.360000
 526 0.380000
 527 0.360000
 528 0.360000
 529 0.370000
 530 0.370000
 531 0.370000
 532 0.380000
 533 0.360000
 534 0.380000
 535 0.360000
 536 0.390000
 537 0.350000
 538 0.350000
 539 0.390000
 540 0.330000
 541 0.330000
 542 0.350000
 543 0.350000
 544 0.360000
 545 0.370000
 546 0.340000
 547 0.370000
 548 0.370000
 549 0.330000
 550 0.380000
 551 0.360000
 552 0.370000
 553 0.360000
 554 0.360000
 555 0.340000
 556 0.370000
 557 0.370000
 558 0.360000
 559 0.360000
 560 0.360000
 561 0.330000
 562 0.360000
 563 0.360000
 564 0.360000
 565 0.360000
 566 0.360000
 567 0.360000
 568 0.360000
 569 0.360000
 570 0.360000
 571 0.360000
 572 0.360000
 573 0.360000
 574 0.330000
 575 0.360000
 576 0.360000
 577 0.360000
 578 0.380000
 579 0.350000
 580 0.360000
 581 0.380000
 582 0.380000
 583 0.380000
 584 0.390000
 585 0.350000
 586 0.390000
 587 0.370000
 588 0.350000
 589 0.350000
 590 0.380000
 591 0.350000
 592 0.350000
 593 0.360000
 594 0.330000
 595 0.360000
 596 0.380000
 597 0.350000
 598 0.380000
 599 0.350000
 600 0.350000
 601 0.390000
 602 0.360000
 603 0.360000
 604 0.380000
 605 0.360000
 606 0.380000
 607 0.360000
 608 0.380000
 609 0.380000
 610 0.350000
 611 0.380000
 612 0.350000
 613 0.380000
 614 0.380000
 615 0.380000
 616 0.360000
 617 0.360000
 618 0.360000
 619 0.380000
 620 0.380000
 621 0.410000
 622 0.380000
 623 0.380000
 624 0.390000
 625 0.380000
 626 0.360000
 627 0.360000
 628 0.360000
 629 0.360000
 630 0.380000
 631 0.380000
 632 0.360000
 633 0.360000
 634 0.380000
 635 0.380000
 636 0.380000
 637 0.410000
 638 0.350000
 639 0.380000
 640 0.350000
 641 0.350000
 642 0.410000
 643 0.380000
 644 0.380000
 645 0.410000
 646 0.410000
 647 0.380000
 648 0.380000
 649 0.380000
 650 0.410000
 651 0.410000
 652 0.380000
 653 0.380000
 654 0.380000
 655 0.380000
 656 0.410000
 657 0.380000
 658 0.380000
 659 0.410000
 660 0.410000
 661 0.400000
 662 0.390000
 663 0.390000
 664 0.410000
 665 0.390000
 666 0.380000
 667 0.410000
 668 0.400000
 669 0.390000
 670 0.410000
 671 0.400000
 672 0.410000
 673 0.380000
 674 0.400000
 675 0.380000
 676 0.410000
 677 0.430000
 678 0.410000
 679 0.380000
 680 0.400000
 681 0.400000
 682 0.400000
 683 0.380000
 684 0.410000
 685 0.430000
 686 0.410000
 687 0.430000
 688 0.430000
 689 0.430000
 690 0.430000
 691 0.400000
 692 0.400000
 693 0.430000
 694 0.430000
 695 0.420000
 696 0.420000
 697 0.410000
 698 2.990000
 699 6.710000
 700 6.660000
 701 6.670000
 702 6.650000
 703 5.680000
 704 5.420000
 705 5.440000
 706 5.400000
 707 5.070000
 708 5.450000
 709 5.550000
 710 5.630000
 711 6.530000
 712 6.510000
 713 6.490000
 714 6.490000
 715 6.460000
 716 6.460000
 717 6.460000
 718 5.390000
 719 6.430000
 720 0.800000
 721 0.810000
 722 0.830000
 723 0.770000
 724 0.780000
 725 0.780000
 726 0.770000
 727 0.780000
 728 0.800000
 729 0.790000
 730 0.790000
 731 0.790000
 732 0.810000
 733 0.820000
 734 0.820000
 735 0.820000
 736 0.820000
 737 0.810000
 738 0.810000
 739 0.840000
 740 0.840000
 741 0.860000
 742 0.870000
 743 0.870000
 744 0.870000
 745 0.870000
 746 0.890000
 747 0.890000
 748 0.920000
 749 0.920000
 750 0.920000
 751 0.920000
 752 0.920000
 753 0.920000
 754 0.940000
 755 0.940000
 756 0.970000
 757 0.970000
 758 0.960000
 759 0.950000
 760 0.960000
 0 2.890000
 1 2.880000
 2 2.880000
 3 2.870000
 4 2.890000
 5 2.870000
 6 2.870000
 7 2.860000
 8 2.840000
 9 2.870000
 10 2.850000
 11 2.850000
 12 2.850000
 13 2.840000
 14 2.830000
 15 2.830000
 16 2.810000
 17 2.820000
 18 2.840000
 19 3.310000
 20 2.760000
 21 2.730000
 22 2.760000
 23 2.750000
 24 2.740000
 25 2.760000
 26 2.760000
 27 2.760000
 28 2.740000
 29 2.740000
 30 2.730000
 31 2.710000
 32 2.690000
 33 2.670000
 34 2.700000
 35 2.710000
 36 2.800000
 37 3.260000
 38 3.240000
 39 3.120000
 40 2.710000
 41 2.710000
 42 2.680000
 43 2.710000
 44 2.690000
 45 2.700000
 46 2.710000
 47 2.710000
 48 2.680000
 49 2.660000
 50 2.660000
 51 2.660000
 52 2.660000
 53 2.660000
 54 2.710000
 55 3.170000
 56 3.150000
 57 2.660000
 58 2.610000
 59 2.610000
 60 2.600000
 61 2.610000
 62 2.610000
 63 2.630000
 64 2.610000
 65 2.630000
 66 2.630000
 67 2.630000
 68 2.610000
 69 2.610000
 70 2.610000
 71 2.600000
 72 2.570000
 73 2.610000
 74 2.590000
 75 2.600000
 76 2.610000
 77 2.830000
 78 3.160000
 79 3.150000
 80 3.160000
 81 3.190000
 82 3.190000
 83 3.150000
 84 3.300000
 85 3.290000
 86 3.320000
 87 3.300000
 88 3.310000
 89 3.330000
 90 3.350000
 91 3.380000
 92 3.360000
 93 3.480000
 94 3.560000
 95 3.580000
 96 3.510000
 97 3.480000
 98 3.590000
 99 3.560000
 100 3.580000
 101 3.580000
 102 3.610000
 103 3.610000
 104 3.560000
 105 3.590000
 106 3.540000
 107 3.590000
 108 3.560000
 109 3.560000
 110 3.590000
 111 3.590000
 112 3.610000
 113 3.670000
 114 3.600000
 115 3.570000
 116 3.540000
 117 3.560000
 118 3.620000
 119 3.540000
 120 3.490000
 121 3.490000
 122 3.380000
 123 3.410000
 124 3.470000
 125 3.480000
 126 3.490000
 127 3.380000
 128 3.380000
 129 3.380000
 130 3.410000
 131 3.430000
 132 3.380000
 133 3.410000
 134 3.470000
 135 3.500000
 136 3.500000
 137 3.410000
 138 3.430000
 139 3.510000
 140 3.490000
 141 3.500000
 142 3.380000
 143 3.380000
 144 3.510000
 145 3.500000
 146 3.520000
 147 3.360000
 148 3.470000
 149 3.430000
 150 3.460000
 151 3.380000
 152 4.710000
 153 4.710000
 154 4.710000
 155 4.710000
 156 4.730000
 157 4.710000
 158 4.730000
 159 4.700000
 160 4.690000
 161 4.210000
 162 4.100000
 163 4.730000
 164 4.730000
 165 4.730000
 166 4.730000
 167 4.760000
 168 4.750000
 169 4.730000
 170 4.730000
 171 4.730000
 172 4.760000
 173 4.760000
 174 4.760000
 175 4.760000
 176 4.780000
 177 4.780000
 178 4.780000
 179 4.780000
 180 4.780000
 181 4.780000
 182 4.780000
 183 4.700000
 184 4.770000
 185 4.800000
 186 4.200000
 187 4.220000
 188 4.830000
 189 4.830000
 190 4.820000
 191 4.680000
 192 4.580000
 193 4.580000
 194 4.580000
 195 4.850000
 196 4.850000
 197 4.870000
 198 4.870000
 199 4.880000
 200 4.880000
 201 4.870000
 202 3.970000
 203 3.970000
 204 3.990000
 205 3.980000
 206 4.920000
 207 4.920000
 208 4.920000
 209 4.920000
 210 4.950000
 211 4.950000
 212 4.950000
 213 4.950000
 214 4.970000
 215 4.970000
 216 4.970000
 217 5.000000
 218 5.010000
 219 5.010000
 220 5.010000
 221 5.030000
 222 4.420000
 223 4.410000
 224 4.410000
 225 4.420000
 226 4.400000
 227 4.410000
 228 4.410000
 229 4.410000
 230 4.410000
 231 4.440000
 232 5.120000
 233 5.120000
 234 5.120000
 235 4.750000
 236 4.620000
 237 4.550000
 238 4.440000
 239 4.450000
 240 4.450000
 241 4.470000
 242 4.460000
 243 4.470000
 244 4.460000
 245 4.620000
 246 4.560000
 247 4.580000
 248 4.070000
 249 4.010000
 250 4.030000
 251 4.020000
 252 4.030000
 253 4.060000
 254 4.080000
 255 3.710000
 256 3.750000
 257 4.110000
 258 3.750000
 259 3.750000
 260 3.780000
 261 3.750000
 262 4.480000
 263 3.650000
 264 3.640000
 265 3.650000
 266 3.560000
 267 3.670000
 268 3.690000
 269 3.690000
 270 3.680000
 271 3.700000
 272 3.720000
 273 3.730000
 274 3.710000
 275 4.410000
 276 3.550000
 277 3.560000
 278 3.590000
 279 3.970000
 280 3.900000
 281 3.910000
 282 3.760000
 283 3.740000
 284 3.760000
 285 3.770000
 286 4.120000
 287 4.120000
 288 4.130000
 289 4.130000
 290 4.160000
 291 4.450000
 292 4.550000
 293 4.550000
 294 4.560000
 295 4.370000
 296 4.400000
 297 4.380000
 298 4.320000
 299 4.220000
 300 4.210000
 301 4.210000
 302 4.250000
 303 1.070000
 304 0.980000
 305 0.980000
 306 0.960000
 307 0.960000
 308 0.960000
 309 0.930000
 310 0.930000
 311 0.910000
 312 0.940000
 313 0.940000
 314 0.910000
 315 0.940000
 316 0.940000
 317 0.910000
 318 0.940000
 319 0.940000
 320 0.940000
 321 0.940000
 322 0.940000
 323 0.940000
 324 0.960000
 325 0.960000
 326 0.980000
 327 3.970000
 328 3.960000
 329 3.970000
 330 4.180000
 331 4.210000
 332 4.180000
 333 4.070000
 334 4.070000
 335 4.030000
 336 4.000000
 337 3.990000
 338 3.990000
 339 3.980000
 340 4.070000
 341 4.070000
 342 4.070000
 343 4.070000
 344 4.050000
 345 4.050000
 346 4.050000
 347 4.020000
 348 4.020000
 349 4.010000
 350 4.010000
 351 0.710000
 352 0.670000
 353 0.650000
 354 0.650000
 355 0.670000
 356 0.650000
 357 0.650000
 358 0.650000
 359 0.620000
 360 0.650000
 361 0.620000
 362 0.620000
 363 0.620000
 364 0.620000
 365 0.620000
 366 0.620000
 367 0.630000
 368 0.620000
 369 0.620000
 370 0.630000
 371 0.620000
 372 0.630000
 373 0.630000
 374 0.650000
 375 0.650000
 376 0.660000
 377 0.660000
 378 0.630000
 379 0.660000
 380 0.630000
 381 0.680000
 382 0.660000
 383 0.650000
 384 0.670000
 385 0.670000
 386 0.730000
 387 2.960000
 388 2.950000
 389 2.960000
 390 3.040000
 391 3.020000
 392 3.020000
 393 3.030000
 394 3.000000
 395 2.980000
 396 1.340000
 397 1.290000
 398 1.310000
 399 1.310000
 400 1.310000
 401 1.290000
 402 1.310000
 403 1.290000
 404 1.290000
 405 1.260000
 406 1.290000
 407 1.260000
 408 1.290000
 409 1.290000
 410 1.280000
 411 1.310000
 412 1.310000
 413 1.310000
 414 1.330000
 415 2.900000
 416 2.960000
 417 2.940000
 418 2.960000
 419 2.960000
 420 2.960000
 421 2.960000
 422 2.950000
 423 2.920000
 424 2.920000
 425 3.010000
 426 2.920000
 427 3.040000
 428 3.020000
 429 2.960000
 430 3.020000
 431 3.020000
 432 3.040000
 433 2.990000
 434 3.020000
 435 3.060000
 436 3.040000
 437 3.030000
 438 3.030000
 439 3.030000
 440 3.060000
 441 2.930000
 442 2.910000
 443 2.960000
 444 2.940000
 445 2.930000
 446 3.050000
 447 2.930000
 448 1.780000
 449 1.540000
 450 1.130000
 451 1.090000
 452 1.110000
 453 1.090000
 454 1.070000
 455 1.090000
 456 1.070000
 457 1.060000
 458 1.090000
 459 1.060000
 460 1.060000
 461 1.060000
 462 1.060000
 463 1.060000
 464 0.880000
 465 0.570000
 466 0.440000
 467 0.440000
 468 0.440000
 469 0.440000
 470 0.450000
 471 0.450000
 472 0.460000
 473 0.430000
 474 0.460000
 475 0.430000
 476 0.460000
 477 0.430000
 478 0.430000
 479 0.430000
 480 0.430000
 481 0.430000
 482 0.430000
 483 0.430000
 484 0.430000
 485 0.430000
 486 0.430000
 487 0.430000
 488 0.430000
 489 0.430000
 490 0.430000
 491 0.430000
 492 0.430000
 493 0.420000
 494 0.430000
 495 0.460000
 496 0.460000
 497 0.420000
 498 0.430000
 499 0.410000
 500 0.410000
 501 0.410000
 502 0.430000
 503 0.410000
 504 0.410000
 505 0.410000
 506 0.420000
 507 0.390000
 508 0.410000
 509 0.380000
 510 0.350000
 511 0.350000
 512 0.380000
 513 0.360000
 514 0.360000
 515 0.370000
 516 0.380000
 517 0.360000
 518 0.370000
 519 0.410000
 520 0.350000
 521 0.380000
 522 0.360000
 523 0.380000
 524 0.380000
 525 0.390000
 526 0.380000
 527 0.360000
 528 0.360000
 529 0.360000
 530 0.400000
 531 0.380000
 532 0.370000
 533 0.370000
 534 0.380000
 535 0.370000
 536 0.370000
 537 0.330000
 538 0.380000
 539 0.350000
 540 0.350000
 541 0.410000
 542 0.380000
 543 0.350000
 544 0.370000
 545 0.360000
 546 0.350000
 547 0.370000
 548 0.380000
 549 0.370000
 550 0.360000
 551 0.380000
 552 0.380000
 553 0.380000
 554 0.360000
 555 0.370000
 556 0.370000
 557 0.380000
 558 0.370000
 559 0.360000
 560 0.360000
 561 0.360000
 562 0.330000
 563 0.360000
 564 0.360000
 565 0.360000
 566 0.360000
 567 0.360000
 568 0.360000
 569 0.360000
 570 0.330000
 571 0.360000
 572 0.360000
 573 0.360000
 574 0.330000
 575 0.360000
 576 0.360000
 577 0.360000
 578 0.330000
 579 0.390000
 580 0.350000
 581 0.380000
 582 0.350000
 583 0.350000
 584 0.380000
 585 0.380000
 586 0.350000
 587 0.380000
 588 0.380000
 589 0.370000
 590 0.370000
 591 0.350000
 592 0.360000
 593 0.380000
 594 0.380000
 595 0.360000
 596 0.350000
 597 0.360000
 598 0.370000
 599 0.350000
 600 0.380000
 601 0.380000
 602 0.360000
 603 0.360000
 604 0.380000
 605 0.380000
 606 0.380000
 607 0.380000
 608 0.360000
 609 0.380000
 610 0.350000
 611 0.350000
 612 0.380000
 613 0.380000
 614 0.360000
 615 0.380000
 616 0.360000
 617 0.360000
 618 0.360000
 619 0.360000
 620 0.380000
 621 0.380000
 622 0.380000
 623 0.360000
 624 0.380000
 625 0.380000
 626 0.360000
 627 0.380000
 628 0.380000
 629 0.360000
 630 0.360000
 631 0.360000
 632 0.360000
 633 0.380000
 634 0.360000
 635 0.380000
 636 0.380000
 637 0.410000
 638 0.350000
 639 0.380000
 640 0.350000
 641 0.410000
 642 0.410000
 643 0.380000
 644 0.380000
 645 0.380000
 646 0.380000
 647 0.380000
 648 0.380000
 649 0.380000
 650 0.360000
 651 0.410000
 652 0.380000
 653 0.380000
 654 0.410000
 655 0.380000
 656 0.410000
 657 0.410000
 658 0.410000
 659 0.410000
 660 0.380000
 661 0.400000
 662 0.380000
 663 0.410000
 664 0.400000
 665 0.410000
 666 0.410000
 667 0.380000
 668 0.390000
 669 0.420000
 670 0.420000
 671 0.380000
 672 0.410000
 673 0.380000
 674 0.380000
 675 0.380000
 676 0.430000
 677 0.410000
 678 0.410000
 679 0.380000
 680 0.380000
 681 0.400000
 682 0.400000
 683 0.400000
 684 0.430000
 685 0.410000
 686 0.430000
 687 0.410000
 688 0.430000
 689 0.430000
 690 0.430000
 691 0.400000
 692 0.400000
 693 0.430000
 694 0.400000
 695 0.400000
 696 0.420000
 697 0.430000
 698 2.990000
 699 6.700000
 700 6.690000
 701 6.660000
 702 6.650000
 703 5.660000
 704 5.430000
 705 5.400000
 706 5.390000
 707 5.070000
 708 5.420000
 709 5.540000
 710 5.640000
 711 6.500000
 712 6.500000
 713 6.500000
 714 6.460000
 715 6.460000
 716 6.460000
 717 6.460000
 718 5.410000
 719 6.420000
 720 0.800000
 721 0.780000
 722 0.780000
 723 0.770000
 724 0.790000
 725 0.800000
 726 0.770000
 727 0.780000
 728 0.780000
 729 0.780000
 730 0.780000
 731 0.780000
 732 0.810000
 733 0.810000
 734 0.810000
 735 0.810000
 736 0.820000
 737 0.840000
 738 0.820000
 739 0.810000
 740 0.830000
 741 0.840000
 742 0.870000
 743 0.840000
 744 0.870000
 745 0.890000
 746 0.890000
 747 0.890000
 748 0.890000
 749 0.920000
 750 0.920000
 751 0.920000
 752 0.920000
 753 0.940000
 754 0.940000
 755 0.940000
 756 0.970000
 757 0.930000
 758 0.970000
 759 0.980000
 760 0.960000