
 0 2.870000
 1 2.870000
 2 2.860000
 3 2.890000
 4 2.890000
 5 2.870000
 6 2.870000
 7 2.880000
 8 2.840000
 9 2.840000
 10 2.870000
 11 2.850000
 12 2.850000
 13 2.810000
 14 2.830000
 15 2.800000
 16 2.830000
 17 2.800000
 18 2.860000
 19 3.280000
 20 2.760000
 21 2.750000
 22 2.750000
 23 2.750000
 24 2.740000
 25 2.740000
 26 2.750000
 27 2.760000
 28 2.760000
 29 2.760000
 30 2.730000
 31 2.700000
 32 2.720000
 33 2.700000
 34 2.700000
 35 2.700000
 36 2.800000
 37 3.250000
 38 3.260000
 39 3.150000
 40 2.700000
 41 2.680000
 42 2.680000
 43 2.710000
 44 2.690000
 45 2.720000
 46 2.700000
 47 2.700000
 48 2.700000
 49 2.710000
 50 2.680000
 51 2.690000
 52 2.660000
 53 2.660000
 54 2.700000
 55 3.150000
 56 3.150000
 57 2.650000
 58 2.630000
 59 2.630000
 60 2.620000
 61 2.610000
 62 2.600000
 63 2.630000
 64 2.630000
 65 2.630000
 66 2.630000
 67 2.630000
 68 2.630000
 69 2.590000
 70 2.600000
 71 2.600000
 72 2.600000
 73 2.590000
 74 2.610000
 75 2.600000
 76 2.640000
 77 2.800000
 78 3.150000
 79 3.170000
 80 3.150000
 81 3.180000
 82 3.180000
 83 3.140000
 84 3.270000
 85 3.290000
 86 3.290000
 87 3.290000
 88 3.320000
 89 3.330000
 90 3.290000
 91 3.370000
 92 3.390000
 93 3.660000
 94 3.660000
 95 3.620000
 96 3.460000
 97 3.530000
 98 3.560000
 99 3.520000
 100 3.680000
 101 3.680000
 102 3.690000
 103 3.690000
 104 3.710000
 105 3.750000
 106 2.910000
 107 2.770000
 108 2.770000
 109 2.750000
 110 2.740000
 111 2.740000
 112 2.730000
 113 2.730000
 114 2.750000
 115 2.910000
 116 3.710000
 117 3.710000
 118 3.690000
 119 3.710000
 120 3.740000
 121 3.740000
 122 3.710000
 123 3.110000
 124 3.660000
 125 3.680000
 126 3.310000
 127 3.240000
 128 3.240000
 129 3.240000
 130 3.250000
 131 3.230000
 132 3.250000
 133 3.260000
 134 2.600000
 135 2.590000
 136 2.600000
 137 2.600000
 138 2.560000
 139 2.590000
 140 2.580000
 141 2.600000
 142 2.650000
 143 3.760000
 144 3.760000
 145 3.730000
 146 3.770000
 147 3.900000
 148 3.400000
 149 4.680000
 150 3.180000
 151 3.110000
 152 3.110000
 153 3.120000
 154 3.110000
 155 3.090000
 156 3.120000
 157 3.170000
 158 4.700000
 159 4.700000
 160 4.720000
 161 4.080000
 162 3.670000
 163 3.660000
 164 2.480000
 165 2.480000
 166 2.460000
 167 2.470000
 168 2.500000
 169 2.490000
 170 2.460000
 171 2.450000
 172 2.460000
 173 2.550000
 174 2.490000
 175 2.450000
 176 2.500000
 177 2.470000
 178 2.470000
 179 2.490000
 180 2.480000
 181 2.460000
 182 2.470000
 183 2.480000
 184 2.480000
 185 2.460000
 186 2.480000
 187 2.490000
 188 2.490000
 189 2.460000
 190 2.450000
 191 2.480000
 192 2.450000
 193 2.450000
 194 2.450000
 195 2.480000
 196 2.450000
 197 2.450000
 198 2.460000
 199 2.460000
 200 2.450000
 201 2.440000
 202 2.460000
 203 2.430000
 204 2.450000
 205 2.540000
 206 2.750000
 207 2.670000
 208 4.940000
 209 4.940000
 210 4.970000
 211 4.950000
 212 3.410000
 213 3.420000
 214 3.400000
 215 3.360000
 216 3.360000
 217 3.380000
 218 3.370000
 219 3.340000
 220 3.380000
 221 5.030000
 222 4.440000
 223 4.410000
 224 4.430000
 225 4.400000
 226 4.420000
 227 4.410000
 228 4.430000
 229 4.430000
 230 4.400000
 231 4.410000
 232 2.860000
 233 2.800000
 234 2.760000
 235 2.740000
 236 2.700000
 237 2.700000
 238 2.710000
 239 4.450000
 240 4.460000
 241 4.460000
 242 4.460000
 243 4.460000
 244 4.480000
 245 4.620000
 246 4.550000
 247 4.550000
 248 3.530000
 249 3.500000
 250 3.470000
 251 3.520000
 252 3.520000
 253 3.530000
 254 3.580000
 255 3.720000
 256 4.050000
 257 4.100000
 258 3.740000
 259 3.760000
 260 3.780000
 261 3.760000
 262 4.450000
 263 3.670000
 264 3.670000
 265 3.650000
 266 3.560000
 267 3.640000
 268 3.670000
 269 3.690000
 270 2.570000
 271 2.510000
 272 2.490000
 273 2.500000
 274 2.540000
 275 2.960000
 276 2.950000
 277 2.970000
 278 3.060000
 279 3.950000
 280 3.920000
 281 3.900000
 282 3.750000
 283 3.760000
 284 3.730000
 285 3.800000
 286 4.120000
 287 4.110000
 288 4.130000
 289 4.130000
 290 4.160000
 291 4.470000
 292 4.520000
 293 4.550000
 294 4.580000
 295 4.390000
 296 4.420000
 297 4.380000
 298 4.330000
 299 4.220000
 300 4.200000
 301 4.230000
 302 4.270000
 303 4.280000
 304 4.290000
 305 4.330000
 306 4.360000
 307 4.420000
 308 4.450000
 309 4.450000
 310 4.420000
 311 4.410000
 312 3.480000
 313 3.460000
 314 3.440000
 315 3.450000
 316 3.480000
 317 4.350000
 318 4.350000
 319 4.320000
 320 4.320000
 321 4.300000
 322 4.270000
 323 4.270000
 324 4.250000
 325 4.270000
 326 4.220000
 327 3.950000
 328 3.960000
 329 3.970000
 330 4.150000
 331 4.180000
 332 4.180000
 333 4.150000
 334 4.150000
 335 4.150000
 336 4.130000
 337 4.130000
 338 4.120000
 339 4.100000
 340 4.070000
 341 4.070000
 342 4.100000
 343 4.050000
 344 4.050000
 345 4.050000
 346 4.020000
 347 4.030000
 348 4.000000
 349 4.020000
 350 4.000000
 351 4.000000
 352 3.980000
 353 3.970000
 354 3.980000
 355 3.980000
 356 3.950000
 357 3.950000
 358 3.950000
 359 3.930000
 360 3.060000
 361 3.060000
 362 3.010000
 363 3.060000
 364 3.070000
 365 2.960000
 366 2.980000
 367 2.960000
 368 3.000000
 369 2.980000
 370 2.960000
 371 3.160000
 372 2.970000
 373 3.070000
 374 2.980000
 375 3.100000
 376 3.100000
 377 3.070000
 378 3.100000
 379 3.070000
 380 3.070000
 381 3.070000
 382 3.010000
 383 2.980000
 384 2.980000
 385 2.980000
 386 3.090000
 387 3.060000
 388 3.080000
 389 2.970000
 390 2.980000
 391 2.960000
 392 3.920000
 393 2.950000
 394 2.980000
 395 2.930000
 396 2.990000
 397 2.990000
 398 2.990000
 399 3.020000
 400 2.960000
 401 2.960000
 402 2.950000
 403 3.020000
 404 3.020000
 405 2.980000
 406 2.950000
 407 2.980000
 408 3.020000
 409 2.980000
 410 4.320000
 411 2.980000
 412 3.120000
 413 3.040000
 414 3.040000
 415 3.030000
 416 3.000000
 417 3.020000
 418 3.070000
 419 3.050000
 420 3.100000
 421 3.080000
 422 3.080000
 423 3.120000
 424 3.070000
 425 3.070000
 426 3.110000
 427 3.110000
 428 3.080000
 429 3.110000
 430 3.180000
 431 3.210000
 432 3.210000
 433 3.130000
 434 3.230000
 435 3.230000
 436 3.220000
 437 3.210000
 438 3.240000
 439 3.230000
 440 3.260000
 441 3.260000
 442 3.260000
 443 3.310000
 444 3.260000
 445 3.280000
 446 3.280000
 447 3.180000
 448 3.270000
 449 3.270000
 450 3.270000
 451 3.230000
 452 3.260000
 453 3.230000
 454 3.250000
 455 3.240000
 456 3.240000
 457 3.220000
 458 3.220000
 459 3.220000
 460 3.220000
 461 3.240000
 462 3.160000
 463 3.170000
 464 3.180000
 465 4.490000
 466 4.210000
 467 4.140000
 468 4.140000
 469 3.100000
 470 3.120000
 471 3.080000
 472 3.110000
 473 3.260000
 474 3.400000
 475 3.710000
 476 3.610000
 477 3.560000
 478 3.560000
 479 3.560000
 480 3.560000
 481 3.560000
 482 3.590000
 483 3.590000
 484 3.560000
 485 3.590000
 486 3.310000
 487 3.410000
 488 3.590000
 489 3.590000
 490 3.590000
 491 3.610000
 492 3.610000
 493 3.540000
 494 3.540000
 495 3.560000
 496 3.560000
 497 3.560000
 498 3.560000
 499 3.590000
 500 3.560000
 501 3.590000
 502 3.590000
 503 3.610000
 504 3.610000
 505 3.610000
 506 3.640000
 507 3.610000
 508 3.640000
 509 3.640000
 510 3.640000
 511 3.660000
 512 3.660000
 513 3.640000
 514 3.660000
 515 3.660000
 516 3.630000
 517 3.590000
 518 3.540000
 519 3.210000
 520 3.080000
 521 3.090000
 522 3.400000
 523 3.350000
 524 3.330000
 525 3.300000
 526 3.250000
 527 2.980000
 528 2.950000
 529 2.930000
 530 2.950000
 531 2.970000
 532 2.950000
 533 2.980000
 534 2.940000
 535 2.860000
 536 2.810000
 537 2.900000
 538 3.030000
 539 2.950000
 540 2.970000
 541 3.120000
 542 3.000000
 543 2.970000
 544 3.050000
 545 3.100000
 546 3.050000
 547 2.970000
 548 2.980000
 549 3.040000
 550 2.990000
 551 3.000000
 552 3.000000
 553 2.990000
 554 2.990000
 555 2.840000
 556 2.680000
 557 2.680000
 558 2.680000
 559 2.670000
 560 2.650000
 561 2.650000
 562 2.620000
 563 2.600000
 564 2.580000
 565 2.580000
 566 2.570000
 567 2.520000
 568 2.500000
 569 2.460000
 570 2.440000
 571 2.410000
 572 2.390000
 573 2.340000
 574 2.310000
 575 2.290000
 576 2.260000
 577 2.240000
 578 2.220000
 579 2.190000
 580 2.160000
 581 2.200000
 582 2.080000
 583 2.060000
 584 2.130000
 585 2.170000
 586 2.120000
 587 2.100000
 588 2.060000
 589 2.020000
 590 2.070000
 591 2.100000
 592 2.070000
 593 2.050000
 594 2.080000
 595 2.000000
 596 2.020000
 597 2.020000
 598 2.020000
 599 1.970000
 600 1.970000
 601 1.970000
 602 1.850000
 603 1.810000
 604 1.900000
 605 1.930000
 606 1.780000
 607 1.770000
 608 1.760000
 609 1.760000
 610 1.850000
 611 1.850000
 612 1.700000
 613 1.800000
 614 1.710000
 615 1.800000
 616 1.660000
 617 1.660000
 618 1.660000
 619 1.750000
 620 1.750000
 621 1.740000
 622 1.700000
 623 1.700000
 624 1.690000
 625 1.640000
 626 1.610000
 627 1.610000
 628 1.630000
 629 1.630000
 630 1.670000
 631 1.670000
 632 1.590000
 633 1.620000
 634 1.610000
 635 1.410000
 636 1.410000
 637 1.430000
 638 1.380000
 639 1.450000
 640 1.460000
 641 1.410000
 642 1.620000
 643 1.470000
 644 1.410000
 645 1.360000
 646 1.720000
 647 1.330000
 648 1.900000
 649 1.310000
 650 1.970000
 651 1.310000
 652 1.430000
 653 1.750000
 654 1.280000
 655 1.970000
 656 1.270000
 657 1.410000
 658 1.280000
 659 1.370000
 660 1.340000
 661 1.350000
 662 1.260000
 663 1.330000
 664 1.340000
 665 1.420000
 666 1.330000
 667 1.340000
 668 1.270000
 669 1.360000
 670 1.310000
 671 1.350000
 672 1.340000
 673 1.310000
 674 1.330000
 675 1.310000
 676 1.310000
 677 1.340000
 678 1.250000
 679 1.310000
 680 2.340000
 681 1.330000
 682 1.310000
 683 1.340000
 684 1.200000
 685 1.220000
 686 1.220000
 687 1.180000
 688 1.200000
 689 1.220000
 690 1.180000
 691 1.180000
 692 1.160000
 693 1.180000
 694 1.150000
 695 1.190000
 696 1.230000
 697 1.190000
 698 6.720000
 699 6.690000
 700 5.460000
 701 5.460000
 702 5.460000
 703 5.440000
 704 5.460000
 705 5.480000
 706 6.580000
 707 5.070000
 708 6.570000
 709 6.520000
 710 5.260000
 711 5.220000
 712 5.180000
 713 5.180000
 714 5.230000
 715 6.460000
 716 6.460000
 717 6.450000
 718 5.440000
 719 6.400000
 720 0.790000
 721 0.810000
 722 0.780000
 723 0.760000
 724 0.770000
 725 0.780000
 726 0.780000
 727 0.780000
 728 0.810000
 729 0.780000
 730 0.810000
 731 0.810000
 732 0.810000
 733 0.810000
 734 0.810000
 735 0.810000
 736 0.840000
 737 0.840000
 738 0.830000
 739 0.840000
 740 0.840000
 741 0.860000
 742 0.860000
 743 0.860000
 744 0.860000
 745 0.890000
 746 0.860000
 747 0.890000
 748 0.910000
 749 0.910000
 750 0.910000
 751 0.910000
 752 0.940000
 753 0.940000
 754 0.940000
 755 0.940000
 756 0.960000
 757 0.960000
 758 0.960000
 759 0.950000
 760 0.960000
 0 2.880000
 1 2.870000
 2 2.880000
 3 2.870000
 4 2.900000
 5 2.870000
 6 2.870000
 7 2.850000
 8 2.860000
 9 2.840000
 10 2.850000
 11 2.850000
 12 2.850000
 13 2.840000
 14 2.830000
 15 2.830000
 16 2.800000
 17 2.820000
 18 2.830000
 19 3.330000
 20 2.750000
 21 2.750000
 22 2.750000
 23 2.750000
 24 2.740000
 25 2.730000
 26 2.750000
 27 2.760000
 28 2.760000
 29 2.760000
 30 2.730000
 31 2.730000
 32 2.700000
 33 2.700000
 34 2.700000
 35 2.680000
 36 2.800000
 37 3.280000
 38 3.240000
 39 3.150000
 40 2.700000
 41 2.700000
 42 2.690000
 43 2.690000
 44 2.710000
 45 2.700000
 46 2.700000
 47 2.700000
 48 2.700000
 49 2.690000
 50 2.650000
 51 2.660000
 52 2.660000
 53 2.660000
 54 2.700000
 55 3.170000
 56 3.180000
 57 2.650000
 58 2.600000
 59 2.630000
 60 2.620000
 61 2.610000
 62 2.600000
 63 2.600000
 64 2.630000
 65 2.630000
 66 2.600000
 67 2.630000
 68 2.600000
 69 2.590000
 70 2.600000
 71 2.580000
 72 2.600000
 73 2.590000
 74 2.590000
 75 2.600000
 76 2.610000
 77 2.800000
 78 3.150000
 79 3.150000
 80 3.150000
 81 3.180000
 82 3.180000
 83 3.120000
 84 3.270000
 85 3.320000
 86 3.320000
 87 3.290000
 88 3.310000
 89 3.330000
 90 3.350000
 91 3.370000
 92 3.390000
 93 3.660000
 94 3.660000
 95 3.620000
 96 3.480000
 97 3.670000
 98 3.560000
 99 3.550000
 100 3.680000
 101 3.680000
 102 3.690000
 103 3.690000
 104 3.700000
 105 3.720000
 106 2.760000
 107 2.770000
 108 2.750000
 109 2.750000
 110 2.740000
 111 2.710000
 112 2.750000
 113 2.750000
 114 2.750000
 115 2.910000
 116 3.740000
 117 3.740000
 118 3.690000
 119 3.710000
 120 3.710000
 121 3.740000
 122 3.730000
 123 3.160000
 124 3.660000
 125 3.680000
 126 3.310000
 127 3.240000
 128 3.240000
 129 3.240000
 130 3.210000
 131 3.200000
 132 3.250000
 133 3.260000
 134 2.600000
 135 2.590000
 136 2.570000
 137 2.600000
 138 2.590000
 139 2.590000
 140 2.550000
 141 2.600000
 142 2.650000
 143 3.760000
 144 3.760000
 145 3.750000
 146 3.800000
 147 3.900000
 148 3.400000
 149 4.680000
 150 3.180000
 151 3.140000
 152 3.110000
 153 3.120000
 154 3.120000
 155 3.110000
 156 3.120000
 157 3.200000
 158 4.730000
 159 4.700000
 160 4.680000
 161 4.080000
 162 3.670000
 163 3.660000
 164 2.510000
 165 2.480000
 166 2.460000
 167 2.470000
 168 2.470000
 169 2.490000
 170 2.460000
 171 2.460000
 172 2.490000
 173 2.540000
 174 2.520000
 175 2.480000
 176 2.500000
 177 2.460000
 178 2.480000
 179 2.460000
 180 2.480000
 181 2.460000
 182 2.470000
 183 2.480000
 184 2.450000
 185 2.490000
 186 2.480000
 187 2.490000
 188 2.490000
 189 2.460000
 190 2.450000
 191 2.450000
 192 2.480000
 193 2.450000
 194 2.480000
 195 2.450000
 196 2.450000
 197 2.490000
 198 2.480000
 199 2.460000
 200 2.450000
 201 2.440000
 202 2.440000
 203 2.430000
 204 2.450000
 205 2.510000
 206 2.730000
 207 2.700000
 208 4.920000
 209 4.940000
 210 4.950000
 211 4.950000
 212 3.420000
 213 3.430000
 214 3.410000
 215 3.360000
 216 3.360000
 217 3.400000
 218 3.370000
 219 3.360000
 220 3.370000
 221 5.030000
 222 4.440000
 223 4.410000
 224 4.400000
 225 4.420000
 226 4.400000
 227 4.410000
 228 4.430000
 229 4.400000
 230 4.400000
 231 4.440000
 232 2.860000
 233 2.770000
 234 2.760000
 235 2.750000
 236 2.700000
 237 2.730000
 238 2.710000
 239 4.450000
 240 4.440000
 241 4.460000
 242 4.490000
 243 4.470000
 244 4.480000
 245 4.640000
 246 4.550000
 247 4.580000
 248 3.530000
 249 3.470000
 250 3.470000
 251 3.540000
 252 3.520000
 253 3.520000
 254 3.580000
 255 3.690000
 256 4.080000
 257 4.100000
 258 3.760000
 259 3.760000
 260 3.760000
 261 3.760000
 262 4.430000
 263 3.670000
 264 3.650000
 265 3.650000
 266 3.580000
 267 3.670000
 268 3.690000
 269 3.690000
 270 2.550000
 271 2.510000
 272 2.490000
 273 2.510000
 274 2.510000
 275 2.960000
 276 2.970000
 277 2.970000
 278 3.060000
 279 3.970000
 280 3.890000
 281 3.900000
 282 3.750000
 283 3.760000
 284 3.730000
 285 3.760000
 286 4.150000
 287 4.120000
 288 4.130000
 289 4.150000
 290 4.190000
 291 4.450000
 292 4.550000
 293 4.570000
 294 4.580000
 295 4.360000
 296 4.400000
 297 4.380000
 298 4.310000
 299 4.220000
 300 4.200000
 301 4.230000
 302 4.260000
 303 4.280000
 304 4.320000
 305 4.360000
 306 4.390000
 307 4.420000
 308 4.420000
 309 4.450000
 310 4.420000
 311 4.420000
 312 3.480000
 313 3.460000
 314 3.440000
 315 3.470000
 316 3.460000
 317 4.350000
 318 4.350000
 319 4.320000
 320 4.300000
 321 4.300000
 322 4.300000
 323 4.270000
 324 4.270000
 325 4.250000
 326 4.220000
 327 3.950000
 328 3.960000
 329 3.970000
 330 4.150000
 331 4.180000
 332 4.180000
 333 4.180000
 334 4.150000
 335 4.130000
 336 4.120000
 337 4.130000
 338 4.120000
 339 4.100000
 340 4.100000
 341 4.070000
 342 4.070000
 343 4.070000
 344 4.050000
 345 4.050000
 346 4.050000
 347 4.000000
 348 4.000000
 349 4.020000
 350 4.000000
 351 3.980000
 352 4.000000
 353 4.000000
 354 3.980000
 355 3.950000
 356 3.950000
 357 3.950000
 358 3.930000
 359 3.930000
 360 3.030000
 361 3.060000
 362 3.010000
 363 3.060000
 364 3.070000
 365 2.950000
 366 2.980000
 367 2.960000
 368 2.960000
 369 2.980000
 370 2.960000
 371 3.010000
 372 2.970000
 373 3.100000
 374 2.960000
 375 3.100000
 376 3.070000
 377 3.070000
 378 3.100000
 379 3.070000
 380 3.070000
 381 3.070000
 382 2.980000
 383 2.980000
 384 2.960000
 385 2.980000
 386 3.060000
 387 3.060000
 388 3.060000
 389 2.970000
 390 2.960000
 391 2.960000
 392 3.940000
 393 2.950000
 394 2.980000
 395 2.960000
 396 3.020000
 397 2.990000
 398 2.990000
 399 2.990000
 400 2.950000
 401 2.960000
 402 2.970000
 403 2.990000
 404 3.040000
 405 2.960000
 406 2.970000
 407 2.960000
 408 2.990000
 409 2.980000
 410 4.350000
 411 2.980000
 412 3.100000
 413 3.040000
 414 3.060000
 415 3.030000
 416 3.020000
 417 3.020000
 418 3.080000
 419 3.060000
 420 3.100000
 421 3.080000
 422 3.100000
 423 3.030000
 424 3.050000
 425 3.080000
 426 3.080000
 427 3.110000
 428 3.080000
 429 3.110000
 430 3.180000
 431 3.180000
 432 3.210000
 433 3.130000
 434 3.230000
 435 3.210000
 436 3.220000
 437 3.230000
 438 3.240000
 439 3.230000
 440 3.260000
 441 3.240000
 442 3.260000
 443 3.290000
 444 3.260000
 445 3.260000
 446 3.280000
 447 3.180000
 448 3.270000
 449 3.270000
 450 3.240000
 451 3.260000
 452 3.260000
 453 3.230000
 454 3.230000
 455 3.220000
 456 3.220000
 457 3.240000
 458 3.220000
 459 3.220000
 460 3.220000
 461 3.240000
 462 3.180000
 463 3.170000
 464 3.150000
 465 4.480000
 466 4.190000
 467 4.110000
 468 4.140000
 469 3.110000
 470 3.120000
 471 3.070000
 472 3.100000
 473 3.230000
 474 3.400000
 475 3.720000
 476 3.610000
 477 3.590000
 478 3.560000
 479 3.590000
 480 3.590000
 481 3.590000
 482 3.590000
 483 3.590000
 484 3.590000
 485 3.590000
 486 3.340000
 487 3.390000
 488 3.590000
 489 3.590000
 490 3.610000
 491 3.590000
 492 3.590000
 493 3.540000
 494 3.560000
 495 3.560000
 496 3.540000
 497 3.560000
 498 3.560000
 499 3.590000
 500 3.560000
 501 3.590000
 502 3.590000
 503 3.610000
 504 3.590000
 505 3.610000
 506 3.610000
 507 3.610000
 508 3.610000
 509 3.640000
 510 3.640000
 511 3.640000
 512 3.640000
 513 3.660000
 514 3.690000
 515 3.640000
 516 3.600000
 517 3.560000
 518 3.530000
 519 3.180000
 520 3.080000
 521 3.070000
 522 3.380000
 523 3.350000
 524 3.330000
 525 3.300000
 526 3.250000
 527 2.980000
 528 2.930000
 529 2.920000
 530 2.980000
 531 2.970000
 532 2.950000
 533 2.980000
 534 2.940000
 535 2.860000
 536 2.830000
 537 2.900000
 538 3.000000
 539 2.950000
 540 2.970000
 541 3.100000
 542 3.020000
 543 2.950000
 544 3.020000
 545 3.120000
 546 3.050000
 547 2.970000
 548 2.980000
 549 3.040000
 550 2.960000
 551 3.000000
 552 3.000000
 553 2.990000
 554 2.990000
 555 2.780000
 556 2.680000
 557 2.680000
 558 2.680000
 559 2.670000
 560 2.670000
 561 2.620000
 562 2.620000
 563 2.570000
 564 2.580000
 565 2.550000
 566 2.550000
 567 2.520000
 568 2.490000
 569 2.460000
 570 2.440000
 571 2.390000
 572 2.340000
 573 2.310000
 574 2.290000
 575 2.290000
 576 2.260000
 577 2.210000
 578 2.190000
 579 2.190000
 580 2.200000
 581 2.220000
 582 2.200000
 583 2.160000
 584 2.010000
 585 2.150000
 586 2.100000
 587 2.100000
 588 2.060000
 589 2.040000
 590 2.100000
 591 2.070000
 592 2.070000
 593 2.020000
 594 2.050000
 595 2.020000
 596 2.000000
 597 2.000000
 598 2.000000
 599 2.020000
 600 1.970000
 601 1.880000
 602 1.830000
 603 1.850000
 604 1.830000
 605 1.950000
 606 1.900000
 607 1.780000
 608 1.750000
 609 1.720000
 610 1.850000
 611 1.820000
 612 1.710000
 613 1.820000
 614 1.670000
 615 1.770000
 616 1.660000
 617 1.650000
 618 1.610000
 619 1.750000
 620 1.760000
 621 1.740000
 622 1.700000
 623 1.700000
 624 1.690000
 625 1.660000
 626 1.610000
 627 1.580000
 628 1.600000
 629 1.600000
 630 1.640000
 631 1.640000
 632 1.610000
 633 1.620000
 634 1.430000
 635 1.470000
 636 1.410000
 637 1.450000
 638 1.440000
 639 1.380000
 640 1.410000
 641 1.410000
 642 1.770000
 643 1.360000
 644 1.480000
 645 1.360000
 646 1.740000
 647 1.330000
 648 1.700000
 649 1.310000
 650 1.950000
 651 1.310000
 652 1.410000
 653 1.480000
 654 1.280000
 655 1.700000
 656 1.270000
 657 1.390000
 658 1.280000
 659 1.370000
 660 1.340000
 661 1.370000
 662 1.280000
 663 1.330000
 664 1.330000
 665 1.420000
 666 1.340000
 667 1.310000
 668 1.250000
 669 1.340000
 670 1.340000
 671 1.360000
 672 1.310000
 673 1.340000
 674 1.340000
 675 1.310000
 676 1.310000
 677 1.310000
 678 1.250000
 679 1.310000
 680 2.340000
 681 1.340000
 682 1.280000
 683 1.340000
 684 1.220000
 685 1.200000
 686 1.220000
 687 1.210000
 688 1.200000
 689 1.180000
 690 1.180000
 691 1.210000
 692 1.150000
 693 1.150000
 694 1.160000
 695 1.160000
 696 1.230000
 697 1.160000
 698 6.720000
 699 6.690000
 700 5.480000
 701 5.430000
 702 5.430000
 703 5.440000
 704 5.460000
 705 5.440000
 706 6.610000
 707 5.070000
 708 6.540000
 709 6.550000
 710 5.230000
 711 5.220000
 712 5.200000
 713 5.230000
 714 5.330000
 715 6.460000
 716 6.430000
 717 6.460000
 718 5.440000
 719 6.420000
 720 0.790000
 721 0.780000
 722 0.780000
 723 0.800000
 724 0.810000
 725 0.780000
 726 0.800000
 727 0.780000
 728 0.770000
 729 0.780000
 730 0.810000
 731 0.790000
 732 0.810000
 733 0.810000
 734 0.810000
 735 0.810000
 736 0.810000
 737 0.830000
 738 0.840000
 739 0.840000
 740 0.840000
 741 0.860000
 742 0.860000
 743 0.860000
 744 0.860000
 745 0.890000
 746 0.890000
 747 0.860000
 748 0.910000
 749 0.910000
 750 0.890000
 751 0.910000
 752 0.940000
 753 0.940000
 754 0.940000
 755 0.940000
 756 0.940000
 757 0.960000
 758 0.960000
 759 0.950000
 760 0.960000
 0 2.900000
 1 2.870000
 2 2.860000
 3 2.900000
 4 2.890000
 5 2.900000
 6 2.850000
 7 2.850000
 8 2.860000
 9 2.860000
 10 2.870000
 11 2.840000
 12 2.820000
 13 2.840000
 14 2.830000
 15 2.800000
 16 2.830000
 17 2.800000
 18 2.830000
 19 3.360000
 20 2.750000
 21 2.750000
 22 2.750000
 23 2.740000
 24 2.740000
 25 2.750000
 26 2.750000
 27 2.760000
 28 2.760000
 29 2.760000
 30 2.750000
 31 2.730000
 32 2.690000
 33 2.690000
 34 2.700000
 35 2.700000
 36 2.820000
 37 3.280000
 38 3.260000
 39 3.140000
 40 2.730000
 41 2.700000
 42 2.680000
 43 2.690000
 44 2.690000
 45 2.690000
 46 2.700000
 47 2.700000
 48 2.690000
 49 2.710000
 50 2.680000
 51 2.660000
 52 2.660000
 53 2.660000
 54 2.700000
 55 3.170000
 56 3.150000
 57 2.680000
 58 2.630000
 59 2.630000
 60 2.590000
 61 2.610000
 62 2.640000
 63 2.600000
 64 2.600000
 65 2.630000
 66 2.630000
 67 2.630000
 68 2.600000
 69 2.590000
 70 2.590000
 71 2.570000
 72 2.600000
 73 2.590000
 74 2.590000
 75 2.600000
 76 2.610000
 77 2.800000
 78 3.180000
 79 3.150000
 80 3.150000
 81 3.160000
 82 3.180000
 83 3.140000
 84 3.270000
 85 3.280000
 86 3.320000
 87 3.290000
 88 3.330000
 89 3.330000
 90 3.350000
 91 3.370000
 92 3.370000
 93 3.680000
 94 3.660000
 95 3.620000
 96 3.450000
 97 3.670000
 98 3.550000
 99 3.550000
 100 3.530000
 101 3.700000
 102 3.690000
 103 3.660000
 104 3.690000
 105 3.740000
 106 2.890000
 107 2.740000
 108 2.740000
 109 2.740000
 110 2.710000
 111 2.710000
 112 2.730000
 113 2.750000
 114 2.780000
 115 2.890000
 116 3.710000
 117 3.740000
 118 3.710000
 119 3.690000
 120 3.710000
 121 3.710000
 122 3.720000
 123 3.020000
 124 3.650000
 125 3.700000
 126 3.340000
 127 3.260000
 128 3.240000
 129 3.240000
 130 3.210000
 131 3.230000
 132 3.250000
 133 3.260000
 134 2.600000
 135 2.590000
 136 2.590000
 137 2.590000
 138 2.570000
 139 2.590000
 140 2.580000
 141 2.600000
 142 2.650000
 143 3.760000
 144 3.760000
 145 3.730000
 146 3.800000
 147 3.900000
 148 3.400000
 149 4.700000
 150 3.180000
 151 3.110000
 152 3.110000
 153 3.120000
 154 3.120000
 155 3.110000
 156 3.150000
 157 3.170000
 158 4.730000
 159 4.700000
 160 4.710000
 161 4.050000
 162 3.670000
 163 3.660000
 164 2.480000
 165 2.480000
 166 2.490000
 167 2.470000
 168 2.470000
 169 2.460000
 170 2.460000
 171 2.460000
 172 2.460000
 173 2.540000
 174 2.490000
 175 2.450000
 176 2.470000
 177 2.480000
 178 2.480000
 179 2.460000
 180 2.490000
 181 2.460000
 182 2.470000
 183 2.480000
 184 2.480000
 185 2.480000
 186 2.480000
 187 2.480000
 188 2.480000
 189 2.480000
 190 2.450000
 191 2.480000
 192 2.450000
 193 2.450000
 194 2.450000
 195 2.450000
 196 2.450000
 197 2.450000
 198 2.460000
 199 2.450000
 200 2.450000
 201 2.460000
 202 2.460000
 203 2.430000
 204 2.430000
 205 2.510000
 206 2.700000
 207 2.670000
 208 4.950000
 209 4.940000
 210 4.950000
 211 4.940000
 212 3.390000
 213 3.400000
 214 3.420000
 215 3.360000
 216 3.360000
 217 3.400000
 218 3.400000
 219 3.360000
 220 3.380000
 221 5.000000
 222 4.440000
 223 4.410000
 224 4.400000
 225 4.390000
 226 4.390000
 227 4.410000
 228 4.430000
 229 4.430000
 230 4.400000
 231 4.410000
 232 2.840000
 233 2.770000
 234 2.760000
 235 2.720000
 236 2.730000
 237 2.730000
 238 2.740000
 239 4.450000
 240 4.460000
 241 4.480000
 242 4.480000
 243 4.470000
 244 4.480000
 245 4.620000
 246 4.530000
 247 4.570000
 248 3.530000
 249 3.500000
 250 3.500000
 251 3.540000
 252 3.520000
 253 3.530000
 254 3.580000
 255 3.720000
 256 4.080000
 257 4.090000
 258 3.770000
 259 3.760000
 260 3.750000
 261 3.760000
 262 4.450000
 263 3.690000
 264 3.650000
 265 3.630000
 266 3.560000
 267 3.640000
 268 3.670000
 269 2.460000
 270 2.530000
 271 2.510000
 272 2.510000
 273 2.510000
 274 2.540000
 275 2.960000
 276 2.950000
 277 2.970000
 278 3.060000
 279 3.950000
 280 3.920000
 281 3.910000
 282 3.750000
 283 3.740000
 284 3.730000
 285 3.770000
 286 4.120000
 287 4.110000
 288 4.130000
 289 4.140000
 290 4.150000
 291 4.450000
 292 4.550000
 293 4.550000
 294 4.580000
 295 4.390000
 296 4.400000
 297 4.380000
 298 4.310000
 299 4.220000
 300 4.200000
 301 4.200000
 302 4.270000
 303 4.280000
 304 4.290000
 305 4.350000
 306 4.390000
 307 4.420000
 308 4.450000
 309 4.450000
 310 4.420000
 311 4.410000
 312 3.500000
 313 3.460000
 314 3.440000
 315 3.470000
 316 3.480000
 317 4.350000
 318 4.320000
 319 4.320000
 320 4.320000
 321 4.300000
 322 4.300000
 323 4.250000
 324 4.270000
 325 4.250000
 326 4.250000
 327 3.950000
 328 3.960000
 329 3.970000
 330 4.170000
 331 4.200000
 332 4.180000
 333 4.150000
 334 4.150000
 335 4.150000
 336 4.130000
 337 4.130000
 338 4.100000
 339 4.100000
 340 4.100000
 341 4.100000
 342 4.070000
 343 4.050000
 344 4.070000
 345 4.050000
 346 4.050000
 347 4.000000
 348 4.000000
 349 4.000000
 350 4.000000
 351 4.000000
 352 4.000000
 353 3.980000
 354 3.980000
 355 3.980000
 356 3.950000
 357 3.950000
 358 3.930000
 359 3.930000
 360 2.980000
 361 3.060000
 362 3.010000
 363 3.030000
 364 3.040000
 365 2.980000
 366 2.980000
 367 2.950000
 368 2.990000
 369 2.980000
 370 2.950000
 371 3.160000
 372 2.970000
 373 3.070000
 374 2.950000
 375 3.100000
 376 3.070000
 377 3.070000
 378 3.100000
 379 3.070000
 380 3.070000
 381 3.070000
 382 3.010000
 383 2.980000
 384 2.980000
 385 2.980000
 386 3.090000
 387 3.060000
 388 3.060000
 389 3.000000
 390 2.980000
 391 2.950000
 392 3.910000
 393 2.950000
 394 2.950000
 395 2.950000
 396 3.020000
 397 2.990000
 398 3.020000
 399 3.000000
 400 2.920000
 401 2.950000
 402 2.950000
 403 2.990000
 404 3.020000
 405 2.980000
 406 2.950000
 407 2.950000
 408 3.010000
 409 2.980000
 410 4.350000
 411 2.950000
 412 3.100000
 413 3.060000
 414 3.050000
 415 3.030000
 416 3.020000
 417 3.040000
 418 3.080000
 419 3.060000
 420 3.100000
 421 3.080000
 422 3.080000
 423 3.090000
 424 3.070000
 425 3.050000
 426 3.080000
 427 3.100000
 428 3.140000
 429 3.100000
 430 3.210000
 431 3.210000
 432 3.210000
 433 3.130000
 434 3.220000
 435 3.210000
 436 3.230000
 437 3.210000
 438 3.260000
 439 3.230000
 440 3.260000
 441 3.240000
 442 3.260000
 443 3.290000
 444 3.290000
 445 3.260000
 446 3.280000
 447 3.180000
 448 3.270000
 449 3.270000
 450 3.270000
 451 3.260000
 452 3.260000
 453 3.230000
 454 3.250000
 455 3.240000
 456 3.240000
 457 3.220000
 458 3.210000
 459 3.190000
 460 3.220000
 461 3.200000
 462 3.180000
 463 3.170000
 464 3.150000
 465 4.490000
 466 4.210000
 467 4.140000
 468 4.130000
 469 3.100000
 470 3.090000
 471 3.080000
 472 3.080000
 473 3.230000
 474 3.410000
 475 3.710000
 476 3.610000
 477 3.560000
 478 3.590000
 479 3.560000
 480 3.590000
 481 3.590000
 482 3.560000
 483 3.590000
 484 3.590000
 485 3.590000
 486 3.340000
 487 3.390000
 488 3.590000
 489 3.610000
 490 3.610000
 491 3.610000
 492 3.610000
 493 3.560000
 494 3.540000
 495 3.540000
 496 3.560000
 497 3.560000
 498 3.560000
 499 3.560000
 500 3.590000
 501 3.590000
 502 3.590000
 503 3.610000
 504 3.610000
 505 3.610000
 506 3.610000
 507 3.640000
 508 3.610000
 509 3.640000
 510 3.640000
 511 3.640000
 512 3.640000
 513 3.660000
 514 3.660000
 515 3.660000
 516 3.620000
 517 3.560000
 518 3.510000
 519 3.180000
 520 3.070000
 521 3.100000
 522 3.400000
 523 3.350000
 524 3.300000
 525 3.300000
 526 3.250000
 527 3.000000
 528 2.950000
 529 2.900000
 530 2.930000
 531 2.950000
 532 2.950000
 533 2.980000
 534 2.940000
 535 2.860000
 536 2.830000
 537 2.900000
 538 3.050000
 539 2.920000
 540 2.970000
 541 3.100000
 542 3.000000
 543 2.950000
 544 3.020000
 545 3.120000
 546 3.050000
 547 2.970000
 548 3.010000
 549 3.040000
 550 2.960000
 551 3.000000
 552 2.970000
 553 2.960000
 554 2.990000
 555 2.760000
 556 2.660000
 557 2.680000
 558 2.660000
 559 2.670000
 560 2.670000
 561 2.620000
 562 2.600000
 563 2.570000
 564 2.580000
 565 2.550000
 566 2.430000
 567 2.520000
 568 2.490000
 569 2.440000
 570 2.410000
 571 2.410000
 572 2.340000
 573 2.310000
 574 2.310000
 575 2.290000
 576 2.240000
 577 2.210000
 578 2.190000
 579 2.220000
 580 2.220000
 581 2.080000
 582 2.200000
 583 2.140000
 584 2.110000
 585 2.150000
 586 2.100000
 587 2.100000
 588 2.040000
 589 1.980000
 590 2.070000
 591 2.070000
 592 2.100000
 593 2.050000
 594 2.050000
 595 2.050000
 596 2.020000
 597 2.000000
 598 1.970000
 599 1.870000
 600 1.950000
 601 1.950000
 602 1.830000
 603 1.830000
 604 2.280000
 605 1.950000
 606 1.900000
 607 1.900000
 608 1.730000
 609 1.740000
 610 1.850000
 611 1.820000
 612 1.700000
 613 1.680000
 614 1.690000
 615 1.800000
 616 1.770000
 617 1.650000
 618 1.770000
 619 1.750000
 620 1.750000
 621 1.740000
 622 1.690000
 623 1.690000
 624 1.660000
 625 1.660000
 626 1.640000
 627 1.580000
 628 1.600000
 629 1.580000
 630 1.660000
 631 1.660000
 632 1.590000
 633 1.620000
 634 1.430000
 635 1.410000
 636 1.430000
 637 1.380000
 638 1.430000
 639 1.400000
 640 1.400000
 641 1.380000
 642 1.920000
 643 1.350000
 644 1.720000
 645 1.350000
 646 1.700000
 647 1.330000
 648 1.700000
 649 1.330000
 650 1.970000
 651 1.300000
 652 1.380000
 653 1.450000
 654 1.280000
 655 1.720000
 656 1.280000
 657 1.390000
 658 1.280000
 659 1.370000
 660 1.340000
 661 1.370000
 662 1.280000
 663 1.310000
 664 1.340000
 665 1.400000
 666 1.340000
 667 1.340000
 668 1.270000
 669 1.360000
 670 1.340000
 671 1.360000
 672 1.340000
 673 1.310000
 674 1.340000
 675 1.310000
 676 1.340000
 677 1.310000
 678 1.220000
 679 1.330000
 680 2.340000
 681 1.340000
 682 1.290000
 683 1.310000
 684 1.230000
 685 1.190000
 686 1.200000
 687 1.200000
 688 1.200000
 689 1.200000
 690 1.180000
 691 1.180000
 692 1.200000
 693 1.180000
 694 1.160000
 695 1.160000
 696 1.220000
 697 1.160000
 698 6.690000
 699 6.720000
 700 5.480000
 701 5.460000
 702 5.460000
 703 5.440000
 704 5.430000
 705 5.440000
 706 6.600000
 707 5.070000
 708 6.570000
 709 5.250000
 710 5.230000
 711 5.190000
 712 5.200000
 713 5.230000
 714 5.380000
 715 6.460000
 716 6.460000
 717 6.450000
 718 5.440000
 719 6.420000
 720 0.790000
 721 0.800000
 722 0.810000
 723 0.800000
 724 0.770000
 725 0.780000
 726 0.790000
 727 0.780000
 728 0.780000
 729 0.810000
 730 0.780000
 731 0.780000
 732 0.810000
 733 0.810000
 734 0.810000
 735 0.810000
 736 0.810000
 737 0.840000
 738 0.840000
 739 0.840000
 740 0.860000
 741 0.860000
 742 0.860000
 743 0.860000
 744 0.860000
 745 0.890000
 746 0.890000
 747 0.860000
 748 0.890000
 749 0.910000
 750 0.910000
 751 0.940000
 752 0.910000
 753 0.910000
 754 0.940000
 755 0.940000
 756 0.940000
 757 0.950000
 758 0.960000
 759 0.970000
 760 0.960000
 0 2.880000
 1 2.870000
 2 2.880000
 3 2.860000
 4 2.890000
 5 2.870000
 6 2.870000
 7 2.850000
 8 2.860000
 9 2.830000
 10 2.840000
 11 2.840000
 12 2.840000
 13 2.830000
 14 2.830000
 15 2.830000
 16 2.800000
 17 2.790000
 18 2.830000
 19 3.250000
 20 2.750000
 21 2.750000
 22 2.750000
 23 2.740000
 24 2.730000
 25 2.730000
 26 2.750000
 27 2.730000
 28 2.760000
 29 2.760000
 30 2.730000
 31 2.700000
 32 2.720000
 33 2.700000
 34 2.670000
 35 2.700000
 36 2.790000
 37 3.280000
 38 3.230000
 39 3.140000
 40 2.700000
 41 2.700000
 42 2.710000
 43 2.680000
 44 2.710000
 45 2.690000
 46 2.700000
 47 2.730000
 48 2.690000
 49 2.710000
 50 2.680000
 51 2.680000
 52 2.660000
 53 2.660000
 54 2.700000
 55 3.140000
 56 3.150000
 57 2.650000
 58 2.600000
 59 2.630000
 60 2.620000
 61 2.610000
 62 2.600000
 63 2.600000
 64 2.630000
 65 2.630000
 66 2.630000
 67 2.630000
 68 2.600000
 69 2.610000
 70 2.590000
 71 2.590000
 72 2.600000
 73 2.610000
 74 2.580000
 75 2.590000
 76 2.610000
 77 2.800000
 78 3.180000
 79 3.140000
 80 3.130000
 81 3.180000
 82 3.180000
 83 3.140000
 84 3.290000
 85 3.290000
 86 3.310000
 87 3.320000
 88 3.320000
 89 3.330000
 90 3.350000
 91 3.370000
 92 3.390000
 93 3.680000
 94 3.660000
 95 3.620000
 96 3.450000
 97 3.670000
 98 3.550000
 99 3.550000
 100 3.530000
 101 3.680000
 102 3.680000
 103 3.680000
 104 3.710000
 105 3.720000
 106 2.750000
 107 2.740000
 108 2.740000
 109 2.740000
 110 2.710000
 111 2.710000
 112 2.730000
 113 2.750000
 114 2.780000
 115 2.910000
 116 3.730000
 117 3.730000
 118 3.680000
 119 3.710000
 120 3.710000
 121 3.730000
 122 3.730000
 123 2.970000
 124 3.630000
 125 3.680000
 126 3.310000
 127 3.230000
 128 3.230000
 129 3.230000
 130 3.230000
 131 3.230000
 132 3.250000
 133 3.230000
 134 2.600000
 135 2.590000
 136 2.590000
 137 2.570000
 138 2.570000
 139 2.580000
 140 2.580000
 141 2.600000
 142 2.630000
 143 3.760000
 144 3.760000
 145 3.750000
 146 3.770000
 147 3.900000
 148 3.400000
 149 4.700000
 150 3.180000
 151 3.110000
 152 3.120000
 153 3.120000
 154 3.120000
 155 3.080000
 156 3.120000
 157 3.170000
 158 4.730000
 159 4.690000
 160 4.710000
 161 4.080000
 162 3.670000
 163 3.660000
 164 2.450000
 165 2.480000
 166 2.460000
 167 2.470000
 168 2.490000
 169 2.460000
 170 2.460000
 171 2.460000
 172 2.470000
 173 2.560000
 174 2.490000
 175 2.460000
 176 2.480000
 177 2.460000
 178 2.480000
 179 2.480000
 180 2.480000
 181 2.460000
 182 2.470000
 183 2.500000
 184 2.480000
 185 2.480000
 186 2.480000
 187 2.460000
 188 2.460000
 189 2.480000
 190 2.450000
 191 2.480000
 192 2.480000
 193 2.480000
 194 2.480000
 195 2.450000
 196 2.480000
 197 2.480000
 198 2.480000
 199 2.460000
 200 2.450000
 201 2.440000
 202 2.460000
 203 2.450000
 204 2.430000
 205 2.540000
 206 2.740000
 207 2.700000
 208 4.920000
 209 4.940000
 210 4.940000
 211 4.970000
 212 3.410000
 213 3.430000
 214 3.420000
 215 3.390000
 216 3.350000
 217 3.390000
 218 3.370000
 219 3.340000
 220 3.350000
 221 5.030000
 222 4.440000
 223 4.410000
 224 4.400000
 225 4.420000
 226 4.390000
 227 4.410000
 228 4.400000
 229 4.430000
 230 4.400000
 231 4.430000
 232 2.840000
 233 2.780000
 234 2.750000
 235 2.710000
 236 2.700000
 237 2.700000
 238 2.740000
 239 4.440000
 240 4.460000
 241 4.460000
 242 4.460000
 243 4.470000
 244 4.480000
 245 4.640000
 246 4.530000
 247 4.560000
 248 3.530000
 249 3.490000
 250 3.470000
 251 3.520000
 252 3.520000
 253 3.530000
 254 3.580000
 255 3.710000
 256 4.050000
 257 4.080000
 258 3.760000
 259 3.730000
 260 3.750000
 261 3.780000
 262 4.480000
 263 3.670000
 264 3.630000
 265 3.620000
 266 3.560000
 267 3.670000
 268 3.690000
 269 2.450000
 270 2.500000
 271 2.500000
 272 2.490000
 273 2.500000
 274 2.640000
 275 2.950000
 276 2.970000
 277 2.990000
 278 3.060000
 279 3.970000
 280 3.920000
 281 3.900000
 282 3.750000
 283 3.730000
 284 3.730000
 285 3.770000
 286 4.120000
 287 4.110000
 288 4.140000
 289 4.140000
 290 4.160000
 291 4.470000
 292 4.520000
 293 4.540000
 294 4.550000
 295 4.390000
 296 4.390000
 297 4.380000
 298 4.310000
 299 4.240000
 300 4.200000
 301 4.200000
 302 4.260000
 303 4.300000
 304 4.310000
 305 4.350000
 306 4.390000
 307 4.420000
 308 4.440000
 309 4.440000
 310 4.420000
 311 4.420000
 312 3.480000
 313 3.460000
 314 3.460000
 315 3.470000
 316 3.450000
 317 4.340000
 318 4.320000
 319 4.320000
 320 4.320000
 321 4.270000
 322 4.290000
 323 4.270000
 324 4.270000
 325 4.240000
 326 4.220000
 327 3.980000
 328 3.930000
 329 3.970000
 330 4.150000
 331 4.200000
 332 4.180000
 333 4.180000
 334 4.150000
 335 4.150000
 336 4.140000
 337 4.100000
 338 4.100000
 339 4.100000
 340 4.070000
 341 4.090000
 342 4.070000
 343 4.070000
 344 4.070000
 345 4.040000
 346 4.040000
 347 4.000000
 348 4.000000
 349 3.990000
 350 3.990000
 351 4.000000
 352 4.000000
 353 3.980000
 354 3.980000
 355 3.980000
 356 3.950000
 357 3.950000
 358 3.930000
 359 3.950000
 360 3.000000
 361 3.080000
 362 3.030000
 363 3.030000
 364 3.070000
 365 2.980000
 366 2.980000
 367 2.980000
 368 3.870000
 369 2.980000
 370 2.980000
 371 2.990000
 372 2.970000
 373 3.070000
 374 2.950000
 375 3.090000
 376 3.070000
 377 3.070000
 378 3.090000
 379 3.060000
 380 3.070000
 381 3.070000
 382 3.000000
 383 2.980000
 384 2.980000
 385 3.000000
 386 3.060000
 387 3.060000
 388 3.050000
 389 3.000000
 390 2.950000
 391 2.980000
 392 3.930000
 393 2.970000
 394 2.950000
 395 2.950000
 396 3.000000
 397 2.970000
 398 2.990000
 399 2.990000
 400 2.950000
 401 2.950000
 402 2.950000
 403 3.000000
 404 3.020000
 405 2.980000
 406 2.950000
 407 2.980000
 408 3.020000
 409 2.980000
 410 4.340000
 411 3.000000
 412 3.090000
 413 3.030000
 414 3.030000
 415 3.030000
 416 3.020000
 417 3.010000
 418 3.080000
 419 3.050000
 420 3.070000
 421 3.090000
 422 3.080000
 423 3.090000
 424 3.070000
 425 3.050000
 426 3.080000
 427 3.100000
 428 3.110000
 429 3.100000
 430 3.180000
 431 3.180000
 432 3.200000
 433 3.100000
 434 3.200000
 435 3.200000
 436 3.220000
 437 3.230000
 438 3.240000
 439 3.230000
 440 3.260000
 441 3.260000
 442 3.260000
 443 3.290000
 444 3.290000
 445 3.280000
 446 3.280000
 447 3.200000
 448 3.270000
 449 3.260000
 450 3.240000
 451 3.260000
 452 3.260000
 453 3.230000
 454 3.220000
 455 3.240000
 456 3.240000
 457 3.220000
 458 3.220000
 459 3.220000
 460 3.220000
 461 3.210000
 462 3.180000
 463 3.170000
 464 3.150000
 465 4.490000
 466 4.210000
 467 4.110000
 468 4.130000
 469 3.100000
 470 3.090000
 471 3.080000
 472 3.080000
 473 3.230000
 474 3.400000
 475 3.710000
 476 3.630000
 477 3.560000
 478 3.560000
 479 3.560000
 480 3.560000
 481 3.580000
 482 3.560000
 483 3.580000
 484 3.580000
 485 3.580000
 486 3.330000
 487 3.380000
 488 3.580000
 489 3.580000
 490 3.610000
 491 3.580000
 492 3.610000
 493 3.560000
 494 3.560000
 495 3.560000
 496 3.560000
 497 3.560000
 498 3.560000
 499 3.560000
 500 3.580000
 501 3.580000
 502 3.580000
 503 3.580000
 504 3.580000
 505 3.580000
 506 3.630000
 507 3.630000
 508 3.610000
 509 3.630000
 510 3.630000
 511 3.630000
 512 3.660000
 513 3.660000
 514 3.660000
 515 3.640000
 516 3.630000
 517 3.560000
 518 3.540000
 519 3.190000
 520 3.070000
 521 3.100000
 522 3.400000
 523 3.340000
 524 3.330000
 525 3.280000
 526 3.280000
 527 2.980000
 528 2.930000
 529 2.930000
 530 2.950000
 531 2.970000
 532 2.950000
 533 2.980000
 534 2.940000
 535 2.860000
 536 2.830000
 537 2.920000
 538 3.050000
 539 2.920000
 540 2.970000
 541 3.170000
 542 2.990000
 543 2.970000
 544 3.040000
 545 3.140000
 546 3.040000
 547 2.970000
 548 3.000000
 549 3.060000
 550 2.960000
 551 2.990000
 552 2.990000
 553 2.960000
 554 2.990000
 555 2.750000
 556 2.660000
 557 2.680000
 558 2.650000
 559 2.640000
 560 2.640000
 561 2.640000
 562 2.590000
 563 2.590000
 564 2.580000
 565 2.580000
 566 2.400000
 567 2.540000
 568 2.460000
 569 2.430000
 570 2.390000
 571 2.390000
 572 2.330000
 573 2.310000
 574 2.290000
 575 2.260000
 576 2.240000
 577 2.210000
 578 2.240000
 579 2.190000
 580 2.190000
 581 2.080000
 582 2.170000
 583 2.160000
 584 2.100000
 585 2.110000
 586 2.120000
 587 2.070000
 588 2.030000
 589 2.000000
 590 2.070000
 591 2.040000
 592 2.100000
 593 2.020000
 594 2.020000
 595 2.040000
 596 2.020000
 597 1.990000
 598 1.940000
 599 1.870000
 600 1.990000
 601 1.940000
 602 1.980000
 603 1.800000
 604 1.780000
 605 1.890000
 606 1.780000
 607 1.900000
 608 1.730000
 609 1.720000
 610 1.700000
 611 1.700000
 612 1.820000
 613 1.820000
 614 1.670000
 615 1.770000
 616 1.770000
 617 1.630000
 618 1.630000
 619 1.730000
 620 1.750000
 621 1.710000
 622 1.690000
 623 1.660000
 624 1.660000
 625 1.660000
 626 1.640000
 627 1.580000
 628 1.570000
 629 1.580000
 630 1.640000
 631 1.660000
 632 1.560000
 633 1.620000
 634 1.430000
 635 1.450000
 636 1.430000
 637 1.400000
 638 1.400000
 639 1.380000
 640 1.420000
 641 1.380000
 642 1.940000
 643 1.330000
 644 1.740000
 645 1.350000
 646 1.480000
 647 1.330000
 648 1.480000
 649 1.300000
 650 1.960000
 651 1.360000
 652 1.380000
 653 1.430000
 654 1.250000
 655 1.990000
 656 1.280000
 657 1.390000
 658 1.280000
 659 1.340000
 660 1.340000
 661 1.370000
 662 1.250000
 663 1.300000
 664 1.340000
 665 1.390000
 666 1.340000
 667 1.310000
 668 1.250000
 669 1.360000
 670 1.310000
 671 1.360000
 672 1.340000
 673 1.310000
 674 1.330000
 675 1.310000
 676 1.310000
 677 1.310000
 678 1.250000
 679 1.300000
 680 2.310000
 681 1.340000
 682 1.280000
 683 1.310000
 684 1.230000
 685 1.190000
 686 1.220000
 687 1.180000
 688 1.200000
 689 1.230000
 690 1.180000
 691 1.180000
 692 1.180000
 693 1.180000
 694 1.150000
 695 1.160000
 696 1.230000
 697 1.170000
 698 6.710000
 699 6.690000
 700 5.480000
 701 5.460000
 702 5.430000
 703 5.440000
 704 5.440000
 705 5.470000
 706 6.570000
 707 5.070000
 708 6.540000
 709 5.250000
 710 5.230000
 711 5.190000
 712 5.200000
 713 5.230000
 714 5.360000
 715 6.450000
 716 6.450000
 717 6.450000
 718 5.430000
 719 6.420000
 720 0.790000
 721 0.780000
 722 0.800000
 723 0.780000
 724 0.810000
 725 0.780000
 726 0.800000
 727 0.780000
 728 0.780000
 729 0.780000
 730 0.780000
 731 0.790000
 732 0.800000
 733 0.810000
 734 0.810000
 735 0.800000
 736 0.840000
 737 0.830000
 738 0.840000
 739 0.840000
 740 0.840000
 741 0.860000
 742 0.860000
 743 0.860000
 744 0.860000
 745 0.890000
 746 0.890000
 747 0.890000
 748 0.890000
 749 0.890000
 750 0.910000
 751 0.910000
 752 0.940000
 753 0.910000
 754 0.910000
 755 0.940000
 756 0.940000
 757 0.960000
 758 0.960000
 759 0.970000
 760 0.970000