
 0 3.050000
 1 3.050000
 2 3.050000
 3 3.100000
 4 7.830000
 5 3.020000
 6 3.070000
 7 3.030000
 8 7.850000
 9 3.100000
 10 3.080000
 11 3.020000
 12 3.030000
 13 3.130000
 14 3.030000
 15 3.100000
 16 3.080000
 17 2.980000
 18 3.100000
 19 3.080000
 20 3.090000
 21 3.080000
 22 3.040000
 23 3.060000
 24 3.100000
 25 3.090000
 26 3.110000
 27 3.000000
 28 3.100000
 29 3.050000
 30 2.980000
 31 3.110000
 32 3.090000
 33 2.980000
 34 3.110000
 35 3.100000
 36 3.030000
 37 3.120000
 38 3.080000
 39 3.020000
 40 3.000000
 41 3.100000
 42 3.020000
 43 3.480000
 44 3.030000
 45 3.050000
 46 4.070000
 47 3.140000
 48 3.170000
 49 3.020000
 50 3.050000
 51 3.110000
 52 3.160000
 53 3.180000
 54 3.140000
 55 3.140000
 56 3.200000
 57 3.250000
 58 3.200000
 59 3.200000
 60 3.200000
 61 3.190000
 62 3.190000
 63 3.230000
 64 3.230000
 65 3.190000
 66 3.190000
 67 3.220000
 68 3.250000
 69 3.280000
 70 3.220000
 71 3.220000
 72 3.180000
 73 3.250000
 74 3.080000
 75 3.190000
 76 3.160000
 77 3.050000
 78 3.180000
 79 3.180000
 80 3.160000
 81 3.180000
 82 3.240000
 83 3.180000
 84 3.230000
 85 3.230000
 86 3.210000
 87 3.100000
 88 3.150000
 89 3.230000
 90 3.250000
 91 3.260000
 92 3.180000
 93 3.260000
 94 3.290000
 95 3.260000
 96 3.180000
 97 3.200000
 98 3.200000
 99 3.310000
 100 3.200000
 101 3.200000
 102 3.340000
 103 3.250000
 104 3.230000
 105 3.250000
 106 3.250000
 107 3.350000
 108 3.340000
 109 3.280000
 110 3.340000
 111 3.330000
 112 3.300000
 113 3.310000
 114 3.430000
 115 3.400000
 116 3.420000
 117 3.400000
 118 3.470000
 119 3.440000
 120 3.430000
 121 3.380000
 122 3.370000
 123 3.380000
 124 3.400000
 125 3.350000
 126 3.380000
 127 3.380000
 128 3.380000
 129 3.480000
 130 3.520000
 131 3.520000
 132 3.510000
 133 3.460000
 134 3.490000
 135 3.450000
 136 3.450000
 137 3.430000
 138 3.580000
 139 3.450000
 140 3.500000
 141 3.500000
 142 3.620000
 143 3.530000
 144 3.580000
 145 3.580000
 146 3.590000
 147 3.610000
 148 3.660000
 149 3.650000
 150 3.600000
 151 3.630000
 152 3.630000
 153 3.650000
 154 3.680000
 155 3.680000
 156 3.700000
 157 3.800000
 158 3.700000
 159 3.750000
 160 3.750000
 161 3.750000
 162 3.880000
 163 3.780000
 164 3.800000
 165 3.800000
 166 3.930000
 167 3.850000
 168 3.850000
 169 2.220000
 170 2.160000
 171 2.190000
 172 2.170000
 173 2.150000
 174 2.130000
 175 2.120000
 176 2.130000
 177 2.100000
 178 2.100000
 179 2.110000
 180 2.100000
 181 2.100000
 182 2.080000
 183 2.080000
 184 2.100000
 185 2.080000
 186 2.100000
 187 2.100000
 188 2.090000
 189 2.090000
 190 2.090000
 191 2.080000
 192 2.110000
 193 2.120000
 194 2.140000
 195 2.210000
 196 2.190000
 197 2.230000
 198 4.490000
 199 4.480000
 200 4.480000
 201 4.450000
 202 4.470000
 203 4.490000
 204 4.470000
 205 4.310000
 206 4.310000
 207 4.240000
 208 4.150000
 209 4.080000
 210 4.090000
 211 4.080000
 212 4.000000
 213 4.160000
 214 4.080000
 215 3.970000
 216 4.000000
 217 3.970000
 218 3.950000
 219 3.980000
 220 3.950000
 221 4.070000
 222 4.070000
 223 4.070000
 224 4.060000
 225 3.930000
 226 3.320000
 227 3.210000
 228 3.190000
 229 2.660000
 230 2.640000
 231 2.640000
 232 2.280000
 233 2.080000
 234 2.060000
 235 2.080000
 236 2.070000
 237 2.080000
 238 2.080000
 239 2.080000
 240 2.080000
 241 2.110000
 242 3.930000
 243 3.920000
 244 2.240000
 245 2.260000
 246 2.190000
 247 2.900000
 248 3.880000
 249 3.890000
 250 3.730000
 251 3.330000
 252 3.230000
 253 3.230000
 254 3.230000
 255 3.240000
 256 3.260000
 257 3.110000
 258 2.780000
 259 2.730000
 260 2.680000
 261 2.680000
 262 2.690000
 263 2.720000
 264 2.690000
 265 2.690000
 266 2.720000
 267 3.610000
 268 3.670000
 269 2.270000
 270 2.200000
 271 2.160000
 272 2.160000
 273 2.160000
 274 2.130000
 275 2.160000
 276 2.160000
 277 2.130000
 278 2.160000
 279 2.180000
 280 3.340000
 281 3.330000
 282 3.330000
 283 3.480000
 284 3.580000
 285 3.580000
 286 3.580000
 287 3.530000
 288 2.830000
 289 2.790000
 290 2.780000
 291 2.780000
 292 2.790000
 293 2.790000
 294 2.820000
 295 2.810000
 296 3.350000
 297 3.350000
 298 3.350000
 299 3.300000
 300 3.380000
 301 3.320000
 302 3.470000
 303 3.410000
 304 2.360000
 305 2.290000
 306 2.260000
 307 2.250000
 308 2.260000
 309 2.280000
 310 2.260000
 311 2.280000
 312 2.280000
 313 2.280000
 314 2.280000
 315 3.350000
 316 3.380000
 317 3.350000
 318 3.350000
 319 3.250000
 320 3.230000
 321 3.330000
 322 3.200000
 323 3.300000
 324 3.290000
 325 3.300000
 326 3.150000
 327 3.150000
 328 3.170000
 329 3.150000
 330 3.240000
 331 3.180000
 332 3.170000
 333 3.150000
 334 3.430000
 335 3.150000
 336 3.100000
 337 3.230000
 338 3.250000
 339 3.250000
 340 3.250000
 341 3.250000
 342 3.230000
 343 3.230000
 344 3.250000
 345 3.250000
 346 3.250000
 347 3.230000
 348 3.260000
 349 3.260000
 350 3.250000
 351 3.280000
 352 3.290000
 353 3.120000
 354 3.120000
 355 3.140000
 356 3.210000
 357 3.120000
 358 3.230000
 359 3.280000
 360 3.280000
 361 3.220000
 362 3.280000
 363 3.150000
 364 3.290000
 365 3.280000
 366 3.280000
 367 3.280000
 368 3.260000
 369 3.250000
 370 3.280000
 371 3.280000
 372 3.260000
 373 3.260000
 374 3.260000
 375 3.280000
 376 3.260000
 377 3.280000
 378 3.280000
 379 3.280000
 380 3.260000
 381 3.290000
 382 3.300000
 383 3.310000
 384 3.280000
 385 3.280000
 386 3.280000
 387 3.280000
 388 3.280000
 389 3.290000
 390 3.260000
 391 3.290000
 392 3.290000
 393 3.290000
 394 3.290000
 395 3.320000
 396 3.290000
 397 3.290000
 398 3.290000
 399 3.320000
 400 3.320000
 401 3.280000
 402 3.180000
 403 3.200000
 404 3.350000
 405 3.200000
 406 3.360000
 407 3.430000
 408 3.450000
 409 3.340000
 410 3.340000
 411 3.340000
 412 3.320000
 413 3.270000
 414 3.240000
 415 3.280000
 416 3.360000
 417 3.360000
 418 3.330000
 419 3.360000
 420 3.360000
 421 3.380000
 422 3.380000
 423 3.360000
 424 3.360000
 425 3.430000
 426 3.410000
 427 3.380000
 428 3.380000
 429 3.380000
 430 3.410000
 431 2.130000
 432 2.090000
 433 2.070000
 434 2.090000
 435 2.030000
 436 2.030000
 437 2.030000
 438 2.020000
 439 1.980000
 440 1.890000
 441 1.830000
 442 1.780000
 443 1.780000
 444 1.750000
 445 1.700000
 446 1.700000
 447 1.670000
 448 1.680000
 449 1.780000
 450 1.750000
 451 1.720000
 452 1.730000
 453 1.730000
 454 1.710000
 455 1.710000
 456 1.630000
 457 1.610000
 458 1.610000
 459 1.560000
 460 1.550000
 461 1.530000
 462 1.510000
 463 1.400000
 464 1.390000
 465 1.370000
 466 1.370000
 467 1.340000
 468 1.340000
 469 1.340000
 470 1.290000
 471 1.290000
 472 1.300000
 473 1.270000
 474 1.280000
 475 1.260000
 476 1.280000
 477 1.270000
 478 1.260000
 479 1.230000
 480 1.230000
 481 1.220000
 482 1.250000
 483 1.240000
 484 1.270000
 485 1.260000
 486 1.260000
 487 1.260000
 488 1.260000
 489 1.280000
 490 1.260000
 491 1.280000
 492 1.270000
 493 1.320000
 494 2.200000
 495 2.200000
 496 2.180000
 497 2.170000
 498 2.150000
 499 2.140000
 500 2.110000
 501 2.010000
 502 1.990000
 503 1.990000
 504 1.980000
 505 1.990000
 506 2.010000
 507 2.020000
 508 2.000000
 509 1.980000
 510 1.990000
 511 1.980000
 512 1.960000
 513 1.950000
 514 1.950000
 515 1.980000
 516 1.840000
 517 1.830000
 518 1.790000
 519 1.820000
 520 1.810000
 521 1.820000
 522 1.780000
 523 1.830000
 524 1.850000
 525 1.820000
 526 1.810000
 527 1.830000
 528 1.810000
 529 1.780000
 530 1.790000
 531 1.780000
 532 1.810000
 533 1.780000
 534 1.740000
 535 1.670000
 536 1.630000
 537 1.630000
 538 1.650000
 539 1.620000
 540 1.620000
 541 1.610000
 542 1.610000
 543 1.660000
 544 1.660000
 545 1.660000
 546 1.630000
 547 1.570000
 548 1.580000
 549 1.590000
 550 1.590000
 551 1.620000
 552 1.590000
 553 1.600000
 554 1.610000
 555 1.630000
 556 1.630000
 557 1.690000
 558 1.780000
 559 1.830000
 560 1.880000
 561 2.010000
 562 2.040000
 563 2.010000
 564 1.980000
 565 2.010000
 566 1.950000
 567 2.000000
 568 2.000000
 569 1.980000
 570 1.960000
 571 1.980000
 572 1.930000
 573 2.000000
 574 1.950000
 575 2.010000
 576 1.930000
 577 1.980000
 578 1.960000
 579 2.010000
 580 1.930000
 581 1.910000
 582 1.930000
 583 1.930000
 584 1.900000
 585 1.840000
 586 1.890000
 587 1.840000
 588 1.850000
 589 1.840000
 590 1.850000
 591 1.850000
 592 1.770000
 593 1.850000
 594 1.780000
 595 1.850000
 596 1.750000
 597 1.830000
 598 1.740000
 599 1.820000
 600 1.790000
 601 1.780000
 602 1.780000
 603 1.810000
 604 1.760000
 605 1.700000
 606 1.730000
 607 1.690000
 608 1.720000
 609 1.670000
 610 1.750000
 611 1.700000
 612 1.750000
 613 1.750000
 614 1.640000
 615 1.630000
 616 1.680000
 617 1.780000
 618 1.700000
 619 1.670000
 620 1.640000
 621 1.640000
 622 1.610000
 623 1.570000
 624 1.700000
 625 1.630000
 626 1.650000
 627 1.700000
 628 1.620000
 629 1.630000
 630 1.630000
 631 1.580000
 632 1.600000
 633 1.630000
 634 1.580000
 635 1.530000
 636 1.530000
 637 1.580000
 638 1.590000
 639 1.620000
 640 1.550000
 641 1.580000
 642 1.560000
 643 1.530000
 644 1.550000
 645 1.590000
 646 1.590000
 647 1.600000
 648 1.650000
 649 1.600000
 650 1.630000
 651 1.730000
 652 1.590000
 653 1.580000
 654 1.530000
 655 1.510000
 656 1.500000
 657 1.500000
 658 1.500000
 659 1.480000
 660 1.480000
 661 1.450000
 662 1.460000
 663 1.460000
 664 1.460000
 665 1.460000
 666 1.460000
 667 1.430000
 668 1.430000
 669 1.430000
 670 1.430000
 671 1.410000
 672 1.430000
 673 1.450000
 674 1.430000
 675 1.430000
 676 1.430000
 677 1.430000
 678 1.430000
 679 1.450000
 680 1.430000
 681 1.420000
 682 1.430000
 683 1.450000
 684 1.430000
 685 1.430000
 686 1.430000
 687 1.460000
 688 1.430000
 689 1.460000
 690 1.430000
 691 1.460000
 692 1.480000
 693 1.450000
 694 1.480000
 695 1.450000
 696 1.440000
 697 1.500000
 698 1.460000
 699 1.450000
 700 1.460000
 701 1.390000
 702 1.380000
 703 1.350000
 704 1.400000
 705 1.370000
 706 1.330000
 707 1.380000
 708 1.360000
 709 1.370000
 710 1.380000
 711 1.390000
 712 1.390000
 713 1.390000
 714 1.360000
 715 1.330000
 716 1.420000
 717 1.390000
 718 1.360000
 719 1.400000
 720 1.300000
 721 1.450000
 722 1.300000
 723 1.300000
 724 1.420000
 725 1.400000
 726 1.400000
 727 1.390000
 728 1.350000
 729 1.430000
 730 1.430000
 731 1.400000
 732 1.430000
 733 1.410000
 734 1.400000
 735 1.400000
 736 1.430000
 737 1.430000
 738 1.360000
 739 1.320000
 740 1.330000
 741 1.330000
 742 1.340000
 743 1.370000
 744 1.330000
 745 1.430000
 746 1.430000
 747 1.400000
 748 1.400000
 749 1.430000
 750 1.400000
 751 1.380000
 752 1.370000
 753 1.370000
 754 1.360000
 755 1.380000
 756 1.380000
 757 1.410000
 758 1.430000
 759 1.300000
 760 1.390000
 0 3.050000
 1 3.050000
 2 3.030000
 3 3.100000
 4 7.830000
 5 3.020000
 6 3.060000
 7 3.000000
 8 7.830000
 9 3.100000
 10 3.080000
 11 3.020000
 12 3.000000
 13 3.100000
 14 3.020000
 15 3.100000
 16 3.080000
 17 3.000000
 18 3.080000
 19 3.110000
 20 3.110000
 21 3.110000
 22 3.070000
 23 3.060000
 24 3.100000
 25 3.110000
 26 3.080000
 27 2.980000
 28 3.110000
 29 3.080000
 30 3.000000
 31 3.120000
 32 3.090000
 33 2.980000
 34 3.080000
 35 3.130000
 36 3.030000
 37 3.100000
 38 3.100000
 39 3.020000
 40 3.020000
 41 3.100000
 42 3.010000
 43 3.430000
 44 3.030000
 45 3.030000
 46 4.070000
 47 3.170000
 48 3.170000
 49 3.050000
 50 3.020000
 51 3.110000
 52 3.160000
 53 3.180000
 54 3.140000
 55 3.140000
 56 3.180000
 57 3.250000
 58 3.230000
 59 3.180000
 60 3.230000
 61 3.180000
 62 3.190000
 63 3.230000
 64 3.250000
 65 3.190000
 66 3.190000
 67 3.240000
 68 3.280000
 69 3.230000
 70 3.220000
 71 3.220000
 72 3.160000
 73 3.230000
 74 3.080000
 75 3.160000
 76 3.160000
 77 3.050000
 78 3.180000
 79 3.190000
 80 3.160000
 81 3.160000
 82 3.240000
 83 3.210000
 84 3.230000
 85 3.230000
 86 3.180000
 87 3.150000
 88 3.130000
 89 3.210000
 90 3.250000
 91 3.260000
 92 3.180000
 93 3.290000
 94 3.260000
 95 3.260000
 96 3.200000
 97 3.200000
 98 3.200000
 99 3.290000
 100 3.200000
 101 3.200000
 102 3.340000
 103 3.230000
 104 3.250000
 105 3.250000
 106 3.230000
 107 3.350000
 108 3.310000
 109 3.280000
 110 3.340000
 111 3.330000
 112 3.300000
 113 3.320000
 114 3.430000
 115 3.400000
 116 3.420000
 117 3.400000
 118 3.420000
 119 3.420000
 120 3.410000
 121 3.370000
 122 3.390000
 123 3.390000
 124 3.410000
 125 3.350000
 126 3.350000
 127 3.350000
 128 3.350000
 129 3.440000
 130 3.510000
 131 3.520000
 132 3.500000
 133 3.480000
 134 3.490000
 135 3.420000
 136 3.450000
 137 3.450000
 138 3.450000
 139 3.480000
 140 3.530000
 141 3.480000
 142 3.600000
 143 3.500000
 144 3.580000
 145 3.580000
 146 3.590000
 147 3.630000
 148 3.660000
 149 3.640000
 150 3.600000
 151 3.600000
 152 3.600000
 153 3.620000
 154 3.650000
 155 3.680000
 156 3.700000
 157 3.830000
 158 3.730000
 159 3.700000
 160 3.750000
 161 3.750000
 162 3.880000
 163 3.750000
 164 3.800000
 165 3.930000
 166 3.900000
 167 3.850000
 168 3.850000
 169 2.190000
 170 2.180000
 171 2.170000
 172 2.170000
 173 2.130000
 174 2.150000
 175 2.120000
 176 2.100000
 177 2.100000
 178 2.100000
 179 2.130000
 180 2.100000
 181 2.090000
 182 2.120000
 183 2.100000
 184 2.090000
 185 2.080000
 186 2.090000
 187 2.100000
 188 2.090000
 189 2.090000
 190 2.090000
 191 2.100000
 192 2.100000
 193 2.090000
 194 2.120000
 195 2.190000
 196 2.210000
 197 2.260000
 198 4.470000
 199 4.480000
 200 4.500000
 201 4.450000
 202 4.490000
 203 4.490000
 204 4.490000
 205 4.320000
 206 4.310000
 207 4.260000
 208 4.170000
 209 4.050000
 210 4.080000
 211 4.080000
 212 4.000000
 213 4.140000
 214 4.080000
 215 3.970000
 216 3.980000
 217 3.950000
 218 3.950000
 219 3.980000
 220 4.090000
 221 4.070000
 222 4.070000
 223 4.070000
 224 4.060000
 225 3.950000
 226 3.510000
 227 3.210000
 228 3.180000
 229 2.660000
 230 2.640000
 231 2.640000
 232 2.280000
 233 2.100000
 234 2.080000
 235 2.080000
 236 2.090000
 237 2.080000
 238 2.090000
 239 2.080000
 240 2.080000
 241 2.110000
 242 3.930000
 243 3.950000
 244 2.260000
 245 2.260000
 246 2.220000
 247 2.870000
 248 3.850000
 249 3.890000
 250 3.730000
 251 3.340000
 252 3.250000
 253 3.230000
 254 3.230000
 255 3.240000
 256 3.260000
 257 3.100000
 258 2.810000
 259 2.730000
 260 2.700000
 261 2.680000
 262 2.690000
 263 2.690000
 264 2.690000
 265 2.690000
 266 2.720000
 267 3.630000
 268 3.640000
 269 2.280000
 270 2.180000
 271 2.160000
 272 2.130000
 273 2.130000
 274 2.160000
 275 2.130000
 276 2.160000
 277 2.160000
 278 2.130000
 279 2.180000
 280 3.340000
 281 3.310000
 282 3.350000
 283 3.480000
 284 3.600000
 285 3.540000
 286 3.570000
 287 3.530000
 288 2.850000
 289 2.820000
 290 2.810000
 291 2.810000
 292 2.780000
 293 2.790000
 294 2.790000
 295 2.810000
 296 3.350000
 297 3.350000
 298 3.380000
 299 3.330000
 300 3.410000
 301 3.350000
 302 3.470000
 303 3.430000
 304 2.340000
 305 2.310000
 306 2.290000
 307 2.280000
 308 2.260000
 309 2.260000
 310 2.280000
 311 2.280000
 312 2.300000
 313 2.260000
 314 2.300000
 315 3.380000
 316 3.350000
 317 3.350000
 318 3.380000
 319 3.200000
 320 3.250000
 321 3.350000
 322 3.200000
 323 3.300000
 324 3.290000
 325 3.290000
 326 3.300000
 327 3.150000
 328 3.170000
 329 3.150000
 330 3.240000
 331 3.150000
 332 3.180000
 333 3.150000
 334 3.400000
 335 3.150000
 336 3.130000
 337 3.230000
 338 3.280000
 339 3.250000
 340 3.230000
 341 3.250000
 342 3.230000
 343 3.230000
 344 3.230000
 345 3.250000
 346 3.230000
 347 3.230000
 348 3.260000
 349 3.260000
 350 3.250000
 351 3.250000
 352 3.210000
 353 3.150000
 354 3.150000
 355 3.140000
 356 3.210000
 357 3.120000
 358 3.250000
 359 3.280000
 360 3.280000
 361 3.210000
 362 3.250000
 363 3.130000
 364 3.270000
 365 3.280000
 366 3.310000
 367 3.280000
 368 3.280000
 369 3.250000
 370 3.280000
 371 3.260000
 372 3.280000
 373 3.260000
 374 3.260000
 375 3.260000
 376 3.260000
 377 3.280000
 378 3.260000
 379 3.260000
 380 3.260000
 381 3.290000
 382 3.300000
 383 3.280000
 384 3.280000
 385 3.280000
 386 3.280000
 387 3.250000
 388 3.290000
 389 3.290000
 390 3.290000
 391 3.290000
 392 3.320000
 393 3.290000
 394 3.290000
 395 3.290000
 396 3.290000
 397 3.320000
 398 3.290000
 399 3.290000
 400 3.320000
 401 3.310000
 402 3.200000
 403 3.200000
 404 3.430000
 405 3.200000
 406 3.360000
 407 3.450000
 408 3.450000
 409 3.370000
 410 3.340000
 411 3.340000
 412 3.320000
 413 3.270000
 414 3.240000
 415 3.280000
 416 3.380000
 417 3.360000
 418 3.360000
 419 3.330000
 420 3.360000
 421 3.360000
 422 3.380000
 423 3.360000
 424 3.360000
 425 3.410000
 426 3.380000
 427 3.380000
 428 3.380000
 429 3.410000
 430 3.380000
 431 2.140000
 432 2.100000
 433 2.070000
 434 2.070000
 435 2.030000
 436 2.000000
 437 2.030000
 438 2.020000
 439 1.980000
 440 1.920000
 441 1.800000
 442 1.780000
 443 1.780000
 444 1.770000
 445 1.700000
 446 1.680000
 447 1.670000
 448 1.700000
 449 1.750000
 450 1.730000
 451 1.720000
 452 1.720000
 453 1.730000
 454 1.710000
 455 1.730000
 456 1.610000
 457 1.580000
 458 1.580000
 459 1.560000
 460 1.550000
 461 1.530000
 462 1.510000
 463 1.430000
 464 1.390000
 465 1.370000
 466 1.370000
 467 1.340000
 468 1.340000
 469 1.340000
 470 1.320000
 471 1.320000
 472 1.300000
 473 1.270000
 474 1.250000
 475 1.280000
 476 1.280000
 477 1.260000
 478 1.240000
 479 1.230000
 480 1.230000
 481 1.220000
 482 1.250000
 483 1.270000
 484 1.240000
 485 1.260000
 486 1.260000
 487 1.260000
 488 1.260000
 489 1.260000
 490 1.280000
 491 1.280000
 492 1.270000
 493 1.320000
 494 2.150000
 495 2.200000
 496 2.210000
 497 2.150000
 498 2.170000
 499 2.140000
 500 2.110000
 501 2.020000
 502 1.990000
 503 1.990000
 504 1.990000
 505 1.990000
 506 1.980000
 507 2.020000
 508 2.020000
 509 1.980000
 510 1.990000
 511 1.980000
 512 1.960000
 513 1.930000
 514 1.960000
 515 1.950000
 516 1.840000
 517 1.820000
 518 1.820000
 519 1.820000
 520 1.830000
 521 1.790000
 522 1.810000
 523 1.830000
 524 1.830000
 525 1.820000
 526 1.810000
 527 1.810000
 528 1.780000
 529 1.810000
 530 1.790000
 531 1.780000
 532 1.800000
 533 1.780000
 534 1.750000
 535 1.640000
 536 1.630000
 537 1.630000
 538 1.650000
 539 1.620000
 540 1.660000
 541 1.640000
 542 1.610000
 543 1.660000
 544 1.660000
 545 1.660000
 546 1.630000
 547 1.600000
 548 1.610000
 549 1.590000
 550 1.620000
 551 1.620000
 552 1.600000
 553 1.580000
 554 1.620000
 555 1.630000
 556 1.630000
 557 1.690000
 558 1.780000
 559 1.830000
 560 1.860000
 561 2.010000
 562 2.030000
 563 2.010000
 564 2.010000
 565 2.010000
 566 1.980000
 567 2.000000
 568 2.000000
 569 1.980000
 570 1.960000
 571 1.980000
 572 1.930000
 573 2.030000
 574 1.950000
 575 2.010000
 576 1.910000
 577 1.980000
 578 1.960000
 579 1.980000
 580 1.960000
 581 1.930000
 582 1.930000
 583 1.910000
 584 1.900000
 585 1.850000
 586 1.910000
 587 1.840000
 588 1.880000
 589 1.850000
 590 1.850000
 591 1.880000
 592 1.770000
 593 1.850000
 594 1.790000
 595 1.830000
 596 1.750000
 597 1.830000
 598 1.770000
 599 1.840000
 600 1.820000
 601 1.740000
 602 1.780000
 603 1.810000
 604 1.760000
 605 1.700000
 606 1.730000
 607 1.690000
 608 1.720000
 609 1.690000
 610 1.750000
 611 1.700000
 612 1.780000
 613 1.750000
 614 1.640000
 615 1.630000
 616 1.680000
 617 1.780000
 618 1.730000
 619 1.670000
 620 1.640000
 621 1.610000
 622 1.610000
 623 1.570000
 624 1.700000
 625 1.650000
 626 1.630000
 627 1.700000
 628 1.620000
 629 1.630000
 630 1.630000
 631 1.580000
 632 1.610000
 633 1.600000
 634 1.580000
 635 1.500000
 636 1.530000
 637 1.570000
 638 1.590000
 639 1.640000
 640 1.550000
 641 1.580000
 642 1.580000
 643 1.530000
 644 1.550000
 645 1.590000
 646 1.580000
 647 1.600000
 648 1.680000
 649 1.600000
 650 1.630000
 651 1.750000
 652 1.590000
 653 1.580000
 654 1.550000
 655 1.510000
 656 1.530000
 657 1.500000
 658 1.480000
 659 1.480000
 660 1.460000
 661 1.480000
 662 1.460000
 663 1.460000
 664 1.460000
 665 1.430000
 666 1.430000
 667 1.460000
 668 1.430000
 669 1.460000
 670 1.430000
 671 1.410000
 672 1.450000
 673 1.450000
 674 1.430000
 675 1.430000
 676 1.430000
 677 1.430000
 678 1.430000
 679 1.450000
 680 1.430000
 681 1.420000
 682 1.430000
 683 1.450000
 684 1.430000
 685 1.430000
 686 1.430000
 687 1.460000
 688 1.430000
 689 1.460000
 690 1.430000
 691 1.460000
 692 1.480000
 693 1.430000
 694 1.480000
 695 1.480000
 696 1.450000
 697 1.480000
 698 1.440000
 699 1.450000
 700 1.460000
 701 1.400000
 702 1.360000
 703 1.350000
 704 1.410000
 705 1.370000
 706 1.430000
 707 1.410000
 708 1.360000
 709 1.380000
 710 1.380000
 711 1.390000
 712 1.400000
 713 1.410000
 714 1.360000
 715 1.360000
 716 1.420000
 717 1.390000
 718 1.360000
 719 1.400000
 720 1.300000
 721 1.300000
 722 1.300000
 723 1.300000
 724 1.420000
 725 1.400000
 726 1.390000
 727 1.390000
 728 1.380000
 729 1.430000
 730 1.430000
 731 1.380000
 732 1.430000
 733 1.430000
 734 1.400000
 735 1.400000
 736 1.430000
 737 1.430000
 738 1.360000
 739 1.330000
 740 1.330000
 741 1.330000
 742 1.350000
 743 1.340000
 744 1.330000
 745 1.430000
 746 1.430000
 747 1.380000
 748 1.400000
 749 1.430000
 750 1.400000
 751 1.400000
 752 1.380000
 753 1.370000
 754 1.390000
 755 1.380000
 756 1.360000
 757 1.410000
 758 1.460000
 759 1.460000
 760 1.390000
 0 3.080000
 1 3.020000
 2 3.030000
 3 3.100000
 4 7.850000
 5 3.050000
 6 3.070000
 7 2.980000
 8 7.830000
 9 3.100000
 10 3.050000
 11 3.020000
 12 3.040000
 13 3.100000
 14 3.020000
 15 3.080000
 16 3.080000
 17 3.030000
 18 3.100000
 19 3.090000
 20 3.110000
 21 3.110000
 22 3.040000
 23 3.060000
 24 3.100000
 25 3.110000
 26 3.100000
 27 3.000000
 28 3.100000
 29 3.080000
 30 2.980000
 31 3.110000
 32 3.090000
 33 2.980000
 34 3.080000
 35 3.130000
 36 3.030000
 37 3.100000
 38 3.090000
 39 3.020000
 40 3.020000
 41 3.100000
 42 3.020000
 43 3.430000
 44 3.000000
 45 3.030000
 46 4.070000
 47 3.140000
 48 3.030000
 49 3.050000
 50 3.080000
 51 3.140000
 52 3.160000
 53 3.180000
 54 3.140000
 55 3.140000
 56 3.180000
 57 3.250000
 58 3.200000
 59 3.180000
 60 3.230000
 61 3.190000
 62 3.170000
 63 3.230000
 64 3.250000
 65 3.190000
 66 3.190000
 67 3.220000
 68 3.280000
 69 3.250000
 70 3.220000
 71 3.220000
 72 3.160000
 73 3.250000
 74 3.080000
 75 3.160000
 76 3.160000
 77 3.050000
 78 3.180000
 79 3.190000
 80 3.130000
 81 3.180000
 82 3.220000
 83 3.180000
 84 3.230000
 85 3.250000
 86 3.210000
 87 3.160000
 88 3.150000
 89 3.230000
 90 3.250000
 91 3.290000
 92 3.150000
 93 3.290000
 94 3.260000
 95 3.250000
 96 3.180000
 97 3.200000
 98 3.220000
 99 3.290000
 100 3.230000
 101 3.230000
 102 3.230000
 103 3.220000
 104 3.230000
 105 3.250000
 106 3.250000
 107 3.310000
 108 3.340000
 109 3.280000
 110 3.340000
 111 3.330000
 112 3.300000
 113 3.330000
 114 3.430000
 115 3.430000
 116 3.390000
 117 3.400000
 118 3.440000
 119 3.440000
 120 3.430000
 121 3.370000
 122 3.390000
 123 3.400000
 124 3.430000
 125 3.350000
 126 3.380000
 127 3.380000
 128 3.380000
 129 3.460000
 130 3.510000
 131 3.520000
 132 3.500000
 133 3.480000
 134 3.490000
 135 3.420000
 136 3.450000
 137 3.450000
 138 3.560000
 139 3.480000
 140 3.500000
 141 3.500000
 142 3.590000
 143 3.500000
 144 3.580000
 145 3.600000
 146 3.570000
 147 3.610000
 148 3.660000
 149 3.650000
 150 3.600000
 151 3.600000
 152 3.630000
 153 3.680000
 154 3.700000
 155 3.700000
 156 3.700000
 157 3.830000
 158 3.730000
 159 3.720000
 160 3.730000
 161 3.780000
 162 3.880000
 163 3.780000
 164 3.800000
 165 3.800000
 166 3.930000
 167 3.850000
 168 3.850000
 169 2.190000
 170 2.180000
 171 2.190000
 172 2.170000
 173 2.150000
 174 2.150000
 175 2.150000
 176 2.150000
 177 2.100000
 178 2.100000
 179 2.100000
 180 2.100000
 181 2.120000
 182 2.120000
 183 2.090000
 184 2.090000
 185 2.080000
 186 2.080000
 187 2.100000
 188 2.110000
 189 2.090000
 190 2.100000
 191 2.100000
 192 2.100000
 193 2.080000
 194 2.120000
 195 2.190000
 196 2.210000
 197 2.260000
 198 4.470000
 199 4.490000
 200 4.470000
 201 4.450000
 202 4.490000
 203 4.490000
 204 4.470000
 205 4.300000
 206 4.280000
 207 4.260000
 208 4.150000
 209 4.050000
 210 4.080000
 211 4.080000
 212 4.000000
 213 4.140000
 214 4.090000
 215 3.970000
 216 4.000000
 217 3.970000
 218 3.950000
 219 3.980000
 220 4.070000
 221 4.070000
 222 4.070000
 223 4.070000
 224 4.040000
 225 3.930000
 226 3.540000
 227 3.210000
 228 3.210000
 229 2.660000
 230 2.620000
 231 2.640000
 232 2.280000
 233 2.100000
 234 2.110000
 235 2.090000
 236 2.070000
 237 2.060000
 238 2.080000
 239 2.080000
 240 2.080000
 241 2.120000
 242 3.930000
 243 3.920000
 244 2.240000
 245 2.240000
 246 2.220000
 247 2.870000
 248 3.850000
 249 3.890000
 250 3.730000
 251 3.340000
 252 3.240000
 253 3.260000
 254 3.230000
 255 3.270000
 256 3.230000
 257 3.110000
 258 2.780000
 259 2.730000
 260 2.680000
 261 2.680000
 262 2.690000
 263 2.690000
 264 2.690000
 265 2.720000
 266 2.720000
 267 3.610000
 268 3.670000
 269 2.270000
 270 2.200000
 271 2.130000
 272 2.130000
 273 2.130000
 274 2.160000
 275 2.160000
 276 2.160000
 277 2.160000
 278 2.160000
 279 2.160000
 280 3.320000
 281 3.340000
 282 3.330000
 283 3.480000
 284 3.580000
 285 3.580000
 286 3.570000
 287 3.530000
 288 2.850000
 289 2.820000
 290 2.780000
 291 2.780000
 292 2.790000
 293 2.790000
 294 2.820000
 295 2.810000
 296 3.360000
 297 3.330000
 298 3.340000
 299 3.330000
 300 3.410000
 301 3.320000
 302 3.470000
 303 3.440000
 304 2.340000
 305 2.310000
 306 2.290000
 307 2.250000
 308 2.260000
 309 2.260000
 310 2.280000
 311 2.280000
 312 2.300000
 313 2.280000
 314 2.300000
 315 3.350000
 316 3.350000
 317 3.380000
 318 3.350000
 319 3.250000
 320 3.230000
 321 3.350000
 322 3.220000
 323 3.300000
 324 3.300000
 325 3.280000
 326 3.300000
 327 3.180000
 328 3.170000
 329 3.150000
 330 3.260000
 331 3.180000
 332 3.180000
 333 3.150000
 334 3.630000
 335 3.120000
 336 3.130000
 337 3.230000
 338 3.250000
 339 3.250000
 340 3.250000
 341 3.250000
 342 3.230000
 343 3.230000
 344 3.230000
 345 3.250000
 346 3.250000
 347 3.230000
 348 3.260000
 349 3.260000
 350 3.250000
 351 3.280000
 352 3.270000
 353 3.120000
 354 3.150000
 355 3.140000
 356 3.210000
 357 3.180000
 358 3.250000
 359 3.260000
 360 3.280000
 361 3.220000
 362 3.280000
 363 3.150000
 364 3.290000
 365 3.280000
 366 3.280000
 367 3.280000
 368 3.260000
 369 3.280000
 370 3.260000
 371 3.280000
 372 3.280000
 373 3.260000
 374 3.260000
 375 3.260000
 376 3.230000
 377 3.260000
 378 3.280000
 379 3.280000
 380 3.290000
 381 3.290000
 382 3.300000
 383 3.310000
 384 3.280000
 385 3.280000
 386 3.310000
 387 3.280000
 388 3.270000
 389 3.320000
 390 3.270000
 391 3.270000
 392 3.290000
 393 3.290000
 394 3.320000
 395 3.290000
 396 3.320000
 397 3.290000
 398 3.290000
 399 3.290000
 400 3.320000
 401 3.310000
 402 3.200000
 403 3.200000
 404 3.430000
 405 3.230000
 406 3.360000
 407 3.450000
 408 3.430000
 409 3.340000
 410 3.340000
 411 3.340000
 412 3.340000
 413 3.290000
 414 3.220000
 415 3.280000
 416 3.360000
 417 3.360000
 418 3.360000
 419 3.360000
 420 3.360000
 421 3.360000
 422 3.380000
 423 3.360000
 424 3.380000
 425 3.410000
 426 3.410000
 427 3.380000
 428 3.410000
 429 3.380000
 430 3.380000
 431 2.140000
 432 2.090000
 433 2.070000
 434 2.030000
 435 2.030000
 436 2.030000
 437 2.030000
 438 2.010000
 439 2.010000
 440 1.880000
 441 1.830000
 442 1.780000
 443 1.750000
 444 1.750000
 445 1.700000
 446 1.680000
 447 1.690000
 448 1.700000
 449 1.780000
 450 1.740000
 451 1.720000
 452 1.740000
 453 1.710000
 454 1.710000
 455 1.700000
 456 1.610000
 457 1.610000
 458 1.580000
 459 1.580000
 460 1.550000
 461 1.530000
 462 1.510000
 463 1.430000
 464 1.390000
 465 1.370000
 466 1.370000
 467 1.370000
 468 1.340000
 469 1.340000
 470 1.310000
 471 1.320000
 472 1.300000
 473 1.280000
 474 1.280000
 475 1.280000
 476 1.260000
 477 1.260000
 478 1.240000
 479 1.240000
 480 1.230000
 481 1.230000
 482 1.240000
 483 1.240000
 484 1.240000
 485 1.260000
 486 1.260000
 487 1.270000
 488 1.260000
 489 1.260000
 490 1.260000
 491 1.280000
 492 1.290000
 493 1.320000
 494 2.200000
 495 2.190000
 496 2.180000
 497 2.170000
 498 2.150000
 499 2.160000
 500 2.150000
 501 2.020000
 502 1.990000
 503 1.990000
 504 2.010000
 505 1.990000
 506 1.980000
 507 2.020000
 508 2.020000
 509 1.980000
 510 1.990000
 511 1.980000
 512 1.990000
 513 1.950000
 514 1.970000
 515 1.950000
 516 1.840000
 517 1.800000
 518 1.800000
 519 1.790000
 520 1.800000
 521 1.820000
 522 1.810000
 523 1.830000
 524 1.820000
 525 1.830000
 526 1.810000
 527 1.810000
 528 1.810000
 529 1.810000
 530 1.790000
 531 1.790000
 532 1.770000
 533 1.780000
 534 1.750000
 535 1.640000
 536 1.650000
 537 1.630000
 538 1.630000
 539 1.650000
 540 1.620000
 541 1.640000
 542 1.640000
 543 1.640000
 544 1.660000
 545 1.630000
 546 1.630000
 547 1.600000
 548 1.610000
 549 1.590000
 550 1.590000
 551 1.620000
 552 1.610000
 553 1.600000
 554 1.610000
 555 1.630000
 556 1.630000
 557 1.690000
 558 1.780000
 559 1.800000
 560 1.860000
 561 2.010000
 562 2.020000
 563 1.980000
 564 2.010000
 565 2.010000
 566 1.980000
 567 1.980000
 568 2.000000
 569 1.980000
 570 1.960000
 571 1.980000
 572 1.950000
 573 2.000000
 574 1.950000
 575 2.010000
 576 1.910000
 577 1.980000
 578 1.960000
 579 1.980000
 580 1.930000
 581 1.910000
 582 1.930000
 583 1.910000
 584 1.900000
 585 1.850000
 586 1.910000
 587 1.840000
 588 1.880000
 589 1.850000
 590 1.830000
 591 1.850000
 592 1.790000
 593 1.850000
 594 1.790000
 595 1.830000
 596 1.750000
 597 1.850000
 598 1.740000
 599 1.840000
 600 1.790000
 601 1.780000
 602 1.750000
 603 1.810000
 604 1.780000
 605 1.730000
 606 1.730000
 607 1.690000
 608 1.690000
 609 1.690000
 610 1.730000
 611 1.680000
 612 1.750000
 613 1.750000
 614 1.680000
 615 1.630000
 616 1.680000
 617 1.780000
 618 1.700000
 619 1.650000
 620 1.640000
 621 1.610000
 622 1.610000
 623 1.580000
 624 1.670000
 625 1.630000
 626 1.650000
 627 1.700000
 628 1.590000
 629 1.630000
 630 1.630000
 631 1.550000
 632 1.610000
 633 1.640000
 634 1.550000
 635 1.530000
 636 1.510000
 637 1.570000
 638 1.620000
 639 1.620000
 640 1.550000
 641 1.550000
 642 1.560000
 643 1.550000
 644 1.550000
 645 1.620000
 646 1.580000
 647 1.600000
 648 1.650000
 649 1.600000
 650 1.650000
 651 1.700000
 652 1.590000
 653 1.580000
 654 1.530000
 655 1.490000
 656 1.500000
 657 1.500000
 658 1.500000
 659 1.480000
 660 1.480000
 661 1.480000
 662 1.460000
 663 1.430000
 664 1.460000
 665 1.460000
 666 1.430000
 667 1.460000
 668 1.460000
 669 1.430000
 670 1.430000
 671 1.430000
 672 1.450000
 673 1.430000
 674 1.430000
 675 1.450000
 676 1.410000
 677 1.430000
 678 1.430000
 679 1.430000
 680 1.430000
 681 1.440000
 682 1.430000
 683 1.420000
 684 1.450000
 685 1.460000
 686 1.430000
 687 1.460000
 688 1.430000
 689 1.460000
 690 1.430000
 691 1.460000
 692 1.450000
 693 1.450000
 694 1.480000
 695 1.480000
 696 1.450000
 697 1.500000
 698 1.460000
 699 1.450000
 700 1.460000
 701 1.390000
 702 1.360000
 703 1.320000
 704 1.400000
 705 1.410000
 706 1.430000
 707 1.380000
 708 1.380000
 709 1.400000
 710 1.410000
 711 1.380000
 712 1.400000
 713 1.410000
 714 1.360000
 715 1.340000
 716 1.420000
 717 1.380000
 718 1.360000
 719 1.400000
 720 1.300000
 721 1.450000
 722 1.300000
 723 1.300000
 724 1.390000
 725 1.400000
 726 1.400000
 727 1.390000
 728 1.380000
 729 1.400000
 730 1.430000
 731 1.400000
 732 1.430000
 733 1.430000
 734 1.430000
 735 1.400000
 736 1.430000
 737 1.430000
 738 1.360000
 739 1.350000
 740 1.360000
 741 1.350000
 742 1.340000
 743 1.380000
 744 1.350000
 745 1.450000
 746 1.460000
 747 1.400000
 748 1.400000
 749 1.460000
 750 1.430000
 751 1.400000
 752 1.370000
 753 1.390000
 754 1.360000
 755 1.360000
 756 1.390000
 757 1.410000
 758 1.430000
 759 1.460000
 760 1.390000
 0 3.080000
 1 3.050000
 2 3.050000
 3 3.100000
 4 7.830000
 5 3.000000
 6 3.110000
 7 3.010000
 8 7.850000
 9 3.100000
 10 3.050000
 11 3.040000
 12 3.000000
 13 3.100000
 14 3.050000
 15 3.080000
 16 3.100000
 17 3.000000
 18 3.100000
 19 3.110000
 20 3.090000
 21 3.110000
 22 3.040000
 23 3.060000
 24 3.100000
 25 3.140000
 26 3.100000
 27 3.000000
 28 3.110000
 29 3.070000
 30 3.000000
 31 3.120000
 32 3.060000
 33 3.000000
 34 3.080000
 35 3.130000
 36 3.030000
 37 3.100000
 38 3.110000
 39 3.000000
 40 3.000000
 41 3.100000
 42 3.020000
 43 3.450000
 44 3.000000
 45 3.050000
 46 4.040000
 47 3.120000
 48 3.170000
 49 3.050000
 50 3.080000
 51 3.110000
 52 3.160000
 53 3.180000
 54 3.140000
 55 3.140000
 56 3.180000
 57 3.280000
 58 3.190000
 59 3.200000
 60 3.200000
 61 3.200000
 62 3.170000
 63 3.230000
 64 3.230000
 65 3.220000
 66 3.190000
 67 3.220000
 68 3.280000
 69 3.230000
 70 3.220000
 71 3.190000
 72 3.180000
 73 3.230000
 74 3.080000
 75 3.160000
 76 3.160000
 77 3.080000
 78 3.180000
 79 3.160000
 80 3.160000
 81 3.180000
 82 3.230000
 83 3.180000
 84 3.230000
 85 3.250000
 86 3.200000
 87 3.130000
 88 3.150000
 89 3.220000
 90 3.280000
 91 3.290000
 92 3.180000
 93 3.290000
 94 3.260000
 95 3.240000
 96 3.180000
 97 3.200000
 98 3.200000
 99 3.290000
 100 3.230000
 101 3.230000
 102 3.230000
 103 3.250000
 104 3.230000
 105 3.250000
 106 3.250000
 107 3.340000
 108 3.340000
 109 3.280000
 110 3.350000
 111 3.330000
 112 3.330000
 113 3.370000
 114 3.450000
 115 3.430000
 116 3.420000
 117 3.370000
 118 3.440000
 119 3.440000
 120 3.430000
 121 3.370000
 122 3.390000
 123 3.360000
 124 3.420000
 125 3.350000
 126 3.350000
 127 3.380000
 128 3.380000
 129 3.460000
 130 3.510000
 131 3.540000
 132 3.530000
 133 3.490000
 134 3.490000
 135 3.420000
 136 3.450000
 137 3.450000
 138 3.580000
 139 3.450000
 140 3.480000
 141 3.500000
 142 3.590000
 143 3.530000
 144 3.580000
 145 3.580000
 146 3.590000
 147 3.610000
 148 3.690000
 149 3.660000
 150 3.600000
 151 3.600000
 152 3.650000
 153 3.650000
 154 3.700000
 155 3.680000
 156 3.700000
 157 3.800000
 158 3.700000
 159 3.720000
 160 3.750000
 161 3.780000
 162 3.850000
 163 3.750000
 164 3.780000
 165 3.930000
 166 3.930000
 167 3.850000
 168 3.850000
 169 2.220000
 170 2.180000
 171 2.190000
 172 2.170000
 173 2.130000
 174 2.130000
 175 2.120000
 176 2.100000
 177 2.130000
 178 2.100000
 179 2.100000
 180 2.100000
 181 2.080000
 182 2.090000
 183 2.100000
 184 2.080000
 185 2.080000
 186 2.070000
 187 2.100000
 188 2.090000
 189 2.110000
 190 2.100000
 191 2.100000
 192 2.100000
 193 2.120000
 194 2.140000
 195 2.160000
 196 2.210000
 197 2.260000
 198 4.490000
 199 4.480000
 200 4.500000
 201 4.470000
 202 4.500000
 203 4.490000
 204 4.470000
 205 4.290000
 206 4.280000
 207 4.240000
 208 4.160000
 209 4.080000
 210 4.090000
 211 4.070000
 212 4.000000
 213 4.110000
 214 4.080000
 215 3.970000
 216 4.000000
 217 3.950000
 218 3.980000
 219 3.950000
 220 4.090000
 221 4.070000
 222 4.090000
 223 4.090000
 224 4.060000
 225 3.950000
 226 3.270000
 227 3.210000
 228 3.190000
 229 2.680000
 230 2.640000
 231 2.640000
 232 2.320000
 233 2.100000
 234 2.060000
 235 2.060000
 236 2.090000
 237 2.080000
 238 2.110000
 239 2.080000
 240 2.080000
 241 2.110000
 242 3.930000
 243 3.920000
 244 2.260000
 245 2.260000
 246 2.240000
 247 2.930000
 248 3.850000
 249 3.870000
 250 3.730000
 251 3.320000
 252 3.240000
 253 3.230000
 254 3.230000
 255 3.240000
 256 3.270000
 257 3.130000
 258 2.780000
 259 2.730000
 260 2.680000
 261 2.680000
 262 2.690000
 263 2.690000
 264 2.690000
 265 2.690000
 266 2.690000
 267 3.630000
 268 3.670000
 269 2.270000
 270 2.180000
 271 2.160000
 272 2.130000
 273 2.130000
 274 2.130000
 275 2.130000
 276 2.130000
 277 2.160000
 278 2.160000
 279 2.160000
 280 3.330000
 281 3.330000
 282 3.330000
 283 3.450000
 284 3.580000
 285 3.580000
 286 3.580000
 287 3.530000
 288 2.850000
 289 2.820000
 290 2.780000
 291 2.780000
 292 2.780000
 293 2.780000
 294 2.790000
 295 2.810000
 296 3.380000
 297 3.350000
 298 3.360000
 299 3.350000
 300 3.380000
 301 3.350000
 302 3.470000
 303 3.410000
 304 2.340000
 305 2.310000
 306 2.260000
 307 2.250000
 308 2.260000
 309 2.260000
 310 2.260000
 311 2.280000
 312 2.280000
 313 2.260000
 314 2.280000
 315 3.380000
 316 3.380000
 317 3.350000
 318 3.350000
 319 3.220000
 320 3.250000
 321 3.330000
 322 3.220000
 323 3.300000
 324 3.290000
 325 3.280000
 326 3.330000
 327 3.180000
 328 3.170000
 329 3.180000
 330 3.240000
 331 3.180000
 332 3.180000
 333 3.180000
 334 3.950000
 335 3.150000
 336 3.100000
 337 3.200000
 338 3.250000
 339 3.250000
 340 3.230000
 341 3.250000
 342 3.250000
 343 3.230000
 344 3.230000
 345 3.280000
 346 3.250000
 347 3.230000
 348 3.260000
 349 3.260000
 350 3.230000
 351 3.280000
 352 3.270000
 353 3.150000
 354 3.180000
 355 3.170000
 356 3.270000
 357 3.120000
 358 3.250000
 359 3.280000
 360 3.260000
 361 3.220000
 362 3.250000
 363 3.130000
 364 3.290000
 365 3.280000
 366 3.310000
 367 3.280000
 368 3.260000
 369 3.250000
 370 3.280000
 371 3.280000
 372 3.260000
 373 3.260000
 374 3.260000
 375 3.260000
 376 3.260000
 377 3.260000
 378 3.260000
 379 3.260000
 380 3.280000
 381 3.290000
 382 3.300000
 383 3.280000
 384 3.260000
 385 3.310000
 386 3.280000
 387 3.280000
 388 3.260000
 389 3.290000
 390 3.280000
 391 3.290000
 392 3.290000
 393 3.320000
 394 3.290000
 395 3.290000
 396 3.320000
 397 3.320000
 398 3.290000
 399 3.290000
 400 3.320000
 401 3.310000
 402 3.180000
 403 3.200000
 404 3.430000
 405 3.200000
 406 3.340000
 407 3.450000
 408 3.450000
 409 3.350000
 410 3.340000
 411 3.340000
 412 3.320000
 413 3.270000
 414 3.220000
 415 3.280000
 416 3.380000
 417 3.380000
 418 3.360000
 419 3.360000
 420 3.360000
 421 3.360000
 422 3.380000
 423 3.360000
 424 3.380000
 425 3.380000
 426 3.410000
 427 3.380000
 428 3.380000
 429 3.410000
 430 3.410000
 431 2.140000
 432 2.070000
 433 2.070000
 434 2.060000
 435 2.030000
 436 2.030000
 437 2.030000
 438 2.020000
 439 2.010000
 440 1.880000
 441 1.800000
 442 1.780000
 443 1.780000
 444 1.750000
 445 1.700000
 446 1.700000
 447 1.690000
 448 1.680000
 449 1.780000
 450 1.730000
 451 1.720000
 452 1.710000
 453 1.730000
 454 1.710000
 455 1.700000
 456 1.610000
 457 1.600000
 458 1.600000
 459 1.580000
 460 1.550000
 461 1.530000
 462 1.510000
 463 1.400000
 464 1.420000
 465 1.370000
 466 1.370000
 467 1.340000
 468 1.340000
 469 1.340000
 470 1.320000
 471 1.290000
 472 1.300000
 473 1.280000
 474 1.280000
 475 1.250000
 476 1.280000
 477 1.260000
 478 1.270000
 479 1.240000
 480 1.230000
 481 1.250000
 482 1.240000
 483 1.240000
 484 1.230000
 485 1.250000
 486 1.260000
 487 1.260000
 488 1.260000
 489 1.260000
 490 1.280000
 491 1.280000
 492 1.270000
 493 1.320000
 494 2.190000
 495 2.190000
 496 2.170000
 497 2.150000
 498 2.150000
 499 2.160000
 500 2.140000
 501 2.040000
 502 1.990000
 503 1.990000
 504 1.980000
 505 1.990000
 506 1.980000
 507 1.990000
 508 2.020000
 509 2.010000
 510 1.990000
 511 1.960000
 512 1.960000
 513 1.980000
 514 1.960000
 515 1.950000
 516 1.840000
 517 1.820000
 518 1.800000
 519 1.790000
 520 1.810000
 521 1.820000
 522 1.780000
 523 1.830000
 524 1.850000
 525 1.830000
 526 1.800000
 527 1.810000
 528 1.780000
 529 1.810000
 530 1.810000
 531 1.780000
 532 1.780000
 533 1.760000
 534 1.770000
 535 1.640000
 536 1.630000
 537 1.630000
 538 1.630000
 539 1.650000
 540 1.620000
 541 1.620000
 542 1.640000
 543 1.660000
 544 1.680000
 545 1.640000
 546 1.630000
 547 1.590000
 548 1.580000
 549 1.580000
 550 1.590000
 551 1.620000
 552 1.610000
 553 1.600000
 554 1.610000
 555 1.610000
 556 1.630000
 557 1.690000
 558 1.780000
 559 1.830000
 560 1.860000
 561 2.030000
 562 2.020000
 563 2.010000
 564 1.980000
 565 2.010000
 566 1.980000
 567 1.990000
 568 1.980000
 569 1.980000
 570 1.960000
 571 1.980000
 572 1.950000
 573 2.030000
 574 1.950000
 575 2.010000
 576 1.910000
 577 1.980000
 578 1.960000
 579 1.980000
 580 1.960000
 581 1.910000
 582 1.960000
 583 1.910000
 584 1.900000
 585 1.850000
 586 1.940000
 587 1.840000
 588 1.850000
 589 1.850000
 590 1.850000
 591 1.850000
 592 1.790000
 593 1.850000
 594 1.780000
 595 1.850000
 596 1.780000
 597 1.830000
 598 1.770000
 599 1.820000
 600 1.790000
 601 1.770000
 602 1.780000
 603 1.810000
 604 1.760000
 605 1.730000
 606 1.730000
 607 1.690000
 608 1.720000
 609 1.690000
 610 1.730000
 611 1.700000
 612 1.780000
 613 1.730000
 614 1.650000
 615 1.630000
 616 1.650000
 617 1.780000
 618 1.730000
 619 1.640000
 620 1.670000
 621 1.610000
 622 1.610000
 623 1.570000
 624 1.690000
 625 1.630000
 626 1.630000
 627 1.700000
 628 1.620000
 629 1.630000
 630 1.630000
 631 1.580000
 632 1.600000
 633 1.640000
 634 1.580000
 635 1.530000
 636 1.540000
 637 1.570000
 638 1.590000
 639 1.620000
 640 1.550000
 641 1.580000
 642 1.580000
 643 1.530000
 644 1.550000
 645 1.620000
 646 1.600000
 647 1.600000
 648 1.650000
 649 1.600000
 650 1.630000
 651 1.700000
 652 1.570000
 653 1.580000
 654 1.550000
 655 1.490000
 656 1.530000
 657 1.500000
 658 1.480000
 659 1.480000
 660 1.480000
 661 1.480000
 662 1.460000
 663 1.460000
 664 1.460000
 665 1.460000
 666 1.430000
 667 1.430000
 668 1.460000
 669 1.430000
 670 1.430000
 671 1.430000
 672 1.430000
 673 1.430000
 674 1.430000
 675 1.450000
 676 1.410000
 677 1.410000
 678 1.430000
 679 1.450000
 680 1.430000
 681 1.420000
 682 1.430000
 683 1.450000
 684 1.430000
 685 1.430000
 686 1.430000
 687 1.460000
 688 1.430000
 689 1.430000
 690 1.460000
 691 1.460000
 692 1.450000
 693 1.450000
 694 1.480000
 695 1.480000
 696 1.450000
 697 1.500000
 698 1.460000
 699 1.420000
 700 1.460000
 701 1.390000
 702 1.350000
 703 1.350000
 704 1.410000
 705 1.390000
 706 1.410000
 707 1.380000
 708 1.360000
 709 1.380000
 710 1.380000
 711 1.360000
 712 1.400000
 713 1.410000
 714 1.330000
 715 1.360000
 716 1.420000
 717 1.410000
 718 1.360000
 719 1.400000
 720 1.450000
 721 1.480000
 722 1.300000
 723 1.450000
 724 1.390000
 725 1.380000
 726 1.420000
 727 1.390000
 728 1.380000
 729 1.430000
 730 1.430000
 731 1.400000
 732 1.400000
 733 1.430000
 734 1.400000
 735 1.400000
 736 1.430000
 737 1.400000
 738 1.360000
 739 1.350000
 740 1.360000
 741 1.330000
 742 1.380000
 743 1.370000
 744 1.330000
 745 1.430000
 746 1.430000
 747 1.400000
 748 1.400000
 749 1.460000
 750 1.430000
 751 1.380000
 752 1.360000
 753 1.370000
 754 1.390000
 755 1.360000
 756 1.390000
 757 1.400000
 758 1.430000
 759 1.300000
 760 1.420000