
 0 2.890000
 1 2.880000
 2 2.880000
 3 2.870000
 4 2.900000
 5 2.870000
 6 2.850000
 7 2.860000
 8 2.840000
 9 2.860000
 10 2.870000
 11 2.850000
 12 2.850000
 13 2.810000
 14 2.830000
 15 2.830000
 16 2.830000
 17 2.820000
 18 2.840000
 19 3.310000
 20 2.740000
 21 2.750000
 22 2.750000
 23 2.720000
 24 2.740000
 25 2.730000
 26 2.730000
 27 2.760000
 28 2.760000
 29 2.760000
 30 2.730000
 31 2.710000
 32 2.700000
 33 2.700000
 34 2.700000
 35 2.710000
 36 2.820000
 37 3.260000
 38 3.260000
 39 3.170000
 40 2.710000
 41 2.690000
 42 2.680000
 43 2.710000
 44 2.690000
 45 2.700000
 46 2.730000
 47 2.700000
 48 2.700000
 49 2.690000
 50 2.660000
 51 2.690000
 52 2.660000
 53 2.690000
 54 2.710000
 55 3.170000
 56 3.180000
 57 2.650000
 58 2.630000
 59 2.600000
 60 2.600000
 61 2.610000
 62 2.610000
 63 2.630000
 64 2.630000
 65 2.630000
 66 2.630000
 67 2.630000
 68 2.610000
 69 2.590000
 70 2.570000
 71 2.580000
 72 2.600000
 73 2.590000
 74 2.610000
 75 2.600000
 76 2.610000
 77 2.810000
 78 3.180000
 79 3.150000
 80 3.160000
 81 3.160000
 82 3.190000
 83 3.140000
 84 3.270000
 85 3.270000
 86 3.290000
 87 3.310000
 88 3.280000
 89 3.330000
 90 3.350000
 91 3.350000
 92 3.390000
 93 3.460000
 94 3.570000
 95 3.580000
 96 3.500000
 97 3.510000
 98 3.570000
 99 3.580000
 100 3.610000
 101 3.610000
 102 3.610000
 103 3.590000
 104 3.590000
 105 3.560000
 106 3.540000
 107 3.590000
 108 3.560000
 109 3.590000
 110 3.560000
 111 3.590000
 112 3.700000
 113 3.670000
 114 3.600000
 115 3.600000
 116 3.540000
 117 3.560000
 118 3.600000
 119 3.540000
 120 3.510000
 121 3.510000
 122 3.410000
 123 3.360000
 124 3.490000
 125 3.510000
 126 3.360000
 127 3.400000
 128 3.410000
 129 3.380000
 130 3.460000
 131 3.410000
 132 3.380000
 133 3.490000
 134 3.470000
 135 3.440000
 136 3.490000
 137 3.430000
 138 3.430000
 139 3.490000
 140 3.490000
 141 3.510000
 142 3.430000
 143 3.410000
 144 3.510000
 145 3.500000
 146 3.400000
 147 3.380000
 148 3.500000
 149 3.450000
 150 3.430000
 151 3.380000
 152 4.710000
 153 4.710000
 154 4.730000
 155 4.730000
 156 4.730000
 157 4.730000
 158 4.710000
 159 4.720000
 160 4.710000
 161 4.080000
 162 4.070000
 163 4.730000
 164 4.750000
 165 4.730000
 166 4.760000
 167 4.750000
 168 4.750000
 169 4.760000
 170 4.760000
 171 4.760000
 172 4.760000
 173 4.760000
 174 4.760000
 175 4.780000
 176 4.780000
 177 4.780000
 178 4.780000
 179 4.810000
 180 4.780000
 181 4.780000
 182 4.810000
 183 4.670000
 184 4.800000
 185 4.800000
 186 4.250000
 187 4.220000
 188 4.800000
 189 4.800000
 190 4.820000
 191 4.680000
 192 4.570000
 193 4.560000
 194 4.580000
 195 4.820000
 196 4.850000
 197 4.870000
 198 4.870000
 199 4.880000
 200 3.570000
 201 3.510000
 202 3.470000
 203 3.470000
 204 3.470000
 205 3.910000
 206 4.900000
 207 4.920000
 208 4.920000
 209 4.940000
 210 2.270000
 211 2.240000
 212 2.210000
 213 2.210000
 214 2.210000
 215 2.210000
 216 2.210000
 217 2.210000
 218 2.210000
 219 2.240000
 220 2.240000
 221 2.320000
 222 4.440000
 223 4.410000
 224 4.410000
 225 4.400000
 226 4.420000
 227 4.390000
 228 4.430000
 229 4.430000
 230 4.430000
 231 4.440000
 232 5.120000
 233 5.150000
 234 3.840000
 235 3.720000
 236 3.710000
 237 2.120000
 238 1.980000
 239 1.980000
 240 1.960000
 241 1.960000
 242 1.960000
 243 1.960000
 244 1.960000
 245 1.960000
 246 1.980000
 247 1.980000
 248 2.010000
 249 2.030000
 250 2.610000
 251 2.610000
 252 2.610000
 253 2.640000
 254 2.640000
 255 2.660000
 256 3.150000
 257 3.150000
 258 3.180000
 259 3.750000
 260 3.810000
 261 3.760000
 262 4.480000
 263 3.670000
 264 3.680000
 265 3.630000
 266 3.560000
 267 3.670000
 268 3.680000
 269 3.720000
 270 3.680000
 271 3.690000
 272 2.450000
 273 1.780000
 274 1.780000
 275 1.790000
 276 1.760000
 277 1.790000
 278 1.760000
 279 1.760000
 280 1.740000
 281 1.760000
 282 1.750000
 283 1.770000
 284 1.800000
 285 1.790000
 286 1.780000
 287 4.110000
 288 4.130000
 289 4.110000
 290 4.170000
 291 4.450000
 292 4.550000
 293 4.550000
 294 4.580000
 295 4.370000
 296 4.400000
 297 2.930000
 298 2.940000
 299 2.910000
 300 2.940000
 301 2.940000
 302 2.930000
 303 2.920000
 304 2.300000
 305 2.260000
 306 2.260000
 307 2.260000
 308 2.260000
 309 2.260000
 310 2.260000
 311 2.280000
 312 2.260000
 313 2.280000
 314 2.410000
 315 3.470000
 316 3.450000
 317 4.350000
 318 4.320000
 319 4.320000
 320 4.320000
 321 4.300000
 322 4.300000
 323 4.270000
 324 2.810000
 325 2.550000
 326 2.540000
 327 2.510000
 328 2.510000
 329 2.490000
 330 2.490000
 331 2.460000
 332 2.460000
 333 2.460000
 334 2.430000
 335 2.410000
 336 2.390000
 337 2.380000
 338 2.360000
 339 2.360000
 340 2.360000
 341 2.340000
 342 2.330000
 343 2.310000
 344 2.290000
 345 2.310000
 346 2.330000
 347 2.360000
 348 2.340000
 349 2.360000
 350 1.550000
 351 1.520000
 352 1.520000
 353 1.520000
 354 1.610000
 355 1.660000
 356 1.660000
 357 1.660000
 358 1.610000
 359 1.610000
 360 1.580000
 361 1.610000
 362 1.590000
 363 1.580000
 364 1.600000
 365 1.590000
 366 1.630000
 367 1.570000
 368 1.580000
 369 1.570000
 370 1.600000
 371 1.600000
 372 1.600000
 373 1.600000
 374 1.610000
 375 1.600000
 376 1.610000
 377 1.600000
 378 1.610000
 379 1.600000
 380 1.600000
 381 1.650000
 382 1.610000
 383 1.630000
 384 1.620000
 385 1.630000
 386 1.630000
 387 1.650000
 388 1.630000
 389 1.660000
 390 1.630000
 391 1.650000
 392 1.670000
 393 1.650000
 394 1.680000
 395 1.660000
 396 1.710000
 397 1.660000
 398 1.700000
 399 1.730000
 400 1.720000
 401 2.980000
 402 1.790000
 403 1.790000
 404 1.770000
 405 1.790000
 406 1.820000
 407 2.960000
 408 3.040000
 409 3.010000
 410 2.990000
 411 3.110000
 412 3.100000
 413 3.040000
 414 3.030000
 415 3.040000
 416 3.060000
 417 3.020000
 418 3.080000
 419 3.050000
 420 3.080000
 421 3.080000
 422 3.080000
 423 3.080000
 424 3.040000
 425 3.080000
 426 3.060000
 427 3.100000
 428 3.070000
 429 3.180000
 430 3.180000
 431 3.210000
 432 3.210000
 433 3.230000
 434 3.230000
 435 3.180000
 436 3.200000
 437 3.210000
 438 3.230000
 439 3.210000
 440 3.260000
 441 3.260000
 442 3.260000
 443 3.320000
 444 3.270000
 445 3.260000
 446 3.260000
 447 3.180000
 448 3.280000
 449 3.270000
 450 3.270000
 451 3.260000
 452 3.260000
 453 3.240000
 454 3.220000
 455 3.240000
 456 3.240000
 457 3.240000
 458 3.210000
 459 3.240000
 460 3.210000
 461 3.200000
 462 3.160000
 463 3.170000
 464 3.180000
 465 4.500000
 466 4.210000
 467 4.140000
 468 4.140000
 469 3.110000
 470 3.120000
 471 3.080000
 472 3.110000
 473 3.260000
 474 3.400000
 475 3.720000
 476 3.610000
 477 3.560000
 478 3.560000
 479 3.560000
 480 3.560000
 481 3.560000
 482 3.590000
 483 3.590000
 484 3.590000
 485 3.590000
 486 3.290000
 487 3.540000
 488 3.610000
 489 3.610000
 490 3.610000
 491 3.610000
 492 3.590000
 493 3.560000
 494 3.540000
 495 3.560000
 496 3.560000
 497 3.560000
 498 3.560000
 499 3.590000
 500 3.590000
 501 3.590000
 502 3.590000
 503 3.590000
 504 3.610000
 505 3.610000
 506 3.640000
 507 3.610000
 508 3.640000
 509 3.640000
 510 3.640000
 511 3.640000
 512 3.640000
 513 3.640000
 514 3.660000
 515 3.640000
 516 3.620000
 517 3.540000
 518 3.540000
 519 3.220000
 520 3.110000
 521 3.090000
 522 3.360000
 523 3.350000
 524 3.330000
 525 2.950000
 526 2.970000
 527 2.960000
 528 2.950000
 529 2.900000
 530 2.900000
 531 2.970000
 532 2.920000
 533 2.930000
 534 2.890000
 535 2.890000
 536 2.970000
 537 2.930000
 538 2.950000
 539 2.970000
 540 3.000000
 541 2.970000
 542 2.970000
 543 3.020000
 544 2.970000
 545 2.970000
 546 3.000000
 547 2.970000
 548 2.960000
 549 2.990000
 550 2.970000
 551 2.970000
 552 3.020000
 553 2.710000
 554 2.670000
 555 2.690000
 556 2.530000
 557 2.670000
 558 2.650000
 559 2.510000
 560 2.650000
 561 2.620000
 562 2.570000
 563 2.600000
 564 2.570000
 565 2.570000
 566 2.430000
 567 2.380000
 568 2.500000
 569 2.440000
 570 2.450000
 571 2.420000
 572 2.400000
 573 2.320000
 574 2.320000
 575 2.300000
 576 2.240000
 577 2.240000
 578 2.190000
 579 2.170000
 580 2.190000
 581 2.200000
 582 2.200000
 583 2.140000
 584 2.080000
 585 2.150000
 586 2.130000
 587 2.100000
 588 2.060000
 589 2.000000
 590 2.100000
 591 2.050000
 592 2.050000
 593 1.910000
 594 2.000000
 595 2.000000
 596 1.970000
 597 1.880000
 598 2.000000
 599 1.830000
 600 1.860000
 601 1.830000
 602 1.830000
 603 1.780000
 604 1.930000
 605 1.880000
 606 1.780000
 607 1.760000
 608 1.870000
 609 1.820000
 610 1.800000
 611 1.690000
 612 1.800000
 613 1.660000
 614 1.660000
 615 1.660000
 616 1.750000
 617 1.770000
 618 1.720000
 619 1.720000
 620 1.720000
 621 1.700000
 622 1.670000
 623 1.690000
 624 1.670000
 625 1.650000
 626 1.640000
 627 1.590000
 628 1.530000
 629 1.520000
 630 1.550000
 631 1.550000
 632 1.530000
 633 1.530000
 634 1.430000
 635 1.410000
 636 1.410000
 637 1.410000
 638 1.430000
 639 1.380000
 640 1.370000
 641 1.360000
 642 1.800000
 643 1.330000
 644 1.670000
 645 1.360000
 646 1.340000
 647 1.330000
 648 1.300000
 649 1.310000
 650 1.980000
 651 1.340000
 652 1.280000
 653 1.260000
 654 1.390000
 655 1.480000
 656 1.340000
 657 1.330000
 658 1.230000
 659 1.340000
 660 1.320000
 661 1.230000
 662 1.230000
 663 1.330000
 664 1.390000
 665 1.420000
 666 1.340000
 667 1.280000
 668 1.230000
 669 1.370000
 670 1.340000
 671 1.260000
 672 1.340000
 673 1.290000
 674 1.340000
 675 1.320000
 676 1.320000
 677 1.230000
 678 1.230000
 679 1.290000
 680 1.240000
 681 1.310000
 682 1.290000
 683 1.320000
 684 1.320000
 685 1.160000
 686 1.280000
 687 1.250000
 688 1.200000
 689 1.140000
 690 1.160000
 691 1.130000
 692 1.130000
 693 1.140000
 694 1.130000
 695 1.160000
 696 1.180000
 697 6.730000
 698 6.720000
 699 6.690000
 700 6.690000
 701 6.680000
 702 6.650000
 703 5.670000
 704 6.630000
 705 6.600000
 706 6.580000
 707 5.070000
 708 6.540000
 709 6.530000
 710 6.560000
 711 6.530000
 712 6.480000
 713 6.510000
 714 6.490000
 715 6.460000
 716 6.430000
 717 6.430000
 718 5.410000
 719 6.430000
 720 0.790000
 721 0.810000
 722 0.790000
 723 0.810000
 724 0.780000
 725 0.780000
 726 0.760000
 727 0.790000
 728 0.810000
 729 0.780000
 730 0.810000
 731 0.820000
 732 0.810000
 733 0.820000
 734 0.820000
 735 0.810000
 736 0.840000
 737 0.840000
 738 0.830000
 739 0.870000
 740 0.840000
 741 0.870000
 742 0.870000
 743 0.870000
 744 0.870000
 745 0.870000
 746 0.890000
 747 0.890000
 748 0.890000
 749 0.890000
 750 0.890000
 751 0.920000
 752 0.920000
 753 0.940000
 754 0.940000
 755 0.920000
 756 0.940000
 757 0.940000
 758 0.970000
 759 0.980000
 760 0.970000
 0 2.890000
 1 2.850000
 2 2.880000
 3 2.880000
 4 2.890000
 5 2.870000
 6 2.870000
 7 2.860000
 8 2.860000
 9 2.860000
 10 2.870000
 11 2.870000
 12 2.850000
 13 2.840000
 14 2.860000
 15 2.830000
 16 2.830000
 17 2.800000
 18 2.830000
 19 3.330000
 20 2.760000
 21 2.750000
 22 2.750000
 23 2.750000
 24 2.740000
 25 2.760000
 26 2.760000
 27 2.740000
 28 2.740000
 29 2.740000
 30 2.730000
 31 2.710000
 32 2.700000
 33 2.700000
 34 2.700000
 35 2.680000
 36 2.800000
 37 3.280000
 38 3.260000
 39 3.150000
 40 2.710000
 41 2.710000
 42 2.710000
 43 2.690000
 44 2.710000
 45 2.700000
 46 2.700000
 47 2.700000
 48 2.700000
 49 2.690000
 50 2.660000
 51 2.660000
 52 2.690000
 53 2.660000
 54 2.710000
 55 3.170000
 56 3.180000
 57 2.630000
 58 2.630000
 59 2.630000
 60 2.620000
 61 2.610000
 62 2.610000
 63 2.610000
 64 2.630000
 65 2.630000
 66 2.630000
 67 2.630000
 68 2.610000
 69 2.590000
 70 2.600000
 71 2.600000
 72 2.600000
 73 2.590000
 74 2.590000
 75 2.600000
 76 2.620000
 77 2.810000
 78 3.180000
 79 3.150000
 80 3.160000
 81 3.180000
 82 3.190000
 83 3.140000
 84 3.300000
 85 3.290000
 86 3.320000
 87 3.290000
 88 3.310000
 89 3.330000
 90 3.350000
 91 3.380000
 92 3.370000
 93 3.480000
 94 3.580000
 95 3.580000
 96 3.430000
 97 3.480000
 98 3.590000
 99 3.580000
 100 3.580000
 101 3.580000
 102 3.610000
 103 3.590000
 104 3.590000
 105 3.590000
 106 3.560000
 107 3.610000
 108 3.560000
 109 3.590000
 110 3.540000
 111 3.610000
 112 3.700000
 113 3.670000
 114 3.600000
 115 3.600000
 116 3.540000
 117 3.590000
 118 3.600000
 119 3.540000
 120 3.510000
 121 3.510000
 122 3.430000
 123 3.380000
 124 3.490000
 125 3.510000
 126 3.380000
 127 3.400000
 128 3.380000
 129 3.380000
 130 3.380000
 131 3.380000
 132 3.410000
 133 3.470000
 134 3.450000
 135 3.470000
 136 3.490000
 137 3.410000
 138 3.430000
 139 3.470000
 140 3.470000
 141 3.510000
 142 3.430000
 143 3.410000
 144 3.530000
 145 3.520000
 146 3.400000
 147 3.400000
 148 3.470000
 149 3.450000
 150 3.450000
 151 3.360000
 152 4.730000
 153 4.710000
 154 4.730000
 155 4.710000
 156 4.730000
 157 4.730000
 158 4.730000
 159 4.700000
 160 4.690000
 161 4.080000
 162 4.090000
 163 4.730000
 164 4.720000
 165 4.760000
 166 4.730000
 167 4.720000
 168 4.750000
 169 4.730000
 170 4.760000
 171 4.760000
 172 4.760000
 173 4.760000
 174 4.760000
 175 4.780000
 176 4.760000
 177 4.760000
 178 4.780000
 179 4.780000
 180 4.780000
 181 4.780000
 182 4.810000
 183 4.690000
 184 4.800000
 185 4.800000
 186 4.250000
 187 4.190000
 188 4.820000
 189 4.800000
 190 4.850000
 191 4.680000
 192 4.570000
 193 4.580000
 194 4.580000
 195 4.820000
 196 4.870000
 197 4.870000
 198 4.850000
 199 4.870000
 200 3.570000
 201 3.530000
 202 3.470000
 203 3.470000
 204 3.470000
 205 3.910000
 206 4.920000
 207 4.920000
 208 4.920000
 209 4.920000
 210 2.270000
 211 2.240000
 212 2.240000
 213 2.230000
 214 2.190000
 215 2.210000
 216 2.210000
 217 2.210000
 218 2.210000
 219 2.240000
 220 2.240000
 221 2.320000
 222 4.440000
 223 4.440000
 224 4.430000
 225 4.420000
 226 4.420000
 227 4.440000
 228 4.410000
 229 4.430000
 230 4.430000
 231 4.440000
 232 5.120000
 233 5.150000
 234 3.870000
 235 3.740000
 236 3.710000
 237 2.120000
 238 1.980000
 239 2.010000
 240 2.010000
 241 1.980000
 242 1.990000
 243 1.960000
 244 1.960000
 245 1.960000
 246 1.980000
 247 1.980000
 248 2.010000
 249 2.030000
 250 2.610000
 251 2.610000
 252 2.610000
 253 2.640000
 254 2.640000
 255 2.680000
 256 3.150000
 257 3.150000
 258 3.200000
 259 3.760000
 260 3.770000
 261 3.730000
 262 4.450000
 263 3.640000
 264 3.630000
 265 3.640000
 266 3.540000
 267 3.640000
 268 3.680000
 269 3.690000
 270 3.700000
 271 3.690000
 272 2.480000
 273 1.780000
 274 1.780000
 275 1.760000
 276 1.760000
 277 1.760000
 278 1.760000
 279 1.760000
 280 1.760000
 281 1.730000
 282 1.770000
 283 1.770000
 284 1.770000
 285 1.790000
 286 1.830000
 287 4.110000
 288 4.120000
 289 4.130000
 290 4.190000
 291 4.470000
 292 4.550000
 293 4.550000
 294 4.580000
 295 4.390000
 296 4.420000
 297 2.960000
 298 2.940000
 299 2.910000
 300 2.910000
 301 2.910000
 302 2.910000
 303 2.950000
 304 2.300000
 305 2.260000
 306 2.260000
 307 2.260000
 308 2.260000
 309 2.260000
 310 2.240000
 311 2.260000
 312 2.260000
 313 2.280000
 314 2.410000
 315 3.470000
 316 3.510000
 317 4.350000
 318 4.350000
 319 4.320000
 320 4.300000
 321 4.300000
 322 4.300000
 323 4.300000
 324 2.780000
 325 2.570000
 326 2.540000
 327 2.540000
 328 2.510000
 329 2.510000
 330 2.490000
 331 2.490000
 332 2.460000
 333 2.440000
 334 2.410000
 335 2.390000
 336 2.410000
 337 2.380000
 338 2.360000
 339 2.360000
 340 2.360000
 341 2.340000
 342 2.310000
 343 2.290000
 344 2.310000
 345 2.310000
 346 2.330000
 347 2.340000
 348 2.360000
 349 2.340000
 350 1.550000
 351 1.520000
 352 1.520000
 353 1.520000
 354 1.580000
 355 1.680000
 356 1.660000
 357 1.630000
 358 1.630000
 359 1.610000
 360 1.580000
 361 1.590000
 362 1.600000
 363 1.580000
 364 1.600000
 365 1.600000
 366 1.600000
 367 1.600000
 368 1.600000
 369 1.610000
 370 1.600000
 371 1.600000
 372 1.600000
 373 1.600000
 374 1.580000
 375 1.600000
 376 1.590000
 377 1.600000
 378 1.590000
 379 1.600000
 380 1.600000
 381 1.610000
 382 1.620000
 383 1.630000
 384 1.630000
 385 1.610000
 386 1.610000
 387 1.650000
 388 1.640000
 389 1.640000
 390 1.630000
 391 1.640000
 392 1.670000
 393 1.650000
 394 1.680000
 395 1.660000
 396 1.710000
 397 1.670000
 398 1.700000
 399 1.730000
 400 1.740000
 401 2.980000
 402 1.790000
 403 1.770000
 404 1.800000
 405 1.790000
 406 1.790000
 407 2.960000
 408 3.040000
 409 2.980000
 410 2.960000
 411 2.980000
 412 3.130000
 413 3.060000
 414 3.040000
 415 3.060000
 416 3.010000
 417 2.990000
 418 3.050000
 419 3.080000
 420 3.070000
 421 3.080000
 422 3.080000
 423 3.080000
 424 3.070000
 425 3.080000
 426 3.060000
 427 3.130000
 428 3.070000
 429 3.180000
 430 3.180000
 431 3.210000
 432 3.230000
 433 3.230000
 434 3.200000
 435 3.200000
 436 3.220000
 437 3.230000
 438 3.230000
 439 3.210000
 440 3.230000
 441 3.270000
 442 3.270000
 443 3.320000
 444 3.270000
 445 3.260000
 446 3.260000
 447 3.180000
 448 3.280000
 449 3.280000
 450 3.260000
 451 3.260000
 452 3.260000
 453 3.240000
 454 3.220000
 455 3.240000
 456 3.240000
 457 3.220000
 458 3.220000
 459 3.220000
 460 3.210000
 461 3.200000
 462 3.180000
 463 3.140000
 464 3.130000
 465 4.490000
 466 4.190000
 467 4.150000
 468 4.140000
 469 3.110000
 470 3.090000
 471 3.100000
 472 3.090000
 473 3.260000
 474 3.430000
 475 3.720000
 476 3.610000
 477 3.590000
 478 3.560000
 479 3.590000
 480 3.560000
 481 3.560000
 482 3.590000
 483 3.590000
 484 3.590000
 485 3.590000
 486 3.340000
 487 3.490000
 488 3.590000
 489 3.610000
 490 3.590000
 491 3.610000
 492 3.610000
 493 3.560000
 494 3.540000
 495 3.540000
 496 3.560000
 497 3.560000
 498 3.560000
 499 3.560000
 500 3.560000
 501 3.610000
 502 3.610000
 503 3.610000
 504 3.590000
 505 3.610000
 506 3.610000
 507 3.610000
 508 3.640000
 509 3.640000
 510 3.640000
 511 3.640000
 512 3.640000
 513 3.660000
 514 3.660000
 515 3.670000
 516 3.620000
 517 3.570000
 518 3.540000
 519 3.220000
 520 3.110000
 521 3.090000
 522 3.380000
 523 3.350000
 524 3.310000
 525 2.970000
 526 2.970000
 527 2.930000
 528 2.950000
 529 2.880000
 530 2.890000
 531 2.970000
 532 2.950000
 533 2.930000
 534 2.890000
 535 2.890000
 536 2.970000
 537 2.930000
 538 2.970000
 539 2.970000
 540 2.970000
 541 2.950000
 542 2.970000
 543 3.000000
 544 2.970000
 545 2.970000
 546 3.000000
 547 2.970000
 548 2.930000
 549 2.990000
 550 2.970000
 551 3.000000
 552 3.000000
 553 2.730000
 554 2.680000
 555 2.670000
 556 2.650000
 557 2.670000
 558 2.650000
 559 2.650000
 560 2.620000
 561 2.620000
 562 2.570000
 563 2.570000
 564 2.570000
 565 2.570000
 566 2.430000
 567 2.380000
 568 2.470000
 569 2.440000
 570 2.420000
 571 2.390000
 572 2.370000
 573 2.320000
 574 2.290000
 575 2.270000
 576 2.270000
 577 2.240000
 578 2.190000
 579 2.190000
 580 2.200000
 581 2.200000
 582 2.200000
 583 2.140000
 584 2.080000
 585 2.120000
 586 2.120000
 587 2.100000
 588 2.030000
 589 2.000000
 590 2.100000
 591 2.020000
 592 2.000000
 593 1.930000
 594 2.000000
 595 2.000000
 596 1.970000
 597 1.880000
 598 1.830000
 599 1.970000
 600 1.830000
 601 1.830000
 602 1.830000
 603 1.930000
 604 1.930000
 605 1.910000
 606 1.760000
 607 1.780000
 608 1.760000
 609 1.860000
 610 1.800000
 611 1.730000
 612 1.800000
 613 1.660000
 614 1.630000
 615 1.660000
 616 1.750000
 617 1.630000
 618 1.750000
 619 1.720000
 620 1.700000
 621 1.700000
 622 1.670000
 623 1.670000
 624 1.640000
 625 1.620000
 626 1.650000
 627 1.620000
 628 1.570000
 629 1.540000
 630 1.530000
 631 1.550000
 632 1.530000
 633 1.520000
 634 1.410000
 635 1.440000
 636 1.430000
 637 1.410000
 638 1.400000
 639 1.380000
 640 1.380000
 641 1.360000
 642 1.670000
 643 1.330000
 644 1.670000
 645 1.360000
 646 1.290000
 647 1.330000
 648 1.300000
 649 1.310000
 650 1.980000
 651 1.330000
 652 1.310000
 653 1.280000
 654 1.390000
 655 1.430000
 656 1.340000
 657 1.330000
 658 1.370000
 659 1.340000
 660 1.310000
 661 1.260000
 662 1.260000
 663 1.330000
 664 1.390000
 665 1.400000
 666 1.370000
 667 1.280000
 668 1.240000
 669 1.370000
 670 1.340000
 671 1.230000
 672 1.340000
 673 1.320000
 674 1.340000
 675 1.320000
 676 1.340000
 677 1.210000
 678 1.230000
 679 1.290000
 680 1.220000
 681 1.280000
 682 1.290000
 683 1.320000
 684 1.280000
 685 1.180000
 686 1.310000
 687 1.250000
 688 1.200000
 689 1.160000
 690 1.180000
 691 1.170000
 692 1.140000
 693 1.140000
 694 1.130000
 695 1.170000
 696 1.120000
 697 6.740000
 698 6.720000
 699 6.720000
 700 6.690000
 701 6.650000
 702 6.650000
 703 5.690000
 704 6.630000
 705 6.600000
 706 6.600000
 707 5.070000
 708 6.550000
 709 6.550000
 710 6.530000
 711 6.530000
 712 6.510000
 713 6.480000
 714 6.470000
 715 6.460000
 716 6.460000
 717 6.430000
 718 5.440000
 719 6.420000
 720 0.790000
 721 0.810000
 722 0.780000
 723 0.780000
 724 0.770000
 725 0.790000
 726 0.770000
 727 0.790000
 728 0.780000
 729 0.810000
 730 0.820000
 731 0.780000
 732 0.820000
 733 0.780000
 734 0.820000
 735 0.840000
 736 0.840000
 737 0.830000
 738 0.840000
 739 0.840000
 740 0.840000
 741 0.870000
 742 0.840000
 743 0.840000
 744 0.890000
 745 0.890000
 746 0.890000
 747 0.890000
 748 0.890000
 749 0.890000
 750 0.890000
 751 0.920000
 752 0.920000
 753 0.920000
 754 0.940000
 755 0.940000
 756 0.970000
 757 0.970000
 758 0.970000
 759 0.980000
 760 0.970000
 0 2.870000
 1 2.880000
 2 2.880000
 3 2.890000
 4 2.890000
 5 2.870000
 6 2.870000
 7 2.880000
 8 2.860000
 9 2.840000
 10 2.850000
 11 2.850000
 12 2.870000
 13 2.840000
 14 2.860000
 15 2.830000
 16 2.810000
 17 2.800000
 18 2.810000
 19 3.260000
 20 2.760000
 21 2.750000
 22 2.730000
 23 2.720000
 24 2.740000
 25 2.760000
 26 2.730000
 27 2.760000
 28 2.760000
 29 2.740000
 30 2.760000
 31 2.710000
 32 2.700000
 33 2.700000
 34 2.700000
 35 2.680000
 36 2.820000
 37 3.280000
 38 3.240000
 39 3.170000
 40 2.730000
 41 2.680000
 42 2.710000
 43 2.710000
 44 2.690000
 45 2.700000
 46 2.700000
 47 2.730000
 48 2.700000
 49 2.690000
 50 2.680000
 51 2.690000
 52 2.660000
 53 2.660000
 54 2.710000
 55 3.170000
 56 3.150000
 57 2.650000
 58 2.600000
 59 2.600000
 60 2.620000
 61 2.610000
 62 2.610000
 63 2.630000
 64 2.630000
 65 2.630000
 66 2.630000
 67 2.610000
 68 2.610000
 69 2.590000
 70 2.600000
 71 2.600000
 72 2.600000
 73 2.590000
 74 2.590000
 75 2.600000
 76 2.620000
 77 2.810000
 78 3.160000
 79 3.170000
 80 3.160000
 81 3.190000
 82 3.190000
 83 3.140000
 84 3.280000
 85 3.290000
 86 3.320000
 87 3.300000
 88 3.310000
 89 3.330000
 90 3.320000
 91 3.380000
 92 3.390000
 93 3.480000
 94 3.570000
 95 3.580000
 96 3.410000
 97 3.510000
 98 3.570000
 99 3.560000
 100 3.580000
 101 3.610000
 102 3.610000
 103 3.590000
 104 3.590000
 105 3.590000
 106 3.560000
 107 3.610000
 108 3.560000
 109 3.590000
 110 3.540000
 111 3.560000
 112 3.700000
 113 3.650000
 114 3.600000
 115 3.560000
 116 3.510000
 117 3.590000
 118 3.620000
 119 3.540000
 120 3.510000
 121 3.510000
 122 3.410000
 123 3.360000
 124 3.490000
 125 3.480000
 126 3.380000
 127 3.400000
 128 3.410000
 129 3.380000
 130 3.380000
 131 3.410000
 132 3.410000
 133 3.470000
 134 3.470000
 135 3.470000
 136 3.490000
 137 3.410000
 138 3.430000
 139 3.510000
 140 3.470000
 141 3.510000
 142 3.430000
 143 3.410000
 144 3.510000
 145 3.500000
 146 3.430000
 147 3.350000
 148 3.500000
 149 3.430000
 150 3.430000
 151 3.360000
 152 4.710000
 153 4.710000
 154 4.710000
 155 4.710000
 156 4.730000
 157 4.710000
 158 4.710000
 159 4.700000
 160 4.690000
 161 4.080000
 162 4.130000
 163 4.730000
 164 4.720000
 165 4.760000
 166 4.760000
 167 4.720000
 168 4.720000
 169 4.760000
 170 4.760000
 171 4.760000
 172 4.760000
 173 4.760000
 174 4.760000
 175 4.760000
 176 4.760000
 177 4.780000
 178 4.780000
 179 4.780000
 180 4.810000
 181 4.780000
 182 4.780000
 183 4.670000
 184 4.800000
 185 4.800000
 186 4.250000
 187 4.220000
 188 4.820000
 189 4.820000
 190 4.850000
 191 4.680000
 192 4.570000
 193 4.580000
 194 4.580000
 195 4.820000
 196 4.850000
 197 4.870000
 198 4.870000
 199 4.870000
 200 3.510000
 201 3.510000
 202 3.470000
 203 3.470000
 204 3.470000
 205 3.880000
 206 4.950000
 207 4.920000
 208 4.940000
 209 4.920000
 210 2.270000
 211 2.240000
 212 2.240000
 213 2.240000
 214 2.210000
 215 2.180000
 216 2.210000
 217 2.210000
 218 2.240000
 219 2.240000
 220 2.240000
 221 2.320000
 222 4.440000
 223 4.410000
 224 4.410000
 225 4.400000
 226 4.400000
 227 4.410000
 228 4.430000
 229 4.410000
 230 4.430000
 231 4.410000
 232 5.120000
 233 5.120000
 234 3.840000
 235 3.720000
 236 3.730000
 237 2.090000
 238 2.010000
 239 2.010000
 240 1.980000
 241 1.980000
 242 1.960000
 243 1.960000
 244 1.960000
 245 1.960000
 246 1.980000
 247 1.980000
 248 2.010000
 249 2.030000
 250 2.590000
 251 2.610000
 252 2.640000
 253 2.640000
 254 2.640000
 255 2.660000
 256 3.120000
 257 3.170000
 258 3.180000
 259 3.750000
 260 3.810000
 261 3.760000
 262 4.450000
 263 3.660000
 264 3.650000
 265 3.630000
 266 3.560000
 267 3.670000
 268 3.680000
 269 3.690000
 270 3.700000
 271 3.720000
 272 1.880000
 273 1.810000
 274 1.760000
 275 1.790000
 276 1.760000
 277 1.760000
 278 1.760000
 279 1.760000
 280 1.740000
 281 1.730000
 282 1.750000
 283 1.750000
 284 1.770000
 285 1.790000
 286 1.800000
 287 4.110000
 288 4.120000
 289 4.120000
 290 4.170000
 291 4.450000
 292 4.550000
 293 4.550000
 294 4.560000
 295 4.390000
 296 4.420000
 297 2.960000
 298 2.940000
 299 2.910000
 300 2.910000
 301 2.910000
 302 2.910000
 303 2.950000
 304 2.300000
 305 2.290000
 306 2.260000
 307 2.240000
 308 2.260000
 309 2.240000
 310 2.240000
 311 2.260000
 312 2.260000
 313 2.290000
 314 2.410000
 315 3.450000
 316 3.480000
 317 4.370000
 318 4.350000
 319 4.320000
 320 4.320000
 321 4.300000
 322 4.300000
 323 4.270000
 324 2.780000
 325 2.550000
 326 2.540000
 327 2.540000
 328 2.510000
 329 2.510000
 330 2.490000
 331 2.490000
 332 2.460000
 333 2.460000
 334 2.430000
 335 2.410000
 336 2.410000
 337 2.380000
 338 2.360000
 339 2.360000
 340 2.360000
 341 2.340000
 342 2.310000
 343 2.310000
 344 2.310000
 345 2.310000
 346 2.330000
 347 2.340000
 348 2.340000
 349 2.360000
 350 1.520000
 351 1.540000
 352 1.520000
 353 1.520000
 354 1.580000
 355 1.660000
 356 1.680000
 357 1.630000
 358 1.610000
 359 1.610000
 360 1.610000
 361 1.590000
 362 1.620000
 363 1.580000
 364 1.600000
 365 1.600000
 366 1.590000
 367 1.600000
 368 1.570000
 369 1.580000
 370 1.600000
 371 1.590000
 372 1.600000
 373 1.580000
 374 1.580000
 375 1.600000
 376 1.610000
 377 1.600000
 378 1.630000
 379 1.630000
 380 1.600000
 381 1.630000
 382 1.620000
 383 1.620000
 384 1.630000
 385 1.630000
 386 1.610000
 387 1.610000
 388 1.630000
 389 1.630000
 390 1.660000
 391 1.630000
 392 1.670000
 393 1.680000
 394 1.680000
 395 1.660000
 396 1.710000
 397 1.700000
 398 1.700000
 399 1.730000
 400 1.740000
 401 2.960000
 402 1.790000
 403 1.770000
 404 1.790000
 405 1.790000
 406 1.760000
 407 2.980000
 408 3.020000
 409 2.980000
 410 2.990000
 411 2.980000
 412 3.110000
 413 3.040000
 414 3.040000
 415 3.040000
 416 3.000000
 417 2.990000
 418 3.050000
 419 3.090000
 420 3.100000
 421 3.090000
 422 3.080000
 423 3.050000
 424 3.070000
 425 3.110000
 426 3.080000
 427 3.100000
 428 3.070000
 429 3.180000
 430 3.180000
 431 3.210000
 432 3.230000
 433 3.230000
 434 3.210000
 435 3.200000
 436 3.220000
 437 3.210000
 438 3.210000
 439 3.230000
 440 3.230000
 441 3.270000
 442 3.240000
 443 3.290000
 444 3.270000
 445 3.280000
 446 3.260000
 447 3.210000
 448 3.280000
 449 3.270000
 450 3.270000
 451 3.260000
 452 3.260000
 453 3.260000
 454 3.240000
 455 3.240000
 456 3.240000
 457 3.240000
 458 3.230000
 459 3.220000
 460 3.220000
 461 3.240000
 462 3.160000
 463 3.140000
 464 3.130000
 465 4.470000
 466 4.190000
 467 4.110000
 468 4.140000
 469 3.110000
 470 3.120000
 471 3.090000
 472 3.090000
 473 3.260000
 474 3.400000
 475 3.720000
 476 3.610000
 477 3.560000
 478 3.560000
 479 3.560000
 480 3.590000
 481 3.560000
 482 3.560000
 483 3.590000
 484 3.590000
 485 3.590000
 486 3.310000
 487 3.440000
 488 3.590000
 489 3.610000
 490 3.610000
 491 3.610000
 492 3.610000
 493 3.540000
 494 3.560000
 495 3.560000
 496 3.540000
 497 3.590000
 498 3.560000
 499 3.590000
 500 3.590000
 501 3.590000
 502 3.610000
 503 3.590000
 504 3.610000
 505 3.610000
 506 3.610000
 507 3.610000
 508 3.640000
 509 3.640000
 510 3.640000
 511 3.640000
 512 3.640000
 513 3.660000
 514 3.660000
 515 3.670000
 516 3.630000
 517 3.570000
 518 3.520000
 519 3.220000
 520 3.080000
 521 3.070000
 522 3.380000
 523 3.350000
 524 3.330000
 525 2.970000
 526 2.970000
 527 2.960000
 528 2.950000
 529 2.880000
 530 2.900000
 531 2.970000
 532 2.950000
 533 2.930000
 534 2.880000
 535 2.910000
 536 2.990000
 537 2.950000
 538 2.950000
 539 2.970000
 540 3.000000
 541 2.940000
 542 2.970000
 543 3.020000
 544 2.970000
 545 2.970000
 546 3.000000
 547 2.950000
 548 2.930000
 549 2.970000
 550 2.970000
 551 2.970000
 552 3.020000
 553 2.710000
 554 2.690000
 555 2.680000
 556 2.630000
 557 2.670000
 558 2.650000
 559 2.650000
 560 2.650000
 561 2.600000
 562 2.600000
 563 2.600000
 564 2.570000
 565 2.430000
 566 2.410000
 567 2.380000
 568 2.470000
 569 2.470000
 570 2.440000
 571 2.400000
 572 2.400000
 573 2.340000
 574 2.320000
 575 2.290000
 576 2.270000
 577 2.220000
 578 2.190000
 579 2.190000
 580 2.220000
 581 2.060000
 582 2.200000
 583 2.170000
 584 2.010000
 585 2.120000
 586 2.100000
 587 2.120000
 588 2.030000
 589 2.000000
 590 2.100000
 591 2.050000
 592 2.000000
 593 1.930000
 594 2.020000
 595 1.970000
 596 1.950000
 597 2.020000
 598 1.860000
 599 1.970000
 600 1.860000
 601 1.830000
 602 1.810000
 603 1.810000
 604 1.930000
 605 1.910000
 606 1.780000
 607 1.730000
 608 1.760000
 609 1.850000
 610 1.800000
 611 1.680000
 612 1.800000
 613 1.680000
 614 1.800000
 615 1.660000
 616 1.750000
 617 1.630000
 618 1.750000
 619 1.700000
 620 1.700000
 621 1.700000
 622 1.650000
 623 1.640000
 624 1.640000
 625 1.640000
 626 1.650000
 627 1.590000
 628 1.570000
 629 1.530000
 630 1.550000
 631 1.550000
 632 1.530000
 633 1.540000
 634 1.410000
 635 1.410000
 636 1.410000
 637 1.380000
 638 1.390000
 639 1.380000
 640 1.360000
 641 1.360000
 642 1.650000
 643 1.330000
 644 1.650000
 645 1.360000
 646 1.320000
 647 1.330000
 648 1.310000
 649 1.310000
 650 1.970000
 651 1.340000
 652 1.280000
 653 1.390000
 654 1.390000
 655 1.430000
 656 1.340000
 657 1.340000
 658 1.230000
 659 1.340000
 660 1.290000
 661 1.230000
 662 1.260000
 663 1.330000
 664 1.390000
 665 1.420000
 666 1.340000
 667 1.250000
 668 1.240000
 669 1.370000
 670 1.340000
 671 1.230000
 672 1.320000
 673 1.290000
 674 1.340000
 675 1.340000
 676 1.340000
 677 1.210000
 678 1.230000
 679 1.270000
 680 1.220000
 681 1.320000
 682 1.320000
 683 1.320000
 684 1.280000
 685 1.180000
 686 1.310000
 687 1.250000
 688 1.170000
 689 1.160000
 690 1.180000
 691 1.170000
 692 1.160000
 693 1.140000
 694 1.150000
 695 1.130000
 696 1.120000
 697 6.750000
 698 6.720000
 699 6.690000
 700 6.670000
 701 6.670000
 702 6.650000
 703 5.710000
 704 6.600000
 705 6.600000
 706 6.580000
 707 5.070000
 708 6.550000
 709 6.550000
 710 6.530000
 711 6.530000
 712 6.510000
 713 6.510000
 714 6.480000
 715 6.460000
 716 6.460000
 717 6.460000
 718 5.410000
 719 6.420000
 720 0.820000
 721 0.810000
 722 0.830000
 723 0.820000
 724 0.810000
 725 0.780000
 726 0.800000
 727 0.780000
 728 0.780000
 729 0.780000
 730 0.780000
 731 0.810000
 732 0.820000
 733 0.820000
 734 0.840000
 735 0.820000
 736 0.820000
 737 0.820000
 738 0.840000
 739 0.840000
 740 0.840000
 741 0.870000
 742 0.840000
 743 0.870000
 744 0.870000
 745 0.870000
 746 0.870000
 747 0.890000
 748 0.890000
 749 0.890000
 750 0.920000
 751 0.920000
 752 0.920000
 753 0.920000
 754 0.940000
 755 0.940000
 756 0.940000
 757 0.940000
 758 0.970000
 759 0.980000
 760 0.960000
 0 2.890000
 1 2.880000
 2 2.880000
 3 2.870000
 4 2.870000
 5 2.870000
 6 2.870000
 7 2.860000
 8 2.860000
 9 2.850000
 10 2.850000
 11 2.850000
 12 2.820000
 13 2.810000
 14 2.830000
 15 2.810000
 16 2.830000
 17 2.820000
 18 2.830000
 19 3.310000
 20 2.760000
 21 2.750000
 22 2.750000
 23 2.720000
 24 2.740000
 25 2.760000
 26 2.760000
 27 2.740000
 28 2.760000
 29 2.760000
 30 2.760000
 31 2.710000
 32 2.700000
 33 2.700000
 34 2.700000
 35 2.710000
 36 2.800000
 37 3.260000
 38 3.260000
 39 3.150000
 40 2.710000
 41 2.710000
 42 2.710000
 43 2.710000
 44 2.690000
 45 2.700000
 46 2.700000
 47 2.700000
 48 2.700000
 49 2.690000
 50 2.690000
 51 2.690000
 52 2.690000
 53 2.660000
 54 2.680000
 55 3.150000
 56 3.180000
 57 2.650000
 58 2.630000
 59 2.630000
 60 2.600000
 61 2.610000
 62 2.630000
 63 2.610000
 64 2.630000
 65 2.630000
 66 2.630000
 67 2.630000
 68 2.610000
 69 2.610000
 70 2.570000
 71 2.600000
 72 2.580000
 73 2.610000
 74 2.610000
 75 2.600000
 76 2.620000
 77 2.780000
 78 3.160000
 79 3.150000
 80 3.130000
 81 3.190000
 82 3.190000
 83 3.170000
 84 3.280000
 85 3.290000
 86 3.310000
 87 3.330000
 88 3.320000
 89 3.330000
 90 3.330000
 91 3.380000
 92 3.370000
 93 3.480000
 94 3.560000
 95 3.550000
 96 3.430000
 97 3.480000
 98 3.570000
 99 3.580000
 100 3.580000
 101 3.580000
 102 3.640000
 103 3.590000
 104 3.590000
 105 3.590000
 106 3.540000
 107 3.610000
 108 3.560000
 109 3.590000
 110 3.560000
 111 3.590000
 112 3.700000
 113 3.670000
 114 3.600000
 115 3.570000
 116 3.540000
 117 3.590000
 118 3.620000
 119 3.540000
 120 3.510000
 121 3.510000
 122 3.410000
 123 3.380000
 124 3.490000
 125 3.510000
 126 3.380000
 127 3.400000
 128 3.410000
 129 3.380000
 130 3.380000
 131 3.410000
 132 3.410000
 133 3.470000
 134 3.480000
 135 3.470000
 136 3.480000
 137 3.430000
 138 3.430000
 139 3.490000
 140 3.470000
 141 3.480000
 142 3.430000
 143 3.410000
 144 3.530000
 145 3.500000
 146 3.430000
 147 3.380000
 148 3.470000
 149 3.430000
 150 3.450000
 151 3.500000
 152 4.710000
 153 4.710000
 154 4.710000
 155 4.710000
 156 4.730000
 157 4.730000
 158 4.730000
 159 4.700000
 160 4.710000
 161 4.110000
 162 4.070000
 163 4.760000
 164 4.730000
 165 4.720000
 166 4.760000
 167 4.750000
 168 4.760000
 169 4.760000
 170 4.760000
 171 4.730000
 172 4.760000
 173 4.760000
 174 4.780000
 175 4.760000
 176 4.760000
 177 4.780000
 178 4.780000
 179 4.780000
 180 4.780000
 181 4.810000
 182 4.800000
 183 4.690000
 184 4.800000
 185 4.800000
 186 4.250000
 187 4.190000
 188 4.820000
 189 4.820000
 190 4.820000
 191 4.680000
 192 4.570000
 193 4.580000
 194 4.580000
 195 4.850000
 196 4.850000
 197 4.850000
 198 4.850000
 199 4.870000
 200 3.540000
 201 3.510000
 202 3.470000
 203 3.470000
 204 3.470000
 205 3.880000
 206 4.920000
 207 4.920000
 208 4.920000
 209 4.940000
 210 2.270000
 211 2.240000
 212 2.240000
 213 2.210000
 214 2.210000
 215 2.210000
 216 2.210000
 217 2.240000
 218 2.210000
 219 2.240000
 220 2.240000
 221 2.350000
 222 4.430000
 223 4.410000
 224 4.410000
 225 4.400000
 226 4.420000
 227 4.410000
 228 4.430000
 229 4.430000
 230 4.410000
 231 4.410000
 232 5.120000
 233 5.150000
 234 3.870000
 235 3.720000
 236 3.730000
 237 2.090000
 238 1.980000
 239 1.980000
 240 1.960000
 241 1.960000
 242 1.960000
 243 1.930000
 244 1.960000
 245 1.960000
 246 1.980000
 247 1.980000
 248 2.010000
 249 2.030000
 250 2.610000
 251 2.640000
 252 2.610000
 253 2.640000
 254 2.640000
 255 2.660000
 256 3.150000
 257 3.170000
 258 3.200000
 259 3.760000
 260 3.730000
 261 3.730000
 262 4.450000
 263 3.670000
 264 3.640000
 265 3.630000
 266 3.540000
 267 3.660000
 268 3.680000
 269 3.690000
 270 3.680000
 271 3.690000
 272 2.500000
 273 1.800000
 274 1.780000
 275 1.760000
 276 1.790000
 277 1.760000
 278 1.760000
 279 1.760000
 280 1.740000
 281 1.730000
 282 1.750000
 283 1.770000
 284 1.770000
 285 1.790000
 286 1.800000
 287 4.140000
 288 4.120000
 289 4.150000
 290 4.160000
 291 4.450000
 292 4.540000
 293 4.550000
 294 4.580000
 295 4.390000
 296 4.400000
 297 2.960000
 298 2.910000
 299 2.910000
 300 2.910000
 301 2.910000
 302 2.930000
 303 2.920000
 304 2.270000
 305 2.290000
 306 2.260000
 307 2.260000
 308 2.260000
 309 2.240000
 310 2.240000
 311 2.260000
 312 2.260000
 313 2.280000
 314 2.430000
 315 3.470000
 316 3.480000
 317 4.350000
 318 4.350000
 319 4.320000
 320 4.320000
 321 4.300000
 322 4.300000
 323 4.270000
 324 2.780000
 325 2.540000
 326 2.540000
 327 2.510000
 328 2.510000
 329 2.490000
 330 2.490000
 331 2.460000
 332 2.460000
 333 2.440000
 334 2.430000
 335 2.410000
 336 2.410000
 337 2.380000
 338 2.390000
 339 2.360000
 340 2.360000
 341 2.340000
 342 2.310000
 343 2.290000
 344 2.320000
 345 2.330000
 346 2.330000
 347 2.340000
 348 2.340000
 349 2.360000
 350 1.550000
 351 1.540000
 352 1.520000
 353 1.520000
 354 1.610000
 355 1.680000
 356 1.660000
 357 1.660000
 358 1.610000
 359 1.610000
 360 1.610000
 361 1.590000
 362 1.600000
 363 1.580000
 364 1.600000
 365 1.600000
 366 1.590000
 367 1.600000
 368 1.600000
 369 1.570000
 370 1.600000
 371 1.600000
 372 1.600000
 373 1.600000
 374 1.600000
 375 1.600000
 376 1.600000
 377 1.600000
 378 1.600000
 379 1.600000
 380 1.600000
 381 1.590000
 382 1.630000
 383 1.630000
 384 1.610000
 385 1.620000
 386 1.650000
 387 1.610000
 388 1.630000
 389 1.660000
 390 1.630000
 391 1.650000
 392 1.650000
 393 1.660000
 394 1.660000
 395 1.660000
 396 1.710000
 397 1.700000
 398 1.700000
 399 1.730000
 400 1.720000
 401 2.980000
 402 1.790000
 403 1.790000
 404 1.790000
 405 1.790000
 406 1.790000
 407 2.980000
 408 3.020000
 409 2.980000
 410 2.970000
 411 2.980000
 412 3.130000
 413 3.040000
 414 3.040000
 415 3.040000
 416 3.000000
 417 3.020000
 418 3.080000
 419 3.080000
 420 3.080000
 421 3.080000
 422 3.080000
 423 3.060000
 424 3.070000
 425 3.080000
 426 3.060000
 427 3.100000
 428 3.090000
 429 3.180000
 430 3.180000
 431 3.210000
 432 3.230000
 433 3.230000
 434 3.230000
 435 3.200000
 436 3.220000
 437 3.210000
 438 3.210000
 439 3.230000
 440 3.260000
 441 3.230000
 442 3.270000
 443 3.290000
 444 3.260000
 445 3.280000
 446 3.280000
 447 3.180000
 448 3.280000
 449 3.270000
 450 3.270000
 451 3.270000
 452 3.250000
 453 3.250000
 454 3.230000
 455 3.220000
 456 3.240000
 457 3.240000
 458 3.240000
 459 3.210000
 460 3.210000
 461 3.210000
 462 3.160000
 463 3.170000
 464 3.130000
 465 4.490000
 466 4.190000
 467 4.110000
 468 4.140000
 469 3.110000
 470 3.090000
 471 3.090000
 472 3.090000
 473 3.240000
 474 3.410000
 475 3.690000
 476 3.610000
 477 3.560000
 478 3.560000
 479 3.560000
 480 3.560000
 481 3.560000
 482 3.590000
 483 3.590000
 484 3.590000
 485 3.590000
 486 3.340000
 487 3.410000
 488 3.610000
 489 3.610000
 490 3.590000
 491 3.590000
 492 3.610000
 493 3.540000
 494 3.540000
 495 3.560000
 496 3.560000
 497 3.560000
 498 3.560000
 499 3.560000
 500 3.590000
 501 3.590000
 502 3.590000
 503 3.590000
 504 3.610000
 505 3.610000
 506 3.610000
 507 3.640000
 508 3.610000
 509 3.640000
 510 3.640000
 511 3.640000
 512 3.660000
 513 3.660000
 514 3.660000
 515 3.670000
 516 3.630000
 517 3.570000
 518 3.540000
 519 3.220000
 520 3.080000
 521 3.090000
 522 3.370000
 523 3.350000
 524 3.330000
 525 2.970000
 526 2.970000
 527 2.960000
 528 2.950000
 529 2.880000
 530 2.870000
 531 2.970000
 532 2.950000
 533 2.930000
 534 2.890000
 535 2.890000
 536 2.970000
 537 2.930000
 538 2.970000
 539 2.950000
 540 3.000000
 541 2.970000
 542 2.970000
 543 3.020000
 544 2.970000
 545 2.970000
 546 3.000000
 547 2.950000
 548 2.930000
 549 2.970000
 550 2.970000
 551 2.970000
 552 3.000000
 553 2.710000
 554 2.650000
 555 2.700000
 556 2.660000
 557 2.530000
 558 2.650000
 559 2.650000
 560 2.650000
 561 2.620000
 562 2.570000
 563 2.600000
 564 2.570000
 565 2.430000
 566 2.430000
 567 2.410000
 568 2.500000
 569 2.470000
 570 2.440000
 571 2.400000
 572 2.370000
 573 2.320000
 574 2.320000
 575 2.270000
 576 2.240000
 577 2.240000
 578 2.190000
 579 2.190000
 580 2.110000
 581 2.060000
 582 2.200000
 583 2.160000
 584 2.010000
 585 2.140000
 586 2.100000
 587 2.120000
 588 2.030000
 589 2.000000
 590 2.070000
 591 2.050000
 592 2.020000
 593 1.910000
 594 2.050000
 595 1.970000
 596 1.970000
 597 2.000000
 598 1.880000
 599 1.950000
 600 1.950000
 601 1.800000
 602 1.830000
 603 1.790000
 604 1.780000
 605 1.880000
 606 1.760000
 607 1.730000
 608 1.730000
 609 1.850000
 610 1.800000
 611 1.710000
 612 1.800000
 613 1.650000
 614 1.770000
 615 1.660000
 616 1.750000
 617 1.610000
 618 1.750000
 619 1.720000
 620 1.700000
 621 1.700000
 622 1.650000
 623 1.640000
 624 1.640000
 625 1.650000
 626 1.620000
 627 1.590000
 628 1.570000
 629 1.540000
 630 1.530000
 631 1.560000
 632 1.500000
 633 1.540000
 634 1.410000
 635 1.390000
 636 1.430000
 637 1.410000
 638 1.390000
 639 1.380000
 640 1.360000
 641 1.360000
 642 1.620000
 643 1.500000
 644 1.480000
 645 1.360000
 646 1.320000
 647 1.330000
 648 1.310000
 649 1.310000
 650 1.970000
 651 1.340000
 652 1.260000
 653 1.260000
 654 1.420000
 655 1.430000
 656 1.340000
 657 1.330000
 658 1.230000
 659 1.320000
 660 1.320000
 661 1.230000
 662 1.230000
 663 1.330000
 664 1.370000
 665 1.400000
 666 1.330000
 667 1.250000
 668 1.240000
 669 1.370000
 670 1.340000
 671 1.260000
 672 1.340000
 673 1.320000
 674 1.340000
 675 1.320000
 676 1.340000
 677 1.210000
 678 1.230000
 679 1.270000
 680 1.230000
 681 1.280000
 682 1.290000
 683 1.320000
 684 1.310000
 685 1.210000
 686 1.310000
 687 1.250000
 688 1.170000
 689 1.190000
 690 1.160000
 691 1.170000
 692 1.180000
 693 1.140000
 694 1.150000
 695 1.160000
 696 1.150000
 697 6.730000
 698 6.720000
 699 6.720000
 700 6.690000
 701 6.680000
 702 6.650000
 703 5.710000
 704 6.630000
 705 6.610000
 706 6.580000
 707 5.070000
 708 6.580000
 709 6.560000
 710 6.530000
 711 6.530000
 712 6.510000
 713 6.510000
 714 6.460000
 715 6.460000
 716 6.430000
 717 6.460000
 718 5.410000
 719 6.430000
 720 0.790000
 721 0.810000
 722 0.800000
 723 0.770000
 724 0.800000
 725 0.790000
 726 0.790000
 727 0.810000
 728 0.800000
 729 0.780000
 730 0.780000
 731 0.790000
 732 0.820000
 733 0.810000
 734 0.820000
 735 0.840000
 736 0.810000
 737 0.840000
 738 0.810000
 739 0.840000
 740 0.840000
 741 0.840000
 742 0.870000
 743 0.870000
 744 0.870000
 745 0.870000
 746 0.890000
 747 0.890000
 748 0.890000
 749 0.920000
 750 0.890000
 751 0.920000
 752 0.890000
 753 0.940000
 754 0.940000
 755 0.940000
 756 0.940000
 757 0.940000
 758 0.930000
 759 0.980000
 760 0.960000