
 0 2.980000
 1 3.130000
 2 3.130000
 3 3.110000
 4 3.030000
 5 3.130000
 6 3.130000
 7 3.050000
 8 3.050000
 9 3.180000
 10 3.040000
 11 3.070000
 12 3.180000
 13 3.160000
 14 3.070000
 15 3.070000
 16 3.050000
 17 3.180000
 18 3.160000
 19 3.130000
 20 3.130000
 21 3.130000
 22 3.130000
 23 3.030000
 24 3.000000
 25 3.030000
 26 3.030000
 27 3.000000
 28 3.000000
 29 3.000000
 30 3.000000
 31 3.130000
 32 3.080000
 33 2.950000
 34 3.110000
 35 3.080000
 36 2.900000
 37 2.710000
 38 2.330000
 39 2.170000
 40 2.160000
 41 2.140000
 42 2.140000
 43 2.130000
 44 2.130000
 45 2.160000
 46 2.150000
 47 2.140000
 48 2.140000
 49 2.140000
 50 2.140000
 51 2.160000
 52 2.240000
 53 2.280000
 54 2.230000
 55 2.200000
 56 2.180000
 57 2.180000
 58 2.210000
 59 2.180000
 60 2.200000
 61 2.200000
 62 2.220000
 63 2.210000
 64 2.180000
 65 2.180000
 66 2.170000
 67 2.180000
 68 2.200000
 69 2.220000
 70 2.230000
 71 2.220000
 72 2.210000
 73 2.210000
 74 2.200000
 75 2.200000
 76 2.260000
 77 2.330000
 78 2.230000
 79 2.190000
 80 2.170000
 81 2.170000
 82 2.180000
 83 2.210000
 84 2.250000
 85 2.250000
 86 2.260000
 87 2.230000
 88 2.230000
 89 2.230000
 90 2.260000
 91 2.270000
 92 2.240000
 93 2.280000
 94 2.230000
 95 2.230000
 96 2.230000
 97 2.230000
 98 2.220000
 99 2.240000
 100 2.230000
 101 2.280000
 102 2.280000
 103 2.280000
 104 2.300000
 105 2.290000
 106 2.320000
 107 2.320000
 108 2.310000
 109 2.300000
 110 2.290000
 111 2.330000
 112 2.310000
 113 2.320000
 114 2.340000
 115 2.340000
 116 2.330000
 117 2.330000
 118 2.320000
 119 2.340000
 120 2.470000
 121 2.390000
 122 2.340000
 123 2.310000
 124 2.320000
 125 2.310000
 126 2.350000
 127 2.370000
 128 2.370000
 129 2.390000
 130 2.410000
 131 2.380000
 132 2.420000
 133 2.410000
 134 2.390000
 135 2.410000
 136 2.410000
 137 2.410000
 138 2.380000
 139 2.380000
 140 2.390000
 141 2.410000
 142 2.430000
 143 2.420000
 144 2.440000
 145 2.460000
 146 3.550000
 147 3.570000
 148 3.630000
 149 3.540000
 150 3.630000
 151 3.560000
 152 3.590000
 153 3.580000
 154 3.520000
 155 3.450000
 156 3.400000
 157 3.440000
 158 3.430000
 159 3.400000
 160 3.420000
 161 3.420000
 162 3.420000
 163 3.420000
 164 3.450000
 165 3.430000
 166 3.480000
 167 3.480000
 168 3.520000
 169 3.600000
 170 3.750000
 171 3.680000
 172 3.710000
 173 3.740000
 174 3.760000
 175 3.780000
 176 3.780000
 177 3.820000
 178 3.830000
 179 3.850000
 180 3.860000
 181 3.860000
 182 3.890000
 183 3.880000
 184 3.900000
 185 3.890000
 186 3.930000
 187 3.930000
 188 3.900000
 189 3.930000
 190 3.960000
 191 3.960000
 192 3.980000
 193 4.000000
 194 4.020000
 195 4.020000
 196 4.080000
 197 4.140000
 198 4.050000
 199 4.130000
 200 4.120000
 201 4.180000
 202 4.050000
 203 4.080000
 204 4.130000
 205 4.130000
 206 4.150000
 207 4.150000
 208 4.150000
 209 4.150000
 210 4.240000
 211 4.240000
 212 4.200000
 213 4.230000
 214 4.280000
 215 4.280000
 216 4.300000
 217 4.300000
 218 4.330000
 219 4.350000
 220 4.350000
 221 4.350000
 222 4.400000
 223 4.380000
 224 4.510000
 225 4.400000
 226 4.450000
 227 4.180000
 228 4.180000
 229 4.500000
 230 4.520000
 231 4.530000
 232 4.550000
 233 4.580000
 234 4.600000
 235 4.710000
 236 4.760000
 237 4.760000
 238 4.790000
 239 4.800000
 240 4.700000
 241 4.730000
 242 4.750000
 243 4.800000
 244 4.830000
 245 4.960000
 246 4.930000
 247 4.960000
 248 4.880000
 249 5.000000
 250 4.980000
 251 4.990000
 252 4.950000
 253 4.950000
 254 4.930000
 255 4.950000
 256 4.940000
 257 4.900000
 258 4.750000
 259 4.750000
 260 4.730000
 261 1.930000
 262 1.930000
 263 1.930000
 264 1.910000
 265 1.910000
 266 1.910000
 267 1.910000
 268 1.910000
 269 1.900000
 270 1.930000
 271 1.940000
 272 1.940000
 273 1.970000
 274 2.050000
 275 4.590000
 276 4.590000
 277 4.620000
 278 4.570000
 279 4.600000
 280 4.600000
 281 4.570000
 282 4.530000
 283 4.530000
 284 4.510000
 285 4.490000
 286 4.480000
 287 4.520000
 288 4.480000
 289 4.460000
 290 4.460000
 291 4.460000
 292 4.430000
 293 4.430000
 294 4.460000
 295 2.400000
 296 2.410000
 297 2.410000
 298 2.380000
 299 2.380000
 300 1.780000
 301 1.750000
 302 1.730000
 303 1.730000
 304 1.710000
 305 1.730000
 306 1.710000
 307 1.710000
 308 1.710000
 309 1.730000
 310 1.740000
 311 1.770000
 312 1.740000
 313 1.850000
 314 4.220000
 315 4.200000
 316 2.980000
 317 2.910000
 318 2.930000
 319 2.910000
 320 2.910000
 321 2.880000
 322 2.900000
 323 2.890000
 324 2.940000
 325 4.150000
 326 4.170000
 327 2.290000
 328 2.280000
 329 2.260000
 330 2.260000
 331 2.230000
 332 2.260000
 333 2.230000
 334 2.260000
 335 2.270000
 336 2.260000
 337 2.350000
 338 4.200000
 339 4.200000
 340 4.200000
 341 4.180000
 342 4.210000
 343 4.200000
 344 2.820000
 345 2.780000
 346 1.600000
 347 1.610000
 348 1.610000
 349 1.610000
 350 1.610000
 351 1.610000
 352 1.590000
 353 1.590000
 354 1.590000
 355 1.580000
 356 1.590000
 357 1.640000
 358 1.650000
 359 4.100000
 360 4.100000
 361 4.130000
 362 4.100000
 363 2.170000
 364 2.160000
 365 2.160000
 366 2.160000
 367 2.160000
 368 2.160000
 369 2.160000
 370 2.160000
 371 2.170000
 372 2.270000
 373 2.490000
 374 2.560000
 375 2.720000
 376 2.410000
 377 2.330000
 378 2.250000
 379 2.300000
 380 2.330000
 381 2.380000
 382 4.990000
 383 5.000000
 384 5.050000
 385 5.000000
 386 5.030000
 387 4.220000
 388 4.860000
 389 4.860000
 390 4.980000
 391 4.230000
 392 4.160000
 393 4.170000
 394 4.240000
 395 4.880000
 396 4.850000
 397 4.780000
 398 4.730000
 399 4.710000
 400 4.630000
 401 4.570000
 402 4.610000
 403 4.610000
 404 4.590000
 405 4.530000
 406 4.530000
 407 4.360000
 408 4.290000
 409 4.280000
 410 4.360000
 411 4.330000
 412 4.430000
 413 4.330000
 414 4.260000
 415 4.230000
 416 4.320000
 417 4.430000
 418 4.370000
 419 4.370000
 420 4.260000
 421 4.260000
 422 4.280000
 423 4.330000
 424 4.280000
 425 4.250000
 426 4.220000
 427 4.000000
 428 3.820000
 429 3.730000
 430 3.680000
 431 3.710000
 432 3.670000
 433 3.630000
 434 3.620000
 435 3.590000
 436 3.570000
 437 3.540000
 438 3.550000
 439 3.550000
 440 3.520000
 441 3.520000
 442 3.500000
 443 3.530000
 444 3.500000
 445 3.610000
 446 3.500000
 447 3.480000
 448 3.580000
 449 3.580000
 450 3.560000
 451 3.560000
 452 3.540000
 453 3.580000
 454 3.570000
 455 3.580000
 456 3.580000
 457 3.510000
 458 3.500000
 459 3.460000
 460 3.520000
 461 3.520000
 462 3.520000
 463 3.530000
 464 3.530000
 465 3.530000
 466 3.530000
 467 3.530000
 468 3.510000
 469 3.500000
 470 3.480000
 471 3.510000
 472 3.500000
 473 3.470000
 474 3.470000
 475 3.460000
 476 3.450000
 477 3.460000
 478 3.410000
 479 3.430000
 480 3.400000
 481 3.410000
 482 3.410000
 483 3.400000
 484 3.380000
 485 3.380000
 486 3.350000
 487 3.310000
 488 3.300000
 489 3.270000
 490 3.260000
 491 3.280000
 492 3.200000
 493 3.170000
 494 3.180000
 495 3.180000
 496 3.160000
 497 3.130000
 498 3.100000
 499 3.130000
 500 3.110000
 501 3.080000
 502 3.080000
 503 3.090000
 504 3.090000
 505 3.060000
 506 3.060000
 507 3.080000
 508 3.060000
 509 3.030000
 510 3.090000
 511 3.090000
 512 3.100000
 513 3.070000
 514 3.120000
 515 3.110000
 516 3.110000
 517 3.080000
 518 3.090000
 519 3.120000
 520 3.090000
 521 3.100000
 522 3.100000
 523 3.150000
 524 3.150000
 525 3.050000
 526 3.130000
 527 3.110000
 528 3.070000
 529 3.080000
 530 3.080000
 531 3.050000
 532 3.010000
 533 3.030000
 534 3.030000
 535 3.030000
 536 3.030000
 537 3.030000
 538 2.210000
 539 2.230000
 540 2.190000
 541 2.080000
 542 2.080000
 543 2.080000
 544 2.050000
 545 2.060000
 546 2.020000
 547 3.040000
 548 3.040000
 549 3.030000
 550 3.030000
 551 3.060000
 552 3.060000
 553 3.060000
 554 3.060000
 555 1.790000
 556 1.800000
 557 1.780000
 558 1.750000
 559 1.800000
 560 1.780000
 561 1.800000
 562 1.800000
 563 1.790000
 564 1.800000
 565 1.800000
 566 1.820000
 567 1.820000
 568 1.830000
 569 1.840000
 570 1.840000
 571 1.840000
 572 1.870000
 573 1.870000
 574 1.870000
 575 1.890000
 576 1.920000
 577 1.890000
 578 1.920000
 579 1.920000
 580 1.940000
 581 1.940000
 582 1.940000
 583 1.970000
 584 1.990000
 585 1.970000
 586 1.990000
 587 1.990000
 588 2.030000
 589 2.040000
 590 2.050000
 591 2.050000
 592 2.080000
 593 2.080000
 594 2.100000
 595 2.130000
 596 2.130000
 597 2.150000
 598 2.150000
 599 2.180000
 600 2.200000
 601 2.230000
 602 2.200000
 603 2.230000
 604 2.200000
 605 2.200000
 606 2.230000
 607 2.250000
 608 2.280000
 609 2.280000
 610 1.420000
 611 1.430000
 612 1.390000
 613 1.390000
 614 1.390000
 615 1.390000
 616 1.390000
 617 1.420000
 618 1.420000
 619 1.420000
 620 1.440000
 621 1.440000
 622 1.470000
 623 1.470000
 624 1.490000
 625 1.490000
 626 1.490000
 627 1.520000
 628 1.520000
 629 1.540000
 630 1.540000
 631 1.540000
 632 1.560000
 633 1.560000
 634 1.590000
 635 1.610000
 636 1.590000
 637 1.610000
 638 1.640000
 639 1.640000
 640 1.640000
 641 1.660000
 642 1.690000
 643 1.690000
 644 1.690000
 645 1.740000
 646 1.740000
 647 1.730000
 648 1.750000
 649 1.750000
 650 1.780000
 651 1.780000
 652 1.830000
 653 1.840000
 654 1.840000
 655 1.880000
 656 1.880000
 657 1.880000
 658 1.910000
 659 3.430000
 660 3.410000
 661 3.420000
 662 3.390000
 663 3.430000
 664 3.420000
 665 3.370000
 666 3.370000
 667 3.370000
 668 3.370000
 669 3.320000
 670 3.320000
 671 3.320000
 672 3.290000
 673 3.270000
 674 3.270000
 675 3.240000
 676 3.250000
 677 3.250000
 678 3.250000
 679 3.270000
 680 3.240000
 681 3.240000
 682 3.240000
 683 3.240000
 684 3.240000
 685 3.270000
 686 3.270000
 687 3.270000
 688 3.290000
 689 3.280000
 690 3.300000
 691 3.310000
 692 3.320000
 693 3.320000
 694 3.340000
 695 3.340000
 696 3.340000
 697 3.370000
 698 3.350000
 699 3.390000
 700 3.390000
 701 3.390000
 702 3.420000
 703 3.420000
 704 3.440000
 705 3.070000
 706 2.880000
 707 1.540000
 708 1.580000
 709 1.560000
 710 3.530000
 711 3.500000
 712 3.580000
 713 3.560000
 714 3.620000
 715 3.630000
 716 3.660000
 717 3.680000
 718 3.660000
 719 3.710000
 720 3.730000
 721 3.730000
 722 3.750000
 723 3.770000
 724 3.790000
 725 3.770000
 726 3.780000
 727 3.780000
 728 3.810000
 729 3.780000
 730 3.830000
 731 3.830000
 732 3.830000
 733 3.830000
 734 3.880000
 735 3.910000
 736 3.930000
 737 3.920000
 738 3.940000
 739 3.520000
 740 3.340000
 741 2.900000
 742 2.880000
 743 2.900000
 744 3.550000
 745 3.980000
 746 3.970000
 747 4.010000
 748 3.980000
 749 4.010000
 750 4.030000
 751 4.000000
 752 4.020000
 753 4.010000
 754 1.540000
 755 4.030000
 756 4.030000
 757 4.060000
 758 4.050000
 759 4.080000
 760 4.050000
 0 2.980000
 1 3.160000
 2 3.130000
 3 3.130000
 4 3.000000
 5 3.130000
 6 3.130000
 7 3.050000
 8 3.050000
 9 3.160000
 10 3.020000
 11 3.040000
 12 3.160000
 13 3.160000
 14 3.090000
 15 3.020000
 16 3.050000
 17 3.160000
 18 3.160000
 19 3.130000
 20 3.130000
 21 3.160000
 22 3.130000
 23 3.030000
 24 3.000000
 25 3.030000
 26 3.000000
 27 3.160000
 28 3.030000
 29 2.980000
 30 2.980000
 31 3.130000
 32 3.110000
 33 2.980000
 34 3.110000
 35 3.110000
 36 2.900000
 37 2.710000
 38 2.330000
 39 2.160000
 40 2.160000
 41 2.140000
 42 2.140000
 43 2.130000
 44 2.160000
 45 2.160000
 46 2.140000
 47 2.170000
 48 2.120000
 49 2.140000
 50 2.140000
 51 2.140000
 52 2.220000
 53 2.280000
 54 2.210000
 55 2.180000
 56 2.180000
 57 2.160000
 58 2.180000
 59 2.180000
 60 2.230000
 61 2.200000
 62 2.200000
 63 2.200000
 64 2.180000
 65 2.180000
 66 2.170000
 67 2.180000
 68 2.200000
 69 2.240000
 70 2.200000
 71 2.230000
 72 2.210000
 73 2.210000
 74 2.200000
 75 2.210000
 76 2.260000
 77 2.330000
 78 2.200000
 79 2.190000
 80 2.190000
 81 2.190000
 82 2.200000
 83 2.230000
 84 2.230000
 85 2.230000
 86 2.260000
 87 2.230000
 88 2.230000
 89 2.230000
 90 2.230000
 91 2.270000
 92 2.270000
 93 2.280000
 94 2.260000
 95 2.250000
 96 2.230000
 97 2.230000
 98 2.220000
 99 2.240000
 100 2.230000
 101 2.280000
 102 2.280000
 103 2.280000
 104 2.300000
 105 2.290000
 106 2.290000
 107 2.290000
 108 2.310000
 109 2.300000
 110 2.300000
 111 2.330000
 112 2.310000
 113 2.320000
 114 2.340000
 115 2.340000
 116 2.330000
 117 2.330000
 118 2.330000
 119 2.340000
 120 2.470000
 121 2.390000
 122 2.340000
 123 2.310000
 124 2.320000
 125 2.330000
 126 2.350000
 127 2.390000
 128 2.390000
 129 2.390000
 130 2.410000
 131 2.410000
 132 2.420000
 133 2.380000
 134 2.420000
 135 2.380000
 136 2.380000
 137 2.410000
 138 2.380000
 139 2.390000
 140 2.390000
 141 2.380000
 142 2.450000
 143 2.450000
 144 2.410000
 145 2.480000
 146 3.580000
 147 3.550000
 148 3.600000
 149 3.520000
 150 3.650000
 151 3.560000
 152 3.550000
 153 3.580000
 154 3.530000
 155 3.450000
 156 3.410000
 157 3.440000
 158 3.430000
 159 3.410000
 160 3.400000
 161 3.420000
 162 3.420000
 163 3.420000
 164 3.430000
 165 3.430000
 166 3.450000
 167 3.480000
 168 3.520000
 169 3.630000
 170 3.750000
 171 3.710000
 172 3.700000
 173 3.740000
 174 3.760000
 175 3.780000
 176 3.790000
 177 3.820000
 178 3.850000
 179 3.850000
 180 3.860000
 181 3.860000
 182 3.890000
 183 3.880000
 184 3.900000
 185 3.900000
 186 3.900000
 187 3.930000
 188 3.930000
 189 3.940000
 190 3.930000
 191 3.980000
 192 3.990000
 193 3.990000
 194 4.000000
 195 4.050000
 196 4.110000
 197 3.980000
 198 4.060000
 199 4.130000
 200 4.140000
 201 4.150000
 202 4.050000
 203 4.080000
 204 4.100000
 205 4.100000
 206 4.150000
 207 4.150000
 208 4.150000
 209 4.150000
 210 4.250000
 211 4.250000
 212 4.200000
 213 4.230000
 214 4.280000
 215 4.250000
 216 4.270000
 217 4.320000
 218 4.300000
 219 4.350000
 220 4.350000
 221 4.350000
 222 4.350000
 223 4.380000
 224 4.480000
 225 4.400000
 226 4.430000
 227 4.180000
 228 4.180000
 229 4.500000
 230 4.500000
 231 4.530000
 232 4.550000
 233 4.580000
 234 4.600000
 235 4.730000
 236 4.760000
 237 4.760000
 238 4.810000
 239 4.770000
 240 4.700000
 241 4.730000
 242 4.730000
 243 4.780000
 244 4.800000
 245 4.930000
 246 4.950000
 247 4.960000
 248 4.900000
 249 4.980000
 250 5.000000
 251 4.990000
 252 4.980000
 253 4.950000
 254 4.930000
 255 4.930000
 256 4.940000
 257 4.900000
 258 4.750000
 259 4.750000
 260 4.730000
 261 1.920000
 262 1.950000
 263 1.930000
 264 1.930000
 265 1.930000
 266 1.930000
 267 1.910000
 268 1.910000
 269 1.900000
 270 1.930000
 271 1.920000
 272 1.940000
 273 1.970000
 274 2.020000
 275 4.610000
 276 4.590000
 277 4.600000
 278 4.600000
 279 4.600000
 280 4.600000
 281 4.550000
 282 4.530000
 283 4.510000
 284 4.510000
 285 4.490000
 286 4.470000
 287 4.520000
 288 4.510000
 289 4.480000
 290 4.460000
 291 4.480000
 292 4.460000
 293 4.430000
 294 4.460000
 295 2.400000
 296 2.410000
 297 2.410000
 298 2.410000
 299 2.380000
 300 1.780000
 301 1.730000
 302 1.760000
 303 1.730000
 304 1.730000
 305 1.730000
 306 1.710000
 307 1.710000
 308 1.710000
 309 1.730000
 310 1.710000
 311 1.740000
 312 1.770000
 313 1.850000
 314 4.220000
 315 4.200000
 316 2.950000
 317 2.910000
 318 2.900000
 319 2.880000
 320 2.880000
 321 2.880000
 322 2.880000
 323 2.920000
 324 2.940000
 325 4.150000
 326 4.170000
 327 2.260000
 328 2.260000
 329 2.260000
 330 2.260000
 331 2.260000
 332 2.230000
 333 2.230000
 334 2.260000
 335 2.270000
 336 2.280000
 337 2.370000
 338 4.200000
 339 4.200000
 340 4.200000
 341 4.180000
 342 4.190000
 343 4.200000
 344 2.800000
 345 2.780000
 346 1.600000
 347 1.610000
 348 1.610000
 349 1.610000
 350 1.610000
 351 1.610000
 352 1.590000
 353 1.620000
 354 1.590000
 355 1.580000
 356 1.590000
 357 1.610000
 358 1.650000
 359 4.110000
 360 4.110000
 361 4.130000
 362 4.130000
 363 2.160000
 364 2.160000
 365 2.160000
 366 2.160000
 367 2.160000
 368 2.160000
 369 2.130000
 370 2.150000
 371 2.170000
 372 2.240000
 373 2.490000
 374 2.560000
 375 2.720000
 376 2.410000
 377 2.330000
 378 2.250000
 379 2.280000
 380 2.300000
 381 2.380000
 382 4.970000
 383 5.000000
 384 5.030000
 385 5.000000
 386 5.000000
 387 4.240000
 388 4.860000
 389 4.880000
 390 5.010000
 391 4.230000
 392 4.200000
 393 4.200000
 394 4.260000
 395 4.880000
 396 4.850000
 397 4.780000
 398 4.730000
 399 4.680000
 400 4.640000
 401 4.570000
 402 4.610000
 403 4.590000
 404 4.580000
 405 4.580000
 406 4.560000
 407 4.390000
 408 4.280000
 409 4.290000
 410 4.360000
 411 4.340000
 412 4.410000
 413 4.320000
 414 4.230000
 415 4.230000
 416 4.290000
 417 4.430000
 418 4.390000
 419 4.370000
 420 4.280000
 421 4.290000
 422 4.290000
 423 4.300000
 424 4.280000
 425 4.250000
 426 4.220000
 427 3.980000
 428 3.790000
 429 3.710000
 430 3.710000
 431 3.630000
 432 3.670000
 433 3.630000
 434 3.620000
 435 3.590000
 436 3.540000
 437 3.570000
 438 3.550000
 439 3.500000
 440 3.500000
 441 3.500000
 442 3.530000
 443 3.500000
 444 3.500000
 445 3.570000
 446 3.610000
 447 3.610000
 448 3.580000
 449 3.580000
 450 3.580000
 451 3.530000
 452 3.540000
 453 3.580000
 454 3.570000
 455 3.550000
 456 3.550000
 457 3.490000
 458 3.490000
 459 3.470000
 460 3.500000
 461 3.520000
 462 3.520000
 463 3.510000
 464 3.540000
 465 3.530000
 466 3.510000
 467 3.530000
 468 3.510000
 469 3.520000
 470 3.500000
 471 3.490000
 472 3.470000
 473 3.480000
 474 3.470000
 475 3.480000
 476 3.470000
 477 3.420000
 478 3.410000
 479 3.460000
 480 3.420000
 481 3.430000
 482 3.410000
 483 3.410000
 484 3.370000
 485 3.380000
 486 3.320000
 487 3.310000
 488 3.270000
 489 3.250000
 490 3.270000
 491 3.250000
 492 3.200000
 493 3.180000
 494 3.180000
 495 3.160000
 496 3.130000
 497 3.130000
 498 3.130000
 499 3.110000
 500 3.110000
 501 3.080000
 502 3.080000
 503 3.090000
 504 3.080000
 505 3.060000
 506 3.080000
 507 3.080000
 508 3.060000
 509 3.030000
 510 3.090000
 511 3.060000
 512 3.100000
 513 3.100000
 514 3.100000
 515 3.090000
 516 3.080000
 517 3.080000
 518 3.100000
 519 3.100000
 520 3.110000
 521 3.120000
 522 3.100000
 523 3.120000
 524 3.120000
 525 3.070000
 526 3.100000
 527 3.110000
 528 3.110000
 529 3.080000
 530 3.060000
 531 3.060000
 532 3.040000
 533 3.030000
 534 3.030000
 535 3.040000
 536 3.030000
 537 3.010000
 538 2.190000
 539 2.210000
 540 2.180000
 541 2.110000
 542 2.110000
 543 2.050000
 544 2.050000
 545 2.060000
 546 2.040000
 547 3.010000
 548 3.040000
 549 3.040000
 550 3.030000
 551 3.060000
 552 3.060000
 553 3.060000
 554 3.060000
 555 1.800000
 556 1.810000
 557 1.760000
 558 1.770000
 559 1.770000
 560 1.780000
 561 1.780000
 562 1.800000
 563 1.790000
 564 1.790000
 565 1.820000
 566 1.820000
 567 1.840000
 568 1.840000
 569 1.840000
 570 1.840000
 571 1.840000
 572 1.840000
 573 1.890000
 574 1.870000
 575 1.890000
 576 1.890000
 577 1.890000
 578 1.920000
 579 1.920000
 580 1.920000
 581 1.940000
 582 1.940000
 583 1.970000
 584 1.970000
 585 1.970000
 586 1.990000
 587 1.990000
 588 2.030000
 589 2.030000
 590 2.030000
 591 2.080000
 592 2.080000
 593 2.080000
 594 2.100000
 595 2.100000
 596 2.150000
 597 2.130000
 598 2.150000
 599 2.180000
 600 2.200000
 601 2.200000
 602 2.230000
 603 2.230000
 604 2.200000
 605 2.200000
 606 2.230000
 607 2.250000
 608 2.280000
 609 2.300000
 610 1.420000
 611 1.430000
 612 1.430000
 613 1.400000
 614 1.390000
 615 1.390000
 616 1.390000
 617 1.420000
 618 1.420000
 619 1.420000
 620 1.420000
 621 1.440000
 622 1.470000
 623 1.470000
 624 1.490000
 625 1.470000
 626 1.490000
 627 1.520000
 628 1.520000
 629 1.520000
 630 1.540000
 631 1.570000
 632 1.540000
 633 1.560000
 634 1.560000
 635 1.590000
 636 1.590000
 637 1.610000
 638 1.610000
 639 1.640000
 640 1.640000
 641 1.660000
 642 1.660000
 643 1.710000
 644 1.690000
 645 1.700000
 646 1.740000
 647 1.740000
 648 1.730000
 649 1.750000
 650 1.800000
 651 1.800000
 652 1.800000
 653 1.830000
 654 1.850000
 655 1.850000
 656 1.850000
 657 1.880000
 658 1.910000
 659 3.430000
 660 3.410000
 661 3.370000
 662 3.420000
 663 3.410000
 664 3.420000
 665 3.370000
 666 3.370000
 667 3.370000
 668 3.340000
 669 3.340000
 670 3.320000
 671 3.320000
 672 3.270000
 673 3.270000
 674 3.270000
 675 3.250000
 676 3.240000
 677 3.220000
 678 3.240000
 679 3.270000
 680 3.240000
 681 3.240000
 682 3.240000
 683 3.240000
 684 3.240000
 685 3.240000
 686 3.240000
 687 3.270000
 688 3.290000
 689 3.300000
 690 3.310000
 691 3.310000
 692 3.320000
 693 3.320000
 694 3.320000
 695 3.320000
 696 3.340000
 697 3.340000
 698 3.340000
 699 3.370000
 700 3.390000
 701 3.370000
 702 3.390000
 703 3.420000
 704 3.420000
 705 3.050000
 706 2.910000
 707 1.530000
 708 1.560000
 709 1.540000
 710 3.510000
 711 3.530000
 712 3.560000
 713 3.580000
 714 3.610000
 715 3.610000
 716 3.630000
 717 3.680000
 718 3.650000
 719 3.700000
 720 3.730000
 721 3.730000
 722 3.760000
 723 3.760000
 724 3.770000
 725 3.790000
 726 3.790000
 727 3.810000
 728 3.780000
 729 3.790000
 730 3.830000
 731 3.830000
 732 3.870000
 733 3.830000
 734 3.880000
 735 3.920000
 736 3.940000
 737 3.920000
 738 3.930000
 739 3.540000
 740 3.350000
 741 2.900000
 742 2.910000
 743 2.890000
 744 3.540000
 745 3.980000
 746 3.980000
 747 3.980000
 748 4.020000
 749 4.010000
 750 4.020000
 751 3.980000
 752 4.010000
 753 4.010000
 754 1.540000
 755 4.030000
 756 4.030000
 757 4.030000
 758 4.050000
 759 4.080000
 760 4.050000
 0 3.000000
 1 3.130000
 2 3.130000
 3 3.110000
 4 3.000000
 5 3.130000
 6 3.110000
 7 3.050000
 8 3.050000
 9 3.180000
 10 3.040000
 11 3.040000
 12 3.180000
 13 3.160000
 14 3.040000
 15 3.070000
 16 3.050000
 17 3.180000
 18 3.160000
 19 3.160000
 20 3.110000
 21 3.130000
 22 3.130000
 23 3.030000
 24 3.000000
 25 3.030000
 26 3.030000
 27 2.980000
 28 3.030000
 29 3.000000
 30 2.980000
 31 3.130000
 32 3.080000
 33 2.980000
 34 3.110000
 35 3.080000
 36 2.900000
 37 2.690000
 38 2.330000
 39 2.170000
 40 2.160000
 41 2.140000
 42 2.120000
 43 2.130000
 44 2.160000
 45 2.130000
 46 2.140000
 47 2.140000
 48 2.140000
 49 2.120000
 50 2.140000
 51 2.140000
 52 2.240000
 53 2.280000
 54 2.230000
 55 2.180000
 56 2.180000
 57 2.180000
 58 2.180000
 59 2.210000
 60 2.200000
 61 2.200000
 62 2.190000
 63 2.180000
 64 2.180000
 65 2.180000
 66 2.180000
 67 2.180000
 68 2.210000
 69 2.220000
 70 2.230000
 71 2.230000
 72 2.210000
 73 2.210000
 74 2.230000
 75 2.210000
 76 2.260000
 77 2.330000
 78 2.210000
 79 2.190000
 80 2.170000
 81 2.170000
 82 2.180000
 83 2.230000
 84 2.250000
 85 2.250000
 86 2.230000
 87 2.250000
 88 2.230000
 89 2.230000
 90 2.260000
 91 2.270000
 92 2.270000
 93 2.280000
 94 2.260000
 95 2.260000
 96 2.230000
 97 2.230000
 98 2.240000
 99 2.220000
 100 2.230000
 101 2.250000
 102 2.280000
 103 2.280000
 104 2.280000
 105 2.320000
 106 2.290000
 107 2.320000
 108 2.310000
 109 2.300000
 110 2.330000
 111 2.300000
 112 2.310000
 113 2.320000
 114 2.340000
 115 2.340000
 116 2.330000
 117 2.330000
 118 2.320000
 119 2.340000
 120 2.470000
 121 2.390000
 122 2.320000
 123 2.310000
 124 2.320000
 125 2.310000
 126 2.350000
 127 2.370000
 128 2.370000
 129 2.390000
 130 2.380000
 131 2.380000
 132 2.420000
 133 2.410000
 134 2.420000
 135 2.410000
 136 2.380000
 137 2.410000
 138 2.380000
 139 2.380000
 140 2.390000
 141 2.380000
 142 2.430000
 143 2.420000
 144 2.410000
 145 2.480000
 146 3.550000
 147 3.580000
 148 3.650000
 149 3.490000
 150 3.630000
 151 3.590000
 152 3.550000
 153 3.580000
 154 3.520000
 155 3.450000
 156 3.410000
 157 3.420000
 158 3.430000
 159 3.430000
 160 3.420000
 161 3.420000
 162 3.420000
 163 3.440000
 164 3.430000
 165 3.430000
 166 3.450000
 167 3.450000
 168 3.520000
 169 3.600000
 170 3.750000
 171 3.690000
 172 3.730000
 173 3.750000
 174 3.760000
 175 3.760000
 176 3.780000
 177 3.820000
 178 3.830000
 179 3.850000
 180 3.860000
 181 3.860000
 182 3.870000
 183 3.900000
 184 3.880000
 185 3.900000
 186 3.900000
 187 3.930000
 188 3.930000
 189 3.930000
 190 3.930000
 191 3.980000
 192 4.000000
 193 3.990000
 194 3.980000
 195 3.990000
 196 4.080000
 197 4.100000
 198 4.060000
 199 4.130000
 200 4.140000
 201 4.180000
 202 4.050000
 203 4.080000
 204 4.100000
 205 4.120000
 206 4.130000
 207 4.130000
 208 4.180000
 209 4.150000
 210 4.210000
 211 4.240000
 212 4.200000
 213 4.230000
 214 4.250000
 215 4.250000
 216 4.300000
 217 4.320000
 218 4.270000
 219 4.500000
 220 4.350000
 221 4.350000
 222 4.380000
 223 4.380000
 224 4.470000
 225 4.430000
 226 4.450000
 227 4.150000
 228 4.160000
 229 4.500000
 230 4.520000
 231 4.530000
 232 4.550000
 233 4.580000
 234 4.580000
 235 4.710000
 236 4.730000
 237 4.760000
 238 4.780000
 239 4.770000
 240 4.730000
 241 4.730000
 242 4.750000
 243 4.780000
 244 4.830000
 245 4.930000
 246 4.930000
 247 4.980000
 248 4.880000
 249 4.980000
 250 5.000000
 251 4.990000
 252 4.950000
 253 4.950000
 254 4.900000
 255 4.960000
 256 4.910000
 257 4.890000
 258 4.750000
 259 4.750000
 260 4.700000
 261 1.950000
 262 1.950000
 263 1.960000
 264 1.930000
 265 1.930000
 266 1.910000
 267 1.910000
 268 1.910000
 269 1.900000
 270 1.930000
 271 1.940000
 272 1.940000
 273 1.940000
 274 2.050000
 275 4.610000
 276 4.590000
 277 4.600000
 278 4.600000
 279 4.590000
 280 4.600000
 281 4.570000
 282 4.530000
 283 4.510000
 284 4.510000
 285 4.520000
 286 4.470000
 287 4.520000
 288 4.510000
 289 4.480000
 290 4.480000
 291 4.460000
 292 4.430000
 293 4.440000
 294 2.480000
 295 2.400000
 296 2.410000
 297 2.410000
 298 2.380000
 299 2.380000
 300 1.780000
 301 1.750000
 302 1.730000
 303 1.730000
 304 1.730000
 305 1.710000
 306 1.730000
 307 1.730000
 308 1.710000
 309 1.700000
 310 1.740000
 311 1.740000
 312 1.770000
 313 1.850000
 314 4.250000
 315 4.220000
 316 2.980000
 317 2.910000
 318 2.900000
 319 2.910000
 320 2.910000
 321 2.860000
 322 2.900000
 323 2.920000
 324 2.940000
 325 2.980000
 326 4.170000
 327 2.290000
 328 2.250000
 329 2.260000
 330 2.260000
 331 2.260000
 332 2.260000
 333 2.260000
 334 2.230000
 335 2.240000
 336 2.290000
 337 2.370000
 338 4.230000
 339 4.200000
 340 4.180000
 341 4.180000
 342 4.180000
 343 4.200000
 344 2.790000
 345 2.780000
 346 1.630000
 347 1.610000
 348 1.610000
 349 1.610000
 350 1.610000
 351 1.580000
 352 1.580000
 353 1.590000
 354 1.590000
 355 1.580000
 356 1.590000
 357 1.640000
 358 1.650000
 359 4.130000
 360 4.100000
 361 4.100000
 362 4.100000
 363 2.170000
 364 2.160000
 365 2.160000
 366 2.160000
 367 2.130000
 368 2.160000
 369 2.160000
 370 2.130000
 371 2.170000
 372 2.240000
 373 2.490000
 374 2.560000
 375 2.720000
 376 2.380000
 377 2.360000
 378 2.250000
 379 2.300000
 380 2.300000
 381 2.380000
 382 4.990000
 383 5.020000
 384 5.030000
 385 5.030000
 386 5.030000
 387 4.220000
 388 4.860000
 389 4.880000
 390 5.010000
 391 4.230000
 392 4.160000
 393 4.200000
 394 4.230000
 395 4.880000
 396 4.850000
 397 4.780000
 398 4.730000
 399 4.680000
 400 4.630000
 401 4.580000
 402 4.610000
 403 4.610000
 404 4.580000
 405 4.580000
 406 4.550000
 407 4.390000
 408 4.290000
 409 4.280000
 410 4.280000
 411 4.330000
 412 4.420000
 413 4.320000
 414 4.230000
 415 4.250000
 416 4.320000
 417 4.410000
 418 4.380000
 419 4.340000
 420 4.280000
 421 4.260000
 422 4.310000
 423 4.330000
 424 4.300000
 425 4.250000
 426 4.280000
 427 4.000000
 428 3.820000
 429 3.710000
 430 3.710000
 431 3.660000
 432 3.670000
 433 3.610000
 434 3.620000
 435 3.590000
 436 3.540000
 437 3.540000
 438 3.570000
 439 3.550000
 440 3.520000
 441 3.470000
 442 3.530000
 443 3.530000
 444 3.530000
 445 3.590000
 446 3.500000
 447 3.610000
 448 3.600000
 449 3.580000
 450 3.560000
 451 3.560000
 452 3.550000
 453 3.560000
 454 3.570000
 455 3.580000
 456 3.550000
 457 3.490000
 458 3.500000
 459 3.460000
 460 3.530000
 461 3.520000
 462 3.520000
 463 3.530000
 464 3.530000
 465 3.530000
 466 3.510000
 467 3.500000
 468 3.510000
 469 3.500000
 470 3.480000
 471 3.470000
 472 3.470000
 473 3.460000
 474 3.460000
 475 3.460000
 476 3.450000
 477 3.420000
 478 3.400000
 479 3.420000
 480 3.400000
 481 3.430000
 482 3.430000
 483 3.410000
 484 3.380000
 485 3.350000
 486 3.360000
 487 3.270000
 488 3.280000
 489 3.270000
 490 3.270000
 491 3.250000
 492 3.220000
 493 3.180000
 494 3.200000
 495 3.160000
 496 3.180000
 497 3.130000
 498 3.130000
 499 3.100000
 500 3.130000
 501 3.080000
 502 3.060000
 503 3.090000
 504 3.080000
 505 3.090000
 506 3.060000
 507 3.060000
 508 3.060000
 509 3.060000
 510 3.080000
 511 3.060000
 512 3.100000
 513 3.100000
 514 3.100000
 515 3.090000
 516 3.110000
 517 3.110000
 518 3.070000
 519 3.100000
 520 3.130000
 521 3.090000
 522 3.120000
 523 3.120000
 524 3.120000
 525 3.070000
 526 3.110000
 527 3.080000
 528 3.080000
 529 3.080000
 530 3.080000
 531 3.030000
 532 3.010000
 533 3.030000
 534 3.060000
 535 3.040000
 536 3.030000
 537 3.010000
 538 2.270000
 539 2.210000
 540 2.180000
 541 2.110000
 542 2.100000
 543 2.080000
 544 2.050000
 545 2.060000
 546 1.980000
 547 3.030000
 548 3.040000
 549 3.030000
 550 3.030000
 551 3.030000
 552 3.040000
 553 3.060000
 554 3.060000
 555 1.820000
 556 1.810000
 557 1.780000
 558 1.750000
 559 1.780000
 560 1.780000
 561 1.780000
 562 1.770000
 563 1.790000
 564 1.790000
 565 1.820000
 566 1.820000
 567 1.820000
 568 1.840000
 569 1.820000
 570 1.840000
 571 1.870000
 572 1.870000
 573 1.870000
 574 1.870000
 575 1.890000
 576 1.890000
 577 1.920000
 578 1.890000
 579 1.920000
 580 1.940000
 581 1.940000
 582 1.970000
 583 1.970000
 584 1.970000
 585 2.000000
 586 1.990000
 587 2.020000
 588 2.030000
 589 2.030000
 590 2.050000
 591 2.080000
 592 2.080000
 593 2.100000
 594 2.100000
 595 2.100000
 596 2.150000
 597 2.150000
 598 2.180000
 599 2.180000
 600 2.200000
 601 2.200000
 602 2.230000
 603 2.230000
 604 2.190000
 605 2.200000
 606 2.230000
 607 2.250000
 608 2.280000
 609 2.280000
 610 1.420000
 611 1.390000
 612 1.400000
 613 1.400000
 614 1.410000
 615 1.420000
 616 1.420000
 617 1.420000
 618 1.420000
 619 1.420000
 620 1.440000
 621 1.470000
 622 1.470000
 623 1.470000
 624 1.470000
 625 1.490000
 626 1.490000
 627 1.490000
 628 1.520000
 629 1.540000
 630 1.540000
 631 1.540000
 632 1.560000
 633 1.560000
 634 1.560000
 635 1.590000
 636 1.590000
 637 1.610000
 638 1.610000
 639 1.610000
 640 1.660000
 641 1.660000
 642 1.660000
 643 1.690000
 644 1.690000
 645 1.710000
 646 1.730000
 647 1.730000
 648 1.750000
 649 1.790000
 650 1.780000
 651 1.790000
 652 1.830000
 653 1.830000
 654 1.830000
 655 1.860000
 656 1.880000
 657 1.900000
 658 1.910000
 659 3.430000
 660 3.430000
 661 3.390000
 662 3.390000
 663 3.410000
 664 3.420000
 665 3.390000
 666 3.340000
 667 3.370000
 668 3.350000
 669 3.340000
 670 3.320000
 671 3.290000
 672 3.270000
 673 3.270000
 674 3.240000
 675 3.240000
 676 3.270000
 677 3.240000
 678 3.270000
 679 3.250000
 680 3.240000
 681 3.270000
 682 3.240000
 683 3.240000
 684 3.270000
 685 3.220000
 686 3.270000
 687 3.290000
 688 3.270000
 689 3.300000
 690 3.300000
 691 3.290000
 692 3.320000
 693 3.320000
 694 3.350000
 695 3.340000
 696 3.320000
 697 3.370000
 698 3.370000
 699 3.370000
 700 3.390000
 701 3.370000
 702 3.390000
 703 3.420000
 704 3.440000
 705 3.050000
 706 2.910000
 707 1.570000
 708 1.560000
 709 1.590000
 710 3.510000
 711 3.530000
 712 3.580000
 713 3.580000
 714 3.610000
 715 3.610000
 716 3.660000
 717 3.660000
 718 3.650000
 719 3.700000
 720 3.730000
 721 3.730000
 722 3.750000
 723 3.760000
 724 3.770000
 725 3.780000
 726 3.780000
 727 3.810000
 728 3.780000
 729 3.810000
 730 3.810000
 731 3.830000
 732 3.840000
 733 3.830000
 734 3.880000
 735 3.910000
 736 3.910000
 737 3.910000
 738 3.930000
 739 3.520000
 740 3.330000
 741 2.930000
 742 2.900000
 743 2.900000
 744 3.520000
 745 3.950000
 746 3.990000
 747 4.020000
 748 3.980000
 749 4.030000
 750 4.020000
 751 4.020000
 752 4.010000
 753 4.010000
 754 1.530000
 755 4.030000
 756 4.030000
 757 4.060000
 758 4.060000
 759 4.060000
 760 4.080000
 0 2.980000
 1 3.140000
 2 3.140000
 3 3.140000
 4 3.000000
 5 3.160000
 6 3.140000
 7 3.050000
 8 3.080000
 9 3.190000
 10 3.050000
 11 3.040000
 12 3.160000
 13 3.160000
 14 3.040000
 15 3.040000
 16 3.050000
 17 3.160000
 18 3.190000
 19 3.140000
 20 3.110000
 21 3.160000
 22 3.140000
 23 3.030000
 24 3.000000
 25 3.000000
 26 3.030000
 27 3.160000
 28 3.000000
 29 2.980000
 30 2.980000
 31 3.140000
 32 3.090000
 33 2.980000
 34 3.110000
 35 3.090000
 36 2.880000
 37 2.700000
 38 2.330000
 39 2.160000
 40 2.160000
 41 2.110000
 42 2.150000
 43 2.150000
 44 2.140000
 45 2.140000
 46 2.150000
 47 2.150000
 48 2.150000
 49 2.120000
 50 2.150000
 51 2.170000
 52 2.220000
 53 2.260000
 54 2.260000
 55 2.180000
 56 2.190000
 57 2.190000
 58 2.210000
 59 2.190000
 60 2.200000
 61 2.230000
 62 2.200000
 63 2.190000
 64 2.180000
 65 2.160000
 66 2.170000
 67 2.190000
 68 2.210000
 69 2.220000
 70 2.230000
 71 2.230000
 72 2.210000
 73 2.240000
 74 2.200000
 75 2.210000
 76 2.240000
 77 2.320000
 78 2.200000
 79 2.170000
 80 2.170000
 81 2.170000
 82 2.180000
 83 2.210000
 84 2.230000
 85 2.250000
 86 2.240000
 87 2.250000
 88 2.230000
 89 2.240000
 90 2.260000
 91 2.270000
 92 2.270000
 93 2.250000
 94 2.260000
 95 2.260000
 96 2.240000
 97 2.240000
 98 2.220000
 99 2.220000
 100 2.240000
 101 2.280000
 102 2.280000
 103 2.280000
 104 2.280000
 105 2.290000
 106 2.320000
 107 2.290000
 108 2.310000
 109 2.300000
 110 2.330000
 111 2.300000
 112 2.310000
 113 2.320000
 114 2.320000
 115 2.340000
 116 2.340000
 117 2.350000
 118 2.330000
 119 2.320000
 120 2.470000
 121 2.390000
 122 2.350000
 123 2.310000
 124 2.320000
 125 2.320000
 126 2.350000
 127 2.370000
 128 2.390000
 129 2.390000
 130 2.390000
 131 2.390000
 132 2.390000
 133 2.410000
 134 2.420000
 135 2.410000
 136 2.390000
 137 2.390000
 138 2.390000
 139 2.390000
 140 2.390000
 141 2.410000
 142 2.430000
 143 2.420000
 144 2.420000
 145 2.460000
 146 3.560000
 147 3.580000
 148 3.630000
 149 3.510000
 150 3.630000
 151 3.600000
 152 3.580000
 153 3.560000
 154 3.530000
 155 3.450000
 156 3.400000
 157 3.420000
 158 3.430000
 159 3.410000
 160 3.400000
 161 3.430000
 162 3.450000
 163 3.420000
 164 3.430000
 165 3.430000
 166 3.480000
 167 3.500000
 168 3.520000
 169 3.630000
 170 3.770000
 171 3.730000
 172 3.720000
 173 3.740000
 174 3.770000
 175 3.790000
 176 3.810000
 177 3.820000
 178 3.830000
 179 3.850000
 180 3.860000
 181 3.870000
 182 3.870000
 183 3.880000
 184 3.890000
 185 3.920000
 186 3.930000
 187 3.930000
 188 3.950000
 189 3.930000
 190 3.930000
 191 3.980000
 192 4.000000
 193 3.990000
 194 3.990000
 195 4.020000
 196 4.110000
 197 3.980000
 198 4.060000
 199 4.160000
 200 4.140000
 201 4.180000
 202 4.080000
 203 4.080000
 204 4.100000
 205 4.130000
 206 4.150000
 207 4.130000
 208 4.150000
 209 4.180000
 210 4.250000
 211 4.240000
 212 4.200000
 213 4.230000
 214 4.250000
 215 4.250000
 216 4.270000
 217 4.270000
 218 4.300000
 219 4.330000
 220 4.350000
 221 4.350000
 222 4.380000
 223 4.380000
 224 4.480000
 225 4.430000
 226 4.450000
 227 4.150000
 228 4.160000
 229 4.480000
 230 4.520000
 231 4.530000
 232 4.530000
 233 4.600000
 234 4.600000
 235 4.710000
 236 4.770000
 237 4.740000
 238 4.820000
 239 4.770000
 240 4.730000
 241 4.730000
 242 4.750000
 243 4.780000
 244 4.800000
 245 4.970000
 246 4.950000
 247 4.980000
 248 4.880000
 249 5.010000
 250 4.980000
 251 4.960000
 252 4.960000
 253 4.960000
 254 4.930000
 255 4.960000
 256 4.940000
 257 4.890000
 258 4.780000
 259 4.750000
 260 4.700000
 261 1.900000
 262 1.930000
 263 1.960000
 264 1.940000
 265 1.940000
 266 1.940000
 267 1.910000
 268 1.910000
 269 1.900000
 270 1.930000
 271 1.920000
 272 1.950000
 273 1.970000
 274 2.050000
 275 4.590000
 276 4.620000
 277 4.600000
 278 4.590000
 279 4.600000
 280 4.600000
 281 4.570000
 282 4.530000
 283 4.540000
 284 4.530000
 285 4.490000
 286 4.480000
 287 4.520000
 288 4.480000
 289 4.480000
 290 4.460000
 291 4.460000
 292 4.430000
 293 4.440000
 294 2.480000
 295 2.400000
 296 2.410000
 297 2.390000
 298 2.390000
 299 2.390000
 300 1.780000
 301 1.730000
 302 1.740000
 303 1.740000
 304 1.740000
 305 1.710000
 306 1.710000
 307 1.710000
 308 1.710000
 309 1.730000
 310 1.720000
 311 1.750000
 312 1.770000
 313 1.820000
 314 4.220000
 315 4.200000
 316 2.960000
 317 2.910000
 318 2.930000
 319 2.890000
 320 2.910000
 321 2.890000
 322 2.880000
 323 2.920000
 324 2.950000
 325 4.170000
 326 4.170000
 327 2.290000
 328 2.250000
 329 2.260000
 330 2.260000
 331 2.260000
 332 2.260000
 333 2.240000
 334 2.240000
 335 2.250000
 336 2.260000
 337 2.370000
 338 4.230000
 339 4.210000
 340 4.180000
 341 4.180000
 342 4.180000
 343 4.210000
 344 2.800000
 345 2.800000
 346 1.630000
 347 1.610000
 348 1.610000
 349 1.610000
 350 1.610000
 351 1.610000
 352 1.620000
 353 1.590000
 354 1.590000
 355 1.590000
 356 1.600000
 357 1.610000
 358 1.660000
 359 4.100000
 360 4.100000
 361 4.080000
 362 4.100000
 363 2.170000
 364 2.160000
 365 2.160000
 366 2.160000
 367 2.160000
 368 2.160000
 369 2.160000
 370 2.150000
 371 2.170000
 372 2.240000
 373 2.490000
 374 2.560000
 375 2.710000
 376 2.410000
 377 2.340000
 378 2.260000
 379 2.280000
 380 2.330000
 381 2.380000
 382 4.990000
 383 5.020000
 384 5.030000
 385 5.000000
 386 5.000000
 387 4.270000
 388 4.870000
 389 4.880000
 390 5.010000
 391 4.230000
 392 4.190000
 393 4.200000
 394 4.230000
 395 4.850000
 396 4.830000
 397 4.810000
 398 4.730000
 399 4.680000
 400 4.610000
 401 4.560000
 402 4.610000
 403 4.610000
 404 4.610000
 405 4.560000
 406 4.570000
 407 4.390000
 408 4.280000
 409 4.320000
 410 4.360000
 411 4.330000
 412 4.430000
 413 4.320000
 414 4.230000
 415 4.230000
 416 4.320000
 417 4.410000
 418 4.360000
 419 4.370000
 420 4.280000
 421 4.260000
 422 4.290000
 423 4.330000
 424 4.260000
 425 4.260000
 426 4.220000
 427 4.000000
 428 3.740000
 429 3.710000
 430 3.690000
 431 3.640000
 432 3.670000
 433 3.610000
 434 3.590000
 435 3.590000
 436 3.540000
 437 3.570000
 438 3.550000
 439 3.520000
 440 3.520000
 441 3.500000
 442 3.500000
 443 3.500000
 444 3.500000
 445 3.610000
 446 3.610000
 447 3.610000
 448 3.580000
 449 3.580000
 450 3.560000
 451 3.560000
 452 3.550000
 453 3.560000
 454 3.570000
 455 3.580000
 456 3.560000
 457 3.490000
 458 3.500000
 459 3.490000
 460 3.510000
 461 3.540000
 462 3.520000
 463 3.530000
 464 3.530000
 465 3.530000
 466 3.530000
 467 3.530000
 468 3.510000
 469 3.500000
 470 3.470000
 471 3.480000
 472 3.480000
 473 3.470000
 474 3.470000
 475 3.450000
 476 3.450000
 477 3.420000
 478 3.400000
 479 3.430000
 480 3.420000
 481 3.410000
 482 3.410000
 483 3.410000
 484 3.380000
 485 3.380000
 486 3.330000
 487 3.280000
 488 3.280000
 489 3.250000
 490 3.270000
 491 3.250000
 492 3.200000
 493 3.170000
 494 3.180000
 495 3.180000
 496 3.160000
 497 3.100000
 498 3.110000
 499 3.110000
 500 3.080000
 501 3.080000
 502 3.080000
 503 3.070000
 504 3.070000
 505 3.070000
 506 3.060000
 507 3.060000
 508 3.060000
 509 3.060000
 510 3.090000
 511 3.070000
 512 3.100000
 513 3.100000
 514 3.120000
 515 3.090000
 516 3.080000
 517 3.080000
 518 3.100000
 519 3.110000
 520 3.130000
 521 3.120000
 522 3.100000
 523 3.120000
 524 3.120000
 525 3.060000
 526 3.130000
 527 3.100000
 528 3.080000
 529 3.110000
 530 3.060000
 531 3.030000
 532 3.040000
 533 3.030000
 534 3.030000
 535 3.030000
 536 3.000000
 537 3.020000
 538 2.190000
 539 2.220000
 540 2.190000
 541 2.110000
 542 2.070000
 543 2.080000
 544 2.060000
 545 2.030000
 546 2.020000
 547 3.030000
 548 3.040000
 549 3.030000
 550 3.030000
 551 3.060000
 552 3.070000
 553 3.070000
 554 3.070000
 555 1.790000
 556 1.800000
 557 1.780000
 558 1.780000
 559 1.770000
 560 1.780000
 561 1.780000
 562 1.800000
 563 1.800000
 564 1.820000
 565 1.800000
 566 1.820000
 567 1.820000
 568 1.850000
 569 1.850000
 570 1.850000
 571 1.850000
 572 1.850000
 573 1.870000
 574 1.900000
 575 1.900000
 576 1.900000
 577 1.900000
 578 1.920000
 579 1.920000
 580 1.920000
 581 1.950000
 582 1.950000
 583 1.970000
 584 1.970000
 585 2.000000
 586 2.000000
 587 2.000000
 588 2.000000
 589 2.050000
 590 2.050000
 591 2.050000
 592 2.080000
 593 2.100000
 594 2.100000
 595 2.130000
 596 2.150000
 597 2.150000
 598 2.180000
 599 2.180000
 600 2.200000
 601 2.230000
 602 2.240000
 603 2.230000
 604 2.200000
 605 2.200000
 606 2.230000
 607 2.250000
 608 2.280000
 609 2.280000
 610 1.400000
 611 1.400000
 612 1.390000
 613 1.390000
 614 1.420000
 615 1.400000
 616 1.420000
 617 1.420000
 618 1.420000
 619 1.450000
 620 1.450000
 621 1.470000
 622 1.470000
 623 1.470000
 624 1.470000
 625 1.500000
 626 1.500000
 627 1.520000
 628 1.520000
 629 1.520000
 630 1.520000
 631 1.560000
 632 1.540000
 633 1.560000
 634 1.590000
 635 1.590000
 636 1.610000
 637 1.610000
 638 1.610000
 639 1.640000
 640 1.660000
 641 1.660000
 642 1.690000
 643 1.690000
 644 1.710000
 645 1.710000
 646 1.740000
 647 1.730000
 648 1.730000
 649 1.760000
 650 1.780000
 651 1.790000
 652 1.810000
 653 1.810000
 654 1.830000
 655 1.860000
 656 1.860000
 657 1.910000
 658 1.940000
 659 3.460000
 660 3.410000
 661 3.390000
 662 3.390000
 663 3.410000
 664 3.390000
 665 3.370000
 666 3.370000
 667 3.370000
 668 3.340000
 669 3.340000
 670 3.320000
 671 3.320000
 672 3.270000
 673 3.240000
 674 3.270000
 675 3.270000
 676 3.250000
 677 3.250000
 678 3.250000
 679 3.240000
 680 3.240000
 681 3.240000
 682 3.240000
 683 3.230000
 684 3.270000
 685 3.240000
 686 3.250000
 687 3.310000
 688 3.300000
 689 3.310000
 690 3.300000
 691 3.310000
 692 3.320000
 693 3.320000
 694 3.340000
 695 3.320000
 696 3.350000
 697 3.370000
 698 3.370000
 699 3.370000
 700 3.390000
 701 3.370000
 702 3.410000
 703 3.420000
 704 3.440000
 705 3.070000
 706 2.910000
 707 1.570000
 708 1.560000
 709 1.560000
 710 3.530000
 711 3.530000
 712 3.560000
 713 3.580000
 714 3.600000
 715 3.610000
 716 3.640000
 717 3.660000
 718 3.680000
 719 3.730000
 720 3.730000
 721 3.730000
 722 3.750000
 723 3.770000
 724 3.770000
 725 3.790000
 726 3.790000
 727 3.810000
 728 3.750000
 729 3.790000
 730 3.830000
 731 3.830000
 732 3.830000
 733 3.830000
 734 3.890000
 735 3.880000
 736 3.920000
 737 3.940000
 738 3.960000
 739 3.520000
 740 3.320000
 741 2.910000
 742 2.910000
 743 2.900000
 744 3.520000
 745 3.980000
 746 3.990000
 747 3.980000
 748 3.980000
 749 4.020000
 750 4.020000
 751 4.010000
 752 4.030000
 753 4.010000
 754 1.510000
 755 4.030000
 756 4.050000
 757 4.060000
 758 4.060000
 759 4.080000
 760 4.080000