
 0 2.210000
 1 2.160000
 2 2.720000
 3 2.030000
 4 2.500000
 5 2.170000
 6 2.310000
 7 2.130000
 8 2.220000
 9 2.140000
 10 2.140000
 11 2.270000
 12 2.060000
 13 2.040000
 14 2.090000
 15 2.160000
 16 2.090000
 17 2.080000
 18 2.090000
 19 2.110000
 20 2.050000
 21 2.060000
 22 2.130000
 23 2.160000
 24 2.390000
 25 2.240000
 26 2.590000
 27 2.240000
 28 2.590000
 29 2.270000
 30 2.570000
 31 2.240000
 32 2.420000
 33 2.180000
 34 2.180000
 35 2.150000
 36 2.180000
 37 2.200000
 38 2.180000
 39 2.230000
 40 2.170000
 41 2.200000
 42 2.170000
 43 2.190000
 44 2.170000
 45 2.210000
 46 2.140000
 47 2.160000
 48 2.090000
 49 2.080000
 50 2.070000
 51 2.230000
 52 2.150000
 53 2.310000
 54 2.210000
 55 2.130000
 56 2.080000
 57 2.050000
 58 2.090000
 59 2.090000
 60 2.080000
 61 2.070000
 62 2.170000
 63 2.090000
 64 2.160000
 65 2.150000
 66 2.150000
 67 2.160000
 68 2.160000
 69 2.160000
 70 2.130000
 71 2.120000
 72 2.120000
 73 2.110000
 74 2.120000
 75 2.120000
 76 2.330000
 77 2.220000
 78 2.200000
 79 2.180000
 80 2.450000
 81 2.280000
 82 2.490000
 83 2.220000
 84 2.370000
 85 2.140000
 86 2.290000
 87 2.220000
 88 2.150000
 89 2.140000
 90 2.360000
 91 2.190000
 92 2.170000
 93 2.190000
 94 2.230000
 95 0.960000
 96 0.980000
 97 0.940000
 98 0.940000
 99 0.950000
 100 0.960000
 101 0.940000
 102 0.960000
 103 0.960000
 104 0.960000
 105 0.940000
 106 0.960000
 107 0.930000
 108 0.950000
 109 0.960000
 110 0.950000
 111 0.930000
 112 0.930000
 113 0.930000
 114 0.930000
 115 0.930000
 116 0.930000
 117 0.910000
 118 0.910000
 119 0.910000
 120 0.910000
 121 0.930000
 122 0.910000
 123 0.910000
 124 0.910000
 125 0.910000
 126 0.910000
 127 0.910000
 128 0.910000
 129 0.880000
 130 0.910000
 131 0.910000
 132 0.910000
 133 0.910000
 134 0.880000
 135 0.900000
 136 0.870000
 137 0.890000
 138 0.870000
 139 0.890000
 140 0.910000
 141 0.880000
 142 0.890000
 143 0.880000
 144 0.910000
 145 0.890000
 146 0.860000
 147 0.890000
 148 0.890000
 149 0.890000
 150 0.880000
 151 0.880000
 152 0.910000
 153 0.890000
 154 0.900000
 155 0.890000
 156 0.900000
 157 0.870000
 158 0.890000
 159 0.900000
 160 0.890000
 161 0.880000
 162 0.890000
 163 0.890000
 164 0.910000
 165 0.860000
 166 0.860000
 167 0.900000
 168 0.890000
 169 0.910000
 170 0.880000
 171 0.900000
 172 0.910000
 173 0.890000
 174 0.880000
 175 0.880000
 176 0.930000
 177 1.010000
 178 1.070000
 179 3.020000
 180 3.000000
 181 2.970000
 182 2.950000
 183 2.920000
 184 2.920000
 185 2.910000
 186 2.880000
 187 2.880000
 188 2.830000
 189 2.660000
 190 2.780000
 191 2.810000
 192 2.790000
 193 2.760000
 194 2.720000
 195 2.300000
 196 2.160000
 197 2.150000
 198 2.150000
 199 1.660000
 200 1.610000
 201 1.610000
 202 1.600000
 203 1.590000
 204 1.600000
 205 1.590000
 206 1.600000
 207 1.620000
 208 1.600000
 209 1.590000
 210 1.640000
 211 2.890000
 212 2.890000
 213 2.890000
 214 2.890000
 215 2.910000
 216 2.940000
 217 2.940000
 218 2.940000
 219 2.960000
 220 2.960000
 221 2.960000
 222 2.900000
 223 2.780000
 224 2.770000
 225 2.760000
 226 2.800000
 227 2.760000
 228 2.760000
 229 2.800000
 230 3.050000
 231 2.340000
 232 2.240000
 233 2.210000
 234 2.190000
 235 2.210000
 236 2.190000
 237 2.210000
 238 2.210000
 239 2.210000
 240 2.240000
 241 2.180000
 242 3.200000
 243 3.200000
 244 3.220000
 245 3.300000
 246 1.750000
 247 1.710000
 248 1.680000
 249 1.670000
 250 1.660000
 251 1.660000
 252 1.690000
 253 1.690000
 254 1.690000
 255 1.690000
 256 1.690000
 257 1.690000
 258 1.690000
 259 1.670000
 260 3.590000
 261 3.560000
 262 3.520000
 263 3.490000
 264 3.490000
 265 3.540000
 266 2.390000
 267 2.370000
 268 2.320000
 269 2.310000
 270 2.310000
 271 2.310000
 272 2.310000
 273 2.350000
 274 2.320000
 275 2.340000
 276 2.310000
 277 3.610000
 278 3.600000
 279 3.600000
 280 3.630000
 281 3.700000
 282 3.830000
 283 3.840000
 284 3.840000
 285 3.880000
 286 3.890000
 287 3.890000
 288 3.310000
 289 1.870000
 290 1.850000
 291 1.820000
 292 1.820000
 293 1.800000
 294 1.810000
 295 1.810000
 296 1.810000
 297 1.810000
 298 1.810000
 299 1.840000
 300 1.830000
 301 1.830000
 302 1.830000
 303 1.860000
 304 3.680000
 305 2.710000
 306 2.670000
 307 2.680000
 308 2.690000
 309 2.690000
 310 2.690000
 311 2.660000
 312 2.680000
 313 2.680000
 314 2.680000
 315 2.680000
 316 2.640000
 317 2.670000
 318 2.660000
 319 2.660000
 320 2.650000
 321 2.640000
 322 2.630000
 323 2.660000
 324 2.660000
 325 2.640000
 326 2.580000
 327 2.560000
 328 2.590000
 329 2.560000
 330 2.560000
 331 2.540000
 332 2.560000
 333 2.560000
 334 2.560000
 335 2.560000
 336 2.570000
 337 2.570000
 338 2.610000
 339 2.580000
 340 2.580000
 341 2.580000
 342 2.560000
 343 2.570000
 344 2.560000
 345 2.560000
 346 2.560000
 347 2.540000
 348 2.550000
 349 2.530000
 350 2.560000
 351 2.560000
 352 2.530000
 353 2.520000
 354 2.520000
 355 2.530000
 356 2.540000
 357 2.540000
 358 2.490000
 359 2.480000
 360 2.540000
 361 2.540000
 362 2.510000
 363 2.540000
 364 2.490000
 365 2.460000
 366 2.460000
 367 2.460000
 368 2.440000
 369 2.460000
 370 2.460000
 371 2.460000
 372 2.440000
 373 2.440000
 374 2.410000
 375 2.460000
 376 2.450000
 377 2.510000
 378 2.700000
 379 2.660000
 380 2.550000
 381 2.800000
 382 3.030000
 383 3.100000
 384 2.990000
 385 3.040000
 386 3.220000
 387 3.140000
 388 3.180000
 389 3.180000
 390 3.150000
 391 3.130000
 392 3.150000
 393 3.140000
 394 3.140000
 395 3.130000
 396 3.130000
 397 3.110000
 398 3.120000
 399 3.120000
 400 3.130000
 401 3.130000
 402 3.100000
 403 3.140000
 404 3.400000
 405 3.360000
 406 3.370000
 407 3.350000
 408 3.410000
 409 3.410000
 410 3.380000
 411 3.380000
 412 3.380000
 413 3.410000
 414 3.360000
 415 3.380000
 416 3.390000
 417 3.380000
 418 3.380000
 419 3.360000
 420 3.410000
 421 3.380000
 422 3.360000
 423 3.360000
 424 3.380000
 425 3.360000
 426 3.360000
 427 3.360000
 428 3.230000
 429 3.290000
 430 3.310000
 431 3.340000
 432 3.340000
 433 3.320000
 434 3.320000
 435 3.320000
 436 3.310000
 437 3.310000
 438 3.290000
 439 3.260000
 440 3.330000
 441 3.300000
 442 3.230000
 443 3.290000
 444 3.320000
 445 3.330000
 446 3.340000
 447 3.250000
 448 3.260000
 449 3.270000
 450 3.260000
 451 3.230000
 452 3.280000
 453 3.340000
 454 3.370000
 455 3.260000
 456 3.280000
 457 3.260000
 458 3.380000
 459 3.370000
 460 3.370000
 461 3.330000
 462 3.310000
 463 3.320000
 464 3.260000
 465 3.300000
 466 4.560000
 467 4.610000
 468 4.010000
 469 4.280000
 470 4.610000
 471 4.630000
 472 4.630000
 473 4.630000
 474 4.630000
 475 4.630000
 476 4.660000
 477 4.660000
 478 4.660000
 479 4.660000
 480 4.660000
 481 4.680000
 482 4.660000
 483 4.660000
 484 4.680000
 485 4.680000
 486 4.680000
 487 4.680000
 488 4.680000
 489 4.670000
 490 4.510000
 491 4.680000
 492 4.710000
 493 4.620000
 494 4.050000
 495 4.720000
 496 4.730000
 497 4.720000
 498 4.620000
 499 4.460000
 500 4.460000
 501 4.480000
 502 4.750000
 503 4.770000
 504 4.750000
 505 4.750000
 506 4.770000
 507 4.770000
 508 4.770000
 509 3.910000
 510 3.880000
 511 3.890000
 512 3.910000
 513 3.910000
 514 3.890000
 515 4.820000
 516 4.850000
 517 4.850000
 518 4.870000
 519 4.870000
 520 4.870000
 521 4.870000
 522 4.900000
 523 4.870000
 524 4.900000
 525 4.920000
 526 4.910000
 527 4.930000
 528 4.960000
 529 4.590000
 530 4.310000
 531 4.310000
 532 4.320000
 533 4.330000
 534 4.330000
 535 4.330000
 536 4.320000
 537 4.340000
 538 4.340000
 539 4.410000
 540 5.050000
 541 5.070000
 542 4.830000
 543 4.610000
 544 4.520000
 545 4.390000
 546 4.370000
 547 4.370000
 548 4.380000
 549 4.410000
 550 4.400000
 551 4.400000
 552 4.420000
 553 4.500000
 554 4.480000
 555 4.520000
 556 4.060000
 557 3.930000
 558 3.920000
 559 3.950000
 560 3.960000
 561 3.980000
 562 4.000000
 563 4.000000
 564 3.670000
 565 3.610000
 566 3.850000
 567 3.710000
 568 3.670000
 569 3.730000
 570 3.710000
 571 3.710000
 572 3.700000
 573 3.600000
 574 3.560000
 575 3.580000
 576 3.570000
 577 3.540000
 578 3.630000
 579 3.630000
 580 3.640000
 581 3.680000
 582 3.660000
 583 3.660000
 584 3.600000
 585 3.530000
 586 3.630000
 587 3.700000
 588 3.740000
 589 3.730000
 590 3.730000
 591 3.770000
 592 3.710000
 593 3.710000
 594 3.710000
 595 3.720000
 596 3.850000
 597 3.860000
 598 3.920000
 599 4.140000
 600 4.410000
 601 4.530000
 602 4.530000
 603 4.510000
 604 4.480000
 605 4.480000
 606 4.480000
 607 4.430000
 608 4.180000
 609 4.180000
 610 4.170000
 611 4.250000
 612 4.290000
 613 4.350000
 614 4.370000
 615 4.410000
 616 4.410000
 617 4.420000
 618 4.390000
 619 4.380000
 620 4.360000
 621 4.360000
 622 4.360000
 623 3.430000
 624 3.410000
 625 3.440000
 626 3.470000
 627 3.540000
 628 3.520000
 629 3.500000
 630 3.510000
 631 3.520000
 632 3.490000
 633 3.510000
 634 3.510000
 635 4.180000
 636 3.970000
 637 3.960000
 638 3.930000
 639 3.980000
 640 4.160000
 641 4.130000
 642 4.130000
 643 4.030000
 644 3.980000
 645 3.980000
 646 3.980000
 647 3.990000
 648 3.980000
 649 4.060000
 650 4.060000
 651 4.040000
 652 4.030000
 653 4.040000
 654 4.040000
 655 4.010000
 656 4.020000
 657 3.990000
 658 3.990000
 659 3.980000
 660 3.980000
 661 3.980000
 662 2.690000
 663 2.770000
 664 3.930000
 665 3.940000
 666 3.930000
 667 3.210000
 668 3.190000
 669 3.190000
 670 3.140000
 671 3.130000
 672 3.120000
 673 3.890000
 674 3.010000
 675 3.040000
 676 3.130000
 677 3.110000
 678 3.030000
 679 3.130000
 680 3.110000
 681 3.010000
 682 3.130000
 683 3.100000
 684 3.060000
 685 3.060000
 686 3.080000
 687 3.080000
 688 3.060000
 689 3.080000
 690 3.060000
 691 3.060000
 692 3.080000
 693 3.080000
 694 3.090000
 695 3.070000
 696 2.960000
 697 2.950000
 698 3.000000
 699 3.070000
 700 3.010000
 701 3.030000
 702 3.000000
 703 2.960000
 704 3.020000
 705 3.030000
 706 3.040000
 707 3.040000
 708 3.020000
 709 2.970000
 710 2.930000
 711 3.000000
 712 3.000000
 713 2.930000
 714 2.930000
 715 3.000000
 716 2.980000
 717 2.980000
 718 2.980000
 719 2.910000
 720 3.030000
 721 3.000000
 722 2.940000
 723 2.910000
 724 2.950000
 725 2.950000
 726 2.950000
 727 2.930000
 728 2.980000
 729 2.960000
 730 2.950000
 731 2.950000
 732 2.960000
 733 3.040000
 734 3.060000
 735 2.980000
 736 2.980000
 737 3.040000
 738 3.100000
 739 3.010000
 740 3.090000
 741 3.080000
 742 2.960000
 743 3.110000
 744 3.080000
 745 3.120000
 746 2.980000
 747 3.040000
 748 3.010000
 749 2.990000
 750 3.060000
 751 3.060000
 752 6.120000
 753 2.950000
 754 3.040000
 755 2.970000
 756 3.000000
 757 3.040000
 758 3.050000
 759 2.960000
 760 3.030000
 0 2.150000
 1 2.160000
 2 2.750000
 3 2.030000
 4 2.430000
 5 2.030000
 6 2.280000
 7 2.160000
 8 2.240000
 9 2.160000
 10 2.130000
 11 2.270000
 12 2.060000
 13 2.010000
 14 2.090000
 15 2.160000
 16 2.100000
 17 2.080000
 18 2.090000
 19 2.110000
 20 2.050000
 21 2.060000
 22 2.130000
 23 2.180000
 24 2.420000
 25 2.220000
 26 2.590000
 27 2.270000
 28 2.570000
 29 2.270000
 30 2.590000
 31 2.270000
 32 2.390000
 33 2.180000
 34 2.210000
 35 2.150000
 36 2.180000
 37 2.180000
 38 2.200000
 39 2.230000
 40 2.190000
 41 2.180000
 42 2.170000
 43 2.190000
 44 2.140000
 45 2.240000
 46 2.160000
 47 2.150000
 48 2.090000
 49 2.080000
 50 2.080000
 51 2.210000
 52 2.130000
 53 2.280000
 54 2.210000
 55 2.130000
 56 2.100000
 57 2.030000
 58 2.090000
 59 2.090000
 60 2.100000
 61 2.080000
 62 2.140000
 63 2.120000
 64 2.160000
 65 2.150000
 66 2.150000
 67 2.160000
 68 2.190000
 69 2.160000
 70 2.110000
 71 2.120000
 72 2.120000
 73 2.080000
 74 2.110000
 75 2.150000
 76 2.300000
 77 2.240000
 78 2.190000
 79 2.150000
 80 2.440000
 81 2.260000
 82 2.490000
 83 2.190000
 84 2.380000
 85 2.140000
 86 2.260000
 87 2.220000
 88 2.150000
 89 2.120000
 90 2.310000
 91 2.190000
 92 2.170000
 93 2.190000
 94 2.230000
 95 0.930000
 96 0.990000
 97 0.950000
 98 0.940000
 99 0.950000
 100 0.930000
 101 0.940000
 102 0.930000
 103 0.960000
 104 0.960000
 105 0.930000
 106 0.930000
 107 0.960000
 108 0.910000
 109 0.950000
 110 0.930000
 111 0.910000
 112 0.930000
 113 0.930000
 114 0.930000
 115 0.930000
 116 0.930000
 117 0.930000
 118 0.910000
 119 0.910000
 120 0.910000
 121 0.910000
 122 0.910000
 123 0.910000
 124 0.910000
 125 0.910000
 126 0.910000
 127 0.910000
 128 0.880000
 129 0.880000
 130 0.880000
 131 0.880000
 132 0.880000
 133 0.880000
 134 0.900000
 135 0.890000
 136 0.880000
 137 0.890000
 138 0.890000
 139 0.900000
 140 0.910000
 141 0.880000
 142 0.870000
 143 0.880000
 144 0.880000
 145 0.890000
 146 0.900000
 147 0.890000
 148 0.860000
 149 0.890000
 150 0.880000
 151 0.880000
 152 0.900000
 153 0.890000
 154 0.900000
 155 0.890000
 156 0.900000
 157 0.890000
 158 0.880000
 159 0.900000
 160 0.890000
 161 0.890000
 162 0.910000
 163 0.890000
 164 0.880000
 165 0.880000
 166 0.900000
 167 0.900000
 168 0.880000
 169 0.880000
 170 0.870000
 171 0.880000
 172 0.910000
 173 0.900000
 174 0.880000
 175 0.880000
 176 0.930000
 177 1.010000
 178 1.070000
 179 3.020000
 180 3.000000
 181 2.970000
 182 2.950000
 183 2.950000
 184 2.920000
 185 2.910000
 186 2.880000
 187 2.860000
 188 2.830000
 189 2.680000
 190 2.780000
 191 2.790000
 192 2.790000
 193 2.740000
 194 2.750000
 195 2.300000
 196 2.140000
 197 2.150000
 198 2.150000
 199 1.680000
 200 1.610000
 201 1.610000
 202 1.620000
 203 1.600000
 204 1.590000
 205 1.590000
 206 1.620000
 207 1.600000
 208 1.600000
 209 1.610000
 210 1.640000
 211 2.890000
 212 2.860000
 213 2.910000
 214 2.910000
 215 2.910000
 216 2.910000
 217 2.910000
 218 2.940000
 219 2.960000
 220 2.940000
 221 2.960000
 222 2.870000
 223 2.760000
 224 2.760000
 225 2.760000
 226 2.760000
 227 2.760000
 228 2.760000
 229 2.800000
 230 3.090000
 231 2.340000
 232 2.240000
 233 2.210000
 234 2.210000
 235 2.240000
 236 2.210000
 237 2.190000
 238 2.190000
 239 2.210000
 240 2.210000
 241 2.370000
 242 3.200000
 243 3.230000
 244 3.220000
 245 3.280000
 246 1.710000
 247 1.710000
 248 1.680000
 249 1.670000
 250 1.660000
 251 1.660000
 252 1.690000
 253 1.690000
 254 1.660000
 255 1.660000
 256 1.660000
 257 1.660000
 258 1.690000
 259 1.700000
 260 3.560000
 261 3.520000
 262 3.500000
 263 3.490000
 264 3.520000
 265 3.530000
 266 2.390000
 267 2.370000
 268 2.320000
 269 2.310000
 270 2.310000
 271 2.310000
 272 2.310000
 273 2.340000
 274 2.310000
 275 2.340000
 276 2.360000
 277 3.610000
 278 3.590000
 279 3.630000
 280 3.620000
 281 3.690000
 282 3.830000
 283 3.840000
 284 3.840000
 285 3.880000
 286 3.920000
 287 3.890000
 288 3.330000
 289 1.870000
 290 1.850000
 291 1.850000
 292 1.820000
 293 1.800000
 294 1.810000
 295 1.790000
 296 1.810000
 297 1.810000
 298 1.840000
 299 1.840000
 300 1.830000
 301 1.830000
 302 1.830000
 303 1.860000
 304 3.680000
 305 2.730000
 306 2.680000
 307 2.690000
 308 2.670000
 309 2.690000
 310 2.690000
 311 2.670000
 312 2.680000
 313 2.680000
 314 2.680000
 315 2.680000
 316 2.680000
 317 2.640000
 318 2.690000
 319 2.690000
 320 2.660000
 321 2.640000
 322 2.610000
 323 2.640000
 324 2.640000
 325 2.640000
 326 2.580000
 327 2.590000
 328 2.590000
 329 2.560000
 330 2.590000
 331 2.560000
 332 2.560000
 333 2.540000
 334 2.560000
 335 2.560000
 336 2.590000
 337 2.590000
 338 2.610000
 339 2.580000
 340 2.580000
 341 2.580000
 342 2.560000
 343 2.550000
 344 2.550000
 345 2.580000
 346 2.560000
 347 2.560000
 348 2.550000
 349 2.560000
 350 2.560000
 351 2.530000
 352 2.530000
 353 2.520000
 354 2.520000
 355 2.510000
 356 2.540000
 357 2.540000
 358 2.520000
 359 2.510000
 360 2.540000
 361 2.510000
 362 2.520000
 363 2.520000
 364 2.490000
 365 2.480000
 366 2.460000
 367 2.460000
 368 2.440000
 369 2.470000
 370 2.460000
 371 2.440000
 372 2.440000
 373 2.440000
 374 2.440000
 375 2.440000
 376 2.470000
 377 2.520000
 378 2.700000
 379 2.660000
 380 2.580000
 381 2.770000
 382 3.010000
 383 3.130000
 384 3.020000
 385 3.040000
 386 3.220000
 387 3.170000
 388 3.150000
 389 3.130000
 390 3.150000
 391 3.130000
 392 3.110000
 393 3.130000
 394 3.120000
 395 3.130000
 396 3.130000
 397 3.110000
 398 3.120000
 399 3.120000
 400 3.130000
 401 3.140000
 402 3.130000
 403 3.170000
 404 3.370000
 405 3.360000
 406 3.370000
 407 3.370000
 408 3.430000
 409 3.380000
 410 3.380000
 411 3.380000
 412 3.410000
 413 3.380000
 414 3.380000
 415 3.360000
 416 3.390000
 417 3.380000
 418 3.360000
 419 3.360000
 420 3.410000
 421 3.360000
 422 3.360000
 423 3.360000
 424 3.390000
 425 3.380000
 426 3.330000
 427 3.360000
 428 3.230000
 429 3.300000
 430 3.310000
 431 3.320000
 432 3.310000
 433 3.320000
 434 3.310000
 435 3.230000
 436 3.300000
 437 3.310000
 438 3.290000
 439 3.230000
 440 3.290000
 441 3.300000
 442 3.230000
 443 3.310000
 444 3.290000
 445 3.330000
 446 3.340000
 447 3.250000
 448 3.260000
 449 3.240000
 450 3.260000
 451 3.260000
 452 3.260000
 453 3.340000
 454 3.350000
 455 3.260000
 456 3.280000
 457 3.290000
 458 3.380000
 459 3.350000
 460 3.370000
 461 3.350000
 462 3.310000
 463 3.320000
 464 3.260000
 465 3.270000
 466 4.580000
 467 4.610000
 468 4.040000
 469 4.280000
 470 4.630000
 471 4.630000
 472 4.630000
 473 4.630000
 474 4.630000
 475 4.630000
 476 4.630000
 477 4.630000
 478 4.660000
 479 4.630000
 480 4.660000
 481 4.660000
 482 4.660000
 483 4.660000
 484 4.680000
 485 4.680000
 486 4.680000
 487 4.680000
 488 4.680000
 489 4.670000
 490 4.510000
 491 4.710000
 492 4.710000
 493 4.620000
 494 4.050000
 495 4.700000
 496 4.710000
 497 4.720000
 498 4.590000
 499 4.460000
 500 4.480000
 501 4.480000
 502 4.750000
 503 4.770000
 504 4.770000
 505 4.770000
 506 4.770000
 507 4.800000
 508 4.770000
 509 3.910000
 510 3.900000
 511 3.890000
 512 3.910000
 513 3.910000
 514 3.900000
 515 4.850000
 516 4.850000
 517 4.850000
 518 4.870000
 519 4.870000
 520 4.870000
 521 4.870000
 522 4.900000
 523 4.900000
 524 4.900000
 525 4.920000
 526 4.910000
 527 4.930000
 528 4.960000
 529 4.590000
 530 4.340000
 531 4.320000
 532 4.320000
 533 4.310000
 534 4.330000
 535 4.330000
 536 4.340000
 537 4.320000
 538 4.340000
 539 4.410000
 540 5.050000
 541 5.070000
 542 4.830000
 543 4.590000
 544 4.520000
 545 4.390000
 546 4.350000
 547 4.370000
 548 4.390000
 549 4.410000
 550 4.410000
 551 4.400000
 552 4.420000
 553 4.480000
 554 4.480000
 555 4.520000
 556 4.160000
 557 3.930000
 558 3.950000
 559 3.950000
 560 3.950000
 561 3.980000
 562 4.000000
 563 4.010000
 564 3.670000
 565 3.640000
 566 3.820000
 567 3.710000
 568 3.670000
 569 3.720000
 570 3.690000
 571 3.710000
 572 3.700000
 573 3.580000
 574 3.570000
 575 3.600000
 576 3.570000
 577 3.540000
 578 3.630000
 579 3.630000
 580 3.640000
 581 3.650000
 582 3.680000
 583 3.670000
 584 3.600000
 585 3.520000
 586 3.650000
 587 3.710000
 588 3.700000
 589 3.730000
 590 3.730000
 591 3.780000
 592 3.710000
 593 3.690000
 594 3.710000
 595 3.740000
 596 3.880000
 597 3.880000
 598 3.930000
 599 4.130000
 600 4.410000
 601 4.560000
 602 4.530000
 603 4.510000
 604 4.480000
 605 4.480000
 606 4.480000
 607 4.460000
 608 4.180000
 609 4.180000
 610 4.170000
 611 4.250000
 612 4.290000
 613 4.350000
 614 4.370000
 615 4.410000
 616 4.410000
 617 4.420000
 618 4.420000
 619 4.390000
 620 4.380000
 621 4.360000
 622 4.330000
 623 3.430000
 624 3.440000
 625 3.410000
 626 3.470000
 627 3.540000
 628 3.520000
 629 3.500000
 630 3.510000
 631 3.490000
 632 3.470000
 633 3.510000
 634 3.570000
 635 4.180000
 636 3.970000
 637 3.940000
 638 3.930000
 639 4.010000
 640 4.160000
 641 4.130000
 642 4.130000
 643 4.030000
 644 3.980000
 645 3.980000
 646 3.980000
 647 3.990000
 648 3.980000
 649 4.060000
 650 4.090000
 651 4.070000
 652 4.030000
 653 4.030000
 654 4.040000
 655 4.010000
 656 4.020000
 657 4.020000
 658 3.990000
 659 4.020000
 660 3.990000
 661 3.960000
 662 2.690000
 663 2.740000
 664 3.970000
 665 3.940000
 666 3.940000
 667 3.210000
 668 3.170000
 669 3.200000
 670 3.120000
 671 3.130000
 672 3.150000
 673 3.890000
 674 3.130000
 675 3.040000
 676 3.090000
 677 3.110000
 678 3.010000
 679 3.110000
 680 3.090000
 681 3.010000
 682 3.100000
 683 3.080000
 684 3.060000
 685 3.060000
 686 3.080000
 687 3.080000
 688 3.080000
 689 3.060000
 690 3.080000
 691 3.060000
 692 3.060000
 693 3.080000
 694 3.060000
 695 3.040000
 696 2.960000
 697 2.950000
 698 3.000000
 699 3.060000
 700 2.980000
 701 3.040000
 702 3.000000
 703 2.960000
 704 3.020000
 705 2.990000
 706 3.040000
 707 2.960000
 708 3.020000
 709 2.990000
 710 2.930000
 711 2.990000
 712 2.980000
 713 2.960000
 714 2.980000
 715 3.000000
 716 2.960000
 717 2.980000
 718 3.000000
 719 2.920000
 720 3.060000
 721 3.000000
 722 2.940000
 723 2.930000
 724 2.960000
 725 2.950000
 726 2.950000
 727 2.960000
 728 2.980000
 729 2.950000
 730 2.950000
 731 2.960000
 732 3.000000
 733 3.040000
 734 3.080000
 735 2.980000
 736 2.980000
 737 3.040000
 738 3.100000
 739 2.980000
 740 3.090000
 741 3.110000
 742 2.960000
 743 3.110000
 744 3.110000
 745 3.100000
 746 2.980000
 747 3.060000
 748 2.980000
 749 2.960000
 750 3.060000
 751 3.050000
 752 6.130000
 753 2.980000
 754 3.040000
 755 2.980000
 756 3.000000
 757 3.010000
 758 3.060000
 759 2.960000
 760 3.040000
 0 2.130000
 1 2.160000
 2 2.720000
 3 2.030000
 4 2.450000
 5 2.220000
 6 2.310000
 7 2.130000
 8 2.220000
 9 2.120000
 10 2.130000
 11 2.270000
 12 2.060000
 13 2.030000
 14 2.090000
 15 2.160000
 16 2.090000
 17 2.050000
 18 2.090000
 19 2.110000
 20 2.050000
 21 2.060000
 22 2.130000
 23 2.160000
 24 2.390000
 25 2.220000
 26 2.570000
 27 2.240000
 28 2.590000
 29 2.270000
 30 2.570000
 31 2.220000
 32 2.420000
 33 2.160000
 34 2.180000
 35 2.130000
 36 2.150000
 37 2.200000
 38 2.180000
 39 2.230000
 40 2.170000
 41 2.200000
 42 2.140000
 43 2.220000
 44 2.170000
 45 2.210000
 46 2.160000
 47 2.160000
 48 2.090000
 49 2.070000
 50 2.090000
 51 2.230000
 52 2.140000
 53 2.270000
 54 2.180000
 55 2.110000
 56 2.070000
 57 2.050000
 58 2.100000
 59 2.090000
 60 2.080000
 61 2.070000
 62 2.170000
 63 2.120000
 64 2.160000
 65 2.120000
 66 2.150000
 67 2.160000
 68 2.190000
 69 2.160000
 70 2.110000
 71 2.090000
 72 2.120000
 73 2.080000
 74 2.080000
 75 2.150000
 76 2.280000
 77 2.240000
 78 2.230000
 79 2.140000
 80 2.460000
 81 2.280000
 82 2.490000
 83 2.190000
 84 2.400000
 85 2.160000
 86 2.260000
 87 2.220000
 88 2.150000
 89 2.140000
 90 2.360000
 91 2.160000
 92 2.170000
 93 2.180000
 94 2.230000
 95 0.930000
 96 0.980000
 97 0.980000
 98 0.940000
 99 0.950000
 100 0.930000
 101 0.940000
 102 0.960000
 103 0.930000
 104 0.940000
 105 0.970000
 106 0.910000
 107 0.910000
 108 0.930000
 109 0.930000
 110 0.950000
 111 0.930000
 112 0.910000
 113 0.910000
 114 0.930000
 115 0.930000
 116 0.930000
 117 0.930000
 118 0.910000
 119 0.910000
 120 0.930000
 121 0.910000
 122 0.930000
 123 0.910000
 124 0.910000
 125 0.910000
 126 0.910000
 127 0.910000
 128 0.910000
 129 0.910000
 130 0.900000
 131 0.910000
 132 0.880000
 133 0.910000
 134 0.900000
 135 0.900000
 136 0.890000
 137 0.890000
 138 0.900000
 139 0.900000
 140 0.880000
 141 0.910000
 142 0.900000
 143 0.910000
 144 0.880000
 145 0.880000
 146 0.900000
 147 0.890000
 148 0.890000
 149 0.890000
 150 0.880000
 151 0.880000
 152 0.880000
 153 0.870000
 154 0.880000
 155 0.890000
 156 0.900000
 157 0.890000
 158 0.890000
 159 0.900000
 160 0.910000
 161 0.870000
 162 0.890000
 163 0.890000
 164 0.890000
 165 0.880000
 166 0.900000
 167 0.880000
 168 0.880000
 169 0.910000
 170 0.890000
 171 0.870000
 172 0.890000
 173 0.910000
 174 0.910000
 175 0.900000
 176 0.960000
 177 1.010000
 178 1.070000
 179 3.020000
 180 3.000000
 181 3.000000
 182 2.950000
 183 2.920000
 184 2.920000
 185 2.900000
 186 2.880000
 187 2.860000
 188 2.810000
 189 2.660000
 190 2.810000
 191 2.760000
 192 2.790000
 193 2.740000
 194 2.720000
 195 2.260000
 196 2.160000
 197 2.180000
 198 2.150000
 199 1.660000
 200 1.610000
 201 1.590000
 202 1.600000
 203 1.600000
 204 1.590000
 205 1.590000
 206 1.600000
 207 1.620000
 208 1.620000
 209 1.590000
 210 1.670000
 211 2.890000
 212 2.860000
 213 2.890000
 214 2.890000
 215 2.910000
 216 2.910000
 217 2.940000
 218 2.910000
 219 2.960000
 220 2.960000
 221 2.960000
 222 2.870000
 223 2.760000
 224 2.770000
 225 2.760000
 226 2.800000
 227 2.800000
 228 2.760000
 229 2.800000
 230 3.040000
 231 2.340000
 232 2.240000
 233 2.210000
 234 2.190000
 235 2.210000
 236 2.210000
 237 2.210000
 238 2.210000
 239 2.210000
 240 2.210000
 241 2.370000
 242 3.200000
 243 3.230000
 244 3.220000
 245 3.250000
 246 1.720000
 247 1.710000
 248 1.680000
 249 1.650000
 250 1.660000
 251 1.660000
 252 1.660000
 253 1.660000
 254 1.660000
 255 1.660000
 256 1.660000
 257 1.690000
 258 1.660000
 259 1.670000
 260 3.560000
 261 3.550000
 262 3.550000
 263 3.490000
 264 3.500000
 265 3.540000
 266 2.360000
 267 2.350000
 268 2.320000
 269 2.310000
 270 2.310000
 271 2.310000
 272 2.310000
 273 2.340000
 274 2.350000
 275 2.340000
 276 2.290000
 277 3.610000
 278 3.600000
 279 3.620000
 280 3.630000
 281 3.680000
 282 3.830000
 283 3.840000
 284 3.840000
 285 3.890000
 286 3.890000
 287 3.890000
 288 3.330000
 289 1.890000
 290 1.850000
 291 1.850000
 292 1.820000
 293 1.800000
 294 1.810000
 295 1.810000
 296 1.810000
 297 1.810000
 298 1.840000
 299 1.810000
 300 1.830000
 301 1.830000
 302 1.830000
 303 1.850000
 304 3.680000
 305 2.710000
 306 2.670000
 307 2.670000
 308 2.690000
 309 2.700000
 310 2.690000
 311 2.670000
 312 2.680000
 313 2.680000
 314 2.680000
 315 2.680000
 316 2.640000
 317 2.640000
 318 2.690000
 319 2.660000
 320 2.650000
 321 2.610000
 322 2.630000
 323 2.640000
 324 2.660000
 325 2.640000
 326 2.580000
 327 2.590000
 328 2.560000
 329 2.560000
 330 2.560000
 331 2.560000
 332 2.560000
 333 2.540000
 334 2.540000
 335 2.550000
 336 2.590000
 337 2.590000
 338 2.610000
 339 2.610000
 340 2.580000
 341 2.580000
 342 2.580000
 343 2.550000
 344 2.550000
 345 2.560000
 346 2.560000
 347 2.560000
 348 2.520000
 349 2.530000
 350 2.560000
 351 2.530000
 352 2.530000
 353 2.520000
 354 2.520000
 355 2.510000
 356 2.540000
 357 2.540000
 358 2.490000
 359 2.510000
 360 2.540000
 361 2.540000
 362 2.520000
 363 2.520000
 364 2.490000
 365 2.460000
 366 2.460000
 367 2.460000
 368 2.460000
 369 2.470000
 370 2.460000
 371 2.460000
 372 2.440000
 373 2.460000
 374 2.460000
 375 2.460000
 376 2.470000
 377 2.520000
 378 2.700000
 379 2.660000
 380 2.560000
 381 2.800000
 382 3.040000
 383 3.130000
 384 2.990000
 385 3.050000
 386 3.190000
 387 3.170000
 388 3.150000
 389 3.150000
 390 3.150000
 391 3.130000
 392 3.110000
 393 3.140000
 394 3.130000
 395 3.100000
 396 3.130000
 397 3.110000
 398 3.120000
 399 3.130000
 400 3.130000
 401 3.130000
 402 3.160000
 403 3.160000
 404 3.400000
 405 3.330000
 406 3.370000
 407 3.370000
 408 3.430000
 409 3.410000
 410 3.380000
 411 3.410000
 412 3.410000
 413 3.360000
 414 3.380000
 415 3.360000
 416 3.390000
 417 3.360000
 418 3.380000
 419 3.360000
 420 3.410000
 421 3.390000
 422 3.360000
 423 3.360000
 424 3.390000
 425 3.380000
 426 3.360000
 427 3.330000
 428 3.260000
 429 3.310000
 430 3.310000
 431 3.340000
 432 3.340000
 433 3.290000
 434 3.310000
 435 3.210000
 436 3.300000
 437 3.290000
 438 3.290000
 439 3.230000
 440 3.290000
 441 3.290000
 442 3.230000
 443 3.300000
 444 3.310000
 445 3.320000
 446 3.310000
 447 3.250000
 448 3.230000
 449 3.270000
 450 3.250000
 451 3.260000
 452 3.280000
 453 3.340000
 454 3.350000
 455 3.260000
 456 3.300000
 457 3.320000
 458 3.370000
 459 3.380000
 460 3.370000
 461 3.350000
 462 3.340000
 463 3.320000
 464 3.230000
 465 3.270000
 466 4.560000
 467 4.630000
 468 4.040000
 469 4.280000
 470 4.610000
 471 4.630000
 472 4.630000
 473 4.630000
 474 4.630000
 475 4.630000
 476 4.660000
 477 4.660000
 478 4.660000
 479 4.660000
 480 4.660000
 481 4.660000
 482 4.680000
 483 4.660000
 484 4.660000
 485 4.680000
 486 4.660000
 487 4.680000
 488 4.710000
 489 4.670000
 490 4.510000
 491 4.680000
 492 4.710000
 493 4.570000
 494 4.050000
 495 4.710000
 496 4.720000
 497 4.720000
 498 4.590000
 499 4.470000
 500 4.460000
 501 4.480000
 502 4.750000
 503 4.750000
 504 4.770000
 505 4.750000
 506 4.770000
 507 4.770000
 508 4.800000
 509 3.910000
 510 3.900000
 511 3.890000
 512 3.910000
 513 3.900000
 514 3.900000
 515 4.850000
 516 4.850000
 517 4.850000
 518 4.870000
 519 4.870000
 520 4.870000
 521 4.900000
 522 4.900000
 523 4.900000
 524 4.900000
 525 4.930000
 526 4.930000
 527 4.930000
 528 4.960000
 529 4.590000
 530 4.310000
 531 4.330000
 532 4.330000
 533 4.330000
 534 4.330000
 535 4.310000
 536 4.340000
 537 4.340000
 538 4.340000
 539 4.410000
 540 5.050000
 541 5.070000
 542 4.830000
 543 4.590000
 544 4.490000
 545 4.420000
 546 4.370000
 547 4.370000
 548 4.400000
 549 4.380000
 550 4.410000
 551 4.370000
 552 4.440000
 553 4.480000
 554 4.450000
 555 4.520000
 556 4.190000
 557 3.930000
 558 3.940000
 559 3.950000
 560 3.950000
 561 3.960000
 562 3.980000
 563 4.010000
 564 3.660000
 565 3.610000
 566 3.820000
 567 3.710000
 568 3.670000
 569 3.710000
 570 3.710000
 571 3.730000
 572 3.700000
 573 3.610000
 574 3.580000
 575 3.550000
 576 3.550000
 577 3.520000
 578 3.630000
 579 3.630000
 580 3.640000
 581 3.680000
 582 3.660000
 583 3.660000
 584 3.600000
 585 3.520000
 586 3.650000
 587 3.700000
 588 3.700000
 589 3.750000
 590 3.730000
 591 3.750000
 592 3.710000
 593 3.690000
 594 3.710000
 595 3.740000
 596 3.830000
 597 3.910000
 598 3.930000
 599 4.110000
 600 4.380000
 601 4.560000
 602 4.530000
 603 4.510000
 604 4.510000
 605 4.480000
 606 4.480000
 607 4.460000
 608 4.180000
 609 4.180000
 610 4.170000
 611 4.250000
 612 4.290000
 613 4.370000
 614 4.370000
 615 4.410000
 616 4.410000
 617 4.420000
 618 4.420000
 619 4.390000
 620 4.380000
 621 4.360000
 622 4.360000
 623 3.430000
 624 3.410000
 625 3.410000
 626 3.470000
 627 3.540000
 628 3.500000
 629 3.500000
 630 3.510000
 631 3.520000
 632 3.490000
 633 3.510000
 634 3.570000
 635 4.210000
 636 3.950000
 637 3.940000
 638 3.960000
 639 3.980000
 640 4.130000
 641 4.130000
 642 4.130000
 643 4.030000
 644 4.010000
 645 3.980000
 646 3.980000
 647 3.990000
 648 3.980000
 649 4.080000
 650 4.060000
 651 4.030000
 652 4.030000
 653 4.030000
 654 4.040000
 655 4.030000
 656 4.000000
 657 4.020000
 658 3.990000
 659 3.990000
 660 3.980000
 661 3.960000
 662 2.690000
 663 2.740000
 664 3.930000
 665 3.970000
 666 3.910000
 667 3.220000
 668 3.180000
 669 3.170000
 670 3.140000
 671 3.130000
 672 3.150000
 673 3.890000
 674 3.130000
 675 3.040000
 676 3.100000
 677 3.110000
 678 3.030000
 679 3.110000
 680 3.090000
 681 2.980000
 682 3.100000
 683 3.100000
 684 3.060000
 685 3.060000
 686 3.080000
 687 3.080000
 688 3.060000
 689 3.060000
 690 3.090000
 691 3.080000
 692 3.060000
 693 2.960000
 694 3.060000
 695 3.070000
 696 3.090000
 697 2.980000
 698 3.000000
 699 3.040000
 700 2.980000
 701 3.040000
 702 3.000000
 703 2.980000
 704 3.020000
 705 3.030000
 706 3.040000
 707 2.960000
 708 3.040000
 709 2.990000
 710 2.930000
 711 2.990000
 712 3.000000
 713 2.930000
 714 3.000000
 715 3.000000
 716 2.960000
 717 2.980000
 718 2.980000
 719 2.920000
 720 3.060000
 721 2.980000
 722 2.940000
 723 2.910000
 724 2.950000
 725 2.950000
 726 2.950000
 727 2.960000
 728 2.960000
 729 2.930000
 730 2.950000
 731 2.980000
 732 3.020000
 733 3.040000
 734 3.090000
 735 3.010000
 736 2.960000
 737 3.060000
 738 3.100000
 739 2.960000
 740 3.090000
 741 3.110000
 742 2.980000
 743 3.080000
 744 3.080000
 745 3.100000
 746 2.980000
 747 3.040000
 748 2.980000
 749 2.990000
 750 3.060000
 751 3.060000
 752 6.100000
 753 2.950000
 754 3.040000
 755 2.970000
 756 3.000000
 757 3.040000
 758 3.080000
 759 2.960000
 760 3.040000
 0 2.210000
 1 2.160000
 2 2.750000
 3 2.030000
 4 2.500000
 5 2.030000
 6 2.310000
 7 2.160000
 8 2.240000
 9 2.160000
 10 2.130000
 11 2.240000
 12 2.060000
 13 2.060000
 14 2.110000
 15 2.160000
 16 2.100000
 17 2.090000
 18 2.070000
 19 2.090000
 20 2.050000
 21 2.090000
 22 2.130000
 23 2.160000
 24 2.370000
 25 2.220000
 26 2.570000
 27 2.220000
 28 2.570000
 29 2.270000
 30 2.570000
 31 2.270000
 32 2.370000
 33 2.180000
 34 2.210000
 35 2.150000
 36 2.180000
 37 2.180000
 38 2.180000
 39 2.200000
 40 2.190000
 41 2.200000
 42 2.140000
 43 2.220000
 44 2.170000
 45 2.190000
 46 2.160000
 47 2.180000
 48 2.060000
 49 2.100000
 50 2.080000
 51 2.210000
 52 2.140000
 53 2.270000
 54 2.210000
 55 2.120000
 56 2.080000
 57 2.050000
 58 2.090000
 59 2.090000
 60 2.080000
 61 2.070000
 62 2.170000
 63 2.120000
 64 2.160000
 65 2.120000
 66 2.150000
 67 2.160000
 68 2.140000
 69 2.160000
 70 2.110000
 71 2.120000
 72 2.120000
 73 2.090000
 74 2.110000
 75 2.150000
 76 2.300000
 77 2.240000
 78 2.200000
 79 2.150000
 80 2.450000
 81 2.280000
 82 2.490000
 83 2.190000
 84 2.410000
 85 2.170000
 86 2.290000
 87 2.220000
 88 2.150000
 89 2.140000
 90 2.360000
 91 2.190000
 92 2.190000
 93 2.210000
 94 2.230000
 95 0.960000
 96 0.980000
 97 0.950000
 98 0.940000
 99 0.950000
 100 0.960000
 101 0.960000
 102 0.960000
 103 0.960000
 104 0.930000
 105 0.960000
 106 0.930000
 107 0.930000
 108 0.950000
 109 0.930000
 110 0.950000
 111 0.910000
 112 0.930000
 113 0.930000
 114 0.930000
 115 0.910000
 116 0.930000
 117 0.930000
 118 0.910000
 119 0.910000
 120 0.910000
 121 0.910000
 122 0.930000
 123 0.910000
 124 0.910000
 125 0.910000
 126 0.910000
 127 0.910000
 128 0.910000
 129 0.910000
 130 0.900000
 131 0.880000
 132 0.880000
 133 0.880000
 134 0.900000
 135 0.880000
 136 0.910000
 137 0.890000
 138 0.890000
 139 0.900000
 140 0.880000
 141 0.910000
 142 0.870000
 143 0.880000
 144 0.900000
 145 0.910000
 146 0.900000
 147 0.860000
 148 0.890000
 149 0.890000
 150 0.880000
 151 0.910000
 152 0.910000
 153 0.880000
 154 0.890000
 155 0.870000
 156 0.890000
 157 0.890000
 158 0.890000
 159 0.880000
 160 0.890000
 161 0.890000
 162 0.890000
 163 0.890000
 164 0.870000
 165 0.880000
 166 0.900000
 167 0.880000
 168 0.880000
 169 0.870000
 170 0.890000
 171 0.910000
 172 0.910000
 173 0.880000
 174 0.910000
 175 0.880000
 176 0.930000
 177 0.980000
 178 1.070000
 179 3.020000
 180 2.990000
 181 2.970000
 182 2.970000
 183 2.920000
 184 2.930000
 185 2.910000
 186 2.880000
 187 2.860000
 188 2.810000
 189 2.660000
 190 2.810000
 191 2.790000
 192 2.760000
 193 2.740000
 194 2.720000
 195 2.300000
 196 2.140000
 197 2.150000
 198 2.150000
 199 1.680000
 200 1.590000
 201 1.590000
 202 1.600000
 203 1.610000
 204 1.600000
 205 1.600000
 206 1.620000
 207 1.600000
 208 1.620000
 209 1.610000
 210 1.650000
 211 2.860000
 212 2.890000
 213 2.890000
 214 2.890000
 215 2.910000
 216 2.910000
 217 2.940000
 218 2.940000
 219 2.940000
 220 2.960000
 221 2.960000
 222 2.900000
 223 2.760000
 224 2.770000
 225 2.760000
 226 2.790000
 227 2.770000
 228 2.760000
 229 2.800000
 230 3.090000
 231 2.310000
 232 2.240000
 233 2.210000
 234 2.190000
 235 2.210000
 236 2.210000
 237 2.210000
 238 2.240000
 239 2.210000
 240 2.240000
 241 2.370000
 242 3.200000
 243 3.200000
 244 3.220000
 245 3.300000
 246 1.720000
 247 1.710000
 248 1.680000
 249 1.650000
 250 1.640000
 251 1.660000
 252 1.660000
 253 1.660000
 254 1.660000
 255 1.660000
 256 1.660000
 257 1.660000
 258 1.660000
 259 1.670000
 260 3.590000
 261 3.530000
 262 3.530000
 263 3.490000
 264 3.520000
 265 3.540000
 266 2.390000
 267 2.350000
 268 2.350000
 269 2.330000
 270 2.310000
 271 2.310000
 272 2.310000
 273 2.310000
 274 2.340000
 275 2.340000
 276 2.290000
 277 3.590000
 278 3.560000
 279 3.590000
 280 3.650000
 281 3.680000
 282 3.820000
 283 3.820000
 284 3.840000
 285 3.880000
 286 3.890000
 287 3.890000
 288 3.320000
 289 1.870000
 290 1.850000
 291 1.820000
 292 1.820000
 293 1.820000
 294 1.780000
 295 1.810000
 296 1.790000
 297 1.810000
 298 1.840000
 299 1.810000
 300 1.860000
 301 1.860000
 302 1.830000
 303 1.820000
 304 3.680000
 305 2.710000
 306 2.670000
 307 2.680000
 308 2.690000
 309 2.710000
 310 2.690000
 311 2.660000
 312 2.680000
 313 2.680000
 314 2.680000
 315 2.680000
 316 2.640000
 317 2.670000
 318 2.660000
 319 2.690000
 320 2.650000
 321 2.670000
 322 2.630000
 323 2.640000
 324 2.660000
 325 2.640000
 326 2.580000
 327 2.590000
 328 2.560000
 329 2.560000
 330 2.560000
 331 2.560000
 332 2.540000
 333 2.540000
 334 2.540000
 335 2.550000
 336 2.590000
 337 2.570000
 338 2.580000
 339 2.580000
 340 2.580000
 341 2.610000
 342 2.530000
 343 2.570000
 344 2.580000
 345 2.560000
 346 2.560000
 347 2.530000
 348 2.550000
 349 2.560000
 350 2.560000
 351 2.530000
 352 2.530000
 353 2.520000
 354 2.520000
 355 2.530000
 356 2.520000
 357 2.540000
 358 2.520000
 359 2.510000
 360 2.510000
 361 2.510000
 362 2.520000
 363 2.520000
 364 2.490000
 365 2.480000
 366 2.440000
 367 2.440000
 368 2.460000
 369 2.450000
 370 2.440000
 371 2.460000
 372 2.440000
 373 2.460000
 374 2.440000
 375 2.440000
 376 2.450000
 377 2.520000
 378 2.700000
 379 2.660000
 380 2.560000
 381 2.770000
 382 3.030000
 383 3.130000
 384 2.990000
 385 3.040000
 386 3.220000
 387 3.170000
 388 3.150000
 389 3.150000
 390 3.130000
 391 3.130000
 392 3.130000
 393 3.130000
 394 3.120000
 395 3.100000
 396 3.130000
 397 3.110000
 398 3.120000
 399 3.130000
 400 3.130000
 401 3.130000
 402 3.160000
 403 3.190000
 404 3.400000
 405 3.330000
 406 3.350000
 407 3.370000
 408 3.410000
 409 3.410000
 410 3.380000
 411 3.360000
 412 3.380000
 413 3.380000
 414 3.380000
 415 3.360000
 416 3.390000
 417 3.380000
 418 3.380000
 419 3.380000
 420 3.380000
 421 3.380000
 422 3.360000
 423 3.360000
 424 3.410000
 425 3.380000
 426 3.360000
 427 3.360000
 428 3.260000
 429 3.290000
 430 3.290000
 431 3.320000
 432 3.340000
 433 3.320000
 434 3.310000
 435 3.230000
 436 3.310000
 437 3.310000
 438 3.310000
 439 3.230000
 440 3.290000
 441 3.300000
 442 3.230000
 443 3.290000
 444 3.320000
 445 3.290000
 446 3.340000
 447 3.250000
 448 3.230000
 449 3.270000
 450 3.280000
 451 3.260000
 452 3.260000
 453 3.340000
 454 3.350000
 455 3.410000
 456 3.300000
 457 3.290000
 458 3.380000
 459 3.370000
 460 3.370000
 461 3.350000
 462 3.310000
 463 3.320000
 464 3.260000
 465 3.300000
 466 4.590000
 467 4.610000
 468 4.010000
 469 4.260000
 470 4.630000
 471 4.630000
 472 4.630000
 473 4.610000
 474 4.630000
 475 4.660000
 476 4.660000
 477 4.630000
 478 4.660000
 479 4.630000
 480 4.660000
 481 4.660000
 482 4.660000
 483 4.660000
 484 4.680000
 485 4.680000
 486 4.680000
 487 4.680000
 488 4.680000
 489 4.700000
 490 4.520000
 491 4.710000
 492 4.710000
 493 4.600000
 494 4.050000
 495 4.710000
 496 4.730000
 497 4.720000
 498 4.570000
 499 4.460000
 500 4.460000
 501 4.480000
 502 4.750000
 503 4.750000
 504 4.770000
 505 4.770000
 506 4.770000
 507 4.770000
 508 4.770000
 509 3.910000
 510 3.880000
 511 3.890000
 512 3.910000
 513 3.900000
 514 3.920000
 515 4.850000
 516 4.850000
 517 4.850000
 518 4.870000
 519 4.870000
 520 4.870000
 521 4.900000
 522 4.900000
 523 4.870000
 524 4.920000
 525 4.920000
 526 4.930000
 527 4.930000
 528 4.930000
 529 4.590000
 530 4.310000
 531 4.330000
 532 4.320000
 533 4.330000
 534 4.330000
 535 4.330000
 536 4.340000
 537 4.350000
 538 4.340000
 539 4.410000
 540 5.050000
 541 5.070000
 542 4.830000
 543 4.610000
 544 4.490000
 545 4.420000
 546 4.370000
 547 4.370000
 548 4.380000
 549 4.410000
 550 4.380000
 551 4.400000
 552 4.440000
 553 4.470000
 554 4.450000
 555 4.520000
 556 4.160000
 557 3.910000
 558 3.930000
 559 3.950000
 560 3.980000
 561 3.970000
 562 3.990000
 563 4.000000
 564 3.660000
 565 3.640000
 566 3.810000
 567 3.680000
 568 3.670000
 569 3.710000
 570 3.710000
 571 3.710000
 572 3.700000
 573 3.590000
 574 3.590000
 575 3.570000
 576 3.590000
 577 3.540000
 578 3.660000
 579 3.630000
 580 3.640000
 581 3.680000
 582 3.680000
 583 3.670000
 584 3.610000
 585 3.530000
 586 3.660000
 587 3.730000
 588 3.730000
 589 3.730000
 590 3.750000
 591 3.750000
 592 3.710000
 593 3.690000
 594 3.710000
 595 3.720000
 596 3.880000
 597 3.880000
 598 3.960000
 599 4.110000
 600 4.410000
 601 4.560000
 602 4.530000
 603 4.480000
 604 4.510000
 605 4.480000
 606 4.460000
 607 4.430000
 608 4.180000
 609 4.180000
 610 4.170000
 611 4.250000
 612 4.290000
 613 4.370000
 614 4.370000
 615 4.410000
 616 4.410000
 617 4.420000
 618 4.420000
 619 4.370000
 620 4.380000
 621 4.360000
 622 4.360000
 623 3.430000
 624 3.440000
 625 3.410000
 626 3.450000
 627 3.540000
 628 3.500000
 629 3.500000
 630 3.510000
 631 3.540000
 632 3.490000
 633 3.480000
 634 3.570000
 635 4.210000
 636 3.970000
 637 3.940000
 638 3.930000
 639 3.980000
 640 4.160000
 641 4.130000
 642 4.130000
 643 4.030000
 644 3.980000
 645 3.980000
 646 3.980000
 647 3.990000
 648 3.980000
 649 4.060000
 650 4.060000
 651 4.070000
 652 4.030000
 653 4.030000
 654 4.040000
 655 4.030000
 656 4.000000
 657 4.020000
 658 4.010000
 659 3.990000
 660 3.970000
 661 3.980000
 662 2.670000
 663 2.710000
 664 3.970000
 665 3.940000
 666 3.930000
 667 3.190000
 668 3.170000
 669 3.190000
 670 3.140000
 671 3.130000
 672 3.150000
 673 3.890000
 674 3.130000
 675 3.060000
 676 3.100000
 677 3.110000
 678 3.010000
 679 3.130000
 680 3.090000
 681 3.160000
 682 3.110000
 683 3.080000
 684 3.060000
 685 3.080000
 686 3.080000
 687 3.080000
 688 3.060000
 689 3.080000
 690 3.060000
 691 3.080000
 692 3.060000
 693 2.960000
 694 3.090000
 695 3.040000
 696 3.090000
 697 3.000000
 698 2.980000
 699 3.040000
 700 2.950000
 701 3.010000
 702 3.020000
 703 2.980000
 704 3.040000
 705 3.030000
 706 3.020000
 707 3.020000
 708 2.960000
 709 2.990000
 710 2.930000
 711 2.960000
 712 2.980000
 713 2.930000
 714 3.000000
 715 2.960000
 716 2.970000
 717 2.980000
 718 2.980000
 719 2.920000
 720 3.060000
 721 2.980000
 722 2.960000
 723 2.910000
 724 2.950000
 725 2.950000
 726 2.950000
 727 2.930000
 728 2.960000
 729 2.960000
 730 2.950000
 731 2.960000
 732 2.990000
 733 3.040000
 734 3.050000
 735 2.980000
 736 2.980000
 737 3.060000
 738 3.100000
 739 2.980000
 740 3.070000
 741 3.080000
 742 2.960000
 743 3.100000
 744 3.080000
 745 3.100000
 746 2.980000
 747 3.070000
 748 2.980000
 749 2.960000
 750 3.060000
 751 3.050000
 752 6.090000
 753 2.980000
 754 3.040000
 755 3.000000
 756 3.000000
 757 3.040000
 758 3.080000
 759 2.990000
 760 3.040000