
 0 3.160000
 1 3.140000
 2 3.110000
 3 3.140000
 4 3.010000
 5 3.140000
 6 3.140000
 7 3.060000
 8 3.050000
 9 3.190000
 10 3.070000
 11 3.060000
 12 3.160000
 13 3.140000
 14 3.070000
 15 3.040000
 16 3.030000
 17 3.160000
 18 3.160000
 19 3.140000
 20 3.110000
 21 3.160000
 22 3.160000
 23 3.020000
 24 3.030000
 25 3.030000
 26 3.040000
 27 3.140000
 28 3.010000
 29 2.960000
 30 3.010000
 31 3.140000
 32 3.110000
 33 2.980000
 34 3.140000
 35 3.090000
 36 2.900000
 37 2.720000
 38 2.330000
 39 2.140000
 40 2.180000
 41 2.140000
 42 2.150000
 43 2.130000
 44 2.140000
 45 2.140000
 46 2.150000
 47 2.150000
 48 2.150000
 49 2.150000
 50 2.150000
 51 2.160000
 52 2.220000
 53 2.290000
 54 2.240000
 55 2.200000
 56 2.160000
 57 2.160000
 58 2.190000
 59 2.190000
 60 2.200000
 61 2.230000
 62 2.200000
 63 2.190000
 64 2.180000
 65 2.160000
 66 2.190000
 67 2.190000
 68 2.200000
 69 2.200000
 70 2.200000
 71 2.220000
 72 2.190000
 73 2.210000
 74 2.200000
 75 2.200000
 76 2.240000
 77 2.330000
 78 2.210000
 79 2.170000
 80 2.200000
 81 2.170000
 82 2.180000
 83 2.240000
 84 2.250000
 85 2.250000
 86 2.240000
 87 2.250000
 88 2.250000
 89 2.210000
 90 2.260000
 91 2.250000
 92 2.270000
 93 2.250000
 94 2.240000
 95 2.250000
 96 2.240000
 97 2.240000
 98 2.250000
 99 2.220000
 100 2.240000
 101 2.280000
 102 2.280000
 103 2.280000
 104 2.300000
 105 2.300000
 106 2.300000
 107 2.300000
 108 2.290000
 109 2.280000
 110 2.300000
 111 2.300000
 112 2.340000
 113 2.350000
 114 2.320000
 115 2.350000
 116 2.340000
 117 2.330000
 118 2.350000
 119 2.350000
 120 2.460000
 121 2.390000
 122 2.350000
 123 2.340000
 124 2.320000
 125 2.310000
 126 2.350000
 127 2.400000
 128 2.400000
 129 2.400000
 130 2.390000
 131 2.410000
 132 2.420000
 133 2.410000
 134 2.430000
 135 2.410000
 136 2.390000
 137 2.390000
 138 2.390000
 139 2.400000
 140 2.420000
 141 2.390000
 142 2.430000
 143 2.420000
 144 2.420000
 145 1.370000
 146 1.400000
 147 1.360000
 148 1.390000
 149 1.360000
 150 1.360000
 151 1.360000
 152 1.360000
 153 1.340000
 154 1.360000
 155 1.350000
 156 1.350000
 157 1.350000
 158 1.350000
 159 1.380000
 160 1.380000
 161 1.380000
 162 1.400000
 163 1.410000
 164 3.460000
 165 3.430000
 166 3.460000
 167 3.480000
 168 3.520000
 169 3.600000
 170 3.780000
 171 3.710000
 172 3.720000
 173 3.750000
 174 3.770000
 175 3.790000
 176 3.780000
 177 3.830000
 178 3.830000
 179 3.850000
 180 3.860000
 181 3.870000
 182 3.890000
 183 3.900000
 184 3.900000
 185 3.890000
 186 3.900000
 187 3.930000
 188 3.950000
 189 3.930000
 190 3.930000
 191 3.950000
 192 3.980000
 193 1.870000
 194 1.850000
 195 1.840000
 196 1.840000
 197 1.810000
 198 1.790000
 199 1.200000
 200 1.160000
 201 1.160000
 202 1.160000
 203 1.160000
 204 1.160000
 205 1.140000
 206 1.160000
 207 1.140000
 208 1.140000
 209 1.140000
 210 1.140000
 211 1.140000
 212 1.140000
 213 1.150000
 214 1.150000
 215 1.170000
 216 1.170000
 217 1.200000
 218 1.190000
 219 1.300000
 220 4.360000
 221 4.360000
 222 2.360000
 223 2.310000
 224 2.340000
 225 2.310000
 226 2.310000
 227 2.310000
 228 2.310000
 229 2.300000
 230 2.320000
 231 2.350000
 232 2.370000
 233 4.580000
 234 4.610000
 235 4.730000
 236 4.760000
 237 1.690000
 238 1.680000
 239 1.690000
 240 1.660000
 241 1.690000
 242 1.660000
 243 1.690000
 244 1.660000
 245 1.660000
 246 1.660000
 247 1.680000
 248 1.670000
 249 1.690000
 250 1.770000
 251 4.980000
 252 4.960000
 253 4.960000
 254 4.960000
 255 4.930000
 256 4.930000
 257 1.480000
 258 2.240000
 259 2.210000
 260 2.240000
 261 2.210000
 262 2.210000
 263 2.210000
 264 2.210000
 265 2.240000
 266 2.270000
 267 4.740000
 268 4.710000
 269 1.040000
 270 1.030000
 271 1.040000
 272 1.040000
 273 1.040000
 274 1.040000
 275 1.040000
 276 1.040000
 277 1.050000
 278 1.010000
 279 1.050000
 280 1.020000
 281 1.050000
 282 1.050000
 283 1.020000
 284 1.040000
 285 1.040000
 286 1.050000
 287 1.060000
 288 1.180000
 289 1.590000
 290 1.610000
 291 1.600000
 292 1.620000
 293 1.600000
 294 1.600000
 295 1.600000
 296 1.610000
 297 1.660000
 298 2.090000
 299 2.160000
 300 2.140000
 301 2.160000
 302 2.180000
 303 4.310000
 304 4.280000
 305 4.410000
 306 4.380000
 307 4.260000
 308 4.360000
 309 4.260000
 310 4.260000
 311 4.260000
 312 4.250000
 313 4.260000
 314 4.230000
 315 4.210000
 316 4.200000
 317 4.200000
 318 4.220000
 319 4.200000
 320 4.170000
 321 4.180000
 322 4.180000
 323 4.180000
 324 4.160000
 325 4.150000
 326 4.170000
 327 4.150000
 328 4.170000
 329 4.150000
 330 4.120000
 331 4.160000
 332 4.130000
 333 4.260000
 334 4.260000
 335 4.240000
 336 4.260000
 337 4.230000
 338 4.210000
 339 4.200000
 340 4.180000
 341 4.180000
 342 4.180000
 343 4.210000
 344 0.760000
 345 0.730000
 346 0.720000
 347 4.140000
 348 4.130000
 349 4.160000
 350 4.130000
 351 4.110000
 352 4.080000
 353 4.110000
 354 4.090000
 355 4.090000
 356 4.070000
 357 4.090000
 358 4.120000
 359 4.110000
 360 4.140000
 361 4.100000
 362 4.100000
 363 4.120000
 364 4.100000
 365 4.130000
 366 4.060000
 367 4.070000
 368 4.030000
 369 4.650000
 370 5.010000
 371 4.980000
 372 2.430000
 373 4.980000
 374 5.020000
 375 5.020000
 376 5.020000
 377 4.990000
 378 2.210000
 379 2.270000
 380 2.340000
 381 2.410000
 382 5.000000
 383 5.010000
 384 4.980000
 385 5.040000
 386 5.030000
 387 4.220000
 388 4.860000
 389 4.860000
 390 4.960000
 391 4.230000
 392 4.190000
 393 4.170000
 394 4.260000
 395 4.800000
 396 4.780000
 397 4.700000
 398 4.660000
 399 4.640000
 400 4.540000
 401 4.490000
 402 4.540000
 403 4.540000
 404 4.540000
 405 4.490000
 406 4.510000
 407 4.340000
 408 4.240000
 409 4.240000
 410 4.290000
 411 4.270000
 412 4.310000
 413 4.280000
 414 4.230000
 415 4.260000
 416 4.270000
 417 4.360000
 418 4.360000
 419 4.310000
 420 4.260000
 421 4.230000
 422 4.220000
 423 4.210000
 424 3.980000
 425 3.850000
 426 3.790000
 427 3.740000
 428 3.660000
 429 3.690000
 430 3.640000
 431 3.620000
 432 3.650000
 433 3.570000
 434 3.600000
 435 3.570000
 436 3.550000
 437 3.500000
 438 3.560000
 439 3.530000
 440 3.530000
 441 3.480000
 442 3.480000
 443 3.480000
 444 3.580000
 445 3.550000
 446 3.560000
 447 3.550000
 448 3.560000
 449 3.560000
 450 3.530000
 451 3.510000
 452 3.530000
 453 3.530000
 454 3.550000
 455 3.520000
 456 3.470000
 457 3.470000
 458 3.450000
 459 3.420000
 460 3.490000
 461 3.450000
 462 3.480000
 463 3.460000
 464 3.480000
 465 3.530000
 466 3.510000
 467 3.480000
 468 3.400000
 469 3.490000
 470 3.480000
 471 3.480000
 472 3.450000
 473 3.470000
 474 3.450000
 475 3.430000
 476 3.410000
 477 3.430000
 478 3.280000
 479 3.410000
 480 3.410000
 481 3.380000
 482 3.360000
 483 3.360000
 484 3.330000
 485 3.300000
 486 3.280000
 487 3.250000
 488 3.230000
 489 3.230000
 490 3.230000
 491 3.230000
 492 3.180000
 493 3.160000
 494 3.160000
 495 3.130000
 496 3.130000
 497 3.130000
 498 3.110000
 499 3.080000
 500 3.080000
 501 3.060000
 502 3.050000
 503 3.030000
 504 3.060000
 505 3.030000
 506 3.050000
 507 3.020000
 508 3.030000
 509 3.000000
 510 3.040000
 511 3.060000
 512 3.040000
 513 3.040000
 514 3.070000
 515 2.610000
 516 2.550000
 517 2.410000
 518 2.200000
 519 2.130000
 520 2.130000
 521 2.060000
 522 2.040000
 523 2.040000
 524 2.020000
 525 2.030000
 526 2.010000
 527 2.010000
 528 1.960000
 529 1.970000
 530 1.970000
 531 1.990000
 532 1.940000
 533 3.020000
 534 3.030000
 535 3.010000
 536 3.010000
 537 3.020000
 538 3.000000
 539 3.020000
 540 3.020000
 541 3.020000
 542 3.020000
 543 3.020000
 544 3.020000
 545 3.020000
 546 3.020000
 547 3.020000
 548 3.020000
 549 3.020000
 550 3.040000
 551 3.040000
 552 3.040000
 553 3.040000
 554 3.040000
 555 1.820000
 556 1.810000
 557 1.770000
 558 1.770000
 559 1.780000
 560 1.770000
 561 1.800000
 562 1.800000
 563 1.800000
 564 1.800000
 565 1.820000
 566 1.820000
 567 1.820000
 568 1.820000
 569 1.820000
 570 1.850000
 571 1.870000
 572 1.870000
 573 1.850000
 574 1.900000
 575 1.900000
 576 1.900000
 577 1.900000
 578 1.950000
 579 1.910000
 580 1.920000
 581 1.950000
 582 1.950000
 583 1.970000
 584 1.970000
 585 2.000000
 586 2.000000
 587 2.030000
 588 2.030000
 589 2.030000
 590 2.050000
 591 2.050000
 592 2.080000
 593 2.080000
 594 2.100000
 595 2.130000
 596 2.150000
 597 2.150000
 598 2.150000
 599 2.200000
 600 2.200000
 601 2.230000
 602 2.200000
 603 2.240000
 604 2.200000
 605 2.200000
 606 2.230000
 607 2.250000
 608 2.280000
 609 2.280000
 610 1.400000
 611 1.410000
 612 1.400000
 613 1.400000
 614 1.420000
 615 1.400000
 616 1.420000
 617 1.420000
 618 1.420000
 619 1.450000
 620 1.450000
 621 1.470000
 622 1.450000
 623 1.470000
 624 1.500000
 625 1.500000
 626 1.500000
 627 1.510000
 628 1.520000
 629 1.510000
 630 1.510000
 631 1.550000
 632 1.540000
 633 1.560000
 634 1.590000
 635 1.590000
 636 1.590000
 637 1.610000
 638 1.640000
 639 1.640000
 640 1.660000
 641 1.660000
 642 1.660000
 643 1.690000
 644 1.710000
 645 1.710000
 646 1.740000
 647 1.760000
 648 1.760000
 649 1.780000
 650 1.780000
 651 1.780000
 652 1.830000
 653 1.830000
 654 1.830000
 655 1.860000
 656 1.880000
 657 1.880000
 658 1.920000
 659 3.410000
 660 3.390000
 661 3.390000
 662 3.370000
 663 3.410000
 664 3.380000
 665 3.380000
 666 3.340000
 667 3.350000
 668 3.340000
 669 3.290000
 670 3.300000
 671 3.270000
 672 3.270000
 673 3.250000
 674 3.240000
 675 3.250000
 676 3.230000
 677 3.260000
 678 3.260000
 679 3.240000
 680 3.240000
 681 3.240000
 682 3.220000
 683 3.220000
 684 3.220000
 685 3.240000
 686 3.250000
 687 3.250000
 688 3.280000
 689 3.240000
 690 3.280000
 691 3.280000
 692 3.270000
 693 3.300000
 694 3.290000
 695 3.290000
 696 3.320000
 697 3.290000
 698 3.340000
 699 3.340000
 700 3.340000
 701 3.370000
 702 3.340000
 703 3.390000
 704 3.390000
 705 3.070000
 706 2.880000
 707 2.920000
 708 1.570000
 709 1.560000
 710 1.590000
 711 3.480000
 712 3.530000
 713 3.540000
 714 3.560000
 715 3.590000
 716 3.640000
 717 3.650000
 718 3.640000
 719 3.690000
 720 3.680000
 721 3.710000
 722 3.730000
 723 3.760000
 724 3.740000
 725 3.790000
 726 3.770000
 727 3.790000
 728 3.790000
 729 3.790000
 730 3.800000
 731 3.810000
 732 3.840000
 733 3.810000
 734 3.860000
 735 3.890000
 736 3.890000
 737 3.920000
 738 3.940000
 739 3.520000
 740 3.350000
 741 2.910000
 742 2.910000
 743 2.900000
 744 3.550000
 745 3.970000
 746 3.970000
 747 3.990000
 748 3.990000
 749 3.990000
 750 3.990000
 751 3.990000
 752 3.990000
 753 3.990000
 754 4.000000
 755 4.010000
 756 4.000000
 757 4.000000
 758 4.040000
 759 4.060000
 760 4.090000
 0 3.010000
 1 3.140000
 2 3.140000
 3 3.110000
 4 3.010000
 5 3.140000
 6 3.110000
 7 3.010000
 8 3.050000
 9 3.190000
 10 3.040000
 11 3.040000
 12 3.190000
 13 3.140000
 14 3.060000
 15 3.040000
 16 3.030000
 17 3.160000
 18 3.160000
 19 3.140000
 20 3.140000
 21 3.160000
 22 3.140000
 23 3.020000
 24 3.030000
 25 3.030000
 26 3.010000
 27 3.140000
 28 3.010000
 29 2.980000
 30 2.980000
 31 3.140000
 32 3.090000
 33 2.980000
 34 3.140000
 35 3.090000
 36 2.900000
 37 2.720000
 38 2.330000
 39 2.150000
 40 2.180000
 41 2.140000
 42 2.150000
 43 2.150000
 44 2.140000
 45 2.140000
 46 2.150000
 47 2.150000
 48 2.150000
 49 2.150000
 50 2.150000
 51 2.150000
 52 2.220000
 53 2.290000
 54 2.260000
 55 2.200000
 56 2.190000
 57 2.190000
 58 2.190000
 59 2.190000
 60 2.200000
 61 2.200000
 62 2.200000
 63 2.190000
 64 2.200000
 65 2.190000
 66 2.200000
 67 2.190000
 68 2.200000
 69 2.220000
 70 2.230000
 71 2.220000
 72 2.210000
 73 2.190000
 74 2.210000
 75 2.210000
 76 2.260000
 77 2.330000
 78 2.240000
 79 2.200000
 80 2.200000
 81 2.200000
 82 2.200000
 83 2.240000
 84 2.250000
 85 2.250000
 86 2.240000
 87 2.230000
 88 2.230000
 89 2.210000
 90 2.240000
 91 2.270000
 92 2.270000
 93 2.280000
 94 2.260000
 95 2.240000
 96 2.240000
 97 2.210000
 98 2.220000
 99 2.250000
 100 2.260000
 101 2.300000
 102 2.250000
 103 2.300000
 104 2.280000
 105 2.320000
 106 2.320000
 107 2.300000
 108 2.310000
 109 2.300000
 110 2.300000
 111 2.330000
 112 2.310000
 113 2.320000
 114 2.350000
 115 2.320000
 116 2.340000
 117 2.330000
 118 2.330000
 119 2.350000
 120 2.470000
 121 2.390000
 122 2.370000
 123 2.310000
 124 2.320000
 125 2.310000
 126 2.350000
 127 2.370000
 128 2.400000
 129 2.400000
 130 2.410000
 131 2.390000
 132 2.420000
 133 2.410000
 134 2.420000
 135 2.410000
 136 2.410000
 137 2.390000
 138 2.390000
 139 2.400000
 140 2.390000
 141 2.390000
 142 2.420000
 143 2.420000
 144 2.420000
 145 1.400000
 146 1.400000
 147 1.390000
 148 1.390000
 149 1.360000
 150 1.360000
 151 1.360000
 152 1.360000
 153 1.340000
 154 1.340000
 155 1.360000
 156 1.330000
 157 1.350000
 158 1.380000
 159 1.350000
 160 1.380000
 161 1.380000
 162 1.400000
 163 1.380000
 164 3.430000
 165 3.430000
 166 3.480000
 167 3.480000
 168 3.520000
 169 3.600000
 170 3.750000
 171 3.710000
 172 3.710000
 173 3.750000
 174 3.760000
 175 3.790000
 176 3.780000
 177 3.790000
 178 3.830000
 179 3.840000
 180 3.860000
 181 3.890000
 182 3.870000
 183 3.890000
 184 3.900000
 185 3.900000
 186 3.910000
 187 3.910000
 188 3.930000
 189 3.940000
 190 3.930000
 191 3.980000
 192 3.980000
 193 1.860000
 194 1.850000
 195 1.810000
 196 1.840000
 197 1.810000
 198 1.760000
 199 1.180000
 200 1.160000
 201 1.160000
 202 1.160000
 203 1.160000
 204 1.160000
 205 1.160000
 206 1.140000
 207 1.160000
 208 1.160000
 209 1.140000
 210 1.160000
 211 1.140000
 212 1.140000
 213 1.150000
 214 1.150000
 215 1.170000
 216 1.170000
 217 1.170000
 218 1.210000
 219 1.300000
 220 4.360000
 221 4.360000
 222 2.360000
 223 2.340000
 224 2.310000
 225 2.340000
 226 2.340000
 227 2.310000
 228 2.290000
 229 2.300000
 230 2.320000
 231 2.350000
 232 2.350000
 233 4.580000
 234 4.610000
 235 4.710000
 236 4.780000
 237 1.720000
 238 1.680000
 239 1.690000
 240 1.690000
 241 1.660000
 242 1.690000
 243 1.690000
 244 1.660000
 245 1.660000
 246 1.660000
 247 1.680000
 248 1.700000
 249 1.710000
 250 1.750000
 251 4.980000
 252 4.960000
 253 4.930000
 254 4.960000
 255 4.930000
 256 4.930000
 257 1.430000
 258 2.240000
 259 2.240000
 260 2.210000
 261 2.210000
 262 2.210000
 263 2.210000
 264 2.210000
 265 2.210000
 266 2.290000
 267 4.720000
 268 4.680000
 269 1.100000
 270 1.050000
 271 1.040000
 272 1.040000
 273 1.040000
 274 1.040000
 275 1.010000
 276 1.040000
 277 1.050000
 278 1.040000
 279 1.040000
 280 1.050000
 281 1.020000
 282 1.020000
 283 1.020000
 284 1.040000
 285 1.030000
 286 1.050000
 287 1.060000
 288 1.180000
 289 1.610000
 290 1.610000
 291 1.600000
 292 1.590000
 293 1.600000
 294 1.590000
 295 1.600000
 296 1.590000
 297 1.660000
 298 2.090000
 299 2.160000
 300 2.140000
 301 2.140000
 302 2.180000
 303 4.310000
 304 4.310000
 305 4.380000
 306 4.410000
 307 4.260000
 308 4.380000
 309 4.260000
 310 4.260000
 311 4.230000
 312 4.250000
 313 4.210000
 314 4.200000
 315 4.210000
 316 4.220000
 317 4.220000
 318 4.220000
 319 4.200000
 320 4.200000
 321 4.180000
 322 4.160000
 323 4.160000
 324 4.160000
 325 4.150000
 326 4.150000
 327 4.150000
 328 4.170000
 329 4.120000
 330 4.120000
 331 4.160000
 332 4.130000
 333 4.240000
 334 4.240000
 335 4.240000
 336 4.230000
 337 4.230000
 338 4.230000
 339 4.200000
 340 4.180000
 341 4.160000
 342 4.180000
 343 4.210000
 344 0.760000
 345 0.730000
 346 0.690000
 347 4.140000
 348 4.130000
 349 4.130000
 350 4.130000
 351 4.080000
 352 4.080000
 353 4.110000
 354 4.110000
 355 4.070000
 356 4.090000
 357 4.090000
 358 4.090000
 359 4.130000
 360 4.100000
 361 4.100000
 362 4.100000
 363 4.060000
 364 4.110000
 365 4.130000
 366 4.080000
 367 4.070000
 368 4.110000
 369 4.670000
 370 5.010000
 371 4.980000
 372 2.430000
 373 5.000000
 374 4.990000
 375 5.010000
 376 4.990000
 377 5.020000
 378 2.300000
 379 2.270000
 380 2.320000
 381 2.400000
 382 4.970000
 383 4.980000
 384 4.980000
 385 4.960000
 386 4.980000
 387 4.240000
 388 4.870000
 389 4.880000
 390 4.950000
 391 4.230000
 392 4.190000
 393 4.170000
 394 4.250000
 395 4.830000
 396 4.790000
 397 4.710000
 398 4.680000
 399 4.640000
 400 4.560000
 401 4.490000
 402 4.540000
 403 4.540000
 404 4.540000
 405 4.480000
 406 4.510000
 407 4.320000
 408 4.240000
 409 4.250000
 410 4.290000
 411 4.290000
 412 4.340000
 413 4.280000
 414 4.230000
 415 4.230000
 416 4.290000
 417 4.390000
 418 4.360000
 419 4.340000
 420 4.260000
 421 4.230000
 422 4.270000
 423 4.210000
 424 3.980000
 425 3.870000
 426 3.850000
 427 3.770000
 428 3.660000
 429 3.610000
 430 3.640000
 431 3.640000
 432 3.620000
 433 3.590000
 434 3.600000
 435 3.550000
 436 3.550000
 437 3.550000
 438 3.530000
 439 3.530000
 440 3.510000
 441 3.480000
 442 3.480000
 443 3.480000
 444 3.580000
 445 3.580000
 446 3.580000
 447 3.580000
 448 3.550000
 449 3.560000
 450 3.530000
 451 3.530000
 452 3.530000
 453 3.530000
 454 3.550000
 455 3.520000
 456 3.500000
 457 3.470000
 458 3.430000
 459 3.440000
 460 3.490000
 461 3.470000
 462 3.480000
 463 3.450000
 464 3.510000
 465 3.530000
 466 3.510000
 467 3.510000
 468 3.450000
 469 3.480000
 470 3.480000
 471 3.460000
 472 3.470000
 473 3.460000
 474 3.460000
 475 3.440000
 476 3.430000
 477 3.400000
 478 3.360000
 479 3.430000
 480 3.330000
 481 3.410000
 482 3.380000
 483 3.360000
 484 3.360000
 485 3.310000
 486 3.300000
 487 3.260000
 488 3.230000
 489 3.230000
 490 3.250000
 491 3.210000
 492 3.180000
 493 3.160000
 494 3.160000
 495 3.130000
 496 3.130000
 497 3.110000
 498 3.100000
 499 3.080000
 500 3.080000
 501 3.060000
 502 3.080000
 503 3.080000
 504 3.060000
 505 3.030000
 506 3.030000
 507 3.050000
 508 3.030000
 509 2.990000
 510 3.050000
 511 3.050000
 512 3.050000
 513 3.070000
 514 3.070000
 515 2.630000
 516 2.550000
 517 2.440000
 518 2.200000
 519 2.130000
 520 2.100000
 521 2.060000
 522 2.060000
 523 2.050000
 524 2.050000
 525 2.030000
 526 1.980000
 527 1.980000
 528 1.960000
 529 2.000000
 530 1.970000
 531 1.960000
 532 1.940000
 533 3.030000
 534 3.030000
 535 3.010000
 536 3.010000
 537 3.020000
 538 3.010000
 539 3.020000
 540 3.020000
 541 3.020000
 542 3.020000
 543 3.020000
 544 3.020000
 545 3.020000
 546 3.020000
 547 3.020000
 548 3.010000
 549 3.020000
 550 3.020000
 551 3.040000
 552 3.040000
 553 3.070000
 554 3.090000
 555 1.790000
 556 1.780000
 557 1.770000
 558 1.770000
 559 1.780000
 560 1.770000
 561 1.770000
 562 1.800000
 563 1.800000
 564 1.800000
 565 1.820000
 566 1.800000
 567 1.820000
 568 1.850000
 569 1.850000
 570 1.850000
 571 1.850000
 572 1.870000
 573 1.900000
 574 1.870000
 575 1.900000
 576 1.900000
 577 1.900000
 578 1.900000
 579 1.910000
 580 1.950000
 581 1.950000
 582 1.950000
 583 1.970000
 584 1.980000
 585 2.000000
 586 2.000000
 587 2.000000
 588 2.030000
 589 2.030000
 590 2.050000
 591 2.050000
 592 2.050000
 593 2.080000
 594 2.100000
 595 2.130000
 596 2.150000
 597 2.150000
 598 2.180000
 599 2.200000
 600 2.200000
 601 2.200000
 602 2.230000
 603 2.230000
 604 2.200000
 605 2.200000
 606 2.250000
 607 2.250000
 608 2.280000
 609 2.280000
 610 1.400000
 611 1.430000
 612 1.400000
 613 1.400000
 614 1.380000
 615 1.400000
 616 1.420000
 617 1.420000
 618 1.420000
 619 1.450000
 620 1.450000
 621 1.450000
 622 1.470000
 623 1.470000
 624 1.470000
 625 1.470000
 626 1.500000
 627 1.520000
 628 1.520000
 629 1.540000
 630 1.550000
 631 1.540000
 632 1.560000
 633 1.560000
 634 1.560000
 635 1.610000
 636 1.610000
 637 1.610000
 638 1.640000
 639 1.640000
 640 1.660000
 641 1.660000
 642 1.690000
 643 1.690000
 644 1.710000
 645 1.710000
 646 1.710000
 647 1.730000
 648 1.760000
 649 1.780000
 650 1.780000
 651 1.780000
 652 1.810000
 653 1.810000
 654 1.830000
 655 1.860000
 656 1.860000
 657 1.880000
 658 1.910000
 659 3.410000
 660 3.410000
 661 3.370000
 662 3.370000
 663 3.410000
 664 3.410000
 665 3.370000
 666 3.340000
 667 3.340000
 668 3.320000
 669 3.340000
 670 3.290000
 671 3.290000
 672 3.270000
 673 3.240000
 674 3.220000
 675 3.250000
 676 3.250000
 677 3.260000
 678 3.250000
 679 3.230000
 680 3.220000
 681 3.220000
 682 3.220000
 683 3.220000
 684 3.220000
 685 3.230000
 686 3.250000
 687 3.250000
 688 3.250000
 689 3.280000
 690 3.280000
 691 3.280000
 692 3.280000
 693 3.320000
 694 3.320000
 695 3.290000
 696 3.290000
 697 3.320000
 698 3.340000
 699 3.370000
 700 3.370000
 701 3.370000
 702 3.340000
 703 3.360000
 704 3.390000
 705 3.070000
 706 2.910000
 707 2.900000
 708 1.600000
 709 1.570000
 710 1.560000
 711 3.500000
 712 3.530000
 713 3.570000
 714 3.540000
 715 3.610000
 716 3.640000
 717 3.660000
 718 3.630000
 719 3.680000
 720 3.710000
 721 3.730000
 722 3.760000
 723 3.760000
 724 3.740000
 725 3.790000
 726 3.760000
 727 3.790000
 728 3.790000
 729 3.790000
 730 3.810000
 731 3.810000
 732 3.840000
 733 3.810000
 734 3.860000
 735 3.890000
 736 3.890000
 737 3.920000
 738 3.910000
 739 3.520000
 740 3.350000
 741 2.930000
 742 2.900000
 743 2.930000
 744 3.550000
 745 3.960000
 746 3.990000
 747 3.990000
 748 3.990000
 749 3.990000
 750 3.990000
 751 3.990000
 752 3.990000
 753 3.990000
 754 3.990000
 755 4.040000
 756 4.000000
 757 4.060000
 758 4.050000
 759 4.040000
 760 4.060000
 0 3.160000
 1 3.160000
 2 3.110000
 3 3.140000
 4 3.010000
 5 3.140000
 6 3.140000
 7 3.030000
 8 3.070000
 9 3.190000
 10 3.040000
 11 3.090000
 12 3.190000
 13 3.160000
 14 3.060000
 15 3.010000
 16 3.060000
 17 3.160000
 18 3.160000
 19 3.140000
 20 3.140000
 21 3.160000
 22 3.140000
 23 3.000000
 24 3.030000
 25 3.030000
 26 3.040000
 27 3.110000
 28 3.010000
 29 2.980000
 30 2.980000
 31 3.140000
 32 3.090000
 33 2.960000
 34 3.110000
 35 3.090000
 36 2.900000
 37 2.710000
 38 2.330000
 39 2.170000
 40 2.160000
 41 2.140000
 42 2.150000
 43 2.150000
 44 2.160000
 45 2.140000
 46 2.150000
 47 2.150000
 48 2.150000
 49 2.150000
 50 2.150000
 51 2.150000
 52 2.250000
 53 2.290000
 54 2.240000
 55 2.180000
 56 2.190000
 57 2.160000
 58 2.190000
 59 2.190000
 60 2.200000
 61 2.200000
 62 2.200000
 63 2.180000
 64 2.200000
 65 2.160000
 66 2.160000
 67 2.190000
 68 2.200000
 69 2.220000
 70 2.230000
 71 2.220000
 72 2.190000
 73 2.210000
 74 2.200000
 75 2.200000
 76 2.240000
 77 2.330000
 78 2.200000
 79 2.170000
 80 2.170000
 81 2.170000
 82 2.200000
 83 2.210000
 84 2.230000
 85 2.250000
 86 2.260000
 87 2.230000
 88 2.230000
 89 2.240000
 90 2.260000
 91 2.270000
 92 2.250000
 93 2.250000
 94 2.260000
 95 2.240000
 96 2.240000
 97 2.240000
 98 2.250000
 99 2.250000
 100 2.240000
 101 2.280000
 102 2.280000
 103 2.280000
 104 2.280000
 105 2.300000
 106 2.300000
 107 2.300000
 108 2.310000
 109 2.300000
 110 2.300000
 111 2.330000
 112 2.310000
 113 2.320000
 114 2.320000
 115 2.350000
 116 2.310000
 117 2.330000
 118 2.350000
 119 2.350000
 120 2.470000
 121 2.390000
 122 2.340000
 123 2.310000
 124 2.320000
 125 2.310000
 126 2.350000
 127 2.400000
 128 2.400000
 129 2.400000
 130 2.390000
 131 2.390000
 132 2.420000
 133 2.390000
 134 2.420000
 135 2.410000
 136 2.410000
 137 2.390000
 138 2.390000
 139 2.390000
 140 2.390000
 141 2.390000
 142 2.430000
 143 2.420000
 144 2.420000
 145 1.370000
 146 1.380000
 147 1.390000
 148 1.390000
 149 1.360000
 150 1.360000
 151 1.360000
 152 1.360000
 153 1.360000
 154 1.340000
 155 1.350000
 156 1.330000
 157 1.350000
 158 1.350000
 159 1.350000
 160 1.380000
 161 1.400000
 162 1.420000
 163 1.410000
 164 3.430000
 165 3.460000
 166 3.460000
 167 3.480000
 168 3.520000
 169 3.600000
 170 3.760000
 171 3.710000
 172 3.730000
 173 3.750000
 174 3.760000
 175 3.790000
 176 3.780000
 177 3.850000
 178 3.830000
 179 3.840000
 180 3.860000
 181 3.870000
 182 3.890000
 183 3.890000
 184 3.860000
 185 3.930000
 186 3.900000
 187 3.940000
 188 3.920000
 189 3.940000
 190 3.940000
 191 3.990000
 192 4.000000
 193 1.860000
 194 1.850000
 195 1.810000
 196 1.840000
 197 1.840000
 198 1.790000
 199 1.180000
 200 1.160000
 201 1.160000
 202 1.160000
 203 1.160000
 204 1.160000
 205 1.140000
 206 1.140000
 207 1.140000
 208 1.160000
 209 1.140000
 210 1.160000
 211 1.140000
 212 1.140000
 213 1.150000
 214 1.170000
 215 1.170000
 216 1.170000
 217 1.170000
 218 1.190000
 219 1.300000
 220 4.360000
 221 4.380000
 222 2.360000
 223 2.360000
 224 2.310000
 225 2.340000
 226 2.310000
 227 2.310000
 228 2.310000
 229 2.300000
 230 2.300000
 231 2.350000
 232 2.380000
 233 4.580000
 234 4.610000
 235 4.710000
 236 4.780000
 237 1.720000
 238 1.680000
 239 1.690000
 240 1.690000
 241 1.690000
 242 1.660000
 243 1.660000
 244 1.660000
 245 1.660000
 246 1.660000
 247 1.650000
 248 1.700000
 249 1.710000
 250 1.750000
 251 5.010000
 252 4.980000
 253 4.960000
 254 4.960000
 255 4.930000
 256 4.930000
 257 1.490000
 258 2.210000
 259 2.240000
 260 2.210000
 261 2.210000
 262 2.210000
 263 2.210000
 264 2.210000
 265 2.210000
 266 2.270000
 267 4.740000
 268 4.710000
 269 1.090000
 270 1.050000
 271 1.040000
 272 1.060000
 273 1.010000
 274 1.040000
 275 1.040000
 276 1.040000
 277 1.050000
 278 1.040000
 279 1.040000
 280 1.020000
 281 1.050000
 282 1.050000
 283 1.020000
 284 1.040000
 285 1.040000
 286 1.050000
 287 1.060000
 288 1.180000
 289 1.590000
 290 1.590000
 291 1.600000
 292 1.620000
 293 1.600000
 294 1.600000
 295 1.600000
 296 1.590000
 297 1.630000
 298 2.060000
 299 2.140000
 300 2.140000
 301 2.160000
 302 2.180000
 303 4.310000
 304 4.280000
 305 4.380000
 306 4.380000
 307 4.280000
 308 4.390000
 309 4.260000
 310 4.260000
 311 4.230000
 312 4.250000
 313 4.230000
 314 4.220000
 315 4.230000
 316 4.200000
 317 4.200000
 318 4.220000
 319 4.200000
 320 4.200000
 321 4.180000
 322 4.180000
 323 4.180000
 324 4.180000
 325 4.150000
 326 4.170000
 327 4.150000
 328 4.170000
 329 4.150000
 330 4.120000
 331 4.160000
 332 4.240000
 333 4.250000
 334 4.260000
 335 4.260000
 336 4.230000
 337 4.230000
 338 4.210000
 339 4.200000
 340 4.180000
 341 4.180000
 342 4.210000
 343 4.210000
 344 0.730000
 345 0.730000
 346 0.700000
 347 4.130000
 348 4.130000
 349 4.130000
 350 4.130000
 351 4.080000
 352 4.080000
 353 4.110000
 354 4.070000
 355 4.090000
 356 4.080000
 357 4.090000
 358 4.120000
 359 4.110000
 360 4.140000
 361 4.100000
 362 4.110000
 363 4.060000
 364 4.130000
 365 4.120000
 366 4.080000
 367 4.070000
 368 4.110000
 369 4.650000
 370 5.010000
 371 5.010000
 372 2.410000
 373 5.010000
 374 5.020000
 375 4.990000
 376 4.990000
 377 4.990000
 378 2.260000
 379 2.270000
 380 2.320000
 381 2.410000
 382 4.970000
 383 5.010000
 384 4.980000
 385 5.050000
 386 5.050000
 387 4.220000
 388 4.860000
 389 4.860000
 390 4.990000
 391 4.230000
 392 4.190000
 393 4.200000
 394 4.260000
 395 4.830000
 396 4.790000
 397 4.700000
 398 4.680000
 399 4.640000
 400 4.540000
 401 4.470000
 402 4.510000
 403 4.540000
 404 4.540000
 405 4.480000
 406 4.490000
 407 4.320000
 408 4.240000
 409 4.240000
 410 4.290000
 411 4.270000
 412 4.340000
 413 4.280000
 414 4.230000
 415 4.260000
 416 4.270000
 417 4.390000
 418 4.340000
 419 4.290000
 420 4.230000
 421 4.230000
 422 4.220000
 423 4.210000
 424 3.980000
 425 3.870000
 426 3.850000
 427 3.770000
 428 3.690000
 429 3.640000
 430 3.640000
 431 3.640000
 432 3.620000
 433 3.590000
 434 3.600000
 435 3.550000
 436 3.550000
 437 3.500000
 438 3.530000
 439 3.510000
 440 3.510000
 441 3.510000
 442 3.480000
 443 3.480000
 444 3.560000
 445 3.570000
 446 3.580000
 447 3.560000
 448 3.550000
 449 3.530000
 450 3.530000
 451 3.510000
 452 3.500000
 453 3.510000
 454 3.550000
 455 3.510000
 456 3.470000
 457 3.470000
 458 3.440000
 459 3.420000
 460 3.460000
 461 3.440000
 462 3.460000
 463 3.460000
 464 3.510000
 465 3.510000
 466 3.480000
 467 3.480000
 468 3.400000
 469 3.500000
 470 3.480000
 471 3.460000
 472 3.480000
 473 3.460000
 474 3.460000
 475 3.430000
 476 3.460000
 477 3.400000
 478 3.250000
 479 3.410000
 480 3.250000
 481 3.380000
 482 3.380000
 483 3.360000
 484 3.330000
 485 3.310000
 486 3.280000
 487 3.260000
 488 3.230000
 489 3.230000
 490 3.250000
 491 3.200000
 492 3.180000
 493 3.170000
 494 3.160000
 495 3.130000
 496 3.130000
 497 3.130000
 498 3.080000
 499 3.080000
 500 3.080000
 501 3.080000
 502 3.050000
 503 3.050000
 504 3.060000
 505 3.060000
 506 3.060000
 507 3.050000
 508 3.030000
 509 3.000000
 510 3.040000
 511 3.020000
 512 3.020000
 513 3.040000
 514 3.070000
 515 2.610000
 516 2.550000
 517 2.440000
 518 2.200000
 519 2.150000
 520 2.080000
 521 2.060000
 522 2.040000
 523 2.010000
 524 2.050000
 525 2.040000
 526 1.980000
 527 1.980000
 528 1.980000
 529 1.940000
 530 1.970000
 531 1.960000
 532 1.960000
 533 3.030000
 534 3.010000
 535 3.030000
 536 3.010000
 537 3.020000
 538 3.010000
 539 3.020000
 540 3.020000
 541 3.020000
 542 3.020000
 543 3.020000
 544 3.020000
 545 3.020000
 546 3.020000
 547 3.010000
 548 3.020000
 549 3.020000
 550 3.040000
 551 3.040000
 552 3.040000
 553 3.040000
 554 3.070000
 555 1.790000
 556 1.810000
 557 1.800000
 558 1.770000
 559 1.780000
 560 1.780000
 561 1.780000
 562 1.770000
 563 1.800000
 564 1.800000
 565 1.800000
 566 1.820000
 567 1.820000
 568 1.820000
 569 1.850000
 570 1.850000
 571 1.870000
 572 1.850000
 573 1.870000
 574 1.870000
 575 1.900000
 576 1.920000
 577 1.920000
 578 1.910000
 579 1.910000
 580 1.920000
 581 1.970000
 582 1.970000
 583 1.970000
 584 1.970000
 585 2.000000
 586 2.000000
 587 2.000000
 588 2.030000
 589 2.030000
 590 2.050000
 591 2.050000
 592 2.080000
 593 2.080000
 594 2.100000
 595 2.100000
 596 2.130000
 597 2.150000
 598 2.180000
 599 2.180000
 600 2.200000
 601 2.230000
 602 2.230000
 603 2.230000
 604 2.200000
 605 2.200000
 606 2.230000
 607 2.250000
 608 2.280000
 609 2.280000
 610 1.420000
 611 1.430000
 612 1.400000
 613 1.400000
 614 1.390000
 615 1.400000
 616 1.420000
 617 1.420000
 618 1.420000
 619 1.420000
 620 1.450000
 621 1.450000
 622 1.450000
 623 1.500000
 624 1.500000
 625 1.500000
 626 1.500000
 627 1.520000
 628 1.520000
 629 1.520000
 630 1.550000
 631 1.540000
 632 1.560000
 633 1.560000
 634 1.590000
 635 1.590000
 636 1.590000
 637 1.610000
 638 1.640000
 639 1.640000
 640 1.640000
 641 1.660000
 642 1.690000
 643 1.690000
 644 1.710000
 645 1.710000
 646 1.710000
 647 1.740000
 648 1.760000
 649 1.760000
 650 1.780000
 651 1.810000
 652 1.810000
 653 1.810000
 654 1.830000
 655 1.860000
 656 1.880000
 657 1.910000
 658 1.920000
 659 3.410000
 660 3.380000
 661 3.370000
 662 3.370000
 663 3.380000
 664 3.400000
 665 3.380000
 666 3.340000
 667 3.340000
 668 3.340000
 669 3.320000
 670 3.290000
 671 3.270000
 672 3.240000
 673 3.240000
 674 3.220000
 675 3.250000
 676 3.260000
 677 3.230000
 678 3.250000
 679 3.250000
 680 3.220000
 681 3.230000
 682 3.240000
 683 3.220000
 684 3.220000
 685 3.230000
 686 3.260000
 687 3.280000
 688 3.280000
 689 3.280000
 690 3.310000
 691 3.280000
 692 3.290000
 693 3.270000
 694 3.300000
 695 3.290000
 696 3.310000
 697 3.320000
 698 3.320000
 699 3.340000
 700 3.370000
 701 3.390000
 702 3.340000
 703 3.390000
 704 3.420000
 705 3.100000
 706 2.880000
 707 2.930000
 708 1.590000
 709 1.590000
 710 1.590000
 711 3.510000
 712 3.540000
 713 3.560000
 714 3.540000
 715 3.580000
 716 3.600000
 717 3.640000
 718 3.630000
 719 3.680000
 720 3.680000
 721 3.700000
 722 3.740000
 723 3.740000
 724 3.760000
 725 3.770000
 726 3.740000
 727 3.790000
 728 3.760000
 729 3.790000
 730 3.810000
 731 3.810000
 732 3.800000
 733 3.840000
 734 3.860000
 735 3.910000
 736 3.920000
 737 3.920000
 738 3.940000
 739 3.570000
 740 3.360000
 741 2.910000
 742 2.880000
 743 2.900000
 744 3.550000
 745 3.960000
 746 3.970000
 747 3.960000
 748 3.990000
 749 3.990000
 750 3.960000
 751 3.990000
 752 3.990000
 753 3.980000
 754 4.010000
 755 3.990000
 756 4.000000
 757 4.040000
 758 4.040000
 759 4.040000
 760 4.080000
 0 3.140000
 1 3.140000
 2 3.140000
 3 3.140000
 4 3.010000
 5 3.140000
 6 3.140000
 7 3.030000
 8 3.050000
 9 3.160000
 10 3.070000
 11 3.060000
 12 3.190000
 13 3.160000
 14 3.070000
 15 3.040000
 16 3.030000
 17 3.160000
 18 3.160000
 19 3.140000
 20 3.140000
 21 3.160000
 22 3.140000
 23 3.020000
 24 3.030000
 25 3.030000
 26 3.040000
 27 3.160000
 28 3.010000
 29 2.980000
 30 2.980000
 31 3.140000
 32 3.090000
 33 2.960000
 34 3.110000
 35 3.110000
 36 2.900000
 37 2.710000
 38 2.330000
 39 2.170000
 40 2.180000
 41 2.140000
 42 2.150000
 43 2.130000
 44 2.140000
 45 2.140000
 46 2.150000
 47 2.150000
 48 2.150000
 49 2.150000
 50 2.150000
 51 2.160000
 52 2.230000
 53 2.290000
 54 2.240000
 55 2.180000
 56 2.190000
 57 2.190000
 58 2.210000
 59 2.210000
 60 2.200000
 61 2.200000
 62 2.220000
 63 2.210000
 64 2.200000
 65 2.160000
 66 2.190000
 67 2.190000
 68 2.200000
 69 2.220000
 70 2.230000
 71 2.230000
 72 2.210000
 73 2.210000
 74 2.200000
 75 2.200000
 76 2.240000
 77 2.330000
 78 2.200000
 79 2.170000
 80 2.200000
 81 2.170000
 82 2.180000
 83 2.240000
 84 2.250000
 85 2.250000
 86 2.240000
 87 2.230000
 88 2.230000
 89 2.240000
 90 2.240000
 91 2.270000
 92 2.250000
 93 2.280000
 94 2.260000
 95 2.240000
 96 2.240000
 97 2.210000
 98 2.220000
 99 2.250000
 100 2.240000
 101 2.280000
 102 2.280000
 103 2.280000
 104 2.300000
 105 2.300000
 106 2.320000
 107 2.300000
 108 2.310000
 109 2.300000
 110 2.300000
 111 2.330000
 112 2.340000
 113 2.320000
 114 2.350000
 115 2.320000
 116 2.310000
 117 2.330000
 118 2.350000
 119 2.350000
 120 2.460000
 121 2.390000
 122 2.340000
 123 2.310000
 124 2.320000
 125 2.310000
 126 2.330000
 127 2.370000
 128 2.370000
 129 2.400000
 130 2.410000
 131 2.410000
 132 2.420000
 133 2.410000
 134 2.420000
 135 2.410000
 136 2.390000
 137 2.390000
 138 2.390000
 139 2.360000
 140 2.390000
 141 2.390000
 142 2.430000
 143 2.420000
 144 2.440000
 145 1.370000
 146 1.400000
 147 1.360000
 148 1.390000
 149 1.360000
 150 1.360000
 151 1.360000
 152 1.340000
 153 1.340000
 154 1.340000
 155 1.330000
 156 1.350000
 157 1.350000
 158 1.350000
 159 1.350000
 160 1.380000
 161 1.400000
 162 1.400000
 163 1.380000
 164 3.430000
 165 3.440000
 166 3.450000
 167 3.480000
 168 3.490000
 169 3.600000
 170 3.760000
 171 3.680000
 172 3.710000
 173 3.720000
 174 3.760000
 175 3.790000
 176 3.800000
 177 3.830000
 178 3.830000
 179 3.860000
 180 3.870000
 181 3.860000
 182 3.890000
 183 3.900000
 184 3.900000
 185 3.930000
 186 3.900000
 187 3.940000
 188 3.930000
 189 3.950000
 190 3.960000
 191 3.950000
 192 3.970000
 193 1.860000
 194 1.850000
 195 1.840000
 196 1.810000
 197 1.810000
 198 1.790000
 199 1.180000
 200 1.160000
 201 1.160000
 202 1.160000
 203 1.160000
 204 1.140000
 205 1.140000
 206 1.140000
 207 1.140000
 208 1.160000
 209 1.140000
 210 1.140000
 211 1.140000
 212 1.140000
 213 1.150000
 214 1.150000
 215 1.170000
 216 1.170000
 217 1.170000
 218 1.190000
 219 1.300000
 220 4.360000
 221 4.350000
 222 2.360000
 223 2.340000
 224 2.340000
 225 2.310000
 226 2.310000
 227 2.310000
 228 2.310000
 229 2.310000
 230 2.320000
 231 2.350000
 232 2.370000
 233 4.610000
 234 4.580000
 235 4.710000
 236 4.760000
 237 1.700000
 238 1.680000
 239 1.690000
 240 1.660000
 241 1.690000
 242 1.660000
 243 1.660000
 244 1.660000
 245 1.660000
 246 1.660000
 247 1.650000
 248 1.700000
 249 1.690000
 250 1.750000
 251 4.980000
 252 4.980000
 253 4.930000
 254 4.930000
 255 4.960000
 256 4.930000
 257 1.430000
 258 2.240000
 259 2.210000
 260 2.240000
 261 2.210000
 262 2.210000
 263 2.210000
 264 2.210000
 265 2.210000
 266 2.270000
 267 4.740000
 268 4.710000
 269 1.160000
 270 1.050000
 271 1.040000
 272 1.060000
 273 1.060000
 274 1.040000
 275 1.040000
 276 1.040000
 277 1.050000
 278 1.040000
 279 1.010000
 280 1.020000
 281 1.050000
 282 1.020000
 283 1.020000
 284 1.010000
 285 1.010000
 286 1.050000
 287 1.090000
 288 1.180000
 289 1.610000
 290 1.590000
 291 1.600000
 292 1.590000
 293 1.620000
 294 1.600000
 295 1.600000
 296 1.590000
 297 1.660000
 298 2.040000
 299 2.160000
 300 2.160000
 301 2.140000
 302 2.210000
 303 4.310000
 304 4.280000
 305 4.410000
 306 4.410000
 307 4.280000
 308 4.360000
 309 4.260000
 310 4.230000
 311 4.260000
 312 4.250000
 313 4.230000
 314 4.220000
 315 4.230000
 316 4.220000
 317 4.220000
 318 4.220000
 319 4.220000
 320 4.200000
 321 4.180000
 322 4.180000
 323 4.180000
 324 4.180000
 325 4.170000
 326 4.150000
 327 4.150000
 328 4.150000
 329 4.120000
 330 4.150000
 331 4.100000
 332 4.270000
 333 4.240000
 334 4.240000
 335 4.240000
 336 4.260000
 337 4.230000
 338 4.210000
 339 4.200000
 340 4.180000
 341 4.160000
 342 4.210000
 343 4.210000
 344 0.730000
 345 0.730000
 346 0.730000
 347 4.140000
 348 4.160000
 349 4.130000
 350 4.100000
 351 4.080000
 352 4.070000
 353 4.110000
 354 4.080000
 355 4.090000
 356 4.090000
 357 4.090000
 358 4.130000
 359 4.110000
 360 4.130000
 361 4.100000
 362 4.100000
 363 4.060000
 364 4.110000
 365 4.140000
 366 4.060000
 367 4.070000
 368 4.090000
 369 4.670000
 370 5.010000
 371 5.010000
 372 2.430000
 373 5.010000
 374 5.020000
 375 4.990000
 376 5.020000
 377 4.990000
 378 2.270000
 379 2.270000
 380 2.350000
 381 2.400000
 382 4.970000
 383 4.980000
 384 5.010000
 385 4.980000
 386 5.050000
 387 4.220000
 388 4.860000
 389 4.860000
 390 4.960000
 391 4.260000
 392 4.190000
 393 4.170000
 394 4.240000
 395 4.840000
 396 4.810000
 397 4.730000
 398 4.710000
 399 4.640000
 400 4.560000
 401 4.470000
 402 4.540000
 403 4.530000
 404 4.530000
 405 4.510000
 406 4.520000
 407 4.320000
 408 4.280000
 409 4.240000
 410 4.290000
 411 4.270000
 412 4.340000
 413 4.280000
 414 4.260000
 415 4.250000
 416 4.270000
 417 4.390000
 418 4.370000
 419 4.340000
 420 4.260000
 421 4.240000
 422 4.240000
 423 4.210000
 424 3.980000
 425 3.960000
 426 3.870000
 427 3.770000
 428 3.660000
 429 3.690000
 430 3.610000
 431 3.640000
 432 3.650000
 433 3.570000
 434 3.600000
 435 3.570000
 436 3.520000
 437 3.520000
 438 3.560000
 439 3.530000
 440 3.530000
 441 3.510000
 442 3.480000
 443 3.510000
 444 3.580000
 445 3.570000
 446 3.580000
 447 3.560000
 448 3.550000
 449 3.560000
 450 3.560000
 451 3.530000
 452 3.530000
 453 3.530000
 454 3.520000
 455 3.520000
 456 3.510000
 457 3.470000
 458 3.420000
 459 3.440000
 460 3.490000
 461 3.440000
 462 3.480000
 463 3.480000
 464 3.480000
 465 3.510000
 466 3.510000
 467 3.480000
 468 3.430000
 469 3.480000
 470 3.480000
 471 3.480000
 472 3.480000
 473 3.450000
 474 3.450000
 475 3.430000
 476 3.420000
 477 3.410000
 478 3.250000
 479 3.430000
 480 3.380000
 481 3.380000
 482 3.410000
 483 3.380000
 484 3.330000
 485 3.310000
 486 3.280000
 487 3.260000
 488 3.260000
 489 3.200000
 490 3.230000
 491 3.230000
 492 3.180000
 493 3.180000
 494 3.180000
 495 3.120000
 496 3.130000
 497 3.130000
 498 3.100000
 499 3.110000
 500 3.060000
 501 3.080000
 502 3.060000
 503 3.080000
 504 3.030000
 505 3.030000
 506 3.060000
 507 3.060000
 508 3.030000
 509 3.020000
 510 3.050000
 511 3.050000
 512 3.050000
 513 3.040000
 514 3.040000
 515 2.610000
 516 2.550000
 517 2.420000
 518 2.200000
 519 2.130000
 520 2.110000
 521 2.060000
 522 2.040000
 523 2.020000
 524 2.030000
 525 2.040000
 526 2.010000
 527 1.980000
 528 1.960000
 529 1.970000
 530 1.970000
 531 1.930000
 532 1.940000
 533 3.030000
 534 3.030000
 535 3.010000
 536 3.010000
 537 3.020000
 538 3.010000
 539 3.020000
 540 3.020000
 541 3.020000
 542 3.020000
 543 3.020000
 544 2.990000
 545 3.020000
 546 3.040000
 547 3.020000
 548 3.020000
 549 3.020000
 550 3.010000
 551 3.040000
 552 3.040000
 553 3.070000
 554 3.070000
 555 1.790000
 556 1.780000
 557 1.760000
 558 1.770000
 559 1.780000
 560 1.780000
 561 1.800000
 562 1.800000
 563 1.800000
 564 1.800000
 565 1.800000
 566 1.820000
 567 1.820000
 568 1.850000
 569 1.850000
 570 1.850000
 571 1.850000
 572 1.870000
 573 1.870000
 574 1.870000
 575 1.900000
 576 1.920000
 577 1.900000
 578 1.910000
 579 1.950000
 580 1.920000
 581 1.950000
 582 1.950000
 583 1.950000
 584 1.970000
 585 2.000000
 586 2.000000
 587 2.000000
 588 2.030000
 589 2.030000
 590 2.050000
 591 2.050000
 592 2.080000
 593 2.080000
 594 2.100000
 595 2.130000
 596 2.150000
 597 2.180000
 598 2.180000
 599 2.180000
 600 2.200000
 601 2.230000
 602 2.230000
 603 2.230000
 604 2.200000
 605 2.200000
 606 2.230000
 607 2.250000
 608 2.280000
 609 2.280000
 610 1.400000
 611 1.430000
 612 1.400000
 613 1.400000
 614 1.410000
 615 1.400000
 616 1.420000
 617 1.420000
 618 1.450000
 619 1.420000
 620 1.450000
 621 1.470000
 622 1.450000
 623 1.470000
 624 1.500000
 625 1.500000
 626 1.500000
 627 1.520000
 628 1.520000
 629 1.510000
 630 1.550000
 631 1.540000
 632 1.560000
 633 1.560000
 634 1.590000
 635 1.590000
 636 1.590000
 637 1.590000
 638 1.610000
 639 1.610000
 640 1.640000
 641 1.660000
 642 1.660000
 643 1.690000
 644 1.690000
 645 1.710000
 646 1.730000
 647 1.730000
 648 1.760000
 649 1.760000
 650 1.780000
 651 1.810000
 652 1.810000
 653 1.830000
 654 1.830000
 655 1.860000
 656 1.890000
 657 1.880000
 658 1.910000
 659 3.410000
 660 3.380000
 661 3.370000
 662 3.370000
 663 3.410000
 664 3.380000
 665 3.380000
 666 3.380000
 667 3.340000
 668 3.320000
 669 3.320000
 670 3.290000
 671 3.290000
 672 3.270000
 673 3.240000
 674 3.240000
 675 3.250000
 676 3.250000
 677 3.230000
 678 3.250000
 679 3.260000
 680 3.220000
 681 3.220000
 682 3.220000
 683 3.200000
 684 3.230000
 685 3.220000
 686 3.270000
 687 3.270000
 688 3.270000
 689 3.260000
 690 3.270000
 691 3.280000
 692 3.270000
 693 3.290000
 694 3.320000
 695 3.290000
 696 3.290000
 697 3.320000
 698 3.320000
 699 3.340000
 700 3.370000
 701 3.360000
 702 3.370000
 703 3.420000
 704 3.390000
 705 3.050000
 706 2.880000
 707 2.900000
 708 1.570000
 709 1.580000
 710 1.540000
 711 3.520000
 712 3.540000
 713 3.560000
 714 3.550000
 715 3.620000
 716 3.600000
 717 3.640000
 718 3.630000
 719 3.690000
 720 3.710000
 721 3.740000
 722 3.730000
 723 3.740000
 724 3.740000
 725 3.760000
 726 3.760000
 727 3.780000
 728 3.740000
 729 3.800000
 730 3.810000
 731 3.810000
 732 3.840000
 733 3.820000
 734 3.860000
 735 3.890000
 736 3.920000
 737 3.890000
 738 3.940000
 739 3.490000
 740 3.330000
 741 2.910000
 742 2.910000
 743 2.930000
 744 3.550000
 745 3.960000
 746 3.970000
 747 3.990000
 748 3.960000
 749 3.990000
 750 3.990000
 751 3.990000
 752 3.980000
 753 3.990000
 754 3.980000
 755 3.990000
 756 4.010000
 757 4.010000
 758 4.030000
 759 4.060000
 760 4.060000