
 0 0.170000
 1 0.150000
 2 0.300000
 3 0.280000
 4 0.230000
 5 0.240000
 6 0.260000
 7 0.290000
 8 0.170000
 9 0.180000
 10 0.320000
 11 0.370000
 12 0.940000
 13 2.810000
 14 2.810000
 15 2.840000
 16 2.810000
 17 2.810000
 18 2.810000
 19 2.790000
 20 2.790000
 21 2.810000
 22 2.790000
 23 2.790000
 24 2.790000
 25 2.790000
 26 2.760000
 27 2.760000
 28 2.480000
 29 2.430000
 30 2.410000
 31 2.550000
 32 2.770000
 33 2.770000
 34 2.740000
 35 2.760000
 36 2.770000
 37 2.740000
 38 2.740000
 39 2.130000
 40 2.100000
 41 2.100000
 42 2.100000
 43 2.100000
 44 2.100000
 45 2.120000
 46 2.390000
 47 2.660000
 48 2.600000
 49 2.580000
 50 2.580000
 51 2.580000
 52 2.620000
 53 2.660000
 54 2.720000
 55 2.730000
 56 2.730000
 57 2.730000
 58 2.710000
 59 2.710000
 60 2.290000
 61 2.230000
 62 2.240000
 63 2.230000
 64 2.230000
 65 2.260000
 66 2.220000
 67 2.210000
 68 2.270000
 69 2.270000
 70 2.320000
 71 2.320000
 72 2.310000
 73 2.260000
 74 2.280000
 75 2.280000
 76 2.300000
 77 2.270000
 78 2.300000
 79 2.270000
 80 2.300000
 81 2.270000
 82 2.270000
 83 2.300000
 84 2.300000
 85 2.300000
 86 2.300000
 87 2.290000
 88 2.390000
 89 2.390000
 90 2.390000
 91 2.410000
 92 2.420000
 93 2.420000
 94 2.450000
 95 2.470000
 96 2.490000
 97 2.530000
 98 2.570000
 99 2.560000
 100 2.590000
 101 2.630000
 102 2.680000
 103 2.700000
 104 2.640000
 105 2.560000
 106 2.550000
 107 2.550000
 108 2.330000
 109 2.300000
 110 2.280000
 111 2.260000
 112 2.300000
 113 2.280000
 114 2.280000
 115 2.280000
 116 2.280000
 117 2.400000
 118 2.630000
 119 2.600000
 120 2.690000
 121 2.740000
 122 2.690000
 123 2.490000
 124 2.230000
 125 2.120000
 126 2.110000
 127 2.100000
 128 2.090000
 129 2.110000
 130 2.110000
 131 2.120000
 132 2.430000
 133 2.390000
 134 2.470000
 135 2.630000
 136 2.560000
 137 2.530000
 138 2.510000
 139 2.530000
 140 2.550000
 141 2.700000
 142 2.530000
 143 2.570000
 144 2.570000
 145 2.620000
 146 2.780000
 147 2.750000
 148 2.730000
 149 2.770000
 150 2.730000
 151 2.500000
 152 2.500000
 153 2.500000
 154 2.540000
 155 2.580000
 156 2.610000
 157 2.750000
 158 2.860000
 159 2.860000
 160 2.890000
 161 2.880000
 162 2.890000
 163 2.880000
 164 2.850000
 165 2.880000
 166 2.850000
 167 2.900000
 168 2.880000
 169 2.930000
 170 2.900000
 171 2.900000
 172 2.900000
 173 2.900000
 174 2.900000
 175 2.930000
 176 2.900000
 177 2.930000
 178 2.930000
 179 2.930000
 180 2.950000
 181 2.930000
 182 2.900000
 183 2.980000
 184 2.950000
 185 2.950000
 186 2.970000
 187 2.910000
 188 2.860000
 189 2.920000
 190 2.970000
 191 2.900000
 192 2.450000
 193 2.330000
 194 2.410000
 195 2.380000
 196 2.410000
 197 2.370000
 198 2.380000
 199 2.370000
 200 2.320000
 201 2.370000
 202 2.380000
 203 2.270000
 204 2.330000
 205 2.270000
 206 2.220000
 207 2.200000
 208 2.230000
 209 2.190000
 210 2.150000
 211 2.150000
 212 2.280000
 213 2.270000
 214 2.850000
 215 2.930000
 216 2.880000
 217 2.910000
 218 2.890000
 219 2.910000
 220 2.860000
 221 2.860000
 222 2.860000
 223 2.880000
 224 2.900000
 225 2.920000
 226 2.900000
 227 2.920000
 228 2.920000
 229 2.900000
 230 2.960000
 231 2.960000
 232 2.980000
 233 2.990000
 234 1.550000
 235 1.540000
 236 1.550000
 237 1.570000
 238 2.910000
 239 2.900000
 240 2.870000
 241 2.700000
 242 2.680000
 243 2.830000
 244 2.830000
 245 2.830000
 246 2.830000
 247 2.830000
 248 2.850000
 249 2.880000
 250 2.880000
 251 2.900000
 252 2.900000
 253 2.900000
 254 2.000000
 255 1.970000
 256 1.960000
 257 2.950000
 258 2.970000
 259 2.960000
 260 2.950000
 261 2.980000
 262 2.950000
 263 3.000000
 264 3.030000
 265 3.030000
 266 3.050000
 267 3.050000
 268 3.080000
 269 3.080000
 270 3.080000
 271 3.080000
 272 3.070000
 273 3.170000
 274 3.270000
 275 3.270000
 276 3.270000
 277 3.250000
 278 3.300000
 279 3.290000
 280 3.190000
 281 3.230000
 282 3.240000
 283 3.210000
 284 3.210000
 285 3.170000
 286 3.210000
 287 3.210000
 288 3.210000
 289 3.200000
 290 3.230000
 291 3.260000
 292 3.280000
 293 3.280000
 294 3.330000
 295 3.330000
 296 3.360000
 297 3.360000
 298 3.380000
 299 3.380000
 300 3.410000
 301 3.410000
 302 1.430000
 303 1.430000
 304 1.430000
 305 1.450000
 306 3.470000
 307 3.410000
 308 3.460000
 309 3.480000
 310 1.910000
 311 1.850000
 312 1.850000
 313 3.530000
 314 3.480000
 315 3.530000
 316 3.530000
 317 3.530000
 318 3.560000
 319 3.530000
 320 3.560000
 321 3.560000
 322 3.570000
 323 1.320000
 324 1.310000
 325 1.320000
 326 1.300000
 327 1.300000
 328 1.320000
 329 1.330000
 330 1.290000
 331 1.290000
 332 1.290000
 333 1.290000
 334 1.290000
 335 1.310000
 336 1.320000
 337 1.370000
 338 1.510000
 339 1.840000
 340 1.860000
 341 1.860000
 342 1.860000
 343 1.900000
 344 2.410000
 345 2.410000
 346 2.430000
 347 2.530000
 348 3.470000
 349 3.530000
 350 3.250000
 351 3.230000
 352 3.230000
 353 3.220000
 354 3.210000
 355 3.280000
 356 2.750000
 357 2.760000
 358 2.790000
 359 2.790000
 360 2.730000
 361 2.750000
 362 2.740000
 363 2.750000
 364 2.740000
 365 2.710000
 366 2.730000
 367 2.720000
 368 2.720000
 369 2.720000
 370 2.690000
 371 2.680000
 372 2.690000
 373 2.430000
 374 2.410000
 375 2.440000
 376 2.440000
 377 1.920000
 378 1.850000
 379 1.890000
 380 1.860000
 381 1.890000
 382 1.860000
 383 1.860000
 384 1.840000
 385 1.360000
 386 1.310000
 387 1.310000
 388 1.310000
 389 1.310000
 390 1.310000
 391 1.310000
 392 1.290000
 393 1.310000
 394 1.290000
 395 1.290000
 396 1.310000
 397 1.290000
 398 1.310000
 399 1.300000
 400 2.620000
 401 2.610000
 402 2.600000
 403 2.610000
 404 2.610000
 405 2.610000
 406 2.520000
 407 2.500000
 408 2.490000
 409 2.460000
 410 2.490000
 411 2.490000
 412 2.490000
 413 2.510000
 414 2.490000
 415 2.560000
 416 2.540000
 417 2.570000
 418 2.540000
 419 2.090000
 420 1.990000
 421 1.960000
 422 1.930000
 423 1.940000
 424 1.940000
 425 1.940000
 426 1.940000
 427 1.940000
 428 1.940000
 429 1.940000
 430 1.960000
 431 3.230000
 432 3.240000
 433 1.850000
 434 1.860000
 435 1.860000
 436 1.840000
 437 1.830000
 438 1.780000
 439 1.780000
 440 1.730000
 441 1.480000
 442 1.450000
 443 1.450000
 444 1.420000
 445 1.400000
 446 1.410000
 447 1.390000
 448 1.410000
 449 1.410000
 450 1.410000
 451 1.410000
 452 1.410000
 453 1.410000
 454 1.450000
 455 1.400000
 456 1.410000
 457 1.410000
 458 1.580000
 459 1.580000
 460 1.600000
 461 1.580000
 462 1.610000
 463 1.580000
 464 1.610000
 465 1.580000
 466 1.630000
 467 1.610000
 468 1.610000
 469 1.630000
 470 1.610000
 471 1.630000
 472 1.630000
 473 1.630000
 474 1.630000
 475 1.630000
 476 1.660000
 477 1.660000
 478 1.660000
 479 1.660000
 480 1.680000
 481 1.660000
 482 1.680000
 483 1.660000
 484 1.680000
 485 1.710000
 486 1.710000
 487 1.710000
 488 1.680000
 489 1.710000
 490 1.730000
 491 1.710000
 492 1.710000
 493 1.710000
 494 1.730000
 495 1.730000
 496 1.730000
 497 1.730000
 498 1.730000
 499 1.750000
 500 1.750000
 501 1.750000
 502 1.750000
 503 1.780000
 504 1.780000
 505 1.780000
 506 1.780000
 507 1.800000
 508 1.800000
 509 1.830000
 510 1.800000
 511 1.830000
 512 1.830000
 513 1.830000
 514 1.850000
 515 1.830000
 516 1.880000
 517 1.880000
 518 1.880000
 519 1.880000
 520 1.880000
 521 1.870000
 522 1.890000
 523 1.900000
 524 1.890000
 525 1.930000
 526 1.890000
 527 1.930000
 528 1.910000
 529 1.910000
 530 4.780000
 531 4.780000
 532 4.780000
 533 4.760000
 534 4.720000
 535 4.800000
 536 4.800000
 537 4.120000
 538 4.220000
 539 4.820000
 540 4.820000
 541 4.800000
 542 4.560000
 543 4.560000
 544 4.580000
 545 4.620000
 546 4.870000
 547 4.870000
 548 4.870000
 549 4.870000
 550 4.870000
 551 4.870000
 552 4.870000
 553 3.990000
 554 3.970000
 555 4.010000
 556 3.980000
 557 3.980000
 558 4.940000
 559 4.940000
 560 4.940000
 561 4.940000
 562 4.960000
 563 3.380000
 564 3.450000
 565 3.450000
 566 3.410000
 567 3.360000
 568 3.380000
 569 3.400000
 570 3.370000
 571 3.360000
 572 3.370000
 573 4.430000
 574 4.440000
 575 4.410000
 576 4.400000
 577 4.430000
 578 4.430000
 579 4.410000
 580 4.410000
 581 4.420000
 582 4.470000
 583 5.150000
 584 5.170000
 585 2.860000
 586 2.760000
 587 2.770000
 588 2.750000
 589 2.730000
 590 2.730000
 591 2.730000
 592 2.710000
 593 4.510000
 594 4.530000
 595 4.580000
 596 4.560000
 597 4.620000
 598 4.000000
 599 3.930000
 600 3.500000
 601 3.520000
 602 3.510000
 603 3.560000
 604 3.550000
 605 3.560000
 606 3.590000
 607 2.580000
 608 2.590000
 609 2.560000
 610 2.580000
 611 2.570000
 612 2.580000
 613 2.590000
 614 2.620000
 615 2.620000
 616 3.670000
 617 3.680000
 618 3.670000
 619 3.660000
 620 3.640000
 621 3.670000
 622 3.650000
 623 3.120000
 624 3.060000
 625 3.030000
 626 3.020000
 627 3.010000
 628 2.990000
 629 3.000000
 630 2.990000
 631 3.820000
 632 3.850000
 633 3.780000
 634 3.750000
 635 3.780000
 636 3.800000
 637 3.930000
 638 3.960000
 639 4.010000
 640 4.190000
 641 4.630000
 642 4.640000
 643 4.610000
 644 4.610000
 645 4.590000
 646 4.560000
 647 4.540000
 648 4.540000
 649 4.280000
 650 4.250000
 651 4.250000
 652 4.350000
 653 4.460000
 654 4.440000
 655 4.450000
 656 4.490000
 657 4.460000
 658 4.480000
 659 4.490000
 660 4.460000
 661 4.440000
 662 4.440000
 663 3.500000
 664 3.510000
 665 3.490000
 666 3.520000
 667 4.390000
 668 4.370000
 669 4.350000
 670 4.350000
 671 4.320000
 672 4.320000
 673 4.320000
 674 4.290000
 675 4.270000
 676 4.270000
 677 4.000000
 678 4.000000
 679 4.000000
 680 4.190000
 681 4.220000
 682 4.200000
 683 4.220000
 684 4.200000
 685 4.170000
 686 4.170000
 687 4.170000
 688 4.150000
 689 4.120000
 690 4.120000
 691 4.120000
 692 4.100000
 693 4.120000
 694 4.110000
 695 4.100000
 696 4.090000
 697 4.060000
 698 4.060000
 699 4.050000
 700 4.020000
 701 4.020000
 702 4.060000
 703 4.020000
 704 4.020000
 705 4.020000
 706 4.020000
 707 3.070000
 708 3.110000
 709 3.170000
 710 3.050000
 711 3.150000
 712 3.140000
 713 3.050000
 714 3.030000
 715 3.120000
 716 3.100000
 717 3.000000
 718 3.020000
 719 3.030000
 720 3.130000
 721 2.990000
 722 3.120000
 723 3.000000
 724 3.000000
 725 3.000000
 726 3.150000
 727 3.100000
 728 3.130000
 729 3.030000
 730 3.120000
 731 3.120000
 732 3.130000
 733 3.050000
 734 3.090000
 735 3.150000
 736 3.150000
 737 3.050000
 738 3.050000
 739 3.110000
 740 3.040000
 741 3.030000
 742 3.000000
 743 3.070000
 744 3.070000
 745 3.090000
 746 3.070000
 747 3.070000
 748 3.070000
 749 3.020000
 750 3.000000
 751 3.070000
 752 3.050000
 753 3.090000
 754 3.040000
 755 3.090000
 756 3.090000
 757 3.090000
 758 3.040000
 759 3.150000
 760 3.130000
 0 0.200000
 1 0.150000
 2 0.300000
 3 0.250000
 4 0.230000
 5 0.240000
 6 0.260000
 7 0.290000
 8 0.150000
 9 0.190000
 10 0.260000
 11 0.420000
 12 0.050000
 13 2.840000
 14 2.810000
 15 2.810000
 16 2.810000
 17 2.810000
 18 2.790000
 19 2.810000
 20 2.790000
 21 2.790000
 22 2.790000
 23 2.760000
 24 2.790000
 25 2.810000
 26 2.790000
 27 2.790000
 28 2.500000
 29 2.450000
 30 2.410000
 31 2.550000
 32 2.790000
 33 2.770000
 34 2.760000
 35 2.760000
 36 2.770000
 37 2.740000
 38 2.740000
 39 2.130000
 40 2.100000
 41 2.100000
 42 2.100000
 43 2.100000
 44 2.120000
 45 2.110000
 46 2.420000
 47 2.660000
 48 2.600000
 49 2.580000
 50 2.600000
 51 2.580000
 52 2.600000
 53 2.660000
 54 2.720000
 55 2.730000
 56 2.730000
 57 2.730000
 58 2.730000
 59 2.710000
 60 2.290000
 61 2.230000
 62 2.240000
 63 2.250000
 64 2.240000
 65 2.240000
 66 2.230000
 67 2.220000
 68 2.240000
 69 2.270000
 70 2.320000
 71 2.320000
 72 2.280000
 73 2.260000
 74 2.260000
 75 2.280000
 76 2.270000
 77 2.270000
 78 2.270000
 79 2.270000
 80 2.270000
 81 2.300000
 82 2.300000
 83 2.300000
 84 2.270000
 85 2.300000
 86 2.300000
 87 2.290000
 88 2.390000
 89 2.390000
 90 2.420000
 91 2.410000
 92 2.420000
 93 2.440000
 94 2.470000
 95 2.500000
 96 2.490000
 97 2.500000
 98 2.520000
 99 2.560000
 100 2.590000
 101 2.630000
 102 2.700000
 103 2.690000
 104 2.640000
 105 2.590000
 106 2.570000
 107 2.550000
 108 2.310000
 109 2.300000
 110 2.280000
 111 2.250000
 112 2.300000
 113 2.300000
 114 2.280000
 115 2.280000
 116 2.270000
 117 2.430000
 118 2.580000
 119 2.600000
 120 2.690000
 121 2.760000
 122 2.690000
 123 2.510000
 124 2.250000
 125 2.120000
 126 2.080000
 127 2.120000
 128 2.100000
 129 2.110000
 130 2.110000
 131 2.120000
 132 2.430000
 133 2.440000
 134 2.470000
 135 2.600000
 136 2.590000
 137 2.500000
 138 2.510000
 139 2.530000
 140 2.520000
 141 2.680000
 142 2.540000
 143 2.570000
 144 2.570000
 145 2.620000
 146 2.780000
 147 2.760000
 148 2.720000
 149 2.750000
 150 2.680000
 151 2.500000
 152 2.500000
 153 2.500000
 154 2.490000
 155 2.610000
 156 2.610000
 157 2.730000
 158 2.860000
 159 2.890000
 160 2.860000
 161 2.880000
 162 2.880000
 163 2.880000
 164 2.880000
 165 2.900000
 166 2.880000
 167 2.880000
 168 2.880000
 169 2.900000
 170 2.930000
 171 2.900000
 172 2.900000
 173 2.930000
 174 2.930000
 175 2.930000
 176 2.930000
 177 2.930000
 178 2.930000
 179 2.950000
 180 2.950000
 181 2.930000
 182 2.900000
 183 2.950000
 184 2.950000
 185 2.950000
 186 2.970000
 187 2.910000
 188 2.860000
 189 2.930000
 190 2.970000
 191 2.920000
 192 2.420000
 193 2.330000
 194 2.430000
 195 2.380000
 196 2.380000
 197 2.410000
 198 2.380000
 199 2.360000
 200 2.340000
 201 2.390000
 202 2.370000
 203 2.270000
 204 2.330000
 205 2.270000
 206 2.240000
 207 2.230000
 208 2.230000
 209 2.190000
 210 2.150000
 211 2.170000
 212 2.280000
 213 2.270000
 214 2.870000
 215 2.910000
 216 2.910000
 217 2.940000
 218 2.910000
 219 2.890000
 220 2.890000
 221 2.830000
 222 2.880000
 223 2.880000
 224 2.900000
 225 2.900000
 226 2.900000
 227 2.920000
 228 2.900000
 229 2.930000
 230 2.960000
 231 2.980000
 232 3.010000
 233 2.990000
 234 1.550000
 235 1.550000
 236 1.520000
 237 1.570000
 238 2.910000
 239 2.900000
 240 2.870000
 241 2.720000
 242 2.680000
 243 2.830000
 244 2.800000
 245 2.830000
 246 2.850000
 247 2.830000
 248 2.850000
 249 2.880000
 250 2.880000
 251 2.900000
 252 2.900000
 253 2.900000
 254 1.970000
 255 1.970000
 256 1.960000
 257 2.920000
 258 2.920000
 259 2.960000
 260 2.980000
 261 2.980000
 262 2.950000
 263 3.000000
 264 3.030000
 265 3.030000
 266 3.030000
 267 3.050000
 268 3.050000
 269 3.100000
 270 3.080000
 271 3.080000
 272 3.070000
 273 3.200000
 274 3.300000
 275 3.270000
 276 3.270000
 277 3.250000
 278 3.300000
 279 3.290000
 280 3.210000
 281 3.260000
 282 3.240000
 283 3.230000
 284 3.210000
 285 3.210000
 286 3.210000
 287 3.210000
 288 3.210000
 289 3.220000
 290 3.250000
 291 3.260000
 292 3.280000
 293 3.310000
 294 3.330000
 295 3.340000
 296 3.360000
 297 3.360000
 298 3.380000
 299 3.380000
 300 3.410000
 301 3.380000
 302 1.460000
 303 1.430000
 304 1.430000
 305 1.450000
 306 3.470000
 307 3.430000
 308 3.460000
 309 3.510000
 310 1.910000
 311 1.850000
 312 1.850000
 313 3.560000
 314 3.510000
 315 3.520000
 316 3.530000
 317 3.530000
 318 3.530000
 319 3.520000
 320 3.560000
 321 3.560000
 322 3.570000
 323 1.320000
 324 1.310000
 325 1.320000
 326 1.330000
 327 1.300000
 328 1.290000
 329 1.320000
 330 1.290000
 331 1.290000
 332 1.290000
 333 1.290000
 334 1.290000
 335 1.290000
 336 1.320000
 337 1.370000
 338 1.510000
 339 1.840000
 340 1.860000
 341 1.860000
 342 1.840000
 343 1.920000
 344 2.410000
 345 2.410000
 346 2.430000
 347 2.530000
 348 3.440000
 349 3.520000
 350 3.270000
 351 3.210000
 352 3.210000
 353 3.220000
 354 3.230000
 355 3.250000
 356 2.780000
 357 2.760000
 358 2.780000
 359 2.790000
 360 2.740000
 361 2.760000
 362 2.740000
 363 2.720000
 364 2.720000
 365 2.710000
 366 2.710000
 367 2.720000
 368 2.720000
 369 2.680000
 370 2.710000
 371 2.680000
 372 2.690000
 373 2.460000
 374 2.440000
 375 2.410000
 376 2.440000
 377 1.950000
 378 1.850000
 379 1.860000
 380 1.860000
 381 1.860000
 382 1.860000
 383 1.860000
 384 1.840000
 385 1.360000
 386 1.310000
 387 1.290000
 388 1.290000
 389 1.310000
 390 1.290000
 391 1.290000
 392 1.290000
 393 1.310000
 394 1.310000
 395 1.290000
 396 1.310000
 397 1.310000
 398 1.310000
 399 1.300000
 400 2.620000
 401 2.580000
 402 2.620000
 403 2.610000
 404 2.610000
 405 2.610000
 406 2.520000
 407 2.500000
 408 2.460000
 409 2.490000
 410 2.490000
 411 2.490000
 412 2.490000
 413 2.490000
 414 2.490000
 415 2.540000
 416 2.540000
 417 2.540000
 418 2.540000
 419 2.090000
 420 1.990000
 421 1.960000
 422 1.930000
 423 1.940000
 424 1.940000
 425 1.940000
 426 1.940000
 427 1.940000
 428 1.960000
 429 1.940000
 430 1.970000
 431 3.230000
 432 3.240000
 433 2.020000
 434 1.840000
 435 1.860000
 436 1.830000
 437 1.800000
 438 1.800000
 439 1.780000
 440 1.730000
 441 1.480000
 442 1.470000
 443 1.450000
 444 1.420000
 445 1.400000
 446 1.410000
 447 1.390000
 448 1.410000
 449 1.390000
 450 1.410000
 451 1.410000
 452 1.410000
 453 1.440000
 454 1.430000
 455 1.400000
 456 1.410000
 457 1.410000
 458 1.550000
 459 1.580000
 460 1.580000
 461 1.580000
 462 1.580000
 463 1.610000
 464 1.610000
 465 1.610000
 466 1.610000
 467 1.630000
 468 1.610000
 469 1.630000
 470 1.610000
 471 1.630000
 472 1.630000
 473 1.630000
 474 1.660000
 475 1.660000
 476 1.660000
 477 1.660000
 478 1.660000
 479 1.660000
 480 1.680000
 481 1.680000
 482 1.680000
 483 1.660000
 484 1.660000
 485 1.680000
 486 1.680000
 487 1.680000
 488 1.710000
 489 1.710000
 490 1.710000
 491 1.710000
 492 1.710000
 493 1.730000
 494 1.730000
 495 1.730000
 496 1.730000
 497 1.730000
 498 1.750000
 499 1.760000
 500 1.750000
 501 1.750000
 502 1.750000
 503 1.780000
 504 1.780000
 505 1.780000
 506 1.780000
 507 1.800000
 508 1.800000
 509 1.830000
 510 1.830000
 511 1.830000
 512 1.830000
 513 1.830000
 514 1.830000
 515 1.850000
 516 1.850000
 517 1.850000
 518 1.880000
 519 1.880000
 520 1.880000
 521 1.880000
 522 1.900000
 523 1.900000
 524 1.920000
 525 1.930000
 526 1.930000
 527 1.950000
 528 1.940000
 529 1.940000
 530 4.780000
 531 4.780000
 532 4.780000
 533 4.780000
 534 4.690000
 535 4.800000
 536 4.770000
 537 4.150000
 538 4.220000
 539 4.820000
 540 4.820000
 541 4.820000
 542 4.540000
 543 4.550000
 544 4.580000
 545 4.620000
 546 4.850000
 547 4.850000
 548 4.850000
 549 4.870000
 550 4.880000
 551 4.900000
 552 4.870000
 553 3.990000
 554 3.970000
 555 3.980000
 556 3.980000
 557 4.010000
 558 4.910000
 559 4.940000
 560 4.940000
 561 4.940000
 562 4.940000
 563 3.420000
 564 3.410000
 565 3.420000
 566 3.400000
 567 3.360000
 568 3.370000
 569 3.370000
 570 3.400000
 571 3.360000
 572 3.370000
 573 4.430000
 574 4.410000
 575 4.410000
 576 4.420000
 577 4.400000
 578 4.430000
 579 4.430000
 580 4.440000
 581 4.440000
 582 4.550000
 583 5.150000
 584 5.170000
 585 2.840000
 586 2.780000
 587 2.760000
 588 2.770000
 589 2.730000
 590 2.730000
 591 2.720000
 592 2.740000
 593 4.510000
 594 4.530000
 595 4.580000
 596 4.550000
 597 4.600000
 598 4.020000
 599 3.950000
 600 3.520000
 601 3.500000
 602 3.510000
 603 3.530000
 604 3.560000
 605 3.550000
 606 3.590000
 607 2.610000
 608 2.590000
 609 2.580000
 610 2.560000
 611 2.570000
 612 2.580000
 613 2.590000
 614 2.620000
 615 2.560000
 616 3.630000
 617 3.660000
 618 3.670000
 619 3.630000
 620 3.640000
 621 3.630000
 622 3.650000
 623 3.090000
 624 3.060000
 625 3.030000
 626 3.020000
 627 3.030000
 628 3.000000
 629 3.000000
 630 2.990000
 631 3.810000
 632 3.800000
 633 3.780000
 634 3.750000
 635 3.750000
 636 3.800000
 637 3.900000
 638 3.970000
 639 3.980000
 640 4.190000
 641 4.600000
 642 4.640000
 643 4.610000
 644 4.590000
 645 4.590000
 646 4.560000
 647 4.560000
 648 4.510000
 649 4.280000
 650 4.250000
 651 4.230000
 652 4.330000
 653 4.460000
 654 4.460000
 655 4.450000
 656 4.470000
 657 4.490000
 658 4.480000
 659 4.460000
 660 4.460000
 661 4.470000
 662 4.420000
 663 3.500000
 664 3.490000
 665 3.490000
 666 3.550000
 667 4.390000
 668 4.370000
 669 4.350000
 670 4.350000
 671 4.320000
 672 4.320000
 673 4.290000
 674 4.320000
 675 4.300000
 676 4.270000
 677 4.000000
 678 4.010000
 679 4.000000
 680 4.170000
 681 4.220000
 682 4.220000
 683 4.200000
 684 4.200000
 685 4.170000
 686 4.170000
 687 4.150000
 688 4.150000
 689 4.160000
 690 4.120000
 691 4.120000
 692 4.120000
 693 4.100000
 694 4.080000
 695 4.100000
 696 4.090000
 697 4.060000
 698 4.060000
 699 4.050000
 700 4.050000
 701 4.050000
 702 4.030000
 703 4.000000
 704 4.000000
 705 4.000000
 706 3.990000
 707 3.070000
 708 3.080000
 709 3.150000
 710 3.080000
 711 3.150000
 712 3.120000
 713 3.030000
 714 3.030000
 715 3.120000
 716 3.120000
 717 3.000000
 718 3.020000
 719 3.000000
 720 3.100000
 721 3.020000
 722 3.120000
 723 3.000000
 724 3.000000
 725 3.000000
 726 3.120000
 727 3.070000
 728 3.120000
 729 3.030000
 730 3.100000
 731 3.120000
 732 3.130000
 733 3.050000
 734 3.090000
 735 3.150000
 736 3.120000
 737 3.020000
 738 3.050000
 739 3.110000
 740 3.040000
 741 3.030000
 742 3.000000
 743 3.070000
 744 3.070000
 745 3.090000
 746 3.070000
 747 3.070000
 748 3.050000
 749 3.050000
 750 3.030000
 751 3.070000
 752 3.070000
 753 3.090000
 754 3.040000
 755 3.080000
 756 3.070000
 757 3.080000
 758 3.040000
 759 3.120000
 760 3.130000
 0 0.170000
 1 0.200000
 2 0.280000
 3 0.250000
 4 0.260000
 5 0.240000
 6 0.260000
 7 0.310000
 8 0.170000
 9 0.160000
 10 0.260000
 11 0.310000
 12 0.050000
 13 2.840000
 14 2.840000
 15 2.810000
 16 2.810000
 17 2.810000
 18 2.810000
 19 2.790000
 20 2.810000
 21 2.790000
 22 2.790000
 23 2.790000
 24 2.790000
 25 2.790000
 26 2.790000
 27 2.760000
 28 2.500000
 29 2.430000
 30 2.410000
 31 2.550000
 32 2.770000
 33 2.770000
 34 2.740000
 35 2.770000
 36 2.770000
 37 2.770000
 38 2.740000
 39 2.130000
 40 2.100000
 41 2.120000
 42 2.070000
 43 2.120000
 44 2.120000
 45 2.110000
 46 2.410000
 47 2.660000
 48 2.600000
 49 2.580000
 50 2.580000
 51 2.600000
 52 2.600000
 53 2.660000
 54 2.720000
 55 2.730000
 56 2.730000
 57 2.710000
 58 2.730000
 59 2.730000
 60 2.290000
 61 2.230000
 62 2.220000
 63 2.250000
 64 2.230000
 65 2.220000
 66 2.240000
 67 2.240000
 68 2.240000
 69 2.250000
 70 2.300000
 71 2.320000
 72 2.310000
 73 2.280000
 74 2.280000
 75 2.280000
 76 2.270000
 77 2.270000
 78 2.270000
 79 2.300000
 80 2.300000
 81 2.270000
 82 2.270000
 83 2.300000
 84 2.270000
 85 2.300000
 86 2.270000
 87 2.270000
 88 2.390000
 89 2.370000
 90 2.390000
 91 2.410000
 92 2.420000
 93 2.440000
 94 2.480000
 95 2.440000
 96 2.490000
 97 2.490000
 98 2.540000
 99 2.560000
 100 2.620000
 101 2.650000
 102 2.680000
 103 2.690000
 104 2.610000
 105 2.590000
 106 2.570000
 107 2.550000
 108 2.330000
 109 2.300000
 110 2.290000
 111 2.290000
 112 2.260000
 113 2.280000
 114 2.280000
 115 2.280000
 116 2.280000
 117 2.400000
 118 2.600000
 119 2.600000
 120 2.690000
 121 2.760000
 122 2.660000
 123 2.510000
 124 2.250000
 125 2.120000
 126 2.110000
 127 2.070000
 128 2.120000
 129 2.090000
 130 2.110000
 131 2.120000
 132 2.450000
 133 2.420000
 134 2.470000
 135 2.630000
 136 2.590000
 137 2.510000
 138 2.510000
 139 2.530000
 140 2.520000
 141 2.700000
 142 2.560000
 143 2.570000
 144 2.540000
 145 2.590000
 146 2.780000
 147 2.770000
 148 2.720000
 149 2.770000
 150 2.680000
 151 2.500000
 152 2.530000
 153 2.500000
 154 2.520000
 155 2.620000
 156 2.610000
 157 2.730000
 158 2.890000
 159 2.890000
 160 2.890000
 161 2.900000
 162 2.890000
 163 2.880000
 164 2.850000
 165 2.900000
 166 2.880000
 167 2.900000
 168 2.880000
 169 2.900000
 170 2.930000
 171 2.900000
 172 2.900000
 173 2.930000
 174 2.930000
 175 2.930000
 176 2.930000
 177 2.930000
 178 2.930000
 179 2.930000
 180 2.930000
 181 2.950000
 182 2.900000
 183 2.950000
 184 2.950000
 185 2.980000
 186 2.950000
 187 2.910000
 188 2.860000
 189 2.900000
 190 3.000000
 191 2.920000
 192 2.450000
 193 2.350000
 194 2.440000
 195 2.380000
 196 2.410000
 197 2.380000
 198 2.410000
 199 2.370000
 200 2.340000
 201 2.390000
 202 2.380000
 203 2.270000
 204 2.330000
 205 2.270000
 206 2.220000
 207 2.220000
 208 2.220000
 209 2.220000
 210 2.150000
 211 2.150000
 212 2.280000
 213 2.270000
 214 2.470000
 215 2.910000
 216 2.880000
 217 2.940000
 218 2.890000
 219 2.890000
 220 2.860000
 221 2.880000
 222 2.860000
 223 2.860000
 224 2.870000
 225 2.890000
 226 2.900000
 227 2.900000
 228 2.920000
 229 2.930000
 230 2.930000
 231 2.980000
 232 3.010000
 233 2.970000
 234 1.570000
 235 1.550000
 236 1.550000
 237 1.580000
 238 2.910000
 239 2.900000
 240 2.870000
 241 2.720000
 242 2.680000
 243 2.830000
 244 2.830000
 245 2.830000
 246 2.850000
 247 2.850000
 248 2.850000
 249 2.900000
 250 2.880000
 251 2.900000
 252 2.900000
 253 2.900000
 254 1.970000
 255 1.970000
 256 1.980000
 257 2.920000
 258 2.950000
 259 2.940000
 260 2.950000
 261 3.000000
 262 2.950000
 263 3.000000
 264 3.000000
 265 3.050000
 266 3.050000
 267 3.050000
 268 3.050000
 269 3.080000
 270 3.100000
 271 3.050000
 272 3.070000
 273 3.200000
 274 3.300000
 275 3.300000
 276 3.300000
 277 3.250000
 278 3.270000
 279 3.290000
 280 3.210000
 281 3.230000
 282 3.240000
 283 3.210000
 284 3.210000
 285 3.210000
 286 3.210000
 287 3.210000
 288 3.180000
 289 3.200000
 290 3.220000
 291 3.260000
 292 3.280000
 293 3.280000
 294 3.310000
 295 3.330000
 296 3.360000
 297 3.360000
 298 3.380000
 299 3.410000
 300 3.410000
 301 3.380000
 302 1.430000
 303 1.430000
 304 1.430000
 305 1.430000
 306 3.450000
 307 3.410000
 308 3.460000
 309 3.480000
 310 1.910000
 311 1.870000
 312 1.850000
 313 3.560000
 314 3.510000
 315 3.510000
 316 3.530000
 317 3.510000
 318 3.530000
 319 3.530000
 320 3.560000
 321 3.560000
 322 3.570000
 323 1.320000
 324 1.310000
 325 1.290000
 326 1.330000
 327 1.300000
 328 1.290000
 329 1.320000
 330 1.290000
 331 1.290000
 332 1.320000
 333 1.290000
 334 1.290000
 335 1.310000
 336 1.300000
 337 1.350000
 338 1.510000
 339 1.840000
 340 1.860000
 341 1.840000
 342 1.860000
 343 1.900000
 344 2.410000
 345 2.410000
 346 2.430000
 347 2.530000
 348 3.480000
 349 3.530000
 350 3.250000
 351 3.230000
 352 3.210000
 353 3.220000
 354 3.220000
 355 3.260000
 356 2.780000
 357 2.790000
 358 2.790000
 359 2.780000
 360 2.770000
 361 2.750000
 362 2.740000
 363 2.750000
 364 2.720000
 365 2.710000
 366 2.710000
 367 2.720000
 368 2.740000
 369 2.690000
 370 2.710000
 371 2.710000
 372 2.720000
 373 2.460000
 374 2.440000
 375 2.410000
 376 2.410000
 377 1.950000
 378 1.850000
 379 1.860000
 380 1.860000
 381 1.890000
 382 1.860000
 383 1.860000
 384 1.840000
 385 1.360000
 386 1.310000
 387 1.310000
 388 1.310000
 389 1.310000
 390 1.290000
 391 1.310000
 392 1.310000
 393 1.310000
 394 1.310000
 395 1.310000
 396 1.310000
 397 1.310000
 398 1.310000
 399 1.330000
 400 2.620000
 401 2.580000
 402 2.600000
 403 2.610000
 404 2.620000
 405 2.610000
 406 2.520000
 407 2.500000
 408 2.460000
 409 2.460000
 410 2.490000
 411 2.490000
 412 2.490000
 413 2.490000
 414 2.510000
 415 2.560000
 416 2.570000
 417 2.540000
 418 2.540000
 419 2.110000
 420 1.960000
 421 1.960000
 422 1.900000
 423 1.940000
 424 1.940000
 425 1.940000
 426 1.940000
 427 1.960000
 428 1.940000
 429 1.940000
 430 1.970000
 431 3.200000
 432 3.240000
 433 1.990000
 434 1.860000
 435 1.840000
 436 1.850000
 437 1.800000
 438 1.780000
 439 1.750000
 440 1.750000
 441 1.480000
 442 1.450000
 443 1.450000
 444 1.420000
 445 1.400000
 446 1.390000
 447 1.410000
 448 1.410000
 449 1.390000
 450 1.410000
 451 1.410000
 452 1.390000
 453 1.410000
 454 1.400000
 455 1.400000
 456 1.440000
 457 1.410000
 458 1.560000
 459 1.580000
 460 1.610000
 461 1.610000
 462 1.610000
 463 1.610000
 464 1.610000
 465 1.610000
 466 1.610000
 467 1.630000
 468 1.630000
 469 1.630000
 470 1.630000
 471 1.630000
 472 1.630000
 473 1.630000
 474 1.630000
 475 1.660000
 476 1.660000
 477 1.660000
 478 1.660000
 479 1.630000
 480 1.660000
 481 1.660000
 482 1.680000
 483 1.680000
 484 1.680000
 485 1.710000
 486 1.710000
 487 1.680000
 488 1.680000
 489 1.710000
 490 1.710000
 491 1.710000
 492 1.710000
 493 1.710000
 494 1.730000
 495 1.730000
 496 1.730000
 497 1.750000
 498 1.730000
 499 1.750000
 500 1.750000
 501 1.750000
 502 1.750000
 503 1.780000
 504 1.780000
 505 1.800000
 506 1.780000
 507 1.800000
 508 1.800000
 509 1.800000
 510 1.800000
 511 1.830000
 512 1.850000
 513 1.830000
 514 1.830000
 515 1.830000
 516 1.880000
 517 1.880000
 518 1.850000
 519 1.880000
 520 1.880000
 521 1.890000
 522 1.890000
 523 1.880000
 524 1.900000
 525 1.930000
 526 1.930000
 527 1.950000
 528 1.940000
 529 1.910000
 530 4.780000
 531 4.750000
 532 4.780000
 533 4.780000
 534 4.690000
 535 4.800000
 536 4.800000
 537 4.150000
 538 4.220000
 539 4.820000
 540 4.800000
 541 4.800000
 542 4.560000
 543 4.550000
 544 4.550000
 545 4.620000
 546 4.850000
 547 4.870000
 548 4.870000
 549 4.850000
 550 4.870000
 551 4.870000
 552 4.900000
 553 3.970000
 554 3.970000
 555 3.980000
 556 4.010000
 557 4.010000
 558 4.940000
 559 4.940000
 560 4.940000
 561 4.960000
 562 4.960000
 563 3.450000
 564 3.410000
 565 3.420000
 566 3.390000
 567 3.380000
 568 3.380000
 569 3.400000
 570 3.400000
 571 3.360000
 572 3.400000
 573 4.410000
 574 4.410000
 575 4.410000
 576 4.420000
 577 4.430000
 578 4.430000
 579 4.430000
 580 4.440000
 581 4.420000
 582 4.470000
 583 5.150000
 584 5.170000
 585 2.840000
 586 2.780000
 587 2.760000
 588 2.750000
 589 2.730000
 590 2.730000
 591 2.720000
 592 2.760000
 593 4.510000
 594 4.510000
 595 4.580000
 596 4.580000
 597 4.620000
 598 4.020000
 599 3.940000
 600 3.500000
 601 3.500000
 602 3.510000
 603 3.560000
 604 3.560000
 605 3.580000
 606 3.590000
 607 2.600000
 608 2.620000
 609 2.580000
 610 2.580000
 611 2.550000
 612 2.590000
 613 2.590000
 614 2.600000
 615 2.620000
 616 3.650000
 617 3.660000
 618 3.680000
 619 3.630000
 620 3.640000
 621 3.660000
 622 3.650000
 623 3.120000
 624 3.060000
 625 3.030000
 626 3.050000
 627 3.030000
 628 3.010000
 629 3.000000
 630 3.020000
 631 3.820000
 632 3.820000
 633 3.780000
 634 3.780000
 635 3.780000
 636 3.790000
 637 3.900000
 638 3.960000
 639 4.000000
 640 4.220000
 641 4.630000
 642 4.640000
 643 4.610000
 644 4.610000
 645 4.590000
 646 4.590000
 647 4.540000
 648 4.540000
 649 4.280000
 650 4.250000
 651 4.250000
 652 4.340000
 653 4.460000
 654 4.440000
 655 4.450000
 656 4.490000
 657 4.490000
 658 4.480000
 659 4.460000
 660 4.460000
 661 4.470000
 662 4.450000
 663 3.500000
 664 3.490000
 665 3.490000
 666 3.520000
 667 4.390000
 668 4.370000
 669 4.350000
 670 4.320000
 671 4.350000
 672 4.320000
 673 4.320000
 674 4.290000
 675 4.270000
 676 4.270000
 677 4.000000
 678 4.010000
 679 4.000000
 680 4.200000
 681 4.220000
 682 4.220000
 683 4.200000
 684 4.200000
 685 4.200000
 686 4.170000
 687 4.150000
 688 4.150000
 689 4.150000
 690 4.120000
 691 4.120000
 692 4.120000
 693 4.120000
 694 4.110000
 695 4.100000
 696 4.060000
 697 4.060000
 698 4.060000
 699 4.070000
 700 4.050000
 701 4.050000
 702 4.030000
 703 4.030000
 704 4.000000
 705 4.020000
 706 4.000000
 707 3.070000
 708 3.110000
 709 3.150000
 710 3.080000
 711 3.150000
 712 3.140000
 713 3.050000
 714 3.030000
 715 3.090000
 716 3.120000
 717 3.000000
 718 3.000000
 719 3.000000
 720 3.100000
 721 3.020000
 722 3.120000
 723 3.000000
 724 3.120000
 725 3.030000
 726 3.120000
 727 3.100000
 728 3.110000
 729 3.030000
 730 3.100000
 731 3.120000
 732 3.130000
 733 3.070000
 734 3.090000
 735 3.150000
 736 3.120000
 737 3.050000
 738 3.030000
 739 3.110000
 740 3.040000
 741 3.060000
 742 3.030000
 743 3.070000
 744 3.090000
 745 3.090000
 746 3.070000
 747 3.040000
 748 3.050000
 749 3.020000
 750 3.000000
 751 3.040000
 752 3.040000
 753 3.000000
 754 3.060000
 755 3.090000
 756 3.090000
 757 3.080000
 758 3.020000
 759 3.130000
 760 3.150000
 0 0.170000
 1 0.180000
 2 0.300000
 3 0.250000
 4 0.230000
 5 0.230000
 6 0.260000
 7 0.290000
 8 0.150000
 9 0.190000
 10 0.290000
 11 0.370000
 12 0.940000
 13 2.840000
 14 2.810000
 15 2.810000
 16 2.810000
 17 2.810000
 18 2.810000
 19 2.810000
 20 2.790000
 21 2.790000
 22 2.790000
 23 2.790000
 24 2.790000
 25 2.760000
 26 2.760000
 27 2.790000
 28 2.480000
 29 2.450000
 30 2.410000
 31 2.530000
 32 2.770000
 33 2.760000
 34 2.770000
 35 2.770000
 36 2.740000
 37 2.740000
 38 2.740000
 39 2.150000
 40 2.100000
 41 2.100000
 42 2.100000
 43 2.100000
 44 2.120000
 45 2.150000
 46 2.410000
 47 2.670000
 48 2.600000
 49 2.580000
 50 2.580000
 51 2.580000
 52 2.600000
 53 2.690000
 54 2.720000
 55 2.730000
 56 2.730000
 57 2.730000
 58 2.730000
 59 2.730000
 60 2.310000
 61 2.230000
 62 2.250000
 63 2.250000
 64 2.210000
 65 2.240000
 66 2.240000
 67 2.240000
 68 2.240000
 69 2.270000
 70 2.320000
 71 2.320000
 72 2.310000
 73 2.280000
 74 2.260000
 75 2.280000
 76 2.270000
 77 2.270000
 78 2.270000
 79 2.270000
 80 2.270000
 81 2.270000
 82 2.270000
 83 2.270000
 84 2.270000
 85 2.270000
 86 2.300000
 87 2.320000
 88 2.390000
 89 2.370000
 90 2.410000
 91 2.410000
 92 2.440000
 93 2.440000
 94 2.480000
 95 2.480000
 96 2.490000
 97 2.530000
 98 2.570000
 99 2.540000
 100 2.620000
 101 2.650000
 102 2.690000
 103 2.670000
 104 2.640000
 105 2.560000
 106 2.570000
 107 2.550000
 108 2.340000
 109 2.300000
 110 2.290000
 111 2.280000
 112 2.270000
 113 2.260000
 114 2.280000
 115 2.280000
 116 2.300000
 117 2.400000
 118 2.600000
 119 2.600000
 120 2.690000
 121 2.760000
 122 2.690000
 123 2.540000
 124 2.250000
 125 2.120000
 126 2.130000
 127 2.100000
 128 2.120000
 129 2.090000
 130 2.110000
 131 2.120000
 132 2.450000
 133 2.420000
 134 2.450000
 135 2.630000
 136 2.560000
 137 2.510000
 138 2.510000
 139 2.530000
 140 2.520000
 141 2.680000
 142 2.540000
 143 2.570000
 144 2.550000
 145 2.620000
 146 2.780000
 147 2.750000
 148 2.710000
 149 2.770000
 150 2.700000
 151 2.500000
 152 2.500000
 153 2.510000
 154 2.540000
 155 2.610000
 156 2.610000
 157 2.730000
 158 2.890000
 159 2.890000
 160 2.890000
 161 2.880000
 162 2.890000
 163 2.880000
 164 2.850000
 165 2.900000
 166 2.880000
 167 2.900000
 168 2.880000
 169 2.900000
 170 2.900000
 171 2.930000
 172 2.930000
 173 2.930000
 174 2.930000
 175 2.930000
 176 2.930000
 177 2.930000
 178 2.930000
 179 2.930000
 180 2.950000
 181 2.950000
 182 2.880000
 183 2.950000
 184 2.950000
 185 2.950000
 186 2.970000
 187 2.880000
 188 2.830000
 189 2.920000
 190 3.000000
 191 2.870000
 192 2.420000
 193 2.330000
 194 2.420000
 195 2.380000
 196 2.380000
 197 2.380000
 198 2.350000
 199 2.370000
 200 2.340000
 201 2.370000
 202 2.360000
 203 2.300000
 204 2.330000
 205 2.270000
 206 2.220000
 207 2.230000
 208 2.250000
 209 2.190000
 210 2.150000
 211 2.180000
 212 2.250000
 213 2.300000
 214 2.850000
 215 2.910000
 216 2.880000
 217 2.940000
 218 2.910000
 219 2.880000
 220 2.890000
 221 2.860000
 222 2.860000
 223 2.880000
 224 2.870000
 225 2.890000
 226 2.900000
 227 2.920000
 228 2.930000
 229 2.930000
 230 2.930000
 231 2.980000
 232 3.010000
 233 2.990000
 234 1.550000
 235 1.550000
 236 1.550000
 237 1.570000
 238 2.910000
 239 2.900000
 240 2.870000
 241 2.700000
 242 2.700000
 243 2.830000
 244 2.830000
 245 2.850000
 246 2.830000
 247 2.850000
 248 2.880000
 249 2.850000
 250 2.880000
 251 2.900000
 252 2.900000
 253 2.900000
 254 1.950000
 255 1.990000
 256 2.010000
 257 2.950000
 258 2.950000
 259 2.960000
 260 2.980000
 261 2.980000
 262 2.950000
 263 3.030000
 264 3.000000
 265 3.050000
 266 3.050000
 267 3.050000
 268 3.080000
 269 3.080000
 270 3.080000
 271 3.050000
 272 3.070000
 273 3.150000
 274 3.300000
 275 3.270000
 276 3.270000
 277 3.250000
 278 3.270000
 279 3.260000
 280 3.210000
 281 3.240000
 282 3.210000
 283 3.210000
 284 3.210000
 285 3.210000
 286 3.210000
 287 3.210000
 288 3.180000
 289 3.220000
 290 3.230000
 291 3.260000
 292 3.280000
 293 3.280000
 294 3.330000
 295 3.330000
 296 3.360000
 297 3.380000
 298 3.380000
 299 3.410000
 300 3.410000
 301 3.410000
 302 1.410000
 303 1.430000
 304 1.430000
 305 1.450000
 306 3.450000
 307 3.420000
 308 3.430000
 309 3.510000
 310 1.910000
 311 1.870000
 312 1.850000
 313 3.560000
 314 3.510000
 315 3.510000
 316 3.530000
 317 3.510000
 318 3.560000
 319 3.530000
 320 3.560000
 321 3.560000
 322 3.530000
 323 1.320000
 324 1.290000
 325 1.320000
 326 1.300000
 327 1.330000
 328 1.320000
 329 1.300000
 330 1.290000
 331 1.290000
 332 1.290000
 333 1.320000
 334 1.320000
 335 1.290000
 336 1.290000
 337 1.370000
 338 1.510000
 339 1.860000
 340 1.860000
 341 1.840000
 342 1.840000
 343 1.920000
 344 2.410000
 345 2.410000
 346 2.430000
 347 2.530000
 348 3.440000
 349 3.520000
 350 3.280000
 351 3.220000
 352 3.200000
 353 3.230000
 354 3.230000
 355 3.260000
 356 2.780000
 357 2.760000
 358 2.790000
 359 2.790000
 360 2.740000
 361 2.720000
 362 2.740000
 363 2.740000
 364 2.740000
 365 2.710000
 366 2.710000
 367 2.720000
 368 2.720000
 369 2.690000
 370 2.690000
 371 2.680000
 372 2.690000
 373 2.450000
 374 2.440000
 375 2.410000
 376 2.440000
 377 1.920000
 378 1.850000
 379 1.860000
 380 1.860000
 381 1.890000
 382 1.860000
 383 1.860000
 384 1.840000
 385 1.360000
 386 1.310000
 387 1.310000
 388 1.290000
 389 1.290000
 390 1.310000
 391 1.310000
 392 1.310000
 393 1.310000
 394 1.310000
 395 1.290000
 396 1.310000
 397 1.290000
 398 1.310000
 399 1.330000
 400 2.600000
 401 2.610000
 402 2.600000
 403 2.610000
 404 2.630000
 405 2.610000
 406 2.520000
 407 2.500000
 408 2.490000
 409 2.490000
 410 2.460000
 411 2.490000
 412 2.490000
 413 2.490000
 414 2.490000
 415 2.540000
 416 2.540000
 417 2.570000
 418 2.520000
 419 2.090000
 420 1.960000
 421 1.960000
 422 1.900000
 423 1.940000
 424 1.940000
 425 1.940000
 426 1.910000
 427 1.940000
 428 1.940000
 429 1.960000
 430 1.970000
 431 3.200000
 432 3.240000
 433 1.880000
 434 1.860000
 435 1.860000
 436 1.830000
 437 1.800000
 438 1.800000
 439 1.780000
 440 1.730000
 441 1.480000
 442 1.450000
 443 1.420000
 444 1.420000
 445 1.400000
 446 1.410000
 447 1.390000
 448 1.390000
 449 1.410000
 450 1.410000
 451 1.410000
 452 1.410000
 453 1.440000
 454 1.450000
 455 1.400000
 456 1.440000
 457 1.440000
 458 1.560000
 459 1.580000
 460 1.610000
 461 1.610000
 462 1.610000
 463 1.610000
 464 1.610000
 465 1.610000
 466 1.610000
 467 1.610000
 468 1.610000
 469 1.630000
 470 1.630000
 471 1.630000
 472 1.630000
 473 1.630000
 474 1.630000
 475 1.630000
 476 1.630000
 477 1.630000
 478 1.660000
 479 1.660000
 480 1.660000
 481 1.660000
 482 1.680000
 483 1.660000
 484 1.680000
 485 1.680000
 486 1.680000
 487 1.710000
 488 1.680000
 489 1.710000
 490 1.710000
 491 1.710000
 492 1.730000
 493 1.730000
 494 1.710000
 495 1.730000
 496 1.730000
 497 1.730000
 498 1.750000
 499 1.760000
 500 1.760000
 501 1.750000
 502 1.780000
 503 1.750000
 504 1.780000
 505 1.780000
 506 1.780000
 507 1.800000
 508 1.800000
 509 1.800000
 510 1.800000
 511 1.800000
 512 1.830000
 513 1.830000
 514 1.850000
 515 1.850000
 516 1.850000
 517 1.850000
 518 1.850000
 519 1.880000
 520 1.880000
 521 1.900000
 522 1.880000
 523 1.900000
 524 1.900000
 525 1.930000
 526 1.890000
 527 1.930000
 528 1.940000
 529 1.940000
 530 4.780000
 531 4.780000
 532 4.780000
 533 4.760000
 534 4.690000
 535 4.770000
 536 4.800000
 537 4.150000
 538 4.240000
 539 4.800000
 540 4.800000
 541 4.820000
 542 4.560000
 543 4.550000
 544 4.580000
 545 4.620000
 546 4.850000
 547 4.850000
 548 4.850000
 549 4.870000
 550 4.870000
 551 4.870000
 552 4.900000
 553 3.990000
 554 4.000000
 555 4.010000
 556 3.980000
 557 4.010000
 558 4.910000
 559 4.940000
 560 4.960000
 561 4.940000
 562 4.970000
 563 3.440000
 564 3.400000
 565 3.400000
 566 3.410000
 567 3.380000
 568 3.380000
 569 3.400000
 570 3.400000
 571 3.360000
 572 3.400000
 573 4.410000
 574 4.410000
 575 4.410000
 576 4.420000
 577 4.400000
 578 4.430000
 579 4.430000
 580 4.410000
 581 4.440000
 582 4.490000
 583 5.150000
 584 5.170000
 585 2.860000
 586 2.760000
 587 2.760000
 588 2.770000
 589 2.730000
 590 2.700000
 591 2.730000
 592 2.760000
 593 4.530000
 594 4.530000
 595 4.560000
 596 4.580000
 597 4.620000
 598 4.000000
 599 3.950000
 600 3.520000
 601 3.520000
 602 3.510000
 603 3.560000
 604 3.530000
 605 3.560000
 606 3.590000
 607 2.620000
 608 2.590000
 609 2.560000
 610 2.580000
 611 2.570000
 612 2.580000
 613 2.590000
 614 2.600000
 615 2.600000
 616 3.640000
 617 3.680000
 618 3.710000
 619 3.650000
 620 3.670000
 621 3.650000
 622 3.640000
 623 3.090000
 624 3.060000
 625 3.030000
 626 3.050000
 627 3.030000
 628 2.990000
 629 3.000000
 630 2.990000
 631 3.820000
 632 3.820000
 633 3.780000
 634 3.750000
 635 3.750000
 636 3.800000
 637 3.930000
 638 3.950000
 639 3.970000
 640 4.230000
 641 4.630000
 642 4.640000
 643 4.610000
 644 4.590000
 645 4.590000
 646 4.560000
 647 4.560000
 648 4.540000
 649 4.280000
 650 4.250000
 651 4.250000
 652 4.360000
 653 4.460000
 654 4.440000
 655 4.450000
 656 4.470000
 657 4.460000
 658 4.480000
 659 4.460000
 660 4.460000
 661 4.440000
 662 4.440000
 663 3.500000
 664 3.490000
 665 3.490000
 666 3.520000
 667 4.390000
 668 4.340000
 669 4.340000
 670 4.350000
 671 4.320000
 672 4.320000
 673 4.290000
 674 4.290000
 675 4.300000
 676 4.240000
 677 4.000000
 678 4.000000
 679 4.000000
 680 4.190000
 681 4.220000
 682 4.220000
 683 4.200000
 684 4.200000
 685 4.170000
 686 4.170000
 687 4.150000
 688 4.170000
 689 4.160000
 690 4.120000
 691 4.120000
 692 4.100000
 693 4.100000
 694 4.110000
 695 4.070000
 696 4.090000
 697 4.090000
 698 4.060000
 699 4.050000
 700 4.050000
 701 4.050000
 702 4.060000
 703 4.020000
 704 4.000000
 705 4.000000
 706 3.990000
 707 3.080000
 708 3.080000
 709 3.150000
 710 3.050000
 711 3.150000
 712 3.150000
 713 3.050000
 714 3.030000
 715 3.120000
 716 3.100000
 717 3.000000
 718 3.020000
 719 3.030000
 720 3.100000
 721 2.990000
 722 3.100000
 723 2.980000
 724 3.120000
 725 3.030000
 726 3.120000
 727 3.110000
 728 3.110000
 729 3.030000
 730 3.120000
 731 3.120000
 732 3.130000
 733 3.050000
 734 3.090000
 735 3.150000
 736 3.120000
 737 3.050000
 738 3.050000
 739 3.130000
 740 3.040000
 741 3.030000
 742 3.090000
 743 3.070000
 744 3.070000
 745 3.000000
 746 3.070000
 747 3.070000
 748 3.040000
 749 3.050000
 750 3.030000
 751 3.070000
 752 3.040000
 753 3.080000
 754 3.060000
 755 3.090000
 756 3.090000
 757 3.110000
 758 3.040000
 759 3.120000
 760 3.130000