
 0 3.010000
 1 3.140000
 2 3.140000
 3 3.140000
 4 3.010000
 5 3.140000
 6 3.110000
 7 3.030000
 8 3.080000
 9 3.160000
 10 3.050000
 11 3.040000
 12 3.190000
 13 3.160000
 14 3.070000
 15 3.070000
 16 3.060000
 17 3.160000
 18 3.140000
 19 3.140000
 20 3.140000
 21 3.160000
 22 3.110000
 23 3.030000
 24 3.010000
 25 3.000000
 26 3.060000
 27 2.980000
 28 3.030000
 29 2.980000
 30 2.980000
 31 3.140000
 32 3.090000
 33 3.010000
 34 3.110000
 35 3.090000
 36 2.880000
 37 2.710000
 38 2.330000
 39 2.180000
 40 2.180000
 41 2.140000
 42 2.150000
 43 2.150000
 44 2.140000
 45 2.160000
 46 2.150000
 47 2.150000
 48 2.170000
 49 2.150000
 50 2.150000
 51 2.150000
 52 2.220000
 53 2.290000
 54 2.240000
 55 2.180000
 56 2.190000
 57 2.190000
 58 2.190000
 59 2.190000
 60 2.200000
 61 2.200000
 62 2.200000
 63 2.210000
 64 2.180000
 65 2.190000
 66 2.160000
 67 2.190000
 68 2.200000
 69 2.200000
 70 2.230000
 71 2.220000
 72 2.240000
 73 2.210000
 74 2.200000
 75 2.210000
 76 2.240000
 77 2.330000
 78 2.200000
 79 2.200000
 80 2.200000
 81 2.200000
 82 2.200000
 83 2.240000
 84 2.250000
 85 2.250000
 86 2.240000
 87 2.250000
 88 2.200000
 89 2.240000
 90 2.260000
 91 2.270000
 92 2.270000
 93 2.250000
 94 2.240000
 95 2.250000
 96 2.240000
 97 2.240000
 98 2.220000
 99 2.250000
 100 2.260000
 101 2.280000
 102 2.280000
 103 2.300000
 104 2.300000
 105 2.300000
 106 2.320000
 107 2.300000
 108 2.290000
 109 2.300000
 110 2.320000
 111 2.330000
 112 2.310000
 113 2.320000
 114 2.350000
 115 2.350000
 116 2.340000
 117 2.330000
 118 2.330000
 119 2.350000
 120 2.470000
 121 2.390000
 122 2.340000
 123 2.310000
 124 2.320000
 125 2.310000
 126 2.330000
 127 2.370000
 128 2.370000
 129 2.400000
 130 2.410000
 131 2.390000
 132 2.400000
 133 2.410000
 134 2.400000
 135 2.410000
 136 2.410000
 137 2.390000
 138 2.390000
 139 2.400000
 140 2.390000
 141 2.410000
 142 2.420000
 143 2.400000
 144 2.440000
 145 2.460000
 146 3.560000
 147 3.600000
 148 3.630000
 149 3.540000
 150 3.630000
 151 3.590000
 152 3.560000
 153 3.560000
 154 3.520000
 155 3.420000
 156 3.430000
 157 3.440000
 158 3.400000
 159 3.410000
 160 3.420000
 161 3.430000
 162 3.450000
 163 3.450000
 164 3.430000
 165 3.460000
 166 3.450000
 167 3.480000
 168 2.880000
 169 2.850000
 170 2.850000
 171 2.850000
 172 2.830000
 173 2.840000
 174 2.840000
 175 2.840000
 176 2.850000
 177 2.830000
 178 2.830000
 179 2.770000
 180 3.880000
 181 3.880000
 182 3.890000
 183 3.880000
 184 3.900000
 185 3.900000
 186 3.900000
 187 2.570000
 188 2.560000
 189 2.560000
 190 2.560000
 191 2.540000
 192 2.540000
 193 2.540000
 194 2.560000
 195 2.590000
 196 2.600000
 197 4.110000
 198 4.080000
 199 4.130000
 200 4.120000
 201 3.300000
 202 3.210000
 203 3.240000
 204 3.210000
 205 3.180000
 206 3.210000
 207 3.210000
 208 3.230000
 209 2.340000
 210 2.330000
 211 2.310000
 212 2.310000
 213 2.260000
 214 2.260000
 215 2.260000
 216 2.310000
 217 2.280000
 218 2.310000
 219 2.300000
 220 2.310000
 221 3.000000
 222 2.960000
 223 2.890000
 224 2.910000
 225 2.940000
 226 2.930000
 227 2.950000
 228 2.980000
 229 3.000000
 230 3.600000
 231 3.580000
 232 3.630000
 233 3.600000
 234 3.650000
 235 4.710000
 236 4.770000
 237 4.770000
 238 4.790000
 239 4.770000
 240 4.730000
 241 4.730000
 242 4.760000
 243 2.750000
 244 2.740000
 245 2.740000
 246 2.740000
 247 2.710000
 248 2.710000
 249 2.730000
 250 2.720000
 251 2.750000
 252 2.860000
 253 3.440000
 254 4.960000
 255 4.960000
 256 4.940000
 257 4.910000
 258 4.760000
 259 4.760000
 260 4.730000
 261 4.730000
 262 4.710000
 263 3.220000
 264 3.210000
 265 4.780000
 266 3.230000
 267 3.220000
 268 3.210000
 269 3.200000
 270 3.190000
 271 3.190000
 272 3.200000
 273 3.220000
 274 3.260000
 275 4.590000
 276 4.590000
 277 4.600000
 278 4.590000
 279 4.570000
 280 4.590000
 281 4.570000
 282 4.530000
 283 4.530000
 284 4.530000
 285 4.520000
 286 4.480000
 287 4.520000
 288 4.480000
 289 4.480000
 290 4.460000
 291 4.460000
 292 4.460000
 293 4.420000
 294 4.440000
 295 4.420000
 296 4.450000
 297 4.450000
 298 4.420000
 299 4.410000
 300 4.380000
 301 4.380000
 302 4.410000
 303 4.310000
 304 4.280000
 305 4.410000
 306 4.380000
 307 4.280000
 308 4.360000
 309 4.260000
 310 4.280000
 311 4.230000
 312 4.220000
 313 4.230000
 314 4.220000
 315 4.230000
 316 4.220000
 317 4.200000
 318 4.220000
 319 4.200000
 320 4.200000
 321 4.180000
 322 4.160000
 323 4.180000
 324 4.160000
 325 4.170000
 326 4.170000
 327 4.170000
 328 4.150000
 329 4.150000
 330 4.150000
 331 4.120000
 332 4.130000
 333 4.240000
 334 4.240000
 335 4.240000
 336 4.230000
 337 4.230000
 338 4.210000
 339 4.210000
 340 4.210000
 341 4.180000
 342 4.190000
 343 4.210000
 344 4.160000
 345 4.210000
 346 4.170000
 347 4.150000
 348 4.140000
 349 4.140000
 350 4.110000
 351 4.080000
 352 4.080000
 353 4.110000
 354 4.100000
 355 4.070000
 356 4.090000
 357 4.090000
 358 4.090000
 359 4.100000
 360 4.130000
 361 4.100000
 362 4.110000
 363 4.100000
 364 4.090000
 365 4.120000
 366 4.060000
 367 4.050000
 368 4.040000
 369 4.670000
 370 5.030000
 371 5.000000
 372 2.420000
 373 2.410000
 374 5.030000
 375 5.010000
 376 5.010000
 377 5.040000
 378 2.190000
 379 2.270000
 380 2.320000
 381 2.410000
 382 4.990000
 383 5.020000
 384 5.030000
 385 5.010000
 386 5.030000
 387 4.270000
 388 4.860000
 389 4.860000
 390 5.010000
 391 4.230000
 392 4.190000
 393 4.200000
 394 4.260000
 395 4.880000
 396 4.840000
 397 4.790000
 398 4.760000
 399 4.680000
 400 4.640000
 401 4.560000
 402 4.600000
 403 4.590000
 404 4.610000
 405 4.560000
 406 4.560000
 407 4.390000
 408 4.290000
 409 4.290000
 410 4.360000
 411 4.230000
 412 4.410000
 413 4.330000
 414 4.260000
 415 4.260000
 416 4.290000
 417 4.410000
 418 4.390000
 419 4.340000
 420 4.280000
 421 4.260000
 422 4.310000
 423 4.310000
 424 4.280000
 425 4.200000
 426 4.170000
 427 3.960000
 428 3.740000
 429 3.710000
 430 3.690000
 431 3.640000
 432 3.640000
 433 3.610000
 434 3.620000
 435 3.590000
 436 3.570000
 437 3.570000
 438 3.550000
 439 3.520000
 440 3.520000
 441 3.500000
 442 3.510000
 443 3.530000
 444 3.510000
 445 3.600000
 446 3.510000
 447 3.600000
 448 3.570000
 449 3.560000
 450 3.560000
 451 3.560000
 452 3.540000
 453 3.580000
 454 3.570000
 455 3.580000
 456 3.550000
 457 3.520000
 458 3.480000
 459 3.490000
 460 3.520000
 461 3.530000
 462 3.530000
 463 3.510000
 464 3.530000
 465 3.530000
 466 3.510000
 467 3.500000
 468 3.530000
 469 3.500000
 470 3.500000
 471 3.470000
 472 3.470000
 473 3.470000
 474 3.440000
 475 3.460000
 476 3.450000
 477 3.430000
 478 3.410000
 479 3.430000
 480 3.410000
 481 3.400000
 482 3.430000
 483 3.380000
 484 3.380000
 485 3.360000
 486 3.330000
 487 3.300000
 488 3.280000
 489 3.250000
 490 3.260000
 491 3.250000
 492 3.210000
 493 3.210000
 494 3.180000
 495 3.180000
 496 3.150000
 497 3.130000
 498 3.100000
 499 3.130000
 500 3.110000
 501 3.080000
 502 3.080000
 503 3.080000
 504 3.080000
 505 3.060000
 506 3.050000
 507 3.070000
 508 3.060000
 509 3.040000
 510 3.070000
 511 3.040000
 512 3.080000
 513 3.070000
 514 3.070000
 515 3.090000
 516 3.110000
 517 3.080000
 518 3.090000
 519 3.120000
 520 3.090000
 521 3.090000
 522 3.090000
 523 3.120000
 524 3.120000
 525 3.080000
 526 3.120000
 527 3.110000
 528 3.080000
 529 3.080000
 530 3.080000
 531 3.030000
 532 3.040000
 533 3.030000
 534 3.060000
 535 3.060000
 536 3.030000
 537 3.010000
 538 2.140000
 539 2.210000
 540 2.180000
 541 2.120000
 542 2.080000
 543 2.090000
 544 2.060000
 545 2.070000
 546 3.010000
 547 3.030000
 548 1.880000
 549 3.030000
 550 3.030000
 551 3.040000
 552 3.070000
 553 3.090000
 554 3.090000
 555 1.790000
 556 1.810000
 557 1.800000
 558 1.770000
 559 1.770000
 560 1.780000
 561 1.770000
 562 1.770000
 563 1.800000
 564 1.800000
 565 1.820000
 566 1.820000
 567 1.820000
 568 1.820000
 569 1.850000
 570 1.850000
 571 1.850000
 572 1.870000
 573 1.850000
 574 1.870000
 575 1.900000
 576 1.900000
 577 1.900000
 578 1.920000
 579 1.910000
 580 1.950000
 581 1.950000
 582 1.950000
 583 1.970000
 584 1.970000
 585 1.970000
 586 2.000000
 587 2.000000
 588 2.030000
 589 2.020000
 590 2.030000
 591 2.080000
 592 2.050000
 593 2.080000
 594 2.100000
 595 2.100000
 596 2.150000
 597 2.150000
 598 2.150000
 599 2.180000
 600 2.200000
 601 2.230000
 602 2.230000
 603 2.230000
 604 2.200000
 605 2.200000
 606 2.250000
 607 2.250000
 608 2.280000
 609 2.300000
 610 1.400000
 611 1.430000
 612 1.400000
 613 1.400000
 614 1.390000
 615 1.420000
 616 1.400000
 617 1.420000
 618 1.420000
 619 1.420000
 620 1.450000
 621 1.450000
 622 1.470000
 623 1.470000
 624 1.470000
 625 1.470000
 626 1.500000
 627 1.500000
 628 1.510000
 629 1.510000
 630 1.550000
 631 1.540000
 632 1.560000
 633 1.560000
 634 1.590000
 635 1.590000
 636 1.590000
 637 1.610000
 638 1.610000
 639 1.640000
 640 1.640000
 641 1.660000
 642 1.660000
 643 1.690000
 644 1.690000
 645 1.710000
 646 1.730000
 647 1.730000
 648 1.760000
 649 1.760000
 650 1.780000
 651 1.810000
 652 1.810000
 653 1.830000
 654 1.860000
 655 1.880000
 656 1.880000
 657 1.910000
 658 1.920000
 659 3.460000
 660 3.410000
 661 3.390000
 662 3.390000
 663 3.410000
 664 3.390000
 665 3.370000
 666 3.370000
 667 3.340000
 668 3.340000
 669 3.340000
 670 3.320000
 671 3.320000
 672 3.270000
 673 3.270000
 674 3.270000
 675 3.280000
 676 3.250000
 677 3.270000
 678 3.280000
 679 3.240000
 680 3.220000
 681 3.270000
 682 3.270000
 683 3.240000
 684 3.240000
 685 3.240000
 686 3.270000
 687 3.290000
 688 3.290000
 689 3.330000
 690 3.310000
 691 3.290000
 692 3.320000
 693 3.320000
 694 3.320000
 695 3.340000
 696 3.340000
 697 3.370000
 698 3.340000
 699 3.390000
 700 3.370000
 701 3.370000
 702 3.410000
 703 3.420000
 704 3.420000
 705 3.070000
 706 2.910000
 707 1.540000
 708 1.560000
 709 1.560000
 710 3.530000
 711 3.540000
 712 3.550000
 713 3.590000
 714 3.580000
 715 3.610000
 716 3.640000
 717 3.650000
 718 3.650000
 719 3.710000
 720 3.730000
 721 3.760000
 722 3.730000
 723 3.770000
 724 3.770000
 725 3.790000
 726 3.770000
 727 3.790000
 728 3.800000
 729 3.810000
 730 3.840000
 731 3.840000
 732 3.840000
 733 3.840000
 734 3.890000
 735 3.900000
 736 3.910000
 737 3.910000
 738 3.960000
 739 3.520000
 740 3.340000
 741 2.910000
 742 2.910000
 743 2.930000
 744 3.520000
 745 3.990000
 746 3.990000
 747 4.010000
 748 4.000000
 749 4.010000
 750 4.010000
 751 4.010000
 752 4.010000
 753 4.000000
 754 4.040000
 755 4.000000
 756 4.030000
 757 4.040000
 758 4.080000
 759 4.060000
 760 4.070000
 0 3.010000
 1 3.140000
 2 3.140000
 3 3.140000
 4 3.010000
 5 3.140000
 6 3.140000
 7 3.060000
 8 3.080000
 9 3.190000
 10 3.040000
 11 3.070000
 12 3.160000
 13 3.160000
 14 3.070000
 15 3.040000
 16 3.060000
 17 3.190000
 18 3.160000
 19 3.140000
 20 3.110000
 21 3.140000
 22 3.140000
 23 3.010000
 24 3.030000
 25 3.030000
 26 3.070000
 27 3.010000
 28 3.010000
 29 3.010000
 30 2.980000
 31 3.110000
 32 3.110000
 33 2.960000
 34 3.110000
 35 3.090000
 36 2.880000
 37 2.710000
 38 2.360000
 39 2.180000
 40 2.160000
 41 2.140000
 42 2.150000
 43 2.150000
 44 2.140000
 45 2.160000
 46 2.150000
 47 2.150000
 48 2.150000
 49 2.150000
 50 2.150000
 51 2.150000
 52 2.220000
 53 2.290000
 54 2.240000
 55 2.180000
 56 2.190000
 57 2.190000
 58 2.190000
 59 2.210000
 60 2.200000
 61 2.200000
 62 2.220000
 63 2.210000
 64 2.200000
 65 2.160000
 66 2.190000
 67 2.190000
 68 2.200000
 69 2.220000
 70 2.230000
 71 2.220000
 72 2.210000
 73 2.240000
 74 2.200000
 75 2.200000
 76 2.240000
 77 2.330000
 78 2.200000
 79 2.160000
 80 2.200000
 81 2.200000
 82 2.200000
 83 2.210000
 84 2.250000
 85 2.250000
 86 2.250000
 87 2.250000
 88 2.230000
 89 2.240000
 90 2.260000
 91 2.270000
 92 2.270000
 93 2.280000
 94 2.240000
 95 2.250000
 96 2.240000
 97 2.240000
 98 2.220000
 99 2.250000
 100 2.210000
 101 2.280000
 102 2.280000
 103 2.280000
 104 2.280000
 105 2.300000
 106 2.300000
 107 2.300000
 108 2.290000
 109 2.300000
 110 2.300000
 111 2.330000
 112 2.310000
 113 2.350000
 114 2.350000
 115 2.320000
 116 2.340000
 117 2.330000
 118 2.320000
 119 2.350000
 120 2.470000
 121 2.380000
 122 2.350000
 123 2.310000
 124 2.320000
 125 2.310000
 126 2.350000
 127 2.370000
 128 2.400000
 129 2.400000
 130 2.390000
 131 2.410000
 132 2.420000
 133 2.390000
 134 2.400000
 135 2.440000
 136 2.390000
 137 2.390000
 138 2.390000
 139 2.360000
 140 2.390000
 141 2.410000
 142 2.430000
 143 2.420000
 144 2.440000
 145 2.460000
 146 3.560000
 147 3.580000
 148 3.630000
 149 3.540000
 150 3.630000
 151 3.590000
 152 3.580000
 153 3.580000
 154 3.520000
 155 3.420000
 156 3.430000
 157 3.410000
 158 3.440000
 159 3.400000
 160 3.400000
 161 3.400000
 162 3.420000
 163 3.420000
 164 3.430000
 165 3.460000
 166 3.460000
 167 3.480000
 168 2.900000
 169 2.880000
 170 2.850000
 171 2.830000
 172 2.830000
 173 2.840000
 174 2.840000
 175 2.840000
 176 2.830000
 177 2.810000
 178 2.830000
 179 2.760000
 180 3.860000
 181 3.860000
 182 3.890000
 183 3.900000
 184 3.900000
 185 3.900000
 186 3.900000
 187 2.580000
 188 2.560000
 189 2.560000
 190 2.540000
 191 2.540000
 192 2.540000
 193 2.560000
 194 2.540000
 195 2.560000
 196 2.620000
 197 4.140000
 198 4.080000
 199 4.130000
 200 4.120000
 201 3.320000
 202 3.240000
 203 3.210000
 204 3.190000
 205 3.180000
 206 3.190000
 207 3.210000
 208 3.230000
 209 2.340000
 210 2.340000
 211 2.310000
 212 2.310000
 213 2.290000
 214 2.290000
 215 2.290000
 216 2.290000
 217 2.300000
 218 2.310000
 219 2.300000
 220 2.350000
 221 3.000000
 222 2.990000
 223 2.910000
 224 2.910000
 225 2.940000
 226 2.930000
 227 2.950000
 228 2.980000
 229 3.000000
 230 3.600000
 231 3.580000
 232 3.600000
 233 3.630000
 234 3.650000
 235 4.710000
 236 4.760000
 237 4.740000
 238 4.810000
 239 4.770000
 240 4.730000
 241 4.760000
 242 4.730000
 243 2.750000
 244 2.740000
 245 2.740000
 246 2.740000
 247 2.710000
 248 2.710000
 249 2.750000
 250 2.750000
 251 2.780000
 252 2.830000
 253 3.410000
 254 4.930000
 255 4.960000
 256 4.940000
 257 4.910000
 258 4.780000
 259 4.760000
 260 4.730000
 261 4.710000
 262 4.710000
 263 3.190000
 264 3.210000
 265 4.780000
 266 3.230000
 267 3.220000
 268 3.210000
 269 3.190000
 270 3.190000
 271 3.190000
 272 3.180000
 273 3.220000
 274 3.260000
 275 4.610000
 276 4.620000
 277 4.600000
 278 4.570000
 279 4.620000
 280 4.570000
 281 4.550000
 282 4.530000
 283 4.530000
 284 4.530000
 285 4.520000
 286 4.480000
 287 4.520000
 288 4.480000
 289 4.480000
 290 4.460000
 291 4.460000
 292 4.430000
 293 4.440000
 294 4.440000
 295 4.420000
 296 4.450000
 297 4.450000
 298 4.420000
 299 4.420000
 300 4.400000
 301 4.380000
 302 4.410000
 303 4.310000
 304 4.260000
 305 4.380000
 306 4.380000
 307 4.260000
 308 4.360000
 309 4.260000
 310 4.280000
 311 4.230000
 312 4.220000
 313 4.230000
 314 4.220000
 315 4.230000
 316 4.220000
 317 4.200000
 318 4.200000
 319 4.200000
 320 4.170000
 321 4.180000
 322 4.180000
 323 4.160000
 324 4.160000
 325 4.170000
 326 4.170000
 327 4.170000
 328 4.170000
 329 4.150000
 330 4.150000
 331 4.120000
 332 4.130000
 333 4.240000
 334 4.240000
 335 4.240000
 336 4.230000
 337 4.260000
 338 4.210000
 339 4.210000
 340 4.180000
 341 4.180000
 342 4.180000
 343 4.210000
 344 4.160000
 345 4.210000
 346 4.170000
 347 4.140000
 348 4.110000
 349 4.140000
 350 4.110000
 351 4.080000
 352 4.080000
 353 4.110000
 354 4.100000
 355 4.070000
 356 4.090000
 357 4.090000
 358 4.090000
 359 4.130000
 360 4.130000
 361 4.100000
 362 4.100000
 363 4.120000
 364 4.090000
 365 4.130000
 366 4.120000
 367 4.070000
 368 4.040000
 369 4.650000
 370 4.990000
 371 5.030000
 372 2.370000
 373 2.430000
 374 5.030000
 375 5.010000
 376 5.010000
 377 4.980000
 378 2.280000
 379 2.270000
 380 2.320000
 381 2.420000
 382 4.990000
 383 5.000000
 384 5.030000
 385 5.030000
 386 5.010000
 387 4.270000
 388 4.860000
 389 4.880000
 390 5.010000
 391 4.230000
 392 4.170000
 393 4.200000
 394 4.260000
 395 4.890000
 396 4.830000
 397 4.750000
 398 4.740000
 399 4.690000
 400 4.600000
 401 4.540000
 402 4.580000
 403 4.600000
 404 4.590000
 405 4.560000
 406 4.560000
 407 4.390000
 408 4.260000
 409 4.290000
 410 4.360000
 411 4.360000
 412 4.390000
 413 4.290000
 414 4.260000
 415 4.250000
 416 4.290000
 417 4.410000
 418 4.390000
 419 4.370000
 420 4.280000
 421 4.260000
 422 4.290000
 423 4.310000
 424 4.260000
 425 4.200000
 426 4.220000
 427 3.980000
 428 3.740000
 429 3.710000
 430 3.690000
 431 3.660000
 432 3.670000
 433 3.640000
 434 3.620000
 435 3.590000
 436 3.570000
 437 3.570000
 438 3.550000
 439 3.520000
 440 3.500000
 441 3.500000
 442 3.510000
 443 3.510000
 444 3.510000
 445 3.600000
 446 3.510000
 447 3.580000
 448 3.600000
 449 3.580000
 450 3.560000
 451 3.560000
 452 3.540000
 453 3.560000
 454 3.570000
 455 3.560000
 456 3.550000
 457 3.490000
 458 3.500000
 459 3.470000
 460 3.510000
 461 3.520000
 462 3.530000
 463 3.530000
 464 3.530000
 465 3.530000
 466 3.510000
 467 3.530000
 468 3.500000
 469 3.490000
 470 3.500000
 471 3.500000
 472 3.470000
 473 3.480000
 474 3.470000
 475 3.460000
 476 3.460000
 477 3.430000
 478 3.410000
 479 3.430000
 480 3.410000
 481 3.430000
 482 3.410000
 483 3.400000
 484 3.380000
 485 3.330000
 486 3.330000
 487 3.300000
 488 3.280000
 489 3.250000
 490 3.250000
 491 3.250000
 492 3.190000
 493 3.170000
 494 3.150000
 495 3.180000
 496 3.150000
 497 3.130000
 498 3.100000
 499 3.110000
 500 3.110000
 501 3.080000
 502 3.050000
 503 3.080000
 504 3.070000
 505 3.060000
 506 3.040000
 507 3.070000
 508 3.040000
 509 3.050000
 510 3.050000
 511 3.050000
 512 3.070000
 513 3.050000
 514 3.090000
 515 3.080000
 516 3.080000
 517 3.110000
 518 3.100000
 519 3.090000
 520 3.130000
 521 3.120000
 522 3.120000
 523 3.130000
 524 3.090000
 525 3.080000
 526 3.100000
 527 3.100000
 528 3.080000
 529 3.080000
 530 3.060000
 531 3.030000
 532 3.040000
 533 3.060000
 534 3.030000
 535 3.030000
 536 3.010000
 537 3.010000
 538 2.170000
 539 2.210000
 540 2.160000
 541 2.090000
 542 2.080000
 543 2.090000
 544 2.050000
 545 2.070000
 546 3.000000
 547 3.030000
 548 1.900000
 549 3.030000
 550 3.060000
 551 3.030000
 552 3.070000
 553 3.070000
 554 3.070000
 555 1.790000
 556 1.810000
 557 1.760000
 558 1.770000
 559 1.780000
 560 1.770000
 561 1.770000
 562 1.800000
 563 1.800000
 564 1.820000
 565 1.820000
 566 1.800000
 567 1.850000
 568 1.850000
 569 1.850000
 570 1.850000
 571 1.850000
 572 1.870000
 573 1.870000
 574 1.900000
 575 1.900000
 576 1.900000
 577 1.900000
 578 1.920000
 579 1.910000
 580 1.950000
 581 1.920000
 582 1.950000
 583 1.970000
 584 2.000000
 585 1.970000
 586 2.000000
 587 2.000000
 588 2.000000
 589 2.050000
 590 2.050000
 591 2.050000
 592 2.080000
 593 2.100000
 594 2.130000
 595 2.100000
 596 2.150000
 597 2.150000
 598 2.180000
 599 2.200000
 600 2.200000
 601 2.230000
 602 2.230000
 603 2.230000
 604 2.200000
 605 2.200000
 606 2.250000
 607 2.250000
 608 2.280000
 609 2.300000
 610 1.420000
 611 1.430000
 612 1.430000
 613 1.390000
 614 1.380000
 615 1.400000
 616 1.400000
 617 1.420000
 618 1.450000
 619 1.420000
 620 1.450000
 621 1.470000
 622 1.470000
 623 1.500000
 624 1.470000
 625 1.500000
 626 1.500000
 627 1.500000
 628 1.510000
 629 1.510000
 630 1.540000
 631 1.560000
 632 1.540000
 633 1.560000
 634 1.590000
 635 1.590000
 636 1.590000
 637 1.590000
 638 1.610000
 639 1.640000
 640 1.630000
 641 1.660000
 642 1.660000
 643 1.690000
 644 1.680000
 645 1.710000
 646 1.710000
 647 1.730000
 648 1.760000
 649 1.780000
 650 1.780000
 651 1.810000
 652 1.810000
 653 1.830000
 654 1.830000
 655 1.860000
 656 1.860000
 657 1.880000
 658 1.920000
 659 3.430000
 660 3.410000
 661 3.390000
 662 3.390000
 663 3.410000
 664 3.390000
 665 3.390000
 666 3.370000
 667 3.370000
 668 3.340000
 669 3.340000
 670 3.300000
 671 3.290000
 672 3.290000
 673 3.270000
 674 3.240000
 675 3.270000
 676 3.250000
 677 3.250000
 678 3.280000
 679 3.240000
 680 3.270000
 681 3.240000
 682 3.240000
 683 3.240000
 684 3.270000
 685 3.240000
 686 3.240000
 687 3.280000
 688 3.300000
 689 3.280000
 690 3.290000
 691 3.300000
 692 3.290000
 693 3.320000
 694 3.320000
 695 3.330000
 696 3.340000
 697 3.370000
 698 3.370000
 699 3.370000
 700 3.390000
 701 3.360000
 702 3.420000
 703 3.420000
 704 3.440000
 705 3.050000
 706 2.880000
 707 1.540000
 708 1.560000
 709 1.580000
 710 3.530000
 711 3.500000
 712 3.530000
 713 3.580000
 714 3.600000
 715 3.600000
 716 3.640000
 717 3.680000
 718 3.680000
 719 3.700000
 720 3.700000
 721 3.760000
 722 3.750000
 723 3.770000
 724 3.760000
 725 3.760000
 726 3.770000
 727 3.790000
 728 3.810000
 729 3.780000
 730 3.840000
 731 3.840000
 732 3.840000
 733 3.840000
 734 3.890000
 735 3.910000
 736 3.940000
 737 3.920000
 738 3.950000
 739 3.540000
 740 3.360000
 741 2.930000
 742 2.930000
 743 2.930000
 744 3.520000
 745 3.990000
 746 3.990000
 747 4.020000
 748 3.990000
 749 3.990000
 750 4.010000
 751 4.010000
 752 4.010000
 753 3.990000
 754 1.510000
 755 4.040000
 756 4.030000
 757 4.050000
 758 4.050000
 759 4.050000
 760 4.050000
 0 3.010000
 1 3.140000
 2 3.140000
 3 3.110000
 4 3.010000
 5 3.140000
 6 3.110000
 7 3.030000
 8 3.060000
 9 3.190000
 10 3.070000
 11 3.040000
 12 3.190000
 13 3.160000
 14 3.070000
 15 3.020000
 16 3.060000
 17 3.190000
 18 3.160000
 19 3.140000
 20 3.140000
 21 3.160000
 22 3.140000
 23 3.030000
 24 3.010000
 25 3.060000
 26 3.010000
 27 2.980000
 28 3.030000
 29 2.980000
 30 3.010000
 31 3.140000
 32 3.110000
 33 2.980000
 34 3.140000
 35 3.110000
 36 2.900000
 37 2.710000
 38 2.360000
 39 2.180000
 40 2.160000
 41 2.140000
 42 2.150000
 43 2.130000
 44 2.140000
 45 2.140000
 46 2.150000
 47 2.150000
 48 2.150000
 49 2.150000
 50 2.150000
 51 2.140000
 52 2.220000
 53 2.290000
 54 2.240000
 55 2.180000
 56 2.190000
 57 2.190000
 58 2.190000
 59 2.190000
 60 2.200000
 61 2.230000
 62 2.200000
 63 2.210000
 64 2.200000
 65 2.190000
 66 2.190000
 67 2.190000
 68 2.200000
 69 2.220000
 70 2.230000
 71 2.230000
 72 2.210000
 73 2.210000
 74 2.180000
 75 2.230000
 76 2.240000
 77 2.320000
 78 2.200000
 79 2.200000
 80 2.170000
 81 2.200000
 82 2.200000
 83 2.240000
 84 2.250000
 85 2.250000
 86 2.240000
 87 2.250000
 88 2.230000
 89 2.260000
 90 2.260000
 91 2.250000
 92 2.250000
 93 2.280000
 94 2.260000
 95 2.240000
 96 2.210000
 97 2.240000
 98 2.250000
 99 2.220000
 100 2.260000
 101 2.280000
 102 2.280000
 103 2.300000
 104 2.300000
 105 2.300000
 106 2.320000
 107 2.320000
 108 2.290000
 109 2.330000
 110 2.300000
 111 2.300000
 112 2.340000
 113 2.320000
 114 2.350000
 115 2.320000
 116 2.310000
 117 2.330000
 118 2.350000
 119 2.350000
 120 2.470000
 121 2.390000
 122 2.370000
 123 2.310000
 124 2.320000
 125 2.340000
 126 2.350000
 127 2.370000
 128 2.370000
 129 2.400000
 130 2.410000
 131 2.390000
 132 2.420000
 133 2.410000
 134 2.400000
 135 2.410000
 136 2.390000
 137 2.410000
 138 2.390000
 139 2.360000
 140 2.360000
 141 2.410000
 142 2.420000
 143 2.420000
 144 2.420000
 145 2.460000
 146 3.560000
 147 3.570000
 148 3.630000
 149 3.540000
 150 3.630000
 151 3.560000
 152 3.580000
 153 3.560000
 154 3.510000
 155 3.450000
 156 3.430000
 157 3.420000
 158 3.430000
 159 3.380000
 160 3.440000
 161 3.420000
 162 3.450000
 163 3.420000
 164 3.430000
 165 3.460000
 166 3.450000
 167 3.480000
 168 2.910000
 169 2.880000
 170 2.850000
 171 2.830000
 172 2.800000
 173 2.840000
 174 2.840000
 175 2.860000
 176 2.850000
 177 2.810000
 178 2.830000
 179 2.760000
 180 3.880000
 181 3.880000
 182 3.870000
 183 3.880000
 184 3.900000
 185 3.900000
 186 3.900000
 187 2.600000
 188 2.590000
 189 2.560000
 190 2.540000
 191 2.510000
 192 2.540000
 193 2.560000
 194 2.560000
 195 2.560000
 196 2.600000
 197 3.980000
 198 4.080000
 199 4.130000
 200 4.140000
 201 3.300000
 202 3.240000
 203 3.240000
 204 3.210000
 205 3.180000
 206 3.210000
 207 3.210000
 208 3.230000
 209 2.340000
 210 2.310000
 211 2.310000
 212 2.310000
 213 2.290000
 214 2.290000
 215 2.290000
 216 2.290000
 217 2.300000
 218 2.310000
 219 2.300000
 220 2.360000
 221 3.000000
 222 2.960000
 223 2.910000
 224 2.910000
 225 2.940000
 226 2.930000
 227 2.980000
 228 2.980000
 229 3.000000
 230 3.600000
 231 3.580000
 232 3.580000
 233 3.630000
 234 3.630000
 235 4.710000
 236 4.760000
 237 4.760000
 238 4.790000
 239 4.790000
 240 4.730000
 241 4.760000
 242 4.760000
 243 2.770000
 244 2.740000
 245 2.740000
 246 2.740000
 247 2.710000
 248 2.710000
 249 2.730000
 250 2.750000
 251 2.750000
 252 2.830000
 253 3.440000
 254 4.960000
 255 4.960000
 256 4.940000
 257 4.910000
 258 4.780000
 259 4.760000
 260 4.710000
 261 4.710000
 262 4.710000
 263 3.190000
 264 3.210000
 265 4.780000
 266 3.240000
 267 3.220000
 268 3.210000
 269 3.220000
 270 3.190000
 271 3.190000
 272 3.200000
 273 3.220000
 274 3.260000
 275 4.610000
 276 4.590000
 277 4.600000
 278 4.600000
 279 4.590000
 280 4.590000
 281 4.570000
 282 4.560000
 283 4.520000
 284 4.510000
 285 4.490000
 286 4.480000
 287 4.500000
 288 4.480000
 289 4.480000
 290 4.460000
 291 4.460000
 292 4.430000
 293 4.460000
 294 4.440000
 295 4.420000
 296 4.440000
 297 4.450000
 298 4.420000
 299 4.410000
 300 4.380000
 301 4.380000
 302 4.410000
 303 4.280000
 304 4.280000
 305 4.380000
 306 4.380000
 307 4.260000
 308 4.380000
 309 4.260000
 310 4.260000
 311 4.230000
 312 4.220000
 313 4.230000
 314 4.220000
 315 4.200000
 316 4.220000
 317 4.200000
 318 4.200000
 319 4.170000
 320 4.200000
 321 4.160000
 322 4.180000
 323 4.180000
 324 4.180000
 325 4.170000
 326 4.150000
 327 4.150000
 328 4.170000
 329 4.150000
 330 4.150000
 331 4.120000
 332 4.130000
 333 4.240000
 334 4.240000
 335 4.230000
 336 4.230000
 337 4.230000
 338 4.230000
 339 4.200000
 340 4.180000
 341 4.160000
 342 4.190000
 343 4.240000
 344 4.180000
 345 4.210000
 346 4.170000
 347 4.140000
 348 4.140000
 349 4.170000
 350 4.110000
 351 4.080000
 352 4.080000
 353 4.110000
 354 4.090000
 355 4.090000
 356 4.100000
 357 4.060000
 358 4.130000
 359 4.110000
 360 4.130000
 361 4.100000
 362 4.080000
 363 4.100000
 364 4.100000
 365 4.090000
 366 4.130000
 367 4.050000
 368 4.040000
 369 4.650000
 370 5.030000
 371 5.030000
 372 2.420000
 373 2.410000
 374 5.030000
 375 4.980000
 376 4.980000
 377 5.040000
 378 2.230000
 379 2.260000
 380 2.320000
 381 2.410000
 382 4.970000
 383 5.000000
 384 5.030000
 385 5.010000
 386 5.010000
 387 4.240000
 388 4.860000
 389 4.860000
 390 5.020000
 391 4.230000
 392 4.190000
 393 4.170000
 394 4.240000
 395 4.850000
 396 4.860000
 397 4.780000
 398 4.760000
 399 4.680000
 400 4.610000
 401 4.560000
 402 4.590000
 403 4.590000
 404 4.580000
 405 4.550000
 406 4.550000
 407 4.390000
 408 4.310000
 409 4.290000
 410 4.360000
 411 4.340000
 412 4.420000
 413 4.330000
 414 4.260000
 415 4.230000
 416 4.290000
 417 4.410000
 418 4.390000
 419 4.340000
 420 4.280000
 421 4.260000
 422 4.290000
 423 4.310000
 424 4.280000
 425 4.220000
 426 4.220000
 427 3.920000
 428 3.790000
 429 3.740000
 430 3.690000
 431 3.640000
 432 3.640000
 433 3.610000
 434 3.620000
 435 3.590000
 436 3.570000
 437 3.570000
 438 3.550000
 439 3.500000
 440 3.520000
 441 3.500000
 442 3.530000
 443 3.530000
 444 3.510000
 445 3.630000
 446 3.510000
 447 3.610000
 448 3.580000
 449 3.580000
 450 3.560000
 451 3.560000
 452 3.540000
 453 3.560000
 454 3.570000
 455 3.580000
 456 3.560000
 457 3.520000
 458 3.480000
 459 3.460000
 460 3.510000
 461 3.520000
 462 3.560000
 463 3.530000
 464 3.540000
 465 3.510000
 466 3.530000
 467 3.500000
 468 3.480000
 469 3.480000
 470 3.500000
 471 3.480000
 472 3.470000
 473 3.480000
 474 3.440000
 475 3.450000
 476 3.450000
 477 3.430000
 478 3.410000
 479 3.430000
 480 3.400000
 481 3.430000
 482 3.400000
 483 3.410000
 484 3.380000
 485 3.340000
 486 3.350000
 487 3.290000
 488 3.280000
 489 3.270000
 490 3.250000
 491 3.240000
 492 3.190000
 493 3.200000
 494 3.180000
 495 3.180000
 496 3.160000
 497 3.130000
 498 3.130000
 499 3.110000
 500 3.080000
 501 3.100000
 502 3.040000
 503 3.080000
 504 3.080000
 505 3.060000
 506 3.050000
 507 3.040000
 508 3.050000
 509 3.040000
 510 3.070000
 511 3.040000
 512 3.080000
 513 3.070000
 514 3.070000
 515 3.070000
 516 3.110000
 517 3.080000
 518 3.100000
 519 3.090000
 520 3.100000
 521 3.090000
 522 3.090000
 523 3.130000
 524 3.120000
 525 3.070000
 526 3.130000
 527 3.110000
 528 3.080000
 529 3.110000
 530 3.060000
 531 3.060000
 532 3.060000
 533 3.030000
 534 3.030000
 535 3.060000
 536 3.010000
 537 3.010000
 538 2.200000
 539 2.220000
 540 2.190000
 541 2.090000
 542 2.110000
 543 2.060000
 544 2.040000
 545 2.040000
 546 3.030000
 547 3.010000
 548 1.900000
 549 3.030000
 550 3.030000
 551 3.070000
 552 3.070000
 553 3.070000
 554 3.070000
 555 1.790000
 556 1.780000
 557 1.770000
 558 1.770000
 559 1.780000
 560 1.770000
 561 1.770000
 562 1.800000
 563 1.800000
 564 1.800000
 565 1.820000
 566 1.800000
 567 1.820000
 568 1.820000
 569 1.850000
 570 1.850000
 571 1.870000
 572 1.870000
 573 1.870000
 574 1.870000
 575 1.900000
 576 1.900000
 577 1.900000
 578 1.920000
 579 1.950000
 580 1.950000
 581 1.950000
 582 1.950000
 583 1.970000
 584 1.970000
 585 2.000000
 586 1.970000
 587 2.000000
 588 2.030000
 589 2.020000
 590 2.050000
 591 2.080000
 592 2.080000
 593 2.100000
 594 2.100000
 595 2.130000
 596 2.130000
 597 2.180000
 598 2.180000
 599 2.180000
 600 2.200000
 601 2.230000
 602 2.230000
 603 2.200000
 604 2.200000
 605 2.200000
 606 2.250000
 607 2.250000
 608 2.250000
 609 2.280000
 610 1.400000
 611 1.430000
 612 1.400000
 613 1.400000
 614 1.390000
 615 1.400000
 616 1.420000
 617 1.420000
 618 1.420000
 619 1.420000
 620 1.450000
 621 1.450000
 622 1.450000
 623 1.470000
 624 1.470000
 625 1.500000
 626 1.520000
 627 1.510000
 628 1.510000
 629 1.540000
 630 1.510000
 631 1.540000
 632 1.560000
 633 1.560000
 634 1.560000
 635 1.590000
 636 1.590000
 637 1.610000
 638 1.610000
 639 1.640000
 640 1.640000
 641 1.660000
 642 1.660000
 643 1.690000
 644 1.710000
 645 1.710000
 646 1.730000
 647 1.760000
 648 1.730000
 649 1.760000
 650 1.810000
 651 1.810000
 652 1.810000
 653 1.830000
 654 1.830000
 655 1.860000
 656 1.880000
 657 1.880000
 658 1.920000
 659 3.460000
 660 3.430000
 661 3.390000
 662 3.370000
 663 3.410000
 664 3.390000
 665 3.370000
 666 3.380000
 667 3.370000
 668 3.340000
 669 3.340000
 670 3.320000
 671 3.290000
 672 3.290000
 673 3.250000
 674 3.240000
 675 3.270000
 676 3.280000
 677 3.250000
 678 3.250000
 679 3.240000
 680 3.240000
 681 3.240000
 682 3.240000
 683 3.250000
 684 3.240000
 685 3.240000
 686 3.250000
 687 3.280000
 688 3.290000
 689 3.280000
 690 3.300000
 691 3.300000
 692 3.320000
 693 3.340000
 694 3.320000
 695 3.320000
 696 3.340000
 697 3.340000
 698 3.340000
 699 3.340000
 700 3.390000
 701 3.370000
 702 3.390000
 703 3.420000
 704 3.410000
 705 3.070000
 706 2.880000
 707 1.540000
 708 1.560000
 709 1.560000
 710 3.540000
 711 3.540000
 712 3.550000
 713 3.590000
 714 3.600000
 715 3.600000
 716 3.640000
 717 3.650000
 718 3.690000
 719 3.710000
 720 3.740000
 721 3.750000
 722 3.730000
 723 3.770000
 724 3.760000
 725 3.790000
 726 3.790000
 727 3.780000
 728 3.790000
 729 3.810000
 730 3.840000
 731 3.840000
 732 3.840000
 733 3.810000
 734 3.860000
 735 3.910000
 736 3.940000
 737 3.920000
 738 3.940000
 739 3.540000
 740 3.340000
 741 2.910000
 742 2.890000
 743 2.930000
 744 3.550000
 745 3.990000
 746 3.990000
 747 3.990000
 748 3.960000
 749 4.000000
 750 4.010000
 751 4.010000
 752 3.990000
 753 4.000000
 754 1.560000
 755 4.000000
 756 4.030000
 757 4.030000
 758 4.030000
 759 4.050000
 760 4.080000
 0 2.980000
 1 3.140000
 2 3.140000
 3 3.140000
 4 3.010000
 5 3.160000
 6 3.110000
 7 3.060000
 8 3.080000
 9 3.190000
 10 3.020000
 11 3.040000
 12 3.190000
 13 3.140000
 14 3.040000
 15 3.050000
 16 3.060000
 17 3.160000
 18 3.160000
 19 3.140000
 20 3.140000
 21 3.140000
 22 3.140000
 23 3.010000
 24 3.010000
 25 3.030000
 26 3.060000
 27 3.010000
 28 3.010000
 29 3.010000
 30 2.980000
 31 3.140000
 32 3.110000
 33 2.980000
 34 3.140000
 35 3.090000
 36 2.910000
 37 2.720000
 38 2.330000
 39 2.170000
 40 2.160000
 41 2.140000
 42 2.120000
 43 2.160000
 44 2.140000
 45 2.140000
 46 2.150000
 47 2.150000
 48 2.150000
 49 2.120000
 50 2.120000
 51 2.140000
 52 2.220000
 53 2.290000
 54 2.240000
 55 2.210000
 56 2.160000
 57 2.190000
 58 2.160000
 59 2.190000
 60 2.200000
 61 2.200000
 62 2.200000
 63 2.210000
 64 2.210000
 65 2.190000
 66 2.160000
 67 2.190000
 68 2.210000
 69 2.220000
 70 2.230000
 71 2.220000
 72 2.210000
 73 2.210000
 74 2.210000
 75 2.210000
 76 2.260000
 77 2.330000
 78 2.210000
 79 2.170000
 80 2.200000
 81 2.170000
 82 2.210000
 83 2.240000
 84 2.250000
 85 2.250000
 86 2.250000
 87 2.230000
 88 2.260000
 89 2.260000
 90 2.260000
 91 2.270000
 92 2.270000
 93 2.250000
 94 2.290000
 95 2.260000
 96 2.230000
 97 2.210000
 98 2.250000
 99 2.250000
 100 2.240000
 101 2.280000
 102 2.280000
 103 2.280000
 104 2.310000
 105 2.300000
 106 2.300000
 107 2.300000
 108 2.310000
 109 2.310000
 110 2.310000
 111 2.330000
 112 2.310000
 113 2.320000
 114 2.350000
 115 2.350000
 116 2.340000
 117 2.330000
 118 2.330000
 119 2.350000
 120 2.470000
 121 2.390000
 122 2.340000
 123 2.310000
 124 2.320000
 125 2.310000
 126 2.360000
 127 2.370000
 128 2.370000
 129 2.400000
 130 2.390000
 131 2.390000
 132 2.400000
 133 2.390000
 134 2.400000
 135 2.410000
 136 2.390000
 137 2.390000
 138 2.360000
 139 2.390000
 140 2.390000
 141 2.410000
 142 2.430000
 143 2.430000
 144 2.420000
 145 2.490000
 146 3.560000
 147 3.600000
 148 3.630000
 149 3.520000
 150 3.660000
 151 3.570000
 152 3.560000
 153 3.580000
 154 3.520000
 155 3.430000
 156 3.410000
 157 3.420000
 158 3.400000
 159 3.400000
 160 3.410000
 161 3.440000
 162 3.450000
 163 3.450000
 164 3.460000
 165 3.460000
 166 3.450000
 167 3.480000
 168 2.880000
 169 2.860000
 170 2.880000
 171 2.830000
 172 2.830000
 173 2.840000
 174 2.860000
 175 2.840000
 176 2.860000
 177 2.810000
 178 2.830000
 179 2.780000
 180 3.860000
 181 3.860000
 182 3.890000
 183 3.900000
 184 3.900000
 185 3.920000
 186 3.900000
 187 2.580000
 188 2.590000
 189 2.560000
 190 2.540000
 191 2.560000
 192 2.540000
 193 2.560000
 194 2.560000
 195 2.560000
 196 2.620000
 197 4.110000
 198 4.050000
 199 4.130000
 200 4.140000
 201 3.290000
 202 3.240000
 203 3.210000
 204 3.190000
 205 3.180000
 206 3.190000
 207 3.210000
 208 3.230000
 209 2.310000
 210 2.310000
 211 2.310000
 212 2.290000
 213 2.290000
 214 2.260000
 215 2.260000
 216 2.290000
 217 2.310000
 218 2.310000
 219 2.330000
 220 2.320000
 221 2.970000
 222 2.960000
 223 2.890000
 224 2.910000
 225 2.940000
 226 2.930000
 227 2.960000
 228 2.980000
 229 3.030000
 230 3.610000
 231 3.580000
 232 3.610000
 233 3.630000
 234 3.660000
 235 4.610000
 236 4.770000
 237 4.770000
 238 4.790000
 239 4.770000
 240 4.710000
 241 4.730000
 242 4.760000
 243 2.750000
 244 2.740000
 245 2.740000
 246 2.740000
 247 2.710000
 248 2.710000
 249 2.730000
 250 2.750000
 251 2.760000
 252 2.830000
 253 3.440000
 254 4.910000
 255 4.930000
 256 4.940000
 257 4.880000
 258 4.910000
 259 4.760000
 260 4.710000
 261 4.710000
 262 4.710000
 263 3.190000
 264 3.210000
 265 4.780000
 266 3.260000
 267 3.250000
 268 3.210000
 269 3.210000
 270 3.190000
 271 3.190000
 272 3.210000
 273 3.200000
 274 3.270000
 275 4.590000
 276 4.590000
 277 4.600000
 278 4.580000
 279 4.600000
 280 4.580000
 281 4.550000
 282 4.540000
 283 4.540000
 284 4.500000
 285 4.490000
 286 4.480000
 287 4.530000
 288 4.510000
 289 4.490000
 290 4.460000
 291 4.460000
 292 4.440000
 293 4.440000
 294 4.440000
 295 4.420000
 296 4.430000
 297 4.460000
 298 4.430000
 299 4.410000
 300 4.380000
 301 4.380000
 302 4.380000
 303 4.280000
 304 4.280000
 305 4.380000
 306 4.410000
 307 4.280000
 308 4.360000
 309 4.260000
 310 4.260000
 311 4.230000
 312 4.230000
 313 4.230000
 314 4.230000
 315 4.230000
 316 4.230000
 317 4.230000
 318 4.230000
 319 4.200000
 320 4.180000
 321 4.180000
 322 4.160000
 323 4.160000
 324 4.160000
 325 4.150000
 326 4.180000
 327 4.180000
 328 4.180000
 329 4.150000
 330 4.150000
 331 4.130000
 332 4.130000
 333 4.240000
 334 4.240000
 335 4.270000
 336 4.230000
 337 4.230000
 338 4.210000
 339 4.230000
 340 4.210000
 341 4.180000
 342 4.180000
 343 4.210000
 344 4.180000
 345 4.210000
 346 4.180000
 347 4.140000
 348 4.140000
 349 4.140000
 350 4.110000
 351 4.090000
 352 4.080000
 353 4.110000
 354 4.080000
 355 4.090000
 356 4.070000
 357 4.080000
 358 4.120000
 359 4.100000
 360 4.100000
 361 4.100000
 362 4.130000
 363 4.120000
 364 4.090000
 365 4.120000
 366 4.100000
 367 4.050000
 368 4.040000
 369 4.650000
 370 5.000000
 371 5.000000
 372 2.390000
 373 2.410000
 374 5.030000
 375 5.010000
 376 4.980000
 377 5.010000
 378 2.270000
 379 2.270000
 380 2.320000
 381 2.410000
 382 4.970000
 383 5.030000
 384 5.030000
 385 5.010000
 386 5.030000
 387 4.250000
 388 4.860000
 389 4.860000
 390 5.010000
 391 4.240000
 392 4.170000
 393 4.180000
 394 4.260000
 395 4.890000
 396 4.820000
 397 4.780000
 398 4.730000
 399 4.680000
 400 4.640000
 401 4.560000
 402 4.610000
 403 4.590000
 404 4.590000
 405 4.550000
 406 4.540000
 407 4.360000
 408 4.290000
 409 4.290000
 410 4.340000
 411 4.340000
 412 4.410000
 413 4.310000
 414 4.240000
 415 4.260000
 416 4.290000
 417 4.410000
 418 4.410000
 419 4.350000
 420 4.290000
 421 4.270000
 422 4.290000
 423 4.330000
 424 4.280000
 425 4.200000
 426 4.180000
 427 3.980000
 428 3.740000
 429 3.710000
 430 3.690000
 431 3.660000
 432 3.690000
 433 3.610000
 434 3.620000
 435 3.620000
 436 3.570000
 437 3.580000
 438 3.550000
 439 3.530000
 440 3.500000
 441 3.500000
 442 3.530000
 443 3.510000
 444 3.510000
 445 3.600000
 446 3.610000
 447 3.510000
 448 3.570000
 449 3.590000
 450 3.560000
 451 3.560000
 452 3.540000
 453 3.560000
 454 3.600000
 455 3.580000
 456 3.530000
 457 3.520000
 458 3.470000
 459 3.470000
 460 3.510000
 461 3.540000
 462 3.490000
 463 3.500000
 464 3.540000
 465 3.540000
 466 3.510000
 467 3.490000
 468 3.490000
 469 3.520000
 470 3.490000
 471 3.480000
 472 3.470000
 473 3.490000
 474 3.450000
 475 3.460000
 476 3.440000
 477 3.420000
 478 3.380000
 479 3.450000
 480 3.430000
 481 3.440000
 482 3.410000
 483 3.400000
 484 3.350000
 485 3.390000
 486 3.320000
 487 3.300000
 488 3.280000
 489 3.250000
 490 3.280000
 491 3.240000
 492 3.190000
 493 3.180000
 494 3.160000
 495 3.150000
 496 3.150000
 497 3.130000
 498 3.130000
 499 3.110000
 500 3.090000
 501 3.100000
 502 3.070000
 503 3.080000
 504 3.060000
 505 3.060000
 506 3.070000
 507 3.040000
 508 3.050000
 509 3.040000
 510 3.080000
 511 3.070000
 512 3.080000
 513 3.070000
 514 3.090000
 515 3.070000
 516 3.110000
 517 3.080000
 518 3.080000
 519 3.090000
 520 3.090000
 521 3.120000
 522 3.100000
 523 3.120000
 524 3.120000
 525 3.050000
 526 3.090000
 527 3.110000
 528 3.110000
 529 3.090000
 530 3.090000
 531 3.050000
 532 3.040000
 533 3.040000
 534 3.040000
 535 3.040000
 536 3.040000
 537 3.010000
 538 2.160000
 539 2.210000
 540 2.160000
 541 2.120000
 542 2.110000
 543 2.050000
 544 2.050000
 545 2.040000
 546 3.010000
 547 3.040000
 548 1.900000
 549 3.040000
 550 3.040000
 551 3.070000
 552 3.070000
 553 3.070000
 554 3.070000
 555 1.830000
 556 1.800000
 557 1.760000
 558 1.780000
 559 1.770000
 560 1.770000
 561 1.800000
 562 1.770000
 563 1.800000
 564 1.800000
 565 1.820000
 566 1.820000
 567 1.820000
 568 1.850000
 569 1.850000
 570 1.850000
 571 1.850000
 572 1.850000
 573 1.870000
 574 1.870000
 575 1.900000
 576 1.900000
 577 1.920000
 578 1.890000
 579 1.940000
 580 1.950000
 581 1.950000
 582 1.970000
 583 1.970000
 584 1.970000
 585 1.970000
 586 2.000000
 587 2.000000
 588 2.030000
 589 2.020000
 590 2.060000
 591 2.060000
 592 2.080000
 593 2.080000
 594 2.110000
 595 2.130000
 596 2.130000
 597 2.160000
 598 2.180000
 599 2.180000
 600 2.210000
 601 2.210000
 602 2.230000
 603 2.230000
 604 2.200000
 605 2.210000
 606 2.260000
 607 2.260000
 608 2.280000
 609 2.280000
 610 1.430000
 611 1.430000
 612 1.430000
 613 1.400000
 614 1.390000
 615 1.400000
 616 1.420000
 617 1.420000
 618 1.420000
 619 1.420000
 620 1.450000
 621 1.470000
 622 1.470000
 623 1.470000
 624 1.470000
 625 1.500000
 626 1.500000
 627 1.520000
 628 1.520000
 629 1.540000
 630 1.520000
 631 1.550000
 632 1.540000
 633 1.570000
 634 1.590000
 635 1.590000
 636 1.620000
 637 1.620000
 638 1.640000
 639 1.620000
 640 1.660000
 641 1.670000
 642 1.660000
 643 1.670000
 644 1.720000
 645 1.710000
 646 1.740000
 647 1.730000
 648 1.760000
 649 1.760000
 650 1.780000
 651 1.790000
 652 1.810000
 653 1.830000
 654 1.830000
 655 1.860000
 656 1.860000
 657 1.910000
 658 1.920000
 659 3.440000
 660 3.410000
 661 3.390000
 662 3.420000
 663 3.410000
 664 3.420000
 665 3.370000
 666 3.340000
 667 3.370000
 668 3.340000
 669 3.320000
 670 3.320000
 671 3.320000
 672 3.270000
 673 3.270000
 674 3.270000
 675 3.270000
 676 3.240000
 677 3.260000
 678 3.240000
 679 3.250000
 680 3.270000
 681 3.240000
 682 3.240000
 683 3.240000
 684 3.240000
 685 3.240000
 686 3.270000
 687 3.280000
 688 3.280000
 689 3.290000
 690 3.300000
 691 3.300000
 692 3.300000
 693 3.320000
 694 3.320000
 695 3.320000
 696 3.340000
 697 3.370000
 698 3.340000
 699 3.340000
 700 3.390000
 701 3.370000
 702 3.390000
 703 3.440000
 704 3.440000
 705 3.050000
 706 2.910000
 707 1.590000
 708 1.560000
 709 1.530000
 710 3.540000
 711 3.530000
 712 3.560000
 713 3.590000
 714 3.610000
 715 3.590000
 716 3.660000
 717 3.660000
 718 3.650000
 719 3.710000
 720 3.730000
 721 3.730000
 722 3.750000
 723 3.760000
 724 3.790000
 725 3.790000
 726 3.790000
 727 3.800000
 728 3.790000
 729 3.810000
 730 3.800000
 731 3.840000
 732 3.840000
 733 3.840000
 734 3.890000
 735 3.910000
 736 3.920000
 737 3.920000
 738 3.940000
 739 3.540000
 740 3.330000
 741 2.880000
 742 2.910000
 743 2.900000
 744 3.580000
 745 3.990000
 746 3.950000
 747 3.990000
 748 4.010000
 749 4.010000
 750 4.010000
 751 4.020000
 752 4.010000
 753 4.010000
 754 1.560000
 755 4.030000
 756 4.040000
 757 4.060000
 758 4.050000
 759 4.050000
 760 4.080000