
 0 2.860000
 1 2.870000
 2 2.860000
 3 2.870000
 4 2.890000
 5 2.870000
 6 2.870000
 7 2.850000
 8 2.860000
 9 2.870000
 10 2.870000
 11 2.880000
 12 2.850000
 13 2.840000
 14 2.830000
 15 2.830000
 16 2.800000
 17 2.820000
 18 2.840000
 19 3.360000
 20 2.750000
 21 2.750000
 22 2.750000
 23 2.750000
 24 2.740000
 25 2.740000
 26 2.730000
 27 2.760000
 28 2.760000
 29 2.740000
 30 2.730000
 31 2.700000
 32 2.700000
 33 2.700000
 34 2.700000
 35 2.700000
 36 2.820000
 37 3.250000
 38 3.240000
 39 3.150000
 40 2.710000
 41 2.700000
 42 2.700000
 43 2.710000
 44 2.690000
 45 2.700000
 46 2.700000
 47 2.700000
 48 2.730000
 49 2.690000
 50 2.690000
 51 2.690000
 52 2.660000
 53 2.660000
 54 2.700000
 55 3.150000
 56 3.150000
 57 2.680000
 58 2.630000
 59 2.630000
 60 2.620000
 61 2.610000
 62 2.600000
 63 2.630000
 64 2.600000
 65 2.630000
 66 2.630000
 67 2.600000
 68 2.600000
 69 2.610000
 70 2.600000
 71 2.600000
 72 2.600000
 73 2.590000
 74 2.590000
 75 2.600000
 76 2.620000
 77 2.800000
 78 3.150000
 79 3.120000
 80 3.150000
 81 3.180000
 82 3.180000
 83 3.170000
 84 3.300000
 85 3.290000
 86 3.320000
 87 3.330000
 88 3.310000
 89 3.330000
 90 3.350000
 91 3.350000
 92 3.370000
 93 3.460000
 94 3.560000
 95 3.570000
 96 3.410000
 97 3.480000
 98 3.600000
 99 3.580000
 100 3.600000
 101 3.580000
 102 3.640000
 103 3.590000
 104 3.560000
 105 3.560000
 106 3.560000
 107 3.590000
 108 3.560000
 109 3.560000
 110 3.590000
 111 3.590000
 112 3.700000
 113 3.650000
 114 3.600000
 115 3.570000
 116 3.540000
 117 3.590000
 118 3.620000
 119 3.540000
 120 3.510000
 121 3.510000
 122 3.410000
 123 3.380000
 124 3.490000
 125 3.480000
 126 3.360000
 127 3.370000
 128 3.410000
 129 3.380000
 130 3.470000
 131 3.410000
 132 3.410000
 133 3.470000
 134 3.470000
 135 3.480000
 136 3.480000
 137 3.410000
 138 3.410000
 139 3.480000
 140 3.490000
 141 3.510000
 142 3.430000
 143 3.380000
 144 3.530000
 145 3.500000
 146 3.370000
 147 3.370000
 148 3.470000
 149 3.420000
 150 3.420000
 151 3.380000
 152 4.700000
 153 4.700000
 154 4.700000
 155 4.700000
 156 4.700000
 157 4.730000
 158 4.730000
 159 4.700000
 160 4.690000
 161 4.210000
 162 4.090000
 163 4.730000
 164 4.730000
 165 4.730000
 166 4.750000
 167 4.750000
 168 4.750000
 169 4.750000
 170 4.730000
 171 4.750000
 172 4.750000
 173 4.750000
 174 1.540000
 175 1.540000
 176 1.550000
 177 1.530000
 178 1.540000
 179 1.550000
 180 1.550000
 181 1.520000
 182 1.520000
 183 1.520000
 184 1.520000
 185 1.520000
 186 1.520000
 187 1.530000
 188 1.520000
 189 1.520000
 190 1.520000
 191 1.500000
 192 1.500000
 193 1.500000
 194 1.500000
 195 1.500000
 196 1.500000
 197 1.500000
 198 1.500000
 199 1.470000
 200 1.500000
 201 1.500000
 202 1.480000
 203 1.500000
 204 1.480000
 205 1.470000
 206 1.480000
 207 1.470000
 208 1.480000
 209 1.480000
 210 1.480000
 211 1.450000
 212 1.480000
 213 1.480000
 214 1.450000
 215 1.470000
 216 1.440000
 217 1.430000
 218 1.460000
 219 1.420000
 220 1.450000
 221 1.450000
 222 1.430000
 223 1.460000
 224 1.470000
 225 1.450000
 226 1.470000
 227 1.450000
 228 1.450000
 229 1.440000
 230 1.440000
 231 1.440000
 232 1.440000
 233 1.440000
 234 1.430000
 235 1.470000
 236 1.470000
 237 1.500000
 238 3.690000
 239 3.800000
 240 4.460000
 241 2.080000
 242 1.990000
 243 2.000000
 244 1.990000
 245 1.970000
 246 1.990000
 247 1.990000
 248 1.960000
 249 1.960000
 250 2.000000
 251 2.030000
 252 2.500000
 253 2.550000
 254 2.570000
 255 2.550000
 256 2.550000
 257 2.550000
 258 2.540000
 259 2.570000
 260 2.620000
 261 3.760000
 262 4.480000
 263 3.690000
 264 3.640000
 265 3.620000
 266 3.560000
 267 3.670000
 268 3.680000
 269 3.690000
 270 3.710000
 271 3.720000
 272 3.720000
 273 3.760000
 274 3.740000
 275 4.400000
 276 3.570000
 277 3.560000
 278 3.590000
 279 1.430000
 280 1.400000
 281 1.390000
 282 1.390000
 283 1.390000
 284 1.390000
 285 1.420000
 286 1.400000
 287 1.400000
 288 1.370000
 289 1.400000
 290 1.390000
 291 1.390000
 292 1.400000
 293 1.420000
 294 4.570000
 295 4.390000
 296 4.400000
 297 4.380000
 298 4.310000
 299 4.220000
 300 4.200000
 301 4.230000
 302 4.260000
 303 4.310000
 304 4.290000
 305 4.330000
 306 4.390000
 307 4.420000
 308 4.420000
 309 4.420000
 310 4.420000
 311 4.420000
 312 3.480000
 313 3.460000
 314 3.440000
 315 3.450000
 316 3.480000
 317 2.580000
 318 2.500000
 319 2.540000
 320 2.550000
 321 2.550000
 322 2.550000
 323 2.540000
 324 2.190000
 325 2.020000
 326 1.980000
 327 1.990000
 328 1.990000
 329 1.990000
 330 1.990000
 331 1.990000
 332 1.990000
 333 2.010000
 334 2.000000
 335 4.160000
 336 1.520000
 337 1.480000
 338 1.440000
 339 1.410000
 340 1.440000
 341 1.420000
 342 1.420000
 343 1.450000
 344 1.450000
 345 1.450000
 346 1.460000
 347 1.450000
 348 1.450000
 349 1.440000
 350 1.440000
 351 1.460000
 352 1.510000
 353 1.510000
 354 1.580000
 355 1.680000
 356 1.680000
 357 1.630000
 358 1.630000
 359 1.600000
 360 1.580000
 361 1.590000
 362 1.600000
 363 1.580000
 364 1.600000
 365 1.580000
 366 1.600000
 367 1.590000
 368 1.590000
 369 1.600000
 370 1.600000
 371 1.600000
 372 1.600000
 373 1.580000
 374 1.600000
 375 1.610000
 376 1.600000
 377 1.610000
 378 1.600000
 379 1.630000
 380 1.600000
 381 1.620000
 382 1.620000
 383 1.630000
 384 1.630000
 385 1.610000
 386 1.620000
 387 1.640000
 388 1.630000
 389 1.640000
 390 1.620000
 391 1.660000
 392 1.620000
 393 1.660000
 394 1.630000
 395 1.660000
 396 1.660000
 397 1.700000
 398 1.700000
 399 1.730000
 400 1.710000
 401 2.950000
 402 1.780000
 403 1.800000
 404 1.770000
 405 1.790000
 406 1.780000
 407 2.980000
 408 3.010000
 409 2.980000
 410 3.010000
 411 2.980000
 412 3.100000
 413 3.050000
 414 3.040000
 415 3.030000
 416 3.000000
 417 2.990000
 418 3.080000
 419 3.050000
 420 3.100000
 421 3.080000
 422 3.080000
 423 3.060000
 424 3.070000
 425 3.080000
 426 3.210000
 427 3.070000
 428 3.120000
 429 3.210000
 430 3.180000
 431 3.180000
 432 3.210000
 433 3.230000
 434 3.220000
 435 3.210000
 436 3.220000
 437 3.230000
 438 3.230000
 439 3.230000
 440 3.260000
 441 3.240000
 442 3.240000
 443 3.290000
 444 3.290000
 445 3.280000
 446 3.280000
 447 3.210000
 448 3.270000
 449 3.270000
 450 3.270000
 451 3.260000
 452 3.260000
 453 3.230000
 454 3.230000
 455 3.250000
 456 3.240000
 457 3.220000
 458 3.220000
 459 3.210000
 460 3.190000
 461 3.210000
 462 3.160000
 463 3.170000
 464 3.150000
 465 4.500000
 466 4.190000
 467 4.110000
 468 4.170000
 469 3.110000
 470 3.120000
 471 3.080000
 472 3.090000
 473 3.230000
 474 3.430000
 475 3.720000
 476 3.580000
 477 3.590000
 478 3.560000
 479 3.560000
 480 3.590000
 481 3.560000
 482 3.560000
 483 3.590000
 484 3.590000
 485 3.590000
 486 3.290000
 487 3.560000
 488 3.590000
 489 3.610000
 490 3.610000
 491 3.610000
 492 3.610000
 493 3.560000
 494 3.540000
 495 3.560000
 496 3.560000
 497 3.560000
 498 3.560000
 499 3.590000
 500 3.590000
 501 3.590000
 502 3.590000
 503 3.590000
 504 3.610000
 505 3.610000
 506 3.610000
 507 3.610000
 508 3.640000
 509 3.640000
 510 3.640000
 511 3.640000
 512 3.640000
 513 3.640000
 514 3.660000
 515 3.660000
 516 3.620000
 517 3.560000
 518 3.540000
 519 3.210000
 520 3.080000
 521 3.070000
 522 3.380000
 523 3.350000
 524 3.330000
 525 2.970000
 526 2.970000
 527 2.950000
 528 2.950000
 529 2.900000
 530 2.890000
 531 2.970000
 532 2.950000
 533 2.930000
 534 2.880000
 535 2.880000
 536 2.990000
 537 2.960000
 538 2.950000
 539 2.950000
 540 2.970000
 541 2.970000
 542 2.970000
 543 3.020000
 544 2.970000
 545 2.970000
 546 3.000000
 547 2.950000
 548 2.960000
 549 2.990000
 550 2.960000
 551 3.000000
 552 3.000000
 553 2.740000
 554 2.690000
 555 2.670000
 556 2.630000
 557 2.670000
 558 2.670000
 559 2.680000
 560 2.620000
 561 2.620000
 562 2.600000
 563 2.600000
 564 2.570000
 565 2.430000
 566 2.410000
 567 2.520000
 568 2.500000
 569 2.490000
 570 2.450000
 571 2.400000
 572 2.400000
 573 2.310000
 574 2.290000
 575 2.290000
 576 2.240000
 577 2.240000
 578 2.210000
 579 2.190000
 580 2.190000
 581 2.200000
 582 2.170000
 583 2.160000
 584 2.080000
 585 2.120000
 586 2.150000
 587 2.100000
 588 2.020000
 589 2.000000
 590 2.100000
 591 2.020000
 592 2.020000
 593 1.910000
 594 2.000000
 595 1.970000
 596 1.970000
 597 1.880000
 598 2.000000
 599 1.970000
 600 1.820000
 601 1.830000
 602 1.820000
 603 1.930000
 604 1.930000
 605 1.900000
 606 1.780000
 607 1.760000
 608 1.730000
 609 1.850000
 610 1.820000
 611 1.700000
 612 1.770000
 613 1.660000
 614 1.660000
 615 1.660000
 616 1.750000
 617 1.630000
 618 1.750000
 619 1.720000
 620 1.720000
 621 1.700000
 622 1.670000
 623 1.640000
 624 1.640000
 625 1.650000
 626 1.650000
 627 1.590000
 628 1.560000
 629 1.540000
 630 1.560000
 631 1.560000
 632 1.520000
 633 1.530000
 634 1.430000
 635 1.410000
 636 1.410000
 637 1.410000
 638 1.400000
 639 1.380000
 640 1.380000
 641 1.330000
 642 1.670000
 643 1.470000
 644 1.620000
 645 1.360000
 646 1.290000
 647 1.330000
 648 1.310000
 649 1.310000
 650 2.000000
 651 1.350000
 652 1.310000
 653 1.410000
 654 1.390000
 655 1.650000
 656 1.340000
 657 1.340000
 658 1.260000
 659 1.340000
 660 1.310000
 661 1.260000
 662 1.230000
 663 1.330000
 664 1.410000
 665 1.420000
 666 1.340000
 667 1.240000
 668 1.240000
 669 1.340000
 670 1.340000
 671 1.230000
 672 1.340000
 673 1.310000
 674 1.310000
 675 1.310000
 676 1.310000
 677 1.200000
 678 1.220000
 679 1.220000
 680 1.200000
 681 1.310000
 682 1.290000
 683 1.180000
 684 1.260000
 685 1.160000
 686 1.280000
 687 1.250000
 688 1.180000
 689 1.150000
 690 1.210000
 691 1.160000
 692 1.150000
 693 1.140000
 694 1.150000
 695 1.140000
 696 1.150000
 697 6.750000
 698 6.720000
 699 6.680000
 700 6.670000
 701 6.650000
 702 6.650000
 703 5.710000
 704 6.630000
 705 6.600000
 706 6.570000
 707 5.090000
 708 6.550000
 709 6.550000
 710 6.560000
 711 6.500000
 712 6.510000
 713 6.480000
 714 6.460000
 715 6.460000
 716 6.430000
 717 6.460000
 718 5.470000
 719 5.650000
 720 0.790000
 721 0.810000
 722 0.810000
 723 0.790000
 724 0.810000
 725 0.780000
 726 0.770000
 727 0.780000
 728 0.780000
 729 0.790000
 730 0.810000
 731 0.790000
 732 0.810000
 733 0.780000
 734 0.790000
 735 0.830000
 736 0.810000
 737 0.840000
 738 0.840000
 739 0.840000
 740 0.840000
 741 0.840000
 742 0.860000
 743 0.860000
 744 0.860000
 745 0.860000
 746 0.890000
 747 0.910000
 748 0.890000
 749 0.910000
 750 0.890000
 751 0.910000
 752 0.910000
 753 0.940000
 754 0.910000
 755 0.940000
 756 0.940000
 757 0.960000
 758 0.960000
 759 0.970000
 760 0.960000
 0 2.880000
 1 2.850000
 2 2.860000
 3 2.870000
 4 2.890000
 5 2.870000
 6 2.870000
 7 2.880000
 8 2.860000
 9 2.870000
 10 2.870000
 11 2.850000
 12 2.850000
 13 2.810000
 14 2.800000
 15 2.800000
 16 2.800000
 17 2.820000
 18 2.830000
 19 3.330000
 20 2.760000
 21 2.780000
 22 2.750000
 23 2.750000
 24 2.740000
 25 2.740000
 26 2.750000
 27 2.740000
 28 2.760000
 29 2.740000
 30 2.730000
 31 2.700000
 32 2.720000
 33 2.700000
 34 2.680000
 35 2.700000
 36 2.820000
 37 3.250000
 38 3.240000
 39 3.150000
 40 2.700000
 41 2.710000
 42 2.680000
 43 2.690000
 44 2.710000
 45 2.700000
 46 2.700000
 47 2.700000
 48 2.700000
 49 2.710000
 50 2.690000
 51 2.690000
 52 2.660000
 53 2.690000
 54 2.700000
 55 3.170000
 56 3.150000
 57 2.650000
 58 2.630000
 59 2.630000
 60 2.620000
 61 2.610000
 62 2.610000
 63 2.630000
 64 2.600000
 65 2.630000
 66 2.630000
 67 2.630000
 68 2.600000
 69 2.610000
 70 2.570000
 71 2.600000
 72 2.600000
 73 2.610000
 74 2.590000
 75 2.600000
 76 2.610000
 77 2.800000
 78 3.180000
 79 3.150000
 80 3.150000
 81 3.180000
 82 3.180000
 83 3.140000
 84 3.270000
 85 3.290000
 86 3.290000
 87 3.330000
 88 3.280000
 89 3.330000
 90 3.350000
 91 3.370000
 92 3.390000
 93 3.480000
 94 3.560000
 95 3.580000
 96 3.410000
 97 3.480000
 98 3.560000
 99 3.580000
 100 3.580000
 101 3.580000
 102 3.640000
 103 3.590000
 104 3.590000
 105 3.560000
 106 3.560000
 107 3.610000
 108 3.540000
 109 3.590000
 110 3.560000
 111 3.590000
 112 3.700000
 113 3.670000
 114 3.600000
 115 3.600000
 116 3.540000
 117 3.590000
 118 3.620000
 119 3.540000
 120 3.510000
 121 3.490000
 122 3.410000
 123 3.380000
 124 3.490000
 125 3.500000
 126 3.380000
 127 3.370000
 128 3.380000
 129 3.380000
 130 3.460000
 131 3.410000
 132 3.410000
 133 3.470000
 134 3.450000
 135 3.500000
 136 3.470000
 137 3.430000
 138 3.430000
 139 3.510000
 140 3.470000
 141 3.510000
 142 3.410000
 143 3.410000
 144 3.530000
 145 3.500000
 146 3.420000
 147 3.370000
 148 3.470000
 149 3.420000
 150 3.450000
 151 3.380000
 152 4.700000
 153 4.700000
 154 4.700000
 155 4.730000
 156 4.700000
 157 4.700000
 158 4.730000
 159 4.700000
 160 4.710000
 161 4.080000
 162 4.070000
 163 4.730000
 164 4.730000
 165 4.730000
 166 4.730000
 167 4.720000
 168 4.750000
 169 4.750000
 170 4.750000
 171 4.750000
 172 4.750000
 173 4.770000
 174 1.530000
 175 1.550000
 176 1.550000
 177 1.500000
 178 1.540000
 179 1.550000
 180 1.520000
 181 1.550000
 182 1.520000
 183 1.520000
 184 1.520000
 185 1.520000
 186 1.530000
 187 1.530000
 188 1.500000
 189 1.520000
 190 1.520000
 191 1.520000
 192 1.500000
 193 1.500000
 194 1.500000
 195 1.500000
 196 1.470000
 197 1.500000
 198 1.470000
 199 1.470000
 200 1.500000
 201 1.480000
 202 1.480000
 203 1.470000
 204 1.480000
 205 1.470000
 206 1.480000
 207 1.470000
 208 1.480000
 209 1.450000
 210 1.480000
 211 1.450000
 212 1.480000
 213 1.480000
 214 1.470000
 215 1.470000
 216 1.440000
 217 1.460000
 218 1.460000
 219 1.450000
 220 1.430000
 221 1.420000
 222 1.450000
 223 1.460000
 224 1.470000
 225 1.450000
 226 1.450000
 227 1.470000
 228 1.450000
 229 1.440000
 230 1.440000
 231 1.440000
 232 1.440000
 233 1.440000
 234 1.450000
 235 1.470000
 236 1.500000
 237 1.520000
 238 3.690000
 239 3.800000
 240 4.450000
 241 2.080000
 242 1.990000
 243 2.000000
 244 1.960000
 245 1.960000
 246 2.000000
 247 1.960000
 248 1.990000
 249 1.990000
 250 2.000000
 251 2.060000
 252 2.500000
 253 2.570000
 254 2.550000
 255 2.550000
 256 2.580000
 257 2.550000
 258 2.540000
 259 2.570000
 260 2.610000
 261 3.780000
 262 4.490000
 263 3.670000
 264 3.650000
 265 3.620000
 266 3.560000
 267 3.670000
 268 3.680000
 269 3.710000
 270 3.710000
 271 3.690000
 272 3.720000
 273 3.710000
 274 3.740000
 275 4.380000
 276 3.570000
 277 3.580000
 278 3.590000
 279 1.570000
 280 1.420000
 281 1.390000
 282 1.390000
 283 1.390000
 284 1.390000
 285 1.400000
 286 1.410000
 287 1.400000
 288 1.400000
 289 1.400000
 290 1.390000
 291 1.390000
 292 1.400000
 293 1.420000
 294 4.570000
 295 4.390000
 296 4.420000
 297 4.360000
 298 4.310000
 299 4.220000
 300 4.230000
 301 4.230000
 302 4.260000
 303 4.280000
 304 4.290000
 305 4.330000
 306 4.390000
 307 4.420000
 308 4.420000
 309 4.420000
 310 4.420000
 311 4.450000
 312 3.480000
 313 3.460000
 314 3.440000
 315 3.470000
 316 3.480000
 317 2.610000
 318 2.530000
 319 2.540000
 320 2.540000
 321 2.550000
 322 2.550000
 323 2.540000
 324 2.190000
 325 2.020000
 326 1.980000
 327 1.990000
 328 1.990000
 329 1.990000
 330 1.960000
 331 1.990000
 332 1.990000
 333 2.010000
 334 2.000000
 335 4.130000
 336 1.510000
 337 1.480000
 338 1.440000
 339 1.410000
 340 1.440000
 341 1.440000
 342 1.420000
 343 1.450000
 344 1.450000
 345 1.450000
 346 1.420000
 347 1.460000
 348 1.450000
 349 1.440000
 350 1.450000
 351 1.440000
 352 1.510000
 353 1.510000
 354 1.580000
 355 1.650000
 356 1.650000
 357 1.650000
 358 1.630000
 359 1.600000
 360 1.600000
 361 1.610000
 362 1.600000
 363 1.590000
 364 1.600000
 365 1.600000
 366 1.580000
 367 1.590000
 368 1.600000
 369 1.600000
 370 1.600000
 371 1.610000
 372 1.600000
 373 1.600000
 374 1.610000
 375 1.620000
 376 1.610000
 377 1.610000
 378 1.600000
 379 1.630000
 380 1.630000
 381 1.630000
 382 1.650000
 383 1.630000
 384 1.630000
 385 1.620000
 386 1.630000
 387 1.650000
 388 1.610000
 389 1.660000
 390 1.660000
 391 1.650000
 392 1.680000
 393 1.630000
 394 1.660000
 395 1.660000
 396 1.660000
 397 1.690000
 398 1.700000
 399 1.730000
 400 1.710000
 401 2.950000
 402 1.780000
 403 1.790000
 404 1.800000
 405 1.770000
 406 1.780000
 407 2.980000
 408 3.010000
 409 2.980000
 410 3.010000
 411 2.980000
 412 3.100000
 413 3.040000
 414 3.040000
 415 3.040000
 416 3.020000
 417 3.020000
 418 3.050000
 419 3.060000
 420 3.100000
 421 3.080000
 422 3.090000
 423 3.060000
 424 3.070000
 425 3.080000
 426 3.180000
 427 3.070000
 428 3.090000
 429 3.180000
 430 3.180000
 431 3.210000
 432 3.210000
 433 3.230000
 434 3.210000
 435 3.210000
 436 3.220000
 437 3.230000
 438 3.230000
 439 3.210000
 440 3.260000
 441 3.230000
 442 3.260000
 443 3.290000
 444 3.280000
 445 3.260000
 446 3.260000
 447 3.210000
 448 3.270000
 449 3.270000
 450 3.240000
 451 3.260000
 452 3.260000
 453 3.230000
 454 3.260000
 455 3.220000
 456 3.240000
 457 3.220000
 458 3.220000
 459 3.220000
 460 3.220000
 461 3.230000
 462 3.180000
 463 3.170000
 464 3.150000
 465 4.500000
 466 4.190000
 467 4.150000
 468 4.140000
 469 3.080000
 470 3.090000
 471 3.080000
 472 3.090000
 473 3.230000
 474 3.400000
 475 3.720000
 476 3.610000
 477 3.590000
 478 3.590000
 479 3.590000
 480 3.590000
 481 3.590000
 482 3.590000
 483 3.590000
 484 3.590000
 485 3.590000
 486 3.290000
 487 3.540000
 488 3.610000
 489 3.590000
 490 3.590000
 491 3.610000
 492 3.610000
 493 3.550000
 494 3.540000
 495 3.540000
 496 3.560000
 497 3.560000
 498 3.560000
 499 3.560000
 500 3.590000
 501 3.590000
 502 3.590000
 503 3.590000
 504 3.610000
 505 3.610000
 506 3.610000
 507 3.610000
 508 3.610000
 509 3.640000
 510 3.640000
 511 3.640000
 512 3.660000
 513 3.640000
 514 3.690000
 515 3.690000
 516 3.650000
 517 3.540000
 518 3.510000
 519 3.240000
 520 3.070000
 521 3.090000
 522 3.380000
 523 3.370000
 524 3.330000
 525 2.950000
 526 2.970000
 527 2.950000
 528 2.920000
 529 2.900000
 530 2.900000
 531 2.950000
 532 2.950000
 533 2.900000
 534 2.880000
 535 2.910000
 536 2.990000
 537 2.920000
 538 2.970000
 539 2.970000
 540 3.000000
 541 2.940000
 542 3.000000
 543 3.020000
 544 2.970000
 545 2.970000
 546 3.000000
 547 2.970000
 548 2.930000
 549 2.990000
 550 2.960000
 551 2.970000
 552 3.000000
 553 2.710000
 554 2.690000
 555 2.670000
 556 2.630000
 557 2.670000
 558 2.670000
 559 2.650000
 560 2.620000
 561 2.620000
 562 2.600000
 563 2.590000
 564 2.600000
 565 2.550000
 566 2.430000
 567 2.550000
 568 2.520000
 569 2.490000
 570 2.450000
 571 2.410000
 572 2.370000
 573 2.310000
 574 2.290000
 575 2.300000
 576 2.240000
 577 2.240000
 578 2.240000
 579 2.200000
 580 2.190000
 581 2.200000
 582 2.170000
 583 2.160000
 584 2.060000
 585 2.150000
 586 2.100000
 587 2.070000
 588 2.060000
 589 1.990000
 590 2.120000
 591 2.050000
 592 2.050000
 593 2.050000
 594 2.000000
 595 2.000000
 596 1.970000
 597 1.880000
 598 2.000000
 599 1.830000
 600 1.860000
 601 1.820000
 602 1.810000
 603 1.810000
 604 1.930000
 605 1.900000
 606 1.750000
 607 1.760000
 608 1.880000
 609 1.820000
 610 1.830000
 611 1.700000
 612 1.800000
 613 1.660000
 614 1.660000
 615 1.660000
 616 1.750000
 617 1.750000
 618 1.750000
 619 1.720000
 620 1.700000
 621 1.700000
 622 1.670000
 623 1.670000
 624 1.670000
 625 1.670000
 626 1.650000
 627 1.590000
 628 1.560000
 629 1.550000
 630 1.560000
 631 1.550000
 632 1.520000
 633 1.550000
 634 1.430000
 635 1.410000
 636 1.410000
 637 1.410000
 638 1.390000
 639 1.380000
 640 1.370000
 641 1.380000
 642 1.700000
 643 1.470000
 644 1.670000
 645 1.360000
 646 1.320000
 647 1.360000
 648 1.310000
 649 1.310000
 650 1.970000
 651 1.340000
 652 1.280000
 653 1.390000
 654 1.390000
 655 1.510000
 656 1.360000
 657 1.340000
 658 1.260000
 659 1.320000
 660 1.310000
 661 1.260000
 662 1.260000
 663 1.330000
 664 1.410000
 665 1.400000
 666 1.340000
 667 1.290000
 668 1.240000
 669 1.360000
 670 1.340000
 671 1.230000
 672 1.340000
 673 1.310000
 674 1.340000
 675 1.310000
 676 1.310000
 677 1.170000
 678 1.220000
 679 1.190000
 680 1.230000
 681 1.290000
 682 1.310000
 683 1.210000
 684 1.260000
 685 1.180000
 686 1.260000
 687 1.220000
 688 1.180000
 689 1.140000
 690 1.170000
 691 1.160000
 692 1.150000
 693 1.140000
 694 1.130000
 695 1.160000
 696 1.150000
 697 6.740000
 698 6.720000
 699 6.720000
 700 6.690000
 701 6.670000
 702 6.650000
 703 5.710000
 704 6.620000
 705 6.600000
 706 6.570000
 707 5.070000
 708 6.550000
 709 6.550000
 710 6.530000
 711 6.520000
 712 6.510000
 713 6.480000
 714 6.480000
 715 6.460000
 716 6.460000
 717 6.460000
 718 5.440000
 719 5.650000
 720 0.790000
 721 0.810000
 722 0.780000
 723 0.780000
 724 0.780000
 725 0.770000
 726 0.780000
 727 0.780000
 728 0.770000
 729 0.810000
 730 0.780000
 731 0.810000
 732 0.810000
 733 0.810000
 734 0.810000
 735 0.810000
 736 0.840000
 737 0.840000
 738 0.840000
 739 0.840000
 740 0.860000
 741 0.840000
 742 0.860000
 743 0.860000
 744 0.860000
 745 0.890000
 746 0.890000
 747 0.890000
 748 0.910000
 749 0.910000
 750 0.910000
 751 0.910000
 752 0.910000
 753 0.910000
 754 0.940000
 755 0.910000
 756 0.950000
 757 0.960000
 758 0.960000
 759 0.980000
 760 0.960000
 0 2.880000
 1 2.870000
 2 2.880000
 3 2.900000
 4 2.890000
 5 2.870000
 6 2.870000
 7 2.850000
 8 2.860000
 9 2.870000
 10 2.850000
 11 2.880000
 12 2.850000
 13 2.840000
 14 2.800000
 15 2.830000
 16 2.800000
 17 2.820000
 18 2.840000
 19 3.310000
 20 2.760000
 21 2.730000
 22 2.750000
 23 2.720000
 24 2.740000
 25 2.760000
 26 2.750000
 27 2.760000
 28 2.760000
 29 2.760000
 30 2.730000
 31 2.730000
 32 2.700000
 33 2.700000
 34 2.700000
 35 2.700000
 36 2.800000
 37 3.280000
 38 3.260000
 39 3.150000
 40 2.700000
 41 2.710000
 42 2.700000
 43 2.690000
 44 2.690000
 45 2.720000
 46 2.700000
 47 2.700000
 48 2.700000
 49 2.690000
 50 2.650000
 51 2.660000
 52 2.660000
 53 2.660000
 54 2.700000
 55 3.170000
 56 3.180000
 57 2.650000
 58 2.600000
 59 2.600000
 60 2.630000
 61 2.590000
 62 2.640000
 63 2.630000
 64 2.600000
 65 2.630000
 66 2.630000
 67 2.600000
 68 2.630000
 69 2.590000
 70 2.600000
 71 2.580000
 72 2.600000
 73 2.610000
 74 2.590000
 75 2.570000
 76 2.640000
 77 2.800000
 78 3.150000
 79 3.150000
 80 3.150000
 81 3.160000
 82 3.180000
 83 3.140000
 84 3.270000
 85 3.290000
 86 3.320000
 87 3.330000
 88 3.320000
 89 3.360000
 90 3.350000
 91 3.370000
 92 3.390000
 93 3.480000
 94 3.590000
 95 3.550000
 96 3.430000
 97 3.480000
 98 3.590000
 99 3.550000
 100 3.580000
 101 3.580000
 102 3.640000
 103 3.590000
 104 3.590000
 105 3.560000
 106 3.560000
 107 3.590000
 108 3.560000
 109 3.590000
 110 3.560000
 111 3.590000
 112 3.670000
 113 3.650000
 114 3.600000
 115 3.600000
 116 3.510000
 117 3.590000
 118 3.620000
 119 3.540000
 120 3.510000
 121 3.510000
 122 3.410000
 123 3.380000
 124 3.490000
 125 3.510000
 126 3.380000
 127 3.400000
 128 3.410000
 129 3.380000
 130 3.380000
 131 3.410000
 132 3.410000
 133 3.470000
 134 3.480000
 135 3.470000
 136 3.500000
 137 3.410000
 138 3.430000
 139 3.500000
 140 3.470000
 141 3.510000
 142 3.430000
 143 3.410000
 144 3.530000
 145 3.500000
 146 3.370000
 147 3.370000
 148 3.470000
 149 3.450000
 150 3.450000
 151 3.360000
 152 4.700000
 153 4.700000
 154 4.700000
 155 4.700000
 156 4.700000
 157 4.730000
 158 4.730000
 159 4.700000
 160 4.690000
 161 4.080000
 162 4.090000
 163 4.730000
 164 4.730000
 165 4.730000
 166 4.730000
 167 4.750000
 168 4.750000
 169 4.750000
 170 4.730000
 171 4.750000
 172 4.750000
 173 4.750000
 174 1.510000
 175 1.570000
 176 1.550000
 177 1.550000
 178 1.540000
 179 1.550000
 180 1.550000
 181 1.550000
 182 1.520000
 183 1.520000
 184 1.520000
 185 1.520000
 186 1.530000
 187 1.530000
 188 1.520000
 189 1.520000
 190 1.500000
 191 1.500000
 192 1.500000
 193 1.500000
 194 1.500000
 195 1.500000
 196 1.500000
 197 1.500000
 198 1.470000
 199 1.500000
 200 1.480000
 201 1.480000
 202 1.480000
 203 1.500000
 204 1.470000
 205 1.470000
 206 1.470000
 207 1.470000
 208 1.480000
 209 1.450000
 210 1.480000
 211 1.480000
 212 1.450000
 213 1.480000
 214 1.470000
 215 1.470000
 216 1.460000
 217 1.460000
 218 1.440000
 219 1.450000
 220 1.450000
 221 1.450000
 222 1.450000
 223 1.460000
 224 1.470000
 225 1.470000
 226 1.450000
 227 1.450000
 228 1.470000
 229 1.440000
 230 1.440000
 231 1.440000
 232 1.440000
 233 1.440000
 234 1.430000
 235 1.450000
 236 1.500000
 237 1.520000
 238 3.690000
 239 3.800000
 240 4.460000
 241 2.060000
 242 1.990000
 243 1.990000
 244 1.990000
 245 1.990000
 246 1.990000
 247 1.990000
 248 1.990000
 249 1.990000
 250 2.000000
 251 2.060000
 252 2.500000
 253 2.570000
 254 2.550000
 255 2.550000
 256 2.550000
 257 2.570000
 258 2.510000
 259 2.570000
 260 2.650000
 261 3.780000
 262 4.450000
 263 3.670000
 264 3.650000
 265 3.620000
 266 3.570000
 267 3.640000
 268 3.670000
 269 3.690000
 270 3.710000
 271 3.730000
 272 3.720000
 273 3.750000
 274 3.740000
 275 4.380000
 276 3.570000
 277 3.560000
 278 3.590000
 279 1.540000
 280 1.400000
 281 1.390000
 282 1.390000
 283 1.390000
 284 1.390000
 285 1.400000
 286 1.400000
 287 1.400000
 288 1.420000
 289 1.400000
 290 1.370000
 291 1.390000
 292 1.380000
 293 1.390000
 294 4.550000
 295 4.390000
 296 4.420000
 297 4.380000
 298 4.320000
 299 4.250000
 300 4.230000
 301 4.200000
 302 4.270000
 303 4.310000
 304 4.290000
 305 4.360000
 306 4.390000
 307 4.420000
 308 4.420000
 309 4.420000
 310 4.420000
 311 4.450000
 312 3.480000
 313 3.440000
 314 3.460000
 315 3.470000
 316 3.480000
 317 2.580000
 318 2.540000
 319 2.540000
 320 2.540000
 321 2.550000
 322 2.550000
 323 2.540000
 324 2.160000
 325 2.020000
 326 1.980000
 327 1.990000
 328 1.960000
 329 1.990000
 330 1.990000
 331 1.960000
 332 1.990000
 333 1.990000
 334 2.000000
 335 4.160000
 336 1.490000
 337 1.480000
 338 1.440000
 339 1.440000
 340 1.440000
 341 1.410000
 342 1.450000
 343 1.450000
 344 1.450000
 345 1.450000
 346 1.450000
 347 1.450000
 348 1.450000
 349 1.460000
 350 1.440000
 351 1.440000
 352 1.510000
 353 1.510000
 354 1.600000
 355 1.680000
 356 1.650000
 357 1.630000
 358 1.630000
 359 1.600000
 360 1.600000
 361 1.610000
 362 1.590000
 363 1.590000
 364 1.600000
 365 1.600000
 366 1.620000
 367 1.580000
 368 1.600000
 369 1.600000
 370 1.600000
 371 1.600000
 372 1.600000
 373 1.610000
 374 1.610000
 375 1.600000
 376 1.610000
 377 1.600000
 378 1.600000
 379 1.600000
 380 1.620000
 381 1.630000
 382 1.630000
 383 1.630000
 384 1.630000
 385 1.610000
 386 1.620000
 387 1.620000
 388 1.650000
 389 1.670000
 390 1.660000
 391 1.660000
 392 1.630000
 393 1.630000
 394 1.630000
 395 1.680000
 396 1.660000
 397 1.700000
 398 1.670000
 399 1.730000
 400 1.710000
 401 2.950000
 402 1.810000
 403 1.760000
 404 1.770000
 405 1.800000
 406 1.780000
 407 2.980000
 408 3.020000
 409 2.980000
 410 3.040000
 411 2.980000
 412 3.100000
 413 3.060000
 414 3.030000
 415 3.040000
 416 3.000000
 417 3.040000
 418 3.060000
 419 3.080000
 420 3.100000
 421 3.090000
 422 3.080000
 423 3.060000
 424 3.040000
 425 3.080000
 426 3.190000
 427 3.070000
 428 3.090000
 429 3.210000
 430 3.180000
 431 3.210000
 432 3.230000
 433 3.230000
 434 3.210000
 435 3.180000
 436 3.220000
 437 3.210000
 438 3.230000
 439 3.230000
 440 3.230000
 441 3.240000
 442 3.260000
 443 3.290000
 444 3.260000
 445 3.260000
 446 3.280000
 447 3.210000
 448 3.270000
 449 3.270000
 450 3.240000
 451 3.230000
 452 3.260000
 453 3.230000
 454 3.230000
 455 3.240000
 456 3.240000
 457 3.220000
 458 3.230000
 459 3.220000
 460 3.220000
 461 3.240000
 462 3.160000
 463 3.170000
 464 3.150000
 465 4.490000
 466 4.190000
 467 4.120000
 468 4.140000
 469 3.080000
 470 3.090000
 471 3.080000
 472 3.090000
 473 3.260000
 474 3.410000
 475 3.720000
 476 3.610000
 477 3.560000
 478 3.560000
 479 3.560000
 480 3.560000
 481 3.560000
 482 3.590000
 483 3.590000
 484 3.590000
 485 3.590000
 486 3.310000
 487 3.540000
 488 3.610000
 489 3.610000
 490 3.610000
 491 3.610000
 492 3.610000
 493 3.540000
 494 3.540000
 495 3.540000
 496 3.540000
 497 3.560000
 498 3.590000
 499 3.590000
 500 3.590000
 501 3.590000
 502 3.610000
 503 3.610000
 504 3.610000
 505 3.610000
 506 3.610000
 507 3.610000
 508 3.610000
 509 3.640000
 510 3.640000
 511 3.660000
 512 3.640000
 513 3.660000
 514 3.640000
 515 3.660000
 516 3.620000
 517 3.540000
 518 3.530000
 519 3.240000
 520 3.080000
 521 3.070000
 522 3.380000
 523 3.350000
 524 3.330000
 525 2.970000
 526 2.970000
 527 2.950000
 528 2.950000
 529 2.900000
 530 2.900000
 531 2.970000
 532 2.950000
 533 2.910000
 534 2.910000
 535 2.900000
 536 2.990000
 537 2.950000
 538 2.970000
 539 2.970000
 540 3.000000
 541 2.970000
 542 3.000000
 543 3.020000
 544 2.970000
 545 2.970000
 546 2.970000
 547 2.970000
 548 2.960000
 549 2.990000
 550 2.960000
 551 2.970000
 552 3.020000
 553 2.730000
 554 2.690000
 555 2.670000
 556 2.630000
 557 2.670000
 558 2.650000
 559 2.650000
 560 2.650000
 561 2.510000
 562 2.600000
 563 2.570000
 564 2.570000
 565 2.570000
 566 2.400000
 567 2.520000
 568 2.500000
 569 2.490000
 570 2.420000
 571 2.410000
 572 2.420000
 573 2.310000
 574 2.290000
 575 2.270000
 576 2.260000
 577 2.210000
 578 2.240000
 579 2.250000
 580 2.190000
 581 2.200000
 582 2.060000
 583 2.140000
 584 2.080000
 585 2.120000
 586 2.100000
 587 2.070000
 588 2.060000
 589 1.990000
 590 2.120000
 591 2.020000
 592 2.050000
 593 2.050000
 594 2.000000
 595 2.000000
 596 2.000000
 597 1.860000
 598 1.970000
 599 2.000000
 600 1.980000
 601 1.850000
 602 1.950000
 603 1.920000
 604 1.930000
 605 1.780000
 606 1.770000
 607 1.760000
 608 1.880000
 609 1.820000
 610 1.820000
 611 1.720000
 612 1.800000
 613 1.800000
 614 1.660000
 615 1.660000
 616 1.750000
 617 1.750000
 618 1.720000
 619 1.700000
 620 1.720000
 621 1.700000
 622 1.700000
 623 1.670000
 624 1.670000
 625 1.650000
 626 1.650000
 627 1.590000
 628 1.540000
 629 1.540000
 630 1.550000
 631 1.550000
 632 1.520000
 633 1.560000
 634 1.410000
 635 1.410000
 636 1.430000
 637 1.380000
 638 1.420000
 639 1.360000
 640 1.370000
 641 1.360000
 642 1.820000
 643 1.330000
 644 1.720000
 645 1.360000
 646 1.290000
 647 1.330000
 648 1.310000
 649 1.310000
 650 1.980000
 651 1.350000
 652 1.260000
 653 1.390000
 654 1.360000
 655 1.420000
 656 1.340000
 657 1.340000
 658 1.260000
 659 1.340000
 660 1.310000
 661 1.260000
 662 1.260000
 663 1.330000
 664 1.390000
 665 1.420000
 666 1.340000
 667 1.240000
 668 1.240000
 669 1.360000
 670 1.340000
 671 1.230000
 672 1.310000
 673 1.290000
 674 1.310000
 675 1.310000
 676 1.340000
 677 1.200000
 678 1.220000
 679 1.220000
 680 1.230000
 681 1.290000
 682 1.310000
 683 1.210000
 684 1.260000
 685 1.180000
 686 1.280000
 687 1.250000
 688 1.200000
 689 1.150000
 690 1.180000
 691 1.160000
 692 1.150000
 693 1.140000
 694 1.140000
 695 1.160000
 696 1.120000
 697 6.720000
 698 6.740000
 699 6.720000
 700 6.690000
 701 6.670000
 702 6.650000
 703 5.710000
 704 6.620000
 705 6.600000
 706 6.600000
 707 5.070000
 708 6.570000
 709 6.550000
 710 6.530000
 711 6.500000
 712 6.510000
 713 6.480000
 714 6.460000
 715 6.460000
 716 6.460000
 717 6.460000
 718 5.470000
 719 5.650000
 720 0.790000
 721 0.780000
 722 0.810000
 723 0.790000
 724 0.780000
 725 0.770000
 726 0.780000
 727 0.780000
 728 0.780000
 729 0.780000
 730 0.810000
 731 0.790000
 732 0.790000
 733 0.810000
 734 0.810000
 735 0.810000
 736 0.810000
 737 0.810000
 738 0.840000
 739 0.840000
 740 0.860000
 741 0.840000
 742 0.840000
 743 0.860000
 744 0.860000
 745 0.860000
 746 0.890000
 747 0.890000
 748 0.890000
 749 0.910000
 750 0.910000
 751 0.890000
 752 0.910000
 753 0.940000
 754 0.940000
 755 0.940000
 756 0.960000
 757 0.940000
 758 0.960000
 759 0.960000
 760 0.970000
 0 2.880000
 1 2.850000
 2 2.880000
 3 2.890000
 4 2.900000
 5 2.870000
 6 2.850000
 7 2.850000
 8 2.860000
 9 2.850000
 10 2.870000
 11 2.850000
 12 2.850000
 13 2.840000
 14 2.830000
 15 2.830000
 16 2.800000
 17 2.800000
 18 2.830000
 19 3.310000
 20 2.730000
 21 2.750000
 22 2.730000
 23 2.750000
 24 2.740000
 25 2.740000
 26 2.750000
 27 2.760000
 28 2.760000
 29 2.760000
 30 2.750000
 31 2.730000
 32 2.700000
 33 2.700000
 34 2.700000
 35 2.700000
 36 2.800000
 37 3.280000
 38 3.240000
 39 3.120000
 40 2.730000
 41 2.710000
 42 2.690000
 43 2.690000
 44 2.710000
 45 2.720000
 46 2.700000
 47 2.700000
 48 2.700000
 49 2.690000
 50 2.680000
 51 2.690000
 52 2.660000
 53 2.690000
 54 2.700000
 55 3.170000
 56 3.150000
 57 2.650000
 58 2.630000
 59 2.630000
 60 2.600000
 61 2.610000
 62 2.640000
 63 2.600000
 64 2.630000
 65 2.630000
 66 2.630000
 67 2.600000
 68 2.600000
 69 2.610000
 70 2.600000
 71 2.600000
 72 2.600000
 73 2.590000
 74 2.610000
 75 2.600000
 76 2.620000
 77 2.800000
 78 3.150000
 79 3.150000
 80 3.130000
 81 3.160000
 82 3.160000
 83 3.170000
 84 3.270000
 85 3.290000
 86 3.290000
 87 3.300000
 88 3.310000
 89 3.330000
 90 3.320000
 91 3.370000
 92 3.370000
 93 3.480000
 94 3.560000
 95 3.550000
 96 3.530000
 97 3.480000
 98 3.590000
 99 3.580000
 100 3.580000
 101 3.580000
 102 3.610000
 103 3.610000
 104 3.590000
 105 3.590000
 106 3.540000
 107 3.610000
 108 3.540000
 109 3.590000
 110 3.560000
 111 3.590000
 112 3.700000
 113 3.670000
 114 3.600000
 115 3.600000
 116 3.540000
 117 3.590000
 118 3.620000
 119 3.540000
 120 3.510000
 121 3.510000
 122 3.410000
 123 3.360000
 124 3.490000
 125 3.510000
 126 3.380000
 127 3.400000
 128 3.380000
 129 3.380000
 130 3.380000
 131 3.410000
 132 3.410000
 133 3.480000
 134 3.470000
 135 3.500000
 136 3.480000
 137 3.410000
 138 3.410000
 139 3.510000
 140 3.480000
 141 3.510000
 142 3.430000
 143 3.430000
 144 3.530000
 145 3.500000
 146 3.370000
 147 3.400000
 148 3.470000
 149 3.450000
 150 3.420000
 151 3.380000
 152 4.700000
 153 4.700000
 154 4.730000
 155 4.730000
 156 4.700000
 157 4.730000
 158 4.700000
 159 4.720000
 160 4.710000
 161 4.080000
 162 4.090000
 163 4.730000
 164 4.730000
 165 4.730000
 166 4.750000
 167 4.730000
 168 4.750000
 169 4.750000
 170 4.750000
 171 4.750000
 172 4.750000
 173 4.750000
 174 1.530000
 175 1.540000
 176 1.550000
 177 1.530000
 178 1.540000
 179 1.540000
 180 1.550000
 181 1.550000
 182 1.520000
 183 1.550000
 184 1.520000
 185 1.520000
 186 1.520000
 187 1.500000
 188 1.500000
 189 1.500000
 190 1.500000
 191 1.500000
 192 1.520000
 193 1.500000
 194 1.500000
 195 1.500000
 196 1.500000
 197 1.470000
 198 1.500000
 199 1.470000
 200 1.480000
 201 1.480000
 202 1.500000
 203 1.470000
 204 1.480000
 205 1.470000
 206 1.470000
 207 1.470000
 208 1.480000
 209 1.450000
 210 1.480000
 211 1.450000
 212 1.480000
 213 1.450000
 214 1.450000
 215 1.450000
 216 1.460000
 217 1.460000
 218 1.460000
 219 1.450000
 220 1.430000
 221 1.450000
 222 1.450000
 223 1.490000
 224 1.450000
 225 1.470000
 226 1.450000
 227 1.470000
 228 1.450000
 229 1.460000
 230 1.440000
 231 1.440000
 232 1.440000
 233 1.410000
 234 1.450000
 235 1.450000
 236 1.470000
 237 1.500000
 238 3.690000
 239 3.800000
 240 4.460000
 241 2.080000
 242 1.990000
 243 1.970000
 244 1.960000
 245 1.990000
 246 1.990000
 247 1.990000
 248 1.990000
 249 1.990000
 250 2.000000
 251 2.030000
 252 2.450000
 253 2.550000
 254 2.550000
 255 2.550000
 256 2.550000
 257 2.550000
 258 2.540000
 259 2.550000
 260 2.620000
 261 3.780000
 262 4.480000
 263 3.690000
 264 3.630000
 265 3.650000
 266 3.560000
 267 3.640000
 268 3.680000
 269 3.690000
 270 3.710000
 271 3.690000
 272 3.700000
 273 3.730000
 274 3.710000
 275 4.400000
 276 3.570000
 277 3.560000
 278 3.590000
 279 1.540000
 280 1.410000
 281 1.390000
 282 1.390000
 283 1.390000
 284 1.390000
 285 1.400000
 286 1.400000
 287 1.400000
 288 1.400000
 289 1.370000
 290 1.370000
 291 1.390000
 292 1.400000
 293 1.440000
 294 4.550000
 295 4.390000
 296 4.400000
 297 4.380000
 298 4.320000
 299 4.250000
 300 4.230000
 301 4.200000
 302 4.270000
 303 4.280000
 304 4.290000
 305 4.360000
 306 4.390000
 307 4.400000
 308 4.450000
 309 4.450000
 310 4.420000
 311 4.420000
 312 3.480000
 313 3.440000
 314 3.440000
 315 3.450000
 316 3.480000
 317 2.580000
 318 2.540000
 319 2.540000
 320 2.540000
 321 2.550000
 322 2.550000
 323 2.560000
 324 2.190000
 325 2.020000
 326 1.980000
 327 1.990000
 328 1.990000
 329 1.990000
 330 1.990000
 331 1.990000
 332 1.960000
 333 1.990000
 334 2.000000
 335 4.160000
 336 1.520000
 337 1.460000
 338 1.440000
 339 1.440000
 340 1.440000
 341 1.440000
 342 1.450000
 343 1.450000
 344 1.420000
 345 1.470000
 346 1.450000
 347 1.450000
 348 1.450000
 349 1.440000
 350 1.440000
 351 1.440000
 352 1.510000
 353 1.490000
 354 1.600000
 355 1.680000
 356 1.650000
 357 1.630000
 358 1.630000
 359 1.600000
 360 1.600000
 361 1.590000
 362 1.590000
 363 1.600000
 364 1.600000
 365 1.600000
 366 1.590000
 367 1.600000
 368 1.580000
 369 1.580000
 370 1.600000
 371 1.610000
 372 1.600000
 373 1.610000
 374 1.600000
 375 1.610000
 376 1.600000
 377 1.610000
 378 1.630000
 379 1.610000
 380 1.630000
 381 1.620000
 382 1.630000
 383 1.620000
 384 1.630000
 385 1.620000
 386 1.640000
 387 1.650000
 388 1.630000
 389 1.640000
 390 1.640000
 391 1.620000
 392 1.670000
 393 1.630000
 394 1.630000
 395 1.660000
 396 1.660000
 397 1.690000
 398 1.700000
 399 1.730000
 400 1.740000
 401 2.950000
 402 1.780000
 403 1.800000
 404 1.770000
 405 1.770000
 406 1.760000
 407 2.980000
 408 3.020000
 409 2.980000
 410 2.980000
 411 2.980000
 412 3.100000
 413 3.040000
 414 3.040000
 415 3.050000
 416 3.000000
 417 2.990000
 418 3.050000
 419 3.060000
 420 3.100000
 421 3.080000
 422 3.050000
 423 3.080000
 424 3.070000
 425 3.060000
 426 3.210000
 427 3.110000
 428 3.090000
 429 3.180000
 430 3.210000
 431 3.180000
 432 3.230000
 433 3.230000
 434 3.210000
 435 3.200000
 436 3.220000
 437 3.210000
 438 3.240000
 439 3.230000
 440 3.260000
 441 3.240000
 442 3.260000
 443 3.290000
 444 3.260000
 445 3.260000
 446 3.260000
 447 3.210000
 448 3.270000
 449 3.270000
 450 3.270000
 451 3.240000
 452 3.260000
 453 3.230000
 454 3.230000
 455 3.240000
 456 3.240000
 457 3.220000
 458 3.220000
 459 3.240000
 460 3.220000
 461 3.240000
 462 3.180000
 463 3.170000
 464 3.150000
 465 4.470000
 466 4.190000
 467 4.120000
 468 4.140000
 469 3.110000
 470 3.120000
 471 3.080000
 472 3.090000
 473 3.230000
 474 3.410000
 475 3.700000
 476 3.610000
 477 3.560000
 478 3.560000
 479 3.560000
 480 3.560000
 481 3.590000
 482 3.590000
 483 3.590000
 484 3.590000
 485 3.590000
 486 3.290000
 487 3.560000
 488 3.590000
 489 3.590000
 490 3.610000
 491 3.610000
 492 3.610000
 493 3.540000
 494 3.540000
 495 3.560000
 496 3.560000
 497 3.560000
 498 3.560000
 499 3.560000
 500 3.560000
 501 3.560000
 502 3.590000
 503 3.590000
 504 3.590000
 505 3.610000
 506 3.640000
 507 3.610000
 508 3.610000
 509 3.640000
 510 3.640000
 511 3.640000
 512 3.660000
 513 3.640000
 514 3.640000
 515 3.660000
 516 3.610000
 517 3.560000
 518 3.540000
 519 3.210000
 520 3.080000
 521 3.090000
 522 3.380000
 523 3.350000
 524 3.330000
 525 2.970000
 526 2.950000
 527 2.950000
 528 2.950000
 529 2.870000
 530 2.900000
 531 2.950000
 532 2.950000
 533 2.930000
 534 2.880000
 535 2.910000
 536 2.990000
 537 2.930000
 538 2.970000
 539 2.970000
 540 2.970000
 541 2.970000
 542 2.970000
 543 3.020000
 544 2.970000
 545 2.970000
 546 3.000000
 547 2.970000
 548 2.960000
 549 2.960000
 550 2.960000
 551 2.970000
 552 3.020000
 553 2.730000
 554 2.690000
 555 2.690000
 556 2.630000
 557 2.700000
 558 2.650000
 559 2.650000
 560 2.620000
 561 2.480000
 562 2.600000
 563 2.600000
 564 2.600000
 565 2.570000
 566 2.430000
 567 2.550000
 568 2.500000
 569 2.490000
 570 2.410000
 571 2.420000
 572 2.400000
 573 2.340000
 574 2.290000
 575 2.290000
 576 2.290000
 577 2.240000
 578 2.210000
 579 2.250000
 580 2.200000
 581 2.200000
 582 2.080000
 583 2.140000
 584 2.100000
 585 2.170000
 586 2.100000
 587 2.100000
 588 2.080000
 589 1.980000
 590 2.100000
 591 2.020000
 592 2.050000
 593 2.020000
 594 2.020000
 595 2.000000
 596 2.000000
 597 1.860000
 598 1.970000
 599 1.880000
 600 1.980000
 601 1.830000
 602 1.980000
 603 1.930000
 604 1.780000
 605 1.780000
 606 1.750000
 607 1.880000
 608 1.850000
 609 1.850000
 610 1.710000
 611 1.720000
 612 1.800000
 613 1.800000
 614 1.680000
 615 1.770000
 616 1.750000
 617 1.750000
 618 1.750000
 619 1.700000
 620 1.750000
 621 1.670000
 622 1.700000
 623 1.650000
 624 1.670000
 625 1.650000
 626 1.650000
 627 1.560000
 628 1.560000
 629 1.550000
 630 1.580000
 631 1.550000
 632 1.520000
 633 1.560000
 634 1.410000
 635 1.410000
 636 1.410000
 637 1.380000
 638 1.400000
 639 1.380000
 640 1.400000
 641 1.360000
 642 1.900000
 643 1.330000
 644 1.750000
 645 1.360000
 646 1.320000
 647 1.330000
 648 1.270000
 649 1.310000
 650 1.970000
 651 1.340000
 652 1.310000
 653 1.390000
 654 1.390000
 655 1.530000
 656 1.340000
 657 1.340000
 658 1.260000
 659 1.310000
 660 1.290000
 661 1.230000
 662 1.260000
 663 1.330000
 664 1.410000
 665 1.400000
 666 1.340000
 667 1.270000
 668 1.270000
 669 1.360000
 670 1.360000
 671 1.230000
 672 1.310000
 673 1.290000
 674 1.310000
 675 1.310000
 676 1.340000
 677 1.220000
 678 1.220000
 679 1.220000
 680 1.230000
 681 1.310000
 682 1.310000
 683 1.210000
 684 1.290000
 685 1.180000
 686 1.280000
 687 1.220000
 688 1.200000
 689 1.170000
 690 1.150000
 691 1.180000
 692 1.150000
 693 1.140000
 694 1.130000
 695 1.150000
 696 1.150000
 697 6.720000
 698 6.720000
 699 6.690000
 700 6.690000
 701 6.640000
 702 6.650000
 703 5.680000
 704 6.600000
 705 6.600000
 706 6.570000
 707 5.070000
 708 6.570000
 709 6.520000
 710 6.520000
 711 6.510000
 712 6.510000
 713 6.510000
 714 6.490000
 715 6.460000
 716 6.440000
 717 6.460000
 718 5.470000
 719 5.650000
 720 0.790000
 721 0.810000
 722 0.780000
 723 0.780000
 724 0.800000
 725 0.790000
 726 0.800000
 727 0.810000
 728 0.770000
 729 0.780000
 730 0.790000
 731 0.810000
 732 0.810000
 733 0.810000
 734 0.810000
 735 0.840000
 736 0.810000
 737 0.810000
 738 0.840000
 739 0.840000
 740 0.860000
 741 0.840000
 742 0.860000
 743 0.860000
 744 0.860000
 745 0.890000
 746 0.890000
 747 0.890000
 748 0.910000
 749 0.910000
 750 0.910000
 751 0.910000
 752 0.940000
 753 0.910000
 754 0.940000
 755 0.940000
 756 0.960000
 757 0.960000
 758 0.960000
 759 0.970000
 760 0.960000