
 0 0.170000
 1 0.180000
 2 0.310000
 3 0.260000
 4 0.230000
 5 0.210000
 6 0.230000
 7 0.280000
 8 0.180000
 9 0.160000
 10 0.290000
 11 0.370000
 12 0.050000
 13 2.840000
 14 2.840000
 15 2.810000
 16 2.810000
 17 2.810000
 18 2.790000
 19 2.810000
 20 2.780000
 21 1.150000
 22 1.120000
 23 1.120000
 24 1.120000
 25 1.130000
 26 1.100000
 27 1.110000
 28 1.110000
 29 1.110000
 30 1.110000
 31 1.110000
 32 1.110000
 33 1.120000
 34 1.100000
 35 1.120000
 36 1.110000
 37 1.130000
 38 1.130000
 39 1.130000
 40 1.130000
 41 1.160000
 42 1.160000
 43 1.150000
 44 1.230000
 45 2.110000
 46 2.540000
 47 2.690000
 48 2.570000
 49 2.580000
 50 2.580000
 51 2.580000
 52 2.600000
 53 2.660000
 54 2.720000
 55 2.750000
 56 2.710000
 57 2.710000
 58 2.740000
 59 2.710000
 60 2.310000
 61 2.240000
 62 2.240000
 63 2.260000
 64 2.220000
 65 2.210000
 66 2.230000
 67 2.240000
 68 2.240000
 69 2.250000
 70 2.300000
 71 2.330000
 72 2.310000
 73 2.260000
 74 2.260000
 75 2.300000
 76 2.280000
 77 2.280000
 78 2.280000
 79 2.300000
 80 2.280000
 81 2.300000
 82 2.280000
 83 2.280000
 84 2.280000
 85 2.280000
 86 2.300000
 87 2.290000
 88 2.360000
 89 2.390000
 90 2.410000
 91 2.390000
 92 2.450000
 93 2.450000
 94 2.450000
 95 2.470000
 96 2.500000
 97 2.500000
 98 2.540000
 99 2.560000
 100 2.590000
 101 2.650000
 102 2.650000
 103 2.670000
 104 2.640000
 105 2.590000
 106 2.550000
 107 2.530000
 108 2.330000
 109 2.300000
 110 2.290000
 111 2.280000
 112 2.250000
 113 2.280000
 114 2.260000
 115 2.280000
 116 2.310000
 117 2.380000
 118 2.610000
 119 2.600000
 120 2.690000
 121 2.760000
 122 2.690000
 123 2.460000
 124 2.260000
 125 2.140000
 126 2.110000
 127 2.100000
 128 2.090000
 129 2.120000
 130 2.120000
 131 2.120000
 132 2.430000
 133 2.390000
 134 2.500000
 135 2.630000
 136 2.590000
 137 2.510000
 138 2.510000
 139 2.510000
 140 2.550000
 141 2.680000
 142 2.530000
 143 2.560000
 144 2.550000
 145 2.620000
 146 2.780000
 147 2.760000
 148 2.710000
 149 2.770000
 150 2.710000
 151 2.510000
 152 2.510000
 153 2.520000
 154 2.510000
 155 2.610000
 156 2.610000
 157 2.760000
 158 2.860000
 159 2.890000
 160 2.880000
 161 2.880000
 162 2.880000
 163 2.880000
 164 2.880000
 165 2.910000
 166 2.910000
 167 2.910000
 168 2.880000
 169 2.910000
 170 2.910000
 171 2.910000
 172 2.930000
 173 2.930000
 174 2.930000
 175 2.910000
 176 2.930000
 177 2.930000
 178 2.930000
 179 2.930000
 180 2.960000
 181 2.960000
 182 2.910000
 183 2.960000
 184 2.960000
 185 2.960000
 186 2.970000
 187 2.910000
 188 2.860000
 189 2.900000
 190 3.000000
 191 2.950000
 192 2.970000
 193 2.940000
 194 2.480000
 195 2.380000
 196 2.380000
 197 2.360000
 198 2.350000
 199 2.420000
 200 2.370000
 201 2.390000
 202 2.390000
 203 2.910000
 204 2.680000
 205 2.340000
 206 2.270000
 207 2.220000
 208 2.230000
 209 2.220000
 210 2.210000
 211 2.240000
 212 2.210000
 213 2.180000
 214 2.180000
 215 2.140000
 216 2.860000
 217 2.910000
 218 2.890000
 219 2.880000
 220 2.860000
 221 2.860000
 222 2.860000
 223 2.880000
 224 2.900000
 225 2.890000
 226 2.890000
 227 2.930000
 228 2.930000
 229 2.930000
 230 2.960000
 231 2.980000
 232 2.980000
 233 2.980000
 234 2.960000
 235 2.980000
 236 2.940000
 237 2.940000
 238 2.920000
 239 2.890000
 240 2.900000
 241 2.700000
 242 2.700000
 243 2.830000
 244 2.810000
 245 2.830000
 246 2.830000
 247 2.860000
 248 2.860000
 249 2.880000
 250 2.880000
 251 2.880000
 252 2.910000
 253 2.910000
 254 2.910000
 255 2.930000
 256 2.960000
 257 2.830000
 258 2.650000
 259 2.620000
 260 2.650000
 261 2.650000
 262 2.670000
 263 2.670000
 264 2.700000
 265 2.720000
 266 2.720000
 267 2.750000
 268 2.750000
 269 2.780000
 270 2.800000
 271 2.800000
 272 2.830000
 273 2.850000
 274 2.870000
 275 2.870000
 276 2.900000
 277 2.900000
 278 2.920000
 279 2.950000
 280 3.000000
 281 2.990000
 282 3.010000
 283 3.010000
 284 3.040000
 285 3.060000
 286 3.080000
 287 1.300000
 288 1.320000
 289 1.290000
 290 1.320000
 291 1.290000
 292 1.280000
 293 1.260000
 294 1.260000
 295 1.270000
 296 1.270000
 297 1.270000
 298 1.280000
 299 1.310000
 300 1.310000
 301 1.320000
 302 1.320000
 303 1.320000
 304 1.310000
 305 1.310000
 306 1.310000
 307 1.310000
 308 1.340000
 309 1.310000
 310 1.310000
 311 1.330000
 312 1.330000
 313 1.330000
 314 1.330000
 315 1.340000
 316 1.340000
 317 1.340000
 318 1.330000
 319 1.340000
 320 1.320000
 321 1.320000
 322 1.300000
 323 1.320000
 324 1.300000
 325 1.320000
 326 1.320000
 327 1.320000
 328 1.320000
 329 1.300000
 330 1.310000
 331 1.320000
 332 1.370000
 333 1.430000
 334 1.870000
 335 1.870000
 336 1.860000
 337 1.860000
 338 1.860000
 339 1.860000
 340 1.860000
 341 1.870000
 342 2.040000
 343 2.410000
 344 2.410000
 345 2.410000
 346 2.430000
 347 2.510000
 348 3.480000
 349 3.540000
 350 3.250000
 351 3.230000
 352 3.210000
 353 3.200000
 354 3.230000
 355 3.270000
 356 2.760000
 357 2.790000
 358 2.790000
 359 2.800000
 360 2.760000
 361 2.730000
 362 2.770000
 363 2.740000
 364 2.710000
 365 2.720000
 366 2.730000
 367 2.720000
 368 2.710000
 369 2.710000
 370 2.720000
 371 2.710000
 372 2.690000
 373 2.430000
 374 2.440000
 375 2.010000
 376 1.860000
 377 1.840000
 378 1.860000
 379 1.880000
 380 1.400000
 381 1.300000
 382 1.310000
 383 1.310000
 384 1.310000
 385 1.310000
 386 1.290000
 387 1.290000
 388 1.290000
 389 1.290000
 390 1.290000
 391 1.310000
 392 1.310000
 393 1.310000
 394 1.300000
 395 2.600000
 396 2.630000
 397 2.600000
 398 2.640000
 399 2.640000
 400 2.620000
 401 2.610000
 402 2.570000
 403 2.640000
 404 2.640000
 405 2.610000
 406 2.540000
 407 2.470000
 408 2.460000
 409 2.460000
 410 2.460000
 411 2.460000
 412 2.490000
 413 2.460000
 414 2.490000
 415 2.540000
 416 2.570000
 417 2.550000
 418 2.030000
 419 1.960000
 420 1.920000
 421 1.910000
 422 1.910000
 423 1.910000
 424 1.940000
 425 1.940000
 426 1.940000
 427 1.940000
 428 1.940000
 429 2.030000
 430 3.240000
 431 3.230000
 432 3.260000
 433 3.230000
 434 3.280000
 435 3.240000
 436 3.260000
 437 1.450000
 438 1.420000
 439 1.420000
 440 1.390000
 441 1.410000
 442 1.390000
 443 1.360000
 444 1.390000
 445 1.390000
 446 1.390000
 447 1.390000
 448 1.390000
 449 1.390000
 450 1.400000
 451 1.380000
 452 1.410000
 453 1.390000
 454 1.560000
 455 1.660000
 456 1.660000
 457 1.660000
 458 1.610000
 459 1.610000
 460 1.550000
 461 1.560000
 462 1.530000
 463 1.510000
 464 1.480000
 465 1.480000
 466 1.460000
 467 1.410000
 468 1.410000
 469 1.400000
 470 1.420000
 471 1.410000
 472 1.430000
 473 1.410000
 474 1.410000
 475 1.450000
 476 1.410000
 477 1.450000
 478 1.450000
 479 1.450000
 480 1.450000
 481 1.450000
 482 1.440000
 483 1.440000
 484 1.450000
 485 1.450000
 486 1.470000
 487 1.470000
 488 1.460000
 489 1.460000
 490 1.470000
 491 1.470000
 492 1.470000
 493 1.470000
 494 1.470000
 495 1.500000
 496 1.500000
 497 1.500000
 498 1.500000
 499 1.500000
 500 1.500000
 501 1.500000
 502 1.500000
 503 1.500000
 504 1.520000
 505 1.510000
 506 1.510000
 507 1.530000
 508 1.550000
 509 1.540000
 510 1.530000
 511 1.530000
 512 1.510000
 513 1.510000
 514 1.530000
 515 1.530000
 516 1.560000
 517 1.570000
 518 4.720000
 519 4.720000
 520 4.720000
 521 4.720000
 522 4.720000
 523 4.750000
 524 4.760000
 525 4.760000
 526 4.760000
 527 4.780000
 528 4.770000
 529 4.770000
 530 4.780000
 531 4.780000
 532 4.770000
 533 4.760000
 534 4.660000
 535 4.800000
 536 4.800000
 537 4.150000
 538 4.230000
 539 4.800000
 540 4.820000
 541 4.820000
 542 4.560000
 543 4.560000
 544 4.560000
 545 4.640000
 546 4.870000
 547 4.870000
 548 4.870000
 549 4.850000
 550 4.870000
 551 4.870000
 552 4.870000
 553 3.990000
 554 3.970000
 555 3.980000
 556 3.980000
 557 3.980000
 558 4.940000
 559 4.940000
 560 4.940000
 561 4.970000
 562 4.940000
 563 3.440000
 564 3.420000
 565 3.420000
 566 3.420000
 567 3.360000
 568 3.350000
 569 3.400000
 570 3.400000
 571 3.370000
 572 3.380000
 573 4.410000
 574 4.420000
 575 4.420000
 576 4.420000
 577 4.430000
 578 4.430000
 579 4.430000
 580 4.420000
 581 4.440000
 582 4.470000
 583 5.120000
 584 5.150000
 585 2.860000
 586 2.780000
 587 2.760000
 588 2.770000
 589 2.710000
 590 2.730000
 591 2.720000
 592 2.730000
 593 4.510000
 594 4.530000
 595 4.570000
 596 4.580000
 597 4.620000
 598 4.030000
 599 3.930000
 600 3.500000
 601 3.520000
 602 3.510000
 603 3.530000
 604 3.540000
 605 3.560000
 606 2.590000
 607 2.590000
 608 2.560000
 609 2.570000
 610 2.580000
 611 2.580000
 612 2.580000
 613 2.630000
 614 2.590000
 615 3.630000
 616 3.650000
 617 3.650000
 618 3.690000
 619 3.630000
 620 3.640000
 621 3.660000
 622 3.640000
 623 3.090000
 624 3.050000
 625 3.040000
 626 3.030000
 627 3.030000
 628 2.990000
 629 3.000000
 630 3.020000
 631 3.820000
 632 3.830000
 633 3.810000
 634 3.780000
 635 3.780000
 636 3.830000
 637 3.930000
 638 3.960000
 639 3.990000
 640 4.180000
 641 4.630000
 642 4.630000
 643 4.610000
 644 4.610000
 645 4.590000
 646 4.560000
 647 4.540000
 648 4.540000
 649 4.280000
 650 4.260000
 651 4.260000
 652 4.360000
 653 4.440000
 654 4.440000
 655 4.460000
 656 4.460000
 657 4.460000
 658 4.480000
 659 4.470000
 660 4.460000
 661 4.440000
 662 4.440000
 663 3.510000
 664 3.490000
 665 3.510000
 666 3.520000
 667 4.370000
 668 4.380000
 669 4.350000
 670 4.350000
 671 4.340000
 672 4.320000
 673 4.290000
 674 4.290000
 675 4.280000
 676 4.270000
 677 4.030000
 678 4.010000
 679 4.000000
 680 4.190000
 681 4.220000
 682 4.200000
 683 4.200000
 684 4.180000
 685 4.180000
 686 4.150000
 687 4.180000
 688 4.150000
 689 4.130000
 690 4.130000
 691 4.130000
 692 4.130000
 693 4.100000
 694 4.110000
 695 4.080000
 696 4.090000
 697 4.090000
 698 4.070000
 699 4.070000
 700 4.030000
 701 4.050000
 702 4.050000
 703 4.030000
 704 4.030000
 705 4.000000
 706 4.000000
 707 3.070000
 708 3.090000
 709 3.170000
 710 3.080000
 711 3.120000
 712 3.140000
 713 3.060000
 714 3.030000
 715 3.130000
 716 3.090000
 717 3.020000
 718 3.030000
 719 3.010000
 720 3.100000
 721 2.990000
 722 3.130000
 723 2.980000
 724 3.130000
 725 3.010000
 726 3.130000
 727 3.100000
 728 3.100000
 729 3.030000
 730 3.100000
 731 3.130000
 732 3.130000
 733 3.050000
 734 3.090000
 735 3.140000
 736 3.150000
 737 3.030000
 738 3.060000
 739 3.110000
 740 3.010000
 741 3.040000
 742 3.030000
 743 3.070000
 744 3.070000
 745 3.070000
 746 3.070000
 747 3.070000
 748 3.080000
 749 3.020000
 750 3.030000
 751 3.070000
 752 3.070000
 753 3.030000
 754 3.040000
 755 3.090000
 756 3.090000
 757 3.090000
 758 3.040000
 759 3.120000
 760 3.160000
 0 0.170000
 1 0.180000
 2 0.300000
 3 0.250000
 4 0.230000
 5 0.230000
 6 0.230000
 7 0.290000
 8 0.170000
 9 0.130000
 10 0.260000
 11 0.260000
 12 0.960000
 13 2.840000
 14 2.810000
 15 2.810000
 16 2.810000
 17 2.810000
 18 2.810000
 19 2.810000
 20 2.800000
 21 1.100000
 22 1.140000
 23 1.120000
 24 1.110000
 25 1.130000
 26 1.120000
 27 1.130000
 28 1.100000
 29 1.100000
 30 1.100000
 31 1.130000
 32 1.130000
 33 1.100000
 34 1.100000
 35 1.100000
 36 1.130000
 37 1.130000
 38 1.130000
 39 1.130000
 40 1.130000
 41 1.130000
 42 1.150000
 43 1.170000
 44 1.230000
 45 2.110000
 46 2.510000
 47 2.690000
 48 2.600000
 49 2.580000
 50 2.600000
 51 2.570000
 52 2.600000
 53 2.690000
 54 2.720000
 55 2.730000
 56 2.740000
 57 2.740000
 58 2.740000
 59 2.710000
 60 2.290000
 61 2.230000
 62 2.240000
 63 2.230000
 64 2.230000
 65 2.250000
 66 2.220000
 67 2.210000
 68 2.240000
 69 2.270000
 70 2.330000
 71 2.330000
 72 2.290000
 73 2.260000
 74 2.290000
 75 2.280000
 76 2.280000
 77 2.280000
 78 2.280000
 79 2.280000
 80 2.280000
 81 2.280000
 82 2.300000
 83 2.300000
 84 2.280000
 85 2.280000
 86 2.280000
 87 2.290000
 88 2.390000
 89 2.390000
 90 2.390000
 91 2.390000
 92 2.420000
 93 2.450000
 94 2.450000
 95 2.470000
 96 2.500000
 97 2.520000
 98 2.560000
 99 2.590000
 100 2.560000
 101 2.630000
 102 2.700000
 103 2.700000
 104 2.640000
 105 2.560000
 106 2.550000
 107 2.550000
 108 2.330000
 109 2.300000
 110 2.260000
 111 2.260000
 112 2.270000
 113 2.290000
 114 2.290000
 115 2.280000
 116 2.300000
 117 2.380000
 118 2.600000
 119 2.600000
 120 2.690000
 121 2.740000
 122 2.690000
 123 2.490000
 124 2.250000
 125 2.120000
 126 2.110000
 127 2.070000
 128 2.090000
 129 2.090000
 130 2.090000
 131 2.120000
 132 2.430000
 133 2.420000
 134 2.500000
 135 2.630000
 136 2.580000
 137 2.510000
 138 2.510000
 139 2.530000
 140 2.550000
 141 2.680000
 142 2.560000
 143 2.570000
 144 2.570000
 145 2.610000
 146 2.780000
 147 2.760000
 148 2.710000
 149 2.750000
 150 2.700000
 151 2.510000
 152 2.480000
 153 2.510000
 154 2.540000
 155 2.610000
 156 2.580000
 157 2.750000
 158 2.850000
 159 2.890000
 160 2.880000
 161 2.880000
 162 2.880000
 163 2.880000
 164 2.880000
 165 2.880000
 166 2.880000
 167 2.900000
 168 2.900000
 169 2.900000
 170 2.900000
 171 2.900000
 172 2.930000
 173 2.900000
 174 2.900000
 175 2.900000
 176 2.930000
 177 2.930000
 178 2.930000
 179 2.950000
 180 2.950000
 181 2.950000
 182 2.900000
 183 2.950000
 184 2.950000
 185 2.950000
 186 2.970000
 187 2.930000
 188 2.860000
 189 2.900000
 190 2.980000
 191 2.950000
 192 2.970000
 193 2.940000
 194 2.420000
 195 2.370000
 196 2.370000
 197 2.360000
 198 2.350000
 199 2.420000
 200 2.370000
 201 2.360000
 202 2.380000
 203 2.910000
 204 2.680000
 205 2.310000
 206 2.260000
 207 2.220000
 208 2.200000
 209 2.220000
 210 2.210000
 211 2.200000
 212 2.210000
 213 2.180000
 214 2.150000
 215 2.170000
 216 2.850000
 217 2.930000
 218 2.910000
 219 2.910000
 220 2.860000
 221 2.860000
 222 2.860000
 223 2.860000
 224 2.870000
 225 2.890000
 226 2.900000
 227 2.920000
 228 2.920000
 229 2.910000
 230 2.960000
 231 2.980000
 232 2.980000
 233 2.980000
 234 2.960000
 235 2.960000
 236 2.960000
 237 2.910000
 238 2.910000
 239 2.890000
 240 2.900000
 241 2.720000
 242 2.670000
 243 2.830000
 244 2.800000
 245 2.830000
 246 2.850000
 247 2.880000
 248 2.880000
 249 2.880000
 250 2.880000
 251 2.880000
 252 2.900000
 253 2.900000
 254 2.900000
 255 2.900000
 256 2.950000
 257 2.860000
 258 2.650000
 259 2.620000
 260 2.650000
 261 2.670000
 262 2.650000
 263 2.670000
 264 2.700000
 265 2.720000
 266 2.720000
 267 2.750000
 268 2.770000
 269 2.770000
 270 2.780000
 271 2.800000
 272 2.830000
 273 2.850000
 274 2.850000
 275 2.900000
 276 2.900000
 277 2.920000
 278 2.920000
 279 2.950000
 280 2.970000
 281 2.990000
 282 3.010000
 283 3.040000
 284 3.040000
 285 3.050000
 286 3.080000
 287 1.320000
 288 1.310000
 289 1.290000
 290 1.340000
 291 1.270000
 292 1.250000
 293 1.250000
 294 1.240000
 295 1.260000
 296 1.270000
 297 1.270000
 298 1.280000
 299 1.310000
 300 1.310000
 301 1.300000
 302 1.320000
 303 1.320000
 304 1.320000
 305 1.310000
 306 1.310000
 307 1.310000
 308 1.340000
 309 1.340000
 310 1.310000
 311 1.340000
 312 1.330000
 313 1.330000
 314 1.330000
 315 1.340000
 316 1.340000
 317 1.340000
 318 1.350000
 319 1.310000
 320 1.320000
 321 1.320000
 322 1.320000
 323 1.320000
 324 1.320000
 325 1.320000
 326 1.320000
 327 1.320000
 328 1.320000
 329 1.320000
 330 1.310000
 331 1.310000
 332 1.360000
 333 1.430000
 334 1.870000
 335 1.870000
 336 1.890000
 337 1.860000
 338 1.840000
 339 1.860000
 340 1.860000
 341 1.860000
 342 2.030000
 343 2.450000
 344 2.440000
 345 2.440000
 346 2.400000
 347 2.500000
 348 3.480000
 349 3.530000
 350 3.270000
 351 3.240000
 352 3.240000
 353 3.220000
 354 3.230000
 355 3.260000
 356 2.760000
 357 2.760000
 358 2.790000
 359 2.820000
 360 2.730000
 361 2.720000
 362 2.720000
 363 2.740000
 364 2.720000
 365 2.710000
 366 2.730000
 367 2.710000
 368 2.720000
 369 2.720000
 370 2.710000
 371 2.710000
 372 2.680000
 373 2.450000
 374 2.410000
 375 1.980000
 376 1.850000
 377 1.860000
 378 1.860000
 379 1.850000
 380 1.400000
 381 1.320000
 382 1.310000
 383 1.290000
 384 1.310000
 385 1.310000
 386 1.310000
 387 1.310000
 388 1.290000
 389 1.310000
 390 1.290000
 391 1.310000
 392 1.310000
 393 1.310000
 394 1.300000
 395 2.620000
 396 2.600000
 397 2.600000
 398 2.630000
 399 2.650000
 400 2.610000
 401 2.610000
 402 2.600000
 403 2.600000
 404 2.610000
 405 2.600000
 406 2.540000
 407 2.470000
 408 2.460000
 409 2.460000
 410 2.490000
 411 2.460000
 412 2.490000
 413 2.490000
 414 2.490000
 415 2.540000
 416 2.570000
 417 2.550000
 418 2.050000
 419 1.960000
 420 1.890000
 421 1.910000
 422 1.910000
 423 1.910000
 424 1.940000
 425 1.940000
 426 1.910000
 427 1.940000
 428 1.940000
 429 1.980000
 430 3.230000
 431 3.230000
 432 3.240000
 433 3.230000
 434 3.250000
 435 3.240000
 436 3.240000
 437 1.460000
 438 1.450000
 439 1.440000
 440 1.410000
 441 1.380000
 442 1.390000
 443 1.360000
 444 1.390000
 445 1.360000
 446 1.360000
 447 1.390000
 448 1.390000
 449 1.390000
 450 1.400000
 451 1.380000
 452 1.410000
 453 1.410000
 454 1.590000
 455 1.690000
 456 1.650000
 457 1.630000
 458 1.630000
 459 1.600000
 460 1.570000
 461 1.550000
 462 1.530000
 463 1.500000
 464 1.500000
 465 1.450000
 466 1.450000
 467 1.430000
 468 1.390000
 469 1.400000
 470 1.400000
 471 1.410000
 472 1.430000
 473 1.430000
 474 1.410000
 475 1.420000
 476 1.410000
 477 1.420000
 478 1.450000
 479 1.420000
 480 1.450000
 481 1.450000
 482 1.440000
 483 1.460000
 484 1.450000
 485 1.470000
 486 1.470000
 487 1.470000
 488 1.460000
 489 1.460000
 490 1.470000
 491 1.470000
 492 1.470000
 493 1.470000
 494 1.500000
 495 1.500000
 496 1.460000
 497 1.500000
 498 1.500000
 499 1.500000
 500 1.500000
 501 1.500000
 502 1.520000
 503 1.520000
 504 1.520000
 505 1.510000
 506 1.500000
 507 1.530000
 508 1.520000
 509 1.520000
 510 1.510000
 511 1.520000
 512 1.510000
 513 1.510000
 514 1.530000
 515 1.530000
 516 1.560000
 517 1.570000
 518 4.710000
 519 4.750000
 520 4.720000
 521 4.720000
 522 4.730000
 523 4.750000
 524 4.730000
 525 4.750000
 526 4.750000
 527 4.750000
 528 4.750000
 529 4.780000
 530 4.770000
 531 4.780000
 532 4.770000
 533 4.780000
 534 4.720000
 535 4.800000
 536 4.800000
 537 4.150000
 538 4.220000
 539 4.800000
 540 4.820000
 541 4.820000
 542 4.530000
 543 4.550000
 544 4.550000
 545 4.610000
 546 4.850000
 547 4.850000
 548 4.850000
 549 4.850000
 550 4.870000
 551 4.870000
 552 4.870000
 553 3.990000
 554 3.970000
 555 3.980000
 556 4.000000
 557 3.980000
 558 4.940000
 559 4.940000
 560 4.940000
 561 4.940000
 562 4.940000
 563 3.440000
 564 3.410000
 565 3.420000
 566 3.410000
 567 3.380000
 568 3.370000
 569 3.400000
 570 3.370000
 571 3.360000
 572 3.370000
 573 4.410000
 574 4.410000
 575 4.410000
 576 4.400000
 577 4.400000
 578 4.430000
 579 4.430000
 580 4.440000
 581 4.440000
 582 4.490000
 583 5.150000
 584 5.150000
 585 2.860000
 586 2.780000
 587 2.760000
 588 2.750000
 589 2.730000
 590 2.730000
 591 2.720000
 592 2.710000
 593 4.510000
 594 4.520000
 595 4.580000
 596 4.580000
 597 4.620000
 598 4.020000
 599 3.930000
 600 3.520000
 601 3.500000
 602 3.510000
 603 3.530000
 604 3.550000
 605 3.560000
 606 2.560000
 607 2.590000
 608 2.560000
 609 2.570000
 610 2.560000
 611 2.550000
 612 2.580000
 613 2.630000
 614 2.620000
 615 3.640000
 616 3.680000
 617 3.650000
 618 3.680000
 619 3.660000
 620 3.640000
 621 3.640000
 622 3.650000
 623 3.120000
 624 3.060000
 625 3.030000
 626 3.050000
 627 3.030000
 628 2.990000
 629 3.000000
 630 3.010000
 631 3.860000
 632 3.820000
 633 3.780000
 634 3.780000
 635 3.750000
 636 3.820000
 637 3.930000
 638 3.950000
 639 4.010000
 640 4.190000
 641 4.630000
 642 4.630000
 643 4.600000
 644 4.590000
 645 4.590000
 646 4.560000
 647 4.550000
 648 4.540000
 649 4.280000
 650 4.250000
 651 4.250000
 652 4.330000
 653 4.460000
 654 4.440000
 655 4.450000
 656 4.460000
 657 4.460000
 658 4.480000
 659 4.490000
 660 4.460000
 661 4.450000
 662 4.440000
 663 3.500000
 664 3.510000
 665 3.510000
 666 3.520000
 667 4.370000
 668 4.370000
 669 4.340000
 670 4.320000
 671 4.340000
 672 4.320000
 673 4.320000
 674 4.290000
 675 4.270000
 676 4.270000
 677 4.000000
 678 4.000000
 679 4.000000
 680 4.200000
 681 4.220000
 682 4.220000
 683 4.200000
 684 4.200000
 685 4.170000
 686 4.170000
 687 4.170000
 688 4.140000
 689 4.150000
 690 4.130000
 691 4.120000
 692 4.120000
 693 4.120000
 694 4.100000
 695 4.070000
 696 4.090000
 697 4.060000
 698 4.060000
 699 4.070000
 700 4.050000
 701 4.050000
 702 4.050000
 703 4.020000
 704 4.020000
 705 4.000000
 706 4.020000
 707 3.070000
 708 3.110000
 709 3.150000
 710 3.080000
 711 3.140000
 712 3.140000
 713 3.080000
 714 3.030000
 715 3.140000
 716 3.120000
 717 3.020000
 718 3.010000
 719 3.010000
 720 3.090000
 721 3.020000
 722 3.120000
 723 3.120000
 724 3.100000
 725 3.030000
 726 3.120000
 727 3.100000
 728 3.100000
 729 3.030000
 730 3.100000
 731 3.120000
 732 3.130000
 733 3.050000
 734 3.090000
 735 3.140000
 736 3.120000
 737 3.050000
 738 3.060000
 739 3.110000
 740 3.040000
 741 3.060000
 742 3.010000
 743 3.070000
 744 3.090000
 745 3.070000
 746 3.070000
 747 3.040000
 748 3.070000
 749 3.050000
 750 3.010000
 751 3.040000
 752 3.070000
 753 3.090000
 754 3.040000
 755 3.070000
 756 3.090000
 757 3.090000
 758 3.010000
 759 3.120000
 760 3.120000
 0 0.200000
 1 0.180000
 2 0.280000
 3 0.280000
 4 0.230000
 5 0.230000
 6 0.230000
 7 0.280000
 8 0.170000
 9 0.130000
 10 0.290000
 11 0.340000
 12 0.050000
 13 2.840000
 14 2.810000
 15 2.810000
 16 2.810000
 17 2.810000
 18 2.810000
 19 2.810000
 20 2.830000
 21 1.130000
 22 1.120000
 23 1.110000
 24 1.110000
 25 1.130000
 26 1.120000
 27 1.100000
 28 1.100000
 29 1.100000
 30 1.100000
 31 1.130000
 32 1.130000
 33 1.130000
 34 1.120000
 35 1.100000
 36 1.130000
 37 1.130000
 38 1.130000
 39 1.130000
 40 1.150000
 41 1.150000
 42 1.150000
 43 1.150000
 44 1.230000
 45 2.110000
 46 2.540000
 47 2.690000
 48 2.600000
 49 2.580000
 50 2.600000
 51 2.600000
 52 2.600000
 53 2.690000
 54 2.750000
 55 2.730000
 56 2.740000
 57 2.740000
 58 2.710000
 59 2.710000
 60 2.290000
 61 2.230000
 62 2.240000
 63 2.250000
 64 2.210000
 65 2.230000
 66 2.220000
 67 2.200000
 68 2.240000
 69 2.250000
 70 2.300000
 71 2.330000
 72 2.290000
 73 2.260000
 74 2.290000
 75 2.250000
 76 2.280000
 77 2.280000
 78 2.280000
 79 2.280000
 80 2.280000
 81 2.280000
 82 2.280000
 83 2.280000
 84 2.300000
 85 2.280000
 86 2.280000
 87 2.290000
 88 2.360000
 89 2.390000
 90 2.410000
 91 2.410000
 92 2.420000
 93 2.450000
 94 2.470000
 95 2.470000
 96 2.520000
 97 2.520000
 98 2.560000
 99 2.560000
 100 2.590000
 101 2.630000
 102 2.670000
 103 2.700000
 104 2.640000
 105 2.580000
 106 2.550000
 107 2.580000
 108 2.330000
 109 2.300000
 110 2.290000
 111 2.260000
 112 2.310000
 113 2.260000
 114 2.290000
 115 2.310000
 116 2.270000
 117 2.400000
 118 2.600000
 119 2.600000
 120 2.690000
 121 2.740000
 122 2.690000
 123 2.460000
 124 2.250000
 125 2.120000
 126 2.110000
 127 2.100000
 128 2.100000
 129 2.090000
 130 2.110000
 131 2.120000
 132 2.400000
 133 2.390000
 134 2.470000
 135 2.600000
 136 2.590000
 137 2.510000
 138 2.510000
 139 2.510000
 140 2.520000
 141 2.680000
 142 2.540000
 143 2.560000
 144 2.550000
 145 2.620000
 146 2.750000
 147 2.760000
 148 2.730000
 149 2.750000
 150 2.700000
 151 2.480000
 152 2.510000
 153 2.510000
 154 2.520000
 155 2.580000
 156 2.610000
 157 2.750000
 158 2.880000
 159 2.890000
 160 2.880000
 161 2.880000
 162 2.880000
 163 2.900000
 164 2.880000
 165 2.900000
 166 2.880000
 167 2.900000
 168 2.880000
 169 2.930000
 170 2.930000
 171 2.900000
 172 2.900000
 173 2.930000
 174 2.930000
 175 2.930000
 176 2.900000
 177 2.930000
 178 2.930000
 179 2.950000
 180 2.950000
 181 2.950000
 182 2.880000
 183 2.950000
 184 2.950000
 185 2.950000
 186 2.970000
 187 2.930000
 188 2.860000
 189 2.900000
 190 2.980000
 191 2.950000
 192 2.970000
 193 2.910000
 194 2.400000
 195 2.370000
 196 2.370000
 197 2.360000
 198 2.350000
 199 2.420000
 200 2.340000
 201 2.380000
 202 2.380000
 203 2.910000
 204 2.730000
 205 2.330000
 206 2.260000
 207 2.220000
 208 2.210000
 209 2.220000
 210 2.210000
 211 2.210000
 212 2.210000
 213 2.180000
 214 2.170000
 215 2.170000
 216 2.830000
 217 2.910000
 218 2.910000
 219 2.880000
 220 2.880000
 221 2.860000
 222 2.830000
 223 2.880000
 224 2.870000
 225 2.890000
 226 2.920000
 227 2.900000
 228 2.920000
 229 2.920000
 230 2.930000
 231 2.980000
 232 2.980000
 233 2.980000
 234 2.980000
 235 2.980000
 236 2.930000
 237 2.910000
 238 2.910000
 239 2.890000
 240 2.900000
 241 2.720000
 242 2.670000
 243 2.830000
 244 2.800000
 245 2.830000
 246 2.850000
 247 2.850000
 248 2.850000
 249 2.850000
 250 2.880000
 251 2.900000
 252 2.900000
 253 2.930000
 254 2.930000
 255 2.930000
 256 2.930000
 257 2.830000
 258 2.650000
 259 2.620000
 260 2.620000
 261 2.650000
 262 2.650000
 263 2.670000
 264 2.700000
 265 2.700000
 266 2.720000
 267 2.750000
 268 2.770000
 269 2.780000
 270 2.800000
 271 2.830000
 272 2.850000
 273 2.830000
 274 2.870000
 275 2.870000
 276 2.900000
 277 2.920000
 278 2.920000
 279 2.950000
 280 2.960000
 281 2.990000
 282 3.010000
 283 3.040000
 284 3.040000
 285 3.080000
 286 3.080000
 287 1.320000
 288 1.310000
 289 1.290000
 290 1.340000
 291 1.330000
 292 1.270000
 293 1.260000
 294 1.260000
 295 1.260000
 296 1.250000
 297 1.270000
 298 1.280000
 299 1.310000
 300 1.290000
 301 1.320000
 302 1.320000
 303 1.320000
 304 1.310000
 305 1.310000
 306 1.340000
 307 1.310000
 308 1.340000
 309 1.310000
 310 1.340000
 311 1.340000
 312 1.340000
 313 1.330000
 314 1.330000
 315 1.340000
 316 1.360000
 317 1.340000
 318 1.350000
 319 1.310000
 320 1.320000
 321 1.320000
 322 1.320000
 323 1.320000
 324 1.320000
 325 1.300000
 326 1.320000
 327 1.320000
 328 1.320000
 329 1.320000
 330 1.310000
 331 1.320000
 332 1.360000
 333 1.400000
 334 1.870000
 335 1.860000
 336 1.860000
 337 1.860000
 338 1.860000
 339 1.860000
 340 1.860000
 341 1.860000
 342 2.010000
 343 2.420000
 344 2.410000
 345 2.410000
 346 2.430000
 347 2.510000
 348 3.430000
 349 3.550000
 350 3.250000
 351 3.250000
 352 3.240000
 353 3.220000
 354 3.210000
 355 3.270000
 356 2.760000
 357 2.790000
 358 2.790000
 359 2.820000
 360 2.760000
 361 2.750000
 362 2.720000
 363 2.740000
 364 2.740000
 365 2.710000
 366 2.710000
 367 2.720000
 368 2.740000
 369 2.710000
 370 2.680000
 371 2.710000
 372 2.690000
 373 2.420000
 374 2.410000
 375 2.000000
 376 1.880000
 377 1.860000
 378 1.860000
 379 1.880000
 380 1.400000
 381 1.320000
 382 1.290000
 383 1.290000
 384 1.310000
 385 1.310000
 386 1.290000
 387 1.290000
 388 1.310000
 389 1.290000
 390 1.290000
 391 1.310000
 392 1.290000
 393 1.310000
 394 1.320000
 395 2.600000
 396 2.600000
 397 2.620000
 398 2.610000
 399 2.640000
 400 2.610000
 401 2.610000
 402 2.620000
 403 2.610000
 404 2.610000
 405 2.610000
 406 2.540000
 407 2.470000
 408 2.490000
 409 2.490000
 410 2.460000
 411 2.490000
 412 2.460000
 413 2.490000
 414 2.490000
 415 2.540000
 416 2.550000
 417 2.550000
 418 2.050000
 419 1.960000
 420 1.910000
 421 1.910000
 422 1.940000
 423 1.910000
 424 1.940000
 425 1.910000
 426 1.910000
 427 1.910000
 428 1.940000
 429 1.980000
 430 3.230000
 431 3.200000
 432 3.240000
 433 3.250000
 434 3.250000
 435 3.240000
 436 3.230000
 437 1.460000
 438 1.450000
 439 1.410000
 440 1.410000
 441 1.380000
 442 1.390000
 443 1.390000
 444 1.360000
 445 1.390000
 446 1.390000
 447 1.410000
 448 1.390000
 449 1.390000
 450 1.420000
 451 1.410000
 452 1.390000
 453 1.390000
 454 1.590000
 455 1.690000
 456 1.650000
 457 1.630000
 458 1.630000
 459 1.600000
 460 1.580000
 461 1.550000
 462 1.530000
 463 1.530000
 464 1.480000
 465 1.500000
 466 1.450000
 467 1.430000
 468 1.410000
 469 1.400000
 470 1.400000
 471 1.410000
 472 1.400000
 473 1.430000
 474 1.410000
 475 1.420000
 476 1.440000
 477 1.450000
 478 1.420000
 479 1.420000
 480 1.450000
 481 1.450000
 482 1.440000
 483 1.440000
 484 1.440000
 485 1.470000
 486 1.470000
 487 1.450000
 488 1.460000
 489 1.460000
 490 1.470000
 491 1.470000
 492 1.470000
 493 1.470000
 494 1.500000
 495 1.470000
 496 1.500000
 497 1.500000
 498 1.520000
 499 1.500000
 500 1.500000
 501 1.520000
 502 1.520000
 503 1.500000
 504 1.520000
 505 1.510000
 506 1.500000
 507 1.530000
 508 1.520000
 509 1.520000
 510 1.510000
 511 1.540000
 512 1.530000
 513 1.530000
 514 1.530000
 515 1.530000
 516 1.530000
 517 1.540000
 518 4.710000
 519 4.720000
 520 4.720000
 521 4.750000
 522 4.720000
 523 4.750000
 524 4.750000
 525 4.750000
 526 4.730000
 527 4.750000
 528 4.770000
 529 4.780000
 530 4.780000
 531 4.780000
 532 4.800000
 533 4.760000
 534 4.710000
 535 4.800000
 536 4.800000
 537 4.120000
 538 4.220000
 539 4.820000
 540 4.820000
 541 4.820000
 542 4.560000
 543 4.550000
 544 4.580000
 545 4.610000
 546 4.850000
 547 4.870000
 548 4.870000
 549 4.870000
 550 4.870000
 551 4.870000
 552 4.870000
 553 3.990000
 554 3.970000
 555 3.980000
 556 4.000000
 557 4.010000
 558 4.940000
 559 4.940000
 560 4.940000
 561 4.960000
 562 4.940000
 563 3.430000
 564 3.410000
 565 3.400000
 566 3.390000
 567 3.380000
 568 3.370000
 569 3.400000
 570 3.400000
 571 3.360000
 572 3.370000
 573 4.440000
 574 4.390000
 575 4.440000
 576 4.420000
 577 4.400000
 578 4.400000
 579 4.430000
 580 4.440000
 581 4.440000
 582 4.520000
 583 5.150000
 584 5.170000
 585 2.860000
 586 2.760000
 587 2.770000
 588 2.770000
 589 2.730000
 590 2.730000
 591 2.720000
 592 2.740000
 593 4.510000
 594 4.500000
 595 4.580000
 596 4.580000
 597 4.630000
 598 4.020000
 599 3.940000
 600 3.500000
 601 3.500000
 602 3.480000
 603 3.530000
 604 3.530000
 605 3.550000
 606 2.570000
 607 2.570000
 608 2.560000
 609 2.570000
 610 2.580000
 611 2.570000
 612 2.580000
 613 2.630000
 614 2.640000
 615 3.660000
 616 3.660000
 617 3.680000
 618 3.710000
 619 3.660000
 620 3.670000
 621 3.640000
 622 3.640000
 623 3.090000
 624 3.080000
 625 3.060000
 626 3.050000
 627 3.030000
 628 2.990000
 629 3.000000
 630 2.990000
 631 3.850000
 632 3.820000
 633 3.780000
 634 3.750000
 635 3.780000
 636 3.790000
 637 3.930000
 638 3.970000
 639 4.010000
 640 4.180000
 641 4.600000
 642 4.600000
 643 4.640000
 644 4.610000
 645 4.590000
 646 4.560000
 647 4.560000
 648 4.540000
 649 4.280000
 650 4.250000
 651 4.250000
 652 4.350000
 653 4.460000
 654 4.440000
 655 4.430000
 656 4.490000
 657 4.460000
 658 4.500000
 659 4.490000
 660 4.460000
 661 4.470000
 662 4.440000
 663 3.500000
 664 3.490000
 665 3.490000
 666 3.520000
 667 4.390000
 668 4.370000
 669 4.370000
 670 4.320000
 671 4.320000
 672 4.320000
 673 4.290000
 674 4.270000
 675 4.300000
 676 4.270000
 677 4.000000
 678 4.000000
 679 4.020000
 680 4.170000
 681 4.220000
 682 4.220000
 683 4.200000
 684 4.170000
 685 4.170000
 686 4.170000
 687 4.150000
 688 4.150000
 689 4.150000
 690 4.160000
 691 4.120000
 692 4.120000
 693 4.100000
 694 4.080000
 695 4.100000
 696 4.060000
 697 4.060000
 698 4.060000
 699 4.040000
 700 4.070000
 701 4.050000
 702 4.050000
 703 4.030000
 704 4.020000
 705 4.020000
 706 3.990000
 707 3.070000
 708 3.110000
 709 3.170000
 710 3.080000
 711 3.150000
 712 3.170000
 713 3.060000
 714 3.030000
 715 3.120000
 716 3.140000
 717 3.020000
 718 3.010000
 719 3.010000
 720 3.100000
 721 3.020000
 722 3.120000
 723 3.010000
 724 3.120000
 725 3.010000
 726 3.150000
 727 3.100000
 728 3.120000
 729 3.030000
 730 3.100000
 731 3.120000
 732 3.130000
 733 3.020000
 734 3.110000
 735 3.160000
 736 3.150000
 737 3.050000
 738 3.030000
 739 3.130000
 740 3.040000
 741 3.060000
 742 3.010000
 743 3.040000
 744 3.070000
 745 3.120000
 746 3.070000
 747 3.070000
 748 3.080000
 749 3.050000
 750 3.030000
 751 3.070000
 752 3.070000
 753 3.120000
 754 3.040000
 755 3.070000
 756 3.090000
 757 3.090000
 758 3.040000
 759 3.120000
 760 3.120000
 0 0.170000
 1 0.180000
 2 0.310000
 3 0.280000
 4 0.260000
 5 0.230000
 6 0.260000
 7 0.280000
 8 0.180000
 9 0.160000
 10 0.260000
 11 0.340000
 12 0.960000
 13 2.810000
 14 2.810000
 15 2.840000
 16 2.810000
 17 2.810000
 18 2.810000
 19 2.790000
 20 2.810000
 21 1.130000
 22 1.090000
 23 1.120000
 24 1.140000
 25 1.130000
 26 1.120000
 27 1.130000
 28 1.110000
 29 1.110000
 30 1.130000
 31 1.130000
 32 1.110000
 33 1.110000
 34 1.120000
 35 1.100000
 36 1.130000
 37 1.130000
 38 1.130000
 39 1.130000
 40 1.160000
 41 1.130000
 42 1.160000
 43 1.170000
 44 1.230000
 45 2.140000
 46 2.510000
 47 2.660000
 48 2.600000
 49 2.610000
 50 2.580000
 51 2.600000
 52 2.600000
 53 2.690000
 54 2.720000
 55 2.730000
 56 2.740000
 57 2.740000
 58 2.710000
 59 2.710000
 60 2.310000
 61 2.240000
 62 2.240000
 63 2.250000
 64 2.230000
 65 2.220000
 66 2.230000
 67 2.230000
 68 2.270000
 69 2.270000
 70 2.330000
 71 2.330000
 72 2.310000
 73 2.290000
 74 2.290000
 75 2.280000
 76 2.280000
 77 2.280000
 78 2.280000
 79 2.300000
 80 2.280000
 81 2.280000
 82 2.280000
 83 2.300000
 84 2.300000
 85 2.280000
 86 2.280000
 87 2.290000
 88 2.360000
 89 2.390000
 90 2.390000
 91 2.390000
 92 2.450000
 93 2.450000
 94 2.450000
 95 2.480000
 96 2.500000
 97 2.550000
 98 2.540000
 99 2.560000
 100 2.590000
 101 2.650000
 102 2.670000
 103 2.670000
 104 2.610000
 105 2.560000
 106 2.520000
 107 2.560000
 108 2.330000
 109 2.270000
 110 2.290000
 111 2.260000
 112 2.250000
 113 2.270000
 114 2.280000
 115 2.280000
 116 2.310000
 117 2.410000
 118 2.610000
 119 2.600000
 120 2.690000
 121 2.740000
 122 2.690000
 123 2.460000
 124 2.260000
 125 2.120000
 126 2.110000
 127 2.100000
 128 2.090000
 129 2.110000
 130 2.120000
 131 2.120000
 132 2.430000
 133 2.420000
 134 2.470000
 135 2.630000
 136 2.590000
 137 2.510000
 138 2.510000
 139 2.540000
 140 2.530000
 141 2.680000
 142 2.560000
 143 2.560000
 144 2.570000
 145 2.590000
 146 2.760000
 147 2.770000
 148 2.710000
 149 2.770000
 150 2.710000
 151 2.510000
 152 2.510000
 153 2.500000
 154 2.540000
 155 2.590000
 156 2.610000
 157 2.760000
 158 2.880000
 159 2.890000
 160 2.880000
 161 2.880000
 162 2.860000
 163 2.880000
 164 2.860000
 165 2.880000
 166 2.880000
 167 2.910000
 168 2.880000
 169 2.910000
 170 2.910000
 171 2.930000
 172 2.930000
 173 2.910000
 174 2.930000
 175 2.930000
 176 2.930000
 177 2.930000
 178 2.960000
 179 2.960000
 180 2.960000
 181 2.960000
 182 2.930000
 183 2.980000
 184 2.960000
 185 2.980000
 186 2.970000
 187 2.910000
 188 2.840000
 189 2.920000
 190 2.970000
 191 2.950000
 192 2.970000
 193 2.940000
 194 2.430000
 195 2.380000
 196 2.350000
 197 2.350000
 198 2.350000
 199 2.440000
 200 2.370000
 201 2.360000
 202 2.390000
 203 2.930000
 204 2.760000
 205 2.340000
 206 2.270000
 207 2.250000
 208 2.230000
 209 2.220000
 210 2.190000
 211 2.230000
 212 2.190000
 213 2.180000
 214 2.180000
 215 2.170000
 216 2.860000
 217 2.910000
 218 2.930000
 219 2.880000
 220 2.830000
 221 2.860000
 222 2.860000
 223 2.860000
 224 2.900000
 225 2.890000
 226 2.930000
 227 2.930000
 228 2.930000
 229 2.930000
 230 2.960000
 231 2.960000
 232 2.960000
 233 2.980000
 234 2.980000
 235 2.960000
 236 2.940000
 237 2.940000
 238 2.920000
 239 2.890000
 240 2.870000
 241 2.720000
 242 2.680000
 243 2.810000
 244 2.830000
 245 2.830000
 246 2.860000
 247 2.880000
 248 2.880000
 249 2.860000
 250 2.910000
 251 2.910000
 252 2.930000
 253 2.910000
 254 2.930000
 255 2.930000
 256 2.960000
 257 2.830000
 258 2.650000
 259 2.620000
 260 2.650000
 261 2.670000
 262 2.650000
 263 2.700000
 264 2.700000
 265 2.700000
 266 2.750000
 267 2.720000
 268 2.750000
 269 2.800000
 270 2.800000
 271 2.800000
 272 2.830000
 273 2.850000
 274 2.850000
 275 2.870000
 276 2.900000
 277 2.920000
 278 2.950000
 279 2.940000
 280 2.970000
 281 2.960000
 282 3.010000
 283 3.010000
 284 3.040000
 285 3.060000
 286 3.110000
 287 1.320000
 288 1.320000
 289 1.290000
 290 1.320000
 291 1.240000
 292 1.250000
 293 1.260000
 294 1.260000
 295 1.260000
 296 1.250000
 297 1.270000
 298 1.280000
 299 1.310000
 300 1.310000
 301 1.300000
 302 1.320000
 303 1.320000
 304 1.320000
 305 1.290000
 306 1.310000
 307 1.310000
 308 1.310000
 309 1.310000
 310 1.310000
 311 1.340000
 312 1.330000
 313 1.330000
 314 1.360000
 315 1.340000
 316 1.340000
 317 1.340000
 318 1.340000
 319 1.340000
 320 1.320000
 321 1.320000
 322 1.320000
 323 1.320000
 324 1.320000
 325 1.320000
 326 1.320000
 327 1.320000
 328 1.320000
 329 1.320000
 330 1.290000
 331 1.320000
 332 1.340000
 333 1.430000
 334 1.900000
 335 1.870000
 336 1.860000
 337 1.860000
 338 1.840000
 339 1.860000
 340 1.860000
 341 1.890000
 342 2.040000
 343 2.440000
 344 2.410000
 345 2.410000
 346 2.430000
 347 2.480000
 348 3.440000
 349 3.550000
 350 3.250000
 351 3.230000
 352 3.230000
 353 3.230000
 354 3.240000
 355 3.280000
 356 2.780000
 357 2.750000
 358 2.790000
 359 2.790000
 360 2.740000
 361 2.750000
 362 2.740000
 363 2.740000
 364 2.710000
 365 2.720000
 366 2.730000
 367 2.720000
 368 2.700000
 369 2.720000
 370 2.720000
 371 2.680000
 372 2.670000
 373 2.430000
 374 2.410000
 375 2.010000
 376 1.880000
 377 1.860000
 378 1.860000
 379 1.860000
 380 1.400000
 381 1.300000
 382 1.310000
 383 1.310000
 384 1.310000
 385 1.310000
 386 1.310000
 387 1.290000
 388 1.310000
 389 1.310000
 390 1.310000
 391 1.290000
 392 1.310000
 393 1.310000
 394 1.300000
 395 2.630000
 396 2.630000
 397 2.600000
 398 2.640000
 399 2.620000
 400 2.620000
 401 2.610000
 402 2.590000
 403 2.610000
 404 2.610000
 405 2.610000
 406 2.540000
 407 2.500000
 408 2.460000
 409 2.460000
 410 2.460000
 411 2.460000
 412 2.490000
 413 2.490000
 414 2.490000
 415 2.540000
 416 2.550000
 417 2.550000
 418 2.060000
 419 1.960000
 420 1.920000
 421 1.940000
 422 1.910000
 423 1.910000
 424 1.940000
 425 1.940000
 426 1.910000
 427 1.940000
 428 1.910000
 429 2.000000
 430 3.230000
 431 3.230000
 432 3.240000
 433 3.230000
 434 3.250000
 435 3.240000
 436 3.270000
 437 1.450000
 438 1.450000
 439 1.440000
 440 1.390000
 441 1.380000
 442 1.360000
 443 1.390000
 444 1.390000
 445 1.390000
 446 1.390000
 447 1.390000
 448 1.390000
 449 1.390000
 450 1.420000
 451 1.410000
 452 1.390000
 453 1.410000
 454 1.560000
 455 1.690000
 456 1.660000
 457 1.630000
 458 1.610000
 459 1.610000
 460 1.560000
 461 1.560000
 462 1.530000
 463 1.530000
 464 1.480000
 465 1.480000
 466 1.460000
 467 1.430000
 468 1.410000
 469 1.400000
 470 1.400000
 471 1.390000
 472 1.410000
 473 1.430000
 474 1.410000
 475 1.420000
 476 1.440000
 477 1.420000
 478 1.420000
 479 1.450000
 480 1.450000
 481 1.450000
 482 1.440000
 483 1.440000
 484 1.470000
 485 1.450000
 486 1.470000
 487 1.470000
 488 1.460000
 489 1.460000
 490 1.470000
 491 1.470000
 492 1.470000
 493 1.470000
 494 1.500000
 495 1.500000
 496 1.500000
 497 1.500000
 498 1.500000
 499 1.500000
 500 1.500000
 501 1.520000
 502 1.500000
 503 1.520000
 504 1.520000
 505 1.510000
 506 1.510000
 507 1.510000
 508 1.520000
 509 1.520000
 510 1.510000
 511 1.510000
 512 1.530000
 513 1.510000
 514 1.530000
 515 1.530000
 516 1.530000
 517 1.570000
 518 4.740000
 519 4.750000
 520 4.750000
 521 4.720000
 522 4.750000
 523 4.760000
 524 4.730000
 525 4.750000
 526 4.760000
 527 4.750000
 528 4.770000
 529 4.750000
 530 4.780000
 531 4.780000
 532 4.770000
 533 4.780000
 534 4.690000
 535 4.770000
 536 4.800000
 537 4.130000
 538 4.250000
 539 4.800000
 540 4.800000
 541 4.820000
 542 4.560000
 543 4.560000
 544 4.580000
 545 4.620000
 546 4.850000
 547 4.870000
 548 4.870000
 549 4.850000
 550 4.870000
 551 4.870000
 552 4.870000
 553 3.990000
 554 3.970000
 555 3.980000
 556 4.000000
 557 4.040000
 558 4.940000
 559 4.940000
 560 4.940000
 561 4.960000
 562 4.970000
 563 3.430000
 564 3.440000
 565 3.420000
 566 3.390000
 567 3.380000
 568 3.380000
 569 3.400000
 570 3.400000
 571 3.370000
 572 3.380000
 573 4.410000
 574 4.440000
 575 4.420000
 576 4.400000
 577 4.430000
 578 4.410000
 579 4.430000
 580 4.440000
 581 4.440000
 582 4.490000
 583 5.150000
 584 5.170000
 585 2.870000
 586 2.780000
 587 2.760000
 588 2.770000
 589 2.730000
 590 2.710000
 591 2.720000
 592 2.740000
 593 4.530000
 594 4.530000
 595 4.580000
 596 4.550000
 597 4.600000
 598 4.030000
 599 3.930000
 600 3.520000
 601 3.500000
 602 3.510000
 603 3.530000
 604 3.560000
 605 2.610000
 606 2.630000
 607 2.590000
 608 2.540000
 609 2.580000
 610 2.580000
 611 2.580000
 612 2.600000
 613 2.580000
 614 3.690000
 615 3.660000
 616 3.670000
 617 3.690000
 618 3.700000
 619 3.640000
 620 3.670000
 621 3.660000
 622 3.650000
 623 3.090000
 624 3.060000
 625 3.040000
 626 3.020000
 627 3.030000
 628 3.020000
 629 3.000000
 630 3.020000
 631 3.800000
 632 3.850000
 633 3.780000
 634 3.780000
 635 3.780000
 636 3.790000
 637 3.910000
 638 3.970000
 639 4.010000
 640 4.180000
 641 4.630000
 642 4.630000
 643 4.610000
 644 4.610000
 645 4.560000
 646 4.560000
 647 4.560000
 648 4.540000
 649 4.280000
 650 4.260000
 651 4.260000
 652 4.330000
 653 4.460000
 654 4.440000
 655 4.460000
 656 4.490000
 657 4.460000
 658 4.510000
 659 4.490000
 660 4.460000
 661 4.440000
 662 4.440000
 663 3.510000
 664 3.490000
 665 3.490000
 666 3.520000
 667 4.390000
 668 4.350000
 669 4.350000
 670 4.350000
 671 4.320000
 672 4.320000
 673 4.320000
 674 4.290000
 675 4.280000
 676 4.270000
 677 4.010000
 678 4.010000
 679 4.020000
 680 4.180000
 681 4.220000
 682 4.230000
 683 4.200000
 684 4.200000
 685 4.180000
 686 4.180000
 687 4.150000
 688 4.140000
 689 4.150000
 690 4.130000
 691 4.130000
 692 4.130000
 693 4.100000
 694 4.100000
 695 4.100000
 696 4.090000
 697 4.070000
 698 4.070000
 699 4.070000
 700 4.050000
 701 4.050000
 702 4.030000
 703 4.030000
 704 4.000000
 705 4.000000
 706 3.990000
 707 3.090000
 708 3.110000
 709 3.150000
 710 3.080000
 711 3.120000
 712 3.140000
 713 3.060000
 714 3.030000
 715 3.120000
 716 3.120000
 717 3.020000
 718 3.010000
 719 3.010000
 720 3.130000
 721 3.020000
 722 3.130000
 723 3.120000
 724 3.130000
 725 3.030000
 726 3.130000
 727 3.100000
 728 3.130000
 729 3.030000
 730 3.100000
 731 3.130000
 732 3.110000
 733 3.050000
 734 3.090000
 735 3.140000
 736 3.130000
 737 3.050000
 738 3.060000
 739 3.110000
 740 3.040000
 741 3.060000
 742 3.010000
 743 3.090000
 744 3.070000
 745 3.090000
 746 3.040000
 747 3.070000
 748 3.040000
 749 3.050000
 750 3.010000
 751 3.060000
 752 3.070000
 753 3.010000
 754 3.040000
 755 3.070000
 756 3.070000
 757 3.090000
 758 3.040000
 759 3.120000
 760 3.120000