
 0 2.820000
 1 2.180000
 2 2.890000
 3 2.180000
 4 2.220000
 5 2.280000
 6 2.340000
 7 2.260000
 8 2.210000
 9 2.320000
 10 2.250000
 11 2.330000
 12 2.200000
 13 2.940000
 14 2.230000
 15 2.370000
 16 2.970000
 17 2.230000
 18 2.990000
 19 2.280000
 20 2.670000
 21 2.390000
 22 2.280000
 23 2.280000
 24 2.280000
 25 3.020000
 26 2.310000
 27 2.400000
 28 2.410000
 29 2.390000
 30 2.420000
 31 2.380000
 32 2.440000
 33 2.410000
 34 2.430000
 35 2.330000
 36 2.330000
 37 3.070000
 38 2.430000
 39 2.410000
 40 2.430000
 41 2.430000
 42 2.410000
 43 2.410000
 44 2.410000
 45 2.280000
 46 2.230000
 47 2.360000
 48 2.250000
 49 2.330000
 50 2.200000
 51 3.220000
 52 2.200000
 53 3.020000
 54 2.180000
 55 2.200000
 56 2.310000
 57 2.310000
 58 2.280000
 59 2.310000
 60 2.230000
 61 2.260000
 62 2.180000
 63 2.210000
 64 2.210000
 65 2.200000
 66 2.250000
 67 2.210000
 68 2.360000
 69 2.360000
 70 2.350000
 71 2.340000
 72 2.340000
 73 2.340000
 74 2.310000
 75 2.310000
 76 2.390000
 77 2.410000
 78 2.400000
 79 2.400000
 80 2.400000
 81 2.420000
 82 2.460000
 83 2.500000
 84 2.550000
 85 2.570000
 86 2.630000
 87 2.560000
 88 2.630000
 89 2.620000
 90 2.680000
 91 2.790000
 92 2.760000
 93 2.730000
 94 2.780000
 95 2.830000
 96 2.840000
 97 2.860000
 98 2.800000
 99 2.810000
 100 2.810000
 101 2.840000
 102 2.840000
 103 2.840000
 104 2.860000
 105 2.860000
 106 2.860000
 107 2.860000
 108 2.890000
 109 2.910000
 110 2.910000
 111 2.910000
 112 2.910000
 113 2.940000
 114 2.940000
 115 2.960000
 116 2.960000
 117 2.990000
 118 2.990000
 119 3.010000
 120 3.010000
 121 3.010000
 122 3.030000
 123 3.030000
 124 3.060000
 125 3.060000
 126 3.080000
 127 3.080000
 128 3.080000
 129 3.130000
 130 3.130000
 131 3.130000
 132 3.160000
 133 3.160000
 134 3.160000
 135 3.180000
 136 3.210000
 137 3.210000
 138 3.230000
 139 3.250000
 140 3.340000
 141 3.510000
 142 3.500000
 143 3.560000
 144 3.530000
 145 3.550000
 146 3.570000
 147 3.540000
 148 3.560000
 149 3.520000
 150 3.570000
 151 3.550000
 152 4.820000
 153 4.870000
 154 4.890000
 155 3.550000
 156 3.590000
 157 3.570000
 158 3.590000
 159 3.560000
 160 3.530000
 161 3.580000
 162 3.540000
 163 3.550000
 164 3.600000
 165 3.580000
 166 3.580000
 167 3.570000
 168 3.590000
 169 3.590000
 170 3.610000
 171 3.650000
 172 3.880000
 173 3.900000
 174 3.850000
 175 3.830000
 176 3.830000
 177 3.860000
 178 3.860000
 179 3.870000
 180 3.850000
 181 3.890000
 182 3.890000
 183 3.890000
 184 3.890000
 185 3.760000
 186 3.330000
 187 3.320000
 188 3.360000
 189 3.810000
 190 3.860000
 191 3.410000
 192 3.330000
 193 3.860000
 194 3.870000
 195 3.840000
 196 2.730000
 197 2.720000
 198 2.720000
 199 2.720000
 200 2.700000
 201 2.700000
 202 2.690000
 203 2.700000
 204 2.690000
 205 2.680000
 206 2.700000
 207 2.690000
 208 2.690000
 209 2.680000
 210 2.680000
 211 2.680000
 212 2.680000
 213 2.660000
 214 2.670000
 215 2.670000
 216 2.660000
 217 2.660000
 218 2.690000
 219 2.580000
 220 2.570000
 221 2.570000
 222 2.570000
 223 2.570000
 224 2.570000
 225 2.570000
 226 2.540000
 227 2.570000
 228 2.540000
 229 2.550000
 230 2.540000
 231 2.540000
 232 2.540000
 233 2.610000
 234 2.620000
 235 2.610000
 236 2.640000
 237 2.650000
 238 2.660000
 239 2.680000
 240 2.570000
 241 2.560000
 242 2.530000
 243 2.530000
 244 2.530000
 245 2.510000
 246 2.510000
 247 2.510000
 248 2.510000
 249 2.510000
 250 2.510000
 251 2.510000
 252 2.550000
 253 2.680000
 254 2.670000
 255 2.640000
 256 2.650000
 257 2.650000
 258 2.480000
 259 2.440000
 260 2.450000
 261 2.450000
 262 2.450000
 263 2.450000
 264 2.450000
 265 2.440000
 266 2.440000
 267 2.420000
 268 2.420000
 269 2.420000
 270 2.420000
 271 2.420000
 272 2.430000
 273 2.460000
 274 2.460000
 275 2.440000
 276 2.440000
 277 2.600000
 278 3.000000
 279 3.000000
 280 2.960000
 281 2.970000
 282 3.010000
 283 3.120000
 284 3.130000
 285 3.150000
 286 3.130000
 287 3.100000
 288 3.130000
 289 3.090000
 290 3.110000
 291 3.080000
 292 3.100000
 293 3.090000
 294 3.100000
 295 3.100000
 296 3.100000
 297 3.080000
 298 3.110000
 299 3.170000
 300 3.170000
 301 3.230000
 302 3.230000
 303 3.630000
 304 3.440000
 305 3.420000
 306 3.470000
 307 3.570000
 308 3.390000
 309 3.420000
 310 3.470000
 311 3.490000
 312 3.420000
 313 3.420000
 314 3.520000
 315 3.470000
 316 3.420000
 317 3.390000
 318 3.370000
 319 3.390000
 320 3.340000
 321 3.370000
 322 1.760000
 323 1.710000
 324 1.680000
 325 1.670000
 326 1.690000
 327 1.670000
 328 1.670000
 329 1.670000
 330 1.660000
 331 1.660000
 332 1.660000
 333 1.680000
 334 1.710000
 335 1.710000
 336 1.720000
 337 1.730000
 338 2.150000
 339 2.160000
 340 2.130000
 341 2.130000
 342 2.130000
 343 2.130000
 344 2.110000
 345 2.110000
 346 2.130000
 347 2.110000
 348 2.110000
 349 2.110000
 350 2.080000
 351 2.100000
 352 2.100000
 353 2.100000
 354 2.110000
 355 2.110000
 356 2.090000
 357 2.070000
 358 2.060000
 359 2.110000
 360 2.130000
 361 2.130000
 362 2.130000
 363 2.160000
 364 2.130000
 365 1.510000
 366 1.490000
 367 1.460000
 368 1.470000
 369 1.470000
 370 1.470000
 371 1.440000
 372 1.440000
 373 1.440000
 374 1.440000
 375 1.460000
 376 1.480000
 377 1.460000
 378 1.480000
 379 1.480000
 380 1.500000
 381 4.640000
 382 4.650000
 383 4.660000
 384 4.630000
 385 4.630000
 386 4.660000
 387 4.590000
 388 4.610000
 389 2.660000
 390 2.630000
 391 2.620000
 392 2.620000
 393 2.620000
 394 2.590000
 395 2.610000
 396 2.650000
 397 2.650000
 398 2.700000
 399 2.020000
 400 1.980000
 401 1.980000
 402 1.970000
 403 1.970000
 404 1.970000
 405 1.970000
 406 1.970000
 407 1.970000
 408 1.980000
 409 1.990000
 410 2.040000
 411 3.860000
 412 4.780000
 413 4.830000
 414 4.800000
 415 4.800000
 416 4.830000
 417 4.820000
 418 4.840000
 419 1.330000
 420 1.320000
 421 1.320000
 422 1.340000
 423 1.320000
 424 1.320000
 425 1.320000
 426 1.320000
 427 1.300000
 428 1.310000
 429 1.330000
 430 1.290000
 431 1.310000
 432 1.330000
 433 1.370000
 434 1.390000
 435 4.280000
 436 4.310000
 437 4.360000
 438 5.030000
 439 5.050000
 440 1.880000
 441 1.870000
 442 1.890000
 443 1.870000
 444 1.890000
 445 1.870000
 446 1.870000
 447 1.870000
 448 1.870000
 449 1.890000
 450 1.910000
 451 2.440000
 452 2.420000
 453 2.420000
 454 2.420000
 455 2.450000
 456 2.400000
 457 2.420000
 458 2.410000
 459 2.490000
 460 3.960000
 461 3.960000
 462 3.960000
 463 3.600000
 464 4.000000
 465 4.500000
 466 3.630000
 467 3.670000
 468 3.680000
 469 4.440000
 470 4.470000
 471 3.560000
 472 3.530000
 473 3.530000
 474 3.460000
 475 3.560000
 476 3.590000
 477 3.590000
 478 3.600000
 479 3.610000
 480 3.640000
 481 3.630000
 482 3.670000
 483 4.350000
 484 4.350000
 485 3.460000
 486 3.480000
 487 3.820000
 488 3.820000
 489 3.830000
 490 3.680000
 491 3.670000
 492 3.630000
 493 3.670000
 494 4.020000
 495 4.020000
 496 4.030000
 497 4.060000
 498 4.200000
 499 4.500000
 500 4.450000
 501 4.480000
 502 4.350000
 503 4.290000
 504 4.340000
 505 4.280000
 506 4.200000
 507 4.130000
 508 4.110000
 509 4.140000
 510 4.230000
 511 4.210000
 512 4.250000
 513 4.290000
 514 4.330000
 515 4.350000
 516 4.350000
 517 4.350000
 518 4.340000
 519 4.350000
 520 4.350000
 521 3.380000
 522 3.390000
 523 3.390000
 524 3.380000
 525 3.430000
 526 3.520000
 527 3.470000
 528 3.450000
 529 3.490000
 530 3.470000
 531 3.420000
 532 3.460000
 533 3.470000
 534 4.180000
 535 3.930000
 536 3.920000
 537 3.910000
 538 3.940000
 539 4.130000
 540 4.100000
 541 4.080000
 542 3.970000
 543 3.970000
 544 3.930000
 545 3.920000
 546 3.940000
 547 3.940000
 548 3.930000
 549 4.030000
 550 4.030000
 551 4.030000
 552 4.030000
 553 4.000000
 554 3.980000
 555 3.980000
 556 3.950000
 557 3.980000
 558 3.960000
 559 3.950000
 560 2.630000
 561 2.650000
 562 3.930000
 563 3.900000
 564 3.900000
 565 3.900000
 566 3.170000
 567 3.150000
 568 3.140000
 569 3.120000
 570 3.080000
 571 3.080000
 572 3.150000
 573 3.880000
 574 3.850000
 575 2.950000
 576 3.000000
 577 3.010000
 578 3.090000
 579 3.050000
 580 3.040000
 581 3.070000
 582 2.950000
 583 2.940000
 584 3.070000
 585 2.950000
 586 3.800000
 587 2.930000
 588 3.080000
 589 2.940000
 590 3.050000
 591 3.030000
 592 2.930000
 593 3.080000
 594 3.020000
 595 3.040000
 596 3.050000
 597 2.990000
 598 3.000000
 599 2.930000
 600 2.980000
 601 2.950000
 602 2.930000
 603 2.980000
 604 2.980000
 605 2.930000
 606 2.930000
 607 2.970000
 608 2.950000
 609 2.960000
 610 2.950000
 611 2.950000
 612 2.950000
 613 2.960000
 614 2.950000
 615 2.960000
 616 2.880000
 617 2.900000
 618 2.960000
 619 2.980000
 620 2.980000
 621 2.850000
 622 2.920000
 623 2.910000
 624 2.910000
 625 2.930000
 626 2.910000
 627 2.910000
 628 2.910000
 629 2.940000
 630 2.930000
 631 2.960000
 632 2.990000
 633 3.040000
 634 3.020000
 635 2.990000
 636 2.930000
 637 3.070000
 638 3.050000
 639 2.920000
 640 2.920000
 641 2.930000
 642 3.040000
 643 2.930000
 644 3.060000
 645 3.050000
 646 2.930000
 647 3.050000
 648 3.030000
 649 2.930000
 650 3.020000
 651 3.040000
 652 2.910000
 653 3.010000
 654 3.040000
 655 2.930000
 656 3.020000
 657 2.990000
 658 2.910000
 659 2.990000
 660 3.010000
 661 2.930000
 662 3.040000
 663 2.990000
 664 2.990000
 665 3.010000
 666 2.930000
 667 2.990000
 668 2.990000
 669 3.010000
 670 2.990000
 671 3.010000
 672 2.910000
 673 2.950000
 674 2.960000
 675 2.880000
 676 2.950000
 677 2.970000
 678 2.990000
 679 2.940000
 680 3.000000
 681 2.960000
 682 2.950000
 683 2.940000
 684 2.950000
 685 2.960000
 686 2.990000
 687 3.030000
 688 3.010000
 689 3.010000
 690 3.030000
 691 3.030000
 692 3.030000
 693 2.930000
 694 2.910000
 695 2.910000
 696 2.930000
 697 3.060000
 698 3.030000
 699 2.910000
 700 3.030000
 701 3.030000
 702 3.070000
 703 3.040000
 704 3.070000
 705 3.240000
 706 2.930000
 707 3.070000
 708 3.070000
 709 3.010000
 710 3.060000
 711 3.030000
 712 3.010000
 713 3.060000
 714 3.030000
 715 3.000000
 716 2.980000
 717 2.990000
 718 2.970000
 719 2.950000
 720 2.960000
 721 3.030000
 722 2.890000
 723 3.720000
 724 3.710000
 725 3.660000
 726 3.630000
 727 3.550000
 728 3.170000
 729 3.190000
 730 3.240000
 731 3.240000
 732 3.160000
 733 3.410000
 734 3.380000
 735 3.360000
 736 3.130000
 737 3.060000
 738 3.030000
 739 3.060000
 740 3.000000
 741 2.970000
 742 3.030000
 743 3.030000
 744 3.080000
 745 3.010000
 746 3.000000
 747 3.100000
 748 3.080000
 749 3.020000
 750 3.040000
 751 3.100000
 752 3.100000
 753 3.070000
 754 3.080000
 755 3.130000
 756 3.100000
 757 3.130000
 758 3.260000
 759 3.090000
 760 3.090000
 0 2.820000
 1 2.160000
 2 2.890000
 3 2.180000
 4 2.220000
 5 2.280000
 6 2.340000
 7 2.280000
 8 2.180000
 9 2.320000
 10 2.270000
 11 2.270000
 12 2.250000
 13 2.940000
 14 2.230000
 15 2.370000
 16 2.970000
 17 2.230000
 18 2.990000
 19 2.280000
 20 2.670000
 21 2.380000
 22 2.310000
 23 2.270000
 24 2.310000
 25 3.020000
 26 2.310000
 27 2.430000
 28 2.440000
 29 2.390000
 30 2.420000
 31 2.410000
 32 2.440000
 33 2.430000
 34 2.460000
 35 2.330000
 36 2.360000
 37 3.090000
 38 2.430000
 39 2.430000
 40 2.460000
 41 2.410000
 42 2.410000
 43 2.410000
 44 2.280000
 45 2.410000
 46 2.260000
 47 2.360000
 48 2.240000
 49 2.330000
 50 2.230000
 51 3.190000
 52 2.200000
 53 3.020000
 54 2.210000
 55 2.180000
 56 2.310000
 57 2.310000
 58 2.310000
 59 2.310000
 60 2.230000
 61 2.250000
 62 2.330000
 63 2.210000
 64 2.210000
 65 2.230000
 66 2.220000
 67 2.230000
 68 2.380000
 69 2.330000
 70 2.350000
 71 2.340000
 72 2.340000
 73 2.360000
 74 2.260000
 75 2.310000
 76 2.390000
 77 2.410000
 78 2.400000
 79 2.430000
 80 2.420000
 81 2.450000
 82 2.490000
 83 2.520000
 84 2.550000
 85 2.570000
 86 2.630000
 87 2.580000
 88 2.630000
 89 2.620000
 90 2.680000
 91 2.770000
 92 2.760000
 93 2.730000
 94 2.780000
 95 2.830000
 96 2.830000
 97 2.830000
 98 2.800000
 99 2.810000
 100 2.810000
 101 2.840000
 102 2.840000
 103 2.860000
 104 2.840000
 105 2.860000
 106 2.860000
 107 2.890000
 108 2.890000
 109 2.910000
 110 2.910000
 111 2.910000
 112 2.940000
 113 2.940000
 114 2.960000
 115 2.990000
 116 2.940000
 117 2.990000
 118 2.990000
 119 3.010000
 120 3.010000
 121 3.010000
 122 3.030000
 123 3.030000
 124 3.060000
 125 3.060000
 126 3.080000
 127 3.080000
 128 3.080000
 129 3.110000
 130 3.110000
 131 3.130000
 132 3.160000
 133 3.160000
 134 3.160000
 135 3.180000
 136 3.180000
 137 3.210000
 138 3.230000
 139 3.220000
 140 3.370000
 141 3.510000
 142 3.500000
 143 3.560000
 144 3.550000
 145 3.570000
 146 3.570000
 147 3.540000
 148 3.550000
 149 3.520000
 150 3.570000
 151 3.550000
 152 4.820000
 153 4.870000
 154 4.890000
 155 3.530000
 156 3.590000
 157 3.590000
 158 3.570000
 159 3.560000
 160 3.550000
 161 3.560000
 162 3.540000
 163 3.550000
 164 3.610000
 165 3.580000
 166 3.580000
 167 3.570000
 168 3.590000
 169 3.590000
 170 3.620000
 171 3.630000
 172 3.880000
 173 3.900000
 174 3.870000
 175 3.860000
 176 3.860000
 177 3.860000
 178 3.860000
 179 3.840000
 180 3.850000
 181 3.890000
 182 3.890000
 183 3.890000
 184 3.870000
 185 3.810000
 186 3.330000
 187 3.320000
 188 3.360000
 189 3.810000
 190 3.860000
 191 3.410000
 192 3.330000
 193 3.860000
 194 3.870000
 195 3.840000
 196 2.730000
 197 2.720000
 198 2.700000
 199 2.720000
 200 2.700000
 201 2.700000
 202 2.710000
 203 2.680000
 204 2.690000
 205 2.720000
 206 2.700000
 207 2.690000
 208 2.670000
 209 2.680000
 210 2.680000
 211 2.650000
 212 2.650000
 213 2.660000
 214 2.660000
 215 2.680000
 216 2.660000
 217 2.660000
 218 2.670000
 219 2.610000
 220 2.590000
 221 2.570000
 222 2.570000
 223 2.570000
 224 2.570000
 225 2.540000
 226 2.570000
 227 2.540000
 228 2.540000
 229 2.550000
 230 2.540000
 231 2.520000
 232 2.540000
 233 2.610000
 234 2.650000
 235 2.610000
 236 2.640000
 237 2.650000
 238 2.660000
 239 2.640000
 240 2.540000
 241 2.560000
 242 2.560000
 243 2.530000
 244 2.530000
 245 2.530000
 246 2.530000
 247 2.530000
 248 2.510000
 249 2.510000
 250 2.510000
 251 2.510000
 252 2.580000
 253 2.710000
 254 2.670000
 255 2.670000
 256 2.630000
 257 2.670000
 258 2.480000
 259 2.440000
 260 2.450000
 261 2.450000
 262 2.450000
 263 2.450000
 264 2.440000
 265 2.440000
 266 2.440000
 267 2.420000
 268 2.420000
 269 2.420000
 270 2.450000
 271 2.450000
 272 2.430000
 273 2.460000
 274 2.460000
 275 2.440000
 276 2.450000
 277 2.630000
 278 3.000000
 279 3.000000
 280 2.950000
 281 2.960000
 282 3.020000
 283 3.120000
 284 3.130000
 285 3.150000
 286 3.130000
 287 3.100000
 288 3.130000
 289 3.100000
 290 3.110000
 291 3.100000
 292 3.100000
 293 3.100000
 294 3.100000
 295 3.110000
 296 3.110000
 297 3.100000
 298 3.110000
 299 3.170000
 300 3.170000
 301 3.230000
 302 3.200000
 303 3.630000
 304 3.440000
 305 3.420000
 306 3.470000
 307 3.570000
 308 3.420000
 309 3.390000
 310 3.520000
 311 3.520000
 312 3.420000
 313 3.420000
 314 3.520000
 315 3.470000
 316 3.420000
 317 3.370000
 318 3.390000
 319 3.390000
 320 3.370000
 321 3.360000
 322 1.730000
 323 1.680000
 324 1.690000
 325 1.680000
 326 1.690000
 327 1.670000
 328 1.670000
 329 1.640000
 330 1.660000
 331 1.660000
 332 1.660000
 333 1.680000
 334 1.680000
 335 1.710000
 336 1.690000
 337 1.700000
 338 2.170000
 339 2.160000
 340 2.130000
 341 2.130000
 342 2.110000
 343 2.130000
 344 2.130000
 345 2.110000
 346 2.110000
 347 2.110000
 348 2.080000
 349 2.110000
 350 2.110000
 351 2.090000
 352 2.100000
 353 2.100000
 354 2.080000
 355 2.110000
 356 2.090000
 357 2.070000
 358 2.080000
 359 2.130000
 360 2.110000
 361 2.100000
 362 2.160000
 363 2.160000
 364 2.130000
 365 1.530000
 366 1.460000
 367 1.480000
 368 1.470000
 369 1.470000
 370 1.470000
 371 1.470000
 372 1.470000
 373 1.440000
 374 1.440000
 375 1.430000
 376 1.450000
 377 1.460000
 378 1.460000
 379 1.480000
 380 1.500000
 381 4.620000
 382 4.650000
 383 4.630000
 384 4.660000
 385 4.660000
 386 4.660000
 387 4.560000
 388 4.610000
 389 2.630000
 390 2.630000
 391 2.620000
 392 2.620000
 393 2.620000
 394 2.620000
 395 2.630000
 396 2.650000
 397 2.680000
 398 2.680000
 399 2.020000
 400 1.980000
 401 1.980000
 402 1.970000
 403 1.970000
 404 1.970000
 405 1.970000
 406 1.940000
 407 1.970000
 408 1.980000
 409 2.020000
 410 2.030000
 411 3.860000
 412 4.780000
 413 4.800000
 414 4.800000
 415 4.800000
 416 4.830000
 417 4.840000
 418 4.850000
 419 1.330000
 420 1.320000
 421 1.320000
 422 1.320000
 423 1.320000
 424 1.320000
 425 1.320000
 426 1.320000
 427 1.330000
 428 1.330000
 429 1.310000
 430 1.290000
 431 1.330000
 432 1.350000
 433 1.340000
 434 1.360000
 435 4.300000
 436 4.310000
 437 4.360000
 438 5.000000
 439 5.030000
 440 1.900000
 441 1.870000
 442 1.890000
 443 1.890000
 444 1.870000
 445 1.890000
 446 1.890000
 447 1.870000
 448 1.870000
 449 1.890000
 450 1.910000
 451 2.410000
 452 2.420000
 453 2.420000
 454 2.420000
 455 2.420000
 456 2.420000
 457 2.420000
 458 2.410000
 459 2.460000
 460 3.920000
 461 3.960000
 462 3.960000
 463 3.600000
 464 3.980000
 465 4.500000
 466 3.630000
 467 3.670000
 468 3.680000
 469 4.440000
 470 4.470000
 471 3.570000
 472 3.560000
 473 3.510000
 474 3.470000
 475 3.530000
 476 3.610000
 477 3.590000
 478 3.600000
 479 3.590000
 480 3.640000
 481 3.630000
 482 3.670000
 483 4.380000
 484 4.300000
 485 3.460000
 486 3.480000
 487 3.850000
 488 3.830000
 489 3.840000
 490 3.650000
 491 3.660000
 492 3.660000
 493 3.680000
 494 4.010000
 495 4.030000
 496 4.030000
 497 4.060000
 498 4.170000
 499 4.500000
 500 4.450000
 501 4.480000
 502 4.330000
 503 4.290000
 504 4.340000
 505 4.280000
 506 4.200000
 507 4.130000
 508 4.130000
 509 4.140000
 510 4.200000
 511 4.210000
 512 4.250000
 513 4.290000
 514 4.350000
 515 4.380000
 516 4.380000
 517 4.350000
 518 4.340000
 519 4.350000
 520 4.330000
 521 3.410000
 522 3.390000
 523 3.390000
 524 3.380000
 525 3.430000
 526 3.520000
 527 3.470000
 528 3.450000
 529 3.460000
 530 3.480000
 531 3.420000
 532 3.460000
 533 3.520000
 534 4.150000
 535 3.910000
 536 3.920000
 537 3.880000
 538 3.980000
 539 4.130000
 540 4.100000
 541 4.050000
 542 3.970000
 543 3.970000
 544 3.950000
 545 3.920000
 546 3.970000
 547 3.940000
 548 3.930000
 549 4.030000
 550 4.030000
 551 4.030000
 552 4.000000
 553 4.000000
 554 3.980000
 555 3.950000
 556 3.980000
 557 3.950000
 558 3.950000
 559 3.950000
 560 2.650000
 561 2.650000
 562 3.930000
 563 3.930000
 564 3.930000
 565 3.900000
 566 3.200000
 567 3.160000
 568 3.140000
 569 3.130000
 570 3.080000
 571 3.080000
 572 3.140000
 573 3.880000
 574 3.850000
 575 2.980000
 576 3.020000
 577 2.990000
 578 3.090000
 579 3.050000
 580 3.020000
 581 3.070000
 582 2.970000
 583 2.940000
 584 3.070000
 585 2.950000
 586 3.800000
 587 2.930000
 588 2.930000
 589 2.970000
 590 3.030000
 591 3.030000
 592 2.960000
 593 3.080000
 594 3.020000
 595 3.040000
 596 3.050000
 597 2.990000
 598 3.000000
 599 2.930000
 600 3.000000
 601 2.950000
 602 2.910000
 603 3.000000
 604 3.000000
 605 2.910000
 606 2.910000
 607 2.970000
 608 2.970000
 609 2.970000
 610 2.940000
 611 2.950000
 612 2.950000
 613 2.960000
 614 2.940000
 615 2.960000
 616 2.880000
 617 2.900000
 618 2.960000
 619 2.980000
 620 2.980000
 621 2.880000
 622 2.930000
 623 2.890000
 624 2.910000
 625 2.930000
 626 2.910000
 627 2.910000
 628 2.910000
 629 2.930000
 630 2.930000
 631 2.960000
 632 2.990000
 633 3.020000
 634 3.020000
 635 2.990000
 636 2.930000
 637 3.050000
 638 3.050000
 639 2.950000
 640 2.920000
 641 2.910000
 642 3.040000
 643 2.950000
 644 3.060000
 645 3.050000
 646 2.930000
 647 3.030000
 648 3.050000
 649 2.910000
 650 3.020000
 651 3.040000
 652 3.070000
 653 2.990000
 654 3.020000
 655 2.930000
 656 3.010000
 657 3.010000
 658 2.910000
 659 2.990000
 660 2.990000
 661 2.910000
 662 3.040000
 663 3.010000
 664 2.990000
 665 3.010000
 666 2.910000
 667 2.990000
 668 3.010000
 669 3.010000
 670 2.960000
 671 2.990000
 672 2.910000
 673 2.950000
 674 2.960000
 675 2.880000
 676 2.920000
 677 2.950000
 678 2.990000
 679 2.940000
 680 3.000000
 681 2.960000
 682 2.950000
 683 2.940000
 684 2.940000
 685 2.990000
 686 2.990000
 687 3.030000
 688 3.030000
 689 3.010000
 690 3.030000
 691 3.030000
 692 3.030000
 693 2.900000
 694 2.910000
 695 2.930000
 696 2.930000
 697 3.030000
 698 3.030000
 699 3.060000
 700 3.030000
 701 3.010000
 702 3.070000
 703 3.040000
 704 3.070000
 705 3.220000
 706 2.930000
 707 3.090000
 708 3.090000
 709 3.010000
 710 3.060000
 711 3.030000
 712 3.010000
 713 3.060000
 714 3.030000
 715 3.000000
 716 2.980000
 717 2.990000
 718 2.950000
 719 2.920000
 720 2.960000
 721 3.030000
 722 2.910000
 723 3.740000
 724 3.710000
 725 3.680000
 726 3.630000
 727 3.530000
 728 3.170000
 729 3.190000
 730 3.240000
 731 3.240000
 732 3.140000
 733 3.380000
 734 3.380000
 735 3.360000
 736 3.110000
 737 3.030000
 738 3.030000
 739 3.060000
 740 3.030000
 741 2.970000
 742 3.030000
 743 3.060000
 744 3.060000
 745 3.000000
 746 3.000000
 747 3.080000
 748 3.100000
 749 3.040000
 750 3.050000
 751 3.100000
 752 3.080000
 753 3.070000
 754 3.080000
 755 3.130000
 756 3.100000
 757 3.130000
 758 3.240000
 759 3.090000
 760 3.090000
 0 2.810000
 1 2.180000
 2 2.910000
 3 2.180000
 4 2.190000
 5 2.280000
 6 2.340000
 7 2.280000
 8 2.180000
 9 2.340000
 10 2.270000
 11 2.270000
 12 2.230000
 13 2.940000
 14 2.230000
 15 2.230000
 16 2.940000
 17 2.280000
 18 2.960000
 19 2.230000
 20 2.660000
 21 2.390000
 22 2.260000
 23 2.280000
 24 2.280000
 25 2.990000
 26 2.280000
 27 2.340000
 28 2.430000
 29 2.380000
 30 2.410000
 31 2.410000
 32 2.440000
 33 2.430000
 34 2.430000
 35 2.330000
 36 2.330000
 37 3.060000
 38 2.430000
 39 2.440000
 40 2.430000
 41 2.430000
 42 2.430000
 43 2.380000
 44 2.430000
 45 2.260000
 46 2.260000
 47 2.360000
 48 2.230000
 49 2.330000
 50 2.230000
 51 2.310000
 52 2.230000
 53 3.020000
 54 2.180000
 55 2.200000
 56 2.310000
 57 2.310000
 58 2.280000
 59 2.310000
 60 2.220000
 61 2.260000
 62 2.180000
 63 2.230000
 64 2.210000
 65 2.200000
 66 2.250000
 67 2.230000
 68 2.360000
 69 2.360000
 70 2.350000
 71 2.330000
 72 2.330000
 73 2.360000
 74 2.280000
 75 2.280000
 76 2.380000
 77 2.380000
 78 2.390000
 79 2.400000
 80 2.420000
 81 2.440000
 82 2.460000
 83 2.490000
 84 2.550000
 85 2.570000
 86 2.620000
 87 2.580000
 88 2.630000
 89 2.640000
 90 2.680000
 91 2.790000
 92 2.760000
 93 2.760000
 94 2.780000
 95 2.810000
 96 2.810000
 97 2.830000
 98 2.820000
 99 2.810000
 100 2.810000
 101 2.810000
 102 2.840000
 103 2.840000
 104 2.860000
 105 2.860000
 106 2.860000
 107 2.890000
 108 2.890000
 109 2.910000
 110 2.910000
 111 2.910000
 112 2.940000
 113 2.940000
 114 2.940000
 115 2.960000
 116 2.960000
 117 2.990000
 118 2.990000
 119 2.990000
 120 3.010000
 121 3.030000
 122 3.000000
 123 3.030000
 124 3.050000
 125 3.050000
 126 3.080000
 127 3.080000
 128 3.100000
 129 3.100000
 130 3.100000
 131 3.130000
 132 3.150000
 133 3.150000
 134 3.150000
 135 3.200000
 136 3.200000
 137 3.200000
 138 3.230000
 139 3.220000
 140 3.370000
 141 3.520000
 142 3.530000
 143 3.560000
 144 3.530000
 145 3.540000
 146 3.570000
 147 3.540000
 148 3.590000
 149 3.520000
 150 3.600000
 151 3.520000
 152 4.840000
 153 4.860000
 154 4.890000
 155 3.550000
 156 3.580000
 157 3.590000
 158 3.570000
 159 3.560000
 160 3.550000
 161 3.560000
 162 3.530000
 163 3.570000
 164 3.600000
 165 3.600000
 166 3.570000
 167 3.570000
 168 3.580000
 169 3.580000
 170 3.610000
 171 3.650000
 172 3.880000
 173 3.900000
 174 3.870000
 175 3.850000
 176 3.860000
 177 3.860000
 178 3.860000
 179 3.870000
 180 3.840000
 181 3.890000
 182 3.870000
 183 3.880000
 184 3.890000
 185 3.760000
 186 3.320000
 187 3.320000
 188 3.360000
 189 3.800000
 190 3.830000
 191 3.430000
 192 3.330000
 193 3.860000
 194 3.860000
 195 3.870000
 196 2.730000
 197 2.720000
 198 2.700000
 199 2.690000
 200 2.730000
 201 2.680000
 202 2.680000
 203 2.700000
 204 2.690000
 205 2.700000
 206 2.690000
 207 2.690000
 208 2.670000
 209 2.700000
 210 2.640000
 211 2.670000
 212 2.670000
 213 2.660000
 214 2.670000
 215 2.690000
 216 2.670000
 217 2.660000
 218 2.690000
 219 2.580000
 220 2.590000
 221 2.570000
 222 2.560000
 223 2.560000
 224 2.560000
 225 2.560000
 226 2.540000
 227 2.540000
 228 2.560000
 229 2.550000
 230 2.510000
 231 2.510000
 232 2.540000
 233 2.610000
 234 2.640000
 235 2.610000
 236 2.640000
 237 2.620000
 238 2.660000
 239 2.640000
 240 2.540000
 241 2.530000
 242 2.560000
 243 2.530000
 244 2.560000
 245 2.510000
 246 2.530000
 247 2.530000
 248 2.510000
 249 2.530000
 250 2.510000
 251 2.510000
 252 2.570000
 253 2.700000
 254 2.660000
 255 2.660000
 256 2.670000
 257 2.650000
 258 2.480000
 259 2.440000
 260 2.450000
 261 2.450000
 262 2.450000
 263 2.450000
 264 2.420000
 265 2.440000
 266 2.440000
 267 2.450000
 268 2.420000
 269 2.450000
 270 2.420000
 271 2.410000
 272 2.450000
 273 2.460000
 274 2.480000
 275 2.430000
 276 2.460000
 277 2.620000
 278 3.000000
 279 2.990000
 280 2.990000
 281 2.970000
 282 3.020000
 283 3.180000
 284 3.130000
 285 3.150000
 286 3.110000
 287 3.100000
 288 3.120000
 289 3.090000
 290 3.090000
 291 3.100000
 292 3.100000
 293 3.100000
 294 3.100000
 295 3.110000
 296 3.130000
 297 3.140000
 298 3.110000
 299 3.160000
 300 3.190000
 301 3.210000
 302 3.200000
 303 3.660000
 304 3.440000
 305 3.390000
 306 3.440000
 307 3.560000
 308 3.410000
 309 3.410000
 310 3.460000
 311 3.490000
 312 3.410000
 313 3.410000
 314 3.510000
 315 3.490000
 316 3.390000
 317 3.390000
 318 3.390000
 319 3.390000
 320 3.360000
 321 3.390000
 322 1.760000
 323 1.680000
 324 1.660000
 325 1.680000
 326 1.660000
 327 1.660000
 328 1.660000
 329 1.660000
 330 1.630000
 331 1.660000
 332 1.680000
 333 1.660000
 334 1.680000
 335 1.680000
 336 1.690000
 337 1.700000
 338 2.170000
 339 2.150000
 340 2.130000
 341 2.130000
 342 2.130000
 343 2.110000
 344 2.130000
 345 2.130000
 346 2.130000
 347 2.130000
 348 2.110000
 349 2.110000
 350 2.110000
 351 2.110000
 352 2.100000
 353 2.100000
 354 2.110000
 355 2.110000
 356 2.090000
 357 2.060000
 358 2.080000
 359 2.110000
 360 2.100000
 361 2.130000
 362 2.160000
 363 2.160000
 364 2.130000
 365 1.510000
 366 1.460000
 367 1.460000
 368 1.460000
 369 1.460000
 370 1.440000
 371 1.440000
 372 1.440000
 373 1.440000
 374 1.460000
 375 1.460000
 376 1.450000
 377 1.480000
 378 1.460000
 379 1.480000
 380 1.500000
 381 4.620000
 382 4.620000
 383 4.630000
 384 4.660000
 385 4.660000
 386 4.660000
 387 4.590000
 388 4.610000
 389 2.660000
 390 2.630000
 391 2.610000
 392 2.610000
 393 2.610000
 394 2.610000
 395 2.610000
 396 2.620000
 397 2.650000
 398 2.700000
 399 2.020000
 400 1.980000
 401 1.980000
 402 1.960000
 403 1.960000
 404 1.960000
 405 1.960000
 406 1.960000
 407 1.960000
 408 1.970000
 409 1.990000
 410 2.030000
 411 3.860000
 412 4.800000
 413 4.800000
 414 4.800000
 415 4.820000
 416 4.820000
 417 4.820000
 418 4.830000
 419 1.350000
 420 1.340000
 421 1.340000
 422 1.340000
 423 1.310000
 424 1.300000
 425 1.310000
 426 1.320000
 427 1.300000
 428 1.300000
 429 1.330000
 430 1.290000
 431 1.310000
 432 1.350000
 433 1.340000
 434 1.380000
 435 4.290000
 436 4.310000
 437 4.360000
 438 5.010000
 439 5.020000
 440 1.870000
 441 1.890000
 442 1.890000
 443 1.890000
 444 1.860000
 445 1.860000
 446 1.860000
 447 1.860000
 448 1.860000
 449 1.860000
 450 1.920000
 451 2.430000
 452 2.440000
 453 2.420000
 454 2.420000
 455 2.420000
 456 2.400000
 457 2.420000
 458 2.390000
 459 2.490000
 460 3.950000
 461 3.960000
 462 3.950000
 463 3.590000
 464 3.960000
 465 4.500000
 466 3.630000
 467 3.670000
 468 3.670000
 469 4.430000
 470 4.460000
 471 3.560000
 472 3.520000
 473 3.530000
 474 3.470000
 475 3.530000
 476 3.580000
 477 3.590000
 478 3.590000
 479 3.600000
 480 3.610000
 481 3.630000
 482 3.640000
 483 4.370000
 484 4.320000
 485 3.460000
 486 3.480000
 487 3.840000
 488 3.820000
 489 3.830000
 490 3.650000
 491 3.630000
 492 3.630000
 493 3.670000
 494 4.010000
 495 4.020000
 496 4.030000
 497 4.040000
 498 4.170000
 499 4.500000
 500 4.420000
 501 4.480000
 502 4.350000
 503 4.290000
 504 4.340000
 505 4.280000
 506 4.190000
 507 4.130000
 508 4.130000
 509 4.170000
 510 4.200000
 511 4.210000
 512 4.240000
 513 4.310000
 514 4.350000
 515 4.350000
 516 4.370000
 517 4.350000
 518 4.320000
 519 4.350000
 520 4.320000
 521 3.410000
 522 3.390000
 523 3.390000
 524 3.380000
 525 3.450000
 526 3.490000
 527 3.470000
 528 3.440000
 529 3.460000
 530 3.470000
 531 3.440000
 532 3.430000
 533 3.460000
 534 4.170000
 535 3.910000
 536 3.880000
 537 3.880000
 538 3.940000
 539 4.120000
 540 4.100000
 541 4.050000
 542 3.990000
 543 3.970000
 544 3.950000
 545 3.940000
 546 3.940000
 547 3.930000
 548 3.950000
 549 4.020000
 550 4.000000
 551 4.020000
 552 4.000000
 553 4.000000
 554 3.970000
 555 3.970000
 556 3.950000
 557 3.970000
 558 3.960000
 559 3.950000
 560 2.620000
 561 2.650000
 562 3.920000
 563 3.920000
 564 3.900000
 565 3.900000
 566 3.230000
 567 3.150000
 568 3.130000
 569 3.120000
 570 3.100000
 571 3.100000
 572 3.120000
 573 3.870000
 574 3.850000
 575 2.980000
 576 3.020000
 577 2.990000
 578 3.080000
 579 3.040000
 580 3.040000
 581 3.060000
 582 2.940000
 583 2.960000
 584 3.040000
 585 2.980000
 586 3.770000
 587 2.930000
 588 2.910000
 589 2.960000
 590 3.050000
 591 3.050000
 592 2.930000
 593 3.070000
 594 3.030000
 595 3.040000
 596 3.070000
 597 2.980000
 598 2.990000
 599 2.930000
 600 3.000000
 601 2.980000
 602 2.930000
 603 2.990000
 604 2.990000
 605 2.930000
 606 2.930000
 607 2.970000
 608 2.980000
 609 2.970000
 610 2.940000
 611 2.950000
 612 2.940000
 613 2.940000
 614 2.940000
 615 2.950000
 616 2.900000
 617 2.900000
 618 2.980000
 619 2.960000
 620 2.980000
 621 2.880000
 622 2.900000
 623 2.900000
 624 2.900000
 625 2.920000
 626 2.880000
 627 2.910000
 628 2.910000
 629 2.950000
 630 2.930000
 631 2.950000
 632 2.980000
 633 3.020000
 634 3.020000
 635 3.020000
 636 2.930000
 637 3.040000
 638 3.050000
 639 2.940000
 640 2.920000
 641 2.930000
 642 3.060000
 643 2.950000
 644 3.060000
 645 3.050000
 646 2.930000
 647 3.050000
 648 3.020000
 649 2.910000
 650 3.020000
 651 3.020000
 652 3.040000
 653 3.020000
 654 3.020000
 655 2.930000
 656 3.020000
 657 3.010000
 658 2.930000
 659 2.980000
 660 3.010000
 661 2.910000
 662 3.060000
 663 3.010000
 664 2.980000
 665 3.030000
 666 2.910000
 667 2.980000
 668 3.010000
 669 3.010000
 670 2.980000
 671 3.000000
 672 2.910000
 673 2.920000
 674 2.990000
 675 2.910000
 676 2.940000
 677 2.970000
 678 2.980000
 679 2.930000
 680 2.970000
 681 2.990000
 682 2.940000
 683 2.940000
 684 2.940000
 685 2.960000
 686 2.980000
 687 3.010000
 688 3.010000
 689 3.010000
 690 3.030000
 691 3.030000
 692 3.010000
 693 2.930000
 694 2.930000
 695 2.930000
 696 2.930000
 697 3.060000
 698 3.030000
 699 2.910000
 700 3.010000
 701 3.030000
 702 3.060000
 703 3.040000
 704 3.060000
 705 3.240000
 706 2.930000
 707 3.060000
 708 3.090000
 709 3.060000
 710 3.060000
 711 3.060000
 712 3.010000
 713 2.910000
 714 3.010000
 715 3.000000
 716 2.970000
 717 2.990000
 718 2.980000
 719 2.940000
 720 2.960000
 721 3.020000
 722 2.910000
 723 3.740000
 724 3.710000
 725 3.660000
 726 3.620000
 727 3.550000
 728 3.170000
 729 3.210000
 730 3.220000
 731 3.220000
 732 3.160000
 733 3.380000
 734 3.380000
 735 3.360000
 736 3.110000
 737 3.060000
 738 3.030000
 739 3.030000
 740 3.020000
 741 2.970000
 742 3.060000
 743 3.030000
 744 3.060000
 745 3.010000
 746 3.020000
 747 3.070000
 748 3.070000
 749 3.040000
 750 3.040000
 751 3.070000
 752 3.100000
 753 3.040000
 754 3.070000
 755 3.100000
 756 3.100000
 757 3.120000
 758 3.270000
 759 3.090000
 760 3.090000
 0 2.810000
 1 2.180000
 2 2.910000
 3 2.180000
 4 2.160000
 5 2.260000
 6 2.340000
 7 2.280000
 8 2.180000
 9 2.340000
 10 2.270000
 11 2.330000
 12 2.230000
 13 2.940000
 14 2.210000
 15 2.390000
 16 2.960000
 17 2.250000
 18 2.960000
 19 2.280000
 20 2.640000
 21 2.390000
 22 2.280000
 23 2.280000
 24 2.280000
 25 3.010000
 26 2.310000
 27 2.400000
 28 2.430000
 29 2.380000
 30 2.410000
 31 2.410000
 32 2.440000
 33 2.410000
 34 2.410000
 35 2.330000
 36 2.330000
 37 3.090000
 38 2.430000
 39 2.440000
 40 2.430000
 41 2.430000
 42 2.430000
 43 2.410000
 44 2.410000
 45 2.260000
 46 2.260000
 47 2.360000
 48 2.200000
 49 2.330000
 50 2.200000
 51 3.190000
 52 2.200000
 53 3.010000
 54 2.180000
 55 2.200000
 56 2.310000
 57 2.310000
 58 2.280000
 59 2.310000
 60 2.220000
 61 2.240000
 62 2.180000
 63 2.210000
 64 2.230000
 65 2.200000
 66 2.250000
 67 2.210000
 68 2.380000
 69 2.330000
 70 2.350000
 71 2.330000
 72 2.360000
 73 2.360000
 74 2.310000
 75 2.310000
 76 2.380000
 77 2.410000
 78 2.390000
 79 2.430000
 80 2.420000
 81 2.420000
 82 2.460000
 83 2.490000
 84 2.550000
 85 2.570000
 86 2.650000
 87 2.580000
 88 2.610000
 89 2.620000
 90 2.680000
 91 2.760000
 92 2.760000
 93 2.730000
 94 2.780000
 95 2.810000
 96 2.830000
 97 2.830000
 98 2.820000
 99 2.810000
 100 2.810000
 101 2.840000
 102 2.840000
 103 2.840000
 104 2.840000
 105 2.860000
 106 2.860000
 107 2.890000
 108 2.890000
 109 2.890000
 110 2.910000
 111 2.910000
 112 2.910000
 113 2.940000
 114 2.940000
 115 2.960000
 116 2.960000
 117 2.990000
 118 2.990000
 119 3.010000
 120 3.010000
 121 3.030000
 122 3.000000
 123 3.030000
 124 3.050000
 125 3.080000
 126 3.080000
 127 3.100000
 128 3.100000
 129 3.100000
 130 3.100000
 131 3.130000
 132 3.150000
 133 3.150000
 134 3.150000
 135 3.180000
 136 3.180000
 137 3.200000
 138 3.200000
 139 3.250000
 140 3.370000
 141 3.490000
 142 3.530000
 143 3.560000
 144 3.530000
 145 3.540000
 146 3.540000
 147 3.560000
 148 3.550000
 149 3.530000
 150 3.570000
 151 3.550000
 152 4.840000
 153 4.870000
 154 4.890000
 155 3.550000
 156 3.580000
 157 3.570000
 158 3.590000
 159 3.560000
 160 3.540000
 161 3.580000
 162 3.560000
 163 3.570000
 164 3.580000
 165 3.570000
 166 3.570000
 167 3.570000
 168 3.590000
 169 3.580000
 170 3.620000
 171 3.650000
 172 3.860000
 173 3.900000
 174 3.870000
 175 3.840000
 176 3.850000
 177 3.850000
 178 3.850000
 179 3.840000
 180 3.840000
 181 3.890000
 182 3.890000
 183 3.880000
 184 3.870000
 185 3.760000
 186 3.320000
 187 3.320000
 188 3.330000
 189 3.800000
 190 3.830000
 191 3.380000
 192 3.310000
 193 3.860000
 194 3.870000
 195 3.870000
 196 2.730000
 197 2.720000
 198 2.690000
 199 2.720000
 200 2.690000
 201 2.690000
 202 2.680000
 203 2.670000
 204 2.690000
 205 2.700000
 206 2.690000
 207 2.700000
 208 2.690000
 209 2.670000
 210 2.670000
 211 2.670000
 212 2.650000
 213 2.660000
 214 2.670000
 215 2.690000
 216 2.670000
 217 2.660000
 218 2.670000
 219 2.580000
 220 2.590000
 221 2.600000
 222 2.560000
 223 2.560000
 224 2.560000
 225 2.560000
 226 2.560000
 227 2.560000
 228 2.540000
 229 2.570000
 230 2.540000
 231 2.540000
 232 2.540000
 233 2.590000
 234 2.640000
 235 2.610000
 236 2.640000
 237 2.650000
 238 2.660000
 239 2.650000
 240 2.570000
 241 2.560000
 242 2.530000
 243 2.530000
 244 2.530000
 245 2.510000
 246 2.510000
 247 2.510000
 248 2.530000
 249 2.530000
 250 2.510000
 251 2.510000
 252 2.570000
 253 2.680000
 254 2.660000
 255 2.660000
 256 2.620000
 257 2.670000
 258 2.480000
 259 2.460000
 260 2.450000
 261 2.450000
 262 2.450000
 263 2.450000
 264 2.450000
 265 2.440000
 266 2.440000
 267 2.450000
 268 2.450000
 269 2.420000
 270 2.420000
 271 2.420000
 272 2.420000
 273 2.460000
 274 2.460000
 275 2.430000
 276 2.440000
 277 2.600000
 278 3.000000
 279 2.960000
 280 2.990000
 281 2.970000
 282 3.040000
 283 3.180000
 284 3.150000
 285 3.130000
 286 3.110000
 287 3.100000
 288 3.130000
 289 3.120000
 290 3.110000
 291 3.100000
 292 3.100000
 293 3.120000
 294 3.100000
 295 3.120000
 296 3.110000
 297 3.110000
 298 3.110000
 299 3.160000
 300 3.190000
 301 3.230000
 302 3.200000
 303 3.660000
 304 3.440000
 305 3.440000
 306 3.460000
 307 3.560000
 308 3.390000
 309 3.410000
 310 3.490000
 311 3.490000
 312 3.410000
 313 3.410000
 314 3.510000
 315 3.460000
 316 3.410000
 317 3.360000
 318 3.360000
 319 3.360000
 320 3.360000
 321 3.390000
 322 1.730000
 323 1.690000
 324 1.680000
 325 1.660000
 326 1.660000
 327 1.660000
 328 1.640000
 329 1.640000
 330 1.630000
 331 1.660000
 332 1.660000
 333 1.680000
 334 1.680000
 335 1.680000
 336 1.720000
 337 1.700000
 338 2.140000
 339 2.200000
 340 2.130000
 341 2.130000
 342 2.130000
 343 2.130000
 344 2.110000
 345 2.110000
 346 2.130000
 347 2.110000
 348 2.110000
 349 2.110000
 350 2.080000
 351 2.100000
 352 2.100000
 353 2.100000
 354 2.110000
 355 2.110000
 356 2.090000
 357 2.060000
 358 2.080000
 359 2.110000
 360 2.140000
 361 2.100000
 362 2.130000
 363 2.150000
 364 2.130000
 365 1.510000
 366 1.460000
 367 1.460000
 368 1.460000
 369 1.460000
 370 1.460000
 371 1.440000
 372 1.460000
 373 1.440000
 374 1.440000
 375 1.430000
 376 1.420000
 377 1.460000
 378 1.480000
 379 1.480000
 380 1.500000
 381 4.620000
 382 4.650000
 383 4.630000
 384 4.630000
 385 4.660000
 386 4.630000
 387 4.590000
 388 4.610000
 389 2.660000
 390 2.630000
 391 2.610000
 392 2.610000
 393 2.610000
 394 2.590000
 395 2.610000
 396 2.620000
 397 2.650000
 398 2.680000
 399 2.040000
 400 1.960000
 401 1.960000
 402 1.960000
 403 1.960000
 404 1.960000
 405 1.960000
 406 1.960000
 407 1.960000
 408 1.950000
 409 1.990000
 410 2.030000
 411 3.860000
 412 4.770000
 413 4.800000
 414 4.800000
 415 4.820000
 416 4.820000
 417 4.840000
 418 4.850000
 419 1.360000
 420 1.340000
 421 1.340000
 422 1.310000
 423 1.310000
 424 1.290000
 425 1.340000
 426 1.320000
 427 1.300000
 428 1.300000
 429 1.300000
 430 1.310000
 431 1.330000
 432 1.320000
 433 1.340000
 434 1.380000
 435 4.300000
 436 4.290000
 437 4.380000
 438 5.010000
 439 1.980000
 440 1.900000
 441 1.890000
 442 1.860000
 443 1.860000
 444 1.890000
 445 1.840000
 446 1.860000
 447 1.860000
 448 1.860000
 449 1.880000
 450 1.910000
 451 2.430000
 452 2.410000
 453 2.410000
 454 2.420000
 455 2.450000
 456 2.420000
 457 2.420000
 458 2.410000
 459 2.460000
 460 3.950000
 461 3.960000
 462 3.950000
 463 3.590000
 464 4.010000
 465 4.510000
 466 3.630000
 467 3.670000
 468 3.690000
 469 4.430000
 470 4.470000
 471 3.540000
 472 3.520000
 473 3.510000
 474 3.460000
 475 3.530000
 476 3.580000
 477 3.590000
 478 3.590000
 479 3.590000
 480 3.610000
 481 3.610000
 482 3.660000
 483 4.370000
 484 4.350000
 485 3.460000
 486 3.480000
 487 3.820000
 488 3.820000
 489 3.830000
 490 3.670000
 491 3.660000
 492 3.630000
 493 3.650000
 494 4.010000
 495 4.030000
 496 4.040000
 497 4.050000
 498 4.190000
 499 4.500000
 500 4.450000
 501 4.480000
 502 4.320000
 503 4.320000
 504 4.340000
 505 4.290000
 506 4.190000
 507 4.130000
 508 4.130000
 509 4.140000
 510 4.200000
 511 4.230000
 512 4.250000
 513 4.280000
 514 4.350000
 515 4.350000
 516 4.350000
 517 4.350000
 518 4.340000
 519 4.320000
 520 4.320000
 521 3.380000
 522 3.390000
 523 3.360000
 524 3.380000
 525 3.420000
 526 3.520000
 527 3.470000
 528 3.440000
 529 3.460000
 530 3.470000
 531 3.440000
 532 3.430000
 533 3.460000
 534 4.170000
 535 3.910000
 536 3.880000
 537 3.880000
 538 3.950000
 539 4.120000
 540 4.100000
 541 4.070000
 542 3.970000
 543 3.970000
 544 3.950000
 545 3.920000
 546 3.940000
 547 3.930000
 548 3.950000
 549 4.020000
 550 4.020000
 551 4.000000
 552 4.000000
 553 4.000000
 554 3.970000
 555 3.970000
 556 3.950000
 557 3.950000
 558 3.950000
 559 2.620000
 560 2.620000
 561 2.670000
 562 3.920000
 563 3.920000
 564 3.900000
 565 3.920000
 566 3.200000
 567 3.130000
 568 3.130000
 569 3.120000
 570 3.070000
 571 3.100000
 572 3.120000
 573 3.850000
 574 3.850000
 575 2.980000
 576 3.020000
 577 3.010000
 578 3.060000
 579 3.040000
 580 3.010000
 581 3.070000
 582 2.970000
 583 2.910000
 584 3.070000
 585 2.950000
 586 3.770000
 587 2.930000
 588 2.930000
 589 2.940000
 590 3.050000
 591 3.020000
 592 2.960000
 593 3.070000
 594 3.020000
 595 3.040000
 596 3.070000
 597 2.980000
 598 2.990000
 599 2.930000
 600 2.970000
 601 2.950000
 602 2.910000
 603 2.970000
 604 2.990000
 605 2.930000
 606 2.930000
 607 2.970000
 608 2.950000
 609 2.970000
 610 2.940000
 611 2.940000
 612 2.940000
 613 2.960000
 614 2.910000
 615 2.960000
 616 2.910000
 617 2.900000
 618 2.980000
 619 3.010000
 620 2.980000
 621 2.880000
 622 2.930000
 623 2.900000
 624 2.900000
 625 2.910000
 626 2.880000
 627 2.910000
 628 2.910000
 629 2.920000
 630 2.930000
 631 2.950000
 632 2.980000
 633 3.040000
 634 3.020000
 635 3.020000
 636 2.930000
 637 3.050000
 638 3.050000
 639 2.910000
 640 2.920000
 641 2.930000
 642 3.060000
 643 2.950000
 644 3.030000
 645 3.020000
 646 2.930000
 647 3.050000
 648 3.020000
 649 2.930000
 650 3.020000
 651 3.020000
 652 3.070000
 653 3.020000
 654 3.020000
 655 2.910000
 656 3.010000
 657 2.980000
 658 2.910000
 659 3.010000
 660 3.010000
 661 2.910000
 662 3.030000
 663 3.010000
 664 2.980000
 665 3.010000
 666 2.880000
 667 2.980000
 668 3.010000
 669 3.010000
 670 2.980000
 671 2.980000
 672 2.910000
 673 2.940000
 674 2.990000
 675 2.880000
 676 2.940000
 677 2.940000
 678 2.980000
 679 2.940000
 680 3.000000
 681 2.990000
 682 2.940000
 683 2.940000
 684 2.940000
 685 2.990000
 686 2.980000
 687 3.030000
 688 3.010000
 689 3.010000
 690 3.030000
 691 3.030000
 692 3.030000
 693 2.930000
 694 2.930000
 695 2.930000
 696 2.930000
 697 3.060000
 698 3.030000
 699 2.910000
 700 3.030000
 701 3.030000
 702 3.040000
 703 3.040000
 704 3.060000
 705 3.080000
 706 2.930000
 707 3.060000
 708 3.060000
 709 3.030000
 710 3.060000
 711 3.030000
 712 3.010000
 713 3.060000
 714 3.010000
 715 3.020000
 716 2.970000
 717 2.980000
 718 2.940000
 719 2.940000
 720 2.960000
 721 3.020000
 722 2.880000
 723 3.710000
 724 3.710000
 725 3.680000
 726 3.620000
 727 3.550000
 728 3.180000
 729 3.180000
 730 3.220000
 731 3.210000
 732 3.160000
 733 3.410000
 734 3.380000
 735 3.330000
 736 3.110000
 737 3.060000
 738 3.030000
 739 3.030000
 740 3.000000
 741 2.970000
 742 3.060000
 743 3.030000
 744 3.060000
 745 3.010000
 746 2.990000
 747 3.100000
 748 3.070000
 749 3.040000
 750 3.040000
 751 3.100000
 752 3.100000
 753 3.050000
 754 3.070000
 755 3.100000
 756 3.100000
 757 3.120000
 758 3.280000
 759 3.060000
 760 3.090000