
 0 3.140000
 1 3.170000
 2 3.140000
 3 3.110000
 4 3.010000
 5 3.140000
 6 3.140000
 7 3.030000
 8 3.050000
 9 3.190000
 10 3.040000
 11 3.080000
 12 3.190000
 13 3.140000
 14 3.070000
 15 3.060000
 16 3.030000
 17 3.140000
 18 3.190000
 19 3.140000
 20 3.140000
 21 3.160000
 22 3.140000
 23 3.030000
 24 3.030000
 25 3.000000
 26 3.020000
 27 3.140000
 28 3.010000
 29 3.140000
 30 3.010000
 31 3.140000
 32 3.110000
 33 2.980000
 34 3.140000
 35 3.110000
 36 2.910000
 37 2.700000
 38 2.360000
 39 2.170000
 40 2.160000
 41 2.140000
 42 2.150000
 43 2.130000
 44 2.160000
 45 2.140000
 46 2.150000
 47 2.150000
 48 2.150000
 49 2.150000
 50 2.150000
 51 2.150000
 52 2.230000
 53 2.260000
 54 2.210000
 55 2.210000
 56 2.160000
 57 2.190000
 58 2.190000
 59 2.190000
 60 2.180000
 61 2.210000
 62 2.210000
 63 2.190000
 64 2.180000
 65 2.160000
 66 2.160000
 67 2.190000
 68 2.210000
 69 2.220000
 70 2.230000
 71 2.210000
 72 2.210000
 73 2.210000
 74 2.210000
 75 2.210000
 76 2.240000
 77 2.330000
 78 2.210000
 79 2.170000
 80 2.210000
 81 2.170000
 82 2.210000
 83 2.210000
 84 2.230000
 85 2.260000
 86 2.270000
 87 2.240000
 88 2.230000
 89 2.260000
 90 2.260000
 91 2.270000
 92 2.270000
 93 2.260000
 94 2.260000
 95 2.240000
 96 2.240000
 97 2.210000
 98 2.220000
 99 2.220000
 100 2.240000
 101 2.280000
 102 2.260000
 103 2.280000
 104 2.280000
 105 2.300000
 106 2.300000
 107 2.320000
 108 2.290000
 109 2.310000
 110 2.310000
 111 2.310000
 112 2.310000
 113 2.320000
 114 2.350000
 115 2.320000
 116 2.340000
 117 2.330000
 118 2.360000
 119 2.350000
 120 2.500000
 121 2.390000
 122 1.620000
 123 1.530000
 124 1.480000
 125 1.480000
 126 1.460000
 127 1.460000
 128 1.460000
 129 1.460000
 130 1.460000
 131 1.460000
 132 1.460000
 133 1.460000
 134 1.460000
 135 1.460000
 136 1.490000
 137 1.510000
 138 1.470000
 139 2.390000
 140 2.360000
 141 2.410000
 142 2.430000
 143 2.430000
 144 2.420000
 145 2.490000
 146 3.560000
 147 3.600000
 148 3.630000
 149 3.520000
 150 1.230000
 151 1.180000
 152 1.180000
 153 1.160000
 154 1.160000
 155 1.160000
 156 1.160000
 157 1.160000
 158 1.110000
 159 1.140000
 160 1.140000
 161 1.140000
 162 1.140000
 163 1.160000
 164 1.140000
 165 1.160000
 166 1.140000
 167 1.160000
 168 1.160000
 169 1.190000
 170 1.200000
 171 1.160000
 172 3.710000
 173 3.760000
 174 3.770000
 175 3.760000
 176 3.810000
 177 3.830000
 178 3.840000
 179 3.860000
 180 3.890000
 181 3.870000
 182 3.900000
 183 3.900000
 184 3.910000
 185 3.910000
 186 3.910000
 187 3.940000
 188 3.910000
 189 1.820000
 190 1.810000
 191 1.810000
 192 1.810000
 193 1.780000
 194 1.790000
 195 1.780000
 196 1.780000
 197 1.020000
 198 0.910000
 199 0.890000
 200 0.890000
 201 0.880000
 202 0.860000
 203 0.860000
 204 0.890000
 205 0.890000
 206 0.860000
 207 0.860000
 208 0.860000
 209 0.860000
 210 0.830000
 211 0.840000
 212 0.840000
 213 0.860000
 214 0.860000
 215 0.880000
 216 0.860000
 217 0.860000
 218 0.860000
 219 0.860000
 220 0.880000
 221 0.880000
 222 0.880000
 223 0.900000
 224 0.940000
 225 1.530000
 226 1.540000
 227 1.560000
 228 1.540000
 229 1.540000
 230 1.510000
 231 1.460000
 232 1.510000
 233 1.530000
 234 1.530000
 235 1.530000
 236 1.530000
 237 1.530000
 238 1.530000
 239 1.560000
 240 1.580000
 241 2.160000
 242 2.210000
 243 2.180000
 244 2.210000
 245 2.220000
 246 2.250000
 247 4.990000
 248 4.890000
 249 5.020000
 250 4.980000
 251 4.970000
 252 4.960000
 253 4.960000
 254 4.940000
 255 4.940000
 256 4.940000
 257 4.920000
 258 4.760000
 259 4.760000
 260 4.730000
 261 4.710000
 262 4.680000
 263 4.810000
 264 4.780000
 265 4.780000
 266 4.740000
 267 2.060000
 268 2.010000
 269 1.990000
 270 1.840000
 271 1.340000
 272 1.360000
 273 1.340000
 274 1.350000
 275 1.350000
 276 1.350000
 277 1.320000
 278 1.350000
 279 1.350000
 280 1.320000
 281 1.320000
 282 1.330000
 283 1.330000
 284 1.330000
 285 1.350000
 286 1.370000
 287 1.380000
 288 1.410000
 289 4.470000
 290 4.490000
 291 4.460000
 292 4.460000
 293 4.440000
 294 4.440000
 295 4.450000
 296 4.430000
 297 4.450000
 298 4.430000
 299 4.410000
 300 4.380000
 301 4.380000
 302 4.410000
 303 1.830000
 304 1.830000
 305 1.920000
 306 1.860000
 307 1.840000
 308 1.860000
 309 1.860000
 310 1.840000
 311 1.840000
 312 1.840000
 313 1.840000
 314 1.830000
 315 1.870000
 316 1.890000
 317 1.950000
 318 4.200000
 319 4.200000
 320 4.200000
 321 4.180000
 322 4.180000
 323 4.160000
 324 4.160000
 325 4.180000
 326 4.200000
 327 4.180000
 328 4.150000
 329 4.130000
 330 4.130000
 331 4.130000
 332 4.110000
 333 4.270000
 334 4.270000
 335 4.240000
 336 4.270000
 337 4.230000
 338 4.210000
 339 4.200000
 340 4.210000
 341 4.180000
 342 4.180000
 343 4.210000
 344 4.180000
 345 4.230000
 346 4.170000
 347 4.140000
 348 4.140000
 349 4.170000
 350 4.140000
 351 4.090000
 352 4.110000
 353 4.110000
 354 4.090000
 355 4.090000
 356 4.100000
 357 4.090000
 358 4.120000
 359 4.140000
 360 4.110000
 361 4.110000
 362 4.110000
 363 4.130000
 364 4.110000
 365 4.150000
 366 4.080000
 367 4.050000
 368 4.090000
 369 4.680000
 370 4.980000
 371 4.980000
 372 2.410000
 373 5.030000
 374 5.020000
 375 5.000000
 376 4.970000
 377 5.000000
 378 5.000000
 379 2.240000
 380 2.330000
 381 2.400000
 382 5.010000
 383 4.980000
 384 4.960000
 385 5.030000
 386 5.030000
 387 4.250000
 388 4.870000
 389 4.860000
 390 4.960000
 391 4.240000
 392 4.180000
 393 4.200000
 394 4.270000
 395 4.810000
 396 4.780000
 397 4.690000
 398 4.660000
 399 4.650000
 400 4.490000
 401 4.450000
 402 4.510000
 403 4.510000
 404 4.520000
 405 4.440000
 406 4.460000
 407 4.300000
 408 4.250000
 409 4.260000
 410 4.270000
 411 4.270000
 412 4.320000
 413 4.260000
 414 4.240000
 415 4.230000
 416 4.280000
 417 4.370000
 418 4.370000
 419 4.320000
 420 4.260000
 421 4.240000
 422 4.220000
 423 4.180000
 424 3.930000
 425 3.800000
 426 3.770000
 427 3.720000
 428 3.670000
 429 3.650000
 430 3.650000
 431 3.630000
 432 3.630000
 433 3.570000
 434 3.580000
 435 3.580000
 436 3.550000
 437 3.500000
 438 3.560000
 439 3.510000
 440 3.510000
 441 3.480000
 442 3.480000
 443 3.480000
 444 3.550000
 445 3.580000
 446 3.590000
 447 3.590000
 448 3.540000
 449 3.560000
 450 3.540000
 451 3.540000
 452 3.530000
 453 3.540000
 454 3.520000
 455 3.510000
 456 3.500000
 457 3.440000
 458 3.430000
 459 3.390000
 460 3.500000
 461 3.450000
 462 3.480000
 463 3.460000
 464 3.510000
 465 3.510000
 466 3.490000
 467 3.490000
 468 3.390000
 469 3.480000
 470 3.490000
 471 3.460000
 472 3.480000
 473 3.460000
 474 3.460000
 475 3.440000
 476 3.430000
 477 3.400000
 478 3.240000
 479 3.410000
 480 3.340000
 481 3.410000
 482 3.390000
 483 3.360000
 484 3.340000
 485 3.310000
 486 3.290000
 487 3.240000
 488 3.240000
 489 3.230000
 490 3.240000
 491 3.210000
 492 3.150000
 493 3.150000
 494 3.150000
 495 3.160000
 496 3.130000
 497 3.110000
 498 3.090000
 499 3.090000
 500 3.090000
 501 3.060000
 502 3.080000
 503 3.050000
 504 3.040000
 505 3.060000
 506 3.030000
 507 3.030000
 508 3.030000
 509 3.010000
 510 3.050000
 511 3.060000
 512 3.050000
 513 3.070000
 514 3.050000
 515 2.580000
 516 2.510000
 517 2.420000
 518 2.200000
 519 2.140000
 520 2.110000
 521 2.070000
 522 2.070000
 523 2.030000
 524 2.060000
 525 2.030000
 526 2.010000
 527 2.010000
 528 1.960000
 529 1.970000
 530 1.970000
 531 1.960000
 532 3.030000
 533 3.040000
 534 3.010000
 535 3.010000
 536 2.990000
 537 3.020000
 538 3.010000
 539 3.020000
 540 3.030000
 541 3.030000
 542 3.030000
 543 3.020000
 544 3.000000
 545 2.990000
 546 3.020000
 547 3.020000
 548 3.040000
 549 3.020000
 550 3.020000
 551 3.040000
 552 3.040000
 553 3.070000
 554 3.070000
 555 1.780000
 556 1.820000
 557 1.760000
 558 1.780000
 559 1.760000
 560 1.810000
 561 1.780000
 562 1.800000
 563 1.800000
 564 1.810000
 565 1.820000
 566 1.800000
 567 1.820000
 568 1.860000
 569 1.850000
 570 1.850000
 571 1.850000
 572 1.870000
 573 1.870000
 574 1.900000
 575 1.900000
 576 1.900000
 577 1.920000
 578 1.900000
 579 1.920000
 580 1.950000
 581 1.950000
 582 1.970000
 583 1.970000
 584 1.970000
 585 2.000000
 586 2.010000
 587 2.010000
 588 2.030000
 589 2.030000
 590 2.030000
 591 2.080000
 592 2.080000
 593 2.110000
 594 2.110000
 595 2.130000
 596 2.130000
 597 2.160000
 598 2.180000
 599 2.210000
 600 2.210000
 601 2.210000
 602 2.240000
 603 2.240000
 604 2.210000
 605 2.210000
 606 2.260000
 607 2.260000
 608 2.280000
 609 2.280000
 610 1.430000
 611 1.430000
 612 1.410000
 613 1.400000
 614 1.390000
 615 1.400000
 616 1.420000
 617 1.420000
 618 1.420000
 619 1.420000
 620 1.450000
 621 1.450000
 622 1.470000
 623 1.470000
 624 1.470000
 625 1.500000
 626 1.500000
 627 1.500000
 628 1.520000
 629 1.520000
 630 1.550000
 631 1.550000
 632 1.550000
 633 1.570000
 634 1.590000
 635 1.600000
 636 1.600000
 637 1.590000
 638 1.640000
 639 1.640000
 640 1.640000
 641 1.670000
 642 1.690000
 643 1.690000
 644 1.690000
 645 1.720000
 646 1.720000
 647 1.730000
 648 1.770000
 649 1.770000
 650 1.790000
 651 1.820000
 652 1.820000
 653 1.840000
 654 1.830000
 655 1.860000
 656 1.890000
 657 1.910000
 658 1.890000
 659 3.380000
 660 3.390000
 661 3.350000
 662 3.370000
 663 3.390000
 664 3.410000
 665 3.350000
 666 3.350000
 667 3.350000
 668 3.320000
 669 3.320000
 670 3.300000
 671 3.270000
 672 3.250000
 673 3.240000
 674 3.210000
 675 2.730000
 676 2.700000
 677 2.670000
 678 2.670000
 679 2.670000
 680 2.680000
 681 2.700000
 682 2.670000
 683 2.670000
 684 2.700000
 685 2.670000
 686 2.670000
 687 2.710000
 688 2.680000
 689 2.720000
 690 2.720000
 691 2.700000
 692 2.720000
 693 2.720000
 694 2.720000
 695 2.720000
 696 2.710000
 697 2.730000
 698 2.730000
 699 2.790000
 700 2.710000
 701 2.790000
 702 2.810000
 703 2.920000
 704 3.110000
 705 2.890000
 706 2.860000
 707 3.310000
 708 1.590000
 709 1.590000
 710 1.570000
 711 3.490000
 712 3.540000
 713 3.540000
 714 3.510000
 715 3.580000
 716 3.590000
 717 3.640000
 718 3.640000
 719 3.690000
 720 3.710000
 721 3.710000
 722 3.710000
 723 3.750000
 724 3.750000
 725 3.760000
 726 3.770000
 727 3.790000
 728 3.800000
 729 3.800000
 730 3.810000
 731 3.820000
 732 3.820000
 733 3.810000
 734 3.860000
 735 3.890000
 736 3.890000
 737 3.900000
 738 3.950000
 739 3.350000
 740 3.300000
 741 2.900000
 742 2.930000
 743 3.940000
 744 3.550000
 745 3.960000
 746 3.970000
 747 4.000000
 748 3.960000
 749 4.000000
 750 4.000000
 751 3.990000
 752 3.990000
 753 4.000000
 754 4.000000
 755 4.010000
 756 4.020000
 757 4.010000
 758 4.040000
 759 4.040000
 760 4.040000
 0 3.140000
 1 3.140000
 2 3.140000
 3 3.140000
 4 3.010000
 5 3.140000
 6 3.140000
 7 3.030000
 8 3.050000
 9 3.190000
 10 3.070000
 11 3.080000
 12 3.190000
 13 3.140000
 14 3.080000
 15 3.030000
 16 3.190000
 17 3.160000
 18 3.160000
 19 3.140000
 20 3.110000
 21 3.160000
 22 3.140000
 23 3.030000
 24 3.030000
 25 3.030000
 26 3.050000
 27 3.110000
 28 3.010000
 29 3.140000
 30 2.980000
 31 3.140000
 32 3.110000
 33 2.980000
 34 3.140000
 35 3.110000
 36 2.910000
 37 2.720000
 38 2.330000
 39 2.190000
 40 2.190000
 41 2.140000
 42 2.150000
 43 2.160000
 44 2.140000
 45 2.140000
 46 2.130000
 47 2.150000
 48 2.150000
 49 2.150000
 50 2.150000
 51 2.150000
 52 2.230000
 53 2.290000
 54 2.240000
 55 2.210000
 56 2.190000
 57 2.190000
 58 2.190000
 59 2.190000
 60 2.230000
 61 2.200000
 62 2.200000
 63 2.210000
 64 2.210000
 65 2.190000
 66 2.200000
 67 2.190000
 68 2.210000
 69 2.220000
 70 2.200000
 71 2.220000
 72 2.210000
 73 2.210000
 74 2.210000
 75 2.210000
 76 2.260000
 77 2.330000
 78 2.210000
 79 2.170000
 80 2.200000
 81 2.200000
 82 2.180000
 83 2.240000
 84 2.230000
 85 2.280000
 86 2.250000
 87 2.230000
 88 2.230000
 89 2.240000
 90 2.260000
 91 2.270000
 92 2.270000
 93 2.250000
 94 2.260000
 95 2.240000
 96 2.240000
 97 2.240000
 98 2.250000
 99 2.220000
 100 2.240000
 101 2.280000
 102 2.280000
 103 2.280000
 104 2.280000
 105 2.300000
 106 2.330000
 107 2.300000
 108 2.310000
 109 2.310000
 110 2.310000
 111 2.310000
 112 2.310000
 113 2.320000
 114 2.320000
 115 2.350000
 116 2.340000
 117 2.330000
 118 2.330000
 119 2.350000
 120 2.470000
 121 2.370000
 122 1.590000
 123 1.510000
 124 1.480000
 125 1.480000
 126 1.480000
 127 1.460000
 128 1.460000
 129 1.460000
 130 1.460000
 131 1.460000
 132 1.460000
 133 1.460000
 134 1.490000
 135 1.460000
 136 1.490000
 137 1.510000
 138 1.470000
 139 2.390000
 140 2.390000
 141 2.410000
 142 2.430000
 143 2.430000
 144 2.430000
 145 2.460000
 146 3.560000
 147 3.600000
 148 3.660000
 149 3.550000
 150 1.210000
 151 1.180000
 152 1.180000
 153 1.190000
 154 1.160000
 155 1.160000
 156 1.160000
 157 1.140000
 158 1.110000
 159 1.140000
 160 1.140000
 161 1.110000
 162 1.140000
 163 1.140000
 164 1.140000
 165 1.160000
 166 1.140000
 167 1.160000
 168 1.160000
 169 1.160000
 170 1.170000
 171 1.160000
 172 3.710000
 173 3.750000
 174 3.760000
 175 3.790000
 176 3.800000
 177 3.830000
 178 3.840000
 179 3.880000
 180 3.860000
 181 3.890000
 182 3.870000
 183 3.900000
 184 3.920000
 185 3.900000
 186 3.900000
 187 3.940000
 188 3.930000
 189 1.820000
 190 1.810000
 191 1.780000
 192 1.790000
 193 1.790000
 194 1.780000
 195 1.760000
 196 1.760000
 197 0.880000
 198 0.910000
 199 0.890000
 200 0.890000
 201 0.880000
 202 0.890000
 203 0.860000
 204 0.860000
 205 0.860000
 206 0.840000
 207 0.840000
 208 0.840000
 209 0.830000
 210 0.860000
 211 0.860000
 212 0.840000
 213 0.840000
 214 0.860000
 215 0.860000
 216 0.860000
 217 0.860000
 218 0.880000
 219 0.880000
 220 0.880000
 221 0.880000
 222 0.880000
 223 0.900000
 224 0.950000
 225 1.530000
 226 1.540000
 227 1.540000
 228 1.540000
 229 1.510000
 230 1.510000
 231 1.430000
 232 1.510000
 233 1.510000
 234 1.530000
 235 1.510000
 236 1.530000
 237 1.560000
 238 1.530000
 239 1.560000
 240 1.610000
 241 2.180000
 242 2.180000
 243 2.180000
 244 2.210000
 245 2.220000
 246 2.270000
 247 4.990000
 248 4.890000
 249 5.010000
 250 4.980000
 251 4.990000
 252 4.960000
 253 4.930000
 254 4.970000
 255 4.940000
 256 4.940000
 257 4.920000
 258 4.910000
 259 4.730000
 260 4.760000
 261 4.710000
 262 4.810000
 263 4.780000
 264 4.780000
 265 4.760000
 266 4.740000
 267 2.030000
 268 2.010000
 269 1.990000
 270 1.960000
 271 1.360000
 272 1.360000
 273 1.340000
 274 1.350000
 275 1.370000
 276 1.320000
 277 1.350000
 278 1.320000
 279 1.320000
 280 1.320000
 281 1.320000
 282 1.330000
 283 1.330000
 284 1.370000
 285 1.370000
 286 1.350000
 287 1.380000
 288 1.410000
 289 4.480000
 290 4.460000
 291 4.440000
 292 4.460000
 293 4.440000
 294 4.440000
 295 4.420000
 296 4.420000
 297 4.450000
 298 4.430000
 299 4.410000
 300 4.380000
 301 4.380000
 302 4.410000
 303 4.310000
 304 1.850000
 305 1.920000
 306 1.860000
 307 1.860000
 308 1.840000
 309 1.860000
 310 1.840000
 311 1.840000
 312 1.840000
 313 1.840000
 314 1.830000
 315 1.870000
 316 1.890000
 317 1.960000
 318 4.230000
 319 4.200000
 320 4.180000
 321 4.180000
 322 4.180000
 323 4.180000
 324 4.160000
 325 4.150000
 326 4.180000
 327 4.180000
 328 4.150000
 329 4.180000
 330 4.150000
 331 4.160000
 332 4.130000
 333 4.250000
 334 4.240000
 335 4.270000
 336 4.240000
 337 4.230000
 338 4.230000
 339 4.200000
 340 4.210000
 341 4.180000
 342 4.210000
 343 4.210000
 344 4.180000
 345 4.210000
 346 4.170000
 347 4.140000
 348 4.140000
 349 4.140000
 350 4.110000
 351 4.090000
 352 4.110000
 353 4.110000
 354 4.110000
 355 4.100000
 356 4.090000
 357 4.090000
 358 4.090000
 359 4.110000
 360 4.110000
 361 4.100000
 362 4.100000
 363 4.120000
 364 4.110000
 365 4.120000
 366 4.060000
 367 4.070000
 368 4.090000
 369 4.650000
 370 4.980000
 371 5.010000
 372 2.410000
 373 4.980000
 374 4.990000
 375 4.990000
 376 4.990000
 377 4.970000
 378 4.990000
 379 2.260000
 380 2.330000
 381 2.370000
 382 4.980000
 383 4.960000
 384 4.980000
 385 5.050000
 386 5.040000
 387 4.270000
 388 4.870000
 389 4.860000
 390 4.940000
 391 4.240000
 392 4.170000
 393 4.200000
 394 4.260000
 395 4.790000
 396 4.790000
 397 4.640000
 398 4.640000
 399 4.640000
 400 4.520000
 401 4.420000
 402 4.490000
 403 4.490000
 404 4.490000
 405 4.440000
 406 4.440000
 407 4.290000
 408 4.260000
 409 4.260000
 410 4.270000
 411 4.260000
 412 4.290000
 413 4.290000
 414 4.260000
 415 4.260000
 416 4.310000
 417 4.370000
 418 4.340000
 419 4.290000
 420 4.240000
 421 4.220000
 422 4.210000
 423 4.180000
 424 3.930000
 425 3.850000
 426 3.770000
 427 3.690000
 428 3.640000
 429 3.640000
 430 3.620000
 431 3.630000
 432 3.580000
 433 3.600000
 434 3.580000
 435 3.550000
 436 3.550000
 437 3.530000
 438 3.530000
 439 3.510000
 440 3.480000
 441 3.480000
 442 3.480000
 443 3.570000
 444 3.590000
 445 3.590000
 446 3.590000
 447 3.560000
 448 3.560000
 449 3.560000
 450 3.540000
 451 3.510000
 452 3.500000
 453 3.510000
 454 3.530000
 455 3.510000
 456 3.480000
 457 3.440000
 458 3.450000
 459 3.420000
 460 3.480000
 461 3.420000
 462 3.440000
 463 3.440000
 464 3.490000
 465 3.490000
 466 3.490000
 467 3.460000
 468 3.390000
 469 3.490000
 470 3.490000
 471 3.460000
 472 3.490000
 473 3.450000
 474 3.440000
 475 3.430000
 476 3.430000
 477 3.420000
 478 3.210000
 479 3.390000
 480 3.190000
 481 3.390000
 482 3.390000
 483 3.360000
 484 3.340000
 485 3.290000
 486 3.280000
 487 3.260000
 488 3.240000
 489 3.200000
 490 3.240000
 491 3.200000
 492 3.190000
 493 3.150000
 494 3.160000
 495 3.140000
 496 3.140000
 497 3.110000
 498 3.090000
 499 3.110000
 500 3.060000
 501 3.060000
 502 3.050000
 503 3.060000
 504 3.040000
 505 3.040000
 506 3.050000
 507 3.020000
 508 3.040000
 509 3.000000
 510 3.060000
 511 3.030000
 512 3.060000
 513 3.050000
 514 3.040000
 515 2.560000
 516 2.510000
 517 2.390000
 518 2.200000
 519 2.110000
 520 2.110000
 521 2.090000
 522 2.040000
 523 2.030000
 524 2.050000
 525 2.060000
 526 2.010000
 527 2.010000
 528 1.930000
 529 1.970000
 530 1.940000
 531 1.930000
 532 3.030000
 533 3.040000
 534 3.010000
 535 3.010000
 536 2.990000
 537 2.990000
 538 3.010000
 539 2.990000
 540 3.030000
 541 3.020000
 542 2.990000
 543 2.990000
 544 3.030000
 545 3.020000
 546 3.020000
 547 3.020000
 548 3.040000
 549 3.040000
 550 3.020000
 551 3.040000
 552 3.040000
 553 3.040000
 554 3.080000
 555 1.850000
 556 1.810000
 557 1.770000
 558 1.780000
 559 1.780000
 560 1.780000
 561 1.810000
 562 1.800000
 563 1.810000
 564 1.810000
 565 1.820000
 566 1.830000
 567 1.820000
 568 1.820000
 569 1.850000
 570 1.870000
 571 1.870000
 572 1.870000
 573 1.870000
 574 1.870000
 575 1.900000
 576 1.900000
 577 1.920000
 578 1.920000
 579 1.920000
 580 1.950000
 581 1.950000
 582 1.950000
 583 1.970000
 584 1.980000
 585 2.000000
 586 2.000000
 587 2.010000
 588 2.030000
 589 2.060000
 590 2.060000
 591 2.060000
 592 2.080000
 593 2.110000
 594 2.110000
 595 2.130000
 596 2.130000
 597 2.160000
 598 2.210000
 599 2.180000
 600 2.210000
 601 2.210000
 602 2.240000
 603 2.210000
 604 2.210000
 605 2.210000
 606 2.260000
 607 2.260000
 608 2.260000
 609 2.280000
 610 1.400000
 611 1.440000
 612 1.400000
 613 1.400000
 614 1.390000
 615 1.400000
 616 1.420000
 617 1.420000
 618 1.420000
 619 1.420000
 620 1.450000
 621 1.450000
 622 1.450000
 623 1.470000
 624 1.470000
 625 1.500000
 626 1.500000
 627 1.520000
 628 1.490000
 629 1.550000
 630 1.520000
 631 1.550000
 632 1.570000
 633 1.570000
 634 1.600000
 635 1.590000
 636 1.620000
 637 1.640000
 638 1.640000
 639 1.640000
 640 1.670000
 641 1.670000
 642 1.670000
 643 1.690000
 644 1.690000
 645 1.720000
 646 1.740000
 647 1.740000
 648 1.770000
 649 1.780000
 650 1.780000
 651 1.790000
 652 1.820000
 653 1.840000
 654 1.860000
 655 1.840000
 656 1.880000
 657 1.910000
 658 1.920000
 659 3.380000
 660 3.410000
 661 3.380000
 662 3.400000
 663 3.410000
 664 3.390000
 665 3.350000
 666 3.340000
 667 3.340000
 668 3.340000
 669 3.330000
 670 3.300000
 671 3.270000
 672 3.250000
 673 3.230000
 674 3.240000
 675 2.730000
 676 2.700000
 677 2.710000
 678 2.670000
 679 2.670000
 680 2.680000
 681 2.670000
 682 2.670000
 683 2.670000
 684 2.670000
 685 2.670000
 686 2.690000
 687 2.710000
 688 2.680000
 689 2.690000
 690 2.720000
 691 2.720000
 692 2.720000
 693 2.720000
 694 2.720000
 695 2.720000
 696 2.720000
 697 2.730000
 698 2.750000
 699 2.760000
 700 2.740000
 701 2.760000
 702 2.810000
 703 2.840000
 704 3.000000
 705 2.890000
 706 2.860000
 707 3.280000
 708 1.590000
 709 1.590000
 710 1.610000
 711 3.490000
 712 3.510000
 713 3.530000
 714 3.590000
 715 3.590000
 716 3.610000
 717 3.640000
 718 3.660000
 719 3.680000
 720 3.710000
 721 3.730000
 722 3.760000
 723 3.740000
 724 3.740000
 725 3.760000
 726 3.770000
 727 3.790000
 728 3.790000
 729 3.790000
 730 3.810000
 731 3.800000
 732 3.800000
 733 3.820000
 734 3.870000
 735 3.870000
 736 3.890000
 737 3.890000
 738 3.910000
 739 3.340000
 740 3.310000
 741 2.900000
 742 2.910000
 743 3.970000
 744 3.550000
 745 3.940000
 746 3.960000
 747 3.990000
 748 3.970000
 749 3.990000
 750 3.990000
 751 4.010000
 752 3.990000
 753 3.980000
 754 3.990000
 755 4.040000
 756 3.990000
 757 4.010000
 758 4.040000
 759 4.040000
 760 4.050000
 0 3.140000
 1 3.140000
 2 3.140000
 3 3.140000
 4 3.010000
 5 3.160000
 6 3.140000
 7 3.030000
 8 3.050000
 9 3.190000
 10 3.040000
 11 3.060000
 12 3.160000
 13 3.140000
 14 3.040000
 15 3.040000
 16 3.210000
 17 3.160000
 18 3.160000
 19 3.160000
 20 3.140000
 21 3.160000
 22 3.140000
 23 3.030000
 24 3.000000
 25 3.010000
 26 3.020000
 27 3.110000
 28 3.010000
 29 3.140000
 30 2.980000
 31 3.140000
 32 3.110000
 33 2.980000
 34 3.140000
 35 3.090000
 36 2.910000
 37 2.720000
 38 2.330000
 39 2.170000
 40 2.170000
 41 2.140000
 42 2.150000
 43 2.130000
 44 2.140000
 45 2.140000
 46 2.120000
 47 2.150000
 48 2.120000
 49 2.150000
 50 2.150000
 51 2.150000
 52 2.230000
 53 2.290000
 54 2.240000
 55 2.210000
 56 2.190000
 57 2.190000
 58 2.190000
 59 2.210000
 60 2.200000
 61 2.210000
 62 2.220000
 63 2.210000
 64 2.210000
 65 2.190000
 66 2.200000
 67 2.190000
 68 2.210000
 69 2.220000
 70 2.230000
 71 2.220000
 72 2.190000
 73 2.210000
 74 2.240000
 75 2.210000
 76 2.260000
 77 2.330000
 78 2.210000
 79 2.200000
 80 2.200000
 81 2.170000
 82 2.210000
 83 2.240000
 84 2.230000
 85 2.250000
 86 2.250000
 87 2.240000
 88 2.230000
 89 2.240000
 90 2.260000
 91 2.270000
 92 2.250000
 93 2.250000
 94 2.260000
 95 2.240000
 96 2.240000
 97 2.210000
 98 2.220000
 99 2.220000
 100 2.240000
 101 2.310000
 102 2.280000
 103 2.280000
 104 2.310000
 105 2.300000
 106 2.300000
 107 2.300000
 108 2.310000
 109 2.330000
 110 2.310000
 111 2.310000
 112 2.340000
 113 2.320000
 114 2.350000
 115 2.350000
 116 2.310000
 117 2.330000
 118 2.360000
 119 2.350000
 120 2.470000
 121 2.390000
 122 1.620000
 123 1.510000
 124 1.510000
 125 1.480000
 126 1.460000
 127 1.460000
 128 1.440000
 129 1.460000
 130 1.460000
 131 1.460000
 132 1.460000
 133 1.460000
 134 1.490000
 135 1.490000
 136 1.460000
 137 1.510000
 138 1.470000
 139 2.390000
 140 2.390000
 141 2.410000
 142 2.430000
 143 2.450000
 144 2.450000
 145 2.490000
 146 3.560000
 147 3.570000
 148 3.660000
 149 3.550000
 150 1.230000
 151 1.210000
 152 1.180000
 153 1.160000
 154 1.140000
 155 1.160000
 156 1.160000
 157 1.140000
 158 1.110000
 159 1.140000
 160 1.140000
 161 1.140000
 162 1.140000
 163 1.160000
 164 1.160000
 165 1.160000
 166 1.140000
 167 1.160000
 168 1.160000
 169 1.160000
 170 1.170000
 171 1.160000
 172 3.710000
 173 3.750000
 174 3.770000
 175 3.790000
 176 3.790000
 177 3.850000
 178 3.840000
 179 3.850000
 180 3.870000
 181 3.870000
 182 3.890000
 183 3.880000
 184 3.900000
 185 3.900000
 186 3.930000
 187 3.900000
 188 3.930000
 189 1.820000
 190 1.810000
 191 1.810000
 192 1.780000
 193 1.790000
 194 1.780000
 195 1.760000
 196 1.760000
 197 1.020000
 198 0.880000
 199 0.890000
 200 0.890000
 201 0.880000
 202 0.860000
 203 0.860000
 204 0.860000
 205 0.860000
 206 0.860000
 207 0.840000
 208 0.840000
 209 0.830000
 210 0.830000
 211 0.860000
 212 0.860000
 213 0.840000
 214 0.860000
 215 0.880000
 216 0.860000
 217 0.880000
 218 0.880000
 219 0.860000
 220 0.880000
 221 0.880000
 222 0.880000
 223 0.900000
 224 0.950000
 225 1.530000
 226 1.560000
 227 1.560000
 228 1.540000
 229 1.540000
 230 1.510000
 231 1.430000
 232 1.510000
 233 1.510000
 234 1.510000
 235 1.530000
 236 1.510000
 237 1.530000
 238 1.530000
 239 1.580000
 240 1.610000
 241 2.160000
 242 2.180000
 243 2.210000
 244 2.230000
 245 2.220000
 246 2.270000
 247 4.990000
 248 4.890000
 249 4.980000
 250 4.980000
 251 4.990000
 252 4.930000
 253 4.960000
 254 4.930000
 255 4.930000
 256 4.940000
 257 4.940000
 258 4.910000
 259 4.730000
 260 4.730000
 261 4.710000
 262 4.680000
 263 4.780000
 264 4.780000
 265 4.780000
 266 4.720000
 267 2.030000
 268 2.010000
 269 2.010000
 270 1.960000
 271 1.390000
 272 1.340000
 273 1.340000
 274 1.370000
 275 1.350000
 276 1.350000
 277 1.320000
 278 1.320000
 279 1.350000
 280 1.320000
 281 1.320000
 282 1.330000
 283 1.330000
 284 1.330000
 285 1.340000
 286 1.370000
 287 1.380000
 288 1.380000
 289 4.490000
 290 4.460000
 291 4.460000
 292 4.440000
 293 4.460000
 294 4.410000
 295 4.420000
 296 4.420000
 297 4.450000
 298 4.430000
 299 4.430000
 300 4.380000
 301 4.360000
 302 4.410000
 303 4.280000
 304 1.850000
 305 1.920000
 306 1.860000
 307 1.860000
 308 1.840000
 309 1.840000
 310 1.840000
 311 1.860000
 312 1.810000
 313 1.840000
 314 1.830000
 315 1.870000
 316 1.890000
 317 1.980000
 318 4.230000
 319 4.200000
 320 4.200000
 321 4.210000
 322 4.160000
 323 4.180000
 324 4.180000
 325 4.180000
 326 4.180000
 327 4.180000
 328 4.180000
 329 4.150000
 330 4.130000
 331 4.160000
 332 4.110000
 333 4.250000
 334 4.240000
 335 4.240000
 336 4.260000
 337 4.230000
 338 4.210000
 339 4.200000
 340 4.210000
 341 4.180000
 342 4.210000
 343 4.210000
 344 4.180000
 345 4.230000
 346 4.190000
 347 4.140000
 348 4.140000
 349 4.140000
 350 4.140000
 351 4.090000
 352 4.080000
 353 4.140000
 354 4.090000
 355 4.090000
 356 4.100000
 357 4.060000
 358 4.120000
 359 4.110000
 360 4.110000
 361 4.100000
 362 4.100000
 363 4.130000
 364 4.110000
 365 4.130000
 366 4.060000
 367 4.070000
 368 4.090000
 369 4.650000
 370 4.990000
 371 4.980000
 372 2.440000
 373 5.010000
 374 4.990000
 375 5.020000
 376 4.990000
 377 4.970000
 378 4.990000
 379 2.260000
 380 2.300000
 381 2.380000
 382 4.980000
 383 5.010000
 384 4.980000
 385 5.030000
 386 5.030000
 387 4.220000
 388 4.870000
 389 4.890000
 390 4.960000
 391 4.240000
 392 4.200000
 393 4.180000
 394 4.270000
 395 4.790000
 396 4.760000
 397 4.660000
 398 4.660000
 399 4.610000
 400 4.490000
 401 4.420000
 402 4.510000
 403 4.490000
 404 4.510000
 405 4.460000
 406 4.470000
 407 4.320000
 408 4.240000
 409 4.260000
 410 4.270000
 411 4.240000
 412 4.310000
 413 4.260000
 414 4.240000
 415 4.250000
 416 4.280000
 417 4.360000
 418 4.340000
 419 4.290000
 420 4.260000
 421 4.240000
 422 4.220000
 423 4.210000
 424 3.980000
 425 3.830000
 426 3.770000
 427 3.770000
 428 3.670000
 429 3.620000
 430 3.620000
 431 3.630000
 432 3.600000
 433 3.600000
 434 3.580000
 435 3.550000
 436 3.530000
 437 3.560000
 438 3.530000
 439 3.510000
 440 3.510000
 441 3.480000
 442 3.480000
 443 3.580000
 444 3.550000
 445 3.550000
 446 3.590000
 447 3.560000
 448 3.560000
 449 3.560000
 450 3.510000
 451 3.510000
 452 3.500000
 453 3.540000
 454 3.530000
 455 3.510000
 456 3.480000
 457 3.440000
 458 3.460000
 459 3.420000
 460 3.450000
 461 3.440000
 462 3.490000
 463 3.440000
 464 3.490000
 465 3.510000
 466 3.490000
 467 3.490000
 468 3.390000
 469 3.470000
 470 3.450000
 471 3.460000
 472 3.480000
 473 3.490000
 474 3.460000
 475 3.440000
 476 3.430000
 477 3.400000
 478 3.240000
 479 3.390000
 480 3.360000
 481 3.410000
 482 3.390000
 483 3.340000
 484 3.360000
 485 3.310000
 486 3.280000
 487 3.260000
 488 3.230000
 489 3.240000
 490 3.240000
 491 3.230000
 492 3.150000
 493 3.160000
 494 3.160000
 495 3.160000
 496 3.160000
 497 3.110000
 498 3.110000
 499 3.090000
 500 3.090000
 501 3.060000
 502 3.050000
 503 3.060000
 504 3.060000
 505 3.060000
 506 3.050000
 507 3.020000
 508 3.020000
 509 3.000000
 510 3.040000
 511 3.060000
 512 3.040000
 513 3.050000
 514 3.050000
 515 2.560000
 516 2.500000
 517 2.390000
 518 2.200000
 519 2.130000
 520 2.110000
 521 2.070000
 522 2.040000
 523 2.030000
 524 2.010000
 525 2.060000
 526 2.010000
 527 1.980000
 528 1.980000
 529 1.970000
 530 1.970000
 531 1.980000
 532 3.030000
 533 3.030000
 534 3.010000
 535 3.010000
 536 3.010000
 537 3.020000
 538 3.010000
 539 3.030000
 540 3.030000
 541 3.020000
 542 3.030000
 543 3.020000
 544 3.030000
 545 3.020000
 546 3.020000
 547 3.020000
 548 3.020000
 549 3.020000
 550 3.020000
 551 3.020000
 552 3.020000
 553 3.040000
 554 3.070000
 555 1.760000
 556 1.810000
 557 1.770000
 558 1.780000
 559 1.780000
 560 1.810000
 561 1.810000
 562 1.780000
 563 1.810000
 564 1.810000
 565 1.810000
 566 1.800000
 567 1.820000
 568 1.820000
 569 1.850000
 570 1.850000
 571 1.850000
 572 1.870000
 573 1.870000
 574 1.870000
 575 1.900000
 576 1.900000
 577 1.920000
 578 1.920000
 579 1.920000
 580 1.950000
 581 1.950000
 582 1.970000
 583 1.970000
 584 1.970000
 585 2.010000
 586 2.010000
 587 2.010000
 588 2.030000
 589 2.060000
 590 2.060000
 591 2.060000
 592 2.080000
 593 2.080000
 594 2.110000
 595 2.110000
 596 2.130000
 597 2.160000
 598 2.210000
 599 2.180000
 600 2.210000
 601 2.230000
 602 2.240000
 603 2.240000
 604 2.180000
 605 2.210000
 606 2.230000
 607 2.260000
 608 2.260000
 609 2.280000
 610 1.400000
 611 1.440000
 612 1.400000
 613 1.400000
 614 1.390000
 615 1.400000
 616 1.420000
 617 1.420000
 618 1.420000
 619 1.450000
 620 1.450000
 621 1.450000
 622 1.470000
 623 1.470000
 624 1.500000
 625 1.500000
 626 1.500000
 627 1.520000
 628 1.520000
 629 1.520000
 630 1.540000
 631 1.550000
 632 1.570000
 633 1.570000
 634 1.590000
 635 1.590000
 636 1.620000
 637 1.620000
 638 1.640000
 639 1.640000
 640 1.640000
 641 1.670000
 642 1.670000
 643 1.690000
 644 1.690000
 645 1.720000
 646 1.720000
 647 1.740000
 648 1.770000
 649 1.760000
 650 1.790000
 651 1.820000
 652 1.820000
 653 1.810000
 654 1.830000
 655 1.860000
 656 1.880000
 657 1.910000
 658 1.910000
 659 3.400000
 660 3.390000
 661 3.370000
 662 3.370000
 663 3.390000
 664 3.390000
 665 3.370000
 666 3.320000
 667 3.340000
 668 3.340000
 669 3.290000
 670 3.300000
 671 3.270000
 672 3.270000
 673 3.240000
 674 3.210000
 675 2.730000
 676 2.730000
 677 2.670000
 678 2.670000
 679 2.670000
 680 2.670000
 681 2.670000
 682 2.670000
 683 2.670000
 684 2.670000
 685 2.670000
 686 2.690000
 687 2.680000
 688 2.710000
 689 2.720000
 690 2.720000
 691 2.700000
 692 2.720000
 693 2.740000
 694 2.720000
 695 2.720000
 696 2.710000
 697 2.730000
 698 2.730000
 699 2.790000
 700 2.740000
 701 2.790000
 702 2.870000
 703 2.860000
 704 3.060000
 705 2.890000
 706 2.860000
 707 3.300000
 708 1.590000
 709 1.570000
 710 1.610000
 711 3.510000
 712 3.510000
 713 3.540000
 714 3.560000
 715 3.590000
 716 3.610000
 717 3.640000
 718 3.610000
 719 3.690000
 720 3.690000
 721 3.710000
 722 3.730000
 723 3.740000
 724 3.770000
 725 3.760000
 726 3.770000
 727 3.800000
 728 3.790000
 729 3.790000
 730 3.790000
 731 3.810000
 732 3.840000
 733 3.820000
 734 3.870000
 735 3.890000
 736 3.890000
 737 3.890000
 738 3.940000
 739 3.340000
 740 3.280000
 741 2.900000
 742 2.900000
 743 3.940000
 744 3.550000
 745 3.940000
 746 3.970000
 747 3.970000
 748 3.960000
 749 3.990000
 750 3.990000
 751 3.990000
 752 3.990000
 753 3.990000
 754 3.990000
 755 4.010000
 756 4.010000
 757 4.040000
 758 4.010000
 759 4.040000
 760 4.040000
 0 3.140000
 1 3.140000
 2 3.140000
 3 3.140000
 4 3.010000
 5 3.140000
 6 3.140000
 7 3.030000
 8 3.050000
 9 3.190000
 10 3.040000
 11 3.060000
 12 3.190000
 13 3.140000
 14 3.070000
 15 3.060000
 16 3.160000
 17 3.140000
 18 3.160000
 19 3.140000
 20 3.110000
 21 3.140000
 22 3.110000
 23 3.030000
 24 3.030000
 25 3.030000
 26 3.020000
 27 3.140000
 28 3.010000
 29 3.140000
 30 2.980000
 31 3.140000
 32 3.090000
 33 2.980000
 34 3.110000
 35 3.090000
 36 2.910000
 37 2.720000
 38 2.330000
 39 2.180000
 40 2.160000
 41 2.170000
 42 2.150000
 43 2.130000
 44 2.140000
 45 2.140000
 46 2.130000
 47 2.150000
 48 2.150000
 49 2.150000
 50 2.150000
 51 2.150000
 52 2.250000
 53 2.290000
 54 2.240000
 55 2.180000
 56 2.190000
 57 2.190000
 58 2.190000
 59 2.190000
 60 2.200000
 61 2.230000
 62 2.200000
 63 2.190000
 64 2.180000
 65 2.190000
 66 2.170000
 67 2.190000
 68 2.210000
 69 2.200000
 70 2.230000
 71 2.220000
 72 2.210000
 73 2.210000
 74 2.210000
 75 2.210000
 76 2.260000
 77 2.330000
 78 2.210000
 79 2.170000
 80 2.200000
 81 2.200000
 82 2.210000
 83 2.240000
 84 2.250000
 85 2.250000
 86 2.250000
 87 2.260000
 88 2.230000
 89 2.260000
 90 2.260000
 91 2.270000
 92 2.250000
 93 2.250000
 94 2.260000
 95 2.240000
 96 2.240000
 97 2.240000
 98 2.220000
 99 2.220000
 100 2.240000
 101 2.280000
 102 2.280000
 103 2.280000
 104 2.310000
 105 2.320000
 106 2.300000
 107 2.300000
 108 2.310000
 109 2.310000
 110 2.310000
 111 2.310000
 112 2.310000
 113 2.320000
 114 2.320000
 115 2.350000
 116 2.340000
 117 2.330000
 118 2.360000
 119 2.350000
 120 2.470000
 121 2.370000
 122 1.590000
 123 1.530000
 124 1.480000
 125 1.480000
 126 1.480000
 127 1.460000
 128 1.460000
 129 1.460000
 130 1.460000
 131 1.490000
 132 1.460000
 133 1.490000
 134 1.460000
 135 1.460000
 136 1.490000
 137 1.510000
 138 1.470000
 139 2.360000
 140 2.390000
 141 2.390000
 142 2.430000
 143 2.430000
 144 2.420000
 145 2.490000
 146 3.590000
 147 3.570000
 148 3.630000
 149 3.490000
 150 1.230000
 151 1.180000
 152 1.180000
 153 1.190000
 154 1.160000
 155 1.160000
 156 1.140000
 157 1.130000
 158 1.110000
 159 1.110000
 160 1.140000
 161 1.140000
 162 1.140000
 163 1.140000
 164 1.140000
 165 1.140000
 166 1.160000
 167 1.160000
 168 1.160000
 169 1.160000
 170 1.200000
 171 1.180000
 172 3.710000
 173 3.750000
 174 3.770000
 175 3.760000
 176 3.820000
 177 3.840000
 178 3.840000
 179 3.860000
 180 3.860000
 181 3.890000
 182 3.890000
 183 3.890000
 184 3.900000
 185 3.920000
 186 3.900000
 187 3.940000
 188 3.920000
 189 1.820000
 190 1.830000
 191 1.810000
 192 1.810000
 193 1.760000
 194 1.760000
 195 1.760000
 196 1.760000
 197 1.020000
 198 0.910000
 199 0.910000
 200 0.890000
 201 0.860000
 202 0.880000
 203 0.860000
 204 0.860000
 205 0.860000
 206 0.860000
 207 0.860000
 208 0.860000
 209 0.860000
 210 0.860000
 211 0.860000
 212 0.860000
 213 0.860000
 214 0.860000
 215 0.860000
 216 0.880000
 217 0.880000
 218 0.860000
 219 0.860000
 220 0.880000
 221 0.880000
 222 0.880000
 223 0.900000
 224 0.930000
 225 1.530000
 226 1.540000
 227 1.540000
 228 1.540000
 229 1.540000
 230 1.540000
 231 1.460000
 232 1.530000
 233 1.510000
 234 1.530000
 235 1.530000
 236 1.510000
 237 1.560000
 238 1.530000
 239 1.560000
 240 1.610000
 241 2.160000
 242 2.180000
 243 2.180000
 244 2.210000
 245 2.220000
 246 2.260000
 247 4.990000
 248 4.890000
 249 4.980000
 250 4.980000
 251 4.990000
 252 4.960000
 253 4.960000
 254 4.940000
 255 4.930000
 256 4.940000
 257 4.940000
 258 4.910000
 259 4.730000
 260 4.730000
 261 4.710000
 262 4.810000
 263 4.780000
 264 4.810000
 265 4.760000
 266 4.730000
 267 2.030000
 268 1.990000
 269 1.990000
 270 1.990000
 271 1.360000
 272 1.340000
 273 1.340000
 274 1.350000
 275 1.350000
 276 1.350000
 277 1.320000
 278 1.320000
 279 1.320000
 280 1.320000
 281 1.320000
 282 1.310000
 283 1.330000
 284 1.330000
 285 1.370000
 286 1.370000
 287 1.380000
 288 1.380000
 289 4.470000
 290 4.460000
 291 4.460000
 292 4.460000
 293 4.440000
 294 4.440000
 295 4.420000
 296 4.450000
 297 4.430000
 298 4.430000
 299 4.410000
 300 4.410000
 301 4.360000
 302 4.410000
 303 4.310000
 304 1.850000
 305 1.920000
 306 1.860000
 307 1.860000
 308 1.860000
 309 1.840000
 310 1.840000
 311 1.840000
 312 1.840000
 313 1.840000
 314 1.830000
 315 1.870000
 316 1.890000
 317 1.950000
 318 4.230000
 319 4.200000
 320 4.180000
 321 4.210000
 322 4.180000
 323 4.160000
 324 4.180000
 325 4.180000
 326 4.180000
 327 4.180000
 328 4.180000
 329 4.150000
 330 4.150000
 331 4.130000
 332 4.130000
 333 4.250000
 334 4.240000
 335 4.240000
 336 4.240000
 337 4.230000
 338 4.230000
 339 4.200000
 340 4.210000
 341 4.180000
 342 4.210000
 343 4.230000
 344 4.180000
 345 4.200000
 346 4.170000
 347 4.140000
 348 4.140000
 349 4.140000
 350 4.110000
 351 4.090000
 352 4.080000
 353 4.110000
 354 4.110000
 355 4.090000
 356 4.080000
 357 4.090000
 358 4.090000
 359 4.110000
 360 4.140000
 361 4.100000
 362 4.100000
 363 4.130000
 364 4.110000
 365 4.130000
 366 4.080000
 367 4.040000
 368 4.060000
 369 4.680000
 370 5.010000
 371 5.010000
 372 2.440000
 373 5.010000
 374 4.990000
 375 5.020000
 376 4.990000
 377 4.990000
 378 4.990000
 379 2.240000
 380 2.330000
 381 2.390000
 382 4.980000
 383 4.980000
 384 4.980000
 385 5.030000
 386 5.030000
 387 4.250000
 388 4.870000
 389 4.860000
 390 4.940000
 391 4.270000
 392 4.180000
 393 4.200000
 394 4.270000
 395 4.790000
 396 4.790000
 397 4.660000
 398 4.640000
 399 4.640000
 400 4.510000
 401 4.470000
 402 4.510000
 403 4.520000
 404 4.510000
 405 4.470000
 406 4.440000
 407 4.320000
 408 4.250000
 409 4.260000
 410 4.270000
 411 4.250000
 412 4.290000
 413 4.290000
 414 4.240000
 415 4.260000
 416 4.270000
 417 4.370000
 418 4.340000
 419 4.290000
 420 4.240000
 421 4.210000
 422 4.220000
 423 4.210000
 424 3.930000
 425 3.850000
 426 3.770000
 427 3.740000
 428 3.670000
 429 3.640000
 430 3.620000
 431 3.650000
 432 3.630000
 433 3.600000
 434 3.600000
 435 3.550000
 436 3.550000
 437 3.530000
 438 3.510000
 439 3.530000
 440 3.510000
 441 3.480000
 442 3.480000
 443 3.580000
 444 3.540000
 445 3.560000
 446 3.590000
 447 3.560000
 448 3.560000
 449 3.560000
 450 3.540000
 451 3.510000
 452 3.500000
 453 3.540000
 454 3.530000
 455 3.530000
 456 3.480000
 457 3.470000
 458 3.440000
 459 3.420000
 460 3.470000
 461 3.450000
 462 3.490000
 463 3.460000
 464 3.490000
 465 3.510000
 466 3.490000
 467 3.490000
 468 3.390000
 469 3.450000
 470 3.490000
 471 3.460000
 472 3.450000
 473 3.460000
 474 3.460000
 475 3.440000
 476 3.440000
 477 3.440000
 478 3.210000
 479 3.410000
 480 3.360000
 481 3.410000
 482 3.360000
 483 3.360000
 484 3.310000
 485 3.290000
 486 3.290000
 487 3.260000
 488 3.210000
 489 3.190000
 490 3.240000
 491 3.190000
 492 3.160000
 493 3.140000
 494 3.160000
 495 3.140000
 496 3.140000
 497 3.100000
 498 3.110000
 499 3.110000
 500 3.090000
 501 3.060000
 502 3.060000
 503 3.060000
 504 3.060000
 505 3.040000
 506 3.040000
 507 3.050000
 508 3.040000
 509 3.000000
 510 3.040000
 511 3.040000
 512 3.040000
 513 3.080000
 514 3.040000
 515 2.560000
 516 2.510000
 517 2.390000
 518 2.170000
 519 2.130000
 520 2.100000
 521 2.070000
 522 2.040000
 523 2.030000
 524 2.050000
 525 2.060000
 526 2.010000
 527 1.980000
 528 1.980000
 529 1.970000
 530 1.970000
 531 1.930000
 532 3.030000
 533 3.040000
 534 3.010000
 535 3.040000
 536 2.990000
 537 3.030000
 538 3.010000
 539 3.030000
 540 3.030000
 541 3.020000
 542 3.020000
 543 3.020000
 544 3.030000
 545 3.020000
 546 3.020000
 547 3.020000
 548 3.040000
 549 3.020000
 550 3.020000
 551 3.020000
 552 3.040000
 553 3.070000
 554 3.070000
 555 1.830000
 556 1.810000
 557 1.800000
 558 1.760000
 559 1.780000
 560 1.760000
 561 1.810000
 562 1.810000
 563 1.810000
 564 1.810000
 565 1.810000
 566 1.820000
 567 1.820000
 568 1.820000
 569 1.850000
 570 1.850000
 571 1.870000
 572 1.870000
 573 1.870000
 574 1.870000
 575 1.870000
 576 1.900000
 577 1.900000
 578 1.900000
 579 1.920000
 580 1.950000
 581 1.950000
 582 1.980000
 583 1.980000
 584 1.970000
 585 2.010000
 586 1.980000
 587 2.000000
 588 2.030000
 589 2.030000
 590 2.060000
 591 2.060000
 592 2.110000
 593 2.080000
 594 2.110000
 595 2.130000
 596 2.160000
 597 2.160000
 598 2.180000
 599 2.180000
 600 2.210000
 601 2.240000
 602 2.210000
 603 2.240000
 604 2.210000
 605 2.210000
 606 2.260000
 607 2.260000
 608 2.280000
 609 2.280000
 610 1.400000
 611 1.430000
 612 1.400000
 613 1.400000
 614 1.420000
 615 1.400000
 616 1.400000
 617 1.420000
 618 1.450000
 619 1.450000
 620 1.450000
 621 1.470000
 622 1.470000
 623 1.470000
 624 1.500000
 625 1.500000
 626 1.500000
 627 1.520000
 628 1.520000
 629 1.520000
 630 1.520000
 631 1.550000
 632 1.570000
 633 1.570000
 634 1.570000
 635 1.620000
 636 1.590000
 637 1.620000
 638 1.620000
 639 1.640000
 640 1.670000
 641 1.670000
 642 1.670000
 643 1.690000
 644 1.690000
 645 1.710000
 646 1.710000
 647 1.720000
 648 1.770000
 649 1.770000
 650 1.790000
 651 1.810000
 652 1.820000
 653 1.830000
 654 1.830000
 655 1.860000
 656 1.860000
 657 1.880000
 658 1.920000
 659 3.400000
 660 3.390000
 661 3.340000
 662 3.370000
 663 3.400000
 664 3.390000
 665 3.340000
 666 3.340000
 667 3.340000
 668 3.320000
 669 3.300000
 670 3.290000
 671 3.270000
 672 3.250000
 673 3.240000
 674 3.240000
 675 2.730000
 676 2.730000
 677 2.690000
 678 2.670000
 679 2.700000
 680 2.710000
 681 2.670000
 682 2.650000
 683 2.670000
 684 2.700000
 685 2.670000
 686 2.680000
 687 2.710000
 688 2.710000
 689 2.690000
 690 2.720000
 691 2.700000
 692 2.720000
 693 2.720000
 694 2.720000
 695 2.720000
 696 2.720000
 697 2.710000
 698 2.750000
 699 2.760000
 700 2.710000
 701 2.730000
 702 2.870000
 703 2.890000
 704 2.980000
 705 2.890000
 706 2.880000
 707 3.260000
 708 1.590000
 709 1.590000
 710 1.610000
 711 3.510000
 712 3.530000
 713 3.540000
 714 3.560000
 715 3.590000
 716 3.610000
 717 3.640000
 718 3.630000
 719 3.690000
 720 3.700000
 721 3.710000
 722 3.740000
 723 3.740000
 724 3.740000
 725 3.770000
 726 3.770000
 727 3.790000
 728 3.820000
 729 3.810000
 730 3.790000
 731 3.810000
 732 3.810000
 733 3.820000
 734 3.870000
 735 3.890000
 736 3.920000
 737 3.890000
 738 3.910000
 739 3.370000
 740 3.260000
 741 2.900000
 742 2.930000
 743 3.960000
 744 3.550000
 745 3.940000
 746 3.970000
 747 3.990000
 748 3.970000
 749 3.990000
 750 3.990000
 751 3.990000
 752 3.990000
 753 3.990000
 754 3.980000
 755 4.010000
 756 4.010000
 757 4.010000
 758 4.010000
 759 4.060000
 760 4.060000