
 0 3.140000
 1 3.110000
 2 3.140000
 3 3.010000
 4 3.140000
 5 3.140000
 6 3.010000
 7 3.050000
 8 3.060000
 9 3.070000
 10 3.020000
 11 3.190000
 12 3.190000
 13 3.050000
 14 3.160000
 15 3.190000
 16 3.080000
 17 3.030000
 18 3.160000
 19 3.140000
 20 3.140000
 21 3.010000
 22 3.110000
 23 3.160000
 24 3.140000
 25 3.040000
 26 3.020000
 27 3.030000
 28 3.010000
 29 3.000000
 30 3.010000
 31 3.110000
 32 2.970000
 33 3.110000
 34 3.110000
 35 2.980000
 36 2.880000
 37 2.710000
 38 2.330000
 39 2.140000
 40 2.170000
 41 2.160000
 42 2.150000
 43 2.130000
 44 2.140000
 45 2.160000
 46 2.150000
 47 2.120000
 48 2.120000
 49 2.150000
 50 2.150000
 51 2.150000
 52 2.250000
 53 2.260000
 54 2.240000
 55 2.200000
 56 2.190000
 57 2.190000
 58 2.190000
 59 2.190000
 60 2.200000
 61 2.200000
 62 2.200000
 63 2.200000
 64 2.200000
 65 2.190000
 66 2.170000
 67 2.190000
 68 2.200000
 69 2.220000
 70 2.230000
 71 2.220000
 72 2.210000
 73 2.210000
 74 2.200000
 75 2.230000
 76 2.240000
 77 2.330000
 78 2.200000
 79 2.200000
 80 2.170000
 81 2.200000
 82 2.200000
 83 2.240000
 84 2.230000
 85 2.250000
 86 2.240000
 87 2.250000
 88 2.230000
 89 2.240000
 90 2.260000
 91 2.270000
 92 2.270000
 93 2.280000
 94 2.260000
 95 2.250000
 96 2.240000
 97 2.240000
 98 2.250000
 99 2.250000
 100 2.240000
 101 2.280000
 102 1.050000
 103 0.950000
 104 0.990000
 105 0.960000
 106 0.960000
 107 0.960000
 108 0.960000
 109 0.960000
 110 0.960000
 111 0.990000
 112 0.960000
 113 0.960000
 114 0.960000
 115 0.990000
 116 0.960000
 117 0.960000
 118 0.960000
 119 0.960000
 120 0.970000
 121 1.040000
 122 2.080000
 123 2.110000
 124 2.110000
 125 2.110000
 126 2.100000
 127 2.110000
 128 2.110000
 129 2.140000
 130 2.110000
 131 2.160000
 132 2.160000
 133 2.160000
 134 2.190000
 135 2.240000
 136 2.230000
 137 2.290000
 138 2.340000
 139 2.310000
 140 2.310000
 141 2.380000
 142 2.370000
 143 2.370000
 144 2.320000
 145 2.460000
 146 3.590000
 147 3.560000
 148 3.620000
 149 3.510000
 150 3.570000
 151 2.270000
 152 2.110000
 153 2.110000
 154 2.110000
 155 2.110000
 156 2.110000
 157 2.120000
 158 2.120000
 159 2.110000
 160 2.130000
 161 2.080000
 162 1.650000
 163 1.610000
 164 1.550000
 165 1.560000
 166 1.560000
 167 1.560000
 168 1.560000
 169 1.590000
 170 1.590000
 171 1.560000
 172 1.560000
 173 1.560000
 174 1.580000
 175 1.580000
 176 1.610000
 177 1.580000
 178 3.860000
 179 3.840000
 180 3.860000
 181 3.870000
 182 3.890000
 183 1.030000
 184 1.070000
 185 1.060000
 186 1.060000
 187 1.030000
 188 1.000000
 189 1.000000
 190 1.010000
 191 1.010000
 192 1.010000
 193 1.010000
 194 1.010000
 195 1.040000
 196 1.010000
 197 0.990000
 198 1.010000
 199 1.010000
 200 1.040000
 201 1.010000
 202 1.040000
 203 1.010000
 204 1.020000
 205 1.080000
 206 4.120000
 207 4.130000
 208 4.130000
 209 1.840000
 210 1.740000
 211 1.700000
 212 1.700000
 213 1.650000
 214 1.660000
 215 1.660000
 216 1.690000
 217 1.660000
 218 1.690000
 219 1.690000
 220 1.690000
 221 1.690000
 222 1.700000
 223 4.410000
 224 4.500000
 225 4.430000
 226 4.430000
 227 4.130000
 228 4.180000
 229 4.510000
 230 4.470000
 231 4.530000
 232 4.560000
 233 4.560000
 234 4.580000
 235 4.710000
 236 4.740000
 237 4.740000
 238 4.760000
 239 4.760000
 240 4.710000
 241 4.730000
 242 4.760000
 243 4.780000
 244 4.810000
 245 4.930000
 246 4.930000
 247 5.020000
 248 4.900000
 249 5.020000
 250 1.250000
 251 1.230000
 252 1.200000
 253 1.200000
 254 1.180000
 255 1.180000
 256 1.180000
 257 1.160000
 258 1.190000
 259 1.160000
 260 1.160000
 261 1.190000
 262 1.190000
 263 1.190000
 264 1.190000
 265 1.190000
 266 1.190000
 267 1.190000
 268 1.210000
 269 1.290000
 270 5.340000
 271 5.320000
 272 5.300000
 273 5.270000
 274 4.630000
 275 4.630000
 276 4.640000
 277 5.220000
 278 5.220000
 279 5.220000
 280 5.220000
 281 5.200000
 282 5.210000
 283 5.220000
 284 5.250000
 285 5.210000
 286 5.130000
 287 5.100000
 288 5.190000
 289 5.220000
 290 5.220000
 291 5.200000
 292 5.160000
 293 5.160000
 294 5.170000
 295 5.170000
 296 5.150000
 297 5.150000
 298 5.150000
 299 4.470000
 300 4.400000
 301 4.380000
 302 4.440000
 303 5.070000
 304 5.070000
 305 5.070000
 306 5.060000
 307 5.050000
 308 5.020000
 309 4.920000
 310 4.900000
 311 4.930000
 312 5.020000
 313 5.000000
 314 5.000000
 315 5.000000
 316 4.960000
 317 4.960000
 318 4.970000
 319 4.950000
 320 4.930000
 321 4.940000
 322 4.920000
 323 4.920000
 324 4.920000
 325 4.920000
 326 4.920000
 327 4.900000
 328 4.920000
 329 4.900000
 330 4.900000
 331 4.900000
 332 4.870000
 333 4.870000
 334 4.850000
 335 4.850000
 336 4.870000
 337 4.850000
 338 4.850000
 339 4.850000
 340 4.820000
 341 4.850000
 342 4.820000
 343 4.820000
 344 4.820000
 345 4.820000
 346 4.820000
 347 4.060000
 348 4.770000
 349 4.800000
 350 4.080000
 351 4.150000
 352 4.770000
 353 4.780000
 354 4.870000
 355 4.960000
 356 4.980000
 357 5.040000
 358 4.730000
 359 4.670000
 360 4.630000
 361 4.610000
 362 4.620000
 363 4.580000
 364 4.600000
 365 4.590000
 366 4.640000
 367 4.630000
 368 4.670000
 369 4.060000
 370 4.070000
 371 3.970000
 372 3.970000
 373 3.970000
 374 5.020000
 375 5.020000
 376 5.050000
 377 5.030000
 378 5.030000
 379 5.010000
 380 4.990000
 381 5.020000
 382 4.990000
 383 5.020000
 384 5.050000
 385 5.060000
 386 5.030000
 387 4.300000
 388 4.860000
 389 4.880000
 390 5.040000
 391 4.230000
 392 4.170000
 393 4.200000
 394 4.210000
 395 4.880000
 396 4.860000
 397 4.800000
 398 4.790000
 399 4.740000
 400 4.650000
 401 4.640000
 402 4.640000
 403 4.610000
 404 4.610000
 405 4.620000
 406 4.560000
 407 4.410000
 408 4.230000
 409 4.230000
 410 4.310000
 411 4.410000
 412 4.450000
 413 4.350000
 414 4.260000
 415 4.250000
 416 4.310000
 417 4.460000
 418 4.420000
 419 4.360000
 420 4.260000
 421 4.260000
 422 4.320000
 423 4.330000
 424 4.330000
 425 4.320000
 426 4.270000
 427 4.250000
 428 3.900000
 429 3.790000
 430 3.690000
 431 3.660000
 432 3.670000
 433 3.670000
 434 3.610000
 435 3.590000
 436 3.570000
 437 3.540000
 438 3.610000
 439 3.550000
 440 3.520000
 441 3.500000
 442 3.530000
 443 3.530000
 444 3.530000
 445 3.510000
 446 3.580000
 447 3.610000
 448 3.610000
 449 3.580000
 450 3.580000
 451 3.570000
 452 3.570000
 453 3.570000
 454 3.610000
 455 3.580000
 456 3.570000
 457 3.540000
 458 3.540000
 459 3.530000
 460 3.520000
 461 3.520000
 462 3.570000
 463 3.560000
 464 3.530000
 465 3.530000
 466 3.510000
 467 3.530000
 468 3.530000
 469 3.520000
 470 3.500000
 471 3.500000
 472 3.470000
 473 3.500000
 474 3.440000
 475 3.470000
 476 3.440000
 477 3.480000
 478 3.470000
 479 3.430000
 480 3.460000
 481 3.430000
 482 3.410000
 483 3.410000
 484 3.400000
 485 3.380000
 486 3.380000
 487 3.350000
 488 3.320000
 489 3.300000
 490 3.280000
 491 3.280000
 492 3.230000
 493 3.210000
 494 3.200000
 495 3.180000
 496 3.160000
 497 3.130000
 498 3.130000
 499 3.130000
 500 3.110000
 501 3.080000
 502 3.080000
 503 3.080000
 504 3.080000
 505 3.060000
 506 3.080000
 507 3.040000
 508 3.060000
 509 3.070000
 510 3.100000
 511 3.090000
 512 3.070000
 513 3.070000
 514 3.070000
 515 3.090000
 516 3.110000
 517 3.100000
 518 3.120000
 519 3.120000
 520 3.150000
 521 3.150000
 522 3.120000
 523 3.150000
 524 3.140000
 525 3.090000
 526 3.130000
 527 3.110000
 528 3.110000
 529 3.110000
 530 3.060000
 531 3.020000
 532 3.040000
 533 3.030000
 534 3.030000
 535 3.060000
 536 3.010000
 537 3.020000
 538 3.010000
 539 3.040000
 540 3.070000
 541 3.040000
 542 3.020000
 543 3.010000
 544 2.430000
 545 2.380000
 546 3.040000
 547 3.040000
 548 3.070000
 549 3.070000
 550 3.030000
 551 3.070000
 552 3.070000
 553 3.090000
 554 3.090000
 555 3.090000
 556 3.090000
 557 3.090000
 558 3.090000
 559 3.090000
 560 3.090000
 561 2.060000
 562 2.080000
 563 2.070000
 564 2.040000
 565 1.800000
 566 1.810000
 567 1.800000
 568 1.790000
 569 1.820000
 570 1.820000
 571 1.850000
 572 1.820000
 573 1.850000
 574 1.850000
 575 1.870000
 576 1.870000
 577 1.870000
 578 1.870000
 579 1.900000
 580 1.870000
 581 1.900000
 582 1.920000
 583 1.920000
 584 1.920000
 585 1.950000
 586 1.970000
 587 1.970000
 588 1.970000
 589 2.000000
 590 2.000000
 591 2.020000
 592 2.050000
 593 2.050000
 594 2.050000
 595 2.080000
 596 2.100000
 597 2.130000
 598 2.130000
 599 2.150000
 600 2.150000
 601 2.180000
 602 2.200000
 603 2.200000
 604 2.230000
 605 2.230000
 606 2.230000
 607 2.250000
 608 2.280000
 609 2.250000
 610 2.280000
 611 2.330000
 612 2.330000
 613 2.350000
 614 2.350000
 615 2.360000
 616 2.330000
 617 2.310000
 618 2.330000
 619 2.360000
 620 2.380000
 621 2.380000
 622 2.410000
 623 1.460000
 624 1.460000
 625 1.450000
 626 1.460000
 627 1.470000
 628 1.460000
 629 1.460000
 630 1.490000
 631 1.490000
 632 1.510000
 633 1.540000
 634 1.540000
 635 1.540000
 636 1.560000
 637 1.560000
 638 1.590000
 639 1.610000
 640 1.610000
 641 1.630000
 642 1.630000
 643 1.660000
 644 1.660000
 645 1.680000
 646 1.710000
 647 1.730000
 648 1.730000
 649 1.730000
 650 1.760000
 651 1.780000
 652 1.810000
 653 1.810000
 654 1.830000
 655 1.830000
 656 1.860000
 657 1.880000
 658 1.910000
 659 1.910000
 660 1.930000
 661 1.960000
 662 1.970000
 663 2.010000
 664 3.390000
 665 3.370000
 666 3.370000
 667 3.370000
 668 3.340000
 669 3.340000
 670 3.320000
 671 3.320000
 672 3.290000
 673 3.270000
 674 3.270000
 675 3.240000
 676 3.240000
 677 3.280000
 678 3.270000
 679 3.240000
 680 3.270000
 681 3.270000
 682 3.240000
 683 3.260000
 684 3.270000
 685 3.240000
 686 3.270000
 687 3.280000
 688 3.290000
 689 3.300000
 690 3.300000
 691 3.290000
 692 3.320000
 693 3.290000
 694 3.320000
 695 3.340000
 696 3.340000
 697 3.370000
 698 3.370000
 699 3.370000
 700 3.370000
 701 3.410000
 702 3.420000
 703 3.440000
 704 3.440000
 705 3.440000
 706 3.460000
 707 3.490000
 708 2.930000
 709 2.920000
 710 3.380000
 711 3.570000
 712 3.570000
 713 3.600000
 714 3.620000
 715 3.640000
 716 3.650000
 717 3.660000
 718 3.700000
 719 3.700000
 720 3.740000
 721 3.730000
 722 3.760000
 723 3.760000
 724 3.790000
 725 3.790000
 726 3.760000
 727 3.780000
 728 3.810000
 729 3.810000
 730 3.810000
 731 3.830000
 732 3.830000
 733 3.840000
 734 3.890000
 735 3.880000
 736 3.920000
 737 3.920000
 738 3.960000
 739 3.990000
 740 3.990000
 741 3.390000
 742 3.380000
 743 2.970000
 744 2.950000
 745 1.550000
 746 1.550000
 747 1.540000
 748 1.540000
 749 1.540000
 750 1.540000
 751 1.540000
 752 1.540000
 753 1.540000
 754 1.540000
 755 1.540000
 756 1.540000
 757 1.500000
 758 4.080000
 759 4.060000
 760 4.090000
 0 3.140000
 1 3.110000
 2 3.110000
 3 3.060000
 4 3.140000
 5 3.140000
 6 3.010000
 7 3.060000
 8 3.040000
 9 3.070000
 10 3.020000
 11 3.210000
 12 3.160000
 13 3.050000
 14 3.160000
 15 3.140000
 16 3.060000
 17 3.040000
 18 3.190000
 19 3.140000
 20 3.140000
 21 3.010000
 22 3.140000
 23 3.160000
 24 3.140000
 25 3.020000
 26 3.000000
 27 3.030000
 28 2.980000
 29 3.030000
 30 3.010000
 31 3.110000
 32 3.030000
 33 3.140000
 34 3.140000
 35 2.960000
 36 2.910000
 37 2.720000
 38 2.310000
 39 2.180000
 40 2.160000
 41 2.140000
 42 2.150000
 43 2.130000
 44 2.140000
 45 2.140000
 46 2.150000
 47 2.150000
 48 2.150000
 49 2.120000
 50 2.150000
 51 2.170000
 52 2.220000
 53 2.290000
 54 2.240000
 55 2.180000
 56 2.190000
 57 2.190000
 58 2.190000
 59 2.210000
 60 2.200000
 61 2.200000
 62 2.220000
 63 2.210000
 64 2.210000
 65 2.190000
 66 2.190000
 67 2.210000
 68 2.210000
 69 2.220000
 70 2.230000
 71 2.220000
 72 2.210000
 73 2.210000
 74 2.230000
 75 2.210000
 76 2.260000
 77 2.320000
 78 2.210000
 79 2.170000
 80 2.200000
 81 2.170000
 82 2.210000
 83 2.240000
 84 2.250000
 85 2.250000
 86 2.240000
 87 2.230000
 88 2.230000
 89 2.210000
 90 2.260000
 91 2.250000
 92 2.270000
 93 2.280000
 94 2.260000
 95 2.260000
 96 2.210000
 97 2.240000
 98 2.220000
 99 2.220000
 100 2.240000
 101 2.280000
 102 1.050000
 103 0.980000
 104 0.960000
 105 0.960000
 106 0.960000
 107 0.960000
 108 0.960000
 109 0.960000
 110 0.960000
 111 0.960000
 112 0.960000
 113 0.960000
 114 0.960000
 115 0.960000
 116 0.960000
 117 0.960000
 118 0.960000
 119 0.960000
 120 0.970000
 121 1.040000
 122 2.110000
 123 2.090000
 124 2.090000
 125 2.090000
 126 2.110000
 127 2.110000
 128 2.110000
 129 2.140000
 130 2.140000
 131 2.140000
 132 2.160000
 133 2.190000
 134 2.220000
 135 2.210000
 136 2.260000
 137 2.290000
 138 2.310000
 139 2.310000
 140 2.310000
 141 2.380000
 142 2.400000
 143 2.400000
 144 2.290000
 145 2.460000
 146 3.570000
 147 3.570000
 148 3.630000
 149 3.510000
 150 3.600000
 151 2.240000
 152 2.130000
 153 2.110000
 154 2.110000
 155 2.110000
 156 2.120000
 157 2.120000
 158 2.120000
 159 2.140000
 160 2.110000
 161 2.060000
 162 1.650000
 163 1.580000
 164 1.580000
 165 1.540000
 166 1.590000
 167 1.590000
 168 1.590000
 169 1.560000
 170 1.560000
 171 1.560000
 172 1.560000
 173 1.590000
 174 1.580000
 175 1.580000
 176 1.590000
 177 1.560000
 178 3.860000
 179 3.850000
 180 3.860000
 181 3.870000
 182 3.880000
 183 1.060000
 184 1.060000
 185 1.060000
 186 1.060000
 187 1.030000
 188 1.020000
 189 1.010000
 190 1.010000
 191 1.010000
 192 0.990000
 193 1.010000
 194 1.010000
 195 1.010000
 196 1.010000
 197 1.040000
 198 1.010000
 199 1.040000
 200 1.040000
 201 1.010000
 202 1.040000
 203 1.040000
 204 1.050000
 205 1.060000
 206 4.130000
 207 4.130000
 208 4.160000
 209 1.730000
 210 1.720000
 211 1.700000
 212 1.700000
 213 1.660000
 214 1.660000
 215 1.660000
 216 1.660000
 217 1.690000
 218 1.690000
 219 1.690000
 220 1.690000
 221 1.690000
 222 1.700000
 223 4.410000
 224 4.490000
 225 4.430000
 226 4.430000
 227 4.130000
 228 4.190000
 229 4.510000
 230 4.500000
 231 4.530000
 232 4.550000
 233 4.560000
 234 4.580000
 235 4.720000
 236 4.740000
 237 4.740000
 238 4.760000
 239 4.790000
 240 4.710000
 241 4.730000
 242 4.760000
 243 4.780000
 244 4.810000
 245 4.940000
 246 4.950000
 247 4.990000
 248 4.870000
 249 5.030000
 250 1.250000
 251 1.230000
 252 1.210000
 253 1.210000
 254 1.180000
 255 1.180000
 256 1.180000
 257 1.160000
 258 1.160000
 259 1.190000
 260 1.190000
 261 1.190000
 262 1.190000
 263 1.190000
 264 1.190000
 265 1.210000
 266 1.210000
 267 1.190000
 268 1.210000
 269 1.290000
 270 5.340000
 271 5.320000
 272 5.300000
 273 5.300000
 274 4.630000
 275 4.630000
 276 4.640000
 277 5.220000
 278 5.250000
 279 5.220000
 280 5.220000
 281 5.210000
 282 5.220000
 283 5.250000
 284 5.220000
 285 5.240000
 286 5.130000
 287 5.120000
 288 5.200000
 289 5.220000
 290 5.220000
 291 5.220000
 292 5.200000
 293 5.200000
 294 5.140000
 295 5.170000
 296 5.170000
 297 5.150000
 298 5.120000
 299 4.470000
 300 4.380000
 301 4.380000
 302 4.440000
 303 5.070000
 304 5.070000
 305 5.070000
 306 5.070000
 307 5.070000
 308 5.050000
 309 4.920000
 310 4.910000
 311 4.930000
 312 4.990000
 313 5.020000
 314 5.020000
 315 4.990000
 316 4.990000
 317 4.990000
 318 4.970000
 319 4.950000
 320 4.950000
 321 4.940000
 322 4.950000
 323 4.950000
 324 4.950000
 325 4.920000
 326 4.920000
 327 4.900000
 328 4.900000
 329 4.900000
 330 4.900000
 331 4.870000
 332 4.900000
 333 4.870000
 334 4.850000
 335 4.870000
 336 4.870000
 337 4.850000
 338 4.850000
 339 4.850000
 340 4.820000
 341 4.820000
 342 4.820000
 343 4.820000
 344 4.800000
 345 4.820000
 346 4.820000
 347 4.060000
 348 4.800000
 349 4.800000
 350 4.110000
 351 4.160000
 352 4.770000
 353 4.780000
 354 4.900000
 355 4.930000
 356 4.990000
 357 5.040000
 358 4.750000
 359 4.670000
 360 4.600000
 361 4.620000
 362 4.610000
 363 4.580000
 364 4.560000
 365 4.610000
 366 4.660000
 367 4.640000
 368 4.680000
 369 4.060000
 370 4.070000
 371 3.980000
 372 3.980000
 373 3.960000
 374 5.020000
 375 5.050000
 376 5.050000
 377 5.030000
 378 5.010000
 379 5.010000
 380 4.990000
 381 5.020000
 382 4.990000
 383 5.020000
 384 5.050000
 385 5.060000
 386 5.030000
 387 4.280000
 388 4.860000
 389 4.890000
 390 5.040000
 391 4.240000
 392 4.190000
 393 4.180000
 394 4.210000
 395 4.910000
 396 4.850000
 397 4.800000
 398 4.760000
 399 4.730000
 400 4.640000
 401 4.600000
 402 4.640000
 403 4.610000
 404 4.610000
 405 4.610000
 406 4.580000
 407 4.440000
 408 4.230000
 409 4.230000
 410 4.330000
 411 4.310000
 412 4.440000
 413 4.300000
 414 4.260000
 415 4.250000
 416 4.310000
 417 4.440000
 418 4.410000
 419 4.370000
 420 4.290000
 421 4.260000
 422 4.340000
 423 4.330000
 424 4.310000
 425 4.280000
 426 4.280000
 427 4.230000
 428 3.930000
 429 3.790000
 430 3.690000
 431 3.660000
 432 3.670000
 433 3.660000
 434 3.610000
 435 3.590000
 436 3.590000
 437 3.570000
 438 3.580000
 439 3.550000
 440 3.530000
 441 3.530000
 442 3.530000
 443 3.510000
 444 3.510000
 445 3.600000
 446 3.610000
 447 3.590000
 448 3.590000
 449 3.590000
 450 3.590000
 451 3.590000
 452 3.570000
 453 3.590000
 454 3.580000
 455 3.580000
 456 3.540000
 457 3.540000
 458 3.540000
 459 3.510000
 460 3.520000
 461 3.520000
 462 3.540000
 463 3.560000
 464 3.540000
 465 3.560000
 466 3.540000
 467 3.540000
 468 3.530000
 469 3.500000
 470 3.510000
 471 3.480000
 472 3.500000
 473 3.470000
 474 3.490000
 475 3.450000
 476 3.450000
 477 3.460000
 478 3.440000
 479 3.450000
 480 3.450000
 481 3.440000
 482 3.410000
 483 3.410000
 484 3.410000
 485 3.380000
 486 3.360000
 487 3.320000
 488 3.300000
 489 3.300000
 490 3.290000
 491 3.280000
 492 3.200000
 493 3.240000
 494 3.180000
 495 3.190000
 496 3.150000
 497 3.150000
 498 3.140000
 499 3.140000
 500 3.110000
 501 3.070000
 502 3.080000
 503 3.070000
 504 3.080000
 505 3.060000
 506 3.070000
 507 3.050000
 508 3.060000
 509 3.070000
 510 3.100000
 511 3.070000
 512 3.070000
 513 3.070000
 514 3.070000
 515 3.090000
 516 3.110000
 517 3.100000
 518 3.090000
 519 3.120000
 520 3.120000
 521 3.150000
 522 3.120000
 523 3.140000
 524 3.120000
 525 3.090000
 526 3.100000
 527 3.110000
 528 3.090000
 529 3.090000
 530 3.090000
 531 3.060000
 532 3.040000
 533 3.040000
 534 3.060000
 535 3.060000
 536 3.040000
 537 3.020000
 538 3.040000
 539 3.040000
 540 3.040000
 541 3.040000
 542 3.020000
 543 3.010000
 544 2.430000
 545 2.410000
 546 3.040000
 547 3.040000
 548 3.040000
 549 3.040000
 550 3.040000
 551 3.070000
 552 3.070000
 553 3.090000
 554 3.090000
 555 3.090000
 556 3.090000
 557 3.090000
 558 3.090000
 559 3.090000
 560 3.110000
 561 2.040000
 562 2.090000
 563 2.090000
 564 2.040000
 565 1.800000
 566 1.810000
 567 1.800000
 568 1.790000
 569 1.800000
 570 1.820000
 571 1.820000
 572 1.850000
 573 1.820000
 574 1.850000
 575 1.870000
 576 1.850000
 577 1.870000
 578 1.870000
 579 1.900000
 580 1.900000
 581 1.920000
 582 1.920000
 583 1.920000
 584 1.950000
 585 1.950000
 586 1.950000
 587 2.000000
 588 1.970000
 589 2.000000
 590 2.000000
 591 2.020000
 592 2.020000
 593 2.060000
 594 2.080000
 595 2.080000
 596 2.110000
 597 2.110000
 598 2.130000
 599 2.160000
 600 2.180000
 601 2.180000
 602 2.210000
 603 2.210000
 604 2.210000
 605 2.230000
 606 2.230000
 607 2.280000
 608 2.280000
 609 2.250000
 610 2.280000
 611 2.330000
 612 2.330000
 613 2.330000
 614 2.350000
 615 2.360000
 616 2.340000
 617 2.330000
 618 2.330000
 619 2.380000
 620 2.380000
 621 2.380000
 622 2.410000
 623 1.480000
 624 1.470000
 625 1.450000
 626 1.460000
 627 1.450000
 628 1.470000
 629 1.470000
 630 1.490000
 631 1.520000
 632 1.490000
 633 1.520000
 634 1.540000
 635 1.570000
 636 1.570000
 637 1.590000
 638 1.580000
 639 1.590000
 640 1.610000
 641 1.630000
 642 1.630000
 643 1.660000
 644 1.660000
 645 1.660000
 646 1.680000
 647 1.710000
 648 1.730000
 649 1.760000
 650 1.760000
 651 1.780000
 652 1.780000
 653 1.810000
 654 1.830000
 655 1.830000
 656 1.880000
 657 1.910000
 658 1.910000
 659 1.930000
 660 1.930000
 661 1.960000
 662 1.980000
 663 2.040000
 664 3.420000
 665 3.390000
 666 3.370000
 667 3.370000
 668 3.340000
 669 3.340000
 670 3.340000
 671 3.320000
 672 3.290000
 673 3.280000
 674 3.270000
 675 3.270000
 676 3.250000
 677 3.240000
 678 3.240000
 679 3.240000
 680 3.270000
 681 3.240000
 682 3.270000
 683 3.240000
 684 3.240000
 685 3.270000
 686 3.270000
 687 3.280000
 688 3.300000
 689 3.310000
 690 3.300000
 691 3.330000
 692 3.330000
 693 3.330000
 694 3.340000
 695 3.340000
 696 3.340000
 697 3.340000
 698 3.370000
 699 3.370000
 700 3.390000
 701 3.410000
 702 3.420000
 703 3.440000
 704 3.420000
 705 3.440000
 706 3.460000
 707 3.460000
 708 2.930000
 709 2.930000
 710 3.370000
 711 3.540000
 712 3.590000
 713 3.620000
 714 3.640000
 715 3.630000
 716 3.680000
 717 3.680000
 718 3.680000
 719 3.710000
 720 3.730000
 721 3.730000
 722 3.760000
 723 3.790000
 724 3.760000
 725 3.790000
 726 3.790000
 727 3.800000
 728 3.810000
 729 3.830000
 730 3.800000
 731 3.840000
 732 3.840000
 733 3.810000
 734 3.890000
 735 3.900000
 736 3.910000
 737 3.910000
 738 3.960000
 739 3.990000
 740 3.980000
 741 3.410000
 742 3.390000
 743 2.970000
 744 2.930000
 745 1.520000
 746 1.550000
 747 1.560000
 748 1.560000
 749 1.560000
 750 1.540000
 751 1.560000
 752 1.540000
 753 1.540000
 754 1.560000
 755 1.540000
 756 1.520000
 757 1.530000
 758 4.080000
 759 4.050000
 760 4.080000
 0 3.140000
 1 3.140000
 2 3.110000
 3 3.010000
 4 3.140000
 5 3.140000
 6 3.030000
 7 3.030000
 8 3.060000
 9 3.070000
 10 3.050000
 11 3.190000
 12 3.160000
 13 3.030000
 14 3.160000
 15 3.190000
 16 3.060000
 17 3.010000
 18 3.190000
 19 3.160000
 20 3.140000
 21 3.010000
 22 3.140000
 23 3.140000
 24 3.160000
 25 3.020000
 26 3.030000
 27 3.010000
 28 3.010000
 29 3.030000
 30 3.010000
 31 3.110000
 32 2.980000
 33 3.140000
 34 3.110000
 35 2.980000
 36 2.910000
 37 2.690000
 38 2.330000
 39 2.170000
 40 2.170000
 41 2.140000
 42 2.150000
 43 2.160000
 44 2.140000
 45 2.160000
 46 2.150000
 47 2.150000
 48 2.150000
 49 2.150000
 50 2.150000
 51 2.150000
 52 2.250000
 53 2.290000
 54 2.260000
 55 2.210000
 56 2.160000
 57 2.190000
 58 2.190000
 59 2.210000
 60 2.230000
 61 2.230000
 62 2.220000
 63 2.210000
 64 2.180000
 65 2.190000
 66 2.160000
 67 2.190000
 68 2.210000
 69 2.220000
 70 2.230000
 71 2.220000
 72 2.240000
 73 2.240000
 74 2.230000
 75 2.240000
 76 2.260000
 77 2.320000
 78 2.210000
 79 2.200000
 80 2.200000
 81 2.200000
 82 2.210000
 83 2.240000
 84 2.250000
 85 2.250000
 86 2.240000
 87 2.260000
 88 2.230000
 89 2.210000
 90 2.260000
 91 2.270000
 92 2.270000
 93 2.280000
 94 2.260000
 95 2.260000
 96 2.210000
 97 2.240000
 98 2.250000
 99 2.220000
 100 2.260000
 101 2.280000
 102 1.050000
 103 0.980000
 104 0.960000
 105 0.960000
 106 0.960000
 107 0.960000
 108 0.960000
 109 0.960000
 110 0.960000
 111 0.990000
 112 0.960000
 113 0.960000
 114 0.960000
 115 0.960000
 116 0.960000
 117 0.960000
 118 0.960000
 119 0.960000
 120 1.000000
 121 1.050000
 122 2.110000
 123 2.090000
 124 2.110000
 125 2.090000
 126 2.110000
 127 2.110000
 128 2.110000
 129 2.110000
 130 2.160000
 131 2.140000
 132 2.160000
 133 2.160000
 134 2.200000
 135 2.240000
 136 2.210000
 137 2.260000
 138 2.310000
 139 2.310000
 140 2.340000
 141 2.380000
 142 2.400000
 143 2.380000
 144 2.290000
 145 2.460000
 146 3.570000
 147 3.590000
 148 3.630000
 149 3.530000
 150 3.600000
 151 2.240000
 152 2.110000
 153 2.110000
 154 2.110000
 155 2.090000
 156 2.120000
 157 2.150000
 158 2.120000
 159 2.110000
 160 2.130000
 161 2.060000
 162 1.650000
 163 1.610000
 164 1.580000
 165 1.560000
 166 1.560000
 167 1.560000
 168 1.560000
 169 1.590000
 170 1.560000
 171 1.560000
 172 1.560000
 173 1.560000
 174 1.580000
 175 1.580000
 176 1.610000
 177 1.560000
 178 3.840000
 179 3.850000
 180 3.860000
 181 3.870000
 182 3.890000
 183 1.030000
 184 1.070000
 185 1.060000
 186 1.030000
 187 1.030000
 188 1.020000
 189 1.010000
 190 1.010000
 191 1.010000
 192 1.010000
 193 1.010000
 194 1.040000
 195 1.010000
 196 1.010000
 197 1.010000
 198 1.010000
 199 1.010000
 200 1.040000
 201 1.040000
 202 1.040000
 203 1.040000
 204 1.050000
 205 1.090000
 206 4.130000
 207 4.160000
 208 4.130000
 209 1.730000
 210 1.720000
 211 1.700000
 212 1.700000
 213 1.680000
 214 1.660000
 215 1.690000
 216 1.660000
 217 1.690000
 218 1.660000
 219 1.690000
 220 1.690000
 221 1.690000
 222 1.700000
 223 4.410000
 224 4.500000
 225 4.410000
 226 4.430000
 227 4.130000
 228 4.190000
 229 4.510000
 230 4.500000
 231 4.530000
 232 4.550000
 233 4.580000
 234 4.580000
 235 4.580000
 236 4.740000
 237 4.770000
 238 4.760000
 239 4.790000
 240 4.710000
 241 4.730000
 242 4.760000
 243 4.810000
 244 4.810000
 245 4.910000
 246 4.930000
 247 5.010000
 248 4.910000
 249 5.050000
 250 1.240000
 251 1.210000
 252 1.210000
 253 1.210000
 254 1.180000
 255 1.180000
 256 1.180000
 257 1.160000
 258 1.190000
 259 1.190000
 260 1.190000
 261 1.190000
 262 1.190000
 263 1.190000
 264 1.190000
 265 1.190000
 266 1.190000
 267 1.190000
 268 1.210000
 269 1.270000
 270 5.320000
 271 5.320000
 272 5.320000
 273 5.270000
 274 4.630000
 275 4.630000
 276 4.640000
 277 5.200000
 278 5.220000
 279 5.220000
 280 5.220000
 281 5.180000
 282 5.190000
 283 5.250000
 284 5.240000
 285 5.240000
 286 5.130000
 287 5.120000
 288 5.220000
 289 5.220000
 290 5.200000
 291 5.200000
 292 5.170000
 293 5.170000
 294 5.150000
 295 5.150000
 296 5.150000
 297 5.150000
 298 5.150000
 299 4.470000
 300 4.380000
 301 4.380000
 302 4.420000
 303 5.070000
 304 5.070000
 305 5.070000
 306 5.070000
 307 5.050000
 308 5.050000
 309 4.920000
 310 4.910000
 311 4.930000
 312 5.000000
 313 5.000000
 314 5.000000
 315 5.000000
 316 4.970000
 317 4.970000
 318 4.970000
 319 4.950000
 320 4.920000
 321 4.940000
 322 4.950000
 323 4.920000
 324 4.920000
 325 4.920000
 326 4.890000
 327 4.900000
 328 4.920000
 329 4.900000
 330 4.900000
 331 4.900000
 332 4.870000
 333 4.870000
 334 4.870000
 335 4.870000
 336 4.850000
 337 4.870000
 338 4.850000
 339 4.850000
 340 4.820000
 341 4.820000
 342 4.850000
 343 4.850000
 344 4.820000
 345 4.820000
 346 4.820000
 347 4.140000
 348 4.800000
 349 4.800000
 350 4.050000
 351 4.180000
 352 4.770000
 353 4.780000
 354 4.880000
 355 4.940000
 356 4.990000
 357 5.040000
 358 4.750000
 359 4.640000
 360 4.630000
 361 4.610000
 362 4.620000
 363 4.610000
 364 4.590000
 365 4.600000
 366 4.630000
 367 4.630000
 368 4.650000
 369 4.090000
 370 4.070000
 371 3.960000
 372 3.980000
 373 3.970000
 374 5.020000
 375 5.010000
 376 5.020000
 377 5.030000
 378 5.030000
 379 4.980000
 380 4.990000
 381 4.990000
 382 4.990000
 383 5.020000
 384 5.050000
 385 5.030000
 386 5.060000
 387 4.390000
 388 4.860000
 389 4.880000
 390 5.050000
 391 4.240000
 392 4.190000
 393 4.200000
 394 4.210000
 395 4.900000
 396 4.850000
 397 4.800000
 398 4.780000
 399 4.710000
 400 4.650000
 401 4.610000
 402 4.640000
 403 4.640000
 404 4.610000
 405 4.590000
 406 4.590000
 407 4.430000
 408 4.260000
 409 4.230000
 410 4.330000
 411 4.330000
 412 4.490000
 413 4.330000
 414 4.240000
 415 4.250000
 416 4.310000
 417 4.440000
 418 4.410000
 419 4.390000
 420 4.290000
 421 4.270000
 422 4.320000
 423 4.330000
 424 4.330000
 425 4.310000
 426 4.280000
 427 4.280000
 428 3.980000
 429 3.790000
 430 3.710000
 431 3.660000
 432 3.640000
 433 3.640000
 434 3.640000
 435 3.620000
 436 3.590000
 437 3.540000
 438 3.610000
 439 3.580000
 440 3.530000
 441 3.500000
 442 3.530000
 443 3.530000
 444 3.510000
 445 3.510000
 446 3.610000
 447 3.590000
 448 3.590000
 449 3.590000
 450 3.590000
 451 3.590000
 452 3.570000
 453 3.590000
 454 3.610000
 455 3.610000
 456 3.580000
 457 3.540000
 458 3.540000
 459 3.540000
 460 3.520000
 461 3.520000
 462 3.540000
 463 3.550000
 464 3.560000
 465 3.540000
 466 3.540000
 467 3.530000
 468 3.520000
 469 3.490000
 470 3.490000
 471 3.500000
 472 3.480000
 473 3.480000
 474 3.480000
 475 3.480000
 476 3.470000
 477 3.460000
 478 3.480000
 479 3.460000
 480 3.440000
 481 3.430000
 482 3.410000
 483 3.440000
 484 3.410000
 485 3.390000
 486 3.360000
 487 3.340000
 488 3.300000
 489 3.280000
 490 3.290000
 491 3.280000
 492 3.230000
 493 3.200000
 494 3.180000
 495 3.210000
 496 3.170000
 497 3.130000
 498 3.140000
 499 3.140000
 500 3.110000
 501 3.110000
 502 3.090000
 503 3.080000
 504 3.080000
 505 3.060000
 506 3.070000
 507 3.070000
 508 3.080000
 509 3.090000
 510 3.070000
 511 3.070000
 512 3.070000
 513 3.090000
 514 3.070000
 515 3.120000
 516 3.100000
 517 3.100000
 518 3.130000
 519 3.140000
 520 3.140000
 521 3.150000
 522 3.120000
 523 3.120000
 524 3.130000
 525 3.090000
 526 3.100000
 527 3.140000
 528 3.110000
 529 3.090000
 530 3.090000
 531 3.050000
 532 3.040000
 533 3.060000
 534 3.060000
 535 3.060000
 536 3.040000
 537 3.020000
 538 3.040000
 539 3.040000
 540 3.040000
 541 3.020000
 542 3.040000
 543 3.010000
 544 2.430000
 545 2.410000
 546 3.040000
 547 3.070000
 548 3.040000
 549 3.060000
 550 3.060000
 551 3.040000
 552 3.060000
 553 3.090000
 554 3.090000
 555 3.090000
 556 3.090000
 557 3.090000
 558 3.090000
 559 3.090000
 560 3.070000
 561 2.090000
 562 2.110000
 563 2.070000
 564 2.040000
 565 1.800000
 566 1.810000
 567 1.800000
 568 1.820000
 569 1.800000
 570 1.820000
 571 1.820000
 572 1.850000
 573 1.850000
 574 1.850000
 575 1.850000
 576 1.850000
 577 1.850000
 578 1.870000
 579 1.870000
 580 1.900000
 581 1.920000
 582 1.920000
 583 1.920000
 584 1.950000
 585 1.950000
 586 1.950000
 587 1.970000
 588 2.000000
 589 2.000000
 590 2.000000
 591 2.020000
 592 2.050000
 593 2.050000
 594 2.080000
 595 2.080000
 596 2.110000
 597 2.130000
 598 2.130000
 599 2.160000
 600 2.180000
 601 2.180000
 602 2.210000
 603 2.230000
 604 2.230000
 605 2.230000
 606 2.230000
 607 2.280000
 608 2.260000
 609 2.250000
 610 2.260000
 611 2.330000
 612 2.330000
 613 2.360000
 614 2.370000
 615 2.360000
 616 2.340000
 617 2.330000
 618 2.360000
 619 2.360000
 620 2.360000
 621 2.380000
 622 2.410000
 623 1.480000
 624 1.460000
 625 1.450000
 626 1.450000
 627 1.480000
 628 1.490000
 629 1.490000
 630 1.520000
 631 1.520000
 632 1.520000
 633 1.540000
 634 1.540000
 635 1.570000
 636 1.560000
 637 1.560000
 638 1.580000
 639 1.610000
 640 1.610000
 641 1.630000
 642 1.630000
 643 1.660000
 644 1.660000
 645 1.680000
 646 1.680000
 647 1.710000
 648 1.710000
 649 1.730000
 650 1.760000
 651 1.780000
 652 1.780000
 653 1.810000
 654 1.810000
 655 1.860000
 656 1.860000
 657 1.880000
 658 1.910000
 659 1.910000
 660 1.960000
 661 1.960000
 662 1.980000
 663 2.040000
 664 3.390000
 665 3.390000
 666 3.370000
 667 3.360000
 668 3.340000
 669 3.340000
 670 3.340000
 671 3.320000
 672 3.290000
 673 3.290000
 674 3.240000
 675 3.270000
 676 3.250000
 677 3.240000
 678 3.240000
 679 3.240000
 680 3.240000
 681 3.270000
 682 3.260000
 683 3.240000
 684 3.240000
 685 3.250000
 686 3.270000
 687 3.300000
 688 3.290000
 689 3.320000
 690 3.340000
 691 3.350000
 692 3.330000
 693 3.340000
 694 3.340000
 695 3.340000
 696 3.340000
 697 3.370000
 698 3.390000
 699 3.370000
 700 3.390000
 701 3.390000
 702 3.420000
 703 3.440000
 704 3.440000
 705 3.440000
 706 3.460000
 707 3.480000
 708 2.930000
 709 2.930000
 710 3.380000
 711 3.540000
 712 3.570000
 713 3.590000
 714 3.620000
 715 3.610000
 716 3.650000
 717 3.680000
 718 3.680000
 719 3.700000
 720 3.740000
 721 3.750000
 722 3.750000
 723 3.750000
 724 3.790000
 725 3.790000
 726 3.790000
 727 3.810000
 728 3.810000
 729 3.840000
 730 3.840000
 731 3.840000
 732 3.840000
 733 3.860000
 734 3.890000
 735 3.910000
 736 3.900000
 737 3.920000
 738 3.940000
 739 3.980000
 740 3.980000
 741 3.390000
 742 3.370000
 743 2.940000
 744 2.950000
 745 1.520000
 746 1.550000
 747 1.560000
 748 1.560000
 749 1.560000
 750 1.540000
 751 1.540000
 752 1.540000
 753 1.540000
 754 1.540000
 755 1.560000
 756 1.520000
 757 1.530000
 758 4.090000
 759 4.080000
 760 4.080000
 0 3.140000
 1 3.110000
 2 3.110000
 3 3.030000
 4 3.140000
 5 3.110000
 6 3.010000
 7 3.030000
 8 3.070000
 9 3.010000
 10 3.040000
 11 3.190000
 12 3.160000
 13 3.050000
 14 3.160000
 15 3.160000
 16 3.030000
 17 3.060000
 18 3.160000
 19 3.160000
 20 3.160000
 21 3.030000
 22 3.140000
 23 3.140000
 24 3.160000
 25 3.020000
 26 3.030000
 27 3.030000
 28 3.010000
 29 3.030000
 30 3.010000
 31 3.110000
 32 3.010000
 33 3.140000
 34 3.110000
 35 2.960000
 36 2.910000
 37 2.720000
 38 2.330000
 39 2.170000
 40 2.170000
 41 2.170000
 42 2.150000
 43 2.130000
 44 2.140000
 45 2.160000
 46 2.150000
 47 2.120000
 48 2.150000
 49 2.120000
 50 2.150000
 51 2.170000
 52 2.250000
 53 2.260000
 54 2.240000
 55 2.210000
 56 2.190000
 57 2.160000
 58 2.190000
 59 2.210000
 60 2.200000
 61 2.200000
 62 2.200000
 63 2.210000
 64 2.210000
 65 2.190000
 66 2.160000
 67 2.180000
 68 2.210000
 69 2.220000
 70 2.230000
 71 2.220000
 72 2.210000
 73 2.210000
 74 2.210000
 75 2.210000
 76 2.260000
 77 2.320000
 78 2.210000
 79 2.170000
 80 2.200000
 81 2.200000
 82 2.210000
 83 2.240000
 84 2.230000
 85 2.280000
 86 2.240000
 87 2.230000
 88 2.230000
 89 2.240000
 90 2.240000
 91 2.270000
 92 2.270000
 93 2.250000
 94 2.260000
 95 2.260000
 96 2.240000
 97 2.240000
 98 2.250000
 99 2.250000
 100 2.240000
 101 2.280000
 102 1.050000
 103 0.960000
 104 0.960000
 105 0.960000
 106 0.960000
 107 0.960000
 108 0.990000
 109 0.960000
 110 0.960000
 111 0.990000
 112 0.960000
 113 0.960000
 114 0.960000
 115 0.960000
 116 0.960000
 117 0.960000
 118 0.960000
 119 0.960000
 120 0.970000
 121 1.040000
 122 2.080000
 123 2.110000
 124 2.110000
 125 2.110000
 126 2.110000
 127 2.110000
 128 2.140000
 129 2.140000
 130 2.140000
 131 2.160000
 132 2.160000
 133 2.190000
 134 2.200000
 135 2.210000
 136 2.240000
 137 2.260000
 138 2.310000
 139 2.310000
 140 2.360000
 141 2.380000
 142 2.430000
 143 2.400000
 144 2.290000
 145 2.460000
 146 3.590000
 147 3.570000
 148 3.630000
 149 3.530000
 150 3.600000
 151 2.250000
 152 2.140000
 153 2.110000
 154 2.110000
 155 2.110000
 156 2.120000
 157 2.120000
 158 2.120000
 159 2.110000
 160 2.130000
 161 2.090000
 162 1.630000
 163 1.580000
 164 1.580000
 165 1.560000
 166 1.560000
 167 1.560000
 168 1.560000
 169 1.590000
 170 1.560000
 171 1.560000
 172 1.560000
 173 1.560000
 174 1.580000
 175 1.610000
 176 1.590000
 177 1.660000
 178 3.860000
 179 3.830000
 180 3.860000
 181 3.890000
 182 3.890000
 183 1.040000
 184 1.070000
 185 1.060000
 186 1.030000
 187 1.030000
 188 1.020000
 189 1.010000
 190 1.010000
 191 1.010000
 192 1.010000
 193 1.010000
 194 1.010000
 195 1.010000
 196 1.010000
 197 1.010000
 198 1.010000
 199 1.040000
 200 1.010000
 201 1.010000
 202 1.040000
 203 1.010000
 204 1.050000
 205 1.090000
 206 4.100000
 207 4.130000
 208 4.130000
 209 1.730000
 210 1.720000
 211 1.700000
 212 1.700000
 213 1.680000
 214 1.660000
 215 1.690000
 216 1.660000
 217 1.660000
 218 1.690000
 219 1.660000
 220 1.690000
 221 1.690000
 222 1.700000
 223 4.410000
 224 4.500000
 225 4.430000
 226 4.460000
 227 4.130000
 228 4.190000
 229 4.510000
 230 4.500000
 231 4.530000
 232 4.560000
 233 4.560000
 234 4.580000
 235 4.710000
 236 4.740000
 237 4.760000
 238 4.790000
 239 4.760000
 240 4.710000
 241 4.730000
 242 4.760000
 243 4.780000
 244 4.880000
 245 4.910000
 246 4.950000
 247 5.020000
 248 4.900000
 249 5.020000
 250 1.240000
 251 1.210000
 252 1.210000
 253 1.210000
 254 1.210000
 255 1.180000
 256 1.180000
 257 1.160000
 258 1.190000
 259 1.160000
 260 1.190000
 261 1.160000
 262 1.190000
 263 1.190000
 264 1.190000
 265 1.190000
 266 1.190000
 267 1.190000
 268 1.210000
 269 1.290000
 270 5.340000
 271 5.320000
 272 5.300000
 273 5.300000
 274 4.630000
 275 4.610000
 276 4.640000
 277 5.200000
 278 5.250000
 279 5.220000
 280 5.210000
 281 5.210000
 282 5.220000
 283 5.220000
 284 5.220000
 285 5.220000
 286 5.130000
 287 5.120000
 288 5.220000
 289 5.220000
 290 5.220000
 291 5.200000
 292 5.170000
 293 5.170000
 294 5.170000
 295 5.150000
 296 5.150000
 297 5.120000
 298 5.120000
 299 4.450000
 300 4.410000
 301 4.380000
 302 4.440000
 303 5.100000
 304 5.090000
 305 5.070000
 306 5.070000
 307 5.050000
 308 5.050000
 309 4.920000
 310 4.910000
 311 4.910000
 312 5.020000
 313 5.020000
 314 5.020000
 315 4.970000
 316 4.990000
 317 4.990000
 318 4.950000
 319 4.950000
 320 4.950000
 321 4.970000
 322 4.950000
 323 4.920000
 324 4.920000
 325 4.920000
 326 4.920000
 327 4.900000
 328 4.900000
 329 4.900000
 330 4.900000
 331 4.900000
 332 4.870000
 333 4.870000
 334 4.870000
 335 4.850000
 336 4.850000
 337 4.870000
 338 4.850000
 339 4.850000
 340 4.850000
 341 4.850000
 342 4.850000
 343 4.820000
 344 4.820000
 345 4.820000
 346 4.820000
 347 4.080000
 348 4.770000
 349 4.800000
 350 4.080000
 351 4.180000
 352 4.770000
 353 4.780000
 354 4.870000
 355 4.930000
 356 4.990000
 357 5.040000
 358 4.760000
 359 4.640000
 360 4.630000
 361 4.620000
 362 4.600000
 363 4.620000
 364 4.580000
 365 4.620000
 366 4.620000
 367 4.660000
 368 4.680000
 369 4.060000
 370 4.070000
 371 3.950000
 372 3.980000
 373 3.960000
 374 5.020000
 375 5.020000
 376 5.050000
 377 5.000000
 378 5.010000
 379 5.010000
 380 4.990000
 381 5.020000
 382 4.990000
 383 4.990000
 384 5.050000
 385 5.060000
 386 5.030000
 387 4.410000
 388 4.860000
 389 4.890000
 390 5.040000
 391 4.210000
 392 4.170000
 393 4.170000
 394 4.180000
 395 4.890000
 396 4.850000
 397 4.800000
 398 4.750000
 399 4.700000
 400 4.650000
 401 4.610000
 402 4.640000
 403 4.610000
 404 4.610000
 405 4.590000
 406 4.590000
 407 4.440000
 408 4.230000
 409 4.230000
 410 4.330000
 411 4.310000
 412 4.440000
 413 4.330000
 414 4.260000
 415 4.250000
 416 4.340000
 417 4.460000
 418 4.420000
 419 4.360000
 420 4.290000
 421 4.290000
 422 4.320000
 423 4.330000
 424 4.310000
 425 4.280000
 426 4.300000
 427 4.060000
 428 3.930000
 429 3.820000
 430 3.710000
 431 3.660000
 432 3.670000
 433 3.640000
 434 3.670000
 435 3.620000
 436 3.590000
 437 3.540000
 438 3.610000
 439 3.550000
 440 3.530000
 441 3.530000
 442 3.530000
 443 3.510000
 444 3.510000
 445 3.600000
 446 3.610000
 447 3.590000
 448 3.590000
 449 3.590000
 450 3.560000
 451 3.560000
 452 3.570000
 453 3.590000
 454 3.580000
 455 3.580000
 456 3.550000
 457 3.540000
 458 3.520000
 459 3.540000
 460 3.520000
 461 3.540000
 462 3.540000
 463 3.560000
 464 3.560000
 465 3.540000
 466 3.510000
 467 3.510000
 468 3.520000
 469 3.520000
 470 3.490000
 471 3.490000
 472 3.480000
 473 3.480000
 474 3.470000
 475 3.450000
 476 3.440000
 477 3.440000
 478 3.450000
 479 3.440000
 480 3.460000
 481 3.400000
 482 3.410000
 483 3.410000
 484 3.400000
 485 3.390000
 486 3.350000
 487 3.330000
 488 3.310000
 489 3.300000
 490 3.290000
 491 3.280000
 492 3.230000
 493 3.210000
 494 3.230000
 495 3.190000
 496 3.180000
 497 3.150000
 498 3.130000
 499 3.140000
 500 3.110000
 501 3.100000
 502 3.070000
 503 3.090000
 504 3.110000
 505 3.060000
 506 3.070000
 507 3.090000
 508 3.050000
 509 3.070000
 510 3.080000
 511 3.070000
 512 3.090000
 513 3.090000
 514 3.070000
 515 3.090000
 516 3.110000
 517 3.100000
 518 3.090000
 519 3.120000
 520 3.120000
 521 3.120000
 522 3.120000
 523 3.140000
 524 3.120000
 525 3.090000
 526 3.140000
 527 3.110000
 528 3.100000
 529 3.090000
 530 3.090000
 531 3.060000
 532 3.040000
 533 3.040000
 534 3.060000
 535 3.060000
 536 3.010000
 537 3.020000
 538 3.040000
 539 3.040000
 540 3.040000
 541 3.040000
 542 3.020000
 543 3.020000
 544 2.430000
 545 2.410000
 546 3.040000
 547 3.070000
 548 3.040000
 549 3.070000
 550 3.070000
 551 3.070000
 552 3.070000
 553 3.070000
 554 3.070000
 555 3.110000
 556 3.090000
 557 3.090000
 558 3.090000
 559 3.090000
 560 3.090000
 561 2.060000
 562 2.090000
 563 2.070000
 564 2.010000
 565 1.800000
 566 1.780000
 567 1.780000
 568 1.790000
 569 1.800000
 570 1.820000
 571 1.820000
 572 1.820000
 573 1.820000
 574 1.850000
 575 1.850000
 576 1.870000
 577 1.870000
 578 1.900000
 579 1.870000
 580 1.900000
 581 1.920000
 582 1.920000
 583 1.950000
 584 1.950000
 585 1.950000
 586 1.950000
 587 1.970000
 588 2.000000
 589 2.000000
 590 2.020000
 591 2.020000
 592 2.020000
 593 2.060000
 594 2.080000
 595 2.080000
 596 2.080000
 597 2.110000
 598 2.130000
 599 2.160000
 600 2.160000
 601 2.180000
 602 2.210000
 603 2.210000
 604 2.230000
 605 2.210000
 606 2.230000
 607 2.260000
 608 2.280000
 609 2.250000
 610 2.280000
 611 2.330000
 612 2.330000
 613 2.330000
 614 2.350000
 615 2.360000
 616 2.340000
 617 2.330000
 618 2.350000
 619 2.360000
 620 2.380000
 621 2.410000
 622 2.410000
 623 1.460000
 624 1.460000
 625 1.450000
 626 1.460000
 627 1.470000
 628 1.470000
 629 1.490000
 630 1.490000
 631 1.490000
 632 1.520000
 633 1.520000
 634 1.540000
 635 1.540000
 636 1.530000
 637 1.580000
 638 1.590000
 639 1.580000
 640 1.610000
 641 1.630000
 642 1.660000
 643 1.660000
 644 1.660000
 645 1.680000
 646 1.680000
 647 1.730000
 648 1.730000
 649 1.730000
 650 1.760000
 651 1.760000
 652 1.780000
 653 1.780000
 654 1.830000
 655 1.830000
 656 1.860000
 657 1.880000
 658 1.880000
 659 1.910000
 660 1.930000
 661 1.980000
 662 1.980000
 663 2.010000
 664 3.390000
 665 3.390000
 666 3.370000
 667 3.390000
 668 3.370000
 669 3.340000
 670 3.320000
 671 3.320000
 672 3.290000
 673 3.290000
 674 3.270000
 675 3.240000
 676 3.250000
 677 3.250000
 678 3.240000
 679 3.240000
 680 3.260000
 681 3.240000
 682 3.270000
 683 3.240000
 684 3.240000
 685 3.240000
 686 3.280000
 687 3.300000
 688 3.270000
 689 3.310000
 690 3.310000
 691 3.340000
 692 3.350000
 693 3.320000
 694 3.340000
 695 3.340000
 696 3.340000
 697 3.340000
 698 3.370000
 699 3.370000
 700 3.390000
 701 3.390000
 702 3.420000
 703 3.440000
 704 3.440000
 705 3.440000
 706 3.460000
 707 3.460000
 708 2.940000
 709 2.950000
 710 3.380000
 711 3.540000
 712 3.560000
 713 3.590000
 714 3.640000
 715 3.630000
 716 3.650000
 717 3.690000
 718 3.680000
 719 3.730000
 720 3.740000
 721 3.740000
 722 3.730000
 723 3.790000
 724 3.760000
 725 3.780000
 726 3.790000
 727 3.810000
 728 3.810000
 729 3.840000
 730 3.840000
 731 3.840000
 732 3.830000
 733 3.840000
 734 3.890000
 735 3.910000
 736 3.940000
 737 3.940000
 738 3.950000
 739 3.960000
 740 3.980000
 741 3.390000
 742 3.370000
 743 2.970000
 744 2.940000
 745 1.550000
 746 1.560000
 747 1.560000
 748 1.540000
 749 1.540000
 750 1.540000
 751 1.510000
 752 1.540000
 753 1.540000
 754 1.510000
 755 1.530000
 756 1.520000
 757 1.500000
 758 4.110000
 759 4.090000
 760 4.080000