
 0 2.030000
 1 2.190000
 2 2.130000
 3 2.030000
 4 2.210000
 5 2.170000
 6 2.230000
 7 2.260000
 8 2.090000
 9 2.180000
 10 2.130000
 11 2.270000
 12 2.090000
 13 2.040000
 14 2.090000
 15 2.160000
 16 2.090000
 17 2.070000
 18 2.060000
 19 2.110000
 20 2.060000
 21 2.040000
 22 2.110000
 23 2.130000
 24 2.490000
 25 2.240000
 26 2.570000
 27 2.290000
 28 2.570000
 29 2.270000
 30 2.570000
 31 2.240000
 32 2.470000
 33 2.180000
 34 2.180000
 35 2.180000
 36 2.150000
 37 2.200000
 38 2.200000
 39 2.230000
 40 2.190000
 41 2.250000
 42 2.170000
 43 2.220000
 44 2.140000
 45 2.290000
 46 2.190000
 47 2.230000
 48 2.090000
 49 2.160000
 50 2.090000
 51 2.260000
 52 2.240000
 53 2.300000
 54 2.230000
 55 2.160000
 56 2.110000
 57 2.070000
 58 2.090000
 59 2.090000
 60 2.100000
 61 2.050000
 62 2.150000
 63 2.090000
 64 2.180000
 65 2.150000
 66 2.060000
 67 2.160000
 68 2.060000
 69 2.160000
 70 2.140000
 71 2.120000
 72 2.120000
 73 2.120000
 74 2.120000
 75 2.150000
 76 2.350000
 77 2.270000
 78 2.440000
 79 2.190000
 80 2.440000
 81 2.280000
 82 2.520000
 83 2.220000
 84 2.510000
 85 2.190000
 86 2.490000
 87 2.220000
 88 2.660000
 89 2.140000
 90 2.540000
 91 2.160000
 92 2.290000
 93 2.220000
 94 2.420000
 95 2.260000
 96 2.260000
 97 2.190000
 98 2.160000
 99 2.180000
 100 2.190000
 101 2.190000
 102 2.160000
 103 2.190000
 104 2.230000
 105 2.260000
 106 2.260000
 107 2.160000
 108 2.160000
 109 2.130000
 110 2.160000
 111 2.160000
 112 2.890000
 113 2.310000
 114 2.360000
 115 2.180000
 116 2.910000
 117 2.160000
 118 2.200000
 119 2.180000
 120 2.220000
 121 2.180000
 122 2.210000
 123 2.940000
 124 2.260000
 125 2.960000
 126 2.360000
 127 2.240000
 128 2.380000
 129 2.280000
 130 2.990000
 131 2.410000
 132 2.750000
 133 2.280000
 134 2.810000
 135 2.260000
 136 2.380000
 137 2.410000
 138 2.380000
 139 2.410000
 140 2.380000
 141 2.440000
 142 2.300000
 143 2.280000
 144 2.410000
 145 2.410000
 146 2.410000
 147 2.430000
 148 2.410000
 149 2.380000
 150 2.370000
 151 2.350000
 152 2.350000
 153 2.330000
 154 2.360000
 155 2.360000
 156 2.210000
 157 2.210000
 158 2.210000
 159 2.360000
 160 2.310000
 161 2.310000
 162 2.310000
 163 2.280000
 164 2.310000
 165 2.310000
 166 2.250000
 167 2.200000
 168 2.180000
 169 2.300000
 170 2.270000
 171 2.260000
 172 2.240000
 173 2.220000
 174 2.250000
 175 2.260000
 176 2.270000
 177 2.330000
 178 2.250000
 179 2.260000
 180 2.290000
 181 2.650000
 182 2.950000
 183 2.920000
 184 2.900000
 185 2.900000
 186 2.860000
 187 2.660000
 188 2.810000
 189 2.660000
 190 2.750000
 191 2.760000
 192 2.730000
 193 2.730000
 194 2.680000
 195 2.690000
 196 2.770000
 197 2.810000
 198 2.830000
 199 2.830000
 200 2.830000
 201 2.860000
 202 2.830000
 203 2.810000
 204 2.810000
 205 2.840000
 206 2.840000
 207 2.840000
 208 2.860000
 209 2.860000
 210 2.860000
 211 2.890000
 212 2.890000
 213 2.890000
 214 2.890000
 215 2.910000
 216 2.910000
 217 2.940000
 218 2.940000
 219 2.940000
 220 2.940000
 221 2.960000
 222 2.990000
 223 2.990000
 224 3.010000
 225 3.010000
 226 3.010000
 227 3.040000
 228 3.040000
 229 3.060000
 230 3.060000
 231 3.060000
 232 3.100000
 233 3.110000
 234 3.100000
 235 3.100000
 236 3.130000
 237 3.150000
 238 3.130000
 239 3.150000
 240 3.180000
 241 3.200000
 242 3.200000
 243 3.230000
 244 3.220000
 245 3.310000
 246 3.550000
 247 3.670000
 248 3.680000
 249 3.680000
 250 3.790000
 251 3.750000
 252 3.760000
 253 3.700000
 254 3.670000
 255 3.590000
 256 3.540000
 257 3.570000
 258 3.580000
 259 3.620000
 260 3.590000
 261 3.540000
 262 3.530000
 263 3.490000
 264 3.520000
 265 3.540000
 266 3.540000
 267 3.540000
 268 3.570000
 269 3.560000
 270 3.520000
 271 3.520000
 272 3.540000
 273 3.630000
 274 3.670000
 275 3.580000
 276 3.640000
 277 3.610000
 278 3.620000
 279 3.630000
 280 3.630000
 281 3.730000
 282 3.850000
 283 3.870000
 284 3.870000
 285 3.890000
 286 3.890000
 287 3.890000
 288 3.320000
 289 3.230000
 290 3.200000
 291 3.170000
 292 3.190000
 293 3.790000
 294 3.400000
 295 3.410000
 296 3.390000
 297 3.380000
 298 3.400000
 299 3.820000
 300 3.820000
 301 3.680000
 302 3.790000
 303 3.680000
 304 3.790000
 305 2.710000
 306 2.700000
 307 2.690000
 308 2.690000
 309 2.690000
 310 2.690000
 311 2.670000
 312 2.690000
 313 2.680000
 314 2.690000
 315 2.680000
 316 2.680000
 317 2.650000
 318 2.660000
 319 2.660000
 320 2.660000
 321 2.640000
 322 2.630000
 323 2.640000
 324 2.640000
 325 2.640000
 326 2.610000
 327 2.590000
 328 2.560000
 329 2.590000
 330 2.560000
 331 2.560000
 332 2.560000
 333 2.560000
 334 2.560000
 335 2.560000
 336 2.570000
 337 2.570000
 338 2.580000
 339 2.580000
 340 2.580000
 341 2.580000
 342 2.550000
 343 2.550000
 344 2.580000
 345 2.560000
 346 2.560000
 347 2.530000
 348 2.520000
 349 2.530000
 350 2.530000
 351 2.530000
 352 2.530000
 353 2.520000
 354 2.550000
 355 2.530000
 356 2.540000
 357 2.540000
 358 2.510000
 359 2.500000
 360 2.510000
 361 2.510000
 362 1.950000
 363 1.960000
 364 1.940000
 365 1.910000
 366 1.940000
 367 1.910000
 368 1.910000
 369 1.920000
 370 1.930000
 371 1.960000
 372 1.960000
 373 1.960000
 374 2.160000
 375 2.440000
 376 2.450000
 377 2.520000
 378 2.680000
 379 2.630000
 380 2.550000
 381 2.750000
 382 3.040000
 383 3.100000
 384 2.990000
 385 3.050000
 386 3.160000
 387 3.170000
 388 3.150000
 389 3.150000
 390 3.150000
 391 3.100000
 392 2.430000
 393 2.410000
 394 2.410000
 395 2.410000
 396 2.390000
 397 2.410000
 398 2.410000
 399 2.430000
 400 1.780000
 401 1.760000
 402 1.760000
 403 1.760000
 404 1.740000
 405 1.760000
 406 1.740000
 407 1.760000
 408 1.740000
 409 1.750000
 410 1.770000
 411 1.790000
 412 1.810000
 413 2.960000
 414 2.940000
 415 2.910000
 416 2.940000
 417 2.960000
 418 2.960000
 419 3.030000
 420 3.360000
 421 3.380000
 422 3.360000
 423 2.290000
 424 2.290000
 425 2.290000
 426 2.290000
 427 2.290000
 428 2.260000
 429 2.260000
 430 2.290000
 431 2.270000
 432 2.310000
 433 2.350000
 434 3.310000
 435 3.340000
 436 3.210000
 437 3.290000
 438 3.090000
 439 2.840000
 440 2.840000
 441 2.810000
 442 2.810000
 443 2.810000
 444 2.810000
 445 1.670000
 446 1.660000
 447 1.660000
 448 1.660000
 449 1.660000
 450 1.640000
 451 1.660000
 452 1.660000
 453 1.660000
 454 1.710000
 455 1.660000
 456 1.640000
 457 1.650000
 458 1.680000
 459 3.370000
 460 2.220000
 461 2.190000
 462 2.190000
 463 2.210000
 464 2.210000
 465 2.190000
 466 2.210000
 467 2.190000
 468 2.220000
 469 2.460000
 470 1.720000
 471 1.710000
 472 1.710000
 473 1.680000
 474 1.680000
 475 1.680000
 476 1.680000
 477 1.660000
 478 1.630000
 479 1.630000
 480 1.610000
 481 1.610000
 482 1.610000
 483 1.610000
 484 1.580000
 485 1.560000
 486 1.560000
 487 1.560000
 488 1.530000
 489 1.530000
 490 1.510000
 491 1.510000
 492 1.510000
 493 1.510000
 494 1.480000
 495 1.510000
 496 1.500000
 497 1.530000
 498 1.510000
 499 1.520000
 500 1.480000
 501 1.460000
 502 1.490000
 503 1.480000
 504 1.460000
 505 1.510000
 506 1.510000
 507 1.480000
 508 1.510000
 509 1.530000
 510 1.560000
 511 1.560000
 512 1.560000
 513 1.580000
 514 1.550000
 515 1.580000
 516 1.580000
 517 1.600000
 518 1.600000
 519 1.600000
 520 1.630000
 521 1.630000
 522 1.630000
 523 1.630000
 524 1.650000
 525 1.630000
 526 1.650000
 527 1.680000
 528 1.680000
 529 1.680000
 530 1.680000
 531 1.700000
 532 1.730000
 533 1.760000
 534 4.310000
 535 4.330000
 536 4.340000
 537 4.320000
 538 4.360000
 539 4.380000
 540 5.050000
 541 5.070000
 542 4.830000
 543 4.580000
 544 4.490000
 545 4.420000
 546 4.370000
 547 4.370000
 548 4.370000
 549 4.380000
 550 4.410000
 551 4.400000
 552 4.420000
 553 4.480000
 554 4.450000
 555 4.540000
 556 4.190000
 557 3.930000
 558 3.950000
 559 3.940000
 560 3.960000
 561 3.980000
 562 3.980000
 563 4.000000
 564 3.640000
 565 3.640000
 566 3.830000
 567 3.710000
 568 3.690000
 569 3.710000
 570 3.710000
 571 3.710000
 572 3.700000
 573 3.600000
 574 3.550000
 575 3.570000
 576 3.570000
 577 3.510000
 578 3.640000
 579 3.630000
 580 3.640000
 581 3.680000
 582 3.680000
 583 3.690000
 584 3.630000
 585 3.480000
 586 3.650000
 587 3.700000
 588 3.730000
 589 3.730000
 590 3.730000
 591 3.750000
 592 3.690000
 593 3.690000
 594 3.710000
 595 3.730000
 596 3.880000
 597 3.870000
 598 3.940000
 599 4.130000
 600 4.410000
 601 4.530000
 602 4.530000
 603 4.480000
 604 4.510000
 605 4.480000
 606 4.480000
 607 4.460000
 608 4.160000
 609 4.160000
 610 4.170000
 611 4.220000
 612 4.290000
 613 4.370000
 614 4.370000
 615 4.380000
 616 4.410000
 617 4.400000
 618 4.420000
 619 4.370000
 620 4.380000
 621 4.360000
 622 4.360000
 623 3.430000
 624 3.410000
 625 3.410000
 626 3.470000
 627 3.540000
 628 3.500000
 629 3.490000
 630 3.510000
 631 3.490000
 632 3.490000
 633 3.480000
 634 3.540000
 635 4.210000
 636 3.970000
 637 3.960000
 638 3.930000
 639 3.980000
 640 4.160000
 641 4.130000
 642 4.130000
 643 4.030000
 644 3.980000
 645 3.980000
 646 3.980000
 647 3.990000
 648 3.980000
 649 4.080000
 650 4.070000
 651 4.060000
 652 4.060000
 653 4.020000
 654 4.040000
 655 4.030000
 656 4.020000
 657 3.990000
 658 3.990000
 659 3.980000
 660 3.980000
 661 2.790000
 662 2.840000
 663 3.960000
 664 3.960000
 665 3.930000
 666 3.930000
 667 3.190000
 668 3.180000
 669 3.190000
 670 3.120000
 671 3.130000
 672 3.150000
 673 3.890000
 674 3.100000
 675 3.040000
 676 3.080000
 677 3.110000
 678 3.010000
 679 3.130000
 680 3.110000
 681 3.120000
 682 3.100000
 683 3.080000
 684 3.060000
 685 3.060000
 686 3.080000
 687 3.080000
 688 3.080000
 689 3.080000
 690 3.080000
 691 3.060000
 692 3.060000
 693 2.980000
 694 3.060000
 695 3.070000
 696 3.070000
 697 2.990000
 698 3.110000
 699 3.010000
 700 2.960000
 701 3.040000
 702 3.020000
 703 2.980000
 704 3.040000
 705 3.020000
 706 3.010000
 707 3.020000
 708 2.960000
 709 2.990000
 710 2.930000
 711 2.960000
 712 2.950000
 713 2.960000
 714 2.990000
 715 3.000000
 716 2.960000
 717 2.980000
 718 3.000000
 719 2.910000
 720 3.060000
 721 2.980000
 722 2.950000
 723 2.910000
 724 2.950000
 725 2.980000
 726 2.950000
 727 2.930000
 728 2.960000
 729 2.950000
 730 2.980000
 731 2.950000
 732 3.020000
 733 3.040000
 734 2.980000
 735 2.980000
 736 2.980000
 737 3.030000
 738 3.070000
 739 2.980000
 740 3.090000
 741 3.080000
 742 2.960000
 743 3.110000
 744 3.080000
 745 3.120000
 746 2.960000
 747 3.040000
 748 2.980000
 749 3.010000
 750 3.030000
 751 3.080000
 752 6.140000
 753 2.970000
 754 3.010000
 755 3.000000
 756 3.020000
 757 3.010000
 758 3.090000
 759 3.020000
 760 3.030000
 0 2.190000
 1 2.190000
 2 2.100000
 3 2.200000
 4 2.380000
 5 2.170000
 6 2.230000
 7 2.230000
 8 2.060000
 9 2.160000
 10 2.130000
 11 2.250000
 12 2.070000
 13 2.010000
 14 2.090000
 15 2.160000
 16 2.100000
 17 2.080000
 18 2.070000
 19 2.090000
 20 2.060000
 21 2.070000
 22 2.110000
 23 2.130000
 24 2.490000
 25 2.220000
 26 2.570000
 27 2.270000
 28 2.570000
 29 2.270000
 30 2.570000
 31 2.240000
 32 2.490000
 33 2.160000
 34 2.190000
 35 2.150000
 36 2.200000
 37 2.230000
 38 2.200000
 39 2.250000
 40 2.200000
 41 2.230000
 42 2.170000
 43 2.200000
 44 2.170000
 45 2.270000
 46 2.160000
 47 2.260000
 48 2.060000
 49 2.150000
 50 2.050000
 51 2.260000
 52 2.220000
 53 2.300000
 54 2.260000
 55 2.160000
 56 2.110000
 57 2.070000
 58 2.120000
 59 2.090000
 60 2.090000
 61 2.090000
 62 2.170000
 63 2.120000
 64 2.180000
 65 2.150000
 66 2.220000
 67 2.160000
 68 2.210000
 69 2.180000
 70 2.140000
 71 2.080000
 72 2.100000
 73 2.090000
 74 2.090000
 75 2.160000
 76 2.380000
 77 2.270000
 78 2.440000
 79 2.190000
 80 2.460000
 81 2.290000
 82 2.520000
 83 2.220000
 84 2.500000
 85 2.170000
 86 2.490000
 87 2.190000
 88 2.680000
 89 2.150000
 90 2.540000
 91 2.160000
 92 2.290000
 93 2.220000
 94 2.420000
 95 2.260000
 96 2.260000
 97 2.220000
 98 2.170000
 99 2.150000
 100 2.160000
 101 2.190000
 102 2.160000
 103 2.190000
 104 2.230000
 105 2.260000
 106 2.240000
 107 2.160000
 108 2.160000
 109 2.160000
 110 2.160000
 111 2.160000
 112 2.890000
 113 2.310000
 114 2.360000
 115 2.180000
 116 2.910000
 117 2.180000
 118 2.200000
 119 2.210000
 120 2.200000
 121 2.210000
 122 2.230000
 123 2.940000
 124 2.230000
 125 2.960000
 126 2.210000
 127 2.270000
 128 2.360000
 129 2.230000
 130 2.990000
 131 2.380000
 132 2.780000
 133 2.280000
 134 2.990000
 135 2.260000
 136 2.410000
 137 2.410000
 138 2.380000
 139 2.440000
 140 2.380000
 141 2.310000
 142 2.300000
 143 2.280000
 144 2.410000
 145 2.430000
 146 2.430000
 147 2.460000
 148 2.410000
 149 2.400000
 150 2.370000
 151 2.370000
 152 2.350000
 153 2.360000
 154 2.360000
 155 2.330000
 156 2.250000
 157 2.210000
 158 2.210000
 159 2.330000
 160 2.310000
 161 2.310000
 162 2.280000
 163 2.280000
 164 2.280000
 165 2.310000
 166 2.210000
 167 2.200000
 168 2.210000
 169 2.300000
 170 2.270000
 171 2.260000
 172 2.240000
 173 2.240000
 174 2.230000
 175 2.290000
 176 2.290000
 177 2.330000
 178 2.250000
 179 2.260000
 180 2.320000
 181 2.650000
 182 2.950000
 183 2.920000
 184 2.900000
 185 2.900000
 186 2.850000
 187 2.660000
 188 2.830000
 189 2.660000
 190 2.720000
 191 2.760000
 192 2.730000
 193 2.760000
 194 2.690000
 195 2.720000
 196 2.770000
 197 2.810000
 198 2.810000
 199 2.810000
 200 2.830000
 201 2.860000
 202 2.830000
 203 2.810000
 204 2.810000
 205 2.810000
 206 2.840000
 207 2.840000
 208 2.860000
 209 2.860000
 210 2.890000
 211 2.890000
 212 2.860000
 213 2.890000
 214 2.890000
 215 2.890000
 216 2.910000
 217 2.910000
 218 2.940000
 219 2.940000
 220 2.960000
 221 2.990000
 222 2.990000
 223 2.990000
 224 2.990000
 225 3.010000
 226 3.010000
 227 3.040000
 228 3.060000
 229 3.040000
 230 3.090000
 231 3.090000
 232 3.080000
 233 3.110000
 234 3.110000
 235 3.110000
 236 3.130000
 237 3.130000
 238 3.160000
 239 3.180000
 240 3.180000
 241 3.180000
 242 3.210000
 243 3.210000
 244 3.220000
 245 3.280000
 246 3.550000
 247 3.730000
 248 3.700000
 249 3.770000
 250 3.790000
 251 3.750000
 252 3.730000
 253 3.700000
 254 3.640000
 255 3.620000
 256 3.540000
 257 3.540000
 258 3.570000
 259 3.620000
 260 3.570000
 261 3.540000
 262 3.530000
 263 3.500000
 264 3.520000
 265 3.520000
 266 3.550000
 267 3.560000
 268 3.560000
 269 3.590000
 270 3.520000
 271 3.520000
 272 3.550000
 273 3.630000
 274 3.670000
 275 3.560000
 276 3.620000
 277 3.620000
 278 3.590000
 279 3.620000
 280 3.660000
 281 3.710000
 282 3.850000
 283 3.850000
 284 3.840000
 285 3.890000
 286 3.890000
 287 3.890000
 288 3.340000
 289 3.230000
 290 3.200000
 291 3.170000
 292 3.170000
 293 3.710000
 294 3.420000
 295 3.410000
 296 3.390000
 297 3.330000
 298 3.400000
 299 3.820000
 300 3.840000
 301 3.680000
 302 3.820000
 303 3.680000
 304 3.770000
 305 2.680000
 306 2.710000
 307 2.690000
 308 2.660000
 309 2.690000
 310 2.690000
 311 2.670000
 312 2.690000
 313 2.680000
 314 2.690000
 315 2.680000
 316 2.650000
 317 2.640000
 318 2.690000
 319 2.660000
 320 2.660000
 321 2.640000
 322 2.630000
 323 2.640000
 324 2.660000
 325 2.640000
 326 2.610000
 327 2.560000
 328 2.590000
 329 2.590000
 330 2.560000
 331 2.560000
 332 2.560000
 333 2.560000
 334 2.540000
 335 2.530000
 336 2.590000
 337 2.570000
 338 2.580000
 339 2.580000
 340 2.580000
 341 2.580000
 342 2.550000
 343 2.570000
 344 2.550000
 345 2.580000
 346 2.560000
 347 2.560000
 348 2.520000
 349 2.560000
 350 2.530000
 351 2.530000
 352 2.530000
 353 2.520000
 354 2.520000
 355 2.530000
 356 2.540000
 357 2.510000
 358 2.510000
 359 2.500000
 360 2.510000
 361 2.510000
 362 1.950000
 363 1.960000
 364 1.940000
 365 1.940000
 366 1.910000
 367 1.910000
 368 1.910000
 369 1.930000
 370 1.920000
 371 1.930000
 372 1.960000
 373 1.960000
 374 2.160000
 375 2.460000
 376 2.470000
 377 2.520000
 378 2.710000
 379 2.630000
 380 2.550000
 381 2.770000
 382 3.040000
 383 3.100000
 384 3.010000
 385 3.080000
 386 3.160000
 387 3.170000
 388 3.180000
 389 3.150000
 390 3.150000
 391 3.150000
 392 2.430000
 393 2.410000
 394 2.410000
 395 2.390000
 396 2.390000
 397 2.410000
 398 2.380000
 399 2.430000
 400 1.810000
 401 1.760000
 402 1.760000
 403 1.790000
 404 1.760000
 405 1.760000
 406 1.760000
 407 1.760000
 408 1.730000
 409 1.770000
 410 1.770000
 411 1.770000
 412 1.830000
 413 2.940000
 414 2.940000
 415 2.910000
 416 2.940000
 417 2.930000
 418 2.960000
 419 3.030000
 420 3.380000
 421 3.360000
 422 3.360000
 423 2.300000
 424 2.310000
 425 2.290000
 426 2.290000
 427 2.290000
 428 2.290000
 429 2.260000
 430 2.290000
 431 2.290000
 432 2.310000
 433 2.340000
 434 3.290000
 435 3.210000
 436 3.210000
 437 3.290000
 438 3.090000
 439 2.840000
 440 2.810000
 441 2.810000
 442 2.810000
 443 2.840000
 444 2.810000
 445 1.670000
 446 1.660000
 447 1.660000
 448 1.640000
 449 1.660000
 450 1.640000
 451 1.660000
 452 1.640000
 453 1.680000
 454 1.680000
 455 1.630000
 456 1.640000
 457 1.650000
 458 1.680000
 459 3.370000
 460 2.220000
 461 2.190000
 462 2.210000
 463 2.210000
 464 2.210000
 465 2.190000
 466 2.210000
 467 2.210000
 468 2.220000
 469 2.460000
 470 1.720000
 471 1.710000
 472 1.710000
 473 1.710000
 474 1.680000
 475 1.650000
 476 1.680000
 477 1.630000
 478 1.660000
 479 1.630000
 480 1.630000
 481 1.610000
 482 1.580000
 483 1.610000
 484 1.580000
 485 1.580000
 486 1.560000
 487 1.530000
 488 1.560000
 489 1.530000
 490 1.530000
 491 1.510000
 492 1.510000
 493 1.510000
 494 1.510000
 495 1.480000
 496 1.500000
 497 1.510000
 498 1.480000
 499 1.480000
 500 1.460000
 501 1.490000
 502 1.460000
 503 1.480000
 504 1.480000
 505 1.480000
 506 1.510000
 507 1.510000
 508 1.510000
 509 1.530000
 510 1.560000
 511 1.560000
 512 1.580000
 513 1.550000
 514 1.580000
 515 1.550000
 516 1.580000
 517 1.600000
 518 1.600000
 519 1.600000
 520 1.600000
 521 1.600000
 522 1.630000
 523 1.630000
 524 1.630000
 525 1.630000
 526 1.680000
 527 1.650000
 528 1.680000
 529 1.680000
 530 1.680000
 531 1.680000
 532 1.730000
 533 1.760000
 534 4.330000
 535 4.310000
 536 4.340000
 537 4.340000
 538 4.340000
 539 4.410000
 540 5.050000
 541 5.050000
 542 4.810000
 543 4.590000
 544 4.520000
 545 4.420000
 546 4.370000
 547 4.350000
 548 4.400000
 549 4.380000
 550 4.380000
 551 4.400000
 552 4.440000
 553 4.470000
 554 4.480000
 555 4.520000
 556 4.160000
 557 3.930000
 558 3.920000
 559 3.960000
 560 3.930000
 561 3.970000
 562 4.010000
 563 4.010000
 564 3.670000
 565 3.640000
 566 3.820000
 567 3.710000
 568 3.660000
 569 3.710000
 570 3.720000
 571 3.710000
 572 3.680000
 573 3.630000
 574 3.550000
 575 3.580000
 576 3.570000
 577 3.510000
 578 3.630000
 579 3.630000
 580 3.640000
 581 3.680000
 582 3.680000
 583 3.660000
 584 3.610000
 585 3.530000
 586 3.650000
 587 3.680000
 588 3.730000
 589 3.730000
 590 3.730000
 591 3.730000
 592 3.690000
 593 3.660000
 594 3.680000
 595 3.720000
 596 3.830000
 597 3.870000
 598 3.960000
 599 4.110000
 600 4.410000
 601 4.530000
 602 4.530000
 603 4.510000
 604 4.480000
 605 4.480000
 606 4.480000
 607 4.460000
 608 4.180000
 609 4.180000
 610 4.170000
 611 4.250000
 612 4.290000
 613 4.370000
 614 4.400000
 615 4.410000
 616 4.370000
 617 4.420000
 618 4.390000
 619 4.380000
 620 4.360000
 621 4.360000
 622 4.360000
 623 3.430000
 624 3.440000
 625 3.410000
 626 3.450000
 627 3.540000
 628 3.520000
 629 3.500000
 630 3.510000
 631 3.520000
 632 3.470000
 633 3.510000
 634 3.600000
 635 4.180000
 636 3.950000
 637 3.940000
 638 3.930000
 639 3.980000
 640 4.160000
 641 4.130000
 642 4.110000
 643 4.030000
 644 3.980000
 645 3.980000
 646 3.980000
 647 3.990000
 648 4.000000
 649 4.080000
 650 4.060000
 651 4.060000
 652 4.030000
 653 4.030000
 654 4.040000
 655 4.030000
 656 4.020000
 657 4.020000
 658 3.990000
 659 3.990000
 660 3.960000
 661 2.790000
 662 2.810000
 663 3.970000
 664 3.930000
 665 3.970000
 666 3.930000
 667 3.220000
 668 3.200000
 669 3.190000
 670 3.120000
 671 3.160000
 672 3.150000
 673 3.920000
 674 3.130000
 675 3.040000
 676 3.100000
 677 3.110000
 678 3.010000
 679 3.130000
 680 3.110000
 681 3.120000
 682 3.110000
 683 3.080000
 684 3.060000
 685 3.060000
 686 3.080000
 687 3.060000
 688 3.060000
 689 3.080000
 690 3.080000
 691 3.080000
 692 3.060000
 693 3.080000
 694 3.070000
 695 3.070000
 696 3.070000
 697 2.970000
 698 3.080000
 699 3.020000
 700 2.990000
 701 3.040000
 702 3.050000
 703 2.980000
 704 3.050000
 705 3.000000
 706 3.010000
 707 3.050000
 708 2.930000
 709 3.000000
 710 2.930000
 711 2.990000
 712 2.920000
 713 2.960000
 714 3.000000
 715 2.980000
 716 2.960000
 717 2.960000
 718 2.990000
 719 2.930000
 720 3.030000
 721 3.000000
 722 2.940000
 723 2.960000
 724 2.980000
 725 2.980000
 726 2.960000
 727 2.930000
 728 2.910000
 729 2.950000
 730 2.980000
 731 2.980000
 732 3.020000
 733 3.040000
 734 2.980000
 735 2.980000
 736 2.980000
 737 3.060000
 738 3.070000
 739 2.980000
 740 3.070000
 741 3.110000
 742 3.110000
 743 3.080000
 744 3.080000
 745 3.100000
 746 2.980000
 747 3.040000
 748 2.980000
 749 2.990000
 750 3.040000
 751 3.060000
 752 6.130000
 753 2.970000
 754 3.040000
 755 3.000000
 756 3.000000
 757 3.040000
 758 3.050000
 759 2.970000
 760 3.030000
 0 2.190000
 1 2.190000
 2 2.130000
 3 2.030000
 4 2.210000
 5 2.150000
 6 2.260000
 7 2.260000
 8 2.100000
 9 2.190000
 10 2.130000
 11 2.250000
 12 2.070000
 13 2.050000
 14 2.090000
 15 2.130000
 16 2.100000
 17 2.090000
 18 2.060000
 19 2.090000
 20 2.060000
 21 2.070000
 22 2.110000
 23 2.130000
 24 2.490000
 25 2.220000
 26 2.570000
 27 2.270000
 28 2.570000
 29 2.240000
 30 2.570000
 31 2.240000
 32 2.520000
 33 2.160000
 34 2.210000
 35 2.150000
 36 2.200000
 37 2.200000
 38 2.200000
 39 2.230000
 40 2.180000
 41 2.230000
 42 2.200000
 43 2.220000
 44 2.170000
 45 2.270000
 46 2.160000
 47 2.230000
 48 2.090000
 49 2.140000
 50 2.080000
 51 2.260000
 52 2.230000
 53 2.300000
 54 2.230000
 55 2.130000
 56 2.100000
 57 2.070000
 58 2.120000
 59 2.090000
 60 2.110000
 61 2.080000
 62 2.150000
 63 2.120000
 64 2.180000
 65 2.150000
 66 2.200000
 67 2.180000
 68 2.060000
 69 2.180000
 70 2.140000
 71 2.120000
 72 2.120000
 73 2.120000
 74 2.120000
 75 2.120000
 76 2.350000
 77 2.270000
 78 2.420000
 79 2.190000
 80 2.450000
 81 2.260000
 82 2.520000
 83 2.240000
 84 2.500000
 85 2.160000
 86 2.490000
 87 2.190000
 88 2.680000
 89 2.160000
 90 2.540000
 91 2.160000
 92 2.310000
 93 2.220000
 94 2.420000
 95 2.280000
 96 2.280000
 97 2.220000
 98 2.170000
 99 2.180000
 100 2.190000
 101 2.190000
 102 2.190000
 103 2.160000
 104 2.210000
 105 2.260000
 106 2.260000
 107 2.130000
 108 2.160000
 109 2.160000
 110 2.160000
 111 2.180000
 112 2.860000
 113 2.280000
 114 2.360000
 115 2.180000
 116 2.910000
 117 2.180000
 118 2.180000
 119 2.210000
 120 2.220000
 121 2.210000
 122 2.210000
 123 2.940000
 124 2.230000
 125 2.960000
 126 2.360000
 127 2.260000
 128 2.360000
 129 2.230000
 130 2.990000
 131 2.380000
 132 2.780000
 133 2.260000
 134 2.690000
 135 2.260000
 136 2.380000
 137 2.380000
 138 2.380000
 139 2.410000
 140 2.380000
 141 2.310000
 142 2.300000
 143 2.310000
 144 2.380000
 145 2.410000
 146 2.410000
 147 2.460000
 148 2.430000
 149 2.400000
 150 2.370000
 151 2.350000
 152 2.360000
 153 2.360000
 154 2.360000
 155 2.360000
 156 2.210000
 157 2.230000
 158 2.210000
 159 2.360000
 160 2.330000
 161 2.310000
 162 2.310000
 163 2.310000
 164 2.310000
 165 2.280000
 166 2.240000
 167 2.230000
 168 2.180000
 169 2.320000
 170 2.270000
 171 2.260000
 172 2.270000
 173 2.250000
 174 2.260000
 175 2.260000
 176 2.290000
 177 2.330000
 178 2.250000
 179 2.260000
 180 2.290000
 181 2.670000
 182 2.950000
 183 2.920000
 184 2.900000
 185 2.910000
 186 2.850000
 187 2.660000
 188 2.830000
 189 2.660000
 190 2.750000
 191 2.730000
 192 2.740000
 193 2.710000
 194 2.680000
 195 2.690000
 196 2.770000
 197 2.810000
 198 2.830000
 199 2.830000
 200 2.830000
 201 2.840000
 202 2.810000
 203 2.790000
 204 2.810000
 205 2.810000
 206 2.840000
 207 2.860000
 208 2.840000
 209 2.860000
 210 2.860000
 211 2.890000
 212 2.890000
 213 2.890000
 214 2.910000
 215 2.910000
 216 2.910000
 217 2.940000
 218 2.940000
 219 2.940000
 220 2.960000
 221 2.960000
 222 2.960000
 223 2.990000
 224 2.990000
 225 3.010000
 226 3.040000
 227 3.040000
 228 3.040000
 229 3.060000
 230 3.060000
 231 3.080000
 232 3.080000
 233 3.110000
 234 3.110000
 235 3.110000
 236 3.110000
 237 3.130000
 238 3.130000
 239 3.160000
 240 3.160000
 241 3.210000
 242 3.210000
 243 3.210000
 244 3.220000
 245 3.310000
 246 3.550000
 247 3.700000
 248 3.680000
 249 3.790000
 250 3.790000
 251 3.780000
 252 3.730000
 253 3.680000
 254 3.650000
 255 3.620000
 256 3.560000
 257 3.560000
 258 3.560000
 259 3.620000
 260 3.590000
 261 3.540000
 262 3.530000
 263 3.500000
 264 3.500000
 265 3.520000
 266 3.510000
 267 3.550000
 268 3.600000
 269 3.560000
 270 3.520000
 271 3.520000
 272 3.550000
 273 3.630000
 274 3.630000
 275 3.590000
 276 3.620000
 277 3.590000
 278 3.600000
 279 3.630000
 280 3.660000
 281 3.730000
 282 3.880000
 283 3.850000
 284 3.870000
 285 3.890000
 286 3.890000
 287 3.890000
 288 3.320000
 289 3.260000
 290 3.230000
 291 3.200000
 292 3.170000
 293 3.710000
 294 3.420000
 295 3.410000
 296 3.390000
 297 3.380000
 298 3.400000
 299 3.820000
 300 3.820000
 301 3.710000
 302 3.820000
 303 3.680000
 304 3.770000
 305 2.700000
 306 2.700000
 307 2.690000
 308 2.690000
 309 2.690000
 310 2.660000
 311 2.670000
 312 2.690000
 313 2.680000
 314 2.690000
 315 2.680000
 316 2.680000
 317 2.670000
 318 2.660000
 319 2.690000
 320 2.660000
 321 2.640000
 322 2.630000
 323 2.640000
 324 2.640000
 325 2.640000
 326 2.580000
 327 2.560000
 328 2.590000
 329 2.560000
 330 2.560000
 331 2.540000
 332 2.560000
 333 2.560000
 334 2.560000
 335 2.560000
 336 2.590000
 337 2.570000
 338 2.580000
 339 2.580000
 340 2.580000
 341 2.580000
 342 2.580000
 343 2.550000
 344 2.550000
 345 2.560000
 346 2.560000
 347 2.570000
 348 2.550000
 349 2.530000
 350 2.530000
 351 2.530000
 352 2.530000
 353 2.520000
 354 2.520000
 355 2.530000
 356 2.540000
 357 2.540000
 358 2.530000
 359 2.510000
 360 2.520000
 361 2.540000
 362 1.950000
 363 1.940000
 364 1.940000
 365 1.940000
 366 1.940000
 367 1.910000
 368 1.910000
 369 1.910000
 370 1.920000
 371 1.930000
 372 1.960000
 373 1.960000
 374 2.160000
 375 2.460000
 376 2.450000
 377 2.490000
 378 2.710000
 379 2.660000
 380 2.550000
 381 2.770000
 382 3.030000
 383 3.100000
 384 3.000000
 385 3.050000
 386 3.160000
 387 3.170000
 388 3.150000
 389 3.150000
 390 3.150000
 391 3.140000
 392 2.430000
 393 2.410000
 394 2.410000
 395 2.410000
 396 2.390000
 397 2.390000
 398 2.410000
 399 2.410000
 400 1.810000
 401 1.760000
 402 1.760000
 403 1.790000
 404 1.760000
 405 1.760000
 406 1.740000
 407 1.760000
 408 1.760000
 409 1.750000
 410 1.740000
 411 1.770000
 412 1.830000
 413 2.940000
 414 2.940000
 415 2.940000
 416 2.940000
 417 2.930000
 418 2.960000
 419 3.030000
 420 3.360000
 421 3.360000
 422 3.360000
 423 2.270000
 424 2.290000
 425 2.310000
 426 2.290000
 427 2.290000
 428 2.290000
 429 2.260000
 430 2.260000
 431 2.290000
 432 2.310000
 433 2.350000
 434 3.310000
 435 3.310000
 436 3.210000
 437 3.310000
 438 3.080000
 439 2.840000
 440 2.840000
 441 2.840000
 442 2.810000
 443 2.840000
 444 2.810000
 445 1.670000
 446 1.660000
 447 1.660000
 448 1.660000
 449 1.640000
 450 1.640000
 451 1.660000
 452 1.640000
 453 1.660000
 454 1.670000
 455 1.660000
 456 1.640000
 457 1.650000
 458 1.680000
 459 3.370000
 460 2.220000
 461 2.210000
 462 2.210000
 463 2.210000
 464 2.210000
 465 2.190000
 466 2.190000
 467 2.190000
 468 2.220000
 469 2.460000
 470 1.700000
 471 1.680000
 472 1.710000
 473 1.680000
 474 1.680000
 475 1.660000
 476 1.650000
 477 1.630000
 478 1.630000
 479 1.630000
 480 1.630000
 481 1.610000
 482 1.580000
 483 1.580000
 484 1.580000
 485 1.580000
 486 1.560000
 487 1.530000
 488 1.530000
 489 1.530000
 490 1.530000
 491 1.530000
 492 1.510000
 493 1.510000
 494 1.510000
 495 1.480000
 496 1.510000
 497 1.480000
 498 1.500000
 499 1.480000
 500 1.450000
 501 1.490000
 502 1.480000
 503 1.460000
 504 1.460000
 505 1.510000
 506 1.510000
 507 1.510000
 508 1.510000
 509 1.530000
 510 1.530000
 511 1.560000
 512 1.560000
 513 1.550000
 514 1.580000
 515 1.580000
 516 1.580000
 517 1.580000
 518 1.600000
 519 1.630000
 520 1.630000
 521 1.630000
 522 1.630000
 523 1.630000
 524 1.650000
 525 1.650000
 526 1.650000
 527 1.680000
 528 1.680000
 529 1.680000
 530 1.700000
 531 1.700000
 532 1.730000
 533 1.730000
 534 4.330000
 535 4.330000
 536 4.320000
 537 4.340000
 538 4.340000
 539 4.410000
 540 5.050000
 541 5.070000
 542 4.830000
 543 4.590000
 544 4.500000
 545 4.420000
 546 4.370000
 547 4.370000
 548 4.380000
 549 4.380000
 550 4.380000
 551 4.400000
 552 4.420000
 553 4.480000
 554 4.480000
 555 4.520000
 556 4.160000
 557 3.930000
 558 3.920000
 559 3.960000
 560 3.980000
 561 3.970000
 562 4.010000
 563 4.010000
 564 3.660000
 565 3.640000
 566 3.830000
 567 3.710000
 568 3.670000
 569 3.710000
 570 3.700000
 571 3.710000
 572 3.700000
 573 3.590000
 574 3.580000
 575 3.570000
 576 3.570000
 577 3.520000
 578 3.630000
 579 3.650000
 580 3.640000
 581 3.680000
 582 3.660000
 583 3.660000
 584 3.600000
 585 3.530000
 586 3.650000
 587 3.700000
 588 3.730000
 589 3.710000
 590 3.730000
 591 3.780000
 592 3.690000
 593 3.690000
 594 3.710000
 595 3.720000
 596 3.850000
 597 3.880000
 598 3.910000
 599 4.120000
 600 4.410000
 601 4.560000
 602 4.530000
 603 4.510000
 604 4.480000
 605 4.480000
 606 4.460000
 607 4.430000
 608 4.180000
 609 4.180000
 610 4.170000
 611 4.250000
 612 4.290000
 613 4.370000
 614 4.400000
 615 4.410000
 616 4.380000
 617 4.400000
 618 4.390000
 619 4.380000
 620 4.380000
 621 4.380000
 622 4.360000
 623 3.430000
 624 3.410000
 625 3.440000
 626 3.450000
 627 3.540000
 628 3.500000
 629 3.500000
 630 3.510000
 631 3.490000
 632 3.490000
 633 3.510000
 634 3.600000
 635 4.210000
 636 3.970000
 637 3.940000
 638 3.930000
 639 3.980000
 640 4.160000
 641 4.130000
 642 4.130000
 643 4.030000
 644 3.980000
 645 3.980000
 646 3.980000
 647 3.990000
 648 3.980000
 649 4.060000
 650 4.080000
 651 4.060000
 652 4.030000
 653 4.030000
 654 4.030000
 655 4.020000
 656 4.020000
 657 3.990000
 658 3.980000
 659 3.980000
 660 3.980000
 661 2.820000
 662 2.820000
 663 3.960000
 664 3.940000
 665 3.960000
 666 3.930000
 667 3.210000
 668 3.200000
 669 3.190000
 670 3.140000
 671 3.130000
 672 3.150000
 673 3.880000
 674 3.130000
 675 3.040000
 676 3.100000
 677 3.110000
 678 3.010000
 679 3.130000
 680 3.090000
 681 3.100000
 682 3.100000
 683 3.080000
 684 3.060000
 685 3.080000
 686 3.060000
 687 3.060000
 688 3.080000
 689 3.080000
 690 3.080000
 691 3.080000
 692 3.060000
 693 3.080000
 694 3.060000
 695 3.070000
 696 3.070000
 697 2.970000
 698 3.080000
 699 3.040000
 700 2.960000
 701 3.030000
 702 3.020000
 703 2.960000
 704 2.960000
 705 3.020000
 706 3.020000
 707 3.020000
 708 2.930000
 709 3.010000
 710 2.960000
 711 2.970000
 712 2.950000
 713 2.930000
 714 2.960000
 715 3.010000
 716 2.970000
 717 2.960000
 718 3.030000
 719 2.900000
 720 3.060000
 721 2.980000
 722 2.940000
 723 2.980000
 724 2.950000
 725 2.980000
 726 2.960000
 727 3.000000
 728 2.930000
 729 2.950000
 730 2.950000
 731 2.930000
 732 3.020000
 733 3.010000
 734 2.960000
 735 3.050000
 736 2.980000
 737 3.060000
 738 3.100000
 739 2.960000
 740 3.090000
 741 3.080000
 742 3.110000
 743 3.110000
 744 3.080000
 745 3.100000
 746 2.980000
 747 3.040000
 748 2.960000
 749 2.990000
 750 3.040000
 751 3.060000
 752 6.100000
 753 2.990000
 754 3.040000
 755 2.980000
 756 3.020000
 757 3.010000
 758 3.090000
 759 2.960000
 760 3.050000
 0 2.210000
 1 2.190000
 2 2.130000
 3 2.170000
 4 2.180000
 5 2.170000
 6 2.230000
 7 2.230000
 8 2.100000
 9 2.180000
 10 2.160000
 11 2.250000
 12 2.070000
 13 2.030000
 14 2.080000
 15 2.160000
 16 2.120000
 17 2.080000
 18 2.060000
 19 2.110000
 20 2.040000
 21 2.070000
 22 2.110000
 23 2.130000
 24 2.490000
 25 2.220000
 26 2.590000
 27 2.290000
 28 2.590000
 29 2.240000
 30 2.590000
 31 2.240000
 32 2.490000
 33 2.190000
 34 2.190000
 35 2.150000
 36 2.180000
 37 2.230000
 38 2.200000
 39 2.250000
 40 2.170000
 41 2.230000
 42 2.170000
 43 2.220000
 44 2.170000
 45 2.250000
 46 2.160000
 47 2.260000
 48 2.090000
 49 2.140000
 50 2.080000
 51 2.260000
 52 2.250000
 53 2.320000
 54 2.230000
 55 2.160000
 56 2.100000
 57 2.050000
 58 2.110000
 59 2.090000
 60 2.100000
 61 2.080000
 62 2.150000
 63 2.120000
 64 2.160000
 65 2.150000
 66 2.200000
 67 2.180000
 68 2.060000
 69 2.180000
 70 2.140000
 71 2.120000
 72 2.120000
 73 2.090000
 74 2.120000
 75 2.120000
 76 2.380000
 77 2.300000
 78 2.410000
 79 2.190000
 80 2.480000
 81 2.290000
 82 2.520000
 83 2.250000
 84 2.490000
 85 2.190000
 86 2.490000
 87 2.190000
 88 2.680000
 89 2.180000
 90 2.520000
 91 2.160000
 92 2.310000
 93 2.220000
 94 2.390000
 95 2.260000
 96 2.260000
 97 2.220000
 98 2.170000
 99 2.150000
 100 2.190000
 101 2.190000
 102 2.160000
 103 2.170000
 104 2.230000
 105 2.260000
 106 2.260000
 107 2.160000
 108 2.160000
 109 2.130000
 110 2.180000
 111 2.160000
 112 2.860000
 113 2.280000
 114 2.360000
 115 2.180000
 116 2.910000
 117 2.160000
 118 2.180000
 119 2.210000
 120 2.190000
 121 2.210000
 122 2.210000
 123 2.940000
 124 2.230000
 125 2.960000
 126 2.210000
 127 2.270000
 128 2.380000
 129 2.230000
 130 2.990000
 131 2.380000
 132 2.760000
 133 2.260000
 134 2.690000
 135 2.280000
 136 2.380000
 137 2.410000
 138 2.360000
 139 2.440000
 140 2.380000
 141 2.460000
 142 2.300000
 143 2.430000
 144 2.410000
 145 2.410000
 146 2.410000
 147 2.460000
 148 2.430000
 149 2.370000
 150 2.370000
 151 2.370000
 152 2.350000
 153 2.330000
 154 2.330000
 155 2.360000
 156 2.210000
 157 2.210000
 158 2.210000
 159 2.330000
 160 2.330000
 161 2.310000
 162 2.310000
 163 2.280000
 164 2.310000
 165 2.310000
 166 2.220000
 167 2.230000
 168 2.180000
 169 2.300000
 170 2.290000
 171 2.260000
 172 2.240000
 173 2.230000
 174 2.260000
 175 2.260000
 176 2.290000
 177 2.330000
 178 2.250000
 179 2.260000
 180 2.290000
 181 2.670000
 182 2.950000
 183 2.950000
 184 2.900000
 185 2.900000
 186 2.850000
 187 2.650000
 188 2.810000
 189 2.660000
 190 2.720000
 191 2.730000
 192 2.710000
 193 2.730000
 194 2.680000
 195 2.690000
 196 2.770000
 197 2.830000
 198 2.810000
 199 2.830000
 200 2.830000
 201 2.860000
 202 2.830000
 203 2.810000
 204 2.810000
 205 2.840000
 206 2.840000
 207 2.840000
 208 2.840000
 209 2.860000
 210 2.860000
 211 2.860000
 212 2.890000
 213 2.890000
 214 2.890000
 215 2.910000
 216 2.910000
 217 2.940000
 218 2.940000
 219 2.940000
 220 2.960000
 221 2.960000
 222 2.960000
 223 2.990000
 224 2.990000
 225 3.010000
 226 3.040000
 227 3.040000
 228 3.040000
 229 3.040000
 230 3.060000
 231 3.080000
 232 3.080000
 233 3.110000
 234 3.130000
 235 3.110000
 236 3.130000
 237 3.130000
 238 3.160000
 239 3.160000
 240 3.180000
 241 3.210000
 242 3.210000
 243 3.210000
 244 3.220000
 245 3.280000
 246 3.580000
 247 3.670000
 248 3.700000
 249 3.790000
 250 3.790000
 251 3.760000
 252 3.750000
 253 3.690000
 254 3.640000
 255 3.620000
 256 3.540000
 257 3.540000
 258 3.560000
 259 3.620000
 260 3.570000
 261 3.540000
 262 3.530000
 263 3.500000
 264 3.520000
 265 3.550000
 266 3.540000
 267 3.550000
 268 3.540000
 269 3.560000
 270 3.510000
 271 3.520000
 272 3.550000
 273 3.610000
 274 3.640000
 275 3.560000
 276 3.620000
 277 3.620000
 278 3.610000
 279 3.620000
 280 3.660000
 281 3.710000
 282 3.850000
 283 3.870000
 284 3.840000
 285 3.860000
 286 3.890000
 287 3.870000
 288 3.320000
 289 3.230000
 290 3.200000
 291 3.200000
 292 3.230000
 293 3.800000
 294 3.420000
 295 3.420000
 296 3.420000
 297 3.410000
 298 3.400000
 299 3.790000
 300 3.840000
 301 3.680000
 302 3.790000
 303 3.680000
 304 3.770000
 305 2.710000
 306 2.670000
 307 2.670000
 308 2.670000
 309 2.700000
 310 2.710000
 311 2.690000
 312 2.690000
 313 2.680000
 314 2.670000
 315 2.680000
 316 2.680000
 317 2.640000
 318 2.690000
 319 2.690000
 320 2.660000
 321 2.660000
 322 2.630000
 323 2.660000
 324 2.640000
 325 2.610000
 326 2.610000
 327 2.590000
 328 2.590000
 329 2.590000
 330 2.560000
 331 2.560000
 332 2.560000
 333 2.560000
 334 2.540000
 335 2.560000
 336 2.590000
 337 2.590000
 338 2.580000
 339 2.580000
 340 2.580000
 341 2.580000
 342 2.580000
 343 2.570000
 344 2.580000
 345 2.560000
 346 2.590000
 347 2.570000
 348 2.550000
 349 2.560000
 350 2.530000
 351 2.530000
 352 2.530000
 353 2.520000
 354 2.520000
 355 2.530000
 356 2.540000
 357 2.540000
 358 2.510000
 359 2.500000
 360 2.540000
 361 2.510000
 362 1.950000
 363 1.940000
 364 1.910000
 365 1.940000
 366 1.910000
 367 1.940000
 368 1.910000
 369 1.910000
 370 1.920000
 371 1.930000
 372 1.960000
 373 1.980000
 374 2.140000
 375 2.460000
 376 2.450000
 377 2.510000
 378 2.680000
 379 2.660000
 380 2.550000
 381 2.770000
 382 3.000000
 383 3.100000
 384 3.000000
 385 3.060000
 386 3.140000
 387 3.170000
 388 3.150000
 389 3.180000
 390 3.150000
 391 3.130000
 392 2.430000
 393 2.410000
 394 2.440000
 395 2.410000
 396 2.410000
 397 2.410000
 398 2.410000
 399 2.430000
 400 1.780000
 401 1.760000
 402 1.790000
 403 1.760000
 404 1.760000
 405 1.740000
 406 1.740000
 407 1.760000
 408 1.760000
 409 1.720000
 410 1.770000
 411 1.790000
 412 1.820000
 413 2.960000
 414 2.940000
 415 2.940000
 416 2.940000
 417 2.930000
 418 2.960000
 419 3.010000
 420 3.390000
 421 3.360000
 422 3.380000
 423 2.270000
 424 2.310000
 425 2.290000
 426 2.290000
 427 2.290000
 428 2.290000
 429 2.290000
 430 2.290000
 431 2.270000
 432 2.310000
 433 2.370000
 434 3.290000
 435 3.340000
 436 3.230000
 437 3.290000
 438 2.910000
 439 2.840000
 440 2.840000
 441 2.840000
 442 2.810000
 443 2.840000
 444 2.810000
 445 1.710000
 446 1.660000
 447 1.640000
 448 1.640000
 449 1.640000
 450 1.660000
 451 1.640000
 452 1.660000
 453 1.660000
 454 1.670000
 455 1.630000
 456 1.640000
 457 1.620000
 458 1.700000
 459 3.370000
 460 2.220000
 461 2.190000
 462 2.210000
 463 2.210000
 464 2.190000
 465 2.190000
 466 2.190000
 467 2.210000
 468 2.220000
 469 2.460000
 470 1.720000
 471 1.700000
 472 1.680000
 473 1.680000
 474 1.680000
 475 1.650000
 476 1.630000
 477 1.630000
 478 1.610000
 479 1.630000
 480 1.630000
 481 1.610000
 482 1.560000
 483 1.610000
 484 1.560000
 485 1.560000
 486 1.560000
 487 1.560000
 488 1.530000
 489 1.530000
 490 1.510000
 491 1.530000
 492 1.510000
 493 1.510000
 494 1.480000
 495 1.510000
 496 1.500000
 497 1.510000
 498 1.520000
 499 1.480000
 500 1.510000
 501 1.470000
 502 1.480000
 503 1.500000
 504 1.460000
 505 1.510000
 506 1.510000
 507 1.510000
 508 1.510000
 509 1.530000
 510 1.560000
 511 1.560000
 512 1.560000
 513 1.580000
 514 1.580000
 515 1.580000
 516 1.580000
 517 1.600000
 518 1.580000
 519 1.600000
 520 1.600000
 521 1.600000
 522 1.630000
 523 1.630000
 524 1.650000
 525 1.650000
 526 1.650000
 527 1.680000
 528 1.650000
 529 1.680000
 530 1.680000
 531 1.700000
 532 1.730000
 533 1.730000
 534 4.330000
 535 4.330000
 536 4.320000
 537 4.320000
 538 4.340000
 539 4.380000
 540 5.050000
 541 5.070000
 542 4.830000
 543 4.590000
 544 4.500000
 545 4.420000
 546 4.370000
 547 4.370000
 548 4.370000
 549 4.380000
 550 4.410000
 551 4.370000
 552 4.420000
 553 4.480000
 554 4.460000
 555 4.520000
 556 4.160000
 557 3.930000
 558 3.930000
 559 3.950000
 560 3.950000
 561 3.980000
 562 3.970000
 563 4.010000
 564 3.650000
 565 3.640000
 566 3.830000
 567 3.710000
 568 3.670000
 569 3.700000
 570 3.700000
 571 3.710000
 572 3.700000
 573 3.580000
 574 3.610000
 575 3.580000
 576 3.570000
 577 3.540000
 578 3.630000
 579 3.630000
 580 3.640000
 581 3.670000
 582 3.680000
 583 3.690000
 584 3.630000
 585 3.530000
 586 3.680000
 587 3.700000
 588 3.730000
 589 3.730000
 590 3.730000
 591 3.780000
 592 3.690000
 593 3.690000
 594 3.710000
 595 3.720000
 596 3.830000
 597 3.850000
 598 3.930000
 599 4.150000
 600 4.410000
 601 4.530000
 602 4.530000
 603 4.510000
 604 4.510000
 605 4.480000
 606 4.480000
 607 4.460000
 608 4.180000
 609 4.180000
 610 4.170000
 611 4.250000
 612 4.290000
 613 4.350000
 614 4.370000
 615 4.410000
 616 4.410000
 617 4.420000
 618 4.420000
 619 4.380000
 620 4.380000
 621 4.360000
 622 4.360000
 623 3.410000
 624 3.410000
 625 3.410000
 626 3.450000
 627 3.540000
 628 3.500000
 629 3.490000
 630 3.510000
 631 3.490000
 632 3.470000
 633 3.510000
 634 3.540000
 635 4.210000
 636 3.950000
 637 3.940000
 638 3.930000
 639 3.980000
 640 4.130000
 641 4.130000
 642 4.130000
 643 4.030000
 644 4.010000
 645 3.980000
 646 3.980000
 647 3.990000
 648 3.980000
 649 4.080000
 650 4.080000
 651 4.030000
 652 4.060000
 653 4.040000
 654 4.030000
 655 4.010000
 656 4.000000
 657 3.990000
 658 3.990000
 659 3.980000
 660 3.960000
 661 2.790000
 662 2.840000
 663 3.970000
 664 3.940000
 665 3.930000
 666 3.960000
 667 3.220000
 668 3.200000
 669 3.190000
 670 3.150000
 671 3.150000
 672 3.150000
 673 3.890000
 674 3.100000
 675 3.040000
 676 3.080000
 677 3.100000
 678 3.010000
 679 3.030000
 680 3.110000
 681 3.100000
 682 3.100000
 683 3.080000
 684 3.060000
 685 3.060000
 686 3.080000
 687 3.060000
 688 3.060000
 689 3.060000
 690 2.960000
 691 3.080000
 692 3.060000
 693 3.080000
 694 3.060000
 695 3.090000
 696 3.070000
 697 2.970000
 698 3.060000
 699 3.040000
 700 2.970000
 701 3.040000
 702 3.020000
 703 2.980000
 704 2.960000
 705 3.020000
 706 3.050000
 707 3.020000
 708 2.950000
 709 3.020000
 710 3.010000
 711 2.970000
 712 2.970000
 713 2.930000
 714 2.970000
 715 2.930000
 716 2.930000
 717 2.960000
 718 3.030000
 719 2.950000
 720 3.030000
 721 2.980000
 722 2.960000
 723 2.980000
 724 2.970000
 725 2.960000
 726 2.960000
 727 2.970000
 728 2.930000
 729 2.950000
 730 2.950000
 731 2.930000
 732 5.130000
 733 3.010000
 734 2.980000
 735 3.030000
 736 2.980000
 737 3.040000
 738 3.070000
 739 2.980000
 740 3.090000
 741 3.110000
 742 3.110000
 743 3.110000
 744 3.080000
 745 3.100000
 746 2.980000
 747 3.060000
 748 3.060000
 749 2.960000
 750 3.040000
 751 3.060000
 752 6.120000
 753 2.980000
 754 3.010000
 755 2.980000
 756 3.000000
 757 3.040000
 758 3.030000
 759 3.000000
 760 3.050000