
 0 3.160000
 1 3.160000
 2 3.140000
 3 3.140000
 4 3.000000
 5 3.140000
 6 3.140000
 7 3.030000
 8 3.050000
 9 3.190000
 10 3.050000
 11 3.070000
 12 3.160000
 13 3.140000
 14 3.050000
 15 3.080000
 16 3.050000
 17 3.190000
 18 3.160000
 19 3.160000
 20 3.140000
 21 3.160000
 22 3.140000
 23 3.030000
 24 3.030000
 25 3.000000
 26 3.020000
 27 3.110000
 28 3.000000
 29 2.980000
 30 3.000000
 31 3.140000
 32 3.110000
 33 2.980000
 34 3.110000
 35 3.090000
 36 2.900000
 37 2.710000
 38 2.330000
 39 2.170000
 40 2.190000
 41 2.140000
 42 2.150000
 43 2.150000
 44 2.140000
 45 2.140000
 46 2.120000
 47 2.150000
 48 2.150000
 49 2.150000
 50 2.150000
 51 2.170000
 52 2.230000
 53 2.290000
 54 2.260000
 55 2.200000
 56 2.190000
 57 2.160000
 58 2.210000
 59 2.190000
 60 2.200000
 61 2.230000
 62 2.190000
 63 2.180000
 64 2.200000
 65 2.190000
 66 2.190000
 67 2.190000
 68 2.210000
 69 2.220000
 70 2.230000
 71 2.220000
 72 2.210000
 73 2.210000
 74 2.200000
 75 2.240000
 76 2.260000
 77 2.320000
 78 2.210000
 79 2.170000
 80 2.190000
 81 2.170000
 82 2.200000
 83 2.240000
 84 2.250000
 85 2.250000
 86 2.240000
 87 2.250000
 88 2.230000
 89 2.240000
 90 2.260000
 91 2.270000
 92 2.270000
 93 2.250000
 94 2.260000
 95 2.260000
 96 2.240000
 97 2.210000
 98 2.240000
 99 2.240000
 100 2.260000
 101 2.250000
 102 2.280000
 103 2.280000
 104 2.300000
 105 2.290000
 106 2.290000
 107 2.320000
 108 2.310000
 109 2.300000
 110 2.330000
 111 2.300000
 112 2.310000
 113 2.340000
 114 2.340000
 115 2.320000
 116 2.340000
 117 2.330000
 118 2.330000
 119 2.350000
 120 2.470000
 121 2.360000
 122 2.340000
 123 2.310000
 124 2.320000
 125 2.340000
 126 2.330000
 127 2.390000
 128 2.390000
 129 2.390000
 130 2.390000
 131 2.410000
 132 2.420000
 133 2.410000
 134 2.390000
 135 2.410000
 136 2.390000
 137 2.390000
 138 2.390000
 139 2.390000
 140 2.360000
 141 2.380000
 142 2.430000
 143 2.420000
 144 2.420000
 145 2.480000
 146 3.580000
 147 3.570000
 148 3.630000
 149 3.550000
 150 3.650000
 151 3.560000
 152 3.560000
 153 3.580000
 154 3.500000
 155 3.420000
 156 3.400000
 157 3.420000
 158 3.420000
 159 3.430000
 160 3.420000
 161 3.410000
 162 3.420000
 163 3.420000
 164 3.430000
 165 3.430000
 166 3.440000
 167 3.480000
 168 3.520000
 169 3.620000
 170 3.780000
 171 3.690000
 172 3.710000
 173 3.750000
 174 3.760000
 175 3.780000
 176 3.780000
 177 3.820000
 178 3.830000
 179 3.840000
 180 3.860000
 181 3.860000
 182 3.890000
 183 3.880000
 184 3.880000
 185 3.920000
 186 3.930000
 187 3.930000
 188 3.930000
 189 3.960000
 190 3.930000
 191 3.980000
 192 3.980000
 193 3.990000
 194 3.990000
 195 3.990000
 196 4.110000
 197 4.110000
 198 4.080000
 199 4.130000
 200 4.120000
 201 4.180000
 202 4.220000
 203 4.200000
 204 4.130000
 205 4.120000
 206 4.130000
 207 4.150000
 208 4.150000
 209 4.150000
 210 4.180000
 211 4.240000
 212 4.230000
 213 4.230000
 214 4.250000
 215 4.280000
 216 4.300000
 217 4.300000
 218 4.330000
 219 4.350000
 220 4.330000
 221 4.380000
 222 4.350000
 223 4.400000
 224 4.510000
 225 4.400000
 226 4.450000
 227 4.230000
 228 4.180000
 229 4.500000
 230 4.500000
 231 4.530000
 232 4.550000
 233 4.550000
 234 4.580000
 235 4.710000
 236 4.740000
 237 4.740000
 238 4.760000
 239 4.790000
 240 4.700000
 241 4.750000
 242 2.910000
 243 2.890000
 244 2.860000
 245 2.860000
 246 2.860000
 247 2.840000
 248 2.850000
 249 2.900000
 250 2.920000
 251 4.990000
 252 4.960000
 253 4.930000
 254 4.930000
 255 4.930000
 256 4.940000
 257 4.910000
 258 4.930000
 259 4.730000
 260 3.430000
 261 3.390000
 262 3.360000
 263 3.360000
 264 3.360000
 265 3.380000
 266 3.410000
 267 3.450000
 268 4.690000
 269 2.790000
 270 2.710000
 271 2.710000
 272 2.710000
 273 2.710000
 274 2.690000
 275 2.710000
 276 2.720000
 277 2.770000
 278 3.870000
 279 3.900000
 280 3.940000
 281 4.550000
 282 4.560000
 283 4.530000
 284 3.270000
 285 3.240000
 286 3.260000
 287 3.240000
 288 3.240000
 289 3.240000
 290 3.260000
 291 3.300000
 292 4.460000
 293 4.430000
 294 3.820000
 295 3.810000
 296 3.810000
 297 3.790000
 298 3.790000
 299 2.600000
 300 2.610000
 301 2.610000
 302 2.610000
 303 2.630000
 304 2.590000
 305 2.600000
 306 2.650000
 307 2.650000
 308 4.360000
 309 3.180000
 310 3.160000
 311 3.160000
 312 3.170000
 313 3.160000
 314 3.180000
 315 3.250000
 316 3.730000
 317 3.710000
 318 3.710000
 319 3.690000
 320 3.730000
 321 3.830000
 322 4.200000
 323 4.150000
 324 4.150000
 325 4.170000
 326 4.170000
 327 4.170000
 328 4.150000
 329 4.120000
 330 4.150000
 331 4.150000
 332 4.240000
 333 4.240000
 334 4.240000
 335 4.240000
 336 4.230000
 337 4.230000
 338 4.200000
 339 4.200000
 340 4.180000
 341 4.180000
 342 4.180000
 343 4.210000
 344 4.160000
 345 4.210000
 346 4.170000
 347 4.140000
 348 4.140000
 349 4.140000
 350 4.130000
 351 4.080000
 352 4.110000
 353 4.110000
 354 4.070000
 355 4.090000
 356 4.070000
 357 4.110000
 358 4.120000
 359 4.100000
 360 4.130000
 361 4.100000
 362 4.100000
 363 4.100000
 364 4.100000
 365 4.110000
 366 4.050000
 367 4.040000
 368 4.110000
 369 4.670000
 370 5.020000
 371 5.020000
 372 5.000000
 373 5.010000
 374 5.010000
 375 5.010000
 376 5.010000
 377 4.980000
 378 5.010000
 379 5.020000
 380 4.990000
 381 5.020000
 382 4.970000
 383 5.000000
 384 5.030000
 385 5.030000
 386 5.000000
 387 4.360000
 388 4.860000
 389 4.880000
 390 4.980000
 391 4.230000
 392 4.170000
 393 4.200000
 394 4.230000
 395 4.850000
 396 4.830000
 397 4.750000
 398 4.750000
 399 4.680000
 400 4.600000
 401 4.560000
 402 4.580000
 403 4.600000
 404 4.580000
 405 4.530000
 406 4.560000
 407 4.380000
 408 4.290000
 409 4.270000
 410 4.360000
 411 4.330000
 412 4.380000
 413 4.310000
 414 4.260000
 415 4.260000
 416 4.310000
 417 4.380000
 418 4.370000
 419 4.340000
 420 4.280000
 421 4.260000
 422 4.290000
 423 4.280000
 424 4.280000
 425 4.200000
 426 4.200000
 427 3.950000
 428 3.710000
 429 3.710000
 430 3.690000
 431 3.640000
 432 3.640000
 433 3.640000
 434 3.570000
 435 3.590000
 436 3.570000
 437 3.550000
 438 3.520000
 439 3.520000
 440 3.500000
 441 3.530000
 442 3.530000
 443 3.500000
 444 3.500000
 445 3.590000
 446 3.610000
 447 3.580000
 448 3.570000
 449 3.580000
 450 3.580000
 451 3.590000
 452 3.540000
 453 3.560000
 454 3.570000
 455 3.560000
 456 3.550000
 457 3.540000
 458 3.490000
 459 3.470000
 460 3.510000
 461 3.520000
 462 3.520000
 463 3.520000
 464 3.540000
 465 3.530000
 466 3.530000
 467 3.530000
 468 3.500000
 469 3.490000
 470 3.510000
 471 3.470000
 472 3.480000
 473 3.450000
 474 3.470000
 475 3.450000
 476 3.450000
 477 3.450000
 478 3.430000
 479 3.430000
 480 3.420000
 481 3.430000
 482 3.380000
 483 3.370000
 484 3.370000
 485 3.380000
 486 3.350000
 487 3.270000
 488 3.270000
 489 3.260000
 490 3.280000
 491 3.220000
 492 3.170000
 493 3.180000
 494 3.170000
 495 3.160000
 496 3.160000
 497 3.090000
 498 3.100000
 499 3.120000
 500 3.080000
 501 3.080000
 502 3.070000
 503 3.070000
 504 3.050000
 505 3.030000
 506 3.050000
 507 3.040000
 508 3.060000
 509 3.050000
 510 3.070000
 511 3.070000
 512 3.040000
 513 3.070000
 514 3.040000
 515 3.070000
 516 3.080000
 517 3.070000
 518 3.100000
 519 3.100000
 520 3.100000
 521 3.100000
 522 3.090000
 523 3.140000
 524 3.120000
 525 3.100000
 526 3.100000
 527 3.110000
 528 3.070000
 529 3.080000
 530 3.060000
 531 3.020000
 532 3.040000
 533 3.030000
 534 3.060000
 535 3.030000
 536 3.030000
 537 3.020000
 538 3.030000
 539 3.040000
 540 3.020000
 541 3.020000
 542 3.040000
 543 3.020000
 544 2.420000
 545 2.410000
 546 3.040000
 547 3.030000
 548 3.070000
 549 3.040000
 550 3.030000
 551 3.070000
 552 3.030000
 553 3.070000
 554 3.070000
 555 3.070000
 556 3.080000
 557 3.090000
 558 3.090000
 559 3.090000
 560 3.060000
 561 2.040000
 562 2.070000
 563 2.070000
 564 2.040000
 565 1.800000
 566 1.800000
 567 1.800000
 568 1.790000
 569 1.820000
 570 1.800000
 571 1.820000
 572 1.820000
 573 1.820000
 574 1.850000
 575 1.870000
 576 1.870000
 577 1.870000
 578 1.870000
 579 1.900000
 580 1.900000
 581 1.900000
 582 1.900000
 583 1.920000
 584 1.950000
 585 1.950000
 586 1.970000
 587 1.970000
 588 1.970000
 589 2.000000
 590 2.020000
 591 2.050000
 592 2.050000
 593 2.080000
 594 2.080000
 595 2.080000
 596 2.100000
 597 2.100000
 598 2.150000
 599 2.150000
 600 2.150000
 601 2.200000
 602 2.200000
 603 2.200000
 604 2.200000
 605 2.230000
 606 2.230000
 607 2.250000
 608 2.250000
 609 2.250000
 610 2.250000
 611 2.300000
 612 2.330000
 613 2.350000
 614 2.370000
 615 2.330000
 616 2.360000
 617 2.330000
 618 2.330000
 619 2.380000
 620 2.380000
 621 2.380000
 622 2.400000
 623 1.450000
 624 1.440000
 625 1.480000
 626 1.460000
 627 1.470000
 628 1.460000
 629 1.460000
 630 1.490000
 631 1.510000
 632 1.510000
 633 1.540000
 634 1.540000
 635 1.560000
 636 1.560000
 637 1.560000
 638 1.590000
 639 1.610000
 640 1.610000
 641 1.630000
 642 1.630000
 643 1.660000
 644 1.660000
 645 1.680000
 646 1.680000
 647 1.710000
 648 1.730000
 649 1.760000
 650 1.760000
 651 1.780000
 652 1.780000
 653 1.780000
 654 1.830000
 655 1.830000
 656 1.860000
 657 1.880000
 658 1.880000
 659 1.910000
 660 1.920000
 661 1.960000
 662 1.970000
 663 2.010000
 664 3.390000
 665 3.370000
 666 3.370000
 667 3.340000
 668 3.320000
 669 3.320000
 670 3.290000
 671 3.290000
 672 3.290000
 673 3.240000
 674 3.270000
 675 3.240000
 676 3.240000
 677 3.250000
 678 3.240000
 679 3.220000
 680 3.230000
 681 3.240000
 682 3.240000
 683 3.240000
 684 3.220000
 685 3.220000
 686 3.240000
 687 3.280000
 688 3.270000
 689 3.300000
 690 3.310000
 691 3.290000
 692 3.320000
 693 3.290000
 694 3.320000
 695 3.320000
 696 3.340000
 697 3.340000
 698 3.340000
 699 3.340000
 700 3.370000
 701 3.390000
 702 3.390000
 703 3.420000
 704 3.440000
 705 3.430000
 706 3.460000
 707 3.450000
 708 2.930000
 709 2.920000
 710 3.380000
 711 3.540000
 712 3.570000
 713 3.570000
 714 3.580000
 715 3.630000
 716 3.630000
 717 3.650000
 718 3.660000
 719 3.680000
 720 3.710000
 721 3.730000
 722 3.760000
 723 3.760000
 724 3.760000
 725 3.760000
 726 3.790000
 727 3.780000
 728 3.780000
 729 3.800000
 730 3.780000
 731 3.830000
 732 3.830000
 733 3.830000
 734 3.860000
 735 3.880000
 736 3.880000
 737 3.910000
 738 3.930000
 739 3.960000
 740 3.960000
 741 3.410000
 742 3.380000
 743 2.940000
 744 2.960000
 745 1.540000
 746 1.550000
 747 1.540000
 748 1.560000
 749 1.540000
 750 1.570000
 751 1.540000
 752 1.540000
 753 1.540000
 754 1.540000
 755 1.540000
 756 1.530000
 757 1.500000
 758 4.050000
 759 4.050000
 760 4.060000
 0 3.140000
 1 3.140000
 2 3.110000
 3 3.110000
 4 3.000000
 5 3.140000
 6 3.160000
 7 3.030000
 8 3.050000
 9 3.160000
 10 3.050000
 11 3.040000
 12 3.160000
 13 3.140000
 14 3.050000
 15 3.060000
 16 3.050000
 17 3.160000
 18 3.160000
 19 3.140000
 20 3.140000
 21 3.160000
 22 3.140000
 23 3.030000
 24 3.000000
 25 3.030000
 26 3.000000
 27 3.110000
 28 3.000000
 29 3.140000
 30 3.000000
 31 3.140000
 32 3.110000
 33 2.950000
 34 3.110000
 35 3.090000
 36 2.900000
 37 2.710000
 38 2.310000
 39 2.160000
 40 2.170000
 41 2.160000
 42 2.120000
 43 2.150000
 44 2.140000
 45 2.140000
 46 2.150000
 47 2.150000
 48 2.150000
 49 2.150000
 50 2.120000
 51 2.170000
 52 2.220000
 53 2.290000
 54 2.240000
 55 2.200000
 56 2.160000
 57 2.190000
 58 2.190000
 59 2.190000
 60 2.200000
 61 2.200000
 62 2.190000
 63 2.180000
 64 2.180000
 65 2.160000
 66 2.160000
 67 2.190000
 68 2.200000
 69 2.220000
 70 2.230000
 71 2.220000
 72 2.190000
 73 2.190000
 74 2.200000
 75 2.210000
 76 2.260000
 77 2.320000
 78 2.210000
 79 2.190000
 80 2.190000
 81 2.170000
 82 2.200000
 83 2.240000
 84 2.230000
 85 2.250000
 86 2.240000
 87 2.250000
 88 2.230000
 89 2.240000
 90 2.240000
 91 2.270000
 92 2.270000
 93 2.250000
 94 2.260000
 95 2.260000
 96 2.240000
 97 2.240000
 98 2.220000
 99 2.220000
 100 2.210000
 101 2.280000
 102 2.280000
 103 2.280000
 104 2.300000
 105 2.320000
 106 2.320000
 107 2.290000
 108 2.310000
 109 2.300000
 110 2.300000
 111 2.300000
 112 2.340000
 113 2.320000
 114 2.340000
 115 2.320000
 116 2.310000
 117 2.330000
 118 2.350000
 119 2.350000
 120 2.470000
 121 2.390000
 122 2.320000
 123 2.310000
 124 2.320000
 125 2.310000
 126 2.350000
 127 2.370000
 128 2.390000
 129 2.390000
 130 2.410000
 131 2.390000
 132 2.390000
 133 2.410000
 134 2.390000
 135 2.410000
 136 2.410000
 137 2.390000
 138 2.390000
 139 2.360000
 140 2.390000
 141 2.410000
 142 2.430000
 143 2.420000
 144 2.440000
 145 2.460000
 146 3.580000
 147 3.570000
 148 3.630000
 149 3.550000
 150 3.630000
 151 3.590000
 152 3.560000
 153 3.560000
 154 3.510000
 155 3.450000
 156 3.420000
 157 3.410000
 158 3.430000
 159 3.410000
 160 3.420000
 161 3.430000
 162 3.410000
 163 3.420000
 164 3.430000
 165 3.430000
 166 3.480000
 167 3.500000
 168 3.520000
 169 3.600000
 170 3.780000
 171 3.660000
 172 3.710000
 173 3.740000
 174 3.760000
 175 3.780000
 176 3.780000
 177 3.820000
 178 3.820000
 179 3.820000
 180 3.860000
 181 3.870000
 182 3.890000
 183 3.880000
 184 3.900000
 185 3.890000
 186 3.930000
 187 3.930000
 188 3.920000
 189 3.930000
 190 3.950000
 191 3.980000
 192 3.980000
 193 3.980000
 194 3.990000
 195 4.020000
 196 3.980000
 197 4.110000
 198 4.080000
 199 4.130000
 200 4.140000
 201 4.170000
 202 4.200000
 203 4.210000
 204 4.130000
 205 4.130000
 206 4.100000
 207 4.150000
 208 4.180000
 209 4.150000
 210 4.180000
 211 4.270000
 212 4.230000
 213 4.230000
 214 4.250000
 215 4.280000
 216 4.300000
 217 4.300000
 218 4.330000
 219 4.350000
 220 4.330000
 221 4.380000
 222 4.350000
 223 4.380000
 224 4.500000
 225 4.430000
 226 4.450000
 227 4.100000
 228 4.160000
 229 4.530000
 230 4.530000
 231 4.500000
 232 4.550000
 233 4.580000
 234 4.600000
 235 4.710000
 236 4.740000
 237 4.770000
 238 4.780000
 239 4.770000
 240 4.730000
 241 4.730000
 242 2.890000
 243 2.890000
 244 2.860000
 245 2.860000
 246 2.860000
 247 2.840000
 248 2.850000
 249 2.870000
 250 2.920000
 251 4.990000
 252 4.980000
 253 4.930000
 254 4.960000
 255 4.930000
 256 4.940000
 257 4.910000
 258 4.780000
 259 4.730000
 260 3.430000
 261 3.390000
 262 3.360000
 263 3.390000
 264 3.360000
 265 3.350000
 266 3.400000
 267 3.480000
 268 4.700000
 269 2.780000
 270 2.710000
 271 2.710000
 272 2.740000
 273 2.710000
 274 2.710000
 275 2.710000
 276 2.710000
 277 2.750000
 278 3.870000
 279 3.920000
 280 3.970000
 281 4.540000
 282 4.530000
 283 4.530000
 284 3.270000
 285 3.240000
 286 3.260000
 287 3.240000
 288 3.240000
 289 3.240000
 290 3.260000
 291 3.300000
 292 4.460000
 293 4.430000
 294 3.820000
 295 3.810000
 296 3.790000
 297 3.790000
 298 3.790000
 299 2.630000
 300 2.610000
 301 2.610000
 302 2.610000
 303 2.590000
 304 2.590000
 305 2.600000
 306 2.650000
 307 2.680000
 308 4.360000
 309 3.180000
 310 3.190000
 311 3.160000
 312 3.170000
 313 3.160000
 314 3.180000
 315 3.250000
 316 3.730000
 317 3.710000
 318 3.710000
 319 3.710000
 320 3.700000
 321 3.860000
 322 4.150000
 323 4.150000
 324 4.150000
 325 4.170000
 326 4.170000
 327 4.170000
 328 4.170000
 329 4.120000
 330 4.150000
 331 4.180000
 332 4.260000
 333 4.240000
 334 4.240000
 335 4.260000
 336 4.230000
 337 4.230000
 338 4.210000
 339 4.210000
 340 4.180000
 341 4.180000
 342 4.180000
 343 4.180000
 344 4.180000
 345 4.210000
 346 4.170000
 347 4.150000
 348 4.140000
 349 4.140000
 350 4.130000
 351 4.070000
 352 4.080000
 353 4.110000
 354 4.100000
 355 4.070000
 356 4.070000
 357 4.080000
 358 4.090000
 359 4.110000
 360 4.110000
 361 4.090000
 362 4.100000
 363 4.100000
 364 4.110000
 365 4.120000
 366 4.050000
 367 4.020000
 368 4.090000
 369 4.650000
 370 5.000000
 371 5.020000
 372 5.020000
 373 4.970000
 374 5.010000
 375 5.010000
 376 4.980000
 377 5.010000
 378 4.990000
 379 5.020000
 380 4.990000
 381 5.000000
 382 4.990000
 383 5.000000
 384 5.050000
 385 5.000000
 386 5.030000
 387 4.410000
 388 4.860000
 389 4.880000
 390 4.980000
 391 4.230000
 392 4.170000
 393 4.200000
 394 4.230000
 395 4.880000
 396 4.830000
 397 4.750000
 398 4.710000
 399 4.680000
 400 4.610000
 401 4.560000
 402 4.580000
 403 4.580000
 404 4.580000
 405 4.550000
 406 4.560000
 407 4.380000
 408 4.260000
 409 4.280000
 410 4.330000
 411 4.330000
 412 4.410000
 413 4.300000
 414 4.230000
 415 4.250000
 416 4.320000
 417 4.410000
 418 4.390000
 419 4.340000
 420 4.280000
 421 4.270000
 422 4.290000
 423 4.280000
 424 4.260000
 425 4.030000
 426 4.200000
 427 3.950000
 428 3.710000
 429 3.740000
 430 3.660000
 431 3.640000
 432 3.670000
 433 3.620000
 434 3.590000
 435 3.570000
 436 3.570000
 437 3.550000
 438 3.520000
 439 3.520000
 440 3.500000
 441 3.500000
 442 3.500000
 443 3.500000
 444 3.500000
 445 3.610000
 446 3.610000
 447 3.580000
 448 3.570000
 449 3.580000
 450 3.560000
 451 3.560000
 452 3.540000
 453 3.560000
 454 3.570000
 455 3.550000
 456 3.520000
 457 3.520000
 458 3.470000
 459 3.460000
 460 3.510000
 461 3.520000
 462 3.520000
 463 3.510000
 464 3.510000
 465 3.530000
 466 3.530000
 467 3.500000
 468 3.490000
 469 3.500000
 470 3.500000
 471 3.500000
 472 3.480000
 473 3.470000
 474 3.470000
 475 3.470000
 476 3.460000
 477 3.450000
 478 3.430000
 479 3.420000
 480 3.420000
 481 3.410000
 482 3.410000
 483 3.380000
 484 3.380000
 485 3.360000
 486 3.330000
 487 3.300000
 488 3.280000
 489 3.280000
 490 3.270000
 491 3.250000
 492 3.190000
 493 3.200000
 494 3.180000
 495 3.150000
 496 3.150000
 497 3.150000
 498 3.110000
 499 3.100000
 500 3.080000
 501 3.080000
 502 3.070000
 503 3.070000
 504 3.060000
 505 3.060000
 506 3.070000
 507 3.070000
 508 3.040000
 509 3.070000
 510 3.070000
 511 3.040000
 512 3.070000
 513 3.040000
 514 3.070000
 515 3.090000
 516 3.080000
 517 3.080000
 518 3.100000
 519 3.100000
 520 3.090000
 521 3.120000
 522 3.120000
 523 3.120000
 524 3.090000
 525 3.070000
 526 3.100000
 527 3.110000
 528 3.080000
 529 3.060000
 530 3.060000
 531 3.030000
 532 3.040000
 533 3.060000
 534 3.070000
 535 3.060000
 536 3.030000
 537 3.020000
 538 3.030000
 539 3.040000
 540 3.040000
 541 3.020000
 542 3.020000
 543 3.020000
 544 2.410000
 545 2.380000
 546 3.020000
 547 3.030000
 548 3.040000
 549 3.040000
 550 3.030000
 551 3.040000
 552 3.070000
 553 3.080000
 554 3.090000
 555 3.070000
 556 3.090000
 557 3.090000
 558 3.070000
 559 3.090000
 560 3.070000
 561 2.090000
 562 2.080000
 563 2.090000
 564 2.010000
 565 1.820000
 566 1.790000
 567 1.800000
 568 1.790000
 569 1.800000
 570 1.800000
 571 1.820000
 572 1.850000
 573 1.850000
 574 1.850000
 575 1.850000
 576 1.870000
 577 1.900000
 578 1.870000
 579 1.900000
 580 1.900000
 581 1.900000
 582 1.920000
 583 1.920000
 584 1.950000
 585 1.950000
 586 1.950000
 587 1.950000
 588 2.000000
 589 2.000000
 590 2.020000
 591 2.020000
 592 2.020000
 593 2.050000
 594 2.080000
 595 2.080000
 596 2.100000
 597 2.130000
 598 2.130000
 599 2.150000
 600 2.150000
 601 2.200000
 602 2.200000
 603 2.230000
 604 2.200000
 605 2.230000
 606 2.250000
 607 2.250000
 608 2.250000
 609 2.250000
 610 2.250000
 611 2.300000
 612 2.330000
 613 2.350000
 614 2.350000
 615 2.330000
 616 2.330000
 617 2.330000
 618 2.330000
 619 2.350000
 620 2.380000
 621 2.400000
 622 2.400000
 623 1.450000
 624 1.450000
 625 1.450000
 626 1.460000
 627 1.450000
 628 1.490000
 629 1.490000
 630 1.490000
 631 1.510000
 632 1.510000
 633 1.540000
 634 1.540000
 635 1.540000
 636 1.560000
 637 1.590000
 638 1.590000
 639 1.610000
 640 1.610000
 641 1.640000
 642 1.630000
 643 1.630000
 644 1.680000
 645 1.680000
 646 1.710000
 647 1.710000
 648 1.730000
 649 1.730000
 650 1.760000
 651 1.760000
 652 1.810000
 653 1.810000
 654 1.830000
 655 1.830000
 656 1.860000
 657 1.880000
 658 1.910000
 659 1.910000
 660 1.930000
 661 1.950000
 662 1.970000
 663 2.010000
 664 3.390000
 665 3.390000
 666 3.370000
 667 3.370000
 668 3.340000
 669 3.320000
 670 3.320000
 671 3.270000
 672 3.290000
 673 3.270000
 674 3.240000
 675 3.240000
 676 3.250000
 677 3.250000
 678 3.250000
 679 3.220000
 680 3.240000
 681 3.240000
 682 3.240000
 683 3.240000
 684 3.270000
 685 3.240000
 686 3.250000
 687 3.300000
 688 3.270000
 689 3.270000
 690 3.300000
 691 3.310000
 692 3.320000
 693 3.290000
 694 3.320000
 695 3.320000
 696 3.320000
 697 3.340000
 698 3.370000
 699 3.370000
 700 3.370000
 701 3.390000
 702 3.390000
 703 3.420000
 704 3.420000
 705 3.410000
 706 3.450000
 707 3.460000
 708 2.930000
 709 2.950000
 710 3.360000
 711 3.510000
 712 3.540000
 713 3.570000
 714 3.580000
 715 3.630000
 716 3.630000
 717 3.650000
 718 3.650000
 719 3.700000
 720 3.700000
 721 3.730000
 722 3.760000
 723 3.730000
 724 3.780000
 725 3.760000
 726 3.760000
 727 3.780000
 728 3.780000
 729 3.810000
 730 3.810000
 731 3.840000
 732 3.800000
 733 3.830000
 734 3.860000
 735 3.880000
 736 3.910000
 737 3.910000
 738 3.930000
 739 3.930000
 740 3.980000
 741 3.410000
 742 3.370000
 743 2.970000
 744 2.920000
 745 1.530000
 746 1.550000
 747 1.560000
 748 1.540000
 749 1.560000
 750 1.540000
 751 1.560000
 752 1.540000
 753 1.510000
 754 1.540000
 755 1.540000
 756 1.530000
 757 1.500000
 758 4.080000
 759 4.050000
 760 4.080000
 0 3.140000
 1 3.140000
 2 3.160000
 3 3.110000
 4 3.030000
 5 3.140000
 6 3.140000
 7 3.030000
 8 3.050000
 9 3.160000
 10 3.050000
 11 3.060000
 12 3.160000
 13 3.160000
 14 3.050000
 15 3.080000
 16 3.030000
 17 3.190000
 18 3.160000
 19 3.140000
 20 3.140000
 21 3.160000
 22 3.140000
 23 3.030000
 24 3.030000
 25 3.000000
 26 3.000000
 27 3.110000
 28 3.000000
 29 3.140000
 30 3.000000
 31 3.110000
 32 3.110000
 33 3.140000
 34 3.110000
 35 3.090000
 36 2.880000
 37 2.710000
 38 2.330000
 39 2.170000
 40 2.170000
 41 2.140000
 42 2.150000
 43 2.130000
 44 2.140000
 45 2.140000
 46 2.150000
 47 2.150000
 48 2.150000
 49 2.150000
 50 2.150000
 51 2.150000
 52 2.240000
 53 2.290000
 54 2.240000
 55 2.200000
 56 2.190000
 57 2.190000
 58 2.190000
 59 2.210000
 60 2.200000
 61 2.200000
 62 2.190000
 63 2.180000
 64 2.200000
 65 2.190000
 66 2.160000
 67 2.190000
 68 2.240000
 69 2.220000
 70 2.230000
 71 2.220000
 72 2.210000
 73 2.210000
 74 2.200000
 75 2.210000
 76 2.260000
 77 2.320000
 78 2.180000
 79 2.170000
 80 2.190000
 81 2.170000
 82 2.200000
 83 2.240000
 84 2.250000
 85 2.250000
 86 2.260000
 87 2.250000
 88 2.230000
 89 2.240000
 90 2.260000
 91 2.270000
 92 2.240000
 93 2.280000
 94 2.260000
 95 2.230000
 96 2.240000
 97 2.210000
 98 2.220000
 99 2.240000
 100 2.240000
 101 2.280000
 102 2.280000
 103 2.280000
 104 2.300000
 105 2.290000
 106 2.320000
 107 2.290000
 108 2.310000
 109 2.300000
 110 2.300000
 111 2.300000
 112 2.340000
 113 2.320000
 114 2.340000
 115 2.320000
 116 2.340000
 117 2.330000
 118 2.330000
 119 2.350000
 120 2.470000
 121 2.360000
 122 2.350000
 123 2.310000
 124 2.320000
 125 2.310000
 126 2.350000
 127 2.370000
 128 2.390000
 129 2.390000
 130 2.390000
 131 2.390000
 132 2.390000
 133 2.390000
 134 2.420000
 135 2.410000
 136 2.390000
 137 2.390000
 138 2.360000
 139 2.390000
 140 2.390000
 141 2.380000
 142 2.430000
 143 2.420000
 144 2.440000
 145 2.480000
 146 3.560000
 147 3.570000
 148 3.630000
 149 3.530000
 150 3.630000
 151 3.590000
 152 3.560000
 153 3.580000
 154 3.500000
 155 3.450000
 156 3.410000
 157 3.440000
 158 3.450000
 159 3.400000
 160 3.420000
 161 3.430000
 162 3.410000
 163 3.450000
 164 3.430000
 165 3.440000
 166 3.450000
 167 3.500000
 168 3.490000
 169 3.620000
 170 3.770000
 171 3.700000
 172 3.700000
 173 3.740000
 174 3.760000
 175 3.780000
 176 3.810000
 177 3.840000
 178 3.830000
 179 3.840000
 180 3.860000
 181 3.870000
 182 3.880000
 183 3.880000
 184 3.900000
 185 3.890000
 186 3.930000
 187 3.920000
 188 3.930000
 189 3.940000
 190 3.950000
 191 3.980000
 192 3.980000
 193 3.980000
 194 4.000000
 195 4.020000
 196 4.090000
 197 4.110000
 198 4.050000
 199 4.130000
 200 4.120000
 201 4.180000
 202 4.200000
 203 4.220000
 204 4.130000
 205 4.100000
 206 4.130000
 207 4.150000
 208 4.150000
 209 4.150000
 210 4.180000
 211 4.240000
 212 4.200000
 213 4.230000
 214 4.280000
 215 4.250000
 216 4.300000
 217 4.300000
 218 4.330000
 219 4.350000
 220 4.330000
 221 4.380000
 222 4.350000
 223 4.380000
 224 4.500000
 225 4.400000
 226 4.450000
 227 4.130000
 228 4.180000
 229 4.500000
 230 4.500000
 231 4.530000
 232 4.530000
 233 4.580000
 234 4.600000
 235 4.710000
 236 4.730000
 237 4.740000
 238 4.780000
 239 4.790000
 240 4.730000
 241 4.750000
 242 2.880000
 243 2.890000
 244 2.860000
 245 2.890000
 246 2.860000
 247 2.860000
 248 2.880000
 249 2.900000
 250 2.920000
 251 4.990000
 252 4.960000
 253 4.960000
 254 4.930000
 255 4.910000
 256 4.940000
 257 4.910000
 258 4.910000
 259 4.730000
 260 3.430000
 261 3.390000
 262 3.360000
 263 3.360000
 264 3.360000
 265 3.350000
 266 3.390000
 267 3.480000
 268 4.720000
 269 2.780000
 270 2.710000
 271 2.710000
 272 2.710000
 273 2.710000
 274 2.710000
 275 2.690000
 276 2.700000
 277 2.750000
 278 3.900000
 279 3.920000
 280 3.970000
 281 4.550000
 282 4.530000
 283 4.530000
 284 3.270000
 285 3.240000
 286 3.260000
 287 3.240000
 288 3.260000
 289 3.240000
 290 3.260000
 291 3.300000
 292 4.460000
 293 4.460000
 294 3.820000
 295 3.810000
 296 3.790000
 297 3.810000
 298 3.810000
 299 2.630000
 300 2.610000
 301 2.590000
 302 2.620000
 303 2.590000
 304 2.620000
 305 2.600000
 306 2.650000
 307 2.680000
 308 4.360000
 309 3.180000
 310 3.160000
 311 3.160000
 312 3.170000
 313 3.170000
 314 3.180000
 315 3.250000
 316 3.710000
 317 3.710000
 318 3.710000
 319 3.710000
 320 3.730000
 321 3.860000
 322 4.180000
 323 4.150000
 324 4.180000
 325 4.150000
 326 4.170000
 327 4.170000
 328 4.150000
 329 4.120000
 330 4.150000
 331 4.120000
 332 4.260000
 333 4.240000
 334 4.240000
 335 4.240000
 336 4.230000
 337 4.260000
 338 4.210000
 339 4.200000
 340 4.180000
 341 4.180000
 342 4.210000
 343 4.210000
 344 4.160000
 345 4.210000
 346 4.170000
 347 4.120000
 348 4.140000
 349 4.140000
 350 4.110000
 351 4.090000
 352 4.080000
 353 4.110000
 354 4.100000
 355 4.090000
 356 4.070000
 357 4.080000
 358 4.120000
 359 4.100000
 360 4.130000
 361 4.110000
 362 4.130000
 363 4.090000
 364 4.110000
 365 4.120000
 366 4.050000
 367 4.040000
 368 4.090000
 369 4.650000
 370 5.050000
 371 5.020000
 372 5.020000
 373 5.000000
 374 5.030000
 375 5.010000
 376 5.010000
 377 5.010000
 378 5.040000
 379 4.990000
 380 5.020000
 381 4.990000
 382 4.990000
 383 5.000000
 384 5.030000
 385 5.000000
 386 5.000000
 387 4.360000
 388 4.870000
 389 4.870000
 390 5.010000
 391 4.230000
 392 4.190000
 393 4.170000
 394 4.230000
 395 4.850000
 396 4.860000
 397 4.780000
 398 4.730000
 399 4.680000
 400 4.610000
 401 4.570000
 402 4.610000
 403 4.580000
 404 4.580000
 405 4.580000
 406 4.560000
 407 4.360000
 408 4.280000
 409 4.280000
 410 4.360000
 411 4.250000
 412 4.410000
 413 4.290000
 414 4.230000
 415 4.260000
 416 4.320000
 417 4.400000
 418 4.390000
 419 4.330000
 420 4.280000
 421 4.240000
 422 4.320000
 423 4.310000
 424 4.270000
 425 4.220000
 426 4.220000
 427 3.980000
 428 3.740000
 429 3.770000
 430 3.690000
 431 3.640000
 432 3.640000
 433 3.640000
 434 3.590000
 435 3.570000
 436 3.570000
 437 3.550000
 438 3.520000
 439 3.520000
 440 3.530000
 441 3.530000
 442 3.530000
 443 3.500000
 444 3.500000
 445 3.610000
 446 3.600000
 447 3.580000
 448 3.570000
 449 3.610000
 450 3.560000
 451 3.560000
 452 3.540000
 453 3.560000
 454 3.570000
 455 3.580000
 456 3.550000
 457 3.520000
 458 3.470000
 459 3.480000
 460 3.520000
 461 3.520000
 462 3.520000
 463 3.510000
 464 3.510000
 465 3.510000
 466 3.530000
 467 3.500000
 468 3.510000
 469 3.490000
 470 3.470000
 471 3.470000
 472 3.470000
 473 3.470000
 474 3.450000
 475 3.470000
 476 3.450000
 477 3.440000
 478 3.430000
 479 3.430000
 480 3.410000
 481 3.430000
 482 3.410000
 483 3.380000
 484 3.380000
 485 3.380000
 486 3.330000
 487 3.310000
 488 3.270000
 489 3.250000
 490 3.270000
 491 3.250000
 492 3.170000
 493 3.170000
 494 3.170000
 495 3.180000
 496 3.150000
 497 3.100000
 498 3.070000
 499 3.110000
 500 3.080000
 501 3.080000
 502 3.070000
 503 3.070000
 504 3.080000
 505 3.060000
 506 3.040000
 507 3.070000
 508 3.050000
 509 3.080000
 510 3.080000
 511 3.040000
 512 3.070000
 513 3.070000
 514 3.070000
 515 3.070000
 516 3.080000
 517 3.080000
 518 3.070000
 519 3.090000
 520 3.120000
 521 3.120000
 522 3.090000
 523 3.140000
 524 3.090000
 525 3.100000
 526 3.110000
 527 3.110000
 528 3.080000
 529 3.060000
 530 3.060000
 531 3.030000
 532 3.070000
 533 3.030000
 534 3.060000
 535 3.030000
 536 3.010000
 537 3.020000
 538 3.030000
 539 3.020000
 540 3.050000
 541 3.040000
 542 3.020000
 543 3.010000
 544 2.420000
 545 2.380000
 546 3.020000
 547 3.040000
 548 3.010000
 549 3.040000
 550 3.030000
 551 3.030000
 552 3.040000
 553 3.070000
 554 3.070000
 555 3.090000
 556 3.090000
 557 3.090000
 558 3.090000
 559 3.070000
 560 3.080000
 561 2.070000
 562 2.080000
 563 2.090000
 564 2.070000
 565 1.800000
 566 1.800000
 567 1.800000
 568 1.810000
 569 1.820000
 570 1.820000
 571 1.800000
 572 1.820000
 573 1.850000
 574 1.850000
 575 1.850000
 576 1.870000
 577 1.870000
 578 1.870000
 579 1.900000
 580 1.900000
 581 1.900000
 582 1.920000
 583 1.920000
 584 1.920000
 585 1.950000
 586 1.970000
 587 1.970000
 588 1.970000
 589 2.000000
 590 2.000000
 591 2.020000
 592 2.050000
 593 2.050000
 594 2.080000
 595 2.080000
 596 2.100000
 597 2.100000
 598 2.130000
 599 2.130000
 600 2.180000
 601 2.180000
 602 2.200000
 603 2.200000
 604 2.230000
 605 2.230000
 606 2.230000
 607 2.250000
 608 2.250000
 609 2.250000
 610 2.280000
 611 2.330000
 612 2.330000
 613 2.330000
 614 2.350000
 615 2.360000
 616 2.330000
 617 2.330000
 618 2.350000
 619 2.350000
 620 2.380000
 621 2.400000
 622 2.430000
 623 1.450000
 624 1.450000
 625 1.480000
 626 1.450000
 627 1.450000
 628 1.460000
 629 1.490000
 630 1.490000
 631 1.490000
 632 1.510000
 633 1.510000
 634 1.540000
 635 1.560000
 636 1.540000
 637 1.590000
 638 1.590000
 639 1.580000
 640 1.610000
 641 1.630000
 642 1.630000
 643 1.660000
 644 1.660000
 645 1.680000
 646 1.680000
 647 1.710000
 648 1.730000
 649 1.730000
 650 1.760000
 651 1.780000
 652 1.810000
 653 1.810000
 654 1.830000
 655 1.830000
 656 1.860000
 657 1.880000
 658 1.910000
 659 1.930000
 660 1.930000
 661 1.970000
 662 1.970000
 663 2.010000
 664 3.390000
 665 3.370000
 666 3.370000
 667 3.340000
 668 3.340000
 669 3.340000
 670 3.290000
 671 3.320000
 672 3.270000
 673 3.270000
 674 3.240000
 675 3.240000
 676 3.250000
 677 3.260000
 678 3.250000
 679 3.220000
 680 3.240000
 681 3.240000
 682 3.240000
 683 3.240000
 684 3.220000
 685 3.240000
 686 3.270000
 687 3.260000
 688 3.300000
 689 3.270000
 690 3.300000
 691 3.300000
 692 3.290000
 693 3.290000
 694 3.320000
 695 3.320000
 696 3.340000
 697 3.340000
 698 3.360000
 699 3.340000
 700 3.370000
 701 3.390000
 702 3.390000
 703 3.390000
 704 3.430000
 705 3.440000
 706 3.450000
 707 3.430000
 708 2.930000
 709 2.920000
 710 3.340000
 711 3.520000
 712 3.560000
 713 3.590000
 714 3.620000
 715 3.580000
 716 3.650000
 717 3.680000
 718 3.680000
 719 3.700000
 720 3.710000
 721 3.730000
 722 3.760000
 723 3.760000
 724 3.760000
 725 3.770000
 726 3.780000
 727 3.800000
 728 3.790000
 729 3.820000
 730 3.810000
 731 3.840000
 732 3.830000
 733 3.840000
 734 3.860000
 735 3.880000
 736 3.910000
 737 3.910000
 738 3.930000
 739 3.980000
 740 3.960000
 741 3.390000
 742 3.370000
 743 2.970000
 744 2.930000
 745 1.560000
 746 1.540000
 747 1.560000
 748 1.560000
 749 1.560000
 750 1.540000
 751 1.560000
 752 1.540000
 753 1.540000
 754 1.540000
 755 1.540000
 756 1.510000
 757 1.530000
 758 4.080000
 759 4.080000
 760 4.060000
 0 2.980000
 1 3.140000
 2 3.140000
 3 3.140000
 4 3.010000
 5 3.160000
 6 3.140000
 7 3.030000
 8 3.050000
 9 3.160000
 10 3.050000
 11 3.040000
 12 3.190000
 13 3.140000
 14 3.060000
 15 3.060000
 16 3.060000
 17 3.190000
 18 3.160000
 19 3.160000
 20 3.140000
 21 3.160000
 22 3.140000
 23 3.010000
 24 3.010000
 25 3.030000
 26 3.030000
 27 3.110000
 28 3.010000
 29 3.140000
 30 3.010000
 31 3.140000
 32 3.110000
 33 2.980000
 34 3.110000
 35 3.090000
 36 2.900000
 37 2.700000
 38 2.310000
 39 2.140000
 40 2.170000
 41 2.140000
 42 2.120000
 43 2.130000
 44 2.160000
 45 2.140000
 46 2.120000
 47 2.150000
 48 2.150000
 49 2.150000
 50 2.150000
 51 2.170000
 52 2.220000
 53 2.290000
 54 2.210000
 55 2.180000
 56 2.190000
 57 2.160000
 58 2.190000
 59 2.210000
 60 2.200000
 61 2.230000
 62 2.220000
 63 2.200000
 64 2.200000
 65 2.190000
 66 2.160000
 67 2.190000
 68 2.210000
 69 2.220000
 70 2.230000
 71 2.220000
 72 2.210000
 73 2.210000
 74 2.200000
 75 2.230000
 76 2.240000
 77 2.330000
 78 2.200000
 79 2.170000
 80 2.200000
 81 2.200000
 82 2.200000
 83 2.240000
 84 2.250000
 85 2.250000
 86 2.210000
 87 2.230000
 88 2.230000
 89 2.240000
 90 2.260000
 91 2.270000
 92 2.270000
 93 2.250000
 94 2.260000
 95 2.250000
 96 2.240000
 97 2.240000
 98 2.250000
 99 2.220000
 100 2.240000
 101 2.280000
 102 2.280000
 103 2.280000
 104 2.280000
 105 2.300000
 106 2.300000
 107 2.320000
 108 2.310000
 109 2.300000
 110 2.300000
 111 2.300000
 112 2.310000
 113 2.320000
 114 2.350000
 115 2.350000
 116 2.310000
 117 2.330000
 118 2.330000
 119 2.350000
 120 2.470000
 121 2.390000
 122 2.350000
 123 2.310000
 124 2.320000
 125 2.310000
 126 2.330000
 127 2.370000
 128 2.370000
 129 2.400000
 130 2.390000
 131 2.390000
 132 2.400000
 133 2.410000
 134 2.420000
 135 2.390000
 136 2.390000
 137 2.390000
 138 2.360000
 139 2.390000
 140 2.390000
 141 2.400000
 142 2.430000
 143 2.420000
 144 2.420000
 145 2.480000
 146 3.560000
 147 3.600000
 148 3.630000
 149 3.560000
 150 3.630000
 151 3.560000
 152 3.560000
 153 3.560000
 154 3.510000
 155 3.420000
 156 3.410000
 157 3.420000
 158 3.430000
 159 3.430000
 160 3.400000
 161 3.410000
 162 3.420000
 163 3.450000
 164 3.460000
 165 3.460000
 166 3.470000
 167 3.480000
 168 3.520000
 169 3.620000
 170 3.780000
 171 3.710000
 172 3.710000
 173 3.740000
 174 3.760000
 175 3.790000
 176 3.800000
 177 3.830000
 178 3.860000
 179 3.840000
 180 3.870000
 181 3.870000
 182 3.890000
 183 3.890000
 184 3.900000
 185 3.920000
 186 3.930000
 187 3.940000
 188 3.930000
 189 3.940000
 190 3.950000
 191 3.980000
 192 3.960000
 193 3.990000
 194 4.000000
 195 4.010000
 196 3.960000
 197 4.110000
 198 4.050000
 199 4.130000
 200 4.120000
 201 4.180000
 202 4.200000
 203 4.220000
 204 4.110000
 205 4.100000
 206 4.130000
 207 4.130000
 208 4.160000
 209 4.280000
 210 4.160000
 211 4.210000
 212 4.210000
 213 4.260000
 214 4.280000
 215 4.260000
 216 4.270000
 217 4.300000
 218 4.330000
 219 4.330000
 220 4.330000
 221 4.380000
 222 4.360000
 223 4.380000
 224 4.480000
 225 4.410000
 226 4.460000
 227 4.230000
 228 4.180000
 229 4.510000
 230 4.500000
 231 4.530000
 232 4.530000
 233 4.580000
 234 4.610000
 235 4.710000
 236 4.730000
 237 4.740000
 238 4.780000
 239 4.770000
 240 4.730000
 241 4.730000
 242 2.910000
 243 2.890000
 244 2.860000
 245 2.860000
 246 2.860000
 247 2.860000
 248 2.850000
 249 2.900000
 250 2.920000
 251 4.960000
 252 4.960000
 253 4.930000
 254 4.930000
 255 4.930000
 256 4.940000
 257 4.910000
 258 4.780000
 259 4.730000
 260 3.430000
 261 3.390000
 262 3.360000
 263 3.360000
 264 3.360000
 265 3.350000
 266 3.400000
 267 3.460000
 268 4.720000
 269 2.780000
 270 2.710000
 271 2.740000
 272 2.710000
 273 2.710000
 274 2.710000
 275 2.690000
 276 2.720000
 277 2.770000
 278 3.870000
 279 3.920000
 280 3.940000
 281 4.540000
 282 4.560000
 283 4.530000
 284 3.270000
 285 3.240000
 286 3.240000
 287 3.260000
 288 3.240000
 289 3.240000
 290 3.260000
 291 3.290000
 292 4.460000
 293 4.430000
 294 3.820000
 295 3.810000
 296 3.790000
 297 3.810000
 298 3.790000
 299 2.630000
 300 2.610000
 301 2.610000
 302 2.620000
 303 2.630000
 304 2.620000
 305 2.580000
 306 2.650000
 307 2.710000
 308 4.360000
 309 3.180000
 310 3.190000
 311 3.160000
 312 3.170000
 313 3.170000
 314 3.150000
 315 3.270000
 316 3.700000
 317 3.710000
 318 3.690000
 319 3.710000
 320 3.730000
 321 3.830000
 322 4.180000
 323 4.290000
 324 4.180000
 325 4.170000
 326 4.170000
 327 4.170000
 328 4.170000
 329 4.150000
 330 4.150000
 331 4.180000
 332 4.260000
 333 4.260000
 334 4.240000
 335 4.240000
 336 4.260000
 337 4.230000
 338 4.210000
 339 4.210000
 340 4.210000
 341 4.180000
 342 4.210000
 343 4.210000
 344 4.180000
 345 4.210000
 346 4.170000
 347 4.140000
 348 4.140000
 349 4.140000
 350 4.110000
 351 4.090000
 352 4.080000
 353 4.130000
 354 4.080000
 355 4.070000
 356 4.070000
 357 4.060000
 358 4.120000
 359 4.100000
 360 4.140000
 361 4.100000
 362 4.110000
 363 4.100000
 364 4.110000
 365 4.090000
 366 4.060000
 367 4.040000
 368 4.030000
 369 4.670000
 370 5.030000
 371 5.030000
 372 5.030000
 373 5.000000
 374 5.010000
 375 5.010000
 376 4.980000
 377 4.980000
 378 5.010000
 379 5.020000
 380 4.990000
 381 5.000000
 382 4.990000
 383 5.000000
 384 5.060000
 385 5.010000
 386 5.010000
 387 4.330000
 388 4.870000
 389 4.880000
 390 4.990000
 391 4.230000
 392 4.200000
 393 4.170000
 394 4.200000
 395 4.880000
 396 4.850000
 397 4.780000
 398 4.740000
 399 4.700000
 400 4.600000
 401 4.560000
 402 4.610000
 403 4.590000
 404 4.580000
 405 4.560000
 406 4.540000
 407 4.390000
 408 4.290000
 409 4.260000
 410 4.340000
 411 4.340000
 412 4.410000
 413 4.300000
 414 4.260000
 415 4.250000
 416 4.320000
 417 4.440000
 418 4.390000
 419 4.340000
 420 4.280000
 421 4.270000
 422 4.290000
 423 4.280000
 424 4.280000
 425 4.220000
 426 4.220000
 427 3.960000
 428 3.710000
 429 3.710000
 430 3.690000
 431 3.640000
 432 3.670000
 433 3.620000
 434 3.590000
 435 3.570000
 436 3.570000
 437 3.550000
 438 3.520000
 439 3.520000
 440 3.530000
 441 3.530000
 442 3.510000
 443 3.510000
 444 3.510000
 445 3.600000
 446 3.610000
 447 3.580000
 448 3.570000
 449 3.580000
 450 3.560000
 451 3.530000
 452 3.570000
 453 3.560000
 454 3.600000
 455 3.560000
 456 3.550000
 457 3.540000
 458 3.520000
 459 3.470000
 460 3.490000
 461 3.520000
 462 3.530000
 463 3.530000
 464 3.530000
 465 3.530000
 466 3.510000
 467 3.520000
 468 3.510000
 469 3.520000
 470 3.480000
 471 3.510000
 472 3.480000
 473 3.480000
 474 3.480000
 475 3.450000
 476 3.450000
 477 3.440000
 478 3.430000
 479 3.430000
 480 3.410000
 481 3.410000
 482 3.400000
 483 3.380000
 484 3.380000
 485 3.350000
 486 3.350000
 487 3.310000
 488 3.250000
 489 3.250000
 490 3.250000
 491 3.230000
 492 3.200000
 493 3.170000
 494 3.180000
 495 3.180000
 496 3.160000
 497 3.130000
 498 3.100000
 499 3.110000
 500 3.110000
 501 3.080000
 502 3.080000
 503 3.060000
 504 3.070000
 505 3.060000
 506 3.070000
 507 3.080000
 508 3.060000
 509 3.050000
 510 3.080000
 511 3.040000
 512 3.040000
 513 3.070000
 514 3.080000
 515 3.070000
 516 3.080000
 517 3.080000
 518 3.100000
 519 3.100000
 520 3.090000
 521 3.100000
 522 3.120000
 523 3.120000
 524 3.090000
 525 3.090000
 526 3.110000
 527 3.110000
 528 3.080000
 529 3.080000
 530 3.060000
 531 3.060000
 532 3.040000
 533 3.030000
 534 3.030000
 535 3.010000
 536 3.010000
 537 3.020000
 538 3.030000
 539 3.020000
 540 3.040000
 541 3.020000
 542 3.040000
 543 3.020000
 544 2.420000
 545 2.390000
 546 3.040000
 547 3.040000
 548 3.040000
 549 3.040000
 550 3.040000
 551 3.070000
 552 3.070000
 553 3.070000
 554 3.070000
 555 3.090000
 556 3.090000
 557 3.070000
 558 3.090000
 559 3.080000
 560 3.080000
 561 2.070000
 562 2.080000
 563 2.070000
 564 2.040000
 565 1.820000
 566 1.810000
 567 1.790000
 568 1.810000
 569 1.820000
 570 1.820000
 571 1.820000
 572 1.820000
 573 1.850000
 574 1.850000
 575 1.850000
 576 1.850000
 577 1.870000
 578 1.870000
 579 1.870000
 580 1.900000
 581 1.920000
 582 1.920000
 583 1.920000
 584 1.950000
 585 1.950000
 586 1.970000
 587 1.970000
 588 1.970000
 589 2.000000
 590 2.000000
 591 2.020000
 592 2.050000
 593 2.050000
 594 2.050000
 595 2.080000
 596 2.080000
 597 2.130000
 598 2.150000
 599 2.150000
 600 2.180000
 601 2.180000
 602 2.200000
 603 2.230000
 604 2.230000
 605 2.230000
 606 2.230000
 607 2.250000
 608 2.250000
 609 2.270000
 610 2.250000
 611 2.300000
 612 2.300000
 613 2.350000
 614 2.370000
 615 2.330000
 616 2.330000
 617 2.330000
 618 2.350000
 619 2.360000
 620 2.380000
 621 2.410000
 622 2.410000
 623 1.460000
 624 1.460000
 625 1.450000
 626 1.470000
 627 1.470000
 628 1.460000
 629 1.460000
 630 1.490000
 631 1.510000
 632 1.510000
 633 1.510000
 634 1.540000
 635 1.560000
 636 1.530000
 637 1.590000
 638 1.580000
 639 1.610000
 640 1.610000
 641 1.610000
 642 1.630000
 643 1.660000
 644 1.660000
 645 1.680000
 646 1.680000
 647 1.730000
 648 1.730000
 649 1.730000
 650 1.760000
 651 1.760000
 652 1.810000
 653 1.810000
 654 1.810000
 655 1.830000
 656 1.880000
 657 1.880000
 658 1.910000
 659 1.930000
 660 1.930000
 661 1.950000
 662 1.970000
 663 2.010000
 664 3.390000
 665 3.370000
 666 3.340000
 667 3.370000
 668 3.340000
 669 3.330000
 670 3.320000
 671 3.290000
 672 3.290000
 673 3.270000
 674 3.270000
 675 3.240000
 676 3.230000
 677 3.230000
 678 3.240000
 679 3.220000
 680 3.240000
 681 3.240000
 682 3.240000
 683 3.220000
 684 3.240000
 685 3.220000
 686 3.280000
 687 3.280000
 688 3.300000
 689 3.300000
 690 3.290000
 691 3.290000
 692 3.290000
 693 3.320000
 694 3.330000
 695 3.290000
 696 3.320000
 697 3.340000
 698 3.370000
 699 3.340000
 700 3.370000
 701 3.390000
 702 3.420000
 703 3.420000
 704 3.410000
 705 3.410000
 706 3.440000
 707 3.460000
 708 2.940000
 709 2.950000
 710 3.380000
 711 3.520000
 712 3.570000
 713 3.590000
 714 3.610000
 715 3.610000
 716 3.640000
 717 3.650000
 718 3.680000
 719 3.690000
 720 3.710000
 721 3.740000
 722 3.740000
 723 3.760000
 724 3.760000
 725 3.790000
 726 3.790000
 727 3.810000
 728 3.790000
 729 3.820000
 730 3.810000
 731 3.810000
 732 3.840000
 733 3.810000
 734 3.890000
 735 3.890000
 736 3.890000
 737 3.920000
 738 3.940000
 739 3.950000
 740 3.960000
 741 3.410000
 742 3.400000
 743 2.970000
 744 2.930000
 745 1.560000
 746 1.550000
 747 1.540000
 748 1.540000
 749 1.540000
 750 1.550000
 751 1.560000
 752 1.540000
 753 1.570000
 754 1.550000
 755 1.540000
 756 1.530000
 757 1.500000
 758 4.080000
 759 4.060000
 760 4.090000