
 0 3.010000
 1 3.140000
 2 3.120000
 3 3.120000
 4 3.030000
 5 3.140000
 6 3.140000
 7 3.030000
 8 3.060000
 9 3.190000
 10 3.050000
 11 3.080000
 12 3.170000
 13 3.170000
 14 3.090000
 15 3.050000
 16 3.060000
 17 3.170000
 18 3.170000
 19 3.170000
 20 3.140000
 21 3.140000
 22 3.140000
 23 3.010000
 24 3.010000
 25 3.030000
 26 3.040000
 27 2.980000
 28 3.010000
 29 2.980000
 30 2.980000
 31 3.170000
 32 3.090000
 33 2.980000
 34 3.140000
 35 3.090000
 36 2.910000
 37 2.730000
 38 2.360000
 39 2.180000
 40 2.160000
 41 2.140000
 42 2.150000
 43 2.130000
 44 2.170000
 45 2.140000
 46 2.130000
 47 2.150000
 48 2.130000
 49 2.130000
 50 2.130000
 51 2.180000
 52 2.250000
 53 2.290000
 54 2.240000
 55 2.210000
 56 2.190000
 57 2.220000
 58 2.220000
 59 2.190000
 60 2.230000
 61 2.210000
 62 2.200000
 63 2.190000
 64 2.180000
 65 2.190000
 66 2.170000
 67 2.190000
 68 2.230000
 69 2.200000
 70 2.230000
 71 2.200000
 72 2.220000
 73 2.220000
 74 2.210000
 75 2.210000
 76 2.240000
 77 2.330000
 78 2.210000
 79 2.170000
 80 2.170000
 81 2.200000
 82 2.210000
 83 2.240000
 84 2.230000
 85 2.260000
 86 2.250000
 87 2.230000
 88 2.230000
 89 2.240000
 90 2.270000
 91 2.270000
 92 2.270000
 93 2.260000
 94 2.270000
 95 2.270000
 96 2.240000
 97 2.240000
 98 2.250000
 99 2.250000
 100 2.240000
 101 2.280000
 102 2.280000
 103 2.280000
 104 2.280000
 105 2.300000
 106 2.300000
 107 2.320000
 108 2.320000
 109 2.310000
 110 2.310000
 111 2.330000
 112 2.320000
 113 2.320000
 114 2.350000
 115 2.350000
 116 2.340000
 117 2.330000
 118 2.330000
 119 2.350000
 120 2.480000
 121 2.360000
 122 2.350000
 123 2.320000
 124 2.320000
 125 2.320000
 126 2.330000
 127 2.370000
 128 2.370000
 129 2.400000
 130 2.390000
 131 2.390000
 132 2.400000
 133 2.420000
 134 2.400000
 135 2.390000
 136 2.390000
 137 2.390000
 138 2.390000
 139 2.390000
 140 2.390000
 141 2.420000
 142 2.430000
 143 2.430000
 144 2.450000
 145 2.490000
 146 3.570000
 147 3.580000
 148 3.660000
 149 3.500000
 150 3.630000
 151 3.590000
 152 3.590000
 153 3.590000
 154 3.530000
 155 3.430000
 156 3.410000
 157 3.420000
 158 3.400000
 159 3.410000
 160 3.430000
 161 3.400000
 162 3.450000
 163 3.450000
 164 3.440000
 165 3.470000
 166 3.450000
 167 3.480000
 168 3.500000
 169 3.600000
 170 3.750000
 171 3.700000
 172 3.710000
 173 3.760000
 174 3.770000
 175 3.760000
 176 3.780000
 177 3.840000
 178 3.860000
 179 3.850000
 180 3.860000
 181 3.870000
 182 3.870000
 183 3.880000
 184 3.910000
 185 3.900000
 186 3.920000
 187 3.940000
 188 3.910000
 189 3.940000
 190 3.930000
 191 3.980000
 192 3.980000
 193 3.980000
 194 4.020000
 195 4.020000
 196 4.090000
 197 4.120000
 198 4.080000
 199 4.140000
 200 4.150000
 201 4.190000
 202 4.060000
 203 4.080000
 204 4.110000
 205 4.130000
 206 4.130000
 207 4.160000
 208 4.160000
 209 4.180000
 210 4.180000
 211 4.240000
 212 4.230000
 213 4.230000
 214 4.230000
 215 4.280000
 216 4.300000
 217 4.280000
 218 4.300000
 219 4.330000
 220 4.330000
 221 4.360000
 222 4.360000
 223 4.380000
 224 4.510000
 225 4.410000
 226 4.430000
 227 4.180000
 228 4.190000
 229 4.480000
 230 4.500000
 231 4.530000
 232 4.560000
 233 4.580000
 234 4.610000
 235 4.710000
 236 4.750000
 237 4.750000
 238 4.800000
 239 4.770000
 240 4.710000
 241 4.760000
 242 4.760000
 243 4.780000
 244 4.810000
 245 4.960000
 246 4.960000
 247 4.990000
 248 4.890000
 249 5.010000
 250 4.990000
 251 4.990000
 252 4.960000
 253 4.960000
 254 4.940000
 255 4.940000
 256 4.940000
 257 4.920000
 258 4.890000
 259 4.730000
 260 4.710000
 261 4.680000
 262 4.680000
 263 4.790000
 264 4.790000
 265 4.760000
 266 4.750000
 267 4.730000
 268 4.720000
 269 4.700000
 270 4.670000
 271 4.670000
 272 4.650000
 273 4.630000
 274 4.610000
 275 4.590000
 276 4.600000
 277 4.600000
 278 4.600000
 279 4.600000
 280 4.600000
 281 4.570000
 282 4.560000
 283 4.510000
 284 4.500000
 285 4.500000
 286 4.500000
 287 4.520000
 288 4.510000
 289 4.460000
 290 4.460000
 291 4.460000
 292 4.440000
 293 4.440000
 294 4.440000
 295 4.420000
 296 4.420000
 297 4.430000
 298 4.430000
 299 4.410000
 300 4.380000
 301 4.380000
 302 4.410000
 303 4.410000
 304 4.310000
 305 4.390000
 306 4.260000
 307 4.260000
 308 4.360000
 309 4.390000
 310 4.230000
 311 4.230000
 312 4.260000
 313 4.210000
 314 4.230000
 315 4.210000
 316 4.210000
 317 4.200000
 318 4.200000
 319 4.230000
 320 4.180000
 321 4.180000
 322 4.180000
 323 4.160000
 324 4.180000
 325 4.180000
 326 4.180000
 327 4.180000
 328 4.150000
 329 4.150000
 330 4.160000
 331 4.130000
 332 2.620000
 333 2.560000
 334 2.570000
 335 2.570000
 336 2.570000
 337 2.570000
 338 2.570000
 339 2.220000
 340 2.010000
 341 2.010000
 342 1.990000
 343 1.990000
 344 2.020000
 345 1.990000
 346 2.020000
 347 1.990000
 348 2.020000
 349 2.020000
 350 2.040000
 351 1.550000
 352 1.490000
 353 1.460000
 354 1.460000
 355 1.440000
 356 1.440000
 357 1.440000
 358 1.470000
 359 1.470000
 360 1.440000
 361 1.440000
 362 1.470000
 363 1.470000
 364 1.440000
 365 1.470000
 366 1.510000
 367 2.630000
 368 2.640000
 369 2.620000
 370 2.640000
 371 2.630000
 372 4.990000
 373 4.990000
 374 5.020000
 375 5.000000
 376 5.000000
 377 5.000000
 378 2.180000
 379 2.140000
 380 2.090000
 381 2.080000
 382 2.080000
 383 2.080000
 384 2.090000
 385 2.120000
 386 2.110000
 387 2.120000
 388 2.110000
 389 2.160000
 390 4.970000
 391 4.240000
 392 2.810000
 393 2.750000
 394 2.730000
 395 2.740000
 396 2.740000
 397 2.740000
 398 2.770000
 399 2.770000
 400 2.820000
 401 4.410000
 402 4.530000
 403 1.680000
 404 1.620000
 405 1.590000
 406 1.580000
 407 1.580000
 408 1.560000
 409 1.560000
 410 1.560000
 411 1.570000
 412 1.570000
 413 1.590000
 414 1.590000
 415 1.590000
 416 1.590000
 417 1.580000
 418 2.190000
 419 2.240000
 420 2.270000
 421 2.240000
 422 2.280000
 423 4.150000
 424 3.930000
 425 3.830000
 426 3.770000
 427 3.750000
 428 3.670000
 429 3.650000
 430 3.620000
 431 3.650000
 432 3.630000
 433 3.600000
 434 3.580000
 435 3.550000
 436 3.530000
 437 3.530000
 438 3.530000
 439 3.510000
 440 3.510000
 441 3.480000
 442 3.460000
 443 3.580000
 444 3.550000
 445 1.850000
 446 1.810000
 447 1.780000
 448 1.780000
 449 1.760000
 450 1.760000
 451 1.740000
 452 1.770000
 453 1.740000
 454 1.740000
 455 1.770000
 456 1.770000
 457 1.770000
 458 1.790000
 459 3.420000
 460 3.450000
 461 3.420000
 462 3.450000
 463 3.440000
 464 3.490000
 465 3.490000
 466 3.490000
 467 3.490000
 468 3.360000
 469 3.490000
 470 3.490000
 471 3.440000
 472 3.460000
 473 3.490000
 474 3.440000
 475 3.400000
 476 3.410000
 477 3.400000
 478 3.240000
 479 3.410000
 480 3.210000
 481 3.390000
 482 3.360000
 483 3.360000
 484 3.310000
 485 3.290000
 486 3.260000
 487 3.210000
 488 3.230000
 489 3.210000
 490 3.230000
 491 3.200000
 492 3.160000
 493 3.160000
 494 3.160000
 495 3.130000
 496 3.130000
 497 3.100000
 498 3.090000
 499 3.090000
 500 3.090000
 501 3.060000
 502 3.080000
 503 3.060000
 504 3.060000
 505 3.040000
 506 3.020000
 507 3.040000
 508 3.040000
 509 3.010000
 510 3.050000
 511 3.050000
 512 3.050000
 513 3.020000
 514 3.050000
 515 3.070000
 516 3.060000
 517 3.060000
 518 3.090000
 519 3.090000
 520 3.060000
 521 3.070000
 522 3.050000
 523 3.070000
 524 3.090000
 525 3.020000
 526 3.090000
 527 3.060000
 528 3.030000
 529 3.060000
 530 3.040000
 531 3.040000
 532 3.020000
 533 3.010000
 534 3.010000
 535 3.010000
 536 3.000000
 537 3.030000
 538 2.990000
 539 3.020000
 540 3.000000
 541 3.020000
 542 3.000000
 543 3.000000
 544 3.030000
 545 3.020000
 546 3.020000
 547 3.020000
 548 3.020000
 549 3.020000
 550 3.010000
 551 3.050000
 552 3.050000
 553 3.050000
 554 3.050000
 555 3.070000
 556 3.070000
 557 3.070000
 558 3.070000
 559 3.070000
 560 3.070000
 561 2.090000
 562 2.090000
 563 2.070000
 564 2.070000
 565 1.800000
 566 1.780000
 567 1.800000
 568 1.790000
 569 1.800000
 570 1.830000
 571 1.830000
 572 1.830000
 573 1.830000
 574 1.850000
 575 1.850000
 576 1.880000
 577 1.880000
 578 1.880000
 579 1.880000
 580 1.900000
 581 1.930000
 582 1.900000
 583 1.930000
 584 1.950000
 585 1.950000
 586 1.950000
 587 1.980000
 588 1.980000
 589 2.030000
 590 2.000000
 591 2.030000
 592 2.030000
 593 2.060000
 594 2.080000
 595 2.060000
 596 2.110000
 597 2.130000
 598 2.130000
 599 2.160000
 600 2.160000
 601 2.210000
 602 2.210000
 603 2.230000
 604 2.210000
 605 2.230000
 606 2.260000
 607 2.260000
 608 2.280000
 609 2.250000
 610 2.250000
 611 2.310000
 612 2.330000
 613 2.330000
 614 2.360000
 615 2.360000
 616 2.340000
 617 2.350000
 618 2.380000
 619 2.360000
 620 2.380000
 621 2.410000
 622 2.410000
 623 1.480000
 624 1.500000
 625 1.460000
 626 1.460000
 627 1.450000
 628 1.470000
 629 1.470000
 630 1.490000
 631 1.520000
 632 1.490000
 633 1.540000
 634 1.540000
 635 1.540000
 636 1.570000
 637 1.570000
 638 1.590000
 639 1.620000
 640 1.620000
 641 1.640000
 642 1.640000
 643 1.640000
 644 1.660000
 645 1.690000
 646 1.690000
 647 1.710000
 648 1.740000
 649 1.760000
 650 1.760000
 651 1.760000
 652 1.810000
 653 1.810000
 654 1.810000
 655 1.840000
 656 1.860000
 657 1.890000
 658 1.890000
 659 1.910000
 660 1.940000
 661 1.960000
 662 1.980000
 663 1.990000
 664 3.350000
 665 3.350000
 666 3.330000
 667 3.300000
 668 3.300000
 669 3.300000
 670 3.300000
 671 3.250000
 672 3.250000
 673 3.250000
 674 3.220000
 675 3.230000
 676 3.230000
 677 3.240000
 678 3.230000
 679 3.220000
 680 3.220000
 681 3.200000
 682 3.220000
 683 3.220000
 684 3.220000
 685 3.200000
 686 3.220000
 687 3.260000
 688 3.250000
 689 3.260000
 690 3.290000
 691 3.290000
 692 3.270000
 693 3.250000
 694 3.280000
 695 3.280000
 696 3.300000
 697 3.320000
 698 3.330000
 699 3.320000
 700 3.350000
 701 3.350000
 702 3.370000
 703 3.370000
 704 3.400000
 705 3.400000
 706 3.450000
 707 3.420000
 708 2.930000
 709 2.930000
 710 3.360000
 711 3.470000
 712 3.550000
 713 3.520000
 714 3.550000
 715 3.590000
 716 3.580000
 717 3.620000
 718 3.660000
 719 3.660000
 720 3.680000
 721 3.710000
 722 3.710000
 723 3.720000
 724 3.760000
 725 3.760000
 726 3.750000
 727 3.770000
 728 3.760000
 729 3.790000
 730 3.800000
 731 3.810000
 732 3.810000
 733 3.790000
 734 3.850000
 735 3.850000
 736 3.890000
 737 3.900000
 738 3.910000
 739 3.940000
 740 3.940000
 741 3.500000
 742 3.380000
 743 2.940000
 744 2.940000
 745 1.550000
 746 1.530000
 747 1.570000
 748 1.570000
 749 1.540000
 750 1.570000
 751 1.570000
 752 1.550000
 753 1.570000
 754 1.550000
 755 1.550000
 756 1.540000
 757 1.530000
 758 1.520000
 759 4.030000
 760 4.060000
 0 3.010000
 1 3.140000
 2 3.140000
 3 3.140000
 4 3.010000
 5 3.170000
 6 3.120000
 7 3.030000
 8 3.060000
 9 3.170000
 10 3.030000
 11 3.050000
 12 3.170000
 13 3.140000
 14 3.050000
 15 3.020000
 16 3.060000
 17 3.170000
 18 3.030000
 19 3.140000
 20 3.140000
 21 3.170000
 22 3.140000
 23 3.030000
 24 3.010000
 25 3.030000
 26 3.020000
 27 3.010000
 28 3.010000
 29 2.980000
 30 2.980000
 31 3.140000
 32 3.120000
 33 2.980000
 34 3.120000
 35 3.090000
 36 2.880000
 37 2.700000
 38 2.340000
 39 2.150000
 40 2.160000
 41 2.140000
 42 2.130000
 43 2.130000
 44 2.140000
 45 2.140000
 46 2.160000
 47 2.150000
 48 2.150000
 49 2.130000
 50 2.130000
 51 2.150000
 52 2.220000
 53 2.270000
 54 2.220000
 55 2.180000
 56 2.170000
 57 2.190000
 58 2.220000
 59 2.190000
 60 2.210000
 61 2.210000
 62 2.200000
 63 2.180000
 64 2.180000
 65 2.190000
 66 2.200000
 67 2.190000
 68 2.210000
 69 2.220000
 70 2.230000
 71 2.200000
 72 2.240000
 73 2.220000
 74 2.210000
 75 2.220000
 76 2.270000
 77 2.310000
 78 2.240000
 79 2.200000
 80 2.200000
 81 2.170000
 82 2.180000
 83 2.220000
 84 2.230000
 85 2.260000
 86 2.240000
 87 2.230000
 88 2.230000
 89 2.240000
 90 2.240000
 91 2.250000
 92 2.270000
 93 2.280000
 94 2.270000
 95 2.230000
 96 2.240000
 97 2.220000
 98 2.250000
 99 2.250000
 100 2.240000
 101 2.280000
 102 2.280000
 103 2.280000
 104 2.310000
 105 2.320000
 106 2.320000
 107 2.320000
 108 2.290000
 109 2.310000
 110 2.310000
 111 2.310000
 112 2.320000
 113 2.320000
 114 2.350000
 115 2.320000
 116 2.340000
 117 2.330000
 118 2.330000
 119 2.350000
 120 2.480000
 121 2.390000
 122 2.350000
 123 2.320000
 124 2.320000
 125 2.320000
 126 2.360000
 127 2.370000
 128 2.400000
 129 2.400000
 130 2.390000
 131 2.390000
 132 2.420000
 133 2.420000
 134 2.400000
 135 2.420000
 136 2.420000
 137 2.390000
 138 2.370000
 139 2.400000
 140 2.390000
 141 2.420000
 142 2.430000
 143 2.430000
 144 2.450000
 145 2.490000
 146 3.560000
 147 3.580000
 148 3.630000
 149 3.500000
 150 3.630000
 151 3.570000
 152 3.570000
 153 3.560000
 154 3.520000
 155 3.450000
 156 3.410000
 157 3.420000
 158 3.430000
 159 3.410000
 160 3.410000
 161 3.440000
 162 3.450000
 163 3.430000
 164 3.440000
 165 3.460000
 166 3.480000
 167 3.480000
 168 3.520000
 169 3.600000
 170 3.760000
 171 3.720000
 172 3.690000
 173 3.760000
 174 3.770000
 175 3.790000
 176 3.790000
 177 3.830000
 178 3.810000
 179 3.840000
 180 3.860000
 181 3.860000
 182 3.870000
 183 3.890000
 184 3.900000
 185 3.930000
 186 3.930000
 187 3.940000
 188 3.930000
 189 3.940000
 190 3.940000
 191 3.980000
 192 3.980000
 193 4.000000
 194 3.980000
 195 4.010000
 196 4.120000
 197 4.090000
 198 4.060000
 199 4.140000
 200 4.150000
 201 4.190000
 202 4.060000
 203 4.080000
 204 4.110000
 205 4.130000
 206 4.130000
 207 4.160000
 208 4.130000
 209 4.160000
 210 4.210000
 211 4.210000
 212 4.210000
 213 4.230000
 214 4.260000
 215 4.280000
 216 4.300000
 217 4.280000
 218 4.280000
 219 4.330000
 220 4.330000
 221 4.360000
 222 4.360000
 223 4.380000
 224 4.480000
 225 4.410000
 226 4.460000
 227 4.160000
 228 4.160000
 229 4.510000
 230 4.530000
 231 4.530000
 232 4.530000
 233 4.580000
 234 4.610000
 235 4.720000
 236 4.740000
 237 4.760000
 238 4.790000
 239 4.800000
 240 4.710000
 241 4.730000
 242 4.760000
 243 4.780000
 244 4.830000
 245 4.960000
 246 4.930000
 247 4.990000
 248 4.890000
 249 5.010000
 250 4.990000
 251 4.970000
 252 4.960000
 253 4.960000
 254 4.960000
 255 4.940000
 256 4.940000
 257 4.890000
 258 4.910000
 259 4.730000
 260 4.730000
 261 4.680000
 262 4.710000
 263 4.810000
 264 4.790000
 265 4.790000
 266 4.750000
 267 4.700000
 268 4.700000
 269 4.700000
 270 4.670000
 271 4.670000
 272 4.670000
 273 4.650000
 274 4.610000
 275 4.620000
 276 4.600000
 277 4.600000
 278 4.600000
 279 4.600000
 280 4.570000
 281 4.550000
 282 4.540000
 283 4.510000
 284 4.500000
 285 4.500000
 286 4.470000
 287 4.520000
 288 4.490000
 289 4.460000
 290 4.460000
 291 4.440000
 292 4.460000
 293 4.440000
 294 4.440000
 295 4.420000
 296 4.420000
 297 4.430000
 298 4.430000
 299 4.410000
 300 4.380000
 301 4.380000
 302 4.390000
 303 4.410000
 304 4.310000
 305 4.410000
 306 4.390000
 307 4.260000
 308 4.360000
 309 4.390000
 310 4.260000
 311 4.230000
 312 4.230000
 313 4.230000
 314 4.230000
 315 4.210000
 316 4.230000
 317 4.200000
 318 4.230000
 319 4.200000
 320 4.180000
 321 4.210000
 322 4.160000
 323 4.160000
 324 4.180000
 325 4.180000
 326 4.180000
 327 4.180000
 328 4.150000
 329 4.150000
 330 4.160000
 331 4.130000
 332 2.640000
 333 2.530000
 334 2.570000
 335 2.570000
 336 2.540000
 337 2.540000
 338 2.540000
 339 2.220000
 340 2.050000
 341 2.010000
 342 1.990000
 343 1.990000
 344 1.990000
 345 2.020000
 346 2.020000
 347 1.990000
 348 2.020000
 349 1.990000
 350 2.040000
 351 1.500000
 352 1.490000
 353 1.460000
 354 1.430000
 355 1.440000
 356 1.440000
 357 1.440000
 358 1.460000
 359 1.440000
 360 1.470000
 361 1.470000
 362 1.440000
 363 1.440000
 364 1.440000
 365 1.470000
 366 1.530000
 367 2.630000
 368 2.640000
 369 2.640000
 370 2.640000
 371 2.660000
 372 4.990000
 373 4.970000
 374 5.000000
 375 5.000000
 376 5.000000
 377 4.970000
 378 2.210000
 379 2.110000
 380 2.110000
 381 2.080000
 382 2.080000
 383 2.080000
 384 2.120000
 385 2.120000
 386 2.120000
 387 2.120000
 388 2.080000
 389 2.160000
 390 4.960000
 391 4.240000
 392 2.810000
 393 2.780000
 394 2.730000
 395 2.740000
 396 2.740000
 397 2.740000
 398 2.750000
 399 2.740000
 400 2.810000
 401 4.380000
 402 4.510000
 403 1.630000
 404 1.590000
 405 1.590000
 406 1.580000
 407 1.550000
 408 1.560000
 409 1.560000
 410 1.560000
 411 1.570000
 412 1.590000
 413 1.570000
 414 1.570000
 415 1.590000
 416 1.590000
 417 1.610000
 418 1.990000
 419 2.240000
 420 2.240000
 421 2.240000
 422 2.260000
 423 4.170000
 424 3.930000
 425 3.800000
 426 3.770000
 427 3.720000
 428 3.670000
 429 3.620000
 430 3.650000
 431 3.630000
 432 3.630000
 433 3.580000
 434 3.580000
 435 3.580000
 436 3.530000
 437 3.560000
 438 3.510000
 439 3.510000
 440 3.510000
 441 3.480000
 442 3.460000
 443 3.570000
 444 3.550000
 445 1.820000
 446 1.780000
 447 1.760000
 448 1.780000
 449 1.760000
 450 1.730000
 451 1.770000
 452 1.740000
 453 1.770000
 454 1.770000
 455 1.770000
 456 1.790000
 457 1.790000
 458 1.790000
 459 3.410000
 460 3.450000
 461 3.430000
 462 3.430000
 463 3.410000
 464 3.460000
 465 3.490000
 466 3.460000
 467 3.430000
 468 3.360000
 469 3.480000
 470 3.450000
 471 3.460000
 472 3.450000
 473 3.420000
 474 3.460000
 475 3.400000
 476 3.410000
 477 3.410000
 478 3.190000
 479 3.410000
 480 3.210000
 481 3.410000
 482 3.340000
 483 3.340000
 484 3.290000
 485 3.260000
 486 3.250000
 487 3.230000
 488 3.210000
 489 3.200000
 490 3.210000
 491 3.190000
 492 3.180000
 493 3.140000
 494 3.140000
 495 3.140000
 496 3.140000
 497 3.100000
 498 3.090000
 499 3.090000
 500 3.060000
 501 3.060000
 502 3.060000
 503 3.050000
 504 3.040000
 505 3.030000
 506 3.050000
 507 3.000000
 508 3.040000
 509 2.980000
 510 3.030000
 511 3.030000
 512 3.050000
 513 3.020000
 514 3.020000
 515 3.070000
 516 3.060000
 517 3.050000
 518 3.050000
 519 3.060000
 520 3.090000
 521 3.070000
 522 3.080000
 523 3.100000
 524 3.050000
 525 3.040000
 526 3.090000
 527 3.060000
 528 3.060000
 529 3.060000
 530 3.040000
 531 3.010000
 532 3.020000
 533 3.040000
 534 3.020000
 535 3.010000
 536 2.990000
 537 3.000000
 538 3.010000
 539 3.000000
 540 3.030000
 541 3.020000
 542 3.000000
 543 3.020000
 544 3.000000
 545 3.020000
 546 3.020000
 547 3.020000
 548 3.000000
 549 3.020000
 550 3.020000
 551 3.050000
 552 3.020000
 553 3.050000
 554 3.050000
 555 3.040000
 556 3.070000
 557 3.070000
 558 3.050000
 559 3.070000
 560 3.050000
 561 2.030000
 562 2.090000
 563 2.070000
 564 2.100000
 565 1.830000
 566 1.790000
 567 1.810000
 568 1.790000
 569 1.800000
 570 1.830000
 571 1.830000
 572 1.850000
 573 1.830000
 574 1.850000
 575 1.880000
 576 1.850000
 577 1.880000
 578 1.880000
 579 1.880000
 580 1.900000
 581 1.930000
 582 1.930000
 583 1.930000
 584 1.930000
 585 1.950000
 586 1.950000
 587 2.000000
 588 1.980000
 589 2.000000
 590 2.030000
 591 2.030000
 592 2.050000
 593 2.060000
 594 2.060000
 595 2.080000
 596 2.080000
 597 2.110000
 598 2.160000
 599 2.160000
 600 2.180000
 601 2.180000
 602 2.210000
 603 2.210000
 604 2.230000
 605 2.230000
 606 2.230000
 607 2.260000
 608 2.280000
 609 2.250000
 610 2.280000
 611 2.310000
 612 2.330000
 613 2.360000
 614 2.350000
 615 2.340000
 616 2.340000
 617 2.340000
 618 2.330000
 619 2.360000
 620 2.380000
 621 2.380000
 622 2.410000
 623 1.460000
 624 1.450000
 625 1.490000
 626 1.460000
 627 1.480000
 628 1.470000
 629 1.490000
 630 1.490000
 631 1.490000
 632 1.520000
 633 1.520000
 634 1.540000
 635 1.540000
 636 1.570000
 637 1.570000
 638 1.590000
 639 1.590000
 640 1.620000
 641 1.610000
 642 1.640000
 643 1.670000
 644 1.690000
 645 1.690000
 646 1.690000
 647 1.710000
 648 1.710000
 649 1.740000
 650 1.760000
 651 1.760000
 652 1.810000
 653 1.810000
 654 1.840000
 655 1.840000
 656 1.860000
 657 1.890000
 658 1.910000
 659 1.940000
 660 1.940000
 661 1.950000
 662 1.980000
 663 1.990000
 664 3.340000
 665 3.350000
 666 3.330000
 667 3.320000
 668 3.330000
 669 3.330000
 670 3.270000
 671 3.270000
 672 3.250000
 673 3.250000
 674 3.250000
 675 3.220000
 676 3.240000
 677 3.240000
 678 3.200000
 679 3.220000
 680 3.230000
 681 3.210000
 682 3.250000
 683 3.200000
 684 3.210000
 685 3.200000
 686 3.220000
 687 3.260000
 688 3.290000
 689 3.260000
 690 3.290000
 691 3.290000
 692 3.280000
 693 3.280000
 694 3.280000
 695 3.280000
 696 3.300000
 697 3.300000
 698 3.350000
 699 3.330000
 700 3.350000
 701 3.370000
 702 3.370000
 703 3.370000
 704 3.400000
 705 3.400000
 706 3.410000
 707 3.420000
 708 2.940000
 709 2.900000
 710 3.360000
 711 3.470000
 712 3.520000
 713 3.550000
 714 3.540000
 715 3.560000
 716 3.620000
 717 3.610000
 718 3.630000
 719 3.620000
 720 3.690000
 721 3.710000
 722 3.740000
 723 3.740000
 724 3.740000
 725 3.750000
 726 3.740000
 727 3.770000
 728 3.790000
 729 3.790000
 730 3.800000
 731 3.790000
 732 3.810000
 733 3.820000
 734 3.850000
 735 3.840000
 736 3.900000
 737 3.890000
 738 3.910000
 739 3.930000
 740 3.940000
 741 3.470000
 742 3.380000
 743 2.940000
 744 2.940000
 745 1.530000
 746 1.530000
 747 1.570000
 748 1.540000
 749 1.570000
 750 1.570000
 751 1.550000
 752 1.550000
 753 1.550000
 754 1.550000
 755 1.550000
 756 1.540000
 757 1.530000
 758 1.520000
 759 4.030000
 760 4.030000
 0 3.010000
 1 3.120000
 2 3.140000
 3 3.120000
 4 3.010000
 5 3.140000
 6 3.140000
 7 3.030000
 8 3.080000
 9 3.170000
 10 3.030000
 11 3.050000
 12 3.190000
 13 3.140000
 14 3.080000
 15 3.050000
 16 3.060000
 17 3.190000
 18 3.030000
 19 3.140000
 20 3.120000
 21 3.170000
 22 3.140000
 23 3.010000
 24 3.010000
 25 3.030000
 26 3.040000
 27 3.010000
 28 3.010000
 29 3.010000
 30 3.010000
 31 3.120000
 32 3.090000
 33 2.980000
 34 3.120000
 35 3.090000
 36 2.910000
 37 2.720000
 38 2.340000
 39 2.180000
 40 2.160000
 41 2.150000
 42 2.150000
 43 2.130000
 44 2.140000
 45 2.170000
 46 2.130000
 47 2.150000
 48 2.150000
 49 2.150000
 50 2.150000
 51 2.180000
 52 2.220000
 53 2.290000
 54 2.240000
 55 2.180000
 56 2.190000
 57 2.190000
 58 2.190000
 59 2.190000
 60 2.210000
 61 2.210000
 62 2.200000
 63 2.190000
 64 2.210000
 65 2.190000
 66 2.170000
 67 2.180000
 68 2.220000
 69 2.220000
 70 2.230000
 71 2.220000
 72 2.190000
 73 2.220000
 74 2.210000
 75 2.210000
 76 2.240000
 77 2.330000
 78 2.190000
 79 2.170000
 80 2.170000
 81 2.170000
 82 2.180000
 83 2.220000
 84 2.230000
 85 2.230000
 86 2.240000
 87 2.260000
 88 2.230000
 89 2.240000
 90 2.270000
 91 2.270000
 92 2.270000
 93 2.260000
 94 2.240000
 95 2.270000
 96 2.240000
 97 2.220000
 98 2.220000
 99 2.220000
 100 2.240000
 101 2.280000
 102 2.280000
 103 2.280000
 104 2.280000
 105 2.300000
 106 2.300000
 107 2.300000
 108 2.320000
 109 2.310000
 110 2.330000
 111 2.330000
 112 2.320000
 113 2.350000
 114 2.350000
 115 2.320000
 116 2.340000
 117 2.330000
 118 2.330000
 119 2.350000
 120 2.480000
 121 2.390000
 122 2.340000
 123 2.320000
 124 2.320000
 125 2.320000
 126 2.360000
 127 2.370000
 128 2.400000
 129 2.400000
 130 2.390000
 131 2.390000
 132 2.400000
 133 2.390000
 134 2.400000
 135 2.420000
 136 2.420000
 137 2.390000
 138 2.370000
 139 2.390000
 140 2.390000
 141 2.420000
 142 2.440000
 143 2.450000
 144 2.450000
 145 2.460000
 146 3.570000
 147 3.580000
 148 3.630000
 149 3.530000
 150 3.630000
 151 3.590000
 152 3.590000
 153 3.560000
 154 3.510000
 155 3.430000
 156 3.410000
 157 3.420000
 158 3.430000
 159 3.410000
 160 3.430000
 161 3.440000
 162 3.450000
 163 3.450000
 164 3.440000
 165 3.440000
 166 3.430000
 167 3.480000
 168 3.520000
 169 3.600000
 170 3.760000
 171 3.710000
 172 3.710000
 173 3.780000
 174 3.760000
 175 3.790000
 176 3.780000
 177 3.830000
 178 3.840000
 179 3.830000
 180 3.870000
 181 3.870000
 182 3.900000
 183 3.910000
 184 3.900000
 185 3.910000
 186 3.930000
 187 3.930000
 188 3.930000
 189 3.960000
 190 3.930000
 191 3.960000
 192 3.960000
 193 3.990000
 194 3.960000
 195 4.000000
 196 4.090000
 197 4.090000
 198 4.080000
 199 4.140000
 200 4.150000
 201 4.190000
 202 4.060000
 203 4.060000
 204 4.080000
 205 4.130000
 206 4.130000
 207 4.160000
 208 4.160000
 209 4.160000
 210 4.180000
 211 4.160000
 212 4.210000
 213 4.260000
 214 4.260000
 215 4.260000
 216 4.300000
 217 4.300000
 218 4.330000
 219 4.510000
 220 4.330000
 221 4.360000
 222 4.380000
 223 4.410000
 224 4.510000
 225 4.430000
 226 4.430000
 227 4.160000
 228 4.190000
 229 4.480000
 230 4.530000
 231 4.530000
 232 4.530000
 233 4.580000
 234 4.580000
 235 4.710000
 236 4.740000
 237 4.750000
 238 4.790000
 239 4.770000
 240 4.710000
 241 4.730000
 242 4.730000
 243 4.810000
 244 4.810000
 245 4.970000
 246 4.930000
 247 4.990000
 248 4.900000
 249 4.990000
 250 4.990000
 251 4.970000
 252 4.960000
 253 4.960000
 254 4.940000
 255 4.940000
 256 4.940000
 257 4.920000
 258 4.890000
 259 4.760000
 260 4.730000
 261 4.710000
 262 4.710000
 263 4.810000
 264 4.790000
 265 4.750000
 266 4.750000
 267 4.730000
 268 4.700000
 269 4.700000
 270 4.700000
 271 4.670000
 272 4.650000
 273 4.650000
 274 4.610000
 275 4.590000
 276 4.590000
 277 4.600000
 278 4.600000
 279 4.600000
 280 4.570000
 281 4.550000
 282 4.540000
 283 4.510000
 284 4.500000
 285 4.500000
 286 4.500000
 287 4.500000
 288 4.490000
 289 4.460000
 290 4.460000
 291 4.460000
 292 4.440000
 293 4.440000
 294 4.440000
 295 4.420000
 296 4.450000
 297 4.440000
 298 4.400000
 299 4.400000
 300 4.380000
 301 4.380000
 302 4.390000
 303 4.280000
 304 4.310000
 305 4.410000
 306 4.390000
 307 4.280000
 308 4.370000
 309 4.390000
 310 4.230000
 311 4.230000
 312 4.230000
 313 4.230000
 314 4.230000
 315 4.210000
 316 4.210000
 317 4.200000
 318 4.230000
 319 4.200000
 320 4.200000
 321 4.180000
 322 4.160000
 323 4.160000
 324 4.180000
 325 4.180000
 326 4.180000
 327 4.150000
 328 4.180000
 329 4.150000
 330 4.160000
 331 4.160000
 332 4.240000
 333 2.560000
 334 2.570000
 335 2.570000
 336 2.540000
 337 2.570000
 338 2.570000
 339 2.220000
 340 2.050000
 341 1.980000
 342 1.990000
 343 1.990000
 344 2.020000
 345 2.020000
 346 1.990000
 347 2.020000
 348 1.990000
 349 2.020000
 350 2.040000
 351 1.540000
 352 1.490000
 353 1.460000
 354 1.450000
 355 1.440000
 356 1.470000
 357 1.470000
 358 1.430000
 359 1.470000
 360 1.440000
 361 1.470000
 362 1.470000
 363 1.440000
 364 1.440000
 365 1.470000
 366 1.500000
 367 2.630000
 368 2.640000
 369 2.640000
 370 2.640000
 371 2.630000
 372 4.990000
 373 4.990000
 374 5.000000
 375 5.000000
 376 5.000000
 377 4.970000
 378 2.190000
 379 2.110000
 380 2.090000
 381 2.080000
 382 2.080000
 383 2.080000
 384 2.120000
 385 2.120000
 386 2.120000
 387 2.090000
 388 2.120000
 389 2.150000
 390 4.960000
 391 4.240000
 392 2.790000
 393 2.750000
 394 2.730000
 395 2.720000
 396 2.740000
 397 2.740000
 398 2.770000
 399 2.770000
 400 2.810000
 401 4.430000
 402 4.530000
 403 1.610000
 404 1.590000
 405 1.590000
 406 1.580000
 407 1.580000
 408 1.560000
 409 1.530000
 410 1.560000
 411 1.590000
 412 1.570000
 413 1.570000
 414 1.590000
 415 1.590000
 416 1.570000
 417 1.580000
 418 2.190000
 419 2.240000
 420 2.240000
 421 2.240000
 422 2.280000
 423 4.180000
 424 3.960000
 425 3.850000
 426 3.800000
 427 3.770000
 428 3.640000
 429 3.670000
 430 3.650000
 431 3.630000
 432 3.630000
 433 3.570000
 434 3.580000
 435 3.550000
 436 3.550000
 437 3.530000
 438 3.530000
 439 3.510000
 440 3.480000
 441 3.480000
 442 3.480000
 443 3.460000
 444 3.550000
 445 1.840000
 446 1.780000
 447 1.760000
 448 1.780000
 449 1.760000
 450 1.760000
 451 1.740000
 452 1.740000
 453 1.740000
 454 1.740000
 455 1.770000
 456 1.770000
 457 1.770000
 458 1.790000
 459 3.420000
 460 3.450000
 461 3.460000
 462 3.450000
 463 3.460000
 464 3.490000
 465 3.490000
 466 3.490000
 467 3.460000
 468 3.390000
 469 3.460000
 470 3.460000
 471 3.480000
 472 3.490000
 473 3.440000
 474 3.460000
 475 3.440000
 476 3.400000
 477 3.410000
 478 3.210000
 479 3.390000
 480 3.260000
 481 3.410000
 482 3.360000
 483 3.360000
 484 3.310000
 485 3.260000
 486 3.260000
 487 3.260000
 488 3.210000
 489 3.240000
 490 3.240000
 491 3.210000
 492 3.160000
 493 3.130000
 494 3.140000
 495 3.160000
 496 3.130000
 497 3.110000
 498 3.090000
 499 3.090000
 500 3.090000
 501 3.060000
 502 3.050000
 503 3.060000
 504 3.040000
 505 3.060000
 506 3.030000
 507 3.030000
 508 3.030000
 509 3.010000
 510 3.040000
 511 3.020000
 512 3.020000
 513 3.050000
 514 3.030000
 515 3.070000
 516 3.090000
 517 3.040000
 518 3.050000
 519 3.050000
 520 3.060000
 521 3.080000
 522 3.080000
 523 3.070000
 524 3.100000
 525 3.040000
 526 3.060000
 527 3.060000
 528 3.040000
 529 3.060000
 530 3.070000
 531 3.040000
 532 3.030000
 533 3.010000
 534 3.020000
 535 3.010000
 536 3.010000
 537 3.000000
 538 3.010000
 539 3.020000
 540 3.030000
 541 3.020000
 542 3.020000
 543 3.020000
 544 3.000000
 545 3.020000
 546 3.020000
 547 3.020000
 548 3.020000
 549 3.020000
 550 3.020000
 551 3.020000
 552 3.050000
 553 3.050000
 554 3.050000
 555 3.070000
 556 3.070000
 557 3.070000
 558 3.070000
 559 3.070000
 560 3.070000
 561 2.070000
 562 2.090000
 563 2.090000
 564 2.070000
 565 1.800000
 566 1.790000
 567 1.800000
 568 1.820000
 569 1.800000
 570 1.830000
 571 1.800000
 572 1.830000
 573 1.850000
 574 1.830000
 575 1.850000
 576 1.850000
 577 1.880000
 578 1.880000
 579 1.880000
 580 1.900000
 581 1.900000
 582 1.900000
 583 1.930000
 584 1.950000
 585 1.950000
 586 1.980000
 587 1.950000
 588 2.000000
 589 1.980000
 590 2.030000
 591 2.030000
 592 2.030000
 593 2.060000
 594 2.060000
 595 2.080000
 596 2.110000
 597 2.130000
 598 2.130000
 599 2.160000
 600 2.180000
 601 2.180000
 602 2.230000
 603 2.210000
 604 2.220000
 605 2.210000
 606 2.260000
 607 2.260000
 608 2.260000
 609 2.280000
 610 2.250000
 611 2.310000
 612 2.330000
 613 2.360000
 614 2.360000
 615 2.340000
 616 2.340000
 617 2.340000
 618 2.360000
 619 2.330000
 620 2.360000
 621 2.380000
 622 2.410000
 623 1.480000
 624 1.450000
 625 1.490000
 626 1.460000
 627 1.480000
 628 1.470000
 629 1.470000
 630 1.490000
 631 1.490000
 632 1.520000
 633 1.520000
 634 1.540000
 635 1.540000
 636 1.570000
 637 1.570000
 638 1.590000
 639 1.620000
 640 1.610000
 641 1.610000
 642 1.640000
 643 1.640000
 644 1.660000
 645 1.660000
 646 1.690000
 647 1.690000
 648 1.740000
 649 1.740000
 650 1.760000
 651 1.760000
 652 1.810000
 653 1.810000
 654 1.810000
 655 1.840000
 656 1.860000
 657 1.890000
 658 1.910000
 659 1.910000
 660 1.960000
 661 1.950000
 662 1.980000
 663 1.990000
 664 3.370000
 665 3.320000
 666 3.300000
 667 3.320000
 668 3.330000
 669 3.330000
 670 3.300000
 671 3.250000
 672 3.250000
 673 3.220000
 674 3.220000
 675 3.230000
 676 3.230000
 677 3.240000
 678 3.230000
 679 3.200000
 680 3.200000
 681 3.220000
 682 3.200000
 683 3.200000
 684 3.200000
 685 3.200000
 686 3.250000
 687 3.260000
 688 3.290000
 689 3.280000
 690 3.260000
 691 3.290000
 692 3.280000
 693 3.250000
 694 3.290000
 695 3.300000
 696 3.300000
 697 3.320000
 698 3.330000
 699 3.300000
 700 3.350000
 701 3.370000
 702 3.370000
 703 3.370000
 704 3.400000
 705 3.400000
 706 3.410000
 707 3.450000
 708 2.940000
 709 2.900000
 710 3.370000
 711 3.470000
 712 3.510000
 713 3.550000
 714 3.570000
 715 3.560000
 716 3.590000
 717 3.630000
 718 3.630000
 719 3.660000
 720 3.690000
 721 3.710000
 722 3.710000
 723 3.740000
 724 3.740000
 725 3.740000
 726 3.740000
 727 3.770000
 728 3.790000
 729 3.790000
 730 3.790000
 731 3.810000
 732 3.780000
 733 3.800000
 734 3.840000
 735 3.840000
 736 3.900000
 737 3.870000
 738 3.910000
 739 3.940000
 740 3.960000
 741 3.470000
 742 3.380000
 743 2.940000
 744 2.940000
 745 1.530000
 746 1.560000
 747 1.570000
 748 1.570000
 749 1.570000
 750 1.570000
 751 1.550000
 752 1.540000
 753 1.550000
 754 1.550000
 755 1.550000
 756 1.570000
 757 1.530000
 758 1.520000
 759 4.030000
 760 4.060000
 0 2.990000
 1 3.140000
 2 3.140000
 3 3.140000
 4 3.010000
 5 3.140000
 6 3.140000
 7 3.040000
 8 3.060000
 9 3.190000
 10 3.020000
 11 3.070000
 12 3.190000
 13 3.170000
 14 3.060000
 15 3.020000
 16 3.060000
 17 3.190000
 18 3.010000
 19 3.170000
 20 3.120000
 21 3.170000
 22 3.140000
 23 3.010000
 24 3.040000
 25 3.040000
 26 3.020000
 27 2.990000
 28 3.010000
 29 2.990000
 30 2.990000
 31 3.140000
 32 3.090000
 33 2.990000
 34 3.120000
 35 3.090000
 36 2.910000
 37 2.720000
 38 2.340000
 39 2.170000
 40 2.190000
 41 2.140000
 42 2.150000
 43 2.160000
 44 2.120000
 45 2.140000
 46 2.150000
 47 2.130000
 48 2.130000
 49 2.150000
 50 2.150000
 51 2.180000
 52 2.230000
 53 2.290000
 54 2.240000
 55 2.180000
 56 2.170000
 57 2.190000
 58 2.190000
 59 2.190000
 60 2.210000
 61 2.210000
 62 2.200000
 63 2.220000
 64 2.180000
 65 2.170000
 66 2.170000
 67 2.190000
 68 2.220000
 69 2.200000
 70 2.210000
 71 2.230000
 72 2.220000
 73 2.220000
 74 2.220000
 75 2.210000
 76 2.240000
 77 2.330000
 78 2.190000
 79 2.200000
 80 2.200000
 81 2.200000
 82 2.210000
 83 2.240000
 84 2.260000
 85 2.260000
 86 2.240000
 87 2.230000
 88 2.260000
 89 2.240000
 90 2.270000
 91 2.280000
 92 2.250000
 93 2.260000
 94 2.270000
 95 2.230000
 96 2.240000
 97 2.240000
 98 2.230000
 99 2.250000
 100 2.240000
 101 2.310000
 102 2.280000
 103 2.280000
 104 2.280000
 105 2.300000
 106 2.300000
 107 2.300000
 108 2.320000
 109 2.310000
 110 2.310000
 111 2.310000
 112 2.320000
 113 2.330000
 114 2.330000
 115 2.350000
 116 2.320000
 117 2.330000
 118 2.360000
 119 2.350000
 120 2.480000
 121 2.370000
 122 2.340000
 123 2.320000
 124 2.330000
 125 2.340000
 126 2.360000
 127 2.400000
 128 2.400000
 129 2.400000
 130 2.390000
 131 2.390000
 132 2.430000
 133 2.390000
 134 2.400000
 135 2.390000
 136 2.390000
 137 2.390000
 138 2.390000
 139 2.370000
 140 2.390000
 141 2.390000
 142 2.440000
 143 2.430000
 144 2.420000
 145 2.460000
 146 3.590000
 147 3.610000
 148 3.630000
 149 3.530000
 150 3.630000
 151 3.570000
 152 3.560000
 153 3.590000
 154 3.530000
 155 3.430000
 156 3.420000
 157 3.420000
 158 3.440000
 159 3.420000
 160 3.400000
 161 3.440000
 162 3.430000
 163 3.450000
 164 3.440000
 165 3.440000
 166 3.460000
 167 3.460000
 168 3.520000
 169 3.600000
 170 3.760000
 171 3.710000
 172 3.730000
 173 3.750000
 174 3.770000
 175 3.790000
 176 3.780000
 177 3.830000
 178 3.840000
 179 3.860000
 180 3.870000
 181 3.860000
 182 3.900000
 183 3.890000
 184 3.910000
 185 3.930000
 186 3.930000
 187 3.950000
 188 3.930000
 189 3.930000
 190 3.930000
 191 3.980000
 192 4.010000
 193 3.990000
 194 4.030000
 195 4.020000
 196 4.120000
 197 4.090000
 198 4.060000
 199 4.140000
 200 4.120000
 201 4.160000
 202 4.060000
 203 4.090000
 204 4.110000
 205 4.140000
 206 4.140000
 207 4.160000
 208 4.160000
 209 4.160000
 210 4.160000
 211 4.190000
 212 4.210000
 213 4.240000
 214 4.260000
 215 4.290000
 216 4.300000
 217 4.280000
 218 4.300000
 219 4.340000
 220 4.360000
 221 4.360000
 222 4.360000
 223 4.390000
 224 4.510000
 225 4.440000
 226 4.440000
 227 4.140000
 228 4.160000
 229 4.510000
 230 4.500000
 231 4.540000
 232 4.560000
 233 4.590000
 234 4.610000
 235 4.740000
 236 4.750000
 237 4.750000
 238 4.790000
 239 4.770000
 240 4.710000
 241 4.760000
 242 4.760000
 243 4.810000
 244 4.840000
 245 4.970000
 246 4.930000
 247 4.990000
 248 4.870000
 249 5.010000
 250 4.960000
 251 4.990000
 252 4.960000
 253 4.960000
 254 4.940000
 255 4.940000
 256 4.940000
 257 4.920000
 258 4.890000
 259 4.760000
 260 4.740000
 261 4.710000
 262 4.710000
 263 4.790000
 264 4.790000
 265 4.780000
 266 4.750000
 267 4.730000
 268 4.700000
 269 4.700000
 270 4.670000
 271 4.670000
 272 4.650000
 273 4.650000
 274 4.610000
 275 4.620000
 276 4.600000
 277 4.600000
 278 4.600000
 279 4.600000
 280 4.570000
 281 4.570000
 282 4.530000
 283 4.510000
 284 4.490000
 285 4.500000
 286 4.480000
 287 4.490000
 288 4.510000
 289 4.490000
 290 4.460000
 291 4.440000
 292 4.440000
 293 4.440000
 294 4.440000
 295 4.420000
 296 4.430000
 297 4.430000
 298 4.400000
 299 4.390000
 300 4.380000
 301 4.360000
 302 4.410000
 303 4.310000
 304 4.310000
 305 4.390000
 306 4.260000
 307 4.290000
 308 4.390000
 309 4.390000
 310 4.240000
 311 4.240000
 312 4.240000
 313 4.240000
 314 4.240000
 315 4.210000
 316 4.210000
 317 4.200000
 318 4.200000
 319 4.200000
 320 4.200000
 321 4.210000
 322 4.190000
 323 4.160000
 324 4.190000
 325 4.180000
 326 4.180000
 327 4.190000
 328 4.150000
 329 4.130000
 330 4.160000
 331 4.140000
 332 2.620000
 333 2.560000
 334 2.570000
 335 2.540000
 336 2.570000
 337 2.570000
 338 2.540000
 339 2.220000
 340 2.050000
 341 2.010000
 342 2.020000
 343 1.990000
 344 1.990000
 345 2.020000
 346 1.990000
 347 2.020000
 348 2.020000
 349 2.020000
 350 2.040000
 351 1.520000
 352 1.510000
 353 1.460000
 354 1.430000
 355 1.440000
 356 1.440000
 357 1.470000
 358 1.470000
 359 1.440000
 360 1.440000
 361 1.470000
 362 1.440000
 363 1.440000
 364 1.470000
 365 1.470000
 366 1.510000
 367 2.640000
 368 2.640000
 369 2.640000
 370 2.640000
 371 2.630000
 372 4.990000
 373 4.990000
 374 5.000000
 375 4.970000
 376 5.000000
 377 5.030000
 378 2.180000
 379 2.110000
 380 2.110000
 381 2.080000
 382 2.080000
 383 2.080000
 384 2.090000
 385 2.090000
 386 2.080000
 387 2.090000
 388 2.120000
 389 2.160000
 390 4.940000
 391 4.240000
 392 2.790000
 393 2.780000
 394 2.730000
 395 2.740000
 396 2.740000
 397 2.740000
 398 2.740000
 399 2.740000
 400 2.820000
 401 4.390000
 402 4.540000
 403 1.640000
 404 1.620000
 405 1.590000
 406 1.580000
 407 1.550000
 408 1.560000
 409 1.560000
 410 1.560000
 411 1.570000
 412 1.590000
 413 1.590000
 414 1.570000
 415 1.590000
 416 1.590000
 417 1.580000
 418 1.990000
 419 2.240000
 420 2.240000
 421 2.240000
 422 2.260000
 423 4.040000
 424 3.940000
 425 3.830000
 426 3.770000
 427 3.720000
 428 3.670000
 429 3.650000
 430 3.680000
 431 3.630000
 432 3.600000
 433 3.600000
 434 3.580000
 435 3.550000
 436 3.530000
 437 3.540000
 438 3.510000
 439 3.490000
 440 3.510000
 441 3.490000
 442 3.570000
 443 3.550000
 444 3.570000
 445 1.830000
 446 1.780000
 447 1.780000
 448 1.760000
 449 1.760000
 450 1.730000
 451 1.770000
 452 1.740000
 453 1.770000
 454 1.770000
 455 1.770000
 456 1.770000
 457 1.770000
 458 1.790000
 459 3.400000
 460 3.450000
 461 3.430000
 462 3.430000
 463 3.440000
 464 3.490000
 465 3.460000
 466 3.460000
 467 3.460000
 468 3.330000
 469 3.460000
 470 3.490000
 471 3.460000
 472 3.460000
 473 3.460000
 474 3.430000
 475 3.440000
 476 3.400000
 477 3.410000
 478 3.190000
 479 3.390000
 480 3.210000
 481 3.390000
 482 3.360000
 483 3.310000
 484 3.310000
 485 3.260000
 486 3.290000
 487 3.240000
 488 3.210000
 489 3.230000
 490 3.240000
 491 3.210000
 492 3.160000
 493 3.160000
 494 3.140000
 495 3.130000
 496 3.110000
 497 3.090000
 498 3.110000
 499 3.090000
 500 3.060000
 501 3.060000
 502 3.060000
 503 3.060000
 504 3.040000
 505 3.040000
 506 3.020000
 507 3.040000
 508 3.040000
 509 3.010000
 510 3.030000
 511 3.030000
 512 3.050000
 513 3.020000
 514 3.020000
 515 3.070000
 516 3.090000
 517 3.060000
 518 3.060000
 519 3.060000
 520 3.060000
 521 3.080000
 522 3.060000
 523 3.060000
 524 3.110000
 525 3.030000
 526 3.080000
 527 3.060000
 528 3.060000
 529 3.060000
 530 3.050000
 531 3.010000
 532 3.020000
 533 3.040000
 534 3.020000
 535 3.000000
 536 2.990000
 537 3.000000
 538 3.010000
 539 3.000000
 540 3.000000
 541 3.020000
 542 3.000000
 543 3.020000
 544 3.010000
 545 3.020000
 546 3.000000
 547 3.020000
 548 3.020000
 549 3.020000
 550 3.020000
 551 3.050000
 552 3.050000
 553 3.050000
 554 3.050000
 555 3.040000
 556 3.070000
 557 3.070000
 558 3.070000
 559 3.070000
 560 3.070000
 561 2.070000
 562 2.110000
 563 2.070000
 564 2.070000
 565 1.800000
 566 1.840000
 567 1.810000
 568 1.790000
 569 1.800000
 570 1.830000
 571 1.850000
 572 1.830000
 573 1.850000
 574 1.850000
 575 1.850000
 576 1.880000
 577 1.880000
 578 1.880000
 579 1.880000
 580 1.900000
 581 1.900000
 582 1.900000
 583 1.930000
 584 1.930000
 585 1.980000
 586 1.950000
 587 1.950000
 588 2.010000
 589 2.000000
 590 2.000000
 591 2.030000
 592 2.030000
 593 2.060000
 594 2.060000
 595 2.080000
 596 2.110000
 597 2.110000
 598 2.130000
 599 2.130000
 600 2.180000
 601 2.180000
 602 2.210000
 603 2.230000
 604 2.230000
 605 2.230000
 606 2.230000
 607 2.260000
 608 2.260000
 609 2.250000
 610 2.280000
 611 2.310000
 612 2.330000
 613 2.360000
 614 2.360000
 615 2.340000
 616 2.340000
 617 2.340000
 618 2.360000
 619 2.360000
 620 2.390000
 621 2.390000
 622 2.440000
 623 1.460000
 624 1.460000
 625 1.460000
 626 1.470000
 627 1.470000
 628 1.470000
 629 1.470000
 630 1.490000
 631 1.490000
 632 1.520000
 633 1.520000
 634 1.540000
 635 1.540000
 636 1.570000
 637 1.560000
 638 1.590000
 639 1.620000
 640 1.620000
 641 1.610000
 642 1.640000
 643 1.660000
 644 1.660000
 645 1.660000
 646 1.690000
 647 1.710000
 648 1.710000
 649 1.740000
 650 1.760000
 651 1.760000
 652 1.790000
 653 1.790000
 654 1.840000
 655 1.860000
 656 1.860000
 657 1.890000
 658 1.890000
 659 1.910000
 660 1.940000
 661 1.980000
 662 1.980000
 663 2.010000
 664 3.370000
 665 3.350000
 666 3.320000
 667 3.320000
 668 3.320000
 669 3.320000
 670 3.310000
 671 3.280000
 672 3.250000
 673 3.230000
 674 3.230000
 675 3.230000
 676 3.230000
 677 3.230000
 678 3.230000
 679 3.220000
 680 3.220000
 681 3.200000
 682 3.220000
 683 3.200000
 684 3.220000
 685 3.200000
 686 3.230000
 687 3.260000
 688 3.260000
 689 3.290000
 690 3.290000
 691 3.260000
 692 3.290000
 693 3.260000
 694 3.270000
 695 3.310000
 696 3.300000
 697 3.320000
 698 3.350000
 699 3.320000
 700 3.350000
 701 3.370000
 702 3.370000
 703 3.370000
 704 3.400000
 705 3.390000
 706 3.390000
 707 3.420000
 708 2.920000
 709 2.930000
 710 3.360000
 711 3.470000
 712 3.520000
 713 3.550000
 714 3.590000
 715 3.580000
 716 3.620000
 717 3.640000
 718 3.670000
 719 3.650000
 720 3.690000
 721 3.700000
 722 3.720000
 723 3.720000
 724 3.720000
 725 3.770000
 726 3.720000
 727 3.770000
 728 3.770000
 729 3.800000
 730 3.770000
 731 3.780000
 732 3.790000
 733 3.820000
 734 3.840000
 735 3.850000
 736 3.900000
 737 3.870000
 738 3.920000
 739 3.930000
 740 3.970000
 741 3.470000
 742 3.390000
 743 2.940000
 744 2.940000
 745 1.520000
 746 1.540000
 747 1.570000
 748 1.570000
 749 1.570000
 750 1.540000
 751 1.550000
 752 1.580000
 753 1.550000
 754 1.580000
 755 1.550000
 756 1.540000
 757 1.530000
 758 1.540000
 759 4.030000
 760 4.040000