
 0 2.650000
 1 2.680000
 2 2.660000
 3 2.650000
 4 2.630000
 5 2.600000
 6 2.610000
 7 2.610000
 8 2.600000
 9 2.650000
 10 2.630000
 11 1.790000
 12 1.770000
 13 1.780000
 14 1.790000
 15 1.790000
 16 1.780000
 17 1.770000
 18 1.760000
 19 1.770000
 20 1.740000
 21 1.730000
 22 1.730000
 23 1.760000
 24 1.780000
 25 1.780000
 26 1.770000
 27 1.760000
 28 1.780000
 29 3.480000
 30 3.600000
 31 3.600000
 32 3.630000
 33 3.580000
 34 3.600000
 35 2.380000
 36 2.350000
 37 2.340000
 38 2.330000
 39 2.380000
 40 2.380000
 41 2.450000
 42 3.570000
 43 3.570000
 44 3.580000
 45 3.630000
 46 3.600000
 47 3.530000
 48 3.550000
 49 3.550000
 50 3.620000
 51 3.550000
 52 3.510000
 53 3.500000
 54 3.410000
 55 3.460000
 56 3.460000
 57 3.430000
 58 3.420000
 59 3.420000
 60 3.440000
 61 3.490000
 62 3.410000
 63 3.530000
 64 3.430000
 65 3.430000
 66 3.470000
 67 3.570000
 68 3.460000
 69 3.600000
 70 3.600000
 71 3.580000
 72 3.480000
 73 3.460000
 74 3.600000
 75 3.600000
 76 3.600000
 77 3.480000
 78 3.460000
 79 3.570000
 80 3.570000
 81 3.600000
 82 3.470000
 83 3.460000
 84 3.480000
 85 3.600000
 86 3.560000
 87 3.540000
 88 3.500000
 89 3.510000
 90 4.590000
 91 4.770000
 92 4.160000
 93 4.190000
 94 4.750000
 95 4.780000
 96 4.780000
 97 4.780000
 98 4.780000
 99 4.780000
 100 4.800000
 101 4.780000
 102 4.800000
 103 4.800000
 104 4.800000
 105 4.800000
 106 4.800000
 107 4.820000
 108 4.820000
 109 4.820000
 110 4.820000
 111 4.820000
 112 4.850000
 113 4.830000
 114 4.660000
 115 4.850000
 116 4.850000
 117 4.180000
 118 4.200000
 119 4.860000
 120 4.870000
 121 4.870000
 122 4.630000
 123 4.630000
 124 4.660000
 125 4.700000
 126 4.900000
 127 4.920000
 128 4.920000
 129 4.950000
 130 4.950000
 131 4.950000
 132 4.050000
 133 4.030000
 134 4.030000
 135 4.060000
 136 4.070000
 137 4.960000
 138 4.980000
 139 4.990000
 140 5.010000
 141 4.980000
 142 5.010000
 143 5.010000
 144 5.020000
 145 5.020000
 146 5.050000
 147 5.070000
 148 5.050000
 149 5.050000
 150 5.080000
 151 5.100000
 152 5.100000
 153 5.100000
 154 5.130000
 155 5.130000
 156 5.150000
 157 5.150000
 158 5.150000
 159 5.170000
 160 5.170000
 161 5.170000
 162 5.200000
 163 5.200000
 164 5.200000
 165 4.800000
 166 4.640000
 167 4.570000
 168 4.510000
 169 4.500000
 170 4.520000
 171 4.530000
 172 4.520000
 173 4.520000
 174 4.580000
 175 4.620000
 176 4.600000
 177 4.630000
 178 4.080000
 179 4.070000
 180 4.080000
 181 4.100000
 182 4.120000
 183 4.130000
 184 4.000000
 185 3.760000
 186 4.130000
 187 4.170000
 188 3.830000
 189 3.830000
 190 3.830000
 191 3.920000
 192 4.460000
 193 2.130000
 194 2.160000
 195 3.710000
 196 1.940000
 197 1.940000
 198 1.920000
 199 1.940000
 200 1.910000
 201 1.910000
 202 1.950000
 203 1.910000
 204 1.920000
 205 1.910000
 206 1.900000
 207 1.910000
 208 1.890000
 209 1.900000
 210 1.890000
 211 1.900000
 212 1.900000
 213 1.900000
 214 1.900000
 215 1.890000
 216 1.890000
 217 1.860000
 218 1.850000
 219 1.860000
 220 1.840000
 221 1.830000
 222 1.820000
 223 1.820000
 224 1.840000
 225 1.820000
 226 1.810000
 227 1.830000
 228 1.810000
 229 1.810000
 230 1.800000
 231 1.820000
 232 1.800000
 233 1.780000
 234 1.810000
 235 1.810000
 236 1.780000
 237 1.760000
 238 1.790000
 239 1.790000
 240 1.760000
 241 1.760000
 242 1.760000
 243 1.760000
 244 1.770000
 245 1.780000
 246 1.780000
 247 1.800000
 248 1.800000
 249 1.860000
 250 4.370000
 251 4.350000
 252 4.350000
 253 4.320000
 254 4.330000
 255 4.100000
 256 4.060000
 257 4.040000
 258 4.060000
 259 4.270000
 260 4.250000
 261 4.230000
 262 4.230000
 263 4.230000
 264 4.220000
 265 2.280000
 266 2.300000
 267 2.290000
 268 2.300000
 269 2.260000
 270 2.260000
 271 2.260000
 272 2.280000
 273 2.300000
 274 2.320000
 275 2.330000
 276 4.100000
 277 4.070000
 278 4.090000
 279 1.630000
 280 1.640000
 281 1.640000
 282 1.640000
 283 1.610000
 284 1.640000
 285 1.610000
 286 1.610000
 287 1.610000
 288 1.610000
 289 1.610000
 290 1.630000
 291 1.680000
 292 1.680000
 293 3.070000
 294 3.040000
 295 3.070000
 296 3.110000
 297 3.120000
 298 3.100000
 299 2.160000
 300 2.160000
 301 2.160000
 302 2.190000
 303 2.160000
 304 2.160000
 305 2.160000
 306 2.160000
 307 2.150000
 308 2.210000
 309 2.260000
 310 3.010000
 311 3.030000
 312 2.750000
 313 2.710000
 314 2.710000
 315 2.710000
 316 2.710000
 317 2.690000
 318 2.710000
 319 2.770000
 320 2.930000
 321 3.010000
 322 3.010000
 323 2.980000
 324 2.970000
 325 2.970000
 326 3.040000
 327 3.020000
 328 1.570000
 329 1.550000
 330 1.560000
 331 1.560000
 332 1.540000
 333 1.560000
 334 1.540000
 335 1.540000
 336 1.530000
 337 1.540000
 338 1.530000
 339 1.550000
 340 1.550000
 341 1.550000
 342 1.570000
 343 1.570000
 344 1.990000
 345 2.090000
 346 2.110000
 347 2.250000
 348 2.690000
 349 2.670000
 350 2.660000
 351 2.270000
 352 2.190000
 353 2.190000
 354 2.220000
 355 2.170000
 356 2.170000
 357 2.150000
 358 2.150000
 359 2.150000
 360 2.120000
 361 2.120000
 362 2.120000
 363 2.120000
 364 2.100000
 365 2.100000
 366 2.070000
 367 2.070000
 368 2.070000
 369 2.050000
 370 2.050000
 371 2.020000
 372 2.020000
 373 2.050000
 374 2.020000
 375 2.020000
 376 2.030000
 377 2.000000
 378 1.970000
 379 1.970000
 380 1.970000
 381 1.970000
 382 1.970000
 383 1.950000
 384 1.950000
 385 1.950000
 386 1.950000
 387 1.930000
 388 1.930000
 389 1.900000
 390 1.930000
 391 1.900000
 392 1.880000
 393 1.900000
 394 1.880000
 395 1.880000
 396 1.880000
 397 1.880000
 398 1.880000
 399 1.850000
 400 1.850000
 401 1.850000
 402 1.850000
 403 1.850000
 404 1.840000
 405 1.830000
 406 1.830000
 407 1.830000
 408 1.810000
 409 1.810000
 410 1.800000
 411 1.810000
 412 1.800000
 413 1.780000
 414 1.780000
 415 1.800000
 416 1.850000
 417 3.680000
 418 3.610000
 419 3.610000
 420 3.640000
 421 3.640000
 422 3.640000
 423 3.660000
 424 3.640000
 425 3.660000
 426 3.660000
 427 3.660000
 428 3.690000
 429 3.690000
 430 3.690000
 431 3.690000
 432 3.710000
 433 3.710000
 434 3.710000
 435 3.710000
 436 3.710000
 437 3.740000
 438 3.740000
 439 3.730000
 440 3.700000
 441 3.690000
 442 3.610000
 443 3.220000
 444 3.160000
 445 3.170000
 446 3.460000
 447 3.430000
 448 3.400000
 449 3.390000
 450 3.350000
 451 3.300000
 452 3.010000
 453 3.020000
 454 2.980000
 455 2.950000
 456 2.980000
 457 2.930000
 458 2.890000
 459 2.880000
 460 2.920000
 461 3.060000
 462 3.100000
 463 3.090000
 464 3.040000
 465 2.970000
 466 3.010000
 467 3.010000
 468 2.970000
 469 2.990000
 470 2.940000
 471 2.940000
 472 2.960000
 473 2.950000
 474 2.970000
 475 3.000000
 476 2.980000
 477 2.870000
 478 2.980000
 479 2.960000
 480 2.750000
 481 2.610000
 482 2.660000
 483 2.530000
 484 2.590000
 485 2.560000
 486 2.480000
 487 2.510000
 488 2.480000
 489 2.490000
 490 2.400000
 491 2.310000
 492 2.260000
 493 2.240000
 494 2.180000
 495 2.200000
 496 2.130000
 497 2.230000
 498 2.170000
 499 2.140000
 500 2.120000
 501 2.160000
 502 2.080000
 503 2.020000
 504 2.050000
 505 2.060000
 506 2.020000
 507 2.030000
 508 2.030000
 509 2.030000
 510 2.010000
 511 2.030000
 512 2.010000
 513 1.960000
 514 2.030000
 515 2.010000
 516 1.940000
 517 1.930000
 518 1.900000
 519 1.880000
 520 1.880000
 521 1.880000
 522 1.870000
 523 1.880000
 524 1.880000
 525 1.870000
 526 1.850000
 527 1.820000
 528 1.820000
 529 1.770000
 530 1.800000
 531 1.780000
 532 1.760000
 533 1.680000
 534 1.670000
 535 1.760000
 536 1.680000
 537 1.750000
 538 1.750000
 539 1.750000
 540 1.720000
 541 1.710000
 542 1.690000
 543 1.660000
 544 1.630000
 545 1.630000
 546 1.580000
 547 1.580000
 548 1.550000
 549 1.610000
 550 1.590000
 551 1.470000
 552 1.560000
 553 1.430000
 554 1.430000
 555 1.570000
 556 1.430000
 557 1.500000
 558 1.410000
 559 1.440000
 560 1.410000
 561 1.460000
 562 1.460000
 563 1.460000
 564 1.450000
 565 1.440000
 566 1.440000
 567 1.440000
 568 1.360000
 569 1.350000
 570 1.390000
 571 1.420000
 572 1.390000
 573 1.440000
 574 1.440000
 575 1.390000
 576 1.410000
 577 1.410000
 578 1.390000
 579 1.420000
 580 1.410000
 581 1.360000
 582 1.390000
 583 1.400000
 584 1.340000
 585 1.360000
 586 1.400000
 587 1.400000
 588 1.400000
 589 1.280000
 590 1.340000
 591 1.340000
 592 1.340000
 593 1.360000
 594 2.270000
 595 1.280000
 596 1.260000
 597 1.310000
 598 1.360000
 599 1.320000
 600 1.320000
 601 1.260000
 602 1.220000
 603 1.230000
 604 1.270000
 605 1.220000
 606 2.460000
 607 2.460000
 608 2.480000
 609 5.690000
 610 6.520000
 611 2.820000
 612 2.860000
 613 6.460000
 614 6.460000
 615 6.500000
 616 6.540000
 617 6.600000
 618 6.640000
 619 6.710000
 620 6.220000
 621 6.780000
 622 6.770000
 623 6.580000
 624 5.460000
 625 0.840000
 626 0.830000
 627 0.810000
 628 0.800000
 629 0.810000
 630 0.830000
 631 0.790000
 632 0.800000
 633 0.790000
 634 0.790000
 635 0.820000
 636 0.850000
 637 0.850000
 638 0.820000
 639 0.850000
 640 0.850000
 641 0.850000
 642 0.820000
 643 0.850000
 644 0.850000
 645 0.870000
 646 0.850000
 647 0.870000
 648 0.870000
 649 0.870000
 650 0.870000
 651 0.870000
 652 0.870000
 653 0.900000
 654 0.900000
 655 0.900000
 656 0.920000
 657 0.920000
 658 0.920000
 659 0.920000
 660 0.920000
 661 0.920000
 662 0.950000
 663 0.950000
 664 0.950000
 665 0.950000
 666 0.950000
 667 0.950000
 668 0.480000
 669 0.460000
 670 0.170000
 671 0.200000
 672 0.180000
 673 0.190000
 674 0.200000
 675 0.190000
 676 0.190000
 677 0.210000
 678 0.200000
 679 0.190000
 680 0.200000
 681 0.190000
 682 0.190000
 683 0.190000
 684 0.190000
 685 0.190000
 686 0.190000
 687 0.200000
 688 0.200000
 689 0.200000
 690 0.200000
 691 0.200000
 692 0.200000
 693 0.200000
 694 0.200000
 695 0.200000
 696 0.200000
 697 0.200000
 698 0.180000
 699 0.200000
 700 0.200000
 701 0.180000
 702 0.200000
 703 0.200000
 704 0.190000
 705 0.190000
 706 0.210000
 707 0.190000
 708 0.190000
 709 0.180000
 710 0.210000
 711 0.200000
 712 0.190000
 713 0.210000
 714 0.190000
 715 0.190000
 716 0.190000
 717 0.210000
 718 0.190000
 719 0.190000
 720 0.190000
 721 0.190000
 722 0.190000
 723 0.210000
 724 0.190000
 725 0.190000
 726 0.190000
 727 0.190000
 728 0.190000
 729 0.210000
 730 0.190000
 731 0.210000
 732 0.190000
 733 0.210000
 734 0.190000
 735 0.190000
 736 0.210000
 737 0.190000
 738 0.190000
 739 0.190000
 740 0.190000
 741 0.190000
 742 0.210000
 743 0.210000
 744 0.210000
 745 0.190000
 746 0.190000
 747 0.190000
 748 0.190000
 749 0.190000
 750 0.210000
 751 0.190000
 752 0.190000
 753 0.210000
 754 0.190000
 755 0.200000
 756 0.170000
 757 0.190000
 758 0.190000
 759 0.190000
 760 0.190000
 0 2.650000
 1 2.650000
 2 2.660000
 3 2.650000
 4 2.630000
 5 2.600000
 6 2.610000
 7 2.610000
 8 2.610000
 9 2.630000
 10 2.610000
 11 1.790000
 12 1.770000
 13 1.810000
 14 1.790000
 15 1.760000
 16 1.780000
 17 1.770000
 18 1.760000
 19 1.780000
 20 1.760000
 21 1.760000
 22 1.730000
 23 1.770000
 24 1.780000
 25 1.810000
 26 1.770000
 27 1.780000
 28 1.780000
 29 3.480000
 30 3.610000
 31 3.630000
 32 3.610000
 33 3.580000
 34 3.600000
 35 2.380000
 36 2.360000
 37 2.330000
 38 2.330000
 39 2.370000
 40 2.390000
 41 2.450000
 42 3.600000
 43 3.570000
 44 3.580000
 45 3.630000
 46 3.600000
 47 3.530000
 48 3.550000
 49 3.520000
 50 3.600000
 51 3.550000
 52 3.510000
 53 3.510000
 54 3.380000
 55 3.430000
 56 3.400000
 57 3.410000
 58 3.430000
 59 3.420000
 60 3.430000
 61 3.490000
 62 3.490000
 63 3.500000
 64 3.430000
 65 3.430000
 66 3.440000
 67 3.570000
 68 3.460000
 69 3.610000
 70 3.610000
 71 3.610000
 72 3.480000
 73 3.610000
 74 3.630000
 75 3.600000
 76 3.620000
 77 3.510000
 78 3.460000
 79 3.600000
 80 3.570000
 81 3.600000
 82 3.480000
 83 3.460000
 84 3.460000
 85 3.590000
 86 3.570000
 87 3.520000
 88 3.500000
 89 3.510000
 90 4.600000
 91 4.750000
 92 4.130000
 93 4.190000
 94 4.780000
 95 4.760000
 96 4.780000
 97 4.780000
 98 4.810000
 99 4.810000
 100 4.780000
 101 4.810000
 102 4.810000
 103 4.810000
 104 4.830000
 105 4.820000
 106 4.810000
 107 4.800000
 108 4.800000
 109 4.820000
 110 4.820000
 111 4.820000
 112 4.850000
 113 4.830000
 114 4.660000
 115 4.850000
 116 4.850000
 117 4.180000
 118 4.200000
 119 4.870000
 120 4.870000
 121 4.870000
 122 4.620000
 123 4.640000
 124 4.660000
 125 4.700000
 126 4.900000
 127 4.900000
 128 4.920000
 129 4.920000
 130 4.920000
 131 4.950000
 132 4.080000
 133 4.030000
 134 4.030000
 135 4.060000
 136 4.080000
 137 4.960000
 138 4.980000
 139 4.990000
 140 5.020000
 141 5.010000
 142 5.020000
 143 5.020000
 144 5.050000
 145 5.050000
 146 5.050000
 147 5.050000
 148 5.080000
 149 5.060000
 150 5.080000
 151 5.070000
 152 5.110000
 153 5.110000
 154 5.110000
 155 5.130000
 156 5.130000
 157 5.150000
 158 5.170000
 159 5.170000
 160 5.170000
 161 5.170000
 162 5.200000
 163 5.200000
 164 5.200000
 165 4.810000
 166 4.640000
 167 4.560000
 168 4.500000
 169 4.500000
 170 4.500000
 171 4.510000
 172 4.530000
 173 4.520000
 174 4.590000
 175 4.630000
 176 4.600000
 177 4.640000
 178 4.100000
 179 4.060000
 180 4.060000
 181 4.080000
 182 4.100000
 183 4.130000
 184 4.030000
 185 3.790000
 186 4.130000
 187 4.160000
 188 3.790000
 189 3.800000
 190 3.830000
 191 3.990000
 192 4.440000
 193 2.130000
 194 2.140000
 195 3.710000
 196 1.970000
 197 1.940000
 198 1.950000
 199 1.940000
 200 1.940000
 201 1.940000
 202 1.950000
 203 1.910000
 204 1.920000
 205 1.910000
 206 1.910000
 207 1.910000
 208 1.890000
 209 1.920000
 210 1.890000
 211 1.860000
 212 1.900000
 213 1.860000
 214 1.870000
 215 1.890000
 216 1.860000
 217 1.880000
 218 1.850000
 219 1.860000
 220 1.840000
 221 1.850000
 222 1.830000
 223 1.830000
 224 1.830000
 225 1.830000
 226 1.810000
 227 1.810000
 228 1.810000
 229 1.810000
 230 1.830000
 231 1.800000
 232 1.800000
 233 1.800000
 234 1.810000
 235 1.810000
 236 1.780000
 237 1.810000
 238 1.790000
 239 1.790000
 240 1.760000
 241 1.760000
 242 1.760000
 243 1.790000
 244 1.770000
 245 1.780000
 246 1.780000
 247 1.810000
 248 1.820000
 249 1.860000
 250 4.370000
 251 4.350000
 252 4.350000
 253 4.330000
 254 4.330000
 255 4.110000
 256 4.040000
 257 4.040000
 258 4.090000
 259 4.270000
 260 4.260000
 261 4.260000
 262 4.260000
 263 4.230000
 264 4.230000
 265 2.280000
 266 2.300000
 267 2.300000
 268 2.270000
 269 2.260000
 270 2.260000
 271 2.260000
 272 2.260000
 273 2.310000
 274 2.320000
 275 2.310000
 276 4.110000
 277 4.100000
 278 4.090000
 279 1.630000
 280 1.610000
 281 1.640000
 282 1.610000
 283 1.610000
 284 1.610000
 285 1.610000
 286 1.610000
 287 1.610000
 288 1.610000
 289 1.640000
 290 1.630000
 291 1.660000
 292 1.710000
 293 3.040000
 294 3.040000
 295 3.040000
 296 3.110000
 297 3.120000
 298 3.120000
 299 2.160000
 300 2.190000
 301 2.160000
 302 2.160000
 303 2.160000
 304 2.140000
 305 2.140000
 306 2.160000
 307 2.160000
 308 2.180000
 309 2.260000
 310 3.010000
 311 3.010000
 312 2.760000
 313 2.710000
 314 2.710000
 315 2.710000
 316 2.710000
 317 2.710000
 318 2.710000
 319 2.750000
 320 2.910000
 321 2.960000
 322 3.010000
 323 2.980000
 324 3.000000
 325 2.990000
 326 3.040000
 327 3.030000
 328 1.580000
 329 1.560000
 330 1.560000
 331 1.560000
 332 1.560000
 333 1.540000
 334 1.560000
 335 1.540000
 336 1.560000
 337 1.540000
 338 1.560000
 339 1.550000
 340 1.560000
 341 1.570000
 342 1.570000
 343 1.600000
 344 1.990000
 345 2.110000
 346 2.090000
 347 2.260000
 348 2.690000
 349 2.670000
 350 2.690000
 351 2.240000
 352 2.210000
 353 2.190000
 354 2.200000
 355 2.170000
 356 2.150000
 357 2.170000
 358 2.170000
 359 2.150000
 360 2.150000
 361 2.120000
 362 2.120000
 363 2.100000
 364 2.120000
 365 2.100000
 366 2.070000
 367 2.050000
 368 2.070000
 369 2.050000
 370 2.050000
 371 2.050000
 372 2.050000
 373 2.050000
 374 2.020000
 375 2.000000
 376 2.000000
 377 2.000000
 378 1.980000
 379 2.000000
 380 1.970000
 381 1.980000
 382 1.970000
 383 1.950000
 384 1.950000
 385 1.950000
 386 1.950000
 387 1.920000
 388 1.930000
 389 1.930000
 390 1.900000
 391 1.900000
 392 1.900000
 393 1.900000
 394 1.880000
 395 1.880000
 396 1.880000
 397 1.850000
 398 1.880000
 399 1.850000
 400 1.850000
 401 1.850000
 402 1.830000
 403 1.830000
 404 1.800000
 405 1.830000
 406 1.800000
 407 1.830000
 408 1.840000
 409 1.830000
 410 1.800000
 411 1.810000
 412 1.790000
 413 1.790000
 414 1.780000
 415 1.770000
 416 1.860000
 417 3.660000
 418 3.610000
 419 3.610000
 420 3.610000
 421 3.610000
 422 3.640000
 423 3.640000
 424 3.660000
 425 3.660000
 426 3.660000
 427 3.660000
 428 3.660000
 429 3.660000
 430 3.690000
 431 3.690000
 432 3.690000
 433 3.710000
 434 3.710000
 435 3.710000
 436 3.740000
 437 3.710000
 438 3.740000
 439 3.730000
 440 3.700000
 441 3.690000
 442 3.630000
 443 3.230000
 444 3.160000
 445 3.170000
 446 3.470000
 447 3.460000
 448 3.430000
 449 3.390000
 450 3.340000
 451 3.330000
 452 3.020000
 453 3.020000
 454 2.960000
 455 2.950000
 456 2.960000
 457 2.940000
 458 2.910000
 459 2.890000
 460 2.890000
 461 3.080000
 462 3.070000
 463 3.100000
 464 3.070000
 465 2.950000
 466 3.010000
 467 3.010000
 468 3.000000
 469 2.990000
 470 2.920000
 471 2.940000
 472 2.960000
 473 2.950000
 474 2.990000
 475 2.980000
 476 3.010000
 477 2.870000
 478 3.010000
 479 2.960000
 480 2.770000
 481 2.610000
 482 2.670000
 483 2.560000
 484 2.590000
 485 2.540000
 486 2.510000
 487 2.500000
 488 2.460000
 489 2.470000
 490 2.400000
 491 2.310000
 492 2.260000
 493 2.250000
 494 2.180000
 495 2.190000
 496 2.160000
 497 2.210000
 498 2.160000
 499 2.140000
 500 2.120000
 501 2.140000
 502 2.080000
 503 2.050000
 504 2.080000
 505 2.060000
 506 2.020000
 507 2.030000
 508 2.010000
 509 2.010000
 510 1.980000
 511 2.030000
 512 2.010000
 513 2.080000
 514 2.030000
 515 2.020000
 516 1.940000
 517 1.930000
 518 1.930000
 519 1.900000
 520 1.900000
 521 1.850000
 522 1.840000
 523 1.870000
 524 1.890000
 525 1.870000
 526 1.850000
 527 1.830000
 528 1.840000
 529 1.800000
 530 1.800000
 531 1.810000
 532 1.780000
 533 1.680000
 534 1.650000
 535 1.770000
 536 1.680000
 537 1.750000
 538 1.770000
 539 1.770000
 540 1.720000
 541 1.720000
 542 1.690000
 543 1.670000
 544 1.630000
 545 1.660000
 546 1.590000
 547 1.590000
 548 1.570000
 549 1.580000
 550 1.590000
 551 1.440000
 552 1.570000
 553 1.480000
 554 1.570000
 555 1.550000
 556 1.430000
 557 1.510000
 558 1.460000
 559 1.440000
 560 1.380000
 561 1.490000
 562 1.470000
 563 1.440000
 564 1.500000
 565 1.440000
 566 1.450000
 567 1.420000
 568 1.330000
 569 1.360000
 570 1.360000
 571 1.400000
 572 1.390000
 573 1.440000
 574 1.440000
 575 1.390000
 576 1.390000
 577 1.390000
 578 1.370000
 579 1.420000
 580 1.420000
 581 1.370000
 582 1.390000
 583 1.400000
 584 1.370000
 585 1.390000
 586 1.400000
 587 1.400000
 588 1.400000
 589 1.280000
 590 1.340000
 591 1.370000
 592 1.370000
 593 1.370000
 594 2.270000
 595 1.260000
 596 1.280000
 597 1.310000
 598 1.260000
 599 1.330000
 600 1.320000
 601 1.260000
 602 1.220000
 603 1.200000
 604 1.270000
 605 1.230000
 606 2.460000
 607 2.490000
 608 2.490000
 609 5.720000
 610 6.530000
 611 2.830000
 612 2.860000
 613 6.480000
 614 6.450000
 615 6.500000
 616 6.540000
 617 6.630000
 618 6.670000
 619 6.710000
 620 6.240000
 621 6.760000
 622 6.750000
 623 6.590000
 624 5.460000
 625 0.840000
 626 0.810000
 627 0.810000
 628 0.830000
 629 0.820000
 630 0.780000
 631 0.790000
 632 0.830000
 633 0.790000
 634 0.800000
 635 0.800000
 636 0.850000
 637 0.850000
 638 0.820000
 639 0.820000
 640 0.820000
 641 0.820000
 642 0.850000
 643 0.850000
 644 0.850000
 645 0.850000
 646 0.870000
 647 0.870000
 648 0.870000
 649 0.900000
 650 0.900000
 651 0.870000
 652 0.900000
 653 0.900000
 654 0.920000
 655 0.920000
 656 0.900000
 657 0.920000
 658 0.920000
 659 0.950000
 660 0.920000
 661 0.920000
 662 0.950000
 663 0.920000
 664 0.950000
 665 0.950000
 666 0.950000
 667 0.950000
 668 0.650000
 669 0.370000
 670 0.230000
 671 0.180000
 672 0.160000
 673 0.190000
 674 0.210000
 675 0.170000
 676 0.190000
 677 0.190000
 678 0.220000
 679 0.190000
 680 0.180000
 681 0.210000
 682 0.190000
 683 0.190000
 684 0.190000
 685 0.190000
 686 0.190000
 687 0.170000
 688 0.170000
 689 0.170000
 690 0.200000
 691 0.200000
 692 0.170000
 693 0.200000
 694 0.200000
 695 0.200000
 696 0.200000
 697 0.200000
 698 0.200000
 699 0.200000
 700 0.180000
 701 0.200000
 702 0.180000
 703 0.180000
 704 0.190000
 705 0.190000
 706 0.210000
 707 0.190000
 708 0.210000
 709 0.180000
 710 0.210000
 711 0.210000
 712 0.190000
 713 0.190000
 714 0.210000
 715 0.210000
 716 0.210000
 717 0.190000
 718 0.190000
 719 0.190000
 720 0.190000
 721 0.190000
 722 0.190000
 723 0.190000
 724 0.210000
 725 0.190000
 726 0.190000
 727 0.190000
 728 0.190000
 729 0.190000
 730 0.210000
 731 0.210000
 732 0.210000
 733 0.190000
 734 0.210000
 735 0.190000
 736 0.190000
 737 0.190000
 738 0.190000
 739 0.190000
 740 0.210000
 741 0.190000
 742 0.190000
 743 0.190000
 744 0.190000
 745 0.190000
 746 0.190000
 747 0.190000
 748 0.190000
 749 0.190000
 750 0.190000
 751 0.190000
 752 0.190000
 753 0.190000
 754 0.190000
 755 0.200000
 756 0.170000
 757 0.160000
 758 0.210000
 759 0.190000
 760 0.190000
 0 2.650000
 1 2.650000
 2 2.660000
 3 2.650000
 4 2.630000
 5 2.600000
 6 2.610000
 7 2.610000
 8 2.610000
 9 2.650000
 10 2.610000
 11 1.800000
 12 1.770000
 13 1.810000
 14 1.790000
 15 1.790000
 16 1.780000
 17 1.770000
 18 1.760000
 19 1.750000
 20 1.740000
 21 1.760000
 22 1.730000
 23 1.770000
 24 1.780000
 25 1.780000
 26 1.770000
 27 1.780000
 28 1.780000
 29 3.480000
 30 3.610000
 31 3.630000
 32 3.610000
 33 3.560000
 34 3.600000
 35 2.380000
 36 2.360000
 37 2.340000
 38 2.360000
 39 2.370000
 40 2.390000
 41 2.420000
 42 3.570000
 43 3.570000
 44 3.580000
 45 3.600000
 46 3.600000
 47 3.550000
 48 3.520000
 49 3.520000
 50 3.600000
 51 3.550000
 52 3.510000
 53 3.480000
 54 3.410000
 55 3.440000
 56 3.430000
 57 3.410000
 58 3.430000
 59 3.390000
 60 3.430000
 61 3.490000
 62 3.410000
 63 3.510000
 64 3.430000
 65 3.430000
 66 3.440000
 67 3.600000
 68 3.460000
 69 3.580000
 70 3.610000
 71 3.580000
 72 3.480000
 73 3.460000
 74 3.610000
 75 3.570000
 76 3.600000
 77 3.480000
 78 3.460000
 79 3.580000
 80 3.570000
 81 3.570000
 82 3.480000
 83 3.480000
 84 3.460000
 85 3.600000
 86 3.570000
 87 3.520000
 88 3.500000
 89 3.510000
 90 4.600000
 91 4.770000
 92 4.130000
 93 4.190000
 94 4.780000
 95 4.780000
 96 4.780000
 97 4.780000
 98 4.780000
 99 4.780000
 100 4.810000
 101 4.780000
 102 4.810000
 103 4.810000
 104 4.810000
 105 4.810000
 106 4.800000
 107 4.820000
 108 4.820000
 109 4.820000
 110 4.820000
 111 4.820000
 112 4.820000
 113 4.830000
 114 4.660000
 115 4.850000
 116 4.850000
 117 4.210000
 118 4.200000
 119 4.870000
 120 4.870000
 121 4.870000
 122 4.640000
 123 4.640000
 124 4.660000
 125 4.700000
 126 4.900000
 127 4.920000
 128 4.920000
 129 4.920000
 130 4.920000
 131 4.950000
 132 4.050000
 133 4.030000
 134 4.030000
 135 4.050000
 136 4.080000
 137 4.990000
 138 4.990000
 139 5.020000
 140 5.020000
 141 5.010000
 142 5.020000
 143 5.040000
 144 5.020000
 145 5.050000
 146 5.050000
 147 5.070000
 148 5.080000
 149 5.060000
 150 5.110000
 151 5.110000
 152 5.110000
 153 5.130000
 154 5.110000
 155 5.130000
 156 5.150000
 157 5.150000
 158 5.150000
 159 5.150000
 160 5.170000
 161 5.200000
 162 5.200000
 163 5.200000
 164 5.200000
 165 4.830000
 166 4.670000
 167 4.590000
 168 4.490000
 169 4.500000
 170 4.500000
 171 4.530000
 172 4.530000
 173 4.520000
 174 4.580000
 175 4.620000
 176 4.600000
 177 4.640000
 178 4.120000
 179 4.070000
 180 4.070000
 181 4.100000
 182 4.130000
 183 4.120000
 184 4.000000
 185 3.790000
 186 4.130000
 187 4.160000
 188 3.820000
 189 3.840000
 190 3.860000
 191 3.940000
 192 4.450000
 193 3.710000
 194 2.140000
 195 3.680000
 196 1.940000
 197 1.940000
 198 1.950000
 199 1.940000
 200 1.940000
 201 1.940000
 202 1.920000
 203 1.910000
 204 1.920000
 205 1.910000
 206 1.900000
 207 1.910000
 208 1.910000
 209 1.900000
 210 1.890000
 211 1.900000
 212 1.870000
 213 1.860000
 214 1.900000
 215 1.860000
 216 1.860000
 217 1.880000
 218 1.870000
 219 1.860000
 220 1.830000
 221 1.840000
 222 1.830000
 223 1.830000
 224 1.840000
 225 1.830000
 226 1.810000
 227 1.780000
 228 1.830000
 229 1.780000
 230 1.800000
 231 1.810000
 232 1.800000
 233 1.800000
 234 1.790000
 235 1.810000
 236 1.810000
 237 1.790000
 238 1.790000
 239 1.790000
 240 1.760000
 241 1.790000
 242 1.760000
 243 1.760000
 244 1.750000
 245 1.780000
 246 1.780000
 247 1.810000
 248 1.820000
 249 1.880000
 250 4.370000
 251 4.370000
 252 4.350000
 253 4.320000
 254 4.330000
 255 4.110000
 256 4.040000
 257 4.010000
 258 4.060000
 259 4.250000
 260 4.260000
 261 4.260000
 262 4.260000
 263 4.260000
 264 4.220000
 265 2.310000
 266 2.300000
 267 2.300000
 268 2.270000
 269 2.270000
 270 2.290000
 271 2.260000
 272 2.280000
 273 2.310000
 274 2.320000
 275 2.300000
 276 4.080000
 277 4.100000
 278 4.090000
 279 1.630000
 280 1.640000
 281 1.610000
 282 1.640000
 283 1.610000
 284 1.610000
 285 1.610000
 286 1.610000
 287 1.610000
 288 1.610000
 289 1.620000
 290 1.660000
 291 1.660000
 292 1.680000
 293 3.070000
 294 3.070000
 295 3.040000
 296 3.110000
 297 3.120000
 298 3.100000
 299 2.160000
 300 2.190000
 301 2.190000
 302 2.160000
 303 2.160000
 304 2.140000
 305 2.160000
 306 2.160000
 307 2.160000
 308 2.200000
 309 2.260000
 310 3.010000
 311 3.030000
 312 2.770000
 313 2.740000
 314 2.710000
 315 2.710000
 316 2.690000
 317 2.710000
 318 2.710000
 319 2.750000
 320 2.960000
 321 3.000000
 322 3.010000
 323 2.980000
 324 3.000000
 325 2.970000
 326 3.010000
 327 3.040000
 328 1.590000
 329 1.560000
 330 1.560000
 331 1.560000
 332 1.560000
 333 1.560000
 334 1.540000
 335 1.560000
 336 1.560000
 337 1.540000
 338 1.530000
 339 1.550000
 340 1.580000
 341 1.570000
 342 1.570000
 343 1.600000
 344 2.010000
 345 2.110000
 346 2.110000
 347 2.280000
 348 2.660000
 349 2.660000
 350 2.670000
 351 2.260000
 352 2.190000
 353 2.200000
 354 2.170000
 355 2.200000
 356 2.170000
 357 2.170000
 358 2.150000
 359 2.150000
 360 2.150000
 361 2.120000
 362 2.120000
 363 2.100000
 364 2.100000
 365 2.100000
 366 2.100000
 367 2.070000
 368 2.070000
 369 2.070000
 370 2.050000
 371 2.050000
 372 2.050000
 373 2.020000
 374 2.000000
 375 2.000000
 376 2.030000
 377 2.000000
 378 2.000000
 379 1.970000
 380 1.970000
 381 1.970000
 382 1.950000
 383 1.980000
 384 1.950000
 385 1.950000
 386 1.950000
 387 1.930000
 388 1.900000
 389 1.930000
 390 1.900000
 391 1.900000
 392 1.900000
 393 1.880000
 394 1.900000
 395 1.880000
 396 1.880000
 397 1.880000
 398 1.850000
 399 1.850000
 400 1.850000
 401 1.850000
 402 1.830000
 403 1.850000
 404 1.830000
 405 1.800000
 406 1.800000
 407 1.800000
 408 1.840000
 409 1.800000
 410 1.800000
 411 1.790000
 412 1.790000
 413 1.790000
 414 1.780000
 415 1.770000
 416 1.830000
 417 3.680000
 418 3.640000
 419 3.640000
 420 3.640000
 421 3.610000
 422 3.640000
 423 3.660000
 424 3.660000
 425 3.660000
 426 3.690000
 427 3.660000
 428 3.690000
 429 3.660000
 430 3.690000
 431 3.690000
 432 3.690000
 433 3.690000
 434 3.710000
 435 3.710000
 436 3.710000
 437 3.740000
 438 3.740000
 439 3.730000
 440 3.700000
 441 3.690000
 442 3.610000
 443 3.230000
 444 3.140000
 445 3.170000
 446 3.490000
 447 3.450000
 448 3.410000
 449 3.390000
 450 3.350000
 451 3.310000
 452 3.040000
 453 2.990000
 454 2.980000
 455 2.980000
 456 2.960000
 457 2.940000
 458 2.920000
 459 2.910000
 460 2.890000
 461 3.080000
 462 3.070000
 463 3.100000
 464 3.070000
 465 2.980000
 466 2.980000
 467 3.030000
 468 3.010000
 469 2.990000
 470 2.940000
 471 2.940000
 472 2.950000
 473 2.950000
 474 2.970000
 475 3.000000
 476 3.010000
 477 2.890000
 478 2.990000
 479 2.960000
 480 2.750000
 481 2.610000
 482 2.670000
 483 2.510000
 484 2.570000
 485 2.540000
 486 2.500000
 487 2.500000
 488 2.460000
 489 2.490000
 490 2.410000
 491 2.310000
 492 2.260000
 493 2.250000
 494 2.230000
 495 2.200000
 496 2.160000
 497 2.210000
 498 2.190000
 499 2.140000
 500 2.140000
 501 2.140000
 502 2.050000
 503 2.080000
 504 2.080000
 505 2.060000
 506 2.020000
 507 2.030000
 508 2.030000
 509 2.010000
 510 1.980000
 511 2.030000
 512 2.010000
 513 2.090000
 514 2.030000
 515 2.020000
 516 1.970000
 517 1.930000
 518 1.900000
 519 1.880000
 520 1.880000
 521 1.880000
 522 1.870000
 523 1.870000
 524 1.860000
 525 1.840000
 526 1.820000
 527 1.830000
 528 1.840000
 529 1.800000
 530 1.780000
 531 1.830000
 532 1.780000
 533 1.680000
 534 1.680000
 535 1.740000
 536 1.650000
 537 1.750000
 538 1.630000
 539 1.750000
 540 1.720000
 541 1.720000
 542 1.690000
 543 1.670000
 544 1.660000
 545 1.660000
 546 1.590000
 547 1.590000
 548 1.570000
 549 1.580000
 550 1.480000
 551 1.470000
 552 1.540000
 553 1.460000
 554 1.540000
 555 1.570000
 556 1.410000
 557 1.510000
 558 1.480000
 559 1.420000
 560 1.380000
 561 1.470000
 562 1.470000
 563 1.440000
 564 1.500000
 565 1.440000
 566 1.470000
 567 1.440000
 568 1.330000
 569 1.360000
 570 1.390000
 571 1.430000
 572 1.390000
 573 1.440000
 574 1.440000
 575 1.390000
 576 1.390000
 577 1.390000
 578 1.360000
 579 1.420000
 580 1.390000
 581 1.370000
 582 1.390000
 583 1.400000
 584 1.370000
 585 1.420000
 586 1.400000
 587 1.400000
 588 1.390000
 589 1.280000
 590 1.370000
 591 1.340000
 592 1.340000
 593 1.370000
 594 2.300000
 595 1.280000
 596 1.260000
 597 1.340000
 598 1.360000
 599 1.330000
 600 1.340000
 601 1.260000
 602 1.220000
 603 1.230000
 604 1.270000
 605 1.230000
 606 2.470000
 607 2.490000
 608 2.490000
 609 5.690000
 610 6.500000
 611 2.830000
 612 2.830000
 613 6.470000
 614 6.450000
 615 6.500000
 616 6.540000
 617 6.590000
 618 6.670000
 619 6.730000
 620 6.220000
 621 6.780000
 622 6.750000
 623 6.590000
 624 5.480000
 625 0.820000
 626 0.810000
 627 0.810000
 628 0.810000
 629 0.780000
 630 0.820000
 631 0.820000
 632 0.800000
 633 0.790000
 634 0.800000
 635 0.820000
 636 0.840000
 637 0.850000
 638 0.820000
 639 0.820000
 640 0.850000
 641 0.850000
 642 0.850000
 643 0.850000
 644 0.870000
 645 0.850000
 646 0.870000
 647 0.870000
 648 0.870000
 649 0.870000
 650 0.870000
 651 0.870000
 652 0.900000
 653 0.900000
 654 0.900000
 655 0.920000
 656 0.920000
 657 0.920000
 658 0.920000
 659 0.920000
 660 0.920000
 661 0.920000
 662 0.920000
 663 0.950000
 664 0.950000
 665 0.950000
 666 0.950000
 667 0.950000
 668 0.650000
 669 0.310000
 670 0.230000
 671 0.180000
 672 0.180000
 673 0.170000
 674 0.210000
 675 0.170000
 676 0.190000
 677 0.210000
 678 0.220000
 679 0.190000
 680 0.180000
 681 0.190000
 682 0.160000
 683 0.190000
 684 0.190000
 685 0.160000
 686 0.190000
 687 0.200000
 688 0.200000
 689 0.200000
 690 0.200000
 691 0.200000
 692 0.200000
 693 0.200000
 694 0.170000
 695 0.200000
 696 0.200000
 697 0.170000
 698 0.170000
 699 0.180000
 700 0.200000
 701 0.200000
 702 0.200000
 703 0.180000
 704 0.190000
 705 0.190000
 706 0.180000
 707 0.210000
 708 0.190000
 709 0.210000
 710 0.210000
 711 0.210000
 712 0.190000
 713 0.190000
 714 0.190000
 715 0.210000
 716 0.190000
 717 0.190000
 718 0.210000
 719 0.190000
 720 0.210000
 721 0.190000
 722 0.190000
 723 0.190000
 724 0.210000
 725 0.210000
 726 0.210000
 727 0.210000
 728 0.190000
 729 0.190000
 730 0.190000
 731 0.190000
 732 0.210000
 733 0.210000
 734 0.190000
 735 0.190000
 736 0.190000
 737 0.190000
 738 0.210000
 739 0.190000
 740 0.190000
 741 0.210000
 742 0.190000
 743 0.190000
 744 0.210000
 745 0.210000
 746 0.190000
 747 0.190000
 748 0.190000
 749 0.190000
 750 0.210000
 751 0.190000
 752 0.210000
 753 0.190000
 754 0.190000
 755 0.180000
 756 0.170000
 757 0.190000
 758 0.190000
 759 0.190000
 760 0.190000
 0 2.680000
 1 2.650000
 2 2.660000
 3 2.650000
 4 2.610000
 5 2.600000
 6 2.590000
 7 2.590000
 8 2.610000
 9 2.630000
 10 2.610000
 11 1.800000
 12 1.800000
 13 1.780000
 14 1.790000
 15 1.790000
 16 1.780000
 17 1.770000
 18 1.740000
 19 1.750000
 20 1.760000
 21 1.760000
 22 1.760000
 23 1.770000
 24 1.780000
 25 1.780000
 26 1.770000
 27 1.780000
 28 1.780000
 29 3.480000
 30 3.630000
 31 3.580000
 32 3.610000
 33 3.580000
 34 3.600000
 35 2.380000
 36 2.360000
 37 2.330000
 38 2.330000
 39 2.370000
 40 2.390000
 41 2.450000
 42 3.570000
 43 3.570000
 44 3.600000
 45 3.630000
 46 3.600000
 47 3.550000
 48 3.540000
 49 3.550000
 50 3.600000
 51 3.550000
 52 3.510000
 53 3.510000
 54 3.410000
 55 3.440000
 56 3.430000
 57 3.430000
 58 3.400000
 59 3.430000
 60 3.440000
 61 3.490000
 62 3.430000
 63 3.510000
 64 3.460000
 65 3.430000
 66 3.440000
 67 3.570000
 68 3.480000
 69 3.430000
 70 3.580000
 71 3.580000
 72 3.460000
 73 3.480000
 74 3.630000
 75 3.600000
 76 3.600000
 77 3.480000
 78 3.460000
 79 3.600000
 80 3.570000
 81 3.460000
 82 3.450000
 83 3.460000
 84 3.480000
 85 3.600000
 86 3.590000
 87 3.520000
 88 3.530000
 89 3.510000
 90 4.600000
 91 4.770000
 92 4.160000
 93 4.190000
 94 4.780000
 95 4.780000
 96 4.780000
 97 4.780000
 98 4.810000
 99 4.810000
 100 4.780000
 101 4.810000
 102 4.810000
 103 4.780000
 104 4.810000
 105 4.810000
 106 4.800000
 107 4.820000
 108 4.820000
 109 4.820000
 110 4.850000
 111 4.850000
 112 4.850000
 113 4.830000
 114 4.660000
 115 4.870000
 116 4.870000
 117 4.180000
 118 4.200000
 119 4.870000
 120 4.870000
 121 4.900000
 122 4.610000
 123 4.660000
 124 4.660000
 125 4.700000
 126 4.900000
 127 4.920000
 128 4.920000
 129 4.920000
 130 4.920000
 131 4.920000
 132 4.050000
 133 4.030000
 134 4.030000
 135 4.060000
 136 4.100000
 137 4.980000
 138 4.980000
 139 4.990000
 140 5.010000
 141 5.010000
 142 5.020000
 143 5.020000
 144 5.020000
 145 5.050000
 146 5.050000
 147 5.050000
 148 5.060000
 149 5.080000
 150 5.080000
 151 5.080000
 152 5.110000
 153 5.110000
 154 5.130000
 155 5.130000
 156 5.160000
 157 5.150000
 158 5.150000
 159 5.170000
 160 5.170000
 161 5.170000
 162 5.200000
 163 5.200000
 164 5.200000
 165 4.800000
 166 4.670000
 167 4.570000
 168 4.500000
 169 4.520000
 170 4.500000
 171 4.530000
 172 4.530000
 173 4.550000
 174 4.590000
 175 4.630000
 176 4.600000
 177 4.640000
 178 4.120000
 179 4.080000
 180 4.100000
 181 4.100000
 182 4.110000
 183 4.100000
 184 4.000000
 185 3.790000
 186 4.100000
 187 4.170000
 188 3.800000
 189 3.810000
 190 3.860000
 191 3.970000
 192 4.450000
 193 3.690000
 194 2.140000
 195 3.680000
 196 1.940000
 197 1.940000
 198 1.950000
 199 1.940000
 200 1.940000
 201 1.940000
 202 1.920000
 203 1.910000
 204 1.920000
 205 1.890000
 206 1.910000
 207 1.910000
 208 1.890000
 209 1.900000
 210 1.890000
 211 1.890000
 212 1.900000
 213 1.890000
 214 1.890000
 215 1.860000
 216 1.860000
 217 1.860000
 218 1.870000
 219 1.860000
 220 1.850000
 221 1.830000
 222 1.830000
 223 1.830000
 224 1.800000
 225 1.830000
 226 1.780000
 227 1.810000
 228 1.810000
 229 1.780000
 230 1.810000
 231 1.790000
 232 1.800000
 233 1.800000
 234 1.780000
 235 1.790000
 236 1.810000
 237 1.790000
 238 1.760000
 239 1.760000
 240 1.760000
 241 1.790000
 242 1.760000
 243 1.760000
 244 1.770000
 245 1.760000
 246 1.780000
 247 1.810000
 248 1.800000
 249 1.860000
 250 4.370000
 251 4.350000
 252 4.350000
 253 4.320000
 254 4.330000
 255 4.110000
 256 4.040000
 257 4.040000
 258 4.060000
 259 4.270000
 260 4.270000
 261 4.260000
 262 4.230000
 263 4.230000
 264 4.220000
 265 2.280000
 266 2.300000
 267 2.300000
 268 2.270000
 269 2.300000
 270 2.290000
 271 2.260000
 272 2.260000
 273 2.310000
 274 2.320000
 275 2.310000
 276 4.110000
 277 4.100000
 278 4.090000
 279 1.630000
 280 1.640000
 281 1.640000
 282 1.610000
 283 1.610000
 284 1.610000
 285 1.610000
 286 1.610000
 287 1.610000
 288 1.610000
 289 1.630000
 290 1.630000
 291 1.660000
 292 1.660000
 293 3.070000
 294 3.070000
 295 3.040000
 296 3.130000
 297 3.120000
 298 3.100000
 299 2.290000
 300 2.190000
 301 2.160000
 302 2.190000
 303 2.160000
 304 2.160000
 305 2.160000
 306 2.160000
 307 2.160000
 308 2.210000
 309 2.260000
 310 3.030000
 311 3.030000
 312 2.760000
 313 2.710000
 314 2.710000
 315 2.710000
 316 2.710000
 317 2.710000
 318 2.710000
 319 2.750000
 320 2.930000
 321 3.010000
 322 2.980000
 323 2.980000
 324 2.940000
 325 2.970000
 326 3.040000
 327 3.030000
 328 1.560000
 329 1.560000
 330 1.560000
 331 1.560000
 332 1.560000
 333 1.540000
 334 1.560000
 335 1.540000
 336 1.560000
 337 1.540000
 338 1.560000
 339 1.550000
 340 1.560000
 341 1.580000
 342 1.570000
 343 1.600000
 344 1.960000
 345 2.110000
 346 2.110000
 347 2.260000
 348 2.660000
 349 2.670000
 350 2.670000
 351 2.260000
 352 2.190000
 353 2.200000
 354 2.200000
 355 2.170000
 356 2.170000
 357 2.170000
 358 2.150000
 359 2.150000
 360 2.150000
 361 2.120000
 362 2.120000
 363 2.120000
 364 2.100000
 365 2.100000
 366 2.070000
 367 2.070000
 368 2.050000
 369 2.050000
 370 2.050000
 371 2.020000
 372 2.050000
 373 2.050000
 374 2.020000
 375 2.000000
 376 2.000000
 377 2.000000
 378 2.000000
 379 2.000000
 380 1.970000
 381 1.970000
 382 1.970000
 383 1.950000
 384 1.950000
 385 1.950000
 386 1.930000
 387 1.930000
 388 1.930000
 389 1.930000
 390 1.930000
 391 1.900000
 392 1.880000
 393 1.900000
 394 1.900000
 395 1.880000
 396 1.880000
 397 1.880000
 398 1.880000
 399 1.850000
 400 1.850000
 401 1.830000
 402 1.830000
 403 1.830000
 404 1.850000
 405 1.830000
 406 1.830000
 407 1.830000
 408 1.810000
 409 1.810000
 410 1.800000
 411 1.810000
 412 1.810000
 413 1.790000
 414 1.780000
 415 1.770000
 416 1.830000
 417 3.710000
 418 3.640000
 419 3.610000
 420 3.640000
 421 3.640000
 422 3.640000
 423 3.640000
 424 3.640000
 425 3.660000
 426 3.660000
 427 3.690000
 428 3.660000
 429 3.690000
 430 3.690000
 431 3.690000
 432 3.690000
 433 3.710000
 434 3.710000
 435 3.710000
 436 3.740000
 437 3.740000
 438 3.710000
 439 3.760000
 440 3.700000
 441 3.690000
 442 3.630000
 443 3.230000
 444 3.140000
 445 3.190000
 446 3.490000
 447 3.460000
 448 3.410000
 449 3.370000
 450 3.320000
 451 3.310000
 452 3.040000
 453 3.020000
 454 2.990000
 455 2.980000
 456 2.960000
 457 2.940000
 458 2.920000
 459 2.900000
 460 2.890000
 461 3.080000
 462 3.100000
 463 3.100000
 464 3.040000
 465 2.980000
 466 3.010000
 467 3.010000
 468 3.000000
 469 2.960000
 470 2.940000
 471 2.940000
 472 2.940000
 473 2.930000
 474 2.970000
 475 2.990000
 476 3.010000
 477 2.860000
 478 2.990000
 479 2.940000
 480 2.750000
 481 2.610000
 482 2.690000
 483 2.530000
 484 2.570000
 485 2.510000
 486 2.490000
 487 2.510000
 488 2.460000
 489 2.490000
 490 2.410000
 491 2.310000
 492 2.280000
 493 2.220000
 494 2.230000
 495 2.170000
 496 2.160000
 497 2.240000
 498 2.170000
 499 2.140000
 500 2.120000
 501 2.140000
 502 2.050000
 503 2.050000
 504 2.050000
 505 2.030000
 506 2.020000
 507 2.030000
 508 2.010000
 509 2.010000
 510 2.010000
 511 2.060000
 512 2.010000
 513 2.070000
 514 2.030000
 515 2.020000
 516 1.940000
 517 1.930000
 518 1.900000
 519 1.880000
 520 1.900000
 521 1.880000
 522 1.870000
 523 1.880000
 524 1.860000
 525 1.840000
 526 1.850000
 527 1.850000
 528 1.840000
 529 1.820000
 530 1.780000
 531 1.810000
 532 1.780000
 533 1.680000
 534 1.710000
 535 1.770000
 536 1.650000
 537 1.750000
 538 1.630000
 539 1.750000
 540 1.700000
 541 1.720000
 542 1.690000
 543 1.630000
 544 1.630000
 545 1.630000
 546 1.590000
 547 1.590000
 548 1.580000
 549 1.580000
 550 1.620000
 551 1.480000
 552 1.520000
 553 1.430000
 554 1.570000
 555 1.570000
 556 1.400000
 557 1.510000
 558 1.380000
 559 1.410000
 560 1.410000
 561 1.490000
 562 1.490000
 563 1.440000
 564 1.470000
 565 1.440000
 566 1.450000
 567 1.420000
 568 1.330000
 569 1.390000
 570 1.360000
 571 1.430000
 572 1.390000
 573 1.440000
 574 1.280000
 575 1.390000
 576 1.420000
 577 1.390000
 578 1.370000
 579 1.420000
 580 1.420000
 581 1.370000
 582 1.390000
 583 1.420000
 584 1.370000
 585 1.390000
 586 1.370000
 587 1.390000
 588 1.400000
 589 1.420000
 590 1.370000
 591 1.340000
 592 1.340000
 593 1.350000
 594 2.290000
 595 1.260000
 596 1.280000
 597 1.310000
 598 1.330000
 599 1.350000
 600 1.320000
 601 1.260000
 602 1.220000
 603 1.240000
 604 1.290000
 605 1.230000
 606 2.460000
 607 2.490000
 608 2.490000
 609 5.690000
 610 6.530000
 611 2.830000
 612 2.830000
 613 6.460000
 614 6.460000
 615 6.530000
 616 6.540000
 617 6.630000
 618 6.640000
 619 6.730000
 620 6.220000
 621 6.780000
 622 6.750000
 623 6.590000
 624 5.480000
 625 0.840000
 626 0.830000
 627 0.820000
 628 0.820000
 629 0.800000
 630 0.810000
 631 0.820000
 632 0.810000
 633 0.820000
 634 0.820000
 635 0.820000
 636 0.820000
 637 0.840000
 638 0.820000
 639 0.820000
 640 0.840000
 641 0.850000
 642 0.850000
 643 0.850000
 644 0.870000
 645 0.850000
 646 0.870000
 647 0.870000
 648 0.870000
 649 0.870000
 650 0.900000
 651 0.870000
 652 0.900000
 653 0.900000
 654 0.920000
 655 0.900000
 656 0.920000
 657 0.920000
 658 0.920000
 659 0.950000
 660 0.920000
 661 0.950000
 662 0.950000
 663 0.950000
 664 0.950000
 665 0.950000
 666 0.970000
 667 0.950000
 668 0.650000
 669 0.370000
 670 0.230000
 671 0.180000
 672 0.180000
 673 0.170000
 674 0.210000
 675 0.190000
 676 0.190000
 677 0.210000
 678 0.200000
 679 0.220000
 680 0.180000
 681 0.190000
 682 0.190000
 683 0.190000
 684 0.190000
 685 0.190000
 686 0.190000
 687 0.160000
 688 0.200000
 689 0.200000
 690 0.170000
 691 0.200000
 692 0.200000
 693 0.200000
 694 0.180000
 695 0.200000
 696 0.200000
 697 0.200000
 698 0.200000
 699 0.200000
 700 0.180000
 701 0.180000
 702 0.180000
 703 0.200000
 704 0.190000
 705 0.190000
 706 0.210000
 707 0.190000
 708 0.190000
 709 0.210000
 710 0.210000
 711 0.190000
 712 0.190000
 713 0.190000
 714 0.190000
 715 0.190000
 716 0.190000
 717 0.190000
 718 0.210000
 719 0.210000
 720 0.190000
 721 0.210000
 722 0.190000
 723 0.190000
 724 0.190000
 725 0.190000
 726 0.210000
 727 0.210000
 728 0.210000
 729 0.210000
 730 0.190000
 731 0.190000
 732 0.210000
 733 0.190000
 734 0.190000
 735 0.190000
 736 0.190000
 737 0.190000
 738 0.190000
 739 0.190000
 740 0.210000
 741 0.210000
 742 0.210000
 743 0.190000
 744 0.210000
 745 0.190000
 746 0.210000
 747 0.190000
 748 0.190000
 749 0.190000
 750 0.210000
 751 0.210000
 752 0.190000
 753 0.210000
 754 0.190000
 755 0.180000
 756 0.200000
 757 0.190000
 758 0.210000
 759 0.210000
 760 0.210000