
 0 3.130000
 1 3.130000
 2 3.130000
 3 3.030000
 4 3.130000
 5 3.130000
 6 3.000000
 7 3.090000
 8 3.040000
 9 3.030000
 10 3.070000
 11 3.180000
 12 3.160000
 13 3.050000
 14 3.160000
 15 3.160000
 16 3.020000
 17 3.060000
 18 3.180000
 19 3.130000
 20 3.130000
 21 3.000000
 22 3.110000
 23 3.160000
 24 3.130000
 25 3.020000
 26 3.000000
 27 3.030000
 28 3.000000
 29 3.000000
 30 3.000000
 31 3.110000
 32 3.000000
 33 3.110000
 34 3.110000
 35 2.950000
 36 2.900000
 37 2.710000
 38 2.330000
 39 2.170000
 40 2.160000
 41 2.140000
 42 2.140000
 43 2.130000
 44 2.130000
 45 2.160000
 46 2.120000
 47 2.140000
 48 2.140000
 49 2.140000
 50 2.140000
 51 2.170000
 52 2.250000
 53 2.280000
 54 2.210000
 55 2.200000
 56 2.180000
 57 2.180000
 58 2.210000
 59 2.210000
 60 2.200000
 61 2.200000
 62 2.220000
 63 2.180000
 64 2.200000
 65 2.180000
 66 2.190000
 67 2.180000
 68 2.180000
 69 2.220000
 70 2.230000
 71 2.190000
 72 2.210000
 73 2.210000
 74 2.210000
 75 2.210000
 76 2.230000
 77 2.320000
 78 2.200000
 79 2.170000
 80 2.190000
 81 2.190000
 82 2.200000
 83 2.210000
 84 2.250000
 85 2.250000
 86 2.230000
 87 2.250000
 88 2.250000
 89 2.230000
 90 2.260000
 91 2.270000
 92 2.270000
 93 2.280000
 94 2.260000
 95 2.230000
 96 2.260000
 97 2.230000
 98 2.220000
 99 2.220000
 100 2.230000
 101 2.280000
 102 2.280000
 103 2.300000
 104 2.280000
 105 2.290000
 106 2.290000
 107 2.320000
 108 2.310000
 109 2.300000
 110 2.330000
 111 2.300000
 112 2.310000
 113 2.320000
 114 2.320000
 115 2.340000
 116 2.330000
 117 2.330000
 118 2.330000
 119 2.340000
 120 2.470000
 121 2.390000
 122 2.340000
 123 2.310000
 124 2.340000
 125 2.330000
 126 2.350000
 127 2.390000
 128 2.390000
 129 2.390000
 130 2.380000
 131 2.410000
 132 2.390000
 133 2.410000
 134 2.420000
 135 2.410000
 136 2.410000
 137 2.380000
 138 2.380000
 139 2.390000
 140 2.380000
 141 2.410000
 142 2.450000
 143 2.420000
 144 2.440000
 145 2.480000
 146 3.590000
 147 3.590000
 148 3.630000
 149 3.500000
 150 3.600000
 151 3.620000
 152 3.590000
 153 3.550000
 154 3.530000
 155 3.450000
 156 3.410000
 157 3.420000
 158 3.450000
 159 3.400000
 160 3.420000
 161 3.430000
 162 3.420000
 163 3.420000
 164 3.450000
 165 3.430000
 166 3.450000
 167 3.500000
 168 3.540000
 169 3.640000
 170 3.710000
 171 3.680000
 172 3.730000
 173 3.760000
 174 3.760000
 175 3.800000
 176 3.810000
 177 3.850000
 178 3.830000
 179 3.840000
 180 3.860000
 181 3.860000
 182 3.890000
 183 3.910000
 184 3.890000
 185 3.920000
 186 3.920000
 187 3.950000
 188 3.930000
 189 3.960000
 190 3.980000
 191 3.980000
 192 4.000000
 193 3.990000
 194 3.990000
 195 4.000000
 196 4.090000
 197 3.980000
 198 4.070000
 199 4.130000
 200 4.120000
 201 4.180000
 202 4.080000
 203 4.100000
 204 4.130000
 205 4.120000
 206 4.120000
 207 1.220000
 208 1.200000
 209 4.150000
 210 4.200000
 211 4.200000
 212 4.230000
 213 4.250000
 214 4.230000
 215 4.250000
 216 4.250000
 217 4.300000
 218 4.300000
 219 4.330000
 220 4.350000
 221 4.350000
 222 4.350000
 223 4.380000
 224 4.490000
 225 4.430000
 226 4.450000
 227 4.210000
 228 4.180000
 229 4.500000
 230 4.500000
 231 4.530000
 232 4.550000
 233 4.550000
 234 4.580000
 235 4.710000
 236 4.730000
 237 4.760000
 238 4.760000
 239 4.780000
 240 4.700000
 241 4.730000
 242 4.780000
 243 4.780000
 244 4.830000
 245 4.910000
 246 4.920000
 247 4.990000
 248 4.900000
 249 5.010000
 250 4.980000
 251 4.980000
 252 4.950000
 253 4.950000
 254 4.950000
 255 2.370000
 256 2.310000
 257 2.290000
 258 2.310000
 259 1.750000
 260 1.710000
 261 1.730000
 262 1.730000
 263 1.730000
 264 1.710000
 265 1.330000
 266 1.210000
 267 1.180000
 268 1.190000
 269 1.170000
 270 1.200000
 271 1.190000
 272 1.170000
 273 1.170000
 274 1.190000
 275 1.180000
 276 1.180000
 277 1.190000
 278 1.190000
 279 1.190000
 280 1.210000
 281 1.200000
 282 1.300000
 283 1.320000
 284 5.210000
 285 5.240000
 286 5.130000
 287 5.120000
 288 5.190000
 289 2.400000
 290 2.350000
 291 2.330000
 292 2.360000
 293 2.360000
 294 2.330000
 295 2.360000
 296 2.360000
 297 2.360000
 298 2.410000
 299 4.440000
 300 4.380000
 301 4.380000
 302 1.880000
 303 1.860000
 304 1.840000
 305 1.790000
 306 1.780000
 307 1.810000
 308 1.810000
 309 1.810000
 310 1.810000
 311 1.810000
 312 1.830000
 313 1.810000
 314 1.830000
 315 4.980000
 316 4.960000
 317 4.960000
 318 4.970000
 319 4.940000
 320 4.940000
 321 4.940000
 322 2.540000
 323 2.490000
 324 2.440000
 325 2.460000
 326 2.430000
 327 1.320000
 328 1.330000
 329 1.290000
 330 1.320000
 331 1.290000
 332 1.280000
 333 1.280000
 334 1.260000
 335 1.260000
 336 1.280000
 337 1.260000
 338 1.290000
 339 1.290000
 340 1.270000
 341 1.280000
 342 1.280000
 343 1.280000
 344 1.310000
 345 1.640000
 346 1.940000
 347 1.940000
 348 1.930000
 349 1.930000
 350 1.960000
 351 1.960000
 352 1.930000
 353 1.960000
 354 1.960000
 355 1.950000
 356 1.950000
 357 5.030000
 358 4.730000
 359 4.640000
 360 4.630000
 361 4.610000
 362 4.620000
 363 4.590000
 364 4.400000
 365 4.600000
 366 4.620000
 367 4.650000
 368 4.670000
 369 4.080000
 370 4.100000
 371 3.950000
 372 3.980000
 373 3.960000
 374 5.050000
 375 5.040000
 376 5.020000
 377 5.020000
 378 4.990000
 379 1.530000
 380 1.490000
 381 1.490000
 382 1.470000
 383 1.470000
 384 1.430000
 385 1.430000
 386 1.430000
 387 1.430000
 388 1.460000
 389 1.460000
 390 1.460000
 391 1.460000
 392 1.480000
 393 1.460000
 394 1.460000
 395 1.490000
 396 4.800000
 397 4.800000
 398 4.760000
 399 4.730000
 400 4.630000
 401 4.640000
 402 4.630000
 403 4.630000
 404 4.630000
 405 4.610000
 406 4.580000
 407 4.460000
 408 4.250000
 409 4.230000
 410 4.400000
 411 4.330000
 412 4.480000
 413 4.330000
 414 4.230000
 415 4.250000
 416 4.330000
 417 4.430000
 418 4.420000
 419 4.370000
 420 4.280000
 421 4.290000
 422 4.310000
 423 4.350000
 424 4.330000
 425 4.300000
 426 4.300000
 427 4.230000
 428 3.980000
 429 3.790000
 430 3.710000
 431 3.680000
 432 3.630000
 433 3.610000
 434 3.610000
 435 3.620000
 436 3.590000
 437 3.600000
 438 3.570000
 439 3.550000
 440 3.550000
 441 3.500000
 442 3.530000
 443 3.530000
 444 3.500000
 445 3.500000
 446 3.610000
 447 3.610000
 448 3.580000
 449 3.580000
 450 3.580000
 451 3.560000
 452 3.590000
 453 3.590000
 454 3.600000
 455 3.580000
 456 3.560000
 457 3.560000
 458 3.570000
 459 3.530000
 460 3.540000
 461 3.520000
 462 3.540000
 463 3.560000
 464 3.530000
 465 3.560000
 466 3.530000
 467 3.520000
 468 3.500000
 469 3.520000
 470 3.500000
 471 3.500000
 472 3.500000
 473 3.500000
 474 3.480000
 475 3.470000
 476 3.450000
 477 3.440000
 478 3.450000
 479 3.430000
 480 3.460000
 481 3.430000
 482 3.430000
 483 3.410000
 484 3.370000
 485 3.370000
 486 3.380000
 487 3.310000
 488 3.310000
 489 3.300000
 490 3.280000
 491 3.280000
 492 3.230000
 493 3.210000
 494 3.180000
 495 3.180000
 496 3.170000
 497 3.130000
 498 3.130000
 499 3.130000
 500 3.100000
 501 3.080000
 502 3.070000
 503 3.110000
 504 3.080000
 505 3.060000
 506 3.070000
 507 3.070000
 508 3.050000
 509 3.070000
 510 3.070000
 511 3.070000
 512 3.070000
 513 3.070000
 514 3.090000
 515 3.120000
 516 3.110000
 517 3.090000
 518 3.120000
 519 3.120000
 520 3.120000
 521 3.120000
 522 3.120000
 523 3.150000
 524 3.120000
 525 3.100000
 526 3.110000
 527 3.110000
 528 3.100000
 529 3.100000
 530 3.080000
 531 3.030000
 532 3.040000
 533 3.030000
 534 3.030000
 535 3.030000
 536 3.010000
 537 3.010000
 538 3.030000
 539 3.040000
 540 3.050000
 541 3.040000
 542 3.040000
 543 3.010000
 544 2.430000
 545 2.410000
 546 3.040000
 547 3.040000
 548 3.060000
 549 3.040000
 550 3.030000
 551 3.060000
 552 3.060000
 553 3.060000
 554 3.090000
 555 3.090000
 556 3.090000
 557 3.090000
 558 3.090000
 559 3.110000
 560 3.080000
 561 2.030000
 562 2.080000
 563 2.060000
 564 2.030000
 565 1.830000
 566 1.810000
 567 1.780000
 568 1.790000
 569 1.790000
 570 1.820000
 571 1.820000
 572 1.820000
 573 1.840000
 574 1.840000
 575 1.840000
 576 1.840000
 577 1.870000
 578 1.870000
 579 1.890000
 580 1.890000
 581 1.920000
 582 1.920000
 583 1.920000
 584 1.940000
 585 1.940000
 586 1.970000
 587 1.970000
 588 1.990000
 589 1.990000
 590 1.990000
 591 2.020000
 592 2.030000
 593 2.040000
 594 2.050000
 595 2.080000
 596 2.100000
 597 2.130000
 598 2.130000
 599 2.150000
 600 2.150000
 601 2.180000
 602 2.200000
 603 2.200000
 604 2.210000
 605 2.200000
 606 2.230000
 607 2.250000
 608 2.250000
 609 2.240000
 610 2.280000
 611 2.300000
 612 2.330000
 613 2.330000
 614 2.340000
 615 2.360000
 616 2.330000
 617 2.330000
 618 2.330000
 619 2.350000
 620 2.350000
 621 2.380000
 622 2.430000
 623 1.480000
 624 1.440000
 625 1.450000
 626 1.460000
 627 1.450000
 628 1.490000
 629 1.490000
 630 1.510000
 631 1.510000
 632 1.510000
 633 1.510000
 634 1.540000
 635 1.540000
 636 1.560000
 637 1.590000
 638 1.590000
 639 1.600000
 640 1.600000
 641 1.600000
 642 1.640000
 643 1.660000
 644 1.650000
 645 1.680000
 646 1.680000
 647 1.730000
 648 1.730000
 649 1.750000
 650 1.750000
 651 1.750000
 652 1.780000
 653 1.800000
 654 1.830000
 655 1.830000
 656 1.880000
 657 1.850000
 658 1.900000
 659 1.900000
 660 1.930000
 661 1.950000
 662 1.970000
 663 2.010000
 664 3.390000
 665 3.370000
 666 3.370000
 667 3.370000
 668 3.370000
 669 3.350000
 670 3.340000
 671 3.320000
 672 3.290000
 673 3.270000
 674 3.270000
 675 3.270000
 676 3.250000
 677 3.250000
 678 3.270000
 679 3.240000
 680 3.230000
 681 3.240000
 682 3.260000
 683 3.270000
 684 3.240000
 685 3.240000
 686 3.270000
 687 3.280000
 688 3.290000
 689 3.290000
 690 3.330000
 691 3.320000
 692 3.320000
 693 3.320000
 694 3.320000
 695 3.340000
 696 3.370000
 697 3.340000
 698 3.390000
 699 3.370000
 700 3.390000
 701 3.420000
 702 3.410000
 703 3.440000
 704 3.420000
 705 3.440000
 706 3.460000
 707 3.460000
 708 2.930000
 709 2.920000
 710 3.380000
 711 3.520000
 712 3.560000
 713 3.570000
 714 3.620000
 715 3.610000
 716 3.650000
 717 3.680000
 718 3.680000
 719 3.720000
 720 3.730000
 721 3.730000
 722 3.760000
 723 3.760000
 724 3.770000
 725 3.780000
 726 3.780000
 727 3.810000
 728 3.810000
 729 3.820000
 730 3.810000
 731 3.800000
 732 3.830000
 733 3.840000
 734 3.880000
 735 3.880000
 736 3.910000
 737 3.920000
 738 3.930000
 739 3.950000
 740 3.980000
 741 3.410000
 742 3.380000
 743 2.940000
 744 2.950000
 745 1.550000
 746 1.550000
 747 1.560000
 748 1.530000
 749 1.530000
 750 1.530000
 751 1.530000
 752 1.560000
 753 1.530000
 754 1.530000
 755 1.530000
 756 1.540000
 757 1.520000
 758 4.080000
 759 4.080000
 760 4.080000
 0 3.130000
 1 3.110000
 2 3.130000
 3 3.000000
 4 3.130000
 5 3.130000
 6 3.000000
 7 3.050000
 8 3.050000
 9 3.040000
 10 3.070000
 11 3.180000
 12 3.160000
 13 3.050000
 14 3.180000
 15 3.160000
 16 3.050000
 17 3.030000
 18 3.180000
 19 3.160000
 20 3.130000
 21 3.030000
 22 3.130000
 23 3.160000
 24 3.160000
 25 3.040000
 26 3.020000
 27 3.030000
 28 3.000000
 29 3.000000
 30 3.000000
 31 3.110000
 32 3.000000
 33 3.130000
 34 3.110000
 35 2.980000
 36 2.880000
 37 2.720000
 38 2.330000
 39 2.150000
 40 2.160000
 41 2.140000
 42 2.140000
 43 2.130000
 44 2.130000
 45 2.160000
 46 2.140000
 47 2.140000
 48 2.140000
 49 2.120000
 50 2.140000
 51 2.170000
 52 2.230000
 53 2.280000
 54 2.230000
 55 2.180000
 56 2.180000
 57 2.180000
 58 2.210000
 59 2.180000
 60 2.200000
 61 2.230000
 62 2.190000
 63 2.180000
 64 2.180000
 65 2.180000
 66 2.160000
 67 2.180000
 68 2.210000
 69 2.220000
 70 2.230000
 71 2.190000
 72 2.210000
 73 2.210000
 74 2.200000
 75 2.230000
 76 2.260000
 77 2.330000
 78 2.200000
 79 2.190000
 80 2.190000
 81 2.190000
 82 2.200000
 83 2.230000
 84 2.250000
 85 2.250000
 86 2.230000
 87 2.230000
 88 2.230000
 89 2.230000
 90 2.260000
 91 2.270000
 92 2.240000
 93 2.250000
 94 2.260000
 95 2.260000
 96 2.230000
 97 2.230000
 98 2.240000
 99 2.220000
 100 2.230000
 101 2.280000
 102 2.280000
 103 2.280000
 104 2.300000
 105 2.290000
 106 2.290000
 107 2.290000
 108 2.310000
 109 2.300000
 110 2.330000
 111 2.300000
 112 2.330000
 113 2.320000
 114 2.340000
 115 2.340000
 116 2.330000
 117 2.330000
 118 2.350000
 119 2.340000
 120 2.490000
 121 2.390000
 122 2.370000
 123 2.310000
 124 2.340000
 125 2.330000
 126 2.330000
 127 2.390000
 128 2.390000
 129 2.370000
 130 2.380000
 131 2.410000
 132 2.420000
 133 2.410000
 134 2.420000
 135 2.410000
 136 2.380000
 137 2.410000
 138 2.380000
 139 2.370000
 140 2.380000
 141 2.410000
 142 2.430000
 143 2.420000
 144 2.440000
 145 2.480000
 146 3.560000
 147 3.570000
 148 3.600000
 149 3.500000
 150 3.580000
 151 3.620000
 152 3.590000
 153 3.550000
 154 3.480000
 155 3.420000
 156 3.410000
 157 3.420000
 158 3.420000
 159 3.430000
 160 3.420000
 161 3.430000
 162 3.420000
 163 3.440000
 164 3.430000
 165 3.450000
 166 3.480000
 167 3.480000
 168 3.520000
 169 3.640000
 170 3.730000
 171 3.710000
 172 3.730000
 173 3.780000
 174 3.780000
 175 3.810000
 176 3.800000
 177 3.820000
 178 3.860000
 179 3.850000
 180 3.860000
 181 3.860000
 182 3.920000
 183 3.880000
 184 3.900000
 185 3.910000
 186 3.910000
 187 3.940000
 188 3.950000
 189 3.930000
 190 3.960000
 191 3.980000
 192 4.000000
 193 3.990000
 194 3.990000
 195 4.000000
 196 4.090000
 197 3.980000
 198 4.080000
 199 4.130000
 200 4.120000
 201 4.160000
 202 4.080000
 203 4.100000
 204 4.130000
 205 4.090000
 206 4.120000
 207 1.190000
 208 1.200000
 209 4.150000
 210 4.200000
 211 4.200000
 212 4.230000
 213 4.230000
 214 4.230000
 215 4.250000
 216 4.270000
 217 4.300000
 218 4.300000
 219 4.330000
 220 4.320000
 221 4.350000
 222 4.350000
 223 4.380000
 224 4.490000
 225 4.430000
 226 4.430000
 227 4.150000
 228 4.180000
 229 4.500000
 230 4.500000
 231 4.530000
 232 4.520000
 233 4.550000
 234 4.580000
 235 4.710000
 236 4.740000
 237 4.740000
 238 4.760000
 239 4.780000
 240 4.700000
 241 4.750000
 242 4.750000
 243 4.780000
 244 4.800000
 245 4.910000
 246 4.930000
 247 5.010000
 248 4.900000
 249 5.010000
 250 4.980000
 251 4.960000
 252 4.950000
 253 4.950000
 254 4.930000
 255 2.370000
 256 2.280000
 257 2.290000
 258 2.280000
 259 1.780000
 260 1.730000
 261 1.730000
 262 1.760000
 263 1.730000
 264 1.710000
 265 1.330000
 266 1.210000
 267 1.180000
 268 1.190000
 269 1.190000
 270 1.170000
 271 1.190000
 272 1.190000
 273 1.190000
 274 1.190000
 275 1.180000
 276 1.190000
 277 1.190000
 278 1.190000
 279 1.190000
 280 1.180000
 281 1.330000
 282 1.280000
 283 1.320000
 284 5.210000
 285 5.240000
 286 5.100000
 287 5.090000
 288 5.190000
 289 2.430000
 290 2.380000
 291 2.360000
 292 2.330000
 293 2.360000
 294 2.360000
 295 2.360000
 296 2.360000
 297 2.360000
 298 2.410000
 299 4.470000
 300 4.380000
 301 4.380000
 302 1.880000
 303 1.860000
 304 1.840000
 305 1.790000
 306 1.780000
 307 1.810000
 308 1.810000
 309 1.810000
 310 1.810000
 311 1.810000
 312 1.810000
 313 1.830000
 314 1.830000
 315 4.980000
 316 4.990000
 317 4.960000
 318 4.970000
 319 4.940000
 320 4.940000
 321 4.960000
 322 2.540000
 323 2.490000
 324 2.440000
 325 2.460000
 326 2.430000
 327 1.290000
 328 1.330000
 329 1.320000
 330 1.290000
 331 1.290000
 332 1.280000
 333 1.260000
 334 1.280000
 335 1.260000
 336 1.260000
 337 1.280000
 338 1.280000
 339 1.270000
 340 1.290000
 341 1.290000
 342 1.280000
 343 1.280000
 344 1.310000
 345 1.450000
 346 1.960000
 347 1.940000
 348 1.930000
 349 1.930000
 350 1.960000
 351 1.930000
 352 1.960000
 353 1.960000
 354 1.930000
 355 1.950000
 356 1.970000
 357 5.010000
 358 4.730000
 359 4.670000
 360 4.600000
 361 4.620000
 362 4.630000
 363 4.590000
 364 4.450000
 365 4.620000
 366 4.600000
 367 4.650000
 368 4.670000
 369 4.080000
 370 4.060000
 371 3.950000
 372 3.980000
 373 3.960000
 374 5.050000
 375 5.040000
 376 5.020000
 377 5.020000
 378 5.020000
 379 1.530000
 380 1.520000
 381 1.470000
 382 1.470000
 383 1.440000
 384 1.450000
 385 1.430000
 386 1.460000
 387 1.460000
 388 1.460000
 389 1.460000
 390 1.460000
 391 1.460000
 392 1.480000
 393 1.480000
 394 1.460000
 395 1.490000
 396 4.830000
 397 4.830000
 398 4.760000
 399 4.710000
 400 4.650000
 401 4.610000
 402 4.630000
 403 4.610000
 404 4.610000
 405 4.620000
 406 4.580000
 407 4.440000
 408 4.250000
 409 4.230000
 410 4.300000
 411 4.300000
 412 4.430000
 413 4.350000
 414 4.260000
 415 4.250000
 416 4.310000
 417 4.430000
 418 4.400000
 419 4.360000
 420 4.280000
 421 4.290000
 422 4.340000
 423 4.330000
 424 4.330000
 425 4.300000
 426 4.300000
 427 4.250000
 428 3.900000
 429 3.790000
 430 3.710000
 431 3.660000
 432 3.670000
 433 3.630000
 434 3.610000
 435 3.590000
 436 3.590000
 437 3.600000
 438 3.580000
 439 3.550000
 440 3.520000
 441 3.500000
 442 3.530000
 443 3.530000
 444 3.500000
 445 3.500000
 446 3.610000
 447 3.610000
 448 3.610000
 449 3.580000
 450 3.580000
 451 3.580000
 452 3.570000
 453 3.560000
 454 3.580000
 455 3.580000
 456 3.570000
 457 3.540000
 458 3.520000
 459 3.510000
 460 3.520000
 461 3.540000
 462 3.540000
 463 3.530000
 464 3.530000
 465 3.530000
 466 3.530000
 467 3.520000
 468 3.510000
 469 3.510000
 470 3.510000
 471 3.470000
 472 3.480000
 473 3.470000
 474 3.450000
 475 3.470000
 476 3.470000
 477 3.450000
 478 3.440000
 479 3.420000
 480 3.420000
 481 3.430000
 482 3.410000
 483 3.410000
 484 3.370000
 485 3.380000
 486 3.360000
 487 3.310000
 488 3.270000
 489 3.270000
 490 3.260000
 491 3.270000
 492 3.220000
 493 3.210000
 494 3.170000
 495 3.180000
 496 3.170000
 497 3.130000
 498 3.120000
 499 3.130000
 500 3.110000
 501 3.110000
 502 3.070000
 503 3.080000
 504 3.070000
 505 3.060000
 506 3.070000
 507 3.080000
 508 3.060000
 509 3.070000
 510 3.070000
 511 3.070000
 512 3.070000
 513 3.070000
 514 3.070000
 515 3.090000
 516 3.130000
 517 3.100000
 518 3.120000
 519 3.120000
 520 3.150000
 521 3.140000
 522 3.120000
 523 3.120000
 524 3.120000
 525 3.090000
 526 3.090000
 527 3.130000
 528 3.110000
 529 3.080000
 530 3.080000
 531 3.020000
 532 3.040000
 533 3.030000
 534 3.060000
 535 3.030000
 536 3.030000
 537 3.010000
 538 3.030000
 539 3.040000
 540 3.040000
 541 3.040000
 542 3.010000
 543 3.010000
 544 2.430000
 545 2.410000
 546 3.010000
 547 3.040000
 548 3.040000
 549 3.040000
 550 3.060000
 551 3.040000
 552 3.060000
 553 3.060000
 554 3.060000
 555 3.080000
 556 3.090000
 557 3.090000
 558 3.060000
 559 3.090000
 560 3.080000
 561 2.060000
 562 2.080000
 563 2.090000
 564 2.000000
 565 1.800000
 566 1.800000
 567 1.810000
 568 1.790000
 569 1.820000
 570 1.820000
 571 1.820000
 572 1.820000
 573 1.840000
 574 1.840000
 575 1.840000
 576 1.870000
 577 1.870000
 578 1.890000
 579 1.870000
 580 1.890000
 581 1.890000
 582 1.920000
 583 1.940000
 584 1.940000
 585 1.940000
 586 1.970000
 587 1.990000
 588 1.970000
 589 2.020000
 590 1.990000
 591 1.990000
 592 2.050000
 593 2.050000
 594 2.050000
 595 2.080000
 596 2.080000
 597 2.100000
 598 2.130000
 599 2.130000
 600 2.180000
 601 2.180000
 602 2.200000
 603 2.230000
 604 2.230000
 605 2.230000
 606 2.230000
 607 2.250000
 608 2.280000
 609 2.240000
 610 2.250000
 611 2.300000
 612 2.330000
 613 2.350000
 614 2.340000
 615 2.360000
 616 2.330000
 617 2.350000
 618 2.390000
 619 2.350000
 620 2.380000
 621 2.400000
 622 2.430000
 623 1.450000
 624 1.460000
 625 1.480000
 626 1.450000
 627 1.470000
 628 1.460000
 629 1.490000
 630 1.490000
 631 1.490000
 632 1.510000
 633 1.540000
 634 1.540000
 635 1.560000
 636 1.560000
 637 1.590000
 638 1.590000
 639 1.600000
 640 1.610000
 641 1.630000
 642 1.630000
 643 1.650000
 644 1.680000
 645 1.680000
 646 1.700000
 647 1.700000
 648 1.700000
 649 1.750000
 650 1.750000
 651 1.780000
 652 1.780000
 653 1.830000
 654 1.830000
 655 1.850000
 656 1.880000
 657 1.880000
 658 1.900000
 659 1.930000
 660 1.950000
 661 1.950000
 662 1.970000
 663 2.010000
 664 3.390000
 665 3.390000
 666 3.420000
 667 3.370000
 668 3.370000
 669 3.370000
 670 3.320000
 671 3.320000
 672 3.290000
 673 3.270000
 674 3.270000
 675 3.240000
 676 3.240000
 677 3.250000
 678 3.240000
 679 3.240000
 680 3.260000
 681 3.240000
 682 3.270000
 683 3.240000
 684 3.270000
 685 3.250000
 686 3.270000
 687 3.300000
 688 3.300000
 689 3.290000
 690 3.320000
 691 3.320000
 692 3.320000
 693 3.320000
 694 3.340000
 695 3.340000
 696 3.340000
 697 3.340000
 698 3.370000
 699 3.370000
 700 3.390000
 701 3.380000
 702 3.420000
 703 3.440000
 704 3.410000
 705 3.430000
 706 3.460000
 707 3.460000
 708 2.930000
 709 2.920000
 710 3.350000
 711 3.550000
 712 3.620000
 713 3.590000
 714 3.640000
 715 3.630000
 716 3.650000
 717 3.650000
 718 3.700000
 719 3.710000
 720 3.730000
 721 3.750000
 722 3.760000
 723 3.780000
 724 3.750000
 725 3.780000
 726 3.780000
 727 3.810000
 728 3.810000
 729 3.830000
 730 3.830000
 731 3.830000
 732 3.830000
 733 3.840000
 734 3.880000
 735 3.920000
 736 3.940000
 737 3.940000
 738 3.960000
 739 3.950000
 740 3.980000
 741 3.410000
 742 3.380000
 743 2.970000
 744 2.950000
 745 1.550000
 746 1.550000
 747 1.530000
 748 1.530000
 749 1.530000
 750 1.530000
 751 1.530000
 752 1.530000
 753 1.530000
 754 1.530000
 755 1.530000
 756 1.510000
 757 1.520000
 758 4.080000
 759 4.080000
 760 4.090000
 0 3.130000
 1 3.130000
 2 3.130000
 3 3.030000
 4 3.130000
 5 3.130000
 6 3.030000
 7 3.040000
 8 3.070000
 9 3.040000
 10 3.070000
 11 3.180000
 12 3.160000
 13 3.050000
 14 3.160000
 15 3.180000
 16 3.050000
 17 3.030000
 18 3.160000
 19 3.130000
 20 3.160000
 21 3.000000
 22 3.130000
 23 3.160000
 24 3.130000
 25 3.020000
 26 3.000000
 27 3.000000
 28 3.130000
 29 2.990000
 30 3.000000
 31 3.110000
 32 3.000000
 33 3.110000
 34 3.110000
 35 2.950000
 36 2.900000
 37 2.690000
 38 2.330000
 39 2.170000
 40 2.160000
 41 2.140000
 42 2.140000
 43 2.150000
 44 2.130000
 45 2.130000
 46 2.120000
 47 2.140000
 48 2.140000
 49 2.140000
 50 2.140000
 51 2.140000
 52 2.220000
 53 2.260000
 54 2.210000
 55 2.200000
 56 2.180000
 57 2.180000
 58 2.180000
 59 2.210000
 60 2.230000
 61 2.200000
 62 2.220000
 63 2.200000
 64 2.180000
 65 2.180000
 66 2.190000
 67 2.180000
 68 2.210000
 69 2.220000
 70 2.230000
 71 2.230000
 72 2.210000
 73 2.230000
 74 2.200000
 75 2.210000
 76 2.260000
 77 2.330000
 78 2.210000
 79 2.190000
 80 2.200000
 81 2.190000
 82 2.180000
 83 2.230000
 84 2.250000
 85 2.250000
 86 2.230000
 87 2.230000
 88 2.250000
 89 2.260000
 90 2.230000
 91 2.270000
 92 2.240000
 93 2.280000
 94 2.260000
 95 2.230000
 96 2.230000
 97 2.230000
 98 2.220000
 99 2.220000
 100 2.230000
 101 2.280000
 102 2.280000
 103 2.280000
 104 2.280000
 105 2.320000
 106 2.290000
 107 2.290000
 108 2.310000
 109 2.300000
 110 2.290000
 111 2.330000
 112 2.330000
 113 2.340000
 114 2.320000
 115 2.340000
 116 2.330000
 117 2.330000
 118 2.350000
 119 2.340000
 120 2.470000
 121 2.390000
 122 2.340000
 123 2.310000
 124 2.320000
 125 2.310000
 126 2.330000
 127 2.390000
 128 2.370000
 129 2.390000
 130 2.380000
 131 2.380000
 132 2.420000
 133 2.410000
 134 2.420000
 135 2.410000
 136 2.380000
 137 2.380000
 138 2.380000
 139 2.390000
 140 2.380000
 141 2.410000
 142 2.430000
 143 2.430000
 144 2.440000
 145 2.480000
 146 3.590000
 147 3.570000
 148 3.630000
 149 3.500000
 150 3.600000
 151 3.590000
 152 3.560000
 153 3.590000
 154 3.500000
 155 3.450000
 156 3.410000
 157 3.420000
 158 3.430000
 159 3.410000
 160 3.440000
 161 3.430000
 162 3.440000
 163 3.420000
 164 3.430000
 165 3.450000
 166 3.470000
 167 3.500000
 168 3.520000
 169 3.650000
 170 3.730000
 171 3.710000
 172 3.720000
 173 3.750000
 174 3.780000
 175 3.810000
 176 3.810000
 177 3.850000
 178 3.860000
 179 3.850000
 180 3.860000
 181 3.860000
 182 3.920000
 183 3.880000
 184 3.890000
 185 3.900000
 186 3.930000
 187 3.970000
 188 3.950000
 189 3.930000
 190 3.960000
 191 3.980000
 192 3.970000
 193 4.030000
 194 3.960000
 195 4.000000
 196 4.100000
 197 4.000000
 198 4.080000
 199 4.130000
 200 4.140000
 201 4.180000
 202 4.080000
 203 4.100000
 204 4.070000
 205 4.150000
 206 4.100000
 207 1.190000
 208 1.190000
 209 4.170000
 210 4.200000
 211 4.200000
 212 4.230000
 213 4.230000
 214 4.250000
 215 4.250000
 216 4.270000
 217 4.300000
 218 4.300000
 219 4.330000
 220 4.350000
 221 4.350000
 222 4.380000
 223 4.380000
 224 4.500000
 225 4.430000
 226 4.450000
 227 4.130000
 228 4.180000
 229 4.500000
 230 4.500000
 231 4.530000
 232 4.550000
 233 4.550000
 234 4.580000
 235 4.710000
 236 4.740000
 237 4.760000
 238 4.760000
 239 4.770000
 240 4.700000
 241 4.730000
 242 4.750000
 243 4.800000
 244 4.780000
 245 4.910000
 246 4.950000
 247 5.010000
 248 4.900000
 249 5.010000
 250 4.980000
 251 4.990000
 252 4.950000
 253 4.950000
 254 4.930000
 255 2.350000
 256 2.310000
 257 2.320000
 258 2.280000
 259 1.780000
 260 1.760000
 261 1.730000
 262 1.760000
 263 1.730000
 264 1.730000
 265 1.330000
 266 1.190000
 267 1.180000
 268 1.190000
 269 1.190000
 270 1.190000
 271 1.200000
 272 1.190000
 273 1.190000
 274 1.190000
 275 1.180000
 276 1.180000
 277 1.190000
 278 1.190000
 279 1.190000
 280 1.180000
 281 1.330000
 282 1.280000
 283 1.290000
 284 5.240000
 285 5.240000
 286 5.130000
 287 5.120000
 288 5.190000
 289 2.400000
 290 2.380000
 291 2.360000
 292 2.360000
 293 2.330000
 294 2.360000
 295 2.330000
 296 2.360000
 297 2.360000
 298 2.410000
 299 4.470000
 300 4.380000
 301 4.380000
 302 1.840000
 303 1.860000
 304 1.840000
 305 1.820000
 306 1.810000
 307 1.810000
 308 1.810000
 309 1.780000
 310 1.810000
 311 1.810000
 312 1.810000
 313 1.810000
 314 1.830000
 315 4.980000
 316 4.960000
 317 4.960000
 318 4.960000
 319 4.970000
 320 4.920000
 321 4.960000
 322 2.510000
 323 2.490000
 324 2.440000
 325 2.430000
 326 2.430000
 327 1.330000
 328 1.330000
 329 1.320000
 330 1.290000
 331 1.290000
 332 1.280000
 333 1.280000
 334 1.260000
 335 1.260000
 336 1.260000
 337 1.280000
 338 1.270000
 339 1.290000
 340 1.290000
 341 1.270000
 342 1.280000
 343 1.280000
 344 1.310000
 345 1.690000
 346 1.970000
 347 1.940000
 348 1.950000
 349 1.930000
 350 1.930000
 351 1.930000
 352 1.960000
 353 1.960000
 354 1.960000
 355 1.950000
 356 1.980000
 357 5.030000
 358 4.760000
 359 4.660000
 360 4.630000
 361 4.620000
 362 4.620000
 363 4.620000
 364 4.450000
 365 4.590000
 366 4.630000
 367 4.650000
 368 4.680000
 369 4.080000
 370 4.090000
 371 3.980000
 372 3.980000
 373 3.990000
 374 5.070000
 375 5.040000
 376 5.020000
 377 5.020000
 378 4.990000
 379 1.510000
 380 1.490000
 381 1.490000
 382 1.470000
 383 1.470000
 384 1.450000
 385 1.460000
 386 1.460000
 387 1.430000
 388 1.460000
 389 1.480000
 390 1.460000
 391 1.460000
 392 1.480000
 393 1.460000
 394 1.480000
 395 1.490000
 396 4.800000
 397 4.800000
 398 4.760000
 399 4.710000
 400 4.630000
 401 4.640000
 402 4.630000
 403 4.610000
 404 4.610000
 405 4.610000
 406 4.580000
 407 4.430000
 408 4.230000
 409 4.230000
 410 4.330000
 411 4.300000
 412 4.460000
 413 4.320000
 414 4.260000
 415 4.250000
 416 4.310000
 417 4.460000
 418 4.390000
 419 4.360000
 420 4.310000
 421 4.260000
 422 4.340000
 423 4.330000
 424 4.330000
 425 4.300000
 426 4.300000
 427 4.220000
 428 3.900000
 429 3.770000
 430 3.680000
 431 3.660000
 432 3.670000
 433 3.670000
 434 3.640000
 435 3.620000
 436 3.590000
 437 3.570000
 438 3.570000
 439 3.550000
 440 3.550000
 441 3.500000
 442 3.530000
 443 3.530000
 444 3.500000
 445 3.500000
 446 3.610000
 447 3.580000
 448 3.610000
 449 3.610000
 450 3.580000
 451 3.580000
 452 3.570000
 453 3.590000
 454 3.600000
 455 3.580000
 456 3.550000
 457 3.560000
 458 3.550000
 459 3.500000
 460 3.550000
 461 3.520000
 462 3.540000
 463 3.530000
 464 3.560000
 465 3.530000
 466 3.530000
 467 3.530000
 468 3.530000
 469 3.520000
 470 3.500000
 471 3.480000
 472 3.470000
 473 3.500000
 474 3.460000
 475 3.450000
 476 3.450000
 477 3.460000
 478 3.430000
 479 3.450000
 480 3.430000
 481 3.430000
 482 3.410000
 483 3.410000
 484 3.370000
 485 3.370000
 486 3.360000
 487 3.320000
 488 3.270000
 489 3.300000
 490 3.270000
 491 3.270000
 492 3.220000
 493 3.170000
 494 3.180000
 495 3.170000
 496 3.180000
 497 3.120000
 498 3.120000
 499 3.110000
 500 3.110000
 501 3.110000
 502 3.070000
 503 3.080000
 504 3.060000
 505 3.080000
 506 3.070000
 507 3.070000
 508 3.070000
 509 3.070000
 510 3.100000
 511 3.070000
 512 3.070000
 513 3.070000
 514 3.070000
 515 3.070000
 516 3.110000
 517 3.070000
 518 3.090000
 519 3.120000
 520 3.120000
 521 3.120000
 522 3.120000
 523 3.150000
 524 3.120000
 525 3.090000
 526 3.130000
 527 3.110000
 528 3.100000
 529 3.080000
 530 3.080000
 531 3.060000
 532 3.040000
 533 3.030000
 534 3.060000
 535 3.030000
 536 3.030000
 537 3.010000
 538 3.030000
 539 3.060000
 540 3.050000
 541 3.040000
 542 3.040000
 543 3.010000
 544 2.450000
 545 2.410000
 546 3.040000
 547 3.040000
 548 3.040000
 549 3.060000
 550 3.040000
 551 3.060000
 552 3.060000
 553 3.060000
 554 3.060000
 555 3.090000
 556 3.110000
 557 3.090000
 558 3.090000
 559 3.110000
 560 3.090000
 561 2.030000
 562 2.070000
 563 2.090000
 564 2.060000
 565 1.830000
 566 1.820000
 567 1.780000
 568 1.790000
 569 1.790000
 570 1.820000
 571 1.820000
 572 1.840000
 573 1.820000
 574 1.840000
 575 1.840000
 576 1.840000
 577 1.870000
 578 1.870000
 579 1.890000
 580 1.870000
 581 1.890000
 582 1.890000
 583 1.920000
 584 1.940000
 585 1.940000
 586 1.970000
 587 1.970000
 588 1.970000
 589 1.990000
 590 1.990000
 591 2.020000
 592 2.020000
 593 2.050000
 594 2.050000
 595 2.080000
 596 2.100000
 597 2.100000
 598 2.130000
 599 2.150000
 600 2.150000
 601 2.180000
 602 2.200000
 603 2.200000
 604 2.200000
 605 2.230000
 606 2.250000
 607 2.250000
 608 2.280000
 609 2.240000
 610 2.280000
 611 2.330000
 612 2.350000
 613 2.330000
 614 2.340000
 615 2.360000
 616 2.330000
 617 2.330000
 618 2.350000
 619 2.350000
 620 2.350000
 621 2.400000
 622 2.400000
 623 1.450000
 624 1.460000
 625 1.470000
 626 1.460000
 627 1.460000
 628 1.460000
 629 1.490000
 630 1.510000
 631 1.510000
 632 1.510000
 633 1.510000
 634 1.540000
 635 1.560000
 636 1.560000
 637 1.590000
 638 1.590000
 639 1.610000
 640 1.630000
 641 1.600000
 642 1.630000
 643 1.650000
 644 1.650000
 645 1.680000
 646 1.680000
 647 1.700000
 648 1.730000
 649 1.750000
 650 1.750000
 651 1.780000
 652 1.780000
 653 1.800000
 654 1.800000
 655 1.830000
 656 1.850000
 657 1.880000
 658 1.900000
 659 1.900000
 660 1.930000
 661 1.980000
 662 1.980000
 663 2.010000
 664 3.390000
 665 3.390000
 666 3.370000
 667 3.370000
 668 3.340000
 669 3.340000
 670 3.320000
 671 3.290000
 672 3.290000
 673 3.270000
 674 3.270000
 675 3.240000
 676 3.240000
 677 3.250000
 678 3.250000
 679 3.240000
 680 3.270000
 681 3.270000
 682 3.260000
 683 3.240000
 684 3.270000
 685 3.250000
 686 3.240000
 687 3.310000
 688 3.300000
 689 3.300000
 690 3.310000
 691 3.300000
 692 3.300000
 693 3.340000
 694 3.340000
 695 3.350000
 696 3.340000
 697 3.370000
 698 3.340000
 699 3.350000
 700 3.390000
 701 3.420000
 702 3.390000
 703 3.430000
 704 3.440000
 705 3.430000
 706 3.460000
 707 3.460000
 708 2.930000
 709 2.950000
 710 3.390000
 711 3.520000
 712 3.590000
 713 3.590000
 714 3.610000
 715 3.630000
 716 3.660000
 717 3.680000
 718 3.680000
 719 3.710000
 720 3.700000
 721 3.760000
 722 3.760000
 723 3.770000
 724 3.790000
 725 3.780000
 726 3.790000
 727 3.810000
 728 3.810000
 729 3.810000
 730 3.830000
 731 3.840000
 732 3.830000
 733 3.840000
 734 3.920000
 735 3.910000
 736 3.930000
 737 3.910000
 738 3.950000
 739 3.960000
 740 3.950000
 741 3.360000
 742 3.370000
 743 2.940000
 744 2.920000
 745 1.530000
 746 1.550000
 747 1.530000
 748 1.530000
 749 1.530000
 750 1.530000
 751 1.530000
 752 1.530000
 753 1.530000
 754 1.530000
 755 1.500000
 756 1.540000
 757 1.520000
 758 4.050000
 759 4.060000
 760 4.060000
 0 3.130000
 1 3.110000
 2 3.130000
 3 3.030000
 4 3.130000
 5 3.130000
 6 3.030000
 7 3.030000
 8 3.050000
 9 3.040000
 10 3.050000
 11 3.180000
 12 3.160000
 13 3.050000
 14 3.160000
 15 3.160000
 16 3.050000
 17 3.030000
 18 3.160000
 19 3.160000
 20 3.130000
 21 3.030000
 22 3.160000
 23 3.130000
 24 3.160000
 25 3.010000
 26 3.020000
 27 3.030000
 28 2.980000
 29 3.020000
 30 3.000000
 31 3.130000
 32 2.970000
 33 3.130000
 34 3.110000
 35 2.980000
 36 2.880000
 37 2.710000
 38 2.330000
 39 2.170000
 40 2.160000
 41 2.140000
 42 2.140000
 43 2.150000
 44 2.160000
 45 2.130000
 46 2.120000
 47 2.120000
 48 2.140000
 49 2.140000
 50 2.140000
 51 2.140000
 52 2.220000
 53 2.280000
 54 2.230000
 55 2.180000
 56 2.180000
 57 2.180000
 58 2.180000
 59 2.210000
 60 2.200000
 61 2.200000
 62 2.220000
 63 2.210000
 64 2.180000
 65 2.160000
 66 2.170000
 67 2.180000
 68 2.210000
 69 2.220000
 70 2.220000
 71 2.220000
 72 2.210000
 73 2.210000
 74 2.230000
 75 2.210000
 76 2.260000
 77 2.320000
 78 2.180000
 79 2.190000
 80 2.190000
 81 2.190000
 82 2.200000
 83 2.210000
 84 2.220000
 85 2.250000
 86 2.230000
 87 2.230000
 88 2.230000
 89 2.230000
 90 2.260000
 91 2.240000
 92 2.270000
 93 2.270000
 94 2.260000
 95 2.260000
 96 2.230000
 97 2.210000
 98 2.240000
 99 2.220000
 100 2.210000
 101 2.280000
 102 2.280000
 103 2.280000
 104 2.300000
 105 2.290000
 106 2.320000
 107 2.290000
 108 2.310000
 109 2.300000
 110 2.300000
 111 2.330000
 112 2.310000
 113 2.320000
 114 2.320000
 115 2.340000
 116 2.330000
 117 2.330000
 118 2.330000
 119 2.340000
 120 2.470000
 121 2.360000
 122 2.340000
 123 2.310000
 124 2.320000
 125 2.330000
 126 2.350000
 127 2.370000
 128 2.370000
 129 2.390000
 130 2.380000
 131 2.410000
 132 2.390000
 133 2.410000
 134 2.420000
 135 2.410000
 136 2.380000
 137 2.380000
 138 2.380000
 139 2.390000
 140 2.380000
 141 2.380000
 142 2.430000
 143 2.420000
 144 2.440000
 145 2.480000
 146 3.590000
 147 3.590000
 148 3.600000
 149 3.500000
 150 3.600000
 151 3.570000
 152 3.560000
 153 3.560000
 154 3.470000
 155 3.450000
 156 3.400000
 157 3.410000
 158 3.420000
 159 3.400000
 160 3.400000
 161 3.410000
 162 3.410000
 163 3.420000
 164 3.430000
 165 3.430000
 166 3.450000
 167 3.480000
 168 3.490000
 169 3.640000
 170 3.730000
 171 3.700000
 172 3.730000
 173 3.760000
 174 3.770000
 175 3.800000
 176 3.810000
 177 3.850000
 178 3.830000
 179 3.840000
 180 3.860000
 181 3.860000
 182 3.890000
 183 3.900000
 184 3.920000
 185 3.910000
 186 3.920000
 187 3.940000
 188 3.950000
 189 3.960000
 190 3.950000
 191 3.970000
 192 3.970000
 193 3.980000
 194 3.980000
 195 4.020000
 196 4.080000
 197 3.980000
 198 4.070000
 199 4.150000
 200 4.150000
 201 4.160000
 202 4.080000
 203 4.100000
 204 4.130000
 205 4.090000
 206 4.100000
 207 1.210000
 208 1.220000
 209 4.150000
 210 4.200000
 211 4.200000
 212 4.200000
 213 4.230000
 214 4.230000
 215 4.250000
 216 4.270000
 217 4.280000
 218 4.300000
 219 4.350000
 220 4.320000
 221 4.350000
 222 4.350000
 223 4.380000
 224 4.490000
 225 4.430000
 226 4.430000
 227 4.130000
 228 4.180000
 229 4.500000
 230 4.470000
 231 4.530000
 232 4.500000
 233 4.580000
 234 4.580000
 235 4.710000
 236 4.710000
 237 4.760000
 238 4.760000
 239 4.760000
 240 4.700000
 241 4.730000
 242 4.750000
 243 4.780000
 244 4.800000
 245 4.930000
 246 4.920000
 247 4.990000
 248 4.890000
 249 5.010000
 250 4.980000
 251 4.990000
 252 4.950000
 253 4.950000
 254 4.950000
 255 2.370000
 256 2.310000
 257 2.290000
 258 2.320000
 259 1.780000
 260 1.730000
 261 1.730000
 262 1.760000
 263 1.730000
 264 1.730000
 265 1.350000
 266 1.190000
 267 1.160000
 268 1.170000
 269 1.190000
 270 1.190000
 271 1.190000
 272 1.170000
 273 1.190000
 274 1.190000
 275 1.180000
 276 1.220000
 277 1.190000
 278 1.190000
 279 1.190000
 280 1.210000
 281 1.330000
 282 1.330000
 283 1.300000
 284 5.220000
 285 5.240000
 286 5.100000
 287 5.120000
 288 5.190000
 289 2.400000
 290 2.350000
 291 2.360000
 292 2.360000
 293 2.360000
 294 2.330000
 295 2.330000
 296 2.360000
 297 2.360000
 298 2.440000
 299 4.470000
 300 4.380000
 301 4.380000
 302 1.870000
 303 1.860000
 304 1.840000
 305 1.820000
 306 1.810000
 307 1.810000
 308 1.810000
 309 1.810000
 310 1.810000
 311 1.810000
 312 1.810000
 313 1.810000
 314 1.850000
 315 4.980000
 316 4.990000
 317 4.970000
 318 4.970000
 319 4.940000
 320 4.940000
 321 4.940000
 322 2.540000
 323 2.490000
 324 2.440000
 325 2.460000
 326 2.460000
 327 1.350000
 328 1.330000
 329 1.320000
 330 1.290000
 331 1.290000
 332 1.280000
 333 1.260000
 334 1.280000
 335 1.260000
 336 1.260000
 337 1.290000
 338 1.290000
 339 1.270000
 340 1.290000
 341 1.290000
 342 1.280000
 343 1.280000
 344 1.280000
 345 1.500000
 346 1.960000
 347 1.940000
 348 1.930000
 349 1.930000
 350 1.930000
 351 1.930000
 352 1.960000
 353 1.960000
 354 1.930000
 355 1.950000
 356 1.970000
 357 5.030000
 358 4.760000
 359 4.640000
 360 4.620000
 361 4.620000
 362 4.600000
 363 4.590000
 364 4.450000
 365 4.600000
 366 4.640000
 367 4.630000
 368 4.670000
 369 4.110000
 370 4.070000
 371 3.950000
 372 3.980000
 373 3.960000
 374 5.070000
 375 5.040000
 376 5.050000
 377 5.020000
 378 5.020000
 379 1.530000
 380 1.490000
 381 1.490000
 382 1.490000
 383 1.440000
 384 1.450000
 385 1.460000
 386 1.430000
 387 1.460000
 388 1.460000
 389 1.460000
 390 1.460000
 391 1.460000
 392 1.480000
 393 1.480000
 394 1.460000
 395 1.460000
 396 4.800000
 397 4.800000
 398 4.750000
 399 4.700000
 400 4.660000
 401 4.630000
 402 4.620000
 403 4.640000
 404 4.610000
 405 4.610000
 406 4.580000
 407 4.460000
 408 4.250000
 409 4.230000
 410 4.350000
 411 4.330000
 412 4.480000
 413 4.330000
 414 4.260000
 415 4.220000
 416 4.310000
 417 4.460000
 418 4.410000
 419 4.360000
 420 4.280000
 421 4.260000
 422 4.340000
 423 4.350000
 424 4.330000
 425 4.300000
 426 4.320000
 427 4.200000
 428 3.900000
 429 3.790000
 430 3.710000
 431 3.660000
 432 3.690000
 433 3.610000
 434 3.580000
 435 3.610000
 436 3.560000
 437 3.560000
 438 3.550000
 439 3.550000
 440 3.520000
 441 3.500000
 442 3.530000
 443 3.530000
 444 3.500000
 445 3.530000
 446 3.610000
 447 3.580000
 448 3.610000
 449 3.580000
 450 3.580000
 451 3.560000
 452 3.580000
 453 3.590000
 454 3.600000
 455 3.570000
 456 3.570000
 457 3.540000
 458 3.550000
 459 3.530000
 460 3.510000
 461 3.540000
 462 3.540000
 463 3.560000
 464 3.530000
 465 3.530000
 466 3.530000
 467 3.530000
 468 3.530000
 469 3.520000
 470 3.510000
 471 3.510000
 472 3.480000
 473 3.480000
 474 3.460000
 475 3.470000
 476 3.460000
 477 3.450000
 478 3.450000
 479 3.460000
 480 3.460000
 481 3.430000
 482 3.430000
 483 3.410000
 484 3.410000
 485 3.380000
 486 3.380000
 487 3.330000
 488 3.280000
 489 3.300000
 490 3.300000
 491 3.250000
 492 3.200000
 493 3.210000
 494 3.210000
 495 3.160000
 496 3.160000
 497 3.150000
 498 3.130000
 499 3.120000
 500 3.110000
 501 3.110000
 502 3.070000
 503 3.070000
 504 3.080000
 505 3.060000
 506 3.070000
 507 3.040000
 508 3.070000
 509 3.080000
 510 3.100000
 511 3.060000
 512 3.060000
 513 3.060000
 514 3.060000
 515 3.090000
 516 3.110000
 517 3.130000
 518 3.120000
 519 3.160000
 520 3.140000
 521 3.150000
 522 3.110000
 523 3.140000
 524 3.130000
 525 3.100000
 526 3.110000
 527 3.110000
 528 3.080000
 529 3.080000
 530 3.080000
 531 3.030000
 532 3.070000
 533 3.030000
 534 3.060000
 535 3.030000
 536 3.030000
 537 3.040000
 538 3.030000
 539 3.040000
 540 3.040000
 541 3.010000
 542 3.040000
 543 3.030000
 544 2.430000
 545 2.410000
 546 3.040000
 547 3.040000
 548 3.040000
 549 3.040000
 550 3.030000
 551 3.060000
 552 3.060000
 553 3.090000
 554 3.090000
 555 3.090000
 556 3.110000
 557 3.090000
 558 3.090000
 559 3.090000
 560 3.090000
 561 2.060000
 562 2.080000
 563 2.090000
 564 2.030000
 565 1.830000
 566 1.810000
 567 1.780000
 568 1.790000
 569 1.790000
 570 1.820000
 571 1.820000
 572 1.820000
 573 1.820000
 574 1.840000
 575 1.870000
 576 1.840000
 577 1.870000
 578 1.890000
 579 1.890000
 580 1.890000
 581 1.920000
 582 1.920000
 583 1.920000
 584 1.920000
 585 1.940000
 586 1.970000
 587 1.970000
 588 1.990000
 589 1.990000
 590 1.990000
 591 2.040000
 592 2.020000
 593 2.050000
 594 2.080000
 595 2.080000
 596 2.100000
 597 2.100000
 598 2.130000
 599 2.150000
 600 2.150000
 601 2.180000
 602 2.200000
 603 2.230000
 604 2.230000
 605 2.230000
 606 2.250000
 607 2.250000
 608 2.280000
 609 2.270000
 610 2.280000
 611 2.330000
 612 2.350000
 613 2.330000
 614 2.340000
 615 2.360000
 616 2.330000
 617 2.330000
 618 2.330000
 619 2.370000
 620 2.380000
 621 2.400000
 622 2.430000
 623 1.480000
 624 1.470000
 625 1.450000
 626 1.460000
 627 1.470000
 628 1.460000
 629 1.490000
 630 1.460000
 631 1.490000
 632 1.510000
 633 1.540000
 634 1.540000
 635 1.560000
 636 1.540000
 637 1.590000
 638 1.590000
 639 1.610000
 640 1.600000
 641 1.640000
 642 1.630000
 643 1.650000
 644 1.650000
 645 1.680000
 646 1.700000
 647 1.700000
 648 1.730000
 649 1.750000
 650 1.750000
 651 1.780000
 652 1.780000
 653 1.800000
 654 1.830000
 655 1.850000
 656 1.850000
 657 1.880000
 658 1.900000
 659 1.900000
 660 1.950000
 661 1.950000
 662 1.980000
 663 2.010000
 664 3.390000
 665 3.390000
 666 3.390000
 667 3.360000
 668 3.340000
 669 3.340000
 670 3.310000
 671 3.310000
 672 3.290000
 673 3.260000
 674 3.260000
 675 3.260000
 676 3.240000
 677 3.250000
 678 3.270000
 679 3.240000
 680 3.260000
 681 3.240000
 682 3.260000
 683 3.240000
 684 3.240000
 685 3.250000
 686 3.260000
 687 3.310000
 688 3.300000
 689 3.310000
 690 3.320000
 691 3.330000
 692 3.310000
 693 3.340000
 694 3.340000
 695 3.320000
 696 3.340000
 697 3.350000
 698 3.360000
 699 3.390000
 700 3.390000
 701 3.380000
 702 3.390000
 703 3.440000
 704 3.430000
 705 3.430000
 706 3.480000
 707 3.460000
 708 2.910000
 709 2.920000
 710 3.380000
 711 3.540000
 712 3.590000
 713 3.610000
 714 3.640000
 715 3.610000
 716 3.620000
 717 3.680000
 718 3.710000
 719 3.710000
 720 3.730000
 721 3.730000
 722 3.760000
 723 3.790000
 724 3.780000
 725 3.780000
 726 3.780000
 727 3.810000
 728 3.830000
 729 3.810000
 730 3.830000
 731 3.840000
 732 3.830000
 733 3.820000
 734 3.850000
 735 3.880000
 736 3.910000
 737 3.910000
 738 3.960000
 739 3.960000
 740 3.980000
 741 3.410000
 742 3.360000
 743 2.940000
 744 2.920000
 745 1.530000
 746 1.550000
 747 1.530000
 748 1.530000
 749 1.530000
 750 1.530000
 751 1.530000
 752 1.530000
 753 1.560000
 754 1.530000
 755 1.530000
 756 1.540000
 757 1.520000
 758 4.070000
 759 4.080000
 760 4.080000