
 0 3.140000
 1 3.140000
 2 3.110000
 3 3.030000
 4 3.110000
 5 3.110000
 6 3.010000
 7 3.040000
 8 3.030000
 9 3.040000
 10 3.070000
 11 3.210000
 12 3.160000
 13 3.050000
 14 3.160000
 15 3.160000
 16 3.060000
 17 3.040000
 18 3.160000
 19 3.160000
 20 3.140000
 21 3.030000
 22 3.140000
 23 3.160000
 24 3.140000
 25 2.990000
 26 3.000000
 27 3.030000
 28 3.010000
 29 3.000000
 30 3.010000
 31 3.110000
 32 2.970000
 33 3.140000
 34 3.110000
 35 2.980000
 36 2.880000
 37 2.710000
 38 2.330000
 39 2.170000
 40 2.170000
 41 2.160000
 42 2.150000
 43 2.130000
 44 2.160000
 45 2.140000
 46 2.150000
 47 2.150000
 48 2.150000
 49 2.150000
 50 2.150000
 51 2.150000
 52 2.250000
 53 2.260000
 54 2.240000
 55 2.200000
 56 2.190000
 57 2.190000
 58 2.190000
 59 2.210000
 60 2.200000
 61 2.200000
 62 2.220000
 63 2.200000
 64 2.180000
 65 2.190000
 66 2.200000
 67 2.160000
 68 2.210000
 69 2.220000
 70 2.230000
 71 2.220000
 72 2.240000
 73 2.210000
 74 2.200000
 75 2.240000
 76 2.240000
 77 2.330000
 78 2.200000
 79 2.170000
 80 2.200000
 81 2.170000
 82 2.200000
 83 2.240000
 84 2.250000
 85 2.250000
 86 2.240000
 87 2.230000
 88 2.200000
 89 2.240000
 90 2.260000
 91 2.250000
 92 2.270000
 93 2.280000
 94 2.240000
 95 2.230000
 96 2.240000
 97 1.110000
 98 1.110000
 99 1.110000
 100 1.090000
 101 1.090000
 102 1.060000
 103 1.090000
 104 1.090000
 105 1.060000
 106 1.040000
 107 1.060000
 108 1.060000
 109 1.040000
 110 1.030000
 111 1.050000
 112 1.050000
 113 1.050000
 114 1.080000
 115 1.080000
 116 1.100000
 117 1.080000
 118 1.100000
 119 1.100000
 120 1.080000
 121 2.380000
 122 2.340000
 123 2.310000
 124 2.320000
 125 2.310000
 126 2.350000
 127 2.370000
 128 2.400000
 129 2.400000
 130 2.390000
 131 2.390000
 132 2.400000
 133 2.410000
 134 2.420000
 135 2.410000
 136 2.410000
 137 2.390000
 138 2.390000
 139 2.390000
 140 2.390000
 141 2.410000
 142 2.430000
 143 2.420000
 144 2.420000
 145 2.490000
 146 3.590000
 147 3.570000
 148 3.600000
 149 3.510000
 150 3.580000
 151 3.590000
 152 3.560000
 153 3.560000
 154 3.470000
 155 3.420000
 156 3.400000
 157 3.390000
 158 3.420000
 159 3.430000
 160 3.430000
 161 1.510000
 162 1.530000
 163 1.510000
 164 0.930000
 165 0.850000
 166 0.850000
 167 0.850000
 168 0.850000
 169 0.850000
 170 0.830000
 171 0.830000
 172 0.840000
 173 0.840000
 174 0.830000
 175 0.830000
 176 0.830000
 177 0.830000
 178 0.830000
 179 0.800000
 180 0.830000
 181 0.830000
 182 0.800000
 183 0.820000
 184 0.820000
 185 0.840000
 186 0.860000
 187 0.850000
 188 0.840000
 189 0.860000
 190 0.860000
 191 0.880000
 192 0.860000
 193 4.010000
 194 4.010000
 195 2.040000
 196 2.050000
 197 2.040000
 198 2.010000
 199 2.040000
 200 1.990000
 201 2.010000
 202 2.010000
 203 2.000000
 204 2.000000
 205 2.020000
 206 2.030000
 207 2.030000
 208 2.070000
 209 4.160000
 210 4.180000
 211 4.210000
 212 4.230000
 213 4.260000
 214 1.380000
 215 1.380000
 216 1.390000
 217 1.360000
 218 1.360000
 219 1.360000
 220 1.360000
 221 1.390000
 222 1.360000
 223 1.360000
 224 1.340000
 225 1.360000
 226 1.340000
 227 1.350000
 228 1.370000
 229 1.410000
 230 1.430000
 231 4.500000
 232 4.520000
 233 4.560000
 234 4.580000
 235 4.710000
 236 1.980000
 237 1.930000
 238 1.910000
 239 1.910000
 240 1.150000
 241 1.120000
 242 1.910000
 243 1.890000
 244 1.910000
 245 1.900000
 246 1.930000
 247 2.030000
 248 4.900000
 249 5.010000
 250 4.980000
 251 4.990000
 252 4.960000
 253 4.960000
 254 4.960000
 255 4.960000
 256 4.910000
 257 4.910000
 258 4.880000
 259 4.840000
 260 4.810000
 261 4.770000
 262 4.710000
 263 0.760000
 264 0.750000
 265 0.730000
 266 0.730000
 267 0.750000
 268 0.740000
 269 0.730000
 270 0.730000
 271 0.730000
 272 0.730000
 273 0.730000
 274 0.730000
 275 0.740000
 276 0.730000
 277 0.730000
 278 0.710000
 279 0.740000
 280 0.740000
 281 0.740000
 282 0.710000
 283 0.740000
 284 0.730000
 285 0.750000
 286 0.730000
 287 0.770000
 288 0.910000
 289 1.580000
 290 5.210000
 291 5.190000
 292 5.190000
 293 5.160000
 294 5.170000
 295 5.150000
 296 5.150000
 297 5.120000
 298 5.120000
 299 4.470000
 300 4.380000
 301 4.380000
 302 4.440000
 303 5.070000
 304 5.090000
 305 5.070000
 306 5.070000
 307 5.050000
 308 5.050000
 309 4.920000
 310 4.900000
 311 4.910000
 312 5.020000
 313 5.020000
 314 5.000000
 315 5.000000
 316 4.960000
 317 4.990000
 318 4.960000
 319 4.950000
 320 4.950000
 321 4.940000
 322 4.950000
 323 4.920000
 324 4.920000
 325 4.920000
 326 4.920000
 327 4.920000
 328 4.900000
 329 4.900000
 330 4.900000
 331 4.900000
 332 4.870000
 333 4.870000
 334 4.870000
 335 4.870000
 336 4.850000
 337 4.850000
 338 4.870000
 339 4.850000
 340 4.820000
 341 4.850000
 342 4.820000
 343 4.820000
 344 4.820000
 345 4.820000
 346 4.820000
 347 4.060000
 348 4.770000
 349 4.800000
 350 4.110000
 351 4.180000
 352 4.800000
 353 4.780000
 354 4.870000
 355 4.920000
 356 4.980000
 357 5.060000
 358 4.760000
 359 4.640000
 360 4.630000
 361 4.610000
 362 4.620000
 363 4.590000
 364 4.550000
 365 4.620000
 366 4.650000
 367 4.630000
 368 4.670000
 369 4.060000
 370 4.090000
 371 3.970000
 372 3.980000
 373 3.970000
 374 3.930000
 375 5.020000
 376 5.030000
 377 5.030000
 378 4.980000
 379 5.010000
 380 4.990000
 381 5.020000
 382 4.990000
 383 5.020000
 384 5.050000
 385 5.020000
 386 5.030000
 387 4.360000
 388 4.880000
 389 4.850000
 390 5.060000
 391 4.230000
 392 4.170000
 393 4.190000
 394 4.230000
 395 4.900000
 396 4.850000
 397 4.800000
 398 4.760000
 399 4.740000
 400 4.680000
 401 4.610000
 402 4.640000
 403 4.610000
 404 4.620000
 405 4.600000
 406 4.590000
 407 4.460000
 408 4.230000
 409 4.230000
 410 4.310000
 411 4.310000
 412 4.440000
 413 4.350000
 414 4.230000
 415 4.250000
 416 4.340000
 417 4.440000
 418 4.420000
 419 4.360000
 420 4.280000
 421 4.260000
 422 4.340000
 423 4.330000
 424 4.320000
 425 4.310000
 426 4.300000
 427 4.300000
 428 3.900000
 429 3.770000
 430 3.740000
 431 3.690000
 432 3.690000
 433 3.640000
 434 3.610000
 435 3.590000
 436 3.570000
 437 3.540000
 438 3.580000
 439 3.550000
 440 3.550000
 441 3.520000
 442 3.530000
 443 3.530000
 444 3.510000
 445 3.510000
 446 3.610000
 447 3.580000
 448 3.580000
 449 3.580000
 450 3.560000
 451 3.570000
 452 3.570000
 453 3.620000
 454 3.610000
 455 3.580000
 456 3.570000
 457 3.540000
 458 3.540000
 459 3.500000
 460 3.530000
 461 3.510000
 462 3.540000
 463 3.560000
 464 3.560000
 465 3.530000
 466 3.560000
 467 3.500000
 468 3.530000
 469 3.500000
 470 3.510000
 471 3.490000
 472 3.490000
 473 3.500000
 474 3.480000
 475 3.440000
 476 3.480000
 477 3.450000
 478 3.460000
 479 3.460000
 480 3.430000
 481 3.390000
 482 3.430000
 483 3.410000
 484 3.400000
 485 3.380000
 486 3.360000
 487 3.330000
 488 3.310000
 489 3.310000
 490 3.280000
 491 3.250000
 492 3.200000
 493 3.210000
 494 3.200000
 495 3.180000
 496 3.180000
 497 3.150000
 498 3.130000
 499 3.130000
 500 3.130000
 501 3.100000
 502 3.080000
 503 3.080000
 504 3.080000
 505 3.060000
 506 3.070000
 507 3.080000
 508 3.050000
 509 3.070000
 510 3.100000
 511 3.070000
 512 3.090000
 513 3.070000
 514 3.070000
 515 3.070000
 516 3.110000
 517 3.110000
 518 3.130000
 519 3.120000
 520 3.120000
 521 3.120000
 522 3.140000
 523 3.140000
 524 3.120000
 525 3.090000
 526 3.100000
 527 3.110000
 528 3.080000
 529 3.110000
 530 3.080000
 531 3.050000
 532 3.040000
 533 3.060000
 534 3.030000
 535 3.030000
 536 3.010000
 537 3.020000
 538 3.030000
 539 3.040000
 540 3.040000
 541 3.040000
 542 3.040000
 543 3.020000
 544 2.430000
 545 2.410000
 546 3.040000
 547 3.040000
 548 3.030000
 549 3.030000
 550 3.040000
 551 3.070000
 552 3.070000
 553 3.090000
 554 3.090000
 555 3.090000
 556 3.090000
 557 3.090000
 558 3.120000
 559 3.090000
 560 3.080000
 561 2.070000
 562 2.080000
 563 2.090000
 564 2.060000
 565 1.800000
 566 1.810000
 567 1.800000
 568 1.810000
 569 1.800000
 570 1.820000
 571 1.820000
 572 1.850000
 573 1.820000
 574 1.820000
 575 1.870000
 576 1.870000
 577 1.870000
 578 1.870000
 579 1.900000
 580 1.900000
 581 1.920000
 582 1.920000
 583 1.920000
 584 1.950000
 585 1.950000
 586 1.950000
 587 1.970000
 588 1.970000
 589 2.000000
 590 2.000000
 591 2.020000
 592 2.020000
 593 2.070000
 594 2.070000
 595 2.080000
 596 2.100000
 597 2.100000
 598 2.130000
 599 2.130000
 600 2.150000
 601 2.200000
 602 2.200000
 603 2.230000
 604 2.230000
 605 2.200000
 606 2.230000
 607 2.250000
 608 2.250000
 609 2.250000
 610 2.280000
 611 2.300000
 612 2.330000
 613 2.350000
 614 2.370000
 615 2.330000
 616 2.330000
 617 2.330000
 618 2.330000
 619 2.360000
 620 2.380000
 621 2.410000
 622 2.410000
 623 1.460000
 624 1.460000
 625 1.450000
 626 1.460000
 627 1.450000
 628 1.490000
 629 1.490000
 630 1.490000
 631 1.510000
 632 1.510000
 633 1.510000
 634 1.540000
 635 1.560000
 636 1.560000
 637 1.590000
 638 1.580000
 639 1.610000
 640 1.610000
 641 1.630000
 642 1.630000
 643 1.660000
 644 1.660000
 645 1.660000
 646 1.710000
 647 1.710000
 648 1.710000
 649 1.730000
 650 1.730000
 651 1.780000
 652 1.810000
 653 1.810000
 654 1.830000
 655 1.830000
 656 1.860000
 657 1.880000
 658 1.880000
 659 1.930000
 660 1.960000
 661 1.950000
 662 1.970000
 663 2.010000
 664 3.390000
 665 3.390000
 666 3.390000
 667 3.370000
 668 3.370000
 669 3.340000
 670 3.340000
 671 3.330000
 672 3.270000
 673 3.270000
 674 3.270000
 675 3.270000
 676 3.250000
 677 3.250000
 678 3.240000
 679 3.230000
 680 3.240000
 681 3.260000
 682 3.270000
 683 3.270000
 684 3.240000
 685 3.240000
 686 3.270000
 687 3.310000
 688 3.300000
 689 3.300000
 690 3.330000
 691 3.310000
 692 3.290000
 693 3.320000
 694 3.340000
 695 3.340000
 696 3.340000
 697 3.370000
 698 3.370000
 699 3.370000
 700 3.390000
 701 3.390000
 702 3.420000
 703 3.420000
 704 3.440000
 705 3.440000
 706 3.450000
 707 3.470000
 708 2.940000
 709 2.920000
 710 3.370000
 711 3.540000
 712 3.590000
 713 3.590000
 714 3.610000
 715 3.640000
 716 3.660000
 717 3.690000
 718 3.670000
 719 3.710000
 720 3.730000
 721 3.730000
 722 3.790000
 723 3.790000
 724 3.760000
 725 3.790000
 726 3.790000
 727 3.810000
 728 3.790000
 729 3.810000
 730 3.810000
 731 3.810000
 732 3.830000
 733 3.840000
 734 3.890000
 735 3.880000
 736 3.900000
 737 3.910000
 738 3.950000
 739 3.960000
 740 3.960000
 741 3.410000
 742 3.360000
 743 2.970000
 744 2.940000
 745 1.540000
 746 1.550000
 747 1.540000
 748 1.540000
 749 1.540000
 750 1.540000
 751 1.560000
 752 1.540000
 753 1.540000
 754 1.540000
 755 1.530000
 756 1.520000
 757 1.500000
 758 4.080000
 759 4.080000
 760 4.090000
 0 3.140000
 1 3.140000
 2 3.140000
 3 3.030000
 4 3.110000
 5 3.140000
 6 3.010000
 7 3.060000
 8 3.070000
 9 3.040000
 10 3.040000
 11 3.190000
 12 3.190000
 13 3.050000
 14 3.160000
 15 3.160000
 16 3.060000
 17 3.040000
 18 3.190000
 19 3.160000
 20 3.140000
 21 3.030000
 22 3.140000
 23 3.140000
 24 3.160000
 25 3.040000
 26 3.020000
 27 3.000000
 28 3.010000
 29 3.020000
 30 2.980000
 31 3.110000
 32 3.010000
 33 3.140000
 34 3.140000
 35 2.980000
 36 2.900000
 37 2.710000
 38 2.330000
 39 2.170000
 40 2.170000
 41 2.140000
 42 2.150000
 43 2.130000
 44 2.140000
 45 2.160000
 46 2.150000
 47 2.120000
 48 2.150000
 49 2.150000
 50 2.150000
 51 2.170000
 52 2.220000
 53 2.290000
 54 2.260000
 55 2.200000
 56 2.190000
 57 2.190000
 58 2.160000
 59 2.210000
 60 2.200000
 61 2.230000
 62 2.200000
 63 2.190000
 64 2.180000
 65 2.190000
 66 2.160000
 67 2.210000
 68 2.230000
 69 2.220000
 70 2.230000
 71 2.220000
 72 2.240000
 73 2.210000
 74 2.200000
 75 2.210000
 76 2.240000
 77 2.320000
 78 2.200000
 79 2.200000
 80 2.200000
 81 2.200000
 82 2.180000
 83 2.210000
 84 2.250000
 85 2.250000
 86 2.240000
 87 2.250000
 88 2.250000
 89 2.240000
 90 2.260000
 91 2.250000
 92 2.270000
 93 2.280000
 94 2.260000
 95 2.250000
 96 2.230000
 97 1.080000
 98 1.090000
 99 1.090000
 100 1.090000
 101 1.090000
 102 1.090000
 103 1.090000
 104 1.060000
 105 1.060000
 106 1.040000
 107 1.040000
 108 1.040000
 109 1.040000
 110 1.030000
 111 1.050000
 112 1.050000
 113 1.050000
 114 1.080000
 115 1.050000
 116 1.080000
 117 1.100000
 118 1.080000
 119 1.100000
 120 1.080000
 121 2.380000
 122 2.340000
 123 2.310000
 124 2.320000
 125 2.310000
 126 2.350000
 127 2.370000
 128 2.370000
 129 2.400000
 130 2.390000
 131 2.390000
 132 2.420000
 133 2.410000
 134 2.400000
 135 2.410000
 136 2.410000
 137 2.390000
 138 2.410000
 139 2.390000
 140 2.390000
 141 2.410000
 142 2.460000
 143 2.450000
 144 2.420000
 145 2.480000
 146 3.590000
 147 3.600000
 148 3.630000
 149 3.510000
 150 3.580000
 151 3.590000
 152 3.560000
 153 3.560000
 154 3.470000
 155 3.420000
 156 3.410000
 157 3.420000
 158 3.430000
 159 3.400000
 160 3.420000
 161 1.540000
 162 1.520000
 163 1.410000
 164 0.950000
 165 0.850000
 166 0.850000
 167 0.850000
 168 0.830000
 169 0.850000
 170 0.830000
 171 0.840000
 172 0.840000
 173 0.840000
 174 0.840000
 175 0.830000
 176 0.830000
 177 0.830000
 178 0.830000
 179 0.830000
 180 0.800000
 181 0.830000
 182 0.830000
 183 0.830000
 184 0.840000
 185 0.840000
 186 0.860000
 187 0.870000
 188 0.860000
 189 0.860000
 190 0.860000
 191 0.880000
 192 0.880000
 193 4.010000
 194 4.010000
 195 2.070000
 196 2.050000
 197 2.010000
 198 2.010000
 199 2.010000
 200 2.010000
 201 1.990000
 202 1.990000
 203 2.000000
 204 2.030000
 205 2.000000
 206 2.030000
 207 2.030000
 208 2.020000
 209 4.160000
 210 4.180000
 211 4.180000
 212 4.230000
 213 4.260000
 214 1.360000
 215 1.380000
 216 1.360000
 217 1.360000
 218 1.360000
 219 1.360000
 220 1.360000
 221 1.360000
 222 1.360000
 223 1.340000
 224 1.340000
 225 1.360000
 226 1.360000
 227 1.350000
 228 1.400000
 229 1.410000
 230 1.410000
 231 4.520000
 232 4.550000
 233 4.560000
 234 4.580000
 235 4.680000
 236 1.960000
 237 1.900000
 238 1.910000
 239 1.910000
 240 1.170000
 241 1.150000
 242 1.890000
 243 1.910000
 244 1.910000
 245 1.900000
 246 1.930000
 247 2.030000
 248 4.880000
 249 5.010000
 250 4.980000
 251 4.990000
 252 4.960000
 253 4.980000
 254 4.960000
 255 4.930000
 256 4.910000
 257 4.910000
 258 4.880000
 259 4.840000
 260 4.830000
 261 4.770000
 262 4.710000
 263 0.760000
 264 0.740000
 265 0.720000
 266 0.730000
 267 0.750000
 268 0.730000
 269 0.730000
 270 0.730000
 271 0.730000
 272 0.730000
 273 0.750000
 274 0.730000
 275 0.740000
 276 0.730000
 277 0.740000
 278 0.710000
 279 0.740000
 280 0.740000
 281 0.740000
 282 0.740000
 283 0.740000
 284 0.730000
 285 0.730000
 286 0.730000
 287 0.770000
 288 0.920000
 289 1.780000
 290 5.210000
 291 5.190000
 292 5.190000
 293 5.160000
 294 5.170000
 295 5.150000
 296 5.150000
 297 5.120000
 298 5.120000
 299 4.450000
 300 4.400000
 301 4.400000
 302 4.440000
 303 5.100000
 304 5.100000
 305 5.070000
 306 5.070000
 307 5.050000
 308 5.050000
 309 4.900000
 310 4.900000
 311 4.930000
 312 5.020000
 313 5.000000
 314 5.000000
 315 4.990000
 316 4.960000
 317 4.970000
 318 4.970000
 319 4.950000
 320 4.950000
 321 4.940000
 322 4.950000
 323 4.920000
 324 4.950000
 325 4.920000
 326 4.920000
 327 4.900000
 328 4.900000
 329 4.900000
 330 4.900000
 331 4.870000
 332 4.870000
 333 4.870000
 334 4.870000
 335 4.870000
 336 4.870000
 337 4.870000
 338 4.850000
 339 4.850000
 340 4.850000
 341 4.820000
 342 4.820000
 343 4.820000
 344 4.800000
 345 4.820000
 346 4.800000
 347 4.080000
 348 4.720000
 349 4.770000
 350 4.070000
 351 4.150000
 352 4.770000
 353 4.780000
 354 4.890000
 355 4.920000
 356 4.980000
 357 5.070000
 358 4.750000
 359 4.670000
 360 4.630000
 361 4.610000
 362 4.620000
 363 4.610000
 364 4.580000
 365 4.610000
 366 4.650000
 367 4.660000
 368 4.670000
 369 4.090000
 370 4.100000
 371 3.960000
 372 3.980000
 373 3.970000
 374 3.930000
 375 5.040000
 376 5.020000
 377 5.000000
 378 5.030000
 379 5.010000
 380 4.990000
 381 4.990000
 382 4.960000
 383 4.990000
 384 5.050000
 385 5.030000
 386 5.060000
 387 4.330000
 388 4.860000
 389 4.880000
 390 5.040000
 391 4.210000
 392 4.200000
 393 4.170000
 394 4.230000
 395 4.880000
 396 4.850000
 397 4.800000
 398 4.730000
 399 4.730000
 400 4.660000
 401 4.600000
 402 4.640000
 403 4.600000
 404 4.610000
 405 4.590000
 406 4.590000
 407 4.470000
 408 4.230000
 409 4.210000
 410 4.310000
 411 4.330000
 412 4.470000
 413 4.330000
 414 4.260000
 415 4.260000
 416 4.320000
 417 4.440000
 418 4.420000
 419 4.340000
 420 4.280000
 421 4.290000
 422 4.320000
 423 4.330000
 424 4.330000
 425 4.270000
 426 4.300000
 427 4.220000
 428 3.920000
 429 3.790000
 430 3.690000
 431 3.660000
 432 3.670000
 433 3.640000
 434 3.640000
 435 3.590000
 436 3.570000
 437 3.570000
 438 3.550000
 439 3.550000
 440 3.520000
 441 3.500000
 442 3.560000
 443 3.510000
 444 3.530000
 445 3.510000
 446 3.610000
 447 3.610000
 448 3.600000
 449 3.580000
 450 3.580000
 451 3.580000
 452 3.540000
 453 3.590000
 454 3.580000
 455 3.570000
 456 3.540000
 457 3.540000
 458 3.550000
 459 3.500000
 460 3.530000
 461 3.520000
 462 3.550000
 463 3.560000
 464 3.530000
 465 3.560000
 466 3.560000
 467 3.530000
 468 3.530000
 469 3.520000
 470 3.480000
 471 3.480000
 472 3.490000
 473 3.480000
 474 3.440000
 475 3.450000
 476 3.440000
 477 3.440000
 478 3.450000
 479 3.460000
 480 3.450000
 481 3.430000
 482 3.410000
 483 3.410000
 484 3.380000
 485 3.380000
 486 3.360000
 487 3.310000
 488 3.300000
 489 3.300000
 490 3.260000
 491 3.250000
 492 3.230000
 493 3.210000
 494 3.210000
 495 3.210000
 496 3.180000
 497 3.130000
 498 3.130000
 499 3.120000
 500 3.130000
 501 3.070000
 502 3.080000
 503 3.080000
 504 3.080000
 505 3.080000
 506 3.080000
 507 3.080000
 508 3.060000
 509 3.080000
 510 3.100000
 511 3.070000
 512 3.080000
 513 3.070000
 514 3.090000
 515 3.080000
 516 3.110000
 517 3.100000
 518 3.130000
 519 3.130000
 520 3.120000
 521 3.120000
 522 3.120000
 523 3.130000
 524 3.150000
 525 3.100000
 526 3.110000
 527 3.100000
 528 3.080000
 529 3.110000
 530 3.080000
 531 3.030000
 532 3.040000
 533 3.030000
 534 3.030000
 535 3.030000
 536 3.010000
 537 3.020000
 538 3.030000
 539 3.040000
 540 3.020000
 541 3.040000
 542 3.040000
 543 3.030000
 544 2.410000
 545 2.410000
 546 3.040000
 547 3.040000
 548 3.040000
 549 3.040000
 550 3.040000
 551 3.040000
 552 3.070000
 553 3.090000
 554 3.090000
 555 3.090000
 556 3.090000
 557 3.090000
 558 3.090000
 559 3.080000
 560 3.090000
 561 2.070000
 562 2.080000
 563 2.070000
 564 2.040000
 565 1.800000
 566 1.810000
 567 1.800000
 568 1.810000
 569 1.800000
 570 1.820000
 571 1.820000
 572 1.850000
 573 1.850000
 574 1.850000
 575 1.850000
 576 1.850000
 577 1.870000
 578 1.900000
 579 1.900000
 580 1.900000
 581 1.920000
 582 1.920000
 583 1.950000
 584 1.920000
 585 1.950000
 586 1.970000
 587 1.970000
 588 2.000000
 589 2.000000
 590 2.000000
 591 2.050000
 592 2.020000
 593 2.050000
 594 2.080000
 595 2.080000
 596 2.080000
 597 2.100000
 598 2.100000
 599 2.150000
 600 2.180000
 601 2.180000
 602 2.200000
 603 2.230000
 604 2.230000
 605 2.230000
 606 2.250000
 607 2.250000
 608 2.280000
 609 2.250000
 610 2.280000
 611 2.300000
 612 2.330000
 613 2.350000
 614 2.350000
 615 2.360000
 616 2.360000
 617 2.330000
 618 2.360000
 619 2.370000
 620 2.380000
 621 2.410000
 622 2.410000
 623 1.460000
 624 1.480000
 625 1.450000
 626 1.450000
 627 1.450000
 628 1.460000
 629 1.490000
 630 1.490000
 631 1.490000
 632 1.490000
 633 1.510000
 634 1.540000
 635 1.540000
 636 1.560000
 637 1.590000
 638 1.590000
 639 1.610000
 640 1.610000
 641 1.630000
 642 1.630000
 643 1.660000
 644 1.660000
 645 1.680000
 646 1.710000
 647 1.710000
 648 1.730000
 649 1.760000
 650 1.760000
 651 1.780000
 652 1.810000
 653 1.810000
 654 1.830000
 655 1.830000
 656 1.860000
 657 1.880000
 658 1.910000
 659 1.910000
 660 1.960000
 661 1.960000
 662 1.970000
 663 2.030000
 664 3.390000
 665 3.390000
 666 3.360000
 667 3.360000
 668 3.380000
 669 3.340000
 670 3.320000
 671 3.320000
 672 3.290000
 673 3.270000
 674 3.270000
 675 3.270000
 676 3.270000
 677 3.240000
 678 3.240000
 679 3.240000
 680 3.270000
 681 3.270000
 682 3.260000
 683 3.240000
 684 3.290000
 685 3.240000
 686 3.270000
 687 3.270000
 688 3.290000
 689 3.300000
 690 3.300000
 691 3.320000
 692 3.290000
 693 3.320000
 694 3.330000
 695 3.340000
 696 3.340000
 697 3.340000
 698 3.370000
 699 3.370000
 700 3.390000
 701 3.390000
 702 3.390000
 703 3.440000
 704 3.440000
 705 3.440000
 706 3.460000
 707 3.460000
 708 2.930000
 709 2.950000
 710 3.370000
 711 3.540000
 712 3.570000
 713 3.620000
 714 3.610000
 715 3.640000
 716 3.660000
 717 3.680000
 718 3.680000
 719 3.710000
 720 3.740000
 721 3.740000
 722 3.760000
 723 3.750000
 724 3.790000
 725 3.810000
 726 3.790000
 727 3.820000
 728 3.810000
 729 3.840000
 730 3.810000
 731 3.830000
 732 3.830000
 733 3.840000
 734 3.890000
 735 3.910000
 736 3.920000
 737 3.940000
 738 3.950000
 739 3.980000
 740 3.990000
 741 3.410000
 742 3.370000
 743 2.970000
 744 2.950000
 745 1.540000
 746 1.550000
 747 1.540000
 748 1.540000
 749 1.540000
 750 1.540000
 751 1.540000
 752 1.510000
 753 1.540000
 754 1.540000
 755 1.530000
 756 1.540000
 757 1.530000
 758 4.080000
 759 4.090000
 760 4.050000
 0 3.140000
 1 3.110000
 2 3.140000
 3 3.030000
 4 3.140000
 5 3.140000
 6 3.010000
 7 3.060000
 8 3.060000
 9 3.040000
 10 3.070000
 11 3.190000
 12 3.160000
 13 3.050000
 14 3.190000
 15 3.160000
 16 3.020000
 17 3.040000
 18 3.190000
 19 3.140000
 20 3.160000
 21 3.010000
 22 3.140000
 23 3.160000
 24 3.160000
 25 3.020000
 26 3.020000
 27 3.030000
 28 2.980000
 29 2.970000
 30 3.010000
 31 3.110000
 32 3.010000
 33 3.140000
 34 3.110000
 35 2.960000
 36 2.880000
 37 2.690000
 38 2.330000
 39 2.170000
 40 2.160000
 41 2.140000
 42 2.150000
 43 2.130000
 44 2.160000
 45 2.160000
 46 2.120000
 47 2.150000
 48 2.150000
 49 2.150000
 50 2.150000
 51 2.150000
 52 2.250000
 53 2.290000
 54 2.240000
 55 2.180000
 56 2.190000
 57 2.190000
 58 2.190000
 59 2.190000
 60 2.180000
 61 2.230000
 62 2.220000
 63 2.190000
 64 2.200000
 65 2.190000
 66 2.170000
 67 2.210000
 68 2.210000
 69 2.220000
 70 2.230000
 71 2.220000
 72 2.240000
 73 2.240000
 74 2.210000
 75 2.230000
 76 2.260000
 77 2.330000
 78 2.210000
 79 2.200000
 80 2.170000
 81 2.200000
 82 2.200000
 83 2.250000
 84 2.230000
 85 2.250000
 86 2.260000
 87 2.230000
 88 2.230000
 89 2.240000
 90 2.260000
 91 2.250000
 92 2.270000
 93 2.280000
 94 2.260000
 95 2.230000
 96 2.240000
 97 1.110000
 98 1.110000
 99 1.090000
 100 1.090000
 101 1.090000
 102 1.090000
 103 1.090000
 104 1.060000
 105 1.060000
 106 1.060000
 107 1.040000
 108 1.060000
 109 1.040000
 110 1.050000
 111 1.050000
 112 1.050000
 113 1.050000
 114 1.050000
 115 1.050000
 116 1.080000
 117 1.080000
 118 1.080000
 119 1.100000
 120 1.080000
 121 2.360000
 122 2.350000
 123 2.310000
 124 2.320000
 125 2.340000
 126 2.350000
 127 2.370000
 128 2.400000
 129 2.400000
 130 2.390000
 131 2.390000
 132 2.420000
 133 2.410000
 134 2.420000
 135 2.410000
 136 2.390000
 137 2.390000
 138 2.390000
 139 2.390000
 140 2.410000
 141 2.410000
 142 2.430000
 143 2.450000
 144 2.440000
 145 2.480000
 146 3.590000
 147 3.570000
 148 3.630000
 149 3.510000
 150 3.600000
 151 3.590000
 152 3.590000
 153 3.590000
 154 3.500000
 155 3.450000
 156 3.440000
 157 3.420000
 158 3.430000
 159 3.400000
 160 3.410000
 161 1.540000
 162 1.530000
 163 1.490000
 164 0.930000
 165 0.880000
 166 0.850000
 167 0.850000
 168 0.830000
 169 0.830000
 170 0.830000
 171 0.840000
 172 0.840000
 173 0.860000
 174 0.840000
 175 0.840000
 176 0.840000
 177 0.830000
 178 0.830000
 179 0.830000
 180 0.830000
 181 0.800000
 182 0.800000
 183 0.820000
 184 0.850000
 185 0.840000
 186 0.860000
 187 0.850000
 188 0.860000
 189 0.860000
 190 0.890000
 191 0.880000
 192 0.880000
 193 3.990000
 194 4.010000
 195 2.040000
 196 2.040000
 197 2.040000
 198 2.040000
 199 2.010000
 200 2.010000
 201 2.010000
 202 1.990000
 203 2.000000
 204 2.000000
 205 2.030000
 206 2.030000
 207 2.030000
 208 2.070000
 209 4.160000
 210 4.180000
 211 4.180000
 212 4.230000
 213 4.200000
 214 1.360000
 215 1.380000
 216 1.360000
 217 1.360000
 218 1.360000
 219 1.360000
 220 1.360000
 221 1.360000
 222 1.360000
 223 1.340000
 224 1.360000
 225 1.360000
 226 1.340000
 227 1.370000
 228 1.370000
 229 1.390000
 230 1.430000
 231 4.500000
 232 4.520000
 233 4.560000
 234 4.610000
 235 4.710000
 236 1.960000
 237 1.930000
 238 1.910000
 239 1.910000
 240 1.170000
 241 1.150000
 242 1.890000
 243 1.910000
 244 1.910000
 245 1.900000
 246 1.930000
 247 2.030000
 248 4.880000
 249 5.010000
 250 4.980000
 251 4.990000
 252 4.980000
 253 4.960000
 254 4.930000
 255 4.960000
 256 4.910000
 257 4.880000
 258 4.880000
 259 4.850000
 260 4.810000
 261 4.790000
 262 4.710000
 263 0.760000
 264 0.750000
 265 0.750000
 266 0.730000
 267 0.730000
 268 0.740000
 269 0.730000
 270 0.730000
 271 0.750000
 272 0.730000
 273 0.730000
 274 0.740000
 275 0.740000
 276 0.740000
 277 0.700000
 278 0.740000
 279 0.740000
 280 0.740000
 281 0.740000
 282 0.710000
 283 0.710000
 284 0.730000
 285 0.730000
 286 0.750000
 287 0.770000
 288 0.900000
 289 1.780000
 290 5.210000
 291 5.190000
 292 5.160000
 293 5.160000
 294 5.160000
 295 5.170000
 296 5.170000
 297 5.150000
 298 5.120000
 299 4.470000
 300 4.380000
 301 4.380000
 302 4.410000
 303 5.070000
 304 5.070000
 305 5.070000
 306 5.050000
 307 5.050000
 308 5.050000
 309 4.930000
 310 4.900000
 311 4.910000
 312 5.000000
 313 5.000000
 314 5.000000
 315 4.990000
 316 4.990000
 317 4.960000
 318 5.000000
 319 4.950000
 320 4.920000
 321 4.940000
 322 4.920000
 323 4.920000
 324 4.920000
 325 4.920000
 326 4.920000
 327 4.920000
 328 4.920000
 329 4.870000
 330 4.900000
 331 4.900000
 332 4.870000
 333 4.900000
 334 4.870000
 335 4.870000
 336 4.850000
 337 4.850000
 338 4.850000
 339 4.850000
 340 4.850000
 341 4.850000
 342 4.850000
 343 4.820000
 344 4.830000
 345 4.820000
 346 4.820000
 347 4.080000
 348 4.770000
 349 4.770000
 350 4.080000
 351 4.160000
 352 4.800000
 353 4.780000
 354 4.870000
 355 4.930000
 356 4.980000
 357 5.040000
 358 4.730000
 359 4.640000
 360 4.600000
 361 4.610000
 362 4.610000
 363 4.610000
 364 4.560000
 365 4.590000
 366 4.630000
 367 4.660000
 368 4.670000
 369 4.090000
 370 4.070000
 371 3.960000
 372 3.970000
 373 3.970000
 374 3.930000
 375 5.020000
 376 5.050000
 377 5.000000
 378 5.010000
 379 5.010000
 380 4.990000
 381 5.020000
 382 4.990000
 383 4.990000
 384 5.020000
 385 5.060000
 386 5.030000
 387 4.380000
 388 4.860000
 389 4.880000
 390 5.010000
 391 4.240000
 392 4.190000
 393 4.170000
 394 4.230000
 395 4.880000
 396 4.850000
 397 4.830000
 398 4.760000
 399 4.740000
 400 4.640000
 401 4.590000
 402 4.640000
 403 4.610000
 404 4.620000
 405 4.580000
 406 4.560000
 407 4.440000
 408 4.230000
 409 4.230000
 410 4.400000
 411 4.310000
 412 4.440000
 413 4.330000
 414 4.260000
 415 4.220000
 416 4.320000
 417 4.410000
 418 4.410000
 419 4.340000
 420 4.280000
 421 4.260000
 422 4.320000
 423 4.360000
 424 4.310000
 425 4.300000
 426 4.300000
 427 4.250000
 428 3.900000
 429 3.770000
 430 3.690000
 431 3.660000
 432 3.640000
 433 3.640000
 434 3.610000
 435 3.620000
 436 3.570000
 437 3.570000
 438 3.580000
 439 3.550000
 440 3.550000
 441 3.520000
 442 3.510000
 443 3.530000
 444 3.530000
 445 3.510000
 446 3.610000
 447 3.610000
 448 3.600000
 449 3.580000
 450 3.580000
 451 3.580000
 452 3.580000
 453 3.590000
 454 3.610000
 455 3.580000
 456 3.550000
 457 3.540000
 458 3.520000
 459 3.510000
 460 3.530000
 461 3.520000
 462 3.520000
 463 3.560000
 464 3.530000
 465 3.530000
 466 3.530000
 467 3.530000
 468 3.500000
 469 3.500000
 470 3.510000
 471 3.480000
 472 3.480000
 473 3.480000
 474 3.480000
 475 3.450000
 476 3.440000
 477 3.450000
 478 3.440000
 479 3.430000
 480 3.460000
 481 3.400000
 482 3.430000
 483 3.410000
 484 3.380000
 485 3.380000
 486 3.360000
 487 3.330000
 488 3.280000
 489 3.300000
 490 3.280000
 491 3.260000
 492 3.200000
 493 3.190000
 494 3.210000
 495 3.180000
 496 3.180000
 497 3.130000
 498 3.130000
 499 3.100000
 500 3.110000
 501 3.110000
 502 3.080000
 503 3.080000
 504 3.050000
 505 3.060000
 506 3.070000
 507 3.050000
 508 3.060000
 509 3.050000
 510 3.080000
 511 3.040000
 512 3.070000
 513 3.070000
 514 3.070000
 515 3.070000
 516 3.110000
 517 3.110000
 518 3.100000
 519 3.130000
 520 3.150000
 521 3.120000
 522 3.130000
 523 3.140000
 524 3.120000
 525 3.100000
 526 3.110000
 527 3.110000
 528 3.080000
 529 3.110000
 530 3.080000
 531 3.060000
 532 3.040000
 533 3.030000
 534 3.060000
 535 3.030000
 536 3.010000
 537 3.020000
 538 3.030000
 539 3.040000
 540 3.050000
 541 3.040000
 542 3.020000
 543 3.020000
 544 2.460000
 545 2.410000
 546 3.040000
 547 3.040000
 548 3.040000
 549 3.060000
 550 3.040000
 551 3.070000
 552 3.070000
 553 3.090000
 554 3.090000
 555 3.090000
 556 3.090000
 557 3.120000
 558 3.090000
 559 3.090000
 560 3.090000
 561 2.060000
 562 2.080000
 563 2.070000
 564 2.010000
 565 1.800000
 566 1.810000
 567 1.800000
 568 1.810000
 569 1.800000
 570 1.800000
 571 1.820000
 572 1.820000
 573 1.820000
 574 1.850000
 575 1.870000
 576 1.850000
 577 1.870000
 578 1.900000
 579 1.900000
 580 1.900000
 581 1.920000
 582 1.920000
 583 1.920000
 584 1.950000
 585 1.950000
 586 1.950000
 587 1.970000
 588 2.000000
 589 2.000000
 590 2.000000
 591 2.050000
 592 2.050000
 593 2.050000
 594 2.080000
 595 2.100000
 596 2.100000
 597 2.100000
 598 2.130000
 599 2.150000
 600 2.150000
 601 2.200000
 602 2.200000
 603 2.200000
 604 2.230000
 605 2.230000
 606 2.250000
 607 2.250000
 608 2.280000
 609 2.270000
 610 2.280000
 611 2.300000
 612 2.330000
 613 2.350000
 614 2.370000
 615 2.330000
 616 2.330000
 617 2.330000
 618 2.360000
 619 2.380000
 620 2.380000
 621 2.410000
 622 2.410000
 623 1.460000
 624 1.460000
 625 1.450000
 626 1.450000
 627 1.470000
 628 1.460000
 629 1.490000
 630 1.490000
 631 1.510000
 632 1.510000
 633 1.540000
 634 1.540000
 635 1.560000
 636 1.560000
 637 1.590000
 638 1.590000
 639 1.610000
 640 1.630000
 641 1.610000
 642 1.630000
 643 1.660000
 644 1.660000
 645 1.680000
 646 1.710000
 647 1.680000
 648 1.730000
 649 1.730000
 650 1.760000
 651 1.780000
 652 1.780000
 653 1.810000
 654 1.830000
 655 1.830000
 656 1.860000
 657 1.880000
 658 1.910000
 659 1.930000
 660 1.960000
 661 1.960000
 662 2.000000
 663 2.010000
 664 3.390000
 665 3.370000
 666 3.370000
 667 3.340000
 668 3.340000
 669 3.340000
 670 3.340000
 671 3.320000
 672 3.290000
 673 3.290000
 674 3.240000
 675 3.270000
 676 3.240000
 677 3.250000
 678 3.240000
 679 3.220000
 680 3.240000
 681 3.270000
 682 3.270000
 683 3.240000
 684 3.240000
 685 3.240000
 686 3.270000
 687 3.290000
 688 3.290000
 689 3.310000
 690 3.330000
 691 3.300000
 692 3.330000
 693 3.320000
 694 3.320000
 695 3.340000
 696 3.340000
 697 3.340000
 698 3.370000
 699 3.370000
 700 3.390000
 701 3.410000
 702 3.420000
 703 3.420000
 704 3.440000
 705 3.440000
 706 3.440000
 707 3.460000
 708 2.900000
 709 2.920000
 710 3.360000
 711 3.530000
 712 3.590000
 713 3.590000
 714 3.620000
 715 3.610000
 716 3.630000
 717 3.660000
 718 3.710000
 719 3.700000
 720 3.740000
 721 3.730000
 722 3.790000
 723 3.760000
 724 3.780000
 725 3.820000
 726 3.790000
 727 3.790000
 728 3.810000
 729 3.810000
 730 3.810000
 731 3.840000
 732 3.840000
 733 3.820000
 734 3.920000
 735 3.890000
 736 3.910000
 737 3.920000
 738 3.940000
 739 3.950000
 740 3.980000
 741 3.390000
 742 3.390000
 743 2.940000
 744 2.930000
 745 1.540000
 746 1.550000
 747 1.540000
 748 1.560000
 749 1.540000
 750 1.540000
 751 1.540000
 752 1.560000
 753 1.540000
 754 1.540000
 755 1.540000
 756 1.520000
 757 1.530000
 758 4.080000
 759 4.060000
 760 4.050000
 0 3.140000
 1 3.110000
 2 3.110000
 3 3.030000
 4 3.110000
 5 3.140000
 6 3.010000
 7 3.060000
 8 3.060000
 9 3.010000
 10 3.050000
 11 3.210000
 12 3.160000
 13 3.050000
 14 3.160000
 15 3.190000
 16 3.080000
 17 3.040000
 18 3.190000
 19 3.160000
 20 3.140000
 21 3.010000
 22 3.140000
 23 3.160000
 24 3.160000
 25 3.020000
 26 3.050000
 27 3.030000
 28 3.010000
 29 3.030000
 30 3.010000
 31 3.110000
 32 3.030000
 33 3.110000
 34 3.110000
 35 2.980000
 36 2.880000
 37 2.720000
 38 2.330000
 39 2.140000
 40 2.170000
 41 2.140000
 42 2.150000
 43 2.130000
 44 2.140000
 45 2.140000
 46 2.150000
 47 2.150000
 48 2.150000
 49 2.150000
 50 2.150000
 51 2.170000
 52 2.250000
 53 2.290000
 54 2.210000
 55 2.180000
 56 2.190000
 57 2.190000
 58 2.190000
 59 2.190000
 60 2.200000
 61 2.200000
 62 2.220000
 63 2.180000
 64 2.180000
 65 2.190000
 66 2.170000
 67 2.190000
 68 2.210000
 69 2.220000
 70 2.230000
 71 2.220000
 72 2.210000
 73 2.210000
 74 2.210000
 75 2.210000
 76 2.240000
 77 2.320000
 78 2.190000
 79 2.200000
 80 2.200000
 81 2.200000
 82 2.180000
 83 2.240000
 84 2.250000
 85 2.250000
 86 2.240000
 87 2.260000
 88 2.260000
 89 2.240000
 90 2.240000
 91 2.270000
 92 2.250000
 93 2.250000
 94 2.260000
 95 2.260000
 96 2.240000
 97 1.110000
 98 1.110000
 99 1.090000
 100 1.090000
 101 1.090000
 102 1.090000
 103 1.060000
 104 1.060000
 105 1.040000
 106 1.060000
 107 1.060000
 108 1.060000
 109 1.060000
 110 1.030000
 111 1.060000
 112 1.060000
 113 1.060000
 114 1.080000
 115 1.060000
 116 1.080000
 117 1.080000
 118 1.080000
 119 1.100000
 120 1.110000
 121 2.390000
 122 2.350000
 123 2.310000
 124 2.320000
 125 2.310000
 126 2.360000
 127 2.370000
 128 2.400000
 129 2.400000
 130 2.390000
 131 2.390000
 132 2.420000
 133 2.410000
 134 2.400000
 135 2.410000
 136 2.410000
 137 2.390000
 138 2.390000
 139 2.360000
 140 2.390000
 141 2.390000
 142 2.410000
 143 2.430000
 144 2.440000
 145 2.490000
 146 3.590000
 147 3.570000
 148 3.610000
 149 3.510000
 150 3.610000
 151 3.590000
 152 3.570000
 153 3.570000
 154 3.480000
 155 3.430000
 156 3.410000
 157 3.420000
 158 3.400000
 159 3.400000
 160 3.410000
 161 1.540000
 162 1.530000
 163 1.490000
 164 0.960000
 165 0.860000
 166 0.860000
 167 0.860000
 168 0.860000
 169 0.860000
 170 0.840000
 171 0.840000
 172 0.840000
 173 0.840000
 174 0.830000
 175 0.810000
 176 0.810000
 177 0.830000
 178 0.830000
 179 0.810000
 180 0.810000
 181 0.810000
 182 0.830000
 183 0.830000
 184 0.850000
 185 0.820000
 186 0.840000
 187 0.870000
 188 0.870000
 189 0.870000
 190 0.890000
 191 0.890000
 192 0.860000
 193 4.010000
 194 3.980000
 195 2.070000
 196 2.040000
 197 2.040000
 198 2.010000
 199 2.010000
 200 2.010000
 201 2.010000
 202 2.010000
 203 2.010000
 204 2.010000
 205 2.030000
 206 2.030000
 207 2.060000
 208 2.040000
 209 4.160000
 210 4.180000
 211 4.210000
 212 4.230000
 213 4.260000
 214 1.360000
 215 1.380000
 216 1.360000
 217 1.390000
 218 1.360000
 219 1.360000
 220 1.360000
 221 1.360000
 222 1.360000
 223 1.360000
 224 1.360000
 225 1.340000
 226 1.360000
 227 1.350000
 228 1.390000
 229 1.420000
 230 1.410000
 231 4.500000
 232 4.530000
 233 4.560000
 234 4.580000
 235 4.610000
 236 1.990000
 237 1.910000
 238 1.910000
 239 1.910000
 240 1.180000
 241 1.150000
 242 1.910000
 243 1.910000
 244 1.910000
 245 1.910000
 246 1.930000
 247 2.040000
 248 4.870000
 249 5.040000
 250 4.980000
 251 4.970000
 252 4.980000
 253 4.960000
 254 4.930000
 255 4.930000
 256 4.920000
 257 4.910000
 258 4.880000
 259 4.850000
 260 4.810000
 261 4.770000
 262 4.710000
 263 0.780000
 264 0.780000
 265 0.750000
 266 0.730000
 267 0.760000
 268 0.740000
 269 0.740000
 270 0.760000
 271 0.760000
 272 0.730000
 273 0.740000
 274 0.740000
 275 0.740000
 276 0.740000
 277 0.730000
 278 0.740000
 279 0.740000
 280 0.740000
 281 0.740000
 282 0.740000
 283 0.740000
 284 0.730000
 285 0.730000
 286 0.730000
 287 0.770000
 288 0.920000
 289 1.610000
 290 5.210000
 291 5.190000
 292 5.170000
 293 5.170000
 294 5.150000
 295 5.170000
 296 5.150000
 297 5.150000
 298 5.120000
 299 4.450000
 300 4.380000
 301 4.380000
 302 4.440000
 303 5.070000
 304 5.070000
 305 5.070000
 306 5.050000
 307 5.050000
 308 5.050000
 309 4.900000
 310 4.910000
 311 4.930000
 312 5.020000
 313 5.020000
 314 5.000000
 315 5.000000
 316 5.000000
 317 4.970000
 318 4.970000
 319 4.950000
 320 4.960000
 321 4.940000
 322 4.950000
 323 4.920000
 324 4.950000
 325 4.920000
 326 4.900000
 327 4.920000
 328 4.900000
 329 4.870000
 330 4.870000
 331 4.900000
 332 4.870000
 333 4.870000
 334 4.870000
 335 4.870000
 336 4.850000
 337 4.850000
 338 4.850000
 339 4.850000
 340 4.850000
 341 4.820000
 342 4.850000
 343 4.820000
 344 4.820000
 345 4.820000
 346 4.820000
 347 4.060000
 348 4.800000
 349 4.800000
 350 4.080000
 351 4.160000
 352 4.770000
 353 4.780000
 354 4.880000
 355 4.930000
 356 4.990000
 357 5.040000
 358 4.760000
 359 4.670000
 360 4.630000
 361 4.610000
 362 4.610000
 363 4.600000
 364 4.580000
 365 4.610000
 366 4.660000
 367 4.660000
 368 4.670000
 369 4.090000
 370 4.080000
 371 3.980000
 372 3.980000
 373 3.970000
 374 3.930000
 375 5.020000
 376 5.020000
 377 5.030000
 378 5.030000
 379 4.990000
 380 5.010000
 381 4.990000
 382 4.990000
 383 5.020000
 384 5.030000
 385 5.060000
 386 5.030000
 387 4.300000
 388 4.870000
 389 4.860000
 390 5.010000
 391 4.210000
 392 4.180000
 393 4.190000
 394 4.210000
 395 4.880000
 396 4.850000
 397 4.800000
 398 4.760000
 399 4.740000
 400 4.640000
 401 4.610000
 402 4.640000
 403 4.610000
 404 4.610000
 405 4.610000
 406 4.560000
 407 4.440000
 408 4.230000
 409 4.230000
 410 4.310000
 411 4.330000
 412 4.450000
 413 4.330000
 414 4.240000
 415 4.230000
 416 4.320000
 417 4.440000
 418 4.420000
 419 4.360000
 420 4.290000
 421 4.270000
 422 4.320000
 423 4.330000
 424 4.360000
 425 4.310000
 426 4.330000
 427 4.180000
 428 3.900000
 429 3.790000
 430 3.690000
 431 3.640000
 432 3.670000
 433 3.640000
 434 3.640000
 435 3.620000
 436 3.570000
 437 3.580000
 438 3.550000
 439 3.550000
 440 3.530000
 441 3.530000
 442 3.530000
 443 3.510000
 444 3.510000
 445 3.510000
 446 3.610000
 447 3.590000
 448 3.610000
 449 3.610000
 450 3.560000
 451 3.570000
 452 3.550000
 453 3.590000
 454 3.610000
 455 3.580000
 456 3.580000
 457 3.550000
 458 3.530000
 459 3.510000
 460 3.540000
 461 3.520000
 462 3.520000
 463 3.540000
 464 3.540000
 465 3.540000
 466 3.530000
 467 3.510000
 468 3.530000
 469 3.490000
 470 3.500000
 471 3.510000
 472 3.510000
 473 3.500000
 474 3.480000
 475 3.480000
 476 3.450000
 477 3.450000
 478 3.470000
 479 3.460000
 480 3.430000
 481 3.410000
 482 3.440000
 483 3.440000
 484 3.390000
 485 3.390000
 486 3.390000
 487 3.340000
 488 3.300000
 489 3.310000
 490 3.280000
 491 3.260000
 492 3.210000
 493 3.200000
 494 3.210000
 495 3.200000
 496 3.160000
 497 3.160000
 498 3.140000
 499 3.110000
 500 3.110000
 501 3.080000
 502 3.090000
 503 3.070000
 504 3.080000
 505 3.090000
 506 3.090000
 507 3.080000
 508 3.080000
 509 3.070000
 510 3.100000
 511 3.050000
 512 3.080000
 513 3.070000
 514 3.070000
 515 3.090000
 516 3.110000
 517 3.110000
 518 3.130000
 519 3.140000
 520 3.130000
 521 3.120000
 522 3.120000
 523 3.140000
 524 3.140000
 525 3.130000
 526 3.100000
 527 3.130000
 528 3.080000
 529 3.110000
 530 3.090000
 531 3.030000
 532 3.040000
 533 3.040000
 534 3.070000
 535 3.040000
 536 3.010000
 537 3.020000
 538 3.040000
 539 3.040000
 540 3.040000
 541 3.040000
 542 3.020000
 543 3.020000
 544 2.430000
 545 2.420000
 546 3.040000
 547 3.070000
 548 3.040000
 549 3.040000
 550 3.040000
 551 3.040000
 552 3.070000
 553 3.090000
 554 3.090000
 555 3.120000
 556 3.120000
 557 3.120000
 558 3.090000
 559 3.090000
 560 3.090000
 561 2.060000
 562 2.090000
 563 2.070000
 564 2.010000
 565 1.800000
 566 1.820000
 567 1.810000
 568 1.790000
 569 1.820000
 570 1.820000
 571 1.820000
 572 1.820000
 573 1.850000
 574 1.850000
 575 1.850000
 576 1.870000
 577 1.870000
 578 1.870000
 579 1.900000
 580 1.920000
 581 1.900000
 582 1.900000
 583 1.920000
 584 1.920000
 585 1.950000
 586 1.970000
 587 1.970000
 588 1.970000
 589 2.000000
 590 2.000000
 591 2.020000
 592 2.060000
 593 2.060000
 594 2.080000
 595 2.080000
 596 2.110000
 597 2.110000
 598 2.160000
 599 2.160000
 600 2.160000
 601 2.180000
 602 2.210000
 603 2.210000
 604 2.240000
 605 2.230000
 606 2.260000
 607 2.260000
 608 2.280000
 609 2.250000
 610 2.280000
 611 2.310000
 612 2.330000
 613 2.360000
 614 2.370000
 615 2.360000
 616 2.340000
 617 2.330000
 618 2.330000
 619 2.380000
 620 2.380000
 621 2.380000
 622 2.410000
 623 1.460000
 624 1.470000
 625 1.450000
 626 1.450000
 627 1.480000
 628 1.470000
 629 1.490000
 630 1.490000
 631 1.520000
 632 1.520000
 633 1.520000
 634 1.520000
 635 1.540000
 636 1.570000
 637 1.570000
 638 1.570000
 639 1.590000
 640 1.630000
 641 1.610000
 642 1.630000
 643 1.660000
 644 1.680000
 645 1.680000
 646 1.680000
 647 1.710000
 648 1.730000
 649 1.730000
 650 1.730000
 651 1.780000
 652 1.780000
 653 1.810000
 654 1.830000
 655 1.830000
 656 1.860000
 657 1.860000
 658 1.910000
 659 1.930000
 660 1.960000
 661 1.960000
 662 1.980000
 663 2.010000
 664 3.420000
 665 3.390000
 666 3.370000
 667 3.370000
 668 3.340000
 669 3.340000
 670 3.320000
 671 3.320000
 672 3.290000
 673 3.290000
 674 3.270000
 675 3.270000
 676 3.240000
 677 3.250000
 678 3.240000
 679 3.250000
 680 3.270000
 681 3.270000
 682 3.270000
 683 3.270000
 684 3.270000
 685 3.250000
 686 3.280000
 687 3.300000
 688 3.290000
 689 3.300000
 690 3.300000
 691 3.330000
 692 3.320000
 693 3.340000
 694 3.350000
 695 3.370000
 696 3.340000
 697 3.370000
 698 3.390000
 699 3.390000
 700 3.390000
 701 3.390000
 702 3.390000
 703 3.440000
 704 3.420000
 705 3.440000
 706 3.460000
 707 3.470000
 708 2.940000
 709 2.950000
 710 3.370000
 711 3.540000
 712 3.590000
 713 3.590000
 714 3.620000
 715 3.630000
 716 3.650000
 717 3.660000
 718 3.680000
 719 3.710000
 720 3.740000
 721 3.730000
 722 3.760000
 723 3.780000
 724 3.790000
 725 3.790000
 726 3.790000
 727 3.790000
 728 3.810000
 729 3.840000
 730 3.810000
 731 3.830000
 732 3.840000
 733 3.820000
 734 3.910000
 735 3.920000
 736 3.910000
 737 3.910000
 738 3.960000
 739 3.950000
 740 3.980000
 741 3.410000
 742 3.410000
 743 2.940000
 744 2.950000
 745 1.540000
 746 1.560000
 747 1.560000
 748 1.540000
 749 1.540000
 750 1.540000
 751 1.540000
 752 1.540000
 753 1.540000
 754 1.540000
 755 1.540000
 756 1.540000
 757 1.500000
 758 4.080000
 759 4.090000
 760 4.090000