
 0 3.130000
 1 3.110000
 2 3.110000
 3 3.030000
 4 3.130000
 5 3.110000
 6 3.030000
 7 3.090000
 8 3.050000
 9 3.030000
 10 3.020000
 11 3.180000
 12 3.160000
 13 3.050000
 14 3.160000
 15 3.160000
 16 3.020000
 17 3.030000
 18 3.180000
 19 3.160000
 20 3.160000
 21 3.000000
 22 3.160000
 23 3.130000
 24 3.130000
 25 3.010000
 26 3.020000
 27 3.000000
 28 2.980000
 29 3.000000
 30 3.000000
 31 3.110000
 32 2.970000
 33 3.110000
 34 3.110000
 35 2.950000
 36 2.880000
 37 2.710000
 38 2.330000
 39 2.170000
 40 2.160000
 41 2.140000
 42 2.140000
 43 2.150000
 44 2.130000
 45 2.130000
 46 2.140000
 47 2.120000
 48 2.140000
 49 2.170000
 50 2.140000
 51 2.140000
 52 2.240000
 53 2.260000
 54 2.230000
 55 2.200000
 56 2.180000
 57 2.180000
 58 2.210000
 59 2.210000
 60 2.200000
 61 2.200000
 62 2.220000
 63 2.180000
 64 2.180000
 65 2.180000
 66 2.190000
 67 2.180000
 68 2.200000
 69 2.220000
 70 2.230000
 71 2.230000
 72 2.180000
 73 2.210000
 74 2.210000
 75 2.230000
 76 2.230000
 77 2.330000
 78 2.200000
 79 2.170000
 80 2.190000
 81 2.190000
 82 2.200000
 83 2.210000
 84 2.250000
 85 2.250000
 86 2.240000
 87 2.250000
 88 2.230000
 89 2.230000
 90 2.230000
 91 2.240000
 92 2.240000
 93 2.250000
 94 2.260000
 95 2.230000
 96 2.230000
 97 2.210000
 98 2.220000
 99 2.240000
 100 2.230000
 101 2.280000
 102 2.280000
 103 2.280000
 104 2.280000
 105 2.290000
 106 2.290000
 107 2.320000
 108 2.310000
 109 2.300000
 110 2.300000
 111 2.300000
 112 2.310000
 113 2.320000
 114 2.340000
 115 2.340000
 116 2.330000
 117 2.330000
 118 2.330000
 119 2.340000
 120 2.470000
 121 2.390000
 122 2.370000
 123 2.310000
 124 2.320000
 125 2.330000
 126 2.350000
 127 2.370000
 128 2.390000
 129 2.390000
 130 2.380000
 131 2.380000
 132 2.390000
 133 2.410000
 134 2.430000
 135 2.410000
 136 2.380000
 137 2.380000
 138 2.380000
 139 2.380000
 140 2.380000
 141 2.380000
 142 2.450000
 143 2.420000
 144 2.440000
 145 2.480000
 146 3.590000
 147 3.570000
 148 3.630000
 149 3.500000
 150 3.580000
 151 3.590000
 152 3.590000
 153 3.550000
 154 3.520000
 155 3.450000
 156 3.410000
 157 3.420000
 158 3.400000
 159 3.400000
 160 3.420000
 161 3.430000
 162 3.420000
 163 3.440000
 164 3.430000
 165 3.460000
 166 3.470000
 167 3.480000
 168 3.520000
 169 3.650000
 170 3.730000
 171 3.710000
 172 3.710000
 173 3.780000
 174 3.780000
 175 3.810000
 176 3.810000
 177 3.860000
 178 3.830000
 179 3.860000
 180 3.860000
 181 3.880000
 182 3.890000
 183 3.900000
 184 3.930000
 185 3.920000
 186 3.940000
 187 3.940000
 188 3.920000
 189 3.930000
 190 3.950000
 191 3.950000
 192 3.980000
 193 3.990000
 194 3.990000
 195 3.990000
 196 4.090000
 197 3.980000
 198 4.080000
 199 4.130000
 200 4.120000
 201 4.180000
 202 4.100000
 203 4.080000
 204 4.130000
 205 4.100000
 206 4.100000
 207 4.150000
 208 4.260000
 209 4.150000
 210 4.180000
 211 4.180000
 212 4.200000
 213 4.230000
 214 4.250000
 215 4.250000
 216 4.250000
 217 4.300000
 218 4.270000
 219 4.330000
 220 4.350000
 221 4.350000
 222 4.380000
 223 4.380000
 224 4.480000
 225 4.400000
 226 4.450000
 227 4.210000
 228 4.210000
 229 4.500000
 230 4.500000
 231 4.530000
 232 4.520000
 233 4.550000
 234 4.580000
 235 4.710000
 236 4.740000
 237 4.760000
 238 4.730000
 239 4.780000
 240 4.700000
 241 4.750000
 242 4.750000
 243 4.780000
 244 4.800000
 245 4.930000
 246 4.930000
 247 5.010000
 248 4.900000
 249 5.010000
 250 4.980000
 251 4.960000
 252 4.950000
 253 4.950000
 254 4.950000
 255 4.930000
 256 4.910000
 257 4.880000
 258 4.880000
 259 4.850000
 260 4.810000
 261 4.770000
 262 4.770000
 263 4.680000
 264 4.680000
 265 4.660000
 266 5.370000
 267 5.370000
 268 5.370000
 269 5.340000
 270 5.320000
 271 5.320000
 272 5.320000
 273 5.290000
 274 4.630000
 275 4.600000
 276 4.640000
 277 5.190000
 278 5.240000
 279 5.190000
 280 5.200000
 281 5.200000
 282 5.210000
 283 5.250000
 284 5.220000
 285 5.220000
 286 5.130000
 287 5.120000
 288 5.190000
 289 5.190000
 290 5.190000
 291 5.190000
 292 5.190000
 293 5.170000
 294 5.170000
 295 5.140000
 296 5.140000
 297 5.120000
 298 5.120000
 299 4.470000
 300 4.380000
 301 4.380000
 302 4.410000
 303 5.070000
 304 5.090000
 305 5.070000
 306 5.040000
 307 5.070000
 308 5.040000
 309 4.920000
 310 4.900000
 311 4.930000
 312 5.020000
 313 5.020000
 314 4.990000
 315 4.990000
 316 4.960000
 317 4.990000
 318 4.970000
 319 4.920000
 320 4.920000
 321 4.940000
 322 4.940000
 323 4.940000
 324 4.920000
 325 4.920000
 326 4.920000
 327 4.890000
 328 4.920000
 329 4.890000
 330 4.890000
 331 4.890000
 332 4.870000
 333 4.840000
 334 4.870000
 335 4.840000
 336 4.870000
 337 4.840000
 338 4.840000
 339 4.840000
 340 4.840000
 341 4.820000
 342 4.840000
 343 4.820000
 344 4.820000
 345 4.820000
 346 4.820000
 347 4.050000
 348 4.770000
 349 4.790000
 350 4.100000
 351 4.150000
 352 4.790000
 353 4.800000
 354 4.870000
 355 4.920000
 356 4.960000
 357 5.030000
 358 4.760000
 359 4.640000
 360 4.630000
 361 4.620000
 362 4.590000
 363 4.600000
 364 4.280000
 365 4.640000
 366 4.610000
 367 4.600000
 368 4.680000
 369 4.090000
 370 4.070000
 371 3.970000
 372 3.970000
 373 3.960000
 374 3.980000
 375 5.080000
 376 5.080000
 377 5.030000
 378 0.550000
 379 0.540000
 380 0.550000
 381 0.550000
 382 0.550000
 383 0.550000
 384 0.550000
 385 0.550000
 386 0.550000
 387 0.550000
 388 0.550000
 389 0.550000
 390 0.550000
 391 0.550000
 392 0.580000
 393 0.550000
 394 0.550000
 395 0.530000
 396 0.550000
 397 0.550000
 398 0.550000
 399 0.550000
 400 0.530000
 401 0.550000
 402 0.550000
 403 0.550000
 404 0.530000
 405 0.550000
 406 0.550000
 407 0.540000
 408 0.550000
 409 0.540000
 410 0.570000
 411 0.610000
 412 0.590000
 413 0.600000
 414 0.630000
 415 0.620000
 416 4.270000
 417 1.130000
 418 1.100000
 419 1.110000
 420 1.130000
 421 1.110000
 422 1.080000
 423 1.110000
 424 1.110000
 425 1.080000
 426 1.120000
 427 1.110000
 428 1.110000
 429 1.110000
 430 1.110000
 431 1.120000
 432 1.080000
 433 1.090000
 434 1.190000
 435 1.610000
 436 1.660000
 437 1.630000
 438 1.660000
 439 1.660000
 440 1.660000
 441 1.650000
 442 1.690000
 443 1.680000
 444 1.770000
 445 3.600000
 446 3.580000
 447 3.610000
 448 3.600000
 449 3.580000
 450 3.580000
 451 3.560000
 452 3.550000
 453 3.590000
 454 3.580000
 455 3.580000
 456 3.570000
 457 3.510000
 458 3.510000
 459 3.510000
 460 3.500000
 461 3.520000
 462 3.520000
 463 3.530000
 464 3.530000
 465 3.530000
 466 3.530000
 467 3.530000
 468 3.500000
 469 3.490000
 470 3.470000
 471 3.510000
 472 3.480000
 473 3.450000
 474 3.450000
 475 3.450000
 476 3.450000
 477 3.460000
 478 3.430000
 479 3.420000
 480 1.770000
 481 1.680000
 482 1.660000
 483 1.680000
 484 1.660000
 485 1.660000
 486 1.680000
 487 1.660000
 488 1.680000
 489 1.680000
 490 1.660000
 491 1.500000
 492 1.160000
 493 1.130000
 494 1.100000
 495 1.110000
 496 1.110000
 497 1.130000
 498 1.130000
 499 1.110000
 500 1.120000
 501 1.140000
 502 1.120000
 503 1.130000
 504 1.110000
 505 1.110000
 506 1.110000
 507 1.110000
 508 1.130000
 509 1.100000
 510 1.150000
 511 3.070000
 512 3.050000
 513 3.050000
 514 3.070000
 515 3.070000
 516 3.110000
 517 3.100000
 518 3.120000
 519 3.120000
 520 3.140000
 521 3.160000
 522 3.160000
 523 0.650000
 524 0.630000
 525 0.610000
 526 0.610000
 527 0.610000
 528 0.590000
 529 0.590000
 530 0.560000
 531 0.560000
 532 0.580000
 533 0.540000
 534 0.570000
 535 0.540000
 536 0.540000
 537 0.580000
 538 0.550000
 539 0.550000
 540 0.550000
 541 0.580000
 542 0.580000
 543 0.580000
 544 0.550000
 545 0.580000
 546 0.580000
 547 0.580000
 548 0.580000
 549 0.580000
 550 0.580000
 551 0.580000
 552 0.580000
 553 0.580000
 554 0.580000
 555 0.600000
 556 0.580000
 557 0.580000
 558 0.600000
 559 0.590000
 560 0.660000
 561 1.080000
 562 1.210000
 563 1.230000
 564 1.230000
 565 1.230000
 566 1.230000
 567 1.240000
 568 1.270000
 569 1.230000
 570 1.240000
 571 1.270000
 572 1.230000
 573 1.280000
 574 1.790000
 575 1.840000
 576 1.870000
 577 1.890000
 578 1.890000
 579 1.890000
 580 1.920000
 581 1.920000
 582 1.920000
 583 1.940000
 584 1.920000
 585 1.940000
 586 1.970000
 587 1.970000
 588 1.990000
 589 1.990000
 590 2.020000
 591 2.040000
 592 2.040000
 593 2.050000
 594 2.050000
 595 2.100000
 596 2.100000
 597 2.100000
 598 2.100000
 599 2.150000
 600 2.150000
 601 2.180000
 602 2.200000
 603 2.200000
 604 2.210000
 605 2.230000
 606 2.230000
 607 2.230000
 608 2.280000
 609 2.240000
 610 2.280000
 611 2.330000
 612 2.330000
 613 2.330000
 614 2.370000
 615 2.360000
 616 2.330000
 617 2.330000
 618 2.350000
 619 2.380000
 620 2.380000
 621 2.380000
 622 2.430000
 623 1.480000
 624 0.830000
 625 0.810000
 626 0.790000
 627 0.800000
 628 0.780000
 629 0.780000
 630 0.780000
 631 0.780000
 632 0.780000
 633 0.780000
 634 0.780000
 635 0.750000
 636 0.750000
 637 0.780000
 638 0.750000
 639 0.750000
 640 0.750000
 641 0.780000
 642 0.750000
 643 0.780000
 644 0.750000
 645 0.780000
 646 0.780000
 647 0.780000
 648 0.800000
 649 0.800000
 650 0.800000
 651 0.800000
 652 0.780000
 653 0.790000
 654 0.880000
 655 0.800000
 656 0.840000
 657 1.850000
 658 1.900000
 659 1.930000
 660 1.930000
 661 1.980000
 662 1.950000
 663 2.010000
 664 3.390000
 665 3.370000
 666 3.390000
 667 3.370000
 668 3.340000
 669 3.320000
 670 3.320000
 671 3.290000
 672 3.290000
 673 3.270000
 674 3.240000
 675 3.270000
 676 3.220000
 677 3.260000
 678 3.250000
 679 3.220000
 680 3.250000
 681 3.270000
 682 3.270000
 683 3.240000
 684 3.270000
 685 3.250000
 686 3.250000
 687 3.310000
 688 3.280000
 689 3.300000
 690 3.300000
 691 3.330000
 692 3.290000
 693 3.320000
 694 3.320000
 695 3.350000
 696 3.350000
 697 3.340000
 698 3.340000
 699 3.370000
 700 3.390000
 701 3.390000
 702 3.420000
 703 3.440000
 704 3.440000
 705 3.460000
 706 3.490000
 707 3.460000
 708 2.930000
 709 2.950000
 710 3.350000
 711 3.540000
 712 3.560000
 713 3.580000
 714 3.620000
 715 3.630000
 716 3.630000
 717 3.680000
 718 3.680000
 719 3.710000
 720 3.730000
 721 3.760000
 722 3.770000
 723 3.780000
 724 3.780000
 725 3.790000
 726 3.760000
 727 3.820000
 728 3.810000
 729 3.820000
 730 3.810000
 731 3.840000
 732 3.830000
 733 3.830000
 734 3.870000
 735 3.910000
 736 3.910000
 737 3.920000
 738 3.960000
 739 3.960000
 740 3.980000
 741 3.410000
 742 3.380000
 743 2.940000
 744 2.920000
 745 1.550000
 746 1.540000
 747 1.560000
 748 1.530000
 749 1.560000
 750 1.530000
 751 1.530000
 752 1.530000
 753 1.530000
 754 1.570000
 755 1.510000
 756 1.510000
 757 1.500000
 758 4.080000
 759 4.050000
 760 4.080000
 0 3.130000
 1 3.110000
 2 3.110000
 3 3.030000
 4 3.130000
 5 3.110000
 6 3.000000
 7 3.090000
 8 3.040000
 9 3.030000
 10 3.050000
 11 3.180000
 12 3.180000
 13 3.050000
 14 3.160000
 15 3.160000
 16 3.020000
 17 3.030000
 18 3.160000
 19 3.130000
 20 3.160000
 21 3.030000
 22 3.160000
 23 3.160000
 24 3.130000
 25 3.010000
 26 3.020000
 27 3.030000
 28 3.000000
 29 3.020000
 30 3.000000
 31 3.110000
 32 3.000000
 33 3.110000
 34 3.110000
 35 3.110000
 36 2.880000
 37 2.690000
 38 2.330000
 39 2.170000
 40 2.160000
 41 2.140000
 42 2.140000
 43 2.150000
 44 2.130000
 45 2.130000
 46 2.140000
 47 2.120000
 48 2.140000
 49 2.140000
 50 2.140000
 51 2.170000
 52 2.230000
 53 2.260000
 54 2.230000
 55 2.180000
 56 2.180000
 57 2.180000
 58 2.180000
 59 2.210000
 60 2.230000
 61 2.200000
 62 2.230000
 63 2.200000
 64 2.180000
 65 2.180000
 66 2.160000
 67 2.180000
 68 2.180000
 69 2.220000
 70 2.230000
 71 2.220000
 72 2.210000
 73 2.210000
 74 2.200000
 75 2.210000
 76 2.260000
 77 2.330000
 78 2.200000
 79 2.170000
 80 2.190000
 81 2.190000
 82 2.200000
 83 2.210000
 84 2.250000
 85 2.250000
 86 2.240000
 87 2.250000
 88 2.250000
 89 2.230000
 90 2.260000
 91 2.270000
 92 2.270000
 93 2.280000
 94 2.260000
 95 2.250000
 96 2.230000
 97 2.210000
 98 2.240000
 99 2.220000
 100 2.230000
 101 2.280000
 102 2.280000
 103 2.280000
 104 2.280000
 105 2.290000
 106 2.320000
 107 2.290000
 108 2.280000
 109 2.300000
 110 2.330000
 111 2.300000
 112 2.310000
 113 2.340000
 114 2.340000
 115 2.340000
 116 2.310000
 117 2.350000
 118 2.350000
 119 2.340000
 120 2.470000
 121 2.390000
 122 2.340000
 123 2.330000
 124 2.320000
 125 2.310000
 126 2.350000
 127 2.390000
 128 2.390000
 129 2.390000
 130 2.380000
 131 2.380000
 132 2.420000
 133 2.380000
 134 2.390000
 135 2.410000
 136 2.380000
 137 2.410000
 138 2.380000
 139 2.390000
 140 2.390000
 141 2.410000
 142 2.430000
 143 2.420000
 144 2.440000
 145 2.480000
 146 3.560000
 147 3.590000
 148 3.630000
 149 3.500000
 150 3.600000
 151 3.620000
 152 3.560000
 153 3.560000
 154 3.480000
 155 3.420000
 156 3.410000
 157 3.420000
 158 3.430000
 159 3.400000
 160 3.420000
 161 3.410000
 162 3.440000
 163 3.420000
 164 3.450000
 165 3.440000
 166 3.450000
 167 3.480000
 168 3.520000
 169 3.640000
 170 3.730000
 171 3.680000
 172 3.710000
 173 3.760000
 174 3.790000
 175 3.800000
 176 3.780000
 177 3.850000
 178 3.830000
 179 3.840000
 180 3.860000
 181 3.860000
 182 3.860000
 183 3.880000
 184 3.930000
 185 3.890000
 186 3.920000
 187 3.940000
 188 3.950000
 189 3.960000
 190 3.960000
 191 3.980000
 192 3.980000
 193 3.990000
 194 3.990000
 195 4.020000
 196 4.080000
 197 3.980000
 198 4.080000
 199 4.130000
 200 4.140000
 201 4.160000
 202 4.080000
 203 4.100000
 204 4.130000
 205 4.120000
 206 4.130000
 207 4.130000
 208 4.130000
 209 4.150000
 210 4.180000
 211 4.180000
 212 4.200000
 213 4.230000
 214 4.230000
 215 4.280000
 216 4.270000
 217 4.280000
 218 4.300000
 219 4.330000
 220 4.320000
 221 4.330000
 222 4.350000
 223 4.350000
 224 4.500000
 225 4.430000
 226 4.430000
 227 4.230000
 228 4.180000
 229 4.500000
 230 4.470000
 231 4.530000
 232 4.520000
 233 4.580000
 234 4.580000
 235 4.710000
 236 4.740000
 237 4.740000
 238 4.780000
 239 4.760000
 240 4.730000
 241 4.730000
 242 4.750000
 243 4.800000
 244 4.800000
 245 4.930000
 246 4.920000
 247 4.990000
 248 4.900000
 249 5.010000
 250 4.980000
 251 4.990000
 252 4.950000
 253 4.930000
 254 4.950000
 255 4.950000
 256 4.900000
 257 4.900000
 258 4.880000
 259 4.850000
 260 4.810000
 261 4.770000
 262 4.770000
 263 4.680000
 264 4.680000
 265 4.660000
 266 5.370000
 267 5.370000
 268 5.340000
 269 5.340000
 270 5.340000
 271 5.320000
 272 5.290000
 273 5.290000
 274 4.630000
 275 4.630000
 276 4.640000
 277 5.190000
 278 5.250000
 279 5.230000
 280 5.200000
 281 5.200000
 282 5.190000
 283 5.220000
 284 5.240000
 285 5.240000
 286 5.100000
 287 5.090000
 288 5.190000
 289 5.220000
 290 5.190000
 291 5.220000
 292 5.170000
 293 5.190000
 294 5.170000
 295 5.170000
 296 5.140000
 297 5.140000
 298 5.120000
 299 4.470000
 300 4.380000
 301 4.380000
 302 4.410000
 303 5.070000
 304 5.070000
 305 5.060000
 306 5.070000
 307 5.070000
 308 5.020000
 309 4.950000
 310 4.880000
 311 4.900000
 312 5.020000
 313 4.990000
 314 4.990000
 315 4.990000
 316 4.990000
 317 4.990000
 318 4.970000
 319 4.940000
 320 4.920000
 321 4.940000
 322 4.940000
 323 4.920000
 324 4.920000
 325 4.920000
 326 4.920000
 327 4.920000
 328 4.920000
 329 4.890000
 330 4.890000
 331 4.870000
 332 4.870000
 333 4.890000
 334 4.870000
 335 4.840000
 336 4.870000
 337 4.840000
 338 4.840000
 339 4.840000
 340 4.820000
 341 4.820000
 342 4.840000
 343 4.840000
 344 4.820000
 345 4.820000
 346 4.820000
 347 4.050000
 348 4.790000
 349 4.790000
 350 4.080000
 351 4.150000
 352 4.770000
 353 4.780000
 354 4.900000
 355 4.920000
 356 4.980000
 357 5.030000
 358 4.730000
 359 4.630000
 360 4.600000
 361 4.620000
 362 4.590000
 363 4.600000
 364 4.330000
 365 4.590000
 366 4.630000
 367 4.630000
 368 4.670000
 369 4.080000
 370 4.050000
 371 3.970000
 372 3.970000
 373 3.960000
 374 3.940000
 375 5.080000
 376 5.080000
 377 5.030000
 378 0.540000
 379 0.540000
 380 0.550000
 381 0.580000
 382 0.550000
 383 0.550000
 384 0.550000
 385 0.550000
 386 0.550000
 387 0.550000
 388 0.550000
 389 0.550000
 390 0.580000
 391 0.530000
 392 0.550000
 393 0.550000
 394 0.550000
 395 0.550000
 396 0.550000
 397 0.550000
 398 0.550000
 399 0.550000
 400 0.550000
 401 0.550000
 402 0.550000
 403 0.550000
 404 0.550000
 405 0.550000
 406 0.550000
 407 0.540000
 408 0.550000
 409 0.560000
 410 0.560000
 411 0.580000
 412 0.590000
 413 0.600000
 414 0.610000
 415 0.630000
 416 4.300000
 417 1.090000
 418 1.100000
 419 1.110000
 420 1.110000
 421 1.080000
 422 1.110000
 423 1.110000
 424 1.110000
 425 1.080000
 426 1.110000
 427 1.110000
 428 1.110000
 429 1.080000
 430 1.080000
 431 1.110000
 432 1.110000
 433 1.120000
 434 1.160000
 435 1.630000
 436 1.660000
 437 1.660000
 438 1.660000
 439 1.660000
 440 1.630000
 441 1.650000
 442 1.660000
 443 1.680000
 444 1.770000
 445 3.590000
 446 3.610000
 447 3.610000
 448 3.600000
 449 3.580000
 450 3.580000
 451 3.590000
 452 3.570000
 453 3.560000
 454 3.580000
 455 3.600000
 456 3.540000
 457 3.550000
 458 3.540000
 459 3.530000
 460 3.520000
 461 3.520000
 462 3.540000
 463 3.560000
 464 3.530000
 465 3.560000
 466 3.530000
 467 3.510000
 468 3.520000
 469 3.530000
 470 3.510000
 471 3.510000
 472 3.500000
 473 3.480000
 474 3.470000
 475 3.470000
 476 3.460000
 477 3.460000
 478 3.460000
 479 3.420000
 480 1.790000
 481 1.680000
 482 1.680000
 483 1.680000
 484 1.680000
 485 1.680000
 486 1.680000
 487 1.680000
 488 1.660000
 489 1.680000
 490 1.660000
 491 1.550000
 492 1.160000
 493 1.150000
 494 1.100000
 495 1.110000
 496 1.130000
 497 1.110000
 498 1.110000
 499 1.120000
 500 1.120000
 501 1.120000
 502 1.120000
 503 1.130000
 504 1.130000
 505 1.130000
 506 1.110000
 507 1.130000
 508 1.110000
 509 1.130000
 510 1.130000
 511 3.070000
 512 3.070000
 513 3.070000
 514 3.090000
 515 3.090000
 516 3.110000
 517 3.100000
 518 3.120000
 519 3.140000
 520 3.140000
 521 3.160000
 522 3.150000
 523 0.600000
 524 0.600000
 525 0.610000
 526 0.580000
 527 0.590000
 528 0.560000
 529 0.590000
 530 0.560000
 531 0.560000
 532 0.550000
 533 0.540000
 534 0.570000
 535 0.540000
 536 0.570000
 537 0.580000
 538 0.570000
 539 0.580000
 540 0.550000
 541 0.580000
 542 0.580000
 543 0.540000
 544 0.550000
 545 0.580000
 546 0.580000
 547 0.580000
 548 0.580000
 549 0.580000
 550 0.580000
 551 0.580000
 552 0.580000
 553 0.600000
 554 0.600000
 555 0.580000
 556 0.600000
 557 0.600000
 558 0.600000
 559 0.590000
 560 0.640000
 561 1.180000
 562 1.210000
 563 1.230000
 564 1.230000
 565 1.230000
 566 1.230000
 567 1.270000
 568 1.240000
 569 1.230000
 570 1.240000
 571 1.260000
 572 1.260000
 573 1.280000
 574 1.820000
 575 1.840000
 576 1.870000
 577 1.870000
 578 1.870000
 579 1.890000
 580 1.890000
 581 1.920000
 582 1.890000
 583 1.920000
 584 1.940000
 585 1.940000
 586 1.940000
 587 1.970000
 588 1.990000
 589 1.990000
 590 1.990000
 591 2.020000
 592 2.020000
 593 2.050000
 594 2.050000
 595 2.080000
 596 2.100000
 597 2.130000
 598 2.130000
 599 2.150000
 600 2.150000
 601 2.200000
 602 2.230000
 603 2.200000
 604 2.230000
 605 2.200000
 606 2.230000
 607 2.250000
 608 2.250000
 609 2.240000
 610 2.280000
 611 2.300000
 612 2.330000
 613 2.330000
 614 2.340000
 615 2.330000
 616 2.330000
 617 2.330000
 618 2.370000
 619 2.350000
 620 2.380000
 621 2.380000
 622 2.400000
 623 1.450000
 624 0.800000
 625 0.810000
 626 0.820000
 627 0.800000
 628 0.800000
 629 0.780000
 630 0.800000
 631 0.780000
 632 0.780000
 633 0.780000
 634 0.780000
 635 0.780000
 636 0.750000
 637 0.750000
 638 0.750000
 639 0.780000
 640 0.750000
 641 0.750000
 642 0.750000
 643 0.780000
 644 0.780000
 645 0.800000
 646 0.800000
 647 0.780000
 648 0.780000
 649 0.780000
 650 0.780000
 651 0.780000
 652 0.800000
 653 0.790000
 654 0.850000
 655 0.830000
 656 0.840000
 657 1.880000
 658 1.900000
 659 1.900000
 660 1.930000
 661 1.980000
 662 1.970000
 663 2.010000
 664 3.370000
 665 3.390000
 666 3.340000
 667 3.370000
 668 3.340000
 669 3.350000
 670 3.320000
 671 3.320000
 672 3.290000
 673 3.300000
 674 3.250000
 675 3.250000
 676 3.250000
 677 3.260000
 678 3.240000
 679 3.220000
 680 3.240000
 681 3.260000
 682 3.270000
 683 3.240000
 684 3.240000
 685 3.250000
 686 3.270000
 687 3.270000
 688 3.300000
 689 3.300000
 690 3.310000
 691 3.300000
 692 3.320000
 693 3.320000
 694 3.340000
 695 3.320000
 696 3.350000
 697 3.340000
 698 3.390000
 699 3.340000
 700 3.390000
 701 3.380000
 702 3.420000
 703 3.420000
 704 3.420000
 705 3.440000
 706 3.460000
 707 3.480000
 708 2.930000
 709 2.950000
 710 3.340000
 711 3.540000
 712 3.590000
 713 3.590000
 714 3.630000
 715 3.630000
 716 3.660000
 717 3.680000
 718 3.680000
 719 3.700000
 720 3.730000
 721 3.730000
 722 3.750000
 723 3.730000
 724 3.760000
 725 3.790000
 726 3.790000
 727 3.810000
 728 3.810000
 729 3.830000
 730 3.810000
 731 3.830000
 732 3.830000
 733 3.820000
 734 3.890000
 735 3.920000
 736 3.940000
 737 3.930000
 738 3.930000
 739 3.960000
 740 3.980000
 741 3.410000
 742 3.400000
 743 2.940000
 744 2.920000
 745 1.530000
 746 1.540000
 747 1.530000
 748 1.530000
 749 1.560000
 750 1.530000
 751 1.530000
 752 1.530000
 753 1.530000
 754 1.530000
 755 1.510000
 756 1.510000
 757 1.530000
 758 4.080000
 759 4.080000
 760 4.080000
 0 3.130000
 1 3.130000
 2 3.110000
 3 3.030000
 4 3.130000
 5 3.130000
 6 3.000000
 7 3.050000
 8 3.040000
 9 3.040000
 10 3.070000
 11 3.050000
 12 3.180000
 13 3.050000
 14 3.160000
 15 3.160000
 16 3.050000
 17 3.030000
 18 3.030000
 19 3.160000
 20 3.160000
 21 3.030000
 22 3.130000
 23 3.160000
 24 3.160000
 25 3.010000
 26 3.020000
 27 3.030000
 28 3.160000
 29 2.990000
 30 3.000000
 31 3.080000
 32 3.000000
 33 3.130000
 34 3.110000
 35 2.980000
 36 2.900000
 37 2.710000
 38 2.330000
 39 2.170000
 40 2.160000
 41 2.140000
 42 2.140000
 43 2.150000
 44 2.130000
 45 2.130000
 46 2.120000
 47 2.140000
 48 2.120000
 49 2.140000
 50 2.140000
 51 2.170000
 52 2.250000
 53 2.280000
 54 2.230000
 55 2.200000
 56 2.180000
 57 2.180000
 58 2.180000
 59 2.210000
 60 2.230000
 61 2.200000
 62 2.190000
 63 2.200000
 64 2.180000
 65 2.160000
 66 2.180000
 67 2.180000
 68 2.210000
 69 2.220000
 70 2.230000
 71 2.220000
 72 2.210000
 73 2.210000
 74 2.200000
 75 2.230000
 76 2.230000
 77 2.300000
 78 2.200000
 79 2.190000
 80 2.200000
 81 2.170000
 82 2.180000
 83 2.230000
 84 2.230000
 85 2.250000
 86 2.230000
 87 2.230000
 88 2.230000
 89 2.260000
 90 2.230000
 91 2.270000
 92 2.270000
 93 2.250000
 94 2.230000
 95 2.250000
 96 2.260000
 97 2.230000
 98 2.240000
 99 2.240000
 100 2.230000
 101 2.280000
 102 2.280000
 103 2.280000
 104 2.300000
 105 2.320000
 106 2.290000
 107 2.320000
 108 2.310000
 109 2.300000
 110 2.300000
 111 2.300000
 112 2.310000
 113 2.320000
 114 2.320000
 115 2.340000
 116 2.330000
 117 2.350000
 118 2.350000
 119 2.320000
 120 2.470000
 121 2.390000
 122 2.340000
 123 2.310000
 124 2.320000
 125 2.310000
 126 2.350000
 127 2.390000
 128 2.390000
 129 2.390000
 130 2.380000
 131 2.410000
 132 2.420000
 133 2.410000
 134 2.420000
 135 2.410000
 136 2.380000
 137 2.410000
 138 2.380000
 139 2.380000
 140 2.370000
 141 2.410000
 142 2.430000
 143 2.420000
 144 2.440000
 145 2.480000
 146 3.590000
 147 3.570000
 148 3.630000
 149 3.500000
 150 3.580000
 151 3.590000
 152 3.560000
 153 3.560000
 154 3.490000
 155 3.420000
 156 3.410000
 157 3.440000
 158 3.430000
 159 3.390000
 160 3.400000
 161 3.410000
 162 3.420000
 163 3.420000
 164 3.430000
 165 3.450000
 166 3.480000
 167 3.500000
 168 3.490000
 169 3.640000
 170 3.730000
 171 3.710000
 172 3.700000
 173 3.760000
 174 3.780000
 175 3.810000
 176 3.810000
 177 3.820000
 178 3.860000
 179 3.850000
 180 3.860000
 181 3.860000
 182 3.890000
 183 3.910000
 184 3.890000
 185 3.890000
 186 3.930000
 187 3.970000
 188 3.930000
 189 3.960000
 190 3.960000
 191 3.960000
 192 3.980000
 193 3.990000
 194 3.980000
 195 4.000000
 196 4.080000
 197 4.000000
 198 4.080000
 199 4.130000
 200 4.120000
 201 4.160000
 202 4.080000
 203 4.100000
 204 4.100000
 205 4.100000
 206 4.130000
 207 4.130000
 208 4.270000
 209 4.150000
 210 4.180000
 211 4.180000
 212 4.230000
 213 4.230000
 214 4.230000
 215 4.250000
 216 4.250000
 217 4.300000
 218 4.300000
 219 4.350000
 220 4.320000
 221 4.330000
 222 4.350000
 223 4.350000
 224 4.470000
 225 4.430000
 226 4.430000
 227 4.130000
 228 4.180000
 229 4.530000
 230 4.470000
 231 4.530000
 232 4.550000
 233 4.580000
 234 4.580000
 235 4.710000
 236 4.730000
 237 4.760000
 238 4.760000
 239 4.790000
 240 4.700000
 241 4.730000
 242 4.750000
 243 4.780000
 244 4.780000
 245 4.930000
 246 4.950000
 247 4.990000
 248 4.910000
 249 5.010000
 250 4.980000
 251 4.990000
 252 4.950000
 253 4.950000
 254 4.940000
 255 4.930000
 256 4.940000
 257 4.900000
 258 4.880000
 259 4.850000
 260 4.810000
 261 4.770000
 262 4.770000
 263 4.680000
 264 4.680000
 265 4.660000
 266 5.370000
 267 5.370000
 268 5.370000
 269 5.340000
 270 5.340000
 271 5.320000
 272 5.290000
 273 5.270000
 274 4.650000
 275 4.600000
 276 4.640000
 277 5.170000
 278 5.220000
 279 5.230000
 280 5.230000
 281 5.200000
 282 5.190000
 283 5.220000
 284 5.220000
 285 5.240000
 286 5.130000
 287 5.120000
 288 5.190000
 289 5.220000
 290 5.190000
 291 5.170000
 292 5.190000
 293 5.160000
 294 5.170000
 295 5.170000
 296 5.140000
 297 5.140000
 298 5.120000
 299 4.470000
 300 4.380000
 301 4.380000
 302 4.410000
 303 5.090000
 304 5.070000
 305 5.070000
 306 5.040000
 307 5.040000
 308 5.040000
 309 4.920000
 310 4.900000
 311 4.900000
 312 5.020000
 313 5.020000
 314 5.020000
 315 4.990000
 316 4.990000
 317 4.970000
 318 4.970000
 319 4.940000
 320 4.940000
 321 4.960000
 322 4.940000
 323 4.920000
 324 4.940000
 325 4.940000
 326 4.920000
 327 4.920000
 328 4.920000
 329 4.890000
 330 4.890000
 331 4.890000
 332 4.890000
 333 4.870000
 334 4.840000
 335 4.870000
 336 4.870000
 337 4.870000
 338 4.840000
 339 4.840000
 340 4.840000
 341 4.840000
 342 4.820000
 343 4.820000
 344 4.820000
 345 4.820000
 346 4.820000
 347 4.050000
 348 4.790000
 349 4.790000
 350 4.080000
 351 4.180000
 352 4.770000
 353 4.800000
 354 4.900000
 355 4.930000
 356 4.980000
 357 5.060000
 358 4.750000
 359 4.640000
 360 4.630000
 361 4.610000
 362 4.630000
 363 4.590000
 364 4.220000
 365 4.600000
 366 4.630000
 367 4.640000
 368 4.680000
 369 4.090000
 370 4.060000
 371 3.970000
 372 3.970000
 373 3.960000
 374 3.950000
 375 5.100000
 376 5.080000
 377 5.030000
 378 0.560000
 379 0.540000
 380 0.550000
 381 0.550000
 382 0.530000
 383 0.550000
 384 0.550000
 385 0.550000
 386 0.550000
 387 0.550000
 388 0.550000
 389 0.550000
 390 0.550000
 391 0.530000
 392 0.550000
 393 0.550000
 394 0.550000
 395 0.550000
 396 0.550000
 397 0.550000
 398 0.550000
 399 0.550000
 400 0.550000
 401 0.550000
 402 0.530000
 403 0.550000
 404 0.530000
 405 0.550000
 406 0.530000
 407 0.540000
 408 0.550000
 409 0.530000
 410 0.580000
 411 0.580000
 412 0.610000
 413 0.600000
 414 0.610000
 415 0.570000
 416 4.300000
 417 1.080000
 418 1.130000
 419 1.110000
 420 1.130000
 421 1.110000
 422 1.080000
 423 1.110000
 424 1.110000
 425 1.110000
 426 1.110000
 427 1.080000
 428 1.110000
 429 1.110000
 430 1.110000
 431 1.080000
 432 1.110000
 433 1.090000
 434 1.160000
 435 1.580000
 436 1.660000
 437 1.660000
 438 1.630000
 439 1.660000
 440 1.660000
 441 1.650000
 442 1.660000
 443 1.680000
 444 1.770000
 445 3.590000
 446 3.610000
 447 3.580000
 448 3.600000
 449 3.580000
 450 3.560000
 451 3.560000
 452 3.550000
 453 3.560000
 454 3.580000
 455 3.580000
 456 3.570000
 457 3.540000
 458 3.510000
 459 3.510000
 460 3.490000
 461 3.520000
 462 3.540000
 463 3.530000
 464 3.530000
 465 3.530000
 466 3.530000
 467 3.510000
 468 3.500000
 469 3.530000
 470 3.510000
 471 3.510000
 472 3.470000
 473 3.490000
 474 3.470000
 475 3.480000
 476 3.460000
 477 3.450000
 478 3.460000
 479 3.450000
 480 1.770000
 481 1.680000
 482 1.660000
 483 1.660000
 484 1.680000
 485 1.660000
 486 1.660000
 487 1.660000
 488 1.680000
 489 1.680000
 490 1.660000
 491 1.500000
 492 1.160000
 493 1.130000
 494 1.130000
 495 1.110000
 496 1.130000
 497 1.110000
 498 1.110000
 499 1.140000
 500 1.140000
 501 1.140000
 502 1.140000
 503 1.110000
 504 1.120000
 505 1.110000
 506 1.110000
 507 1.110000
 508 1.130000
 509 1.130000
 510 1.130000
 511 3.070000
 512 3.090000
 513 3.090000
 514 3.070000
 515 3.070000
 516 3.110000
 517 3.110000
 518 3.090000
 519 3.120000
 520 3.120000
 521 3.130000
 522 3.150000
 523 0.620000
 524 0.620000
 525 0.610000
 526 0.580000
 527 0.590000
 528 0.590000
 529 0.560000
 530 0.560000
 531 0.540000
 532 0.550000
 533 0.570000
 534 0.540000
 535 0.540000
 536 0.540000
 537 0.580000
 538 0.550000
 539 0.580000
 540 0.580000
 541 0.580000
 542 0.550000
 543 0.550000
 544 0.580000
 545 0.580000
 546 0.580000
 547 0.580000
 548 0.580000
 549 0.580000
 550 0.580000
 551 0.580000
 552 0.580000
 553 0.600000
 554 0.600000
 555 0.600000
 556 0.600000
 557 0.600000
 558 0.600000
 559 0.590000
 560 0.640000
 561 1.150000
 562 1.230000
 563 1.230000
 564 1.230000
 565 1.230000
 566 1.230000
 567 1.240000
 568 1.240000
 569 1.230000
 570 1.240000
 571 1.240000
 572 1.260000
 573 1.280000
 574 1.820000
 575 1.840000
 576 1.870000
 577 1.870000
 578 1.870000
 579 1.870000
 580 1.890000
 581 1.890000
 582 1.920000
 583 1.940000
 584 1.920000
 585 1.940000
 586 1.970000
 587 1.970000
 588 1.990000
 589 1.990000
 590 1.990000
 591 2.020000
 592 2.020000
 593 2.030000
 594 2.050000
 595 2.080000
 596 2.080000
 597 2.100000
 598 2.130000
 599 2.150000
 600 2.150000
 601 2.180000
 602 2.200000
 603 2.200000
 604 2.200000
 605 2.230000
 606 2.230000
 607 2.250000
 608 2.280000
 609 2.240000
 610 2.250000
 611 2.300000
 612 2.300000
 613 2.350000
 614 2.370000
 615 2.360000
 616 2.330000
 617 2.330000
 618 2.350000
 619 2.350000
 620 2.380000
 621 2.380000
 622 2.400000
 623 1.450000
 624 0.800000
 625 0.790000
 626 0.790000
 627 0.800000
 628 0.800000
 629 0.780000
 630 0.800000
 631 0.780000
 632 0.750000
 633 0.780000
 634 0.780000
 635 0.780000
 636 0.750000
 637 0.750000
 638 0.750000
 639 0.750000
 640 0.750000
 641 0.750000
 642 0.750000
 643 0.780000
 644 0.780000
 645 0.780000
 646 0.780000
 647 0.780000
 648 0.780000
 649 0.800000
 650 0.780000
 651 0.800000
 652 0.780000
 653 0.820000
 654 0.880000
 655 0.800000
 656 0.840000
 657 1.880000
 658 1.900000
 659 1.900000
 660 1.950000
 661 1.950000
 662 1.980000
 663 2.010000
 664 3.400000
 665 3.370000
 666 3.390000
 667 3.370000
 668 3.340000
 669 3.340000
 670 3.320000
 671 3.290000
 672 3.300000
 673 3.270000
 674 3.270000
 675 3.270000
 676 3.240000
 677 3.260000
 678 3.240000
 679 3.240000
 680 3.240000
 681 3.240000
 682 3.240000
 683 3.220000
 684 3.240000
 685 3.240000
 686 3.270000
 687 3.280000
 688 3.300000
 689 3.290000
 690 3.330000
 691 3.330000
 692 3.290000
 693 3.320000
 694 3.320000
 695 3.320000
 696 3.340000
 697 3.340000
 698 3.350000
 699 3.410000
 700 3.400000
 701 3.390000
 702 3.420000
 703 3.440000
 704 3.420000
 705 3.440000
 706 3.460000
 707 3.460000
 708 2.930000
 709 2.920000
 710 3.350000
 711 3.540000
 712 3.580000
 713 3.590000
 714 3.640000
 715 3.630000
 716 3.660000
 717 3.660000
 718 3.680000
 719 3.680000
 720 3.700000
 721 3.730000
 722 3.780000
 723 3.760000
 724 3.780000
 725 3.780000
 726 3.790000
 727 3.780000
 728 3.800000
 729 3.800000
 730 3.810000
 731 3.830000
 732 3.830000
 733 3.840000
 734 3.860000
 735 3.910000
 736 3.880000
 737 3.910000
 738 3.950000
 739 3.980000
 740 3.960000
 741 3.410000
 742 3.390000
 743 2.970000
 744 2.930000
 745 1.550000
 746 1.540000
 747 1.560000
 748 1.530000
 749 1.570000
 750 1.570000
 751 1.540000
 752 1.530000
 753 1.560000
 754 1.530000
 755 1.530000
 756 1.540000
 757 1.480000
 758 4.080000
 759 4.060000
 760 4.080000
 0 3.130000
 1 3.110000
 2 3.110000
 3 3.000000
 4 3.130000
 5 3.130000
 6 3.030000
 7 3.060000
 8 3.020000
 9 3.070000
 10 3.040000
 11 3.030000
 12 3.180000
 13 3.050000
 14 3.160000
 15 3.160000
 16 3.020000
 17 3.060000
 18 3.180000
 19 3.160000
 20 3.130000
 21 3.030000
 22 3.130000
 23 3.160000
 24 3.130000
 25 3.010000
 26 3.020000
 27 3.000000
 28 2.980000
 29 2.970000
 30 2.980000
 31 3.110000
 32 3.000000
 33 3.130000
 34 3.110000
 35 2.980000
 36 2.880000
 37 2.690000
 38 2.330000
 39 2.140000
 40 2.190000
 41 2.140000
 42 2.140000
 43 2.150000
 44 2.160000
 45 2.130000
 46 2.120000
 47 2.140000
 48 2.140000
 49 2.120000
 50 2.140000
 51 2.170000
 52 2.250000
 53 2.280000
 54 2.230000
 55 2.180000
 56 2.180000
 57 2.180000
 58 2.180000
 59 2.210000
 60 2.200000
 61 2.200000
 62 2.230000
 63 2.210000
 64 2.200000
 65 2.160000
 66 2.170000
 67 2.180000
 68 2.210000
 69 2.220000
 70 2.200000
 71 2.230000
 72 2.210000
 73 2.180000
 74 2.200000
 75 2.200000
 76 2.260000
 77 2.320000
 78 2.180000
 79 2.190000
 80 2.200000
 81 2.170000
 82 2.180000
 83 2.240000
 84 2.250000
 85 2.230000
 86 2.260000
 87 2.230000
 88 2.230000
 89 2.210000
 90 2.260000
 91 2.270000
 92 2.270000
 93 2.280000
 94 2.260000
 95 2.260000
 96 2.230000
 97 2.230000
 98 2.220000
 99 2.220000
 100 2.260000
 101 2.280000
 102 2.280000
 103 2.280000
 104 2.280000
 105 2.290000
 106 2.290000
 107 2.320000
 108 2.310000
 109 2.300000
 110 2.300000
 111 2.330000
 112 2.310000
 113 2.320000
 114 2.340000
 115 2.340000
 116 2.330000
 117 2.330000
 118 2.330000
 119 2.340000
 120 2.490000
 121 2.390000
 122 2.340000
 123 2.330000
 124 2.320000
 125 2.310000
 126 2.380000
 127 2.370000
 128 2.390000
 129 2.370000
 130 2.380000
 131 2.380000
 132 2.390000
 133 2.380000
 134 2.420000
 135 2.410000
 136 2.380000
 137 2.380000
 138 2.380000
 139 2.370000
 140 2.380000
 141 2.380000
 142 2.430000
 143 2.420000
 144 2.440000
 145 2.480000
 146 3.590000
 147 3.570000
 148 3.650000
 149 3.500000
 150 3.580000
 151 3.620000
 152 3.590000
 153 3.560000
 154 3.490000
 155 3.420000
 156 3.410000
 157 3.420000
 158 3.430000
 159 3.400000
 160 3.420000
 161 3.430000
 162 3.440000
 163 3.440000
 164 3.430000
 165 3.460000
 166 3.440000
 167 3.500000
 168 3.540000
 169 3.640000
 170 3.710000
 171 3.700000
 172 3.710000
 173 3.790000
 174 3.780000
 175 3.810000
 176 3.800000
 177 3.820000
 178 3.860000
 179 3.850000
 180 3.860000
 181 3.860000
 182 3.890000
 183 3.880000
 184 3.900000
 185 3.920000
 186 3.950000
 187 3.940000
 188 3.950000
 189 3.960000
 190 3.950000
 191 3.980000
 192 3.990000
 193 4.000000
 194 4.020000
 195 3.990000
 196 4.090000
 197 4.000000
 198 4.050000
 199 4.140000
 200 4.140000
 201 4.180000
 202 4.080000
 203 4.080000
 204 4.100000
 205 4.100000
 206 4.130000
 207 4.130000
 208 4.270000
 209 4.150000
 210 4.180000
 211 4.180000
 212 4.200000
 213 4.230000
 214 4.250000
 215 4.250000
 216 4.270000
 217 4.280000
 218 4.300000
 219 4.330000
 220 4.320000
 221 4.350000
 222 4.350000
 223 4.380000
 224 4.510000
 225 4.430000
 226 4.450000
 227 4.100000
 228 4.180000
 229 4.480000
 230 4.500000
 231 4.530000
 232 4.520000
 233 4.550000
 234 4.580000
 235 4.710000
 236 4.740000
 237 4.760000
 238 4.760000
 239 4.760000
 240 4.700000
 241 4.730000
 242 4.750000
 243 4.780000
 244 4.800000
 245 4.930000
 246 4.930000
 247 5.010000
 248 4.880000
 249 5.010000
 250 4.980000
 251 4.990000
 252 4.950000
 253 4.950000
 254 4.950000
 255 4.930000
 256 4.900000
 257 4.880000
 258 4.880000
 259 4.850000
 260 4.810000
 261 4.770000
 262 4.770000
 263 4.650000
 264 4.680000
 265 4.660000
 266 5.340000
 267 5.370000
 268 5.370000
 269 5.320000
 270 5.320000
 271 5.320000
 272 5.320000
 273 5.270000
 274 4.630000
 275 4.600000
 276 4.640000
 277 5.190000
 278 5.250000
 279 5.220000
 280 5.230000
 281 5.200000
 282 5.190000
 283 5.230000
 284 5.220000
 285 5.240000
 286 5.100000
 287 5.120000
 288 5.220000
 289 5.220000
 290 5.220000
 291 5.190000
 292 5.190000
 293 5.190000
 294 5.170000
 295 5.170000
 296 5.140000
 297 5.140000
 298 5.120000
 299 4.470000
 300 4.380000
 301 4.380000
 302 4.440000
 303 5.070000
 304 5.090000
 305 5.070000
 306 5.070000
 307 5.040000
 308 5.040000
 309 4.920000
 310 4.900000
 311 4.900000
 312 5.020000
 313 5.020000
 314 4.990000
 315 4.970000
 316 4.990000
 317 4.970000
 318 4.940000
 319 4.940000
 320 4.940000
 321 4.940000
 322 4.940000
 323 4.920000
 324 4.920000
 325 4.920000
 326 4.920000
 327 4.890000
 328 4.890000
 329 4.890000
 330 4.890000
 331 4.870000
 332 4.870000
 333 4.870000
 334 4.880000
 335 4.840000
 336 4.870000
 337 4.840000
 338 4.840000
 339 4.840000
 340 4.840000
 341 4.820000
 342 4.840000
 343 4.830000
 344 4.820000
 345 4.820000
 346 4.820000
 347 4.080000
 348 4.740000
 349 4.790000
 350 4.080000
 351 4.180000
 352 4.790000
 353 4.780000
 354 4.870000
 355 4.950000
 356 4.980000
 357 5.030000
 358 4.730000
 359 4.640000
 360 4.630000
 361 4.610000
 362 4.630000
 363 4.620000
 364 4.330000
 365 4.630000
 366 4.620000
 367 4.630000
 368 4.680000
 369 4.060000
 370 4.040000
 371 3.970000
 372 4.000000
 373 3.960000
 374 3.950000
 375 5.080000
 376 5.050000
 377 5.050000
 378 0.550000
 379 0.570000
 380 0.550000
 381 0.550000
 382 0.550000
 383 0.580000
 384 0.580000
 385 0.550000
 386 0.530000
 387 0.550000
 388 0.550000
 389 0.550000
 390 0.550000
 391 0.550000
 392 0.550000
 393 0.550000
 394 0.550000
 395 0.550000
 396 0.550000
 397 0.550000
 398 0.550000
 399 0.550000
 400 0.550000
 401 0.550000
 402 0.550000
 403 0.550000
 404 0.550000
 405 0.550000
 406 0.550000
 407 0.520000
 408 0.530000
 409 0.560000
 410 0.560000
 411 0.570000
 412 0.610000
 413 0.600000
 414 0.640000
 415 0.650000
 416 4.300000
 417 1.080000
 418 1.130000
 419 1.110000
 420 1.110000
 421 1.080000
 422 1.110000
 423 1.110000
 424 1.110000
 425 1.080000
 426 1.110000
 427 1.110000
 428 1.080000
 429 1.080000
 430 1.110000
 431 1.110000
 432 1.110000
 433 1.120000
 434 1.190000
 435 1.610000
 436 1.660000
 437 1.660000
 438 1.660000
 439 1.660000
 440 1.660000
 441 1.650000
 442 1.690000
 443 1.730000
 444 1.770000
 445 3.590000
 446 3.610000
 447 3.580000
 448 3.570000
 449 3.610000
 450 3.560000
 451 3.560000
 452 3.550000
 453 3.560000
 454 3.580000
 455 3.580000
 456 3.560000
 457 3.540000
 458 3.510000
 459 3.530000
 460 3.520000
 461 3.520000
 462 3.540000
 463 3.560000
 464 3.530000
 465 3.530000
 466 3.510000
 467 3.530000
 468 3.500000
 469 3.520000
 470 3.500000
 471 3.480000
 472 3.510000
 473 3.470000
 474 3.470000
 475 3.470000
 476 3.450000
 477 3.460000
 478 3.430000
 479 3.440000
 480 1.770000
 481 1.680000
 482 1.660000
 483 1.680000
 484 1.660000
 485 1.660000
 486 1.660000
 487 1.660000
 488 1.680000
 489 1.680000
 490 1.680000
 491 1.550000
 492 1.160000
 493 1.150000
 494 1.130000
 495 1.110000
 496 1.110000
 497 1.110000
 498 1.110000
 499 1.120000
 500 1.120000
 501 1.110000
 502 1.120000
 503 1.110000
 504 1.110000
 505 1.130000
 506 1.110000
 507 1.120000
 508 1.130000
 509 1.130000
 510 1.130000
 511 3.050000
 512 3.070000
 513 3.070000
 514 3.070000
 515 3.070000
 516 3.080000
 517 3.100000
 518 3.090000
 519 3.120000
 520 3.140000
 521 3.160000
 522 3.150000
 523 0.630000
 524 0.630000
 525 0.610000
 526 0.590000
 527 0.590000
 528 0.590000
 529 0.590000
 530 0.560000
 531 0.550000
 532 0.550000
 533 0.570000
 534 0.540000
 535 0.570000
 536 0.540000
 537 0.550000
 538 0.570000
 539 0.580000
 540 0.580000
 541 0.580000
 542 0.580000
 543 0.580000
 544 0.580000
 545 0.580000
 546 0.550000
 547 0.580000
 548 0.580000
 549 0.580000
 550 0.580000
 551 0.580000
 552 0.580000
 553 0.580000
 554 0.580000
 555 0.600000
 556 0.580000
 557 0.580000
 558 0.600000
 559 0.590000
 560 0.640000
 561 1.080000
 562 1.230000
 563 1.230000
 564 1.230000
 565 1.230000
 566 1.260000
 567 1.240000
 568 1.230000
 569 1.260000
 570 1.270000
 571 1.260000
 572 1.260000
 573 1.280000
 574 1.790000
 575 1.840000
 576 1.870000
 577 1.870000
 578 1.870000
 579 1.890000
 580 1.890000
 581 1.890000
 582 1.920000
 583 1.940000
 584 1.940000
 585 1.940000
 586 1.970000
 587 1.970000
 588 1.990000
 589 1.970000
 590 2.020000
 591 2.020000
 592 2.040000
 593 2.050000
 594 2.050000
 595 2.080000
 596 2.100000
 597 2.100000
 598 2.130000
 599 2.150000
 600 2.180000
 601 2.180000
 602 2.200000
 603 2.230000
 604 2.230000
 605 2.230000
 606 2.250000
 607 2.250000
 608 2.280000
 609 2.270000
 610 2.280000
 611 2.330000
 612 2.330000
 613 2.350000
 614 2.340000
 615 2.360000
 616 2.330000
 617 2.330000
 618 2.330000
 619 2.350000
 620 2.380000
 621 2.380000
 622 2.400000
 623 1.480000
 624 0.830000
 625 0.810000
 626 0.790000
 627 0.800000
 628 0.800000
 629 0.800000
 630 0.780000
 631 0.780000
 632 0.800000
 633 0.780000
 634 0.780000
 635 0.780000
 636 0.780000
 637 0.750000
 638 0.750000
 639 0.750000
 640 0.780000
 641 0.750000
 642 0.780000
 643 0.750000
 644 0.750000
 645 0.780000
 646 0.780000
 647 0.780000
 648 0.800000
 649 0.780000
 650 0.800000
 651 0.780000
 652 0.800000
 653 0.820000
 654 0.870000
 655 0.800000
 656 0.750000
 657 1.880000
 658 1.900000
 659 1.900000
 660 1.950000
 661 1.950000
 662 1.970000
 663 1.980000
 664 3.390000
 665 3.390000
 666 3.370000
 667 3.340000
 668 3.340000
 669 3.320000
 670 3.320000
 671 3.320000
 672 3.290000
 673 3.270000
 674 3.240000
 675 3.250000
 676 3.250000
 677 3.280000
 678 3.240000
 679 3.240000
 680 3.240000
 681 3.270000
 682 3.240000
 683 3.220000
 684 3.240000
 685 3.240000
 686 3.250000
 687 3.280000
 688 3.300000
 689 3.300000
 690 3.300000
 691 3.290000
 692 3.290000
 693 3.320000
 694 3.340000
 695 3.340000
 696 3.340000
 697 3.340000
 698 3.370000
 699 3.370000
 700 3.390000
 701 3.420000
 702 3.390000
 703 3.400000
 704 3.420000
 705 3.440000
 706 3.480000
 707 3.470000
 708 2.900000
 709 2.920000
 710 3.340000
 711 3.520000
 712 3.590000
 713 3.590000
 714 3.590000
 715 3.600000
 716 3.650000
 717 3.660000
 718 3.680000
 719 3.710000
 720 3.730000
 721 3.760000
 722 3.760000
 723 3.760000
 724 3.780000
 725 3.790000
 726 3.780000
 727 3.790000
 728 3.810000
 729 3.810000
 730 3.830000
 731 3.800000
 732 3.830000
 733 3.820000
 734 3.910000
 735 3.880000
 736 3.940000
 737 3.910000
 738 3.930000
 739 3.980000
 740 3.980000
 741 3.380000
 742 3.390000
 743 2.940000
 744 2.950000
 745 1.530000
 746 1.540000
 747 1.530000
 748 1.530000
 749 1.530000
 750 1.530000
 751 1.530000
 752 1.530000
 753 1.560000
 754 1.540000
 755 1.510000
 756 1.500000
 757 1.530000
 758 4.050000
 759 4.080000
 760 4.080000