
 0 1.720000
 1 1.780000
 2 1.830000
 3 1.700000
 4 1.780000
 5 1.830000
 6 1.780000
 7 1.780000
 8 1.810000
 9 1.780000
 10 1.810000
 11 1.780000
 12 1.780000
 13 1.780000
 14 1.780000
 15 1.840000
 16 1.780000
 17 1.790000
 18 1.780000
 19 1.730000
 20 1.740000
 21 1.710000
 22 1.740000
 23 1.740000
 24 1.740000
 25 2.230000
 26 1.670000
 27 1.690000
 28 2.380000
 29 1.690000
 30 2.410000
 31 1.800000
 32 1.830000
 33 2.410000
 34 1.670000
 35 2.380000
 36 1.790000
 37 1.680000
 38 2.420000
 39 1.780000
 40 1.680000
 41 2.380000
 42 1.670000
 43 2.400000
 44 1.810000
 45 1.810000
 46 2.360000
 47 1.830000
 48 1.700000
 49 1.810000
 50 1.780000
 51 1.810000
 52 1.800000
 53 1.810000
 54 1.780000
 55 1.780000
 56 1.810000
 57 1.800000
 58 1.830000
 59 1.780000
 60 1.780000
 61 1.830000
 62 1.800000
 63 1.830000
 64 1.800000
 65 1.800000
 66 1.830000
 67 1.800000
 68 1.830000
 69 1.800000
 70 1.800000
 71 1.800000
 72 1.830000
 73 1.850000
 74 1.830000
 75 1.730000
 76 1.830000
 77 1.830000
 78 1.720000
 79 1.750000
 80 2.460000
 81 1.730000
 82 2.460000
 83 1.750000
 84 1.770000
 85 2.460000
 86 1.750000
 87 2.480000
 88 1.800000
 89 1.790000
 90 1.900000
 91 1.800000
 92 1.900000
 93 1.900000
 94 1.780000
 95 1.900000
 96 1.800000
 97 1.900000
 98 1.800000
 99 1.900000
 100 1.930000
 101 1.900000
 102 1.930000
 103 1.900000
 104 1.900000
 105 1.920000
 106 1.890000
 107 1.930000
 108 1.930000
 109 1.830000
 110 1.980000
 111 1.850000
 112 1.950000
 113 1.850000
 114 1.980000
 115 1.980000
 116 1.950000
 117 2.010000
 118 1.980000
 119 1.980000
 120 1.980000
 121 1.980000
 122 1.960000
 123 1.920000
 124 1.900000
 125 1.940000
 126 1.920000
 127 1.950000
 128 2.050000
 129 1.950000
 130 1.950000
 131 1.980000
 132 2.330000
 133 1.930000
 134 2.490000
 135 1.930000
 136 2.530000
 137 1.980000
 138 1.940000
 139 1.940000
 140 1.980000
 141 1.940000
 142 1.980000
 143 1.940000
 144 1.940000
 145 2.030000
 146 2.040000
 147 1.930000
 148 2.050000
 149 2.000000
 150 1.980000
 151 1.950000
 152 2.030000
 153 1.950000
 154 1.980000
 155 2.030000
 156 1.950000
 157 2.000000
 158 2.030000
 159 2.020000
 160 2.050000
 161 2.020000
 162 2.000000
 163 2.100000
 164 2.020000
 165 2.000000
 166 2.030000
 167 2.030000
 168 2.220000
 169 2.030000
 170 2.050000
 171 2.050000
 172 2.070000
 173 2.070000
 174 2.050000
 175 2.280000
 176 2.050000
 177 2.050000
 178 2.190000
 179 2.100000
 180 2.190000
 181 2.160000
 182 2.180000
 183 2.190000
 184 2.180000
 185 2.160000
 186 2.240000
 187 2.190000
 188 2.210000
 189 2.210000
 190 2.200000
 191 2.190000
 192 2.190000
 193 2.240000
 194 2.210000
 195 2.230000
 196 2.220000
 197 2.200000
 198 2.260000
 199 2.230000
 200 2.260000
 201 2.230000
 202 2.230000
 203 2.220000
 204 2.240000
 205 2.260000
 206 2.260000
 207 2.260000
 208 2.250000
 209 2.250000
 210 2.280000
 211 2.450000
 212 2.490000
 213 2.520000
 214 2.490000
 215 2.490000
 216 2.520000
 217 2.490000
 218 2.490000
 219 2.470000
 220 2.490000
 221 2.490000
 222 2.540000
 223 2.600000
 224 2.640000
 225 3.580000
 226 3.600000
 227 3.630000
 228 3.550000
 229 3.480000
 230 3.180000
 231 2.960000
 232 2.910000
 233 2.930000
 234 2.980000
 235 2.990000
 236 3.020000
 237 3.020000
 238 3.100000
 239 3.400000
 240 3.380000
 241 3.350000
 242 3.360000
 243 3.360000
 244 3.330000
 245 3.330000
 246 3.330000
 247 3.330000
 248 3.330000
 249 3.310000
 250 3.280000
 251 3.280000
 252 3.310000
 253 3.280000
 254 3.280000
 255 3.280000
 256 3.260000
 257 3.260000
 258 3.280000
 259 3.260000
 260 3.250000
 261 3.510000
 262 3.540000
 263 3.560000
 264 3.620000
 265 3.620000
 266 3.650000
 267 3.700000
 268 3.700000
 269 3.740000
 270 3.770000
 271 3.820000
 272 3.820000
 273 3.360000
 274 3.190000
 275 3.200000
 276 3.170000
 277 3.140000
 278 3.130000
 279 3.130000
 280 3.170000
 281 3.190000
 282 3.310000
 283 3.270000
 284 3.280000
 285 4.290000
 286 4.360000
 287 4.390000
 288 4.430000
 289 4.480000
 290 4.550000
 291 4.580000
 292 1.150000
 293 1.160000
 294 1.130000
 295 1.130000
 296 1.130000
 297 1.130000
 298 1.130000
 299 1.130000
 300 1.110000
 301 1.110000
 302 1.080000
 303 1.080000
 304 1.100000
 305 1.110000
 306 1.110000
 307 1.130000
 308 1.130000
 309 1.110000
 310 1.160000
 311 1.160000
 312 1.130000
 313 1.160000
 314 3.150000
 315 1.160000
 316 1.160000
 317 1.170000
 318 1.190000
 319 1.180000
 320 1.150000
 321 3.100000
 322 3.080000
 323 3.100000
 324 3.120000
 325 3.080000
 326 3.070000
 327 3.140000
 328 3.280000
 329 3.320000
 330 3.310000
 331 3.440000
 332 3.590000
 333 3.210000
 334 3.920000
 335 6.270000
 336 3.090000
 337 6.400000
 338 6.420000
 339 6.420000
 340 6.390000
 341 6.470000
 342 6.520000
 343 6.540000
 344 6.570000
 345 6.640000
 346 6.560000
 347 6.580000
 348 6.640000
 349 6.620000
 350 6.620000
 351 1.600000
 352 1.580000
 353 1.580000
 354 1.280000
 355 0.930000
 356 0.900000
 357 0.930000
 358 0.910000
 359 0.930000
 360 0.910000
 361 0.910000
 362 0.910000
 363 0.880000
 364 0.910000
 365 0.880000
 366 0.910000
 367 0.880000
 368 0.910000
 369 0.880000
 370 0.900000
 371 0.890000
 372 0.890000
 373 0.890000
 374 0.920000
 375 0.920000
 376 0.940000
 377 0.970000
 378 0.950000
 379 1.000000
 380 3.000000
 381 3.020000
 382 3.000000
 383 2.100000
 384 2.110000
 385 2.110000
 386 2.080000
 387 2.080000
 388 2.080000
 389 2.080000
 390 2.080000
 391 2.090000
 392 2.120000
 393 2.170000
 394 3.040000
 395 2.950000
 396 2.950000
 397 3.940000
 398 2.980000
 399 1.450000
 400 1.430000
 401 1.430000
 402 1.430000
 403 1.430000
 404 1.430000
 405 1.440000
 406 1.440000
 407 1.410000
 408 1.440000
 409 1.410000
 410 1.430000
 411 1.430000
 412 1.460000
 413 1.480000
 414 1.490000
 415 2.980000
 416 3.060000
 417 3.050000
 418 3.050000
 419 3.080000
 420 3.020000
 421 1.990000
 422 1.980000
 423 1.980000
 424 1.980000
 425 1.980000
 426 1.980000
 427 1.960000
 428 1.960000
 429 1.980000
 430 2.000000
 431 2.080000
 432 2.980000
 433 2.980000
 434 3.670000
 435 2.950000
 436 2.980000
 437 3.430000
 438 3.100000
 439 3.100000
 440 3.350000
 441 3.130000
 442 3.140000
 443 0.890000
 444 0.820000
 445 0.840000
 446 0.830000
 447 0.830000
 448 0.830000
 449 0.810000
 450 0.810000
 451 0.830000
 452 0.810000
 453 0.810000
 454 0.810000
 455 0.780000
 456 0.800000
 457 0.800000
 458 0.800000
 459 0.800000
 460 0.810000
 461 0.780000
 462 0.810000
 463 0.800000
 464 0.790000
 465 0.800000
 466 0.800000
 467 0.830000
 468 0.840000
 469 0.840000
 470 0.860000
 471 0.890000
 472 1.920000
 473 2.000000
 474 3.040000
 475 3.050000
 476 3.050000
 477 3.120000
 478 3.150000
 479 3.180000
 480 3.160000
 481 3.180000
 482 3.190000
 483 3.200000
 484 0.960000
 485 0.980000
 486 1.000000
 487 1.030000
 488 1.000000
 489 0.940000
 490 0.930000
 491 0.920000
 492 0.940000
 493 0.960000
 494 0.970000
 495 0.970000
 496 0.970000
 497 0.970000
 498 0.980000
 499 0.920000
 500 0.890000
 501 0.930000
 502 0.930000
 503 0.930000
 504 0.900000
 505 0.880000
 506 0.870000
 507 0.870000
 508 0.890000
 509 0.880000
 510 0.880000
 511 0.860000
 512 0.850000
 513 0.870000
 514 0.860000
 515 0.850000
 516 0.850000
 517 0.860000
 518 0.850000
 519 0.850000
 520 0.870000
 521 0.850000
 522 0.880000
 523 0.880000
 524 0.850000
 525 0.880000
 526 0.880000
 527 0.860000
 528 0.860000
 529 0.850000
 530 0.870000
 531 0.850000
 532 0.870000
 533 0.870000
 534 0.900000
 535 0.900000
 536 0.900000
 537 0.900000
 538 0.880000
 539 0.890000
 540 0.860000
 541 0.890000
 542 0.900000
 543 0.930000
 544 0.890000
 545 0.920000
 546 0.910000
 547 0.930000
 548 0.920000
 549 0.950000
 550 0.980000
 551 0.950000
 552 0.950000
 553 0.970000
 554 0.990000
 555 0.980000
 556 1.000000
 557 3.950000
 558 4.050000
 559 4.070000
 560 4.050000
 561 4.060000
 562 4.080000
 563 4.100000
 564 4.100000
 565 4.180000
 566 4.210000
 567 4.210000
 568 4.200000
 569 4.230000
 570 4.280000
 571 4.300000
 572 4.320000
 573 4.320000
 574 4.730000
 575 4.310000
 576 4.350000
 577 4.390000
 578 4.380000
 579 4.430000
 580 4.490000
 581 4.430000
 582 4.480000
 583 4.570000
 584 4.480000
 585 4.570000
 586 4.520000
 587 4.530000
 588 4.370000
 589 4.310000
 590 4.180000
 591 4.220000
 592 4.100000
 593 4.050000
 594 4.080000
 595 4.050000
 596 4.030000
 597 4.120000
 598 4.040000
 599 4.110000
 600 4.070000
 601 4.040000
 602 3.980000
 603 3.980000
 604 4.000000
 605 4.030000
 606 4.000000
 607 3.970000
 608 3.980000
 609 4.130000
 610 4.090000
 611 4.090000
 612 4.090000
 613 3.980000
 614 3.950000
 615 3.980000
 616 4.050000
 617 3.990000
 618 4.000000
 619 4.000000
 620 3.980000
 621 4.000000
 622 4.000000
 623 4.040000
 624 3.960000
 625 3.990000
 626 3.960000
 627 3.970000
 628 3.920000
 629 3.940000
 630 3.780000
 631 3.780000
 632 3.750000
 633 3.780000
 634 3.790000
 635 3.830000
 636 3.830000
 637 3.850000
 638 3.820000
 639 3.850000
 640 3.830000
 641 3.830000
 642 3.910000
 643 3.960000
 644 3.880000
 645 3.890000
 646 3.830000
 647 3.700000
 648 3.700000
 649 3.780000
 650 3.650000
 651 3.640000
 652 3.650000
 653 3.640000
 654 3.670000
 655 3.690000
 656 3.600000
 657 3.640000
 658 3.610000
 659 3.640000
 660 3.640000
 661 3.650000
 662 3.680000
 663 3.680000
 664 3.680000
 665 3.700000
 666 3.700000
 667 3.700000
 668 3.530000
 669 3.670000
 670 3.600000
 671 3.630000
 672 3.600000
 673 3.540000
 674 3.540000
 675 3.510000
 676 3.510000
 677 3.550000
 678 3.490000
 679 3.440000
 680 3.410000
 681 3.400000
 682 3.380000
 683 3.450000
 684 3.530000
 685 3.480000
 686 3.490000
 687 3.510000
 688 3.460000
 689 3.430000
 690 3.420000
 691 3.380000
 692 3.360000
 693 3.440000
 694 3.300000
 695 3.330000
 696 3.430000
 697 3.430000
 698 3.300000
 699 3.280000
 700 3.410000
 701 3.410000
 702 3.300000
 703 3.280000
 704 3.410000
 705 3.410000
 706 3.380000
 707 3.380000
 708 3.220000
 709 4.020000
 710 3.230000
 711 3.360000
 712 3.330000
 713 3.330000
 714 3.200000
 715 3.310000
 716 3.330000
 717 3.330000
 718 3.360000
 719 3.230000
 720 3.380000
 721 3.360000
 722 3.250000
 723 3.230000
 724 3.360000
 725 3.360000
 726 3.360000
 727 3.250000
 728 3.380000
 729 3.330000
 730 3.380000
 731 3.230000
 732 3.250000
 733 3.360000
 734 3.360000
 735 3.360000
 736 3.250000
 737 3.360000
 738 3.310000
 739 3.360000
 740 3.250000
 741 3.350000
 742 3.310000
 743 3.360000
 744 3.220000
 745 3.390000
 746 3.330000
 747 3.330000
 748 3.250000
 749 3.390000
 750 3.360000
 751 3.330000
 752 3.390000
 753 3.370000
 754 3.330000
 755 3.370000
 756 3.370000
 757 3.370000
 758 3.330000
 759 3.370000
 760 3.370000
 0 1.670000
 1 1.800000
 2 1.830000
 3 1.700000
 4 1.800000
 5 1.810000
 6 1.780000
 7 1.780000
 8 1.810000
 9 1.780000
 10 1.810000
 11 1.760000
 12 1.810000
 13 1.780000
 14 1.760000
 15 1.830000
 16 1.780000
 17 1.790000
 18 1.760000
 19 1.720000
 20 1.730000
 21 1.730000
 22 1.740000
 23 1.740000
 24 1.740000
 25 2.230000
 26 1.670000
 27 1.670000
 28 2.380000
 29 1.690000
 30 2.410000
 31 1.800000
 32 1.830000
 33 2.410000
 34 1.700000
 35 2.400000
 36 1.790000
 37 1.680000
 38 2.380000
 39 1.810000
 40 1.680000
 41 2.380000
 42 1.650000
 43 2.400000
 44 1.830000
 45 1.810000
 46 2.310000
 47 1.680000
 48 1.700000
 49 1.780000
 50 1.780000
 51 1.810000
 52 1.780000
 53 1.830000
 54 1.780000
 55 1.780000
 56 1.810000
 57 1.780000
 58 1.830000
 59 1.800000
 60 1.780000
 61 1.830000
 62 1.800000
 63 1.830000
 64 1.800000
 65 1.780000
 66 1.810000
 67 1.800000
 68 1.830000
 69 1.800000
 70 1.800000
 71 1.800000
 72 1.830000
 73 1.830000
 74 1.830000
 75 1.730000
 76 1.830000
 77 1.850000
 78 1.740000
 79 1.750000
 80 2.460000
 81 1.850000
 82 2.460000
 83 1.750000
 84 1.770000
 85 2.460000
 86 1.750000
 87 2.480000
 88 1.800000
 89 1.770000
 90 1.900000
 91 1.800000
 92 1.900000
 93 1.900000
 94 1.930000
 95 1.880000
 96 1.770000
 97 1.900000
 98 1.830000
 99 1.900000
 100 1.900000
 101 1.930000
 102 1.900000
 103 1.900000
 104 1.900000
 105 1.920000
 106 1.920000
 107 1.930000
 108 1.930000
 109 1.830000
 110 1.950000
 111 1.850000
 112 1.950000
 113 1.830000
 114 1.980000
 115 1.960000
 116 1.960000
 117 1.980000
 118 2.010000
 119 1.980000
 120 1.980000
 121 1.980000
 122 1.990000
 123 1.920000
 124 1.880000
 125 1.910000
 126 1.900000
 127 1.960000
 128 1.970000
 129 1.960000
 130 1.950000
 131 1.980000
 132 2.260000
 133 1.900000
 134 2.500000
 135 1.900000
 136 2.530000
 137 1.980000
 138 1.940000
 139 1.920000
 140 1.970000
 141 1.970000
 142 1.960000
 143 1.970000
 144 1.940000
 145 2.030000
 146 2.040000
 147 1.930000
 148 2.060000
 149 1.970000
 150 2.010000
 151 1.980000
 152 2.030000
 153 1.950000
 154 1.980000
 155 2.010000
 156 1.980000
 157 2.020000
 158 2.030000
 159 2.040000
 160 2.050000
 161 2.040000
 162 2.000000
 163 2.070000
 164 2.010000
 165 2.030000
 166 2.080000
 167 2.030000
 168 2.170000
 169 2.030000
 170 2.020000
 171 2.050000
 172 2.070000
 173 2.070000
 174 2.050000
 175 2.700000
 176 2.050000
 177 2.100000
 178 2.170000
 179 2.080000
 180 2.190000
 181 2.160000
 182 2.160000
 183 2.190000
 184 2.200000
 185 2.160000
 186 2.240000
 187 2.220000
 188 2.210000
 189 2.210000
 190 2.200000
 191 2.220000
 192 2.190000
 193 2.240000
 194 2.210000
 195 2.230000
 196 2.220000
 197 2.200000
 198 2.240000
 199 2.240000
 200 2.230000
 201 2.230000
 202 2.230000
 203 2.240000
 204 2.250000
 205 2.260000
 206 2.290000
 207 2.260000
 208 2.250000
 209 2.250000
 210 2.250000
 211 2.450000
 212 2.480000
 213 2.520000
 214 2.520000
 215 2.520000
 216 2.490000
 217 2.490000
 218 2.490000
 219 2.490000
 220 2.470000
 221 2.460000
 222 2.540000
 223 2.590000
 224 2.650000
 225 3.580000
 226 3.580000
 227 3.600000
 228 3.540000
 229 3.480000
 230 3.200000
 231 2.960000
 232 2.940000
 233 2.930000
 234 2.950000
 235 2.990000
 236 3.020000
 237 3.020000
 238 3.100000
 239 3.380000
 240 3.380000
 241 3.380000
 242 3.380000
 243 3.360000
 244 3.360000
 245 3.360000
 246 3.330000
 247 3.330000
 248 3.310000
 249 3.310000
 250 3.280000
 251 3.310000
 252 3.310000
 253 3.280000
 254 3.280000
 255 3.280000
 256 3.260000
 257 3.260000
 258 3.260000
 259 3.260000
 260 3.250000
 261 3.510000
 262 3.540000
 263 3.590000
 264 3.620000
 265 3.640000
 266 3.670000
 267 3.670000
 268 3.720000
 269 3.750000
 270 3.770000
 271 3.820000
 272 3.800000
 273 3.360000
 274 3.210000
 275 3.170000
 276 3.170000
 277 3.170000
 278 3.130000
 279 3.160000
 280 3.170000
 281 3.200000
 282 3.300000
 283 3.260000
 284 3.230000
 285 4.310000
 286 4.370000
 287 4.380000
 288 4.430000
 289 4.480000
 290 4.550000
 291 4.580000
 292 1.150000
 293 1.130000
 294 1.160000
 295 1.130000
 296 1.130000
 297 1.130000
 298 1.110000
 299 1.130000
 300 1.110000
 301 1.110000
 302 1.080000
 303 1.100000
 304 1.100000
 305 1.110000
 306 1.110000
 307 1.130000
 308 1.110000
 309 1.110000
 310 1.130000
 311 1.130000
 312 1.150000
 313 1.170000
 314 3.130000
 315 1.180000
 316 1.160000
 317 1.180000
 318 1.170000
 319 1.180000
 320 1.170000
 321 3.100000
 322 3.100000
 323 3.100000
 324 3.090000
 325 3.110000
 326 3.130000
 327 3.130000
 328 3.270000
 329 3.290000
 330 3.280000
 331 3.440000
 332 3.580000
 333 3.150000
 334 3.890000
 335 6.300000
 336 3.090000
 337 6.350000
 338 6.320000
 339 6.470000
 340 6.310000
 341 6.440000
 342 6.550000
 343 6.540000
 344 6.590000
 345 6.640000
 346 6.580000
 347 6.580000
 348 6.640000
 349 6.620000
 350 6.620000
 351 1.580000
 352 1.580000
 353 1.580000
 354 1.230000
 355 0.950000
 356 0.930000
 357 0.910000
 358 0.930000
 359 0.930000
 360 0.910000
 361 0.910000
 362 0.910000
 363 0.910000
 364 0.880000
 365 0.880000
 366 0.910000
 367 0.910000
 368 0.880000
 369 0.880000
 370 0.880000
 371 0.890000
 372 0.910000
 373 0.920000
 374 0.920000
 375 0.920000
 376 0.940000
 377 0.960000
 378 0.950000
 379 1.000000
 380 3.000000
 381 3.010000
 382 3.030000
 383 2.100000
 384 2.080000
 385 2.110000
 386 2.080000
 387 2.080000
 388 2.080000
 389 2.080000
 390 2.080000
 391 2.070000
 392 2.120000
 393 2.150000
 394 3.050000
 395 2.980000
 396 2.930000
 397 3.990000
 398 2.980000
 399 1.450000
 400 1.450000
 401 1.460000
 402 1.460000
 403 1.430000
 404 1.440000
 405 1.420000
 406 1.440000
 407 1.430000
 408 1.410000
 409 1.430000
 410 1.430000
 411 1.430000
 412 1.450000
 413 1.450000
 414 1.490000
 415 2.980000
 416 3.060000
 417 3.070000
 418 3.080000
 419 3.070000
 420 2.990000
 421 1.990000
 422 1.980000
 423 1.980000
 424 1.980000
 425 1.980000
 426 1.960000
 427 1.980000
 428 1.980000
 429 1.980000
 430 2.000000
 431 2.080000
 432 2.980000
 433 2.980000
 434 3.680000
 435 2.950000
 436 2.950000
 437 3.430000
 438 3.100000
 439 3.100000
 440 3.350000
 441 3.130000
 442 3.140000
 443 0.920000
 444 0.820000
 445 0.820000
 446 0.830000
 447 0.830000
 448 0.800000
 449 0.810000
 450 0.810000
 451 0.810000
 452 0.830000
 453 0.810000
 454 0.810000
 455 0.800000
 456 0.800000
 457 0.800000
 458 0.830000
 459 0.800000
 460 0.810000
 461 0.810000
 462 0.780000
 463 0.800000
 464 0.810000
 465 0.800000
 466 0.800000
 467 0.800000
 468 0.840000
 469 0.840000
 470 0.860000
 471 0.890000
 472 1.950000
 473 1.980000
 474 3.060000
 475 3.070000
 476 3.050000
 477 3.150000
 478 3.120000
 479 3.180000
 480 3.180000
 481 3.150000
 482 3.200000
 483 3.190000
 484 0.990000
 485 0.990000
 486 1.000000
 487 1.030000
 488 1.030000
 489 0.950000
 490 0.950000
 491 0.920000
 492 0.990000
 493 0.960000
 494 0.970000
 495 0.920000
 496 0.970000
 497 0.970000
 498 0.980000
 499 0.920000
 500 0.930000
 501 0.870000
 502 0.930000
 503 0.930000
 504 0.900000
 505 0.880000
 506 0.900000
 507 0.870000
 508 0.860000
 509 0.880000
 510 0.910000
 511 0.860000
 512 0.840000
 513 0.870000
 514 0.850000
 515 0.850000
 516 0.840000
 517 0.870000
 518 0.850000
 519 0.850000
 520 0.890000
 521 0.830000
 522 0.850000
 523 0.850000
 524 0.880000
 525 0.870000
 526 0.880000
 527 0.860000
 528 0.860000
 529 0.880000
 530 0.870000
 531 0.870000
 532 0.870000
 533 0.870000
 534 0.870000
 535 0.900000
 536 0.920000
 537 0.900000
 538 0.900000
 539 0.900000
 540 0.880000
 541 0.900000
 542 0.910000
 543 0.890000
 544 0.920000
 545 0.910000
 546 0.880000
 547 0.900000
 548 0.940000
 549 0.950000
 550 0.980000
 551 0.950000
 552 0.970000
 553 0.970000
 554 0.990000
 555 0.980000
 556 1.030000
 557 3.950000
 558 4.030000
 559 4.080000
 560 4.030000
 561 4.100000
 562 4.080000
 563 4.100000
 564 4.130000
 565 4.180000
 566 4.210000
 567 4.240000
 568 4.230000
 569 4.250000
 570 4.280000
 571 4.280000
 572 4.320000
 573 4.320000
 574 5.080000
 575 4.330000
 576 4.350000
 577 4.390000
 578 4.380000
 579 4.430000
 580 4.490000
 581 4.430000
 582 4.450000
 583 4.560000
 584 4.480000
 585 4.540000
 586 4.520000
 587 4.530000
 588 4.370000
 589 4.330000
 590 4.200000
 591 4.230000
 592 4.100000
 593 4.080000
 594 4.080000
 595 4.050000
 596 4.030000
 597 4.090000
 598 4.080000
 599 4.110000
 600 4.070000
 601 4.030000
 602 4.000000
 603 4.000000
 604 4.000000
 605 3.970000
 606 4.000000
 607 3.970000
 608 3.980000
 609 4.130000
 610 4.090000
 611 4.090000
 612 4.090000
 613 3.950000
 614 3.950000
 615 3.980000
 616 4.060000
 617 4.020000
 618 4.000000
 619 3.990000
 620 4.000000
 621 4.000000
 622 4.000000
 623 4.010000
 624 3.960000
 625 3.960000
 626 3.990000
 627 3.960000
 628 3.940000
 629 3.940000
 630 3.940000
 631 3.750000
 632 3.780000
 633 3.750000
 634 3.830000
 635 3.820000
 636 3.830000
 637 3.850000
 638 3.850000
 639 3.890000
 640 3.860000
 641 3.830000
 642 3.930000
 643 3.960000
 644 3.910000
 645 3.850000
 646 3.820000
 647 3.730000
 648 3.730000
 649 3.780000
 650 3.650000
 651 3.660000
 652 3.650000
 653 3.640000
 654 3.670000
 655 3.690000
 656 3.600000
 657 3.640000
 658 3.610000
 659 3.610000
 660 3.640000
 661 3.640000
 662 3.680000
 663 3.700000
 664 3.700000
 665 3.700000
 666 3.710000
 667 3.710000
 668 3.700000
 669 3.640000
 670 3.630000
 671 3.650000
 672 3.630000
 673 3.560000
 674 3.540000
 675 3.510000
 676 3.510000
 677 3.550000
 678 3.490000
 679 3.440000
 680 3.430000
 681 3.410000
 682 3.400000
 683 3.450000
 684 3.530000
 685 3.480000
 686 3.490000
 687 3.510000
 688 3.460000
 689 3.410000
 690 3.400000
 691 3.370000
 692 3.350000
 693 3.440000
 694 3.460000
 695 3.330000
 696 3.430000
 697 3.410000
 698 3.280000
 699 3.280000
 700 3.380000
 701 3.410000
 702 3.280000
 703 3.300000
 704 3.380000
 705 3.410000
 706 3.360000
 707 3.380000
 708 3.220000
 709 4.020000
 710 3.230000
 711 3.360000
 712 3.330000
 713 3.330000
 714 3.340000
 715 3.280000
 716 3.350000
 717 3.380000
 718 3.360000
 719 3.230000
 720 3.330000
 721 3.380000
 722 3.280000
 723 3.230000
 724 3.390000
 725 3.360000
 726 3.380000
 727 3.230000
 728 3.360000
 729 3.360000
 730 3.380000
 731 3.230000
 732 3.250000
 733 3.330000
 734 3.360000
 735 3.360000
 736 3.220000
 737 3.330000
 738 3.310000
 739 3.380000
 740 3.250000
 741 3.350000
 742 3.290000
 743 3.380000
 744 3.250000
 745 3.370000
 746 3.330000
 747 3.330000
 748 3.230000
 749 3.230000
 750 3.360000
 751 3.360000
 752 3.370000
 753 3.340000
 754 3.330000
 755 3.340000
 756 3.370000
 757 3.340000
 758 3.330000
 759 3.370000
 760 3.390000
 0 1.720000
 1 1.780000
 2 1.830000
 3 1.700000
 4 1.780000
 5 1.810000
 6 1.780000
 7 1.780000
 8 1.780000
 9 1.760000
 10 1.810000
 11 1.780000
 12 1.780000
 13 1.780000
 14 1.760000
 15 1.820000
 16 1.780000
 17 1.790000
 18 1.760000
 19 1.730000
 20 1.760000
 21 1.730000
 22 1.740000
 23 1.770000
 24 1.740000
 25 2.210000
 26 1.670000
 27 1.690000
 28 2.380000
 29 1.670000
 30 2.410000
 31 1.800000
 32 1.830000
 33 2.410000
 34 1.700000
 35 2.400000
 36 1.790000
 37 1.680000
 38 2.420000
 39 1.780000
 40 1.680000
 41 2.380000
 42 1.650000
 43 2.380000
 44 1.680000
 45 1.810000
 46 2.380000
 47 1.700000
 48 1.680000
 49 1.780000
 50 1.750000
 51 1.830000
 52 1.780000
 53 1.830000
 54 1.780000
 55 1.780000
 56 1.830000
 57 1.800000
 58 1.830000
 59 1.780000
 60 1.800000
 61 1.830000
 62 1.800000
 63 1.860000
 64 1.800000
 65 1.800000
 66 1.810000
 67 1.830000
 68 1.830000
 69 1.800000
 70 1.800000
 71 1.830000
 72 1.830000
 73 1.830000
 74 1.830000
 75 1.700000
 76 1.830000
 77 1.830000
 78 1.740000
 79 1.750000
 80 2.460000
 81 1.880000
 82 2.460000
 83 1.750000
 84 1.770000
 85 2.460000
 86 1.730000
 87 2.460000
 88 1.770000
 89 1.790000
 90 1.900000
 91 1.770000
 92 1.880000
 93 1.900000
 94 1.900000
 95 1.880000
 96 1.800000
 97 1.900000
 98 1.800000
 99 1.900000
 100 1.930000
 101 1.890000
 102 1.930000
 103 1.900000
 104 1.900000
 105 1.920000
 106 1.920000
 107 1.930000
 108 1.930000
 109 1.830000
 110 1.950000
 111 1.850000
 112 1.980000
 113 1.830000
 114 1.960000
 115 1.980000
 116 1.950000
 117 2.010000
 118 2.010000
 119 2.010000
 120 1.980000
 121 1.980000
 122 1.960000
 123 1.920000
 124 1.900000
 125 1.920000
 126 1.900000
 127 1.960000
 128 2.050000
 129 1.960000
 130 1.950000
 131 1.980000
 132 2.380000
 133 1.900000
 134 2.530000
 135 1.930000
 136 2.550000
 137 1.980000
 138 1.950000
 139 1.940000
 140 1.980000
 141 1.970000
 142 1.960000
 143 1.960000
 144 1.940000
 145 2.030000
 146 2.070000
 147 1.930000
 148 2.050000
 149 2.000000
 150 2.010000
 151 1.980000
 152 2.030000
 153 2.030000
 154 1.980000
 155 2.010000
 156 1.980000
 157 1.990000
 158 2.030000
 159 2.020000
 160 2.080000
 161 2.020000
 162 1.980000
 163 2.100000
 164 1.990000
 165 2.000000
 166 2.030000
 167 2.030000
 168 2.330000
 169 2.030000
 170 2.020000
 171 2.050000
 172 2.070000
 173 2.070000
 174 2.050000
 175 2.430000
 176 2.180000
 177 2.080000
 178 2.170000
 179 2.080000
 180 2.190000
 181 2.160000
 182 2.160000
 183 2.190000
 184 2.180000
 185 2.160000
 186 2.230000
 187 2.190000
 188 2.210000
 189 2.240000
 190 2.200000
 191 2.200000
 192 2.190000
 193 2.240000
 194 2.210000
 195 2.230000
 196 2.240000
 197 2.220000
 198 2.240000
 199 2.230000
 200 2.230000
 201 2.230000
 202 2.260000
 203 2.250000
 204 2.240000
 205 2.260000
 206 2.280000
 207 2.310000
 208 2.250000
 209 2.250000
 210 2.270000
 211 2.450000
 212 2.480000
 213 2.490000
 214 2.490000
 215 2.490000
 216 2.490000
 217 2.470000
 218 2.490000
 219 2.470000
 220 2.490000
 221 2.450000
 222 2.540000
 223 2.620000
 224 2.670000
 225 3.580000
 226 3.600000
 227 3.600000
 228 3.580000
 229 3.500000
 230 3.200000
 231 2.940000
 232 2.940000
 233 2.950000
 234 2.990000
 235 2.990000
 236 3.020000
 237 3.020000
 238 3.080000
 239 3.380000
 240 3.410000
 241 3.380000
 242 3.380000
 243 3.360000
 244 3.360000
 245 3.360000
 246 3.330000
 247 3.330000
 248 3.330000
 249 3.310000
 250 3.310000
 251 3.310000
 252 3.310000
 253 3.280000
 254 3.280000
 255 3.280000
 256 3.260000
 257 3.260000
 258 3.280000
 259 3.260000
 260 3.250000
 261 3.510000
 262 3.540000
 263 3.560000
 264 3.620000
 265 3.620000
 266 3.670000
 267 3.700000
 268 3.720000
 269 3.770000
 270 3.770000
 271 3.800000
 272 3.820000
 273 3.360000
 274 3.220000
 275 3.170000
 276 3.170000
 277 3.140000
 278 3.130000
 279 3.160000
 280 3.140000
 281 3.190000
 282 3.280000
 283 3.270000
 284 3.260000
 285 4.310000
 286 4.340000
 287 4.390000
 288 4.460000
 289 4.480000
 290 4.540000
 291 4.560000
 292 1.150000
 293 1.130000
 294 1.130000
 295 1.130000
 296 1.130000
 297 1.130000
 298 1.130000
 299 1.130000
 300 1.130000
 301 1.080000
 302 1.110000
 303 1.100000
 304 1.100000
 305 1.080000
 306 1.130000
 307 1.110000
 308 1.110000
 309 1.130000
 310 1.130000
 311 1.160000
 312 1.150000
 313 1.160000
 314 3.150000
 315 1.160000
 316 1.160000
 317 1.200000
 318 1.170000
 319 1.150000
 320 1.200000
 321 3.100000
 322 3.080000
 323 3.100000
 324 3.090000
 325 3.080000
 326 3.130000
 327 3.120000
 328 3.280000
 329 3.320000
 330 3.280000
 331 3.460000
 332 3.590000
 333 3.150000
 334 3.920000
 335 6.270000
 336 3.070000
 337 6.290000
 338 6.370000
 339 6.420000
 340 6.390000
 341 6.420000
 342 6.490000
 343 6.570000
 344 6.620000
 345 6.640000
 346 6.560000
 347 6.560000
 348 6.580000
 349 6.620000
 350 6.600000
 351 1.600000
 352 1.580000
 353 1.580000
 354 1.230000
 355 0.930000
 356 0.930000
 357 0.910000
 358 0.930000
 359 0.910000
 360 0.910000
 361 0.910000
 362 0.910000
 363 0.910000
 364 0.910000
 365 0.910000
 366 0.910000
 367 0.910000
 368 0.910000
 369 0.900000
 370 0.880000
 371 0.890000
 372 0.890000
 373 0.920000
 374 0.920000
 375 0.920000
 376 0.920000
 377 0.970000
 378 0.950000
 379 1.000000
 380 3.010000
 381 3.010000
 382 3.030000
 383 2.130000
 384 2.110000
 385 2.110000
 386 2.080000
 387 2.080000
 388 2.080000
 389 2.080000
 390 2.080000
 391 2.090000
 392 2.120000
 393 2.150000
 394 3.060000
 395 2.980000
 396 2.950000
 397 3.960000
 398 2.950000
 399 1.450000
 400 1.430000
 401 1.430000
 402 1.430000
 403 1.430000
 404 1.420000
 405 1.440000
 406 1.440000
 407 1.440000
 408 1.430000
 409 1.410000
 410 1.410000
 411 1.430000
 412 1.440000
 413 1.450000
 414 1.510000
 415 2.980000
 416 3.060000
 417 3.050000
 418 3.070000
 419 3.090000
 420 3.020000
 421 1.990000
 422 1.980000
 423 1.960000
 424 1.960000
 425 1.980000
 426 1.960000
 427 1.980000
 428 1.980000
 429 1.980000
 430 2.020000
 431 2.060000
 432 2.980000
 433 2.980000
 434 3.660000
 435 2.970000
 436 2.980000
 437 3.380000
 438 3.100000
 439 3.100000
 440 3.400000
 441 3.130000
 442 3.170000
 443 0.890000
 444 0.840000
 445 0.830000
 446 0.830000
 447 0.800000
 448 0.810000
 449 0.810000
 450 0.810000
 451 0.830000
 452 0.810000
 453 0.830000
 454 0.800000
 455 0.810000
 456 0.800000
 457 0.800000
 458 0.830000
 459 0.800000
 460 0.810000
 461 0.810000
 462 0.800000
 463 0.800000
 464 0.810000
 465 0.780000
 466 0.800000
 467 0.830000
 468 0.810000
 469 0.840000
 470 0.840000
 471 0.890000
 472 1.940000
 473 1.970000
 474 3.040000
 475 3.030000
 476 3.030000
 477 3.120000
 478 3.150000
 479 3.190000
 480 3.160000
 481 3.200000
 482 3.190000
 483 3.180000
 484 0.990000
 485 0.970000
 486 1.000000
 487 1.000000
 488 1.060000
 489 0.940000
 490 0.940000
 491 0.920000
 492 0.940000
 493 0.980000
 494 0.970000
 495 0.970000
 496 0.940000
 497 0.970000
 498 0.980000
 499 0.940000
 500 0.890000
 501 0.900000
 502 0.910000
 503 0.910000
 504 0.900000
 505 0.910000
 506 0.870000
 507 0.870000
 508 0.890000
 509 0.880000
 510 0.880000
 511 0.860000
 512 0.850000
 513 0.860000
 514 0.860000
 515 0.850000
 516 0.880000
 517 0.840000
 518 0.880000
 519 0.880000
 520 0.850000
 521 0.850000
 522 0.880000
 523 0.850000
 524 0.860000
 525 0.870000
 526 0.880000
 527 0.860000
 528 0.860000
 529 0.880000
 530 0.870000
 531 0.850000
 532 0.870000
 533 0.900000
 534 0.900000
 535 0.900000
 536 0.870000
 537 0.900000
 538 0.900000
 539 0.870000
 540 0.890000
 541 0.910000
 542 0.890000
 543 0.920000
 544 0.890000
 545 0.910000
 546 0.920000
 547 0.930000
 548 0.920000
 549 0.950000
 550 0.950000
 551 0.950000
 552 0.970000
 553 0.970000
 554 1.020000
 555 1.020000
 556 1.000000
 557 3.950000
 558 4.030000
 559 4.060000
 560 4.080000
 561 4.050000
 562 4.050000
 563 4.100000
 564 4.130000
 565 4.150000
 566 4.230000
 567 4.220000
 568 4.230000
 569 4.230000
 570 4.280000
 571 4.300000
 572 4.320000
 573 4.320000
 574 5.110000
 575 4.330000
 576 4.350000
 577 4.410000
 578 4.380000
 579 4.430000
 580 4.470000
 581 4.450000
 582 4.450000
 583 4.560000
 584 4.480000
 585 4.570000
 586 4.560000
 587 4.530000
 588 4.370000
 589 4.310000
 590 4.200000
 591 4.220000
 592 4.100000
 593 4.050000
 594 4.080000
 595 4.050000
 596 4.050000
 597 4.090000
 598 4.080000
 599 4.090000
 600 4.090000
 601 4.050000
 602 4.000000
 603 3.980000
 604 4.000000
 605 4.030000
 606 4.000000
 607 3.970000
 608 3.980000
 609 4.100000
 610 4.090000
 611 4.090000
 612 4.090000
 613 3.980000
 614 3.950000
 615 3.980000
 616 4.060000
 617 3.990000
 618 4.000000
 619 3.970000
 620 4.000000
 621 4.010000
 622 4.010000
 623 4.010000
 624 3.990000
 625 3.960000
 626 3.960000
 627 3.940000
 628 3.940000
 629 3.970000
 630 3.940000
 631 3.780000
 632 3.780000
 633 3.750000
 634 3.820000
 635 3.830000
 636 3.860000
 637 3.850000
 638 3.840000
 639 3.850000
 640 3.860000
 641 3.830000
 642 3.910000
 643 3.960000
 644 3.860000
 645 3.870000
 646 3.820000
 647 3.730000
 648 3.700000
 649 3.760000
 650 3.650000
 651 3.640000
 652 3.630000
 653 3.640000
 654 3.670000
 655 3.670000
 656 3.680000
 657 3.640000
 658 3.610000
 659 3.610000
 660 3.640000
 661 3.680000
 662 3.670000
 663 3.680000
 664 3.700000
 665 3.700000
 666 3.700000
 667 3.680000
 668 3.680000
 669 3.670000
 670 3.600000
 671 3.650000
 672 3.600000
 673 3.560000
 674 3.540000
 675 3.480000
 676 3.510000
 677 3.550000
 678 3.500000
 679 3.450000
 680 3.400000
 681 3.400000
 682 3.400000
 683 3.450000
 684 3.530000
 685 3.500000
 686 3.460000
 687 3.510000
 688 3.460000
 689 3.430000
 690 3.410000
 691 3.340000
 692 3.340000
 693 3.440000
 694 3.300000
 695 3.330000
 696 3.430000
 697 3.430000
 698 3.300000
 699 3.300000
 700 3.380000
 701 3.430000
 702 3.300000
 703 3.280000
 704 3.380000
 705 3.410000
 706 3.380000
 707 3.380000
 708 3.270000
 709 4.040000
 710 3.230000
 711 3.380000
 712 3.330000
 713 3.350000
 714 3.200000
 715 3.300000
 716 3.330000
 717 3.360000
 718 3.360000
 719 3.250000
 720 3.360000
 721 3.360000
 722 3.250000
 723 3.280000
 724 3.370000
 725 3.360000
 726 3.360000
 727 3.230000
 728 3.380000
 729 3.360000
 730 3.380000
 731 3.230000
 732 3.250000
 733 3.330000
 734 3.360000
 735 3.360000
 736 3.220000
 737 3.330000
 738 3.310000
 739 3.360000
 740 3.250000
 741 3.380000
 742 3.290000
 743 3.380000
 744 3.220000
 745 3.390000
 746 3.360000
 747 3.330000
 748 3.250000
 749 3.230000
 750 3.360000
 751 3.330000
 752 3.390000
 753 3.370000
 754 3.330000
 755 3.340000
 756 3.370000
 757 3.340000
 758 3.330000
 759 3.370000
 760 3.370000
 0 1.690000
 1 1.780000
 2 1.830000
 3 1.700000
 4 1.780000
 5 1.810000
 6 1.780000
 7 1.780000
 8 1.780000
 9 1.760000
 10 1.810000
 11 1.780000
 12 1.780000
 13 1.780000
 14 1.780000
 15 1.820000
 16 1.780000
 17 1.790000
 18 1.780000
 19 1.720000
 20 1.760000
 21 1.760000
 22 1.740000
 23 1.740000
 24 1.740000
 25 2.230000
 26 1.670000
 27 1.690000
 28 2.380000
 29 1.690000
 30 2.380000
 31 1.800000
 32 1.830000
 33 2.410000
 34 1.700000
 35 2.400000
 36 1.790000
 37 1.650000
 38 2.390000
 39 1.780000
 40 1.680000
 41 2.350000
 42 1.670000
 43 2.400000
 44 1.680000
 45 1.810000
 46 2.360000
 47 1.680000
 48 1.650000
 49 1.810000
 50 1.780000
 51 1.810000
 52 1.800000
 53 1.810000
 54 1.780000
 55 1.760000
 56 1.810000
 57 1.780000
 58 1.830000
 59 1.780000
 60 1.800000
 61 1.830000
 62 1.800000
 63 1.830000
 64 1.800000
 65 1.800000
 66 1.810000
 67 1.830000
 68 1.810000
 69 1.800000
 70 1.800000
 71 1.830000
 72 1.800000
 73 1.830000
 74 1.830000
 75 1.730000
 76 1.830000
 77 1.830000
 78 1.740000
 79 1.720000
 80 2.460000
 81 1.880000
 82 2.430000
 83 1.750000
 84 1.740000
 85 2.460000
 86 1.730000
 87 2.460000
 88 1.800000
 89 1.820000
 90 1.900000
 91 1.770000
 92 1.900000
 93 1.900000
 94 1.930000
 95 1.900000
 96 1.800000
 97 1.900000
 98 1.800000
 99 1.900000
 100 1.930000
 101 1.900000
 102 1.900000
 103 1.900000
 104 1.900000
 105 1.920000
 106 1.920000
 107 1.920000
 108 1.900000
 109 1.830000
 110 1.950000
 111 1.830000
 112 1.950000
 113 1.850000
 114 1.980000
 115 1.960000
 116 1.950000
 117 2.010000
 118 1.980000
 119 2.010000
 120 1.980000
 121 1.980000
 122 1.960000
 123 1.920000
 124 1.900000
 125 1.920000
 126 1.920000
 127 1.960000
 128 2.050000
 129 1.960000
 130 1.950000
 131 1.980000
 132 2.390000
 133 1.930000
 134 2.520000
 135 1.900000
 136 2.540000
 137 1.980000
 138 1.930000
 139 1.940000
 140 1.980000
 141 1.940000
 142 1.960000
 143 1.940000
 144 1.940000
 145 2.030000
 146 2.040000
 147 2.110000
 148 2.030000
 149 1.940000
 150 2.010000
 151 1.980000
 152 2.030000
 153 1.950000
 154 1.980000
 155 2.020000
 156 1.950000
 157 2.010000
 158 2.030000
 159 2.010000
 160 2.060000
 161 2.010000
 162 2.000000
 163 2.100000
 164 2.040000
 165 2.000000
 166 2.060000
 167 2.030000
 168 2.220000
 169 2.030000
 170 2.020000
 171 2.050000
 172 2.040000
 173 2.050000
 174 2.050000
 175 2.500000
 176 2.050000
 177 2.070000
 178 2.170000
 179 2.100000
 180 2.190000
 181 2.160000
 182 2.170000
 183 2.220000
 184 2.200000
 185 2.180000
 186 2.240000
 187 2.220000
 188 2.240000
 189 2.210000
 190 2.210000
 191 2.220000
 192 2.190000
 193 2.240000
 194 2.210000
 195 2.230000
 196 2.220000
 197 2.230000
 198 2.240000
 199 2.230000
 200 2.230000
 201 2.210000
 202 2.230000
 203 2.250000
 204 2.240000
 205 2.280000
 206 2.260000
 207 2.290000
 208 2.250000
 209 2.230000
 210 2.270000
 211 2.480000
 212 2.490000
 213 2.490000
 214 2.490000
 215 2.490000
 216 2.490000
 217 2.490000
 218 2.490000
 219 2.490000
 220 2.470000
 221 2.460000
 222 2.540000
 223 2.600000
 224 2.640000
 225 3.580000
 226 3.580000
 227 3.600000
 228 3.550000
 229 3.480000
 230 3.180000
 231 2.960000
 232 2.940000
 233 2.950000
 234 2.980000
 235 2.990000
 236 2.990000
 237 2.990000
 238 3.100000
 239 3.380000
 240 3.380000
 241 3.380000
 242 3.380000
 243 3.360000
 244 3.360000
 245 3.360000
 246 3.330000
 247 3.330000
 248 3.330000
 249 3.310000
 250 3.310000
 251 3.310000
 252 3.310000
 253 3.280000
 254 3.280000
 255 3.280000
 256 3.260000
 257 3.260000
 258 3.260000
 259 3.260000
 260 3.250000
 261 3.510000
 262 3.540000
 263 3.590000
 264 3.640000
 265 3.620000
 266 3.650000
 267 3.670000
 268 3.720000
 269 3.750000
 270 3.770000
 271 3.820000
 272 3.820000
 273 3.360000
 274 3.200000
 275 3.170000
 276 3.170000
 277 3.130000
 278 3.130000
 279 3.160000
 280 3.170000
 281 3.190000
 282 3.270000
 283 3.270000
 284 3.260000
 285 4.310000
 286 4.330000
 287 4.380000
 288 4.460000
 289 4.480000
 290 4.550000
 291 4.580000
 292 1.150000
 293 1.160000
 294 1.130000
 295 1.130000
 296 1.110000
 297 1.130000
 298 1.110000
 299 1.130000
 300 1.110000
 301 1.110000
 302 1.080000
 303 1.100000
 304 1.130000
 305 1.110000
 306 1.110000
 307 1.110000
 308 1.110000
 309 1.130000
 310 1.130000
 311 1.130000
 312 1.130000
 313 1.150000
 314 3.130000
 315 1.130000
 316 1.180000
 317 1.170000
 318 1.190000
 319 1.150000
 320 1.180000
 321 3.100000
 322 3.080000
 323 3.100000
 324 3.090000
 325 3.090000
 326 3.130000
 327 3.120000
 328 3.240000
 329 3.320000
 330 3.280000
 331 3.470000
 332 3.580000
 333 3.210000
 334 3.890000
 335 6.320000
 336 3.070000
 337 6.320000
 338 6.340000
 339 6.450000
 340 6.390000
 341 6.390000
 342 6.470000
 343 6.540000
 344 6.620000
 345 6.590000
 346 6.620000
 347 6.580000
 348 6.620000
 349 6.620000
 350 6.620000
 351 1.580000
 352 1.580000
 353 1.580000
 354 1.050000
 355 0.950000
 356 0.900000
 357 0.930000
 358 0.910000
 359 0.910000
 360 0.910000
 361 0.910000
 362 0.930000
 363 0.910000
 364 0.910000
 365 0.910000
 366 0.910000
 367 0.910000
 368 0.910000
 369 0.900000
 370 0.900000
 371 0.890000
 372 0.920000
 373 0.890000
 374 0.920000
 375 0.920000
 376 0.920000
 377 0.940000
 378 0.950000
 379 0.990000
 380 3.030000
 381 3.010000
 382 3.000000
 383 2.130000
 384 2.080000
 385 2.080000
 386 2.080000
 387 2.060000
 388 2.080000
 389 2.080000
 390 2.080000
 391 2.090000
 392 2.120000
 393 2.170000
 394 3.050000
 395 2.980000
 396 2.950000
 397 3.990000
 398 2.980000
 399 1.450000
 400 1.450000
 401 1.430000
 402 1.430000
 403 1.430000
 404 1.440000
 405 1.430000
 406 1.420000
 407 1.430000
 408 1.410000
 409 1.430000
 410 1.410000
 411 1.450000
 412 1.440000
 413 1.480000
 414 1.490000
 415 2.950000
 416 3.060000
 417 3.050000
 418 3.070000
 419 3.090000
 420 3.020000
 421 1.990000
 422 2.010000
 423 1.980000
 424 1.980000
 425 1.980000
 426 1.960000
 427 1.980000
 428 1.980000
 429 2.000000
 430 2.000000
 431 2.080000
 432 2.980000
 433 2.980000
 434 3.680000
 435 2.950000
 436 2.950000
 437 3.450000
 438 3.100000
 439 3.130000
 440 3.350000
 441 3.150000
 442 3.170000
 443 0.920000
 444 0.820000
 445 0.820000
 446 0.830000
 447 0.830000
 448 0.830000
 449 0.830000
 450 0.810000
 451 0.810000
 452 0.810000
 453 0.810000
 454 0.830000
 455 0.810000
 456 0.800000
 457 0.800000
 458 0.800000
 459 0.800000
 460 0.810000
 461 0.780000
 462 0.780000
 463 0.800000
 464 0.790000
 465 0.800000
 466 0.800000
 467 0.830000
 468 0.810000
 469 0.840000
 470 0.860000
 471 0.890000
 472 1.920000
 473 1.950000
 474 3.040000
 475 3.040000
 476 3.030000
 477 3.120000
 478 3.180000
 479 3.180000
 480 3.190000
 481 3.180000
 482 3.180000
 483 3.180000
 484 0.960000
 485 0.980000
 486 1.030000
 487 1.030000
 488 1.060000
 489 0.930000
 490 0.940000
 491 0.920000
 492 0.970000
 493 0.980000
 494 0.940000
 495 0.940000
 496 0.970000
 497 0.970000
 498 0.980000
 499 0.920000
 500 0.900000
 501 0.900000
 502 0.910000
 503 0.930000
 504 0.900000
 505 0.880000
 506 0.870000
 507 0.900000
 508 0.880000
 509 0.880000
 510 0.880000
 511 0.880000
 512 0.840000
 513 0.880000
 514 0.860000
 515 0.880000
 516 0.850000
 517 0.870000
 518 0.880000
 519 0.870000
 520 0.870000
 521 0.850000
 522 0.850000
 523 0.850000
 524 0.870000
 525 0.870000
 526 0.870000
 527 0.860000
 528 0.860000
 529 0.850000
 530 0.870000
 531 0.870000
 532 0.870000
 533 0.900000
 534 0.900000
 535 0.900000
 536 0.900000
 537 0.870000
 538 0.880000
 539 0.890000
 540 0.890000
 541 0.910000
 542 0.920000
 543 0.890000
 544 0.890000
 545 0.910000
 546 0.910000
 547 0.930000
 548 0.940000
 549 0.950000
 550 0.980000
 551 0.950000
 552 0.970000
 553 0.970000
 554 0.990000
 555 1.010000
 556 1.000000
 557 3.950000
 558 4.030000
 559 4.060000
 560 4.050000
 561 4.080000
 562 4.080000
 563 4.100000
 564 4.130000
 565 4.150000
 566 4.210000
 567 4.210000
 568 4.200000
 569 4.250000
 570 4.280000
 571 4.300000
 572 4.320000
 573 4.330000
 574 5.100000
 575 4.330000
 576 4.350000
 577 4.380000
 578 4.380000
 579 4.430000
 580 4.490000
 581 4.430000
 582 4.450000
 583 4.560000
 584 4.480000
 585 4.550000
 586 4.560000
 587 4.520000
 588 4.370000
 589 4.310000
 590 4.200000
 591 4.260000
 592 4.100000
 593 4.050000
 594 4.080000
 595 4.050000
 596 4.030000
 597 4.090000
 598 4.080000
 599 4.110000
 600 4.070000
 601 4.050000
 602 4.000000
 603 3.980000
 604 4.030000
 605 4.000000
 606 4.000000
 607 4.000000
 608 3.980000
 609 4.130000
 610 4.090000
 611 4.090000
 612 4.120000
 613 3.950000
 614 3.950000
 615 3.980000
 616 4.060000
 617 4.020000
 618 4.000000
 619 4.000000
 620 4.000000
 621 4.010000
 622 4.030000
 623 4.010000
 624 3.960000
 625 3.990000
 626 3.960000
 627 3.970000
 628 3.940000
 629 3.940000
 630 3.920000
 631 3.780000
 632 3.780000
 633 3.750000
 634 3.830000
 635 3.800000
 636 3.860000
 637 3.850000
 638 3.820000
 639 3.860000
 640 3.860000
 641 3.830000
 642 3.910000
 643 3.930000
 644 3.880000
 645 3.890000
 646 3.830000
 647 3.700000
 648 3.700000
 649 3.760000
 650 3.680000
 651 3.640000
 652 3.650000
 653 3.630000
 654 3.670000
 655 3.670000
 656 3.600000
 657 3.680000
 658 3.640000
 659 3.610000
 660 3.640000
 661 3.670000
 662 3.680000
 663 3.680000
 664 3.700000
 665 3.700000
 666 3.730000
 667 3.710000
 668 3.700000
 669 3.670000
 670 3.630000
 671 3.630000
 672 3.630000
 673 3.570000
 674 3.540000
 675 3.510000
 676 3.510000
 677 3.580000
 678 3.480000
 679 3.450000
 680 3.400000
 681 3.400000
 682 3.400000
 683 3.450000
 684 3.500000
 685 3.480000
 686 3.460000
 687 3.480000
 688 3.460000
 689 3.430000
 690 3.420000
 691 3.370000
 692 3.340000
 693 3.440000
 694 3.330000
 695 3.330000
 696 3.430000
 697 3.410000
 698 3.280000
 699 3.280000
 700 3.410000
 701 3.410000
 702 3.300000
 703 3.280000
 704 3.380000
 705 3.380000
 706 3.380000
 707 3.380000
 708 3.240000
 709 4.040000
 710 3.230000
 711 3.360000
 712 3.360000
 713 3.330000
 714 3.230000
 715 3.270000
 716 3.350000
 717 3.330000
 718 3.360000
 719 3.250000
 720 3.360000
 721 3.380000
 722 3.250000
 723 3.230000
 724 3.360000
 725 3.380000
 726 3.360000
 727 3.250000
 728 3.370000
 729 3.360000
 730 3.380000
 731 3.230000
 732 3.220000
 733 3.330000
 734 3.380000
 735 3.360000
 736 3.250000
 737 3.330000
 738 3.320000
 739 3.380000
 740 3.250000
 741 3.350000
 742 3.290000
 743 3.380000
 744 3.220000
 745 3.390000
 746 3.360000
 747 3.360000
 748 3.250000
 749 3.230000
 750 3.330000
 751 3.330000
 752 3.370000
 753 3.370000
 754 3.330000
 755 3.370000
 756 3.370000
 757 3.370000
 758 3.330000
 759 3.340000
 760 3.380000