
 0 2.880000
 1 2.870000
 2 2.880000
 3 2.870000
 4 2.890000
 5 2.870000
 6 2.870000
 7 2.850000
 8 2.860000
 9 2.870000
 10 2.840000
 11 2.840000
 12 2.840000
 13 1.810000
 14 1.770000
 15 1.740000
 16 1.720000
 17 1.720000
 18 1.700000
 19 1.700000
 20 1.730000
 21 1.680000
 22 1.700000
 23 1.650000
 24 1.680000
 25 1.650000
 26 1.650000
 27 1.650000
 28 1.660000
 29 1.620000
 30 1.650000
 31 1.620000
 32 1.630000
 33 1.480000
 34 1.460000
 35 1.460000
 36 1.440000
 37 1.460000
 38 1.460000
 39 1.410000
 40 1.440000
 41 1.440000
 42 1.430000
 43 1.450000
 44 1.430000
 45 1.450000
 46 1.450000
 47 1.450000
 48 1.450000
 49 1.500000
 50 1.600000
 51 1.600000
 52 1.600000
 53 1.630000
 54 1.630000
 55 1.630000
 56 1.650000
 57 1.650000
 58 1.680000
 59 1.700000
 60 1.720000
 61 1.750000
 62 1.750000
 63 1.760000
 64 1.780000
 65 1.810000
 66 1.810000
 67 1.880000
 68 1.980000
 69 2.010000
 70 1.990000
 71 2.000000
 72 2.060000
 73 2.610000
 74 2.590000
 75 2.620000
 76 2.630000
 77 1.910000
 78 1.910000
 79 1.910000
 80 1.890000
 81 1.890000
 82 1.340000
 83 1.260000
 84 1.260000
 85 1.240000
 86 1.240000
 87 1.240000
 88 1.240000
 89 1.240000
 90 1.240000
 91 1.210000
 92 1.240000
 93 1.240000
 94 1.240000
 95 1.250000
 96 1.250000
 97 1.250000
 98 1.270000
 99 1.300000
 100 1.300000
 101 3.600000
 102 3.580000
 103 3.590000
 104 3.590000
 105 2.440000
 106 2.440000
 107 2.420000
 108 2.420000
 109 2.390000
 110 2.390000
 111 2.410000
 112 2.430000
 113 2.430000
 114 2.510000
 115 2.010000
 116 3.590000
 117 1.780000
 118 1.800000
 119 1.760000
 120 1.760000
 121 1.760000
 122 1.760000
 123 1.740000
 124 1.740000
 125 1.760000
 126 1.740000
 127 1.750000
 128 1.760000
 129 1.760000
 130 1.810000
 131 1.870000
 132 3.400000
 133 3.430000
 134 3.420000
 135 3.470000
 136 3.480000
 137 3.490000
 138 2.330000
 139 2.290000
 140 2.290000
 141 2.290000
 142 2.290000
 143 2.320000
 144 2.290000
 145 2.280000
 146 2.310000
 147 1.120000
 148 1.150000
 149 1.140000
 150 1.140000
 151 1.140000
 152 1.140000
 153 1.140000
 154 1.140000
 155 1.140000
 156 1.110000
 157 1.110000
 158 1.140000
 159 1.120000
 160 1.100000
 161 1.110000
 162 1.110000
 163 1.100000
 164 1.140000
 165 1.150000
 166 1.250000
 167 1.660000
 168 1.660000
 169 1.690000
 170 1.690000
 171 1.660000
 172 1.660000
 173 1.690000
 174 1.660000
 175 1.660000
 176 1.700000
 177 1.840000
 178 2.220000
 179 2.240000
 180 2.240000
 181 2.240000
 182 2.250000
 183 2.270000
 184 4.800000
 185 4.800000
 186 4.270000
 187 4.220000
 188 4.820000
 189 4.820000
 190 4.840000
 191 1.940000
 192 1.900000
 193 1.770000
 194 1.630000
 195 1.600000
 196 1.600000
 197 1.590000
 198 1.580000
 199 1.590000
 200 1.590000
 201 1.600000
 202 1.590000
 203 1.570000
 204 1.610000
 205 1.600000
 206 1.600000
 207 1.620000
 208 1.590000
 209 1.610000
 210 1.600000
 211 1.600000
 212 1.650000
 213 1.600000
 214 1.580000
 215 1.610000
 216 1.600000
 217 1.600000
 218 1.600000
 219 1.610000
 220 1.570000
 221 1.600000
 222 1.610000
 223 1.610000
 224 1.630000
 225 1.600000
 226 1.630000
 227 1.630000
 228 1.610000
 229 1.610000
 230 1.620000
 231 1.630000
 232 1.630000
 233 1.660000
 234 1.630000
 235 1.640000
 236 1.620000
 237 1.630000
 238 1.650000
 239 1.650000
 240 1.630000
 241 1.700000
 242 4.480000
 243 4.470000
 244 4.500000
 245 4.620000
 246 2.520000
 247 2.570000
 248 2.530000
 249 2.570000
 250 2.570000
 251 2.600000
 252 2.610000
 253 2.540000
 254 3.580000
 255 3.720000
 256 4.050000
 257 4.100000
 258 3.780000
 259 3.760000
 260 3.750000
 261 3.760000
 262 4.460000
 263 3.640000
 264 3.650000
 265 3.620000
 266 3.560000
 267 3.630000
 268 3.670000
 269 3.690000
 270 3.700000
 271 3.070000
 272 3.030000
 273 2.990000
 274 3.010000
 275 2.960000
 276 2.980000
 277 2.970000
 278 3.060000
 279 3.970000
 280 3.920000
 281 3.910000
 282 3.750000
 283 3.740000
 284 3.750000
 285 3.760000
 286 4.120000
 287 4.120000
 288 4.100000
 289 4.140000
 290 4.150000
 291 4.450000
 292 4.550000
 293 4.570000
 294 4.550000
 295 4.390000
 296 4.420000
 297 4.380000
 298 4.330000
 299 4.220000
 300 4.200000
 301 4.200000
 302 4.260000
 303 4.310000
 304 4.290000
 305 4.360000
 306 4.390000
 307 4.420000
 308 4.420000
 309 4.450000
 310 4.400000
 311 4.420000
 312 3.480000
 313 3.460000
 314 3.460000
 315 3.470000
 316 3.480000
 317 4.350000
 318 4.350000
 319 4.320000
 320 4.320000
 321 4.300000
 322 4.300000
 323 4.300000
 324 4.250000
 325 4.270000
 326 4.220000
 327 3.950000
 328 3.950000
 329 3.950000
 330 4.150000
 331 4.200000
 332 4.180000
 333 4.180000
 334 4.180000
 335 4.150000
 336 4.150000
 337 4.130000
 338 4.100000
 339 4.100000
 340 4.100000
 341 4.070000
 342 4.070000
 343 4.070000
 344 4.070000
 345 4.050000
 346 4.030000
 347 4.030000
 348 4.000000
 349 4.020000
 350 4.000000
 351 4.000000
 352 4.000000
 353 3.980000
 354 3.950000
 355 3.980000
 356 3.980000
 357 3.950000
 358 3.950000
 359 3.930000
 360 3.930000
 361 3.060000
 362 3.020000
 363 3.020000
 364 3.090000
 365 3.100000
 366 2.950000
 367 2.910000
 368 2.990000
 369 2.980000
 370 2.980000
 371 3.850000
 372 2.980000
 373 3.100000
 374 2.950000
 375 3.070000
 376 3.070000
 377 3.100000
 378 3.070000
 379 3.070000
 380 3.070000
 381 3.070000
 382 3.000000
 383 2.980000
 384 2.970000
 385 2.980000
 386 3.040000
 387 3.060000
 388 2.980000
 389 2.950000
 390 2.980000
 391 2.970000
 392 3.000000
 393 2.980000
 394 2.950000
 395 2.960000
 396 3.020000
 397 2.990000
 398 2.990000
 399 3.020000
 400 3.010000
 401 2.950000
 402 2.950000
 403 2.990000
 404 3.030000
 405 3.010000
 406 2.950000
 407 2.950000
 408 3.010000
 409 3.000000
 410 2.970000
 411 2.950000
 412 3.100000
 413 3.030000
 414 3.030000
 415 3.030000
 416 3.030000
 417 3.020000
 418 3.080000
 419 3.070000
 420 3.080000
 421 3.080000
 422 3.080000
 423 3.050000
 424 3.080000
 425 3.050000
 426 3.050000
 427 3.090000
 428 3.130000
 429 3.080000
 430 3.210000
 431 3.210000
 432 3.210000
 433 3.230000
 434 3.230000
 435 3.210000
 436 3.250000
 437 3.230000
 438 3.240000
 439 3.230000
 440 3.260000
 441 3.240000
 442 3.260000
 443 3.290000
 444 3.260000
 445 3.260000
 446 3.260000
 447 3.200000
 448 3.270000
 449 3.270000
 450 3.270000
 451 3.260000
 452 3.260000
 453 3.230000
 454 3.220000
 455 3.240000
 456 3.240000
 457 3.220000
 458 3.240000
 459 3.240000
 460 3.220000
 461 3.200000
 462 3.270000
 463 3.140000
 464 3.130000
 465 4.490000
 466 4.180000
 467 4.100000
 468 4.140000
 469 3.100000
 470 3.090000
 471 3.100000
 472 3.110000
 473 3.260000
 474 3.400000
 475 3.720000
 476 3.610000
 477 3.560000
 478 3.590000
 479 3.590000
 480 3.590000
 481 3.590000
 482 3.560000
 483 3.590000
 484 3.590000
 485 3.590000
 486 3.340000
 487 3.410000
 488 3.590000
 489 3.610000
 490 3.610000
 491 3.610000
 492 3.610000
 493 3.540000
 494 3.560000
 495 3.540000
 496 3.540000
 497 3.560000
 498 3.590000
 499 3.590000
 500 3.590000
 501 3.590000
 502 3.590000
 503 3.610000
 504 3.610000
 505 3.610000
 506 3.610000
 507 3.610000
 508 3.640000
 509 3.610000
 510 3.640000
 511 3.640000
 512 3.660000
 513 3.660000
 514 3.660000
 515 3.660000
 516 3.620000
 517 3.560000
 518 3.530000
 519 3.210000
 520 3.050000
 521 3.070000
 522 3.380000
 523 3.370000
 524 3.330000
 525 3.300000
 526 3.250000
 527 3.010000
 528 2.930000
 529 2.950000
 530 2.950000
 531 2.950000
 532 2.950000
 533 2.980000
 534 2.960000
 535 2.860000
 536 2.810000
 537 2.920000
 538 3.030000
 539 2.950000
 540 3.000000
 541 3.100000
 542 3.000000
 543 2.970000
 544 3.050000
 545 3.120000
 546 3.050000
 547 2.970000
 548 3.010000
 549 3.010000
 550 2.960000
 551 3.000000
 552 2.970000
 553 2.960000
 554 2.850000
 555 2.670000
 556 2.660000
 557 2.660000
 558 2.630000
 559 2.650000
 560 2.620000
 561 2.600000
 562 2.570000
 563 2.570000
 564 2.430000
 565 2.530000
 566 2.500000
 567 2.450000
 568 2.410000
 569 2.390000
 570 2.340000
 571 2.310000
 572 2.290000
 573 2.260000
 574 2.240000
 575 2.210000
 576 2.220000
 577 2.220000
 578 2.200000
 579 2.080000
 580 2.030000
 581 2.150000
 582 2.170000
 583 2.110000
 584 2.060000
 585 2.060000
 586 2.070000
 587 2.070000
 588 2.000000
 589 2.020000
 590 2.100000
 591 2.020000
 592 2.020000
 593 2.050000
 594 2.000000
 595 1.970000
 596 1.970000
 597 1.870000
 598 1.950000
 599 1.950000
 600 1.850000
 601 1.800000
 602 1.810000
 603 1.930000
 604 1.880000
 605 1.780000
 606 1.770000
 607 1.720000
 608 1.850000
 609 1.830000
 610 1.670000
 611 1.800000
 612 1.650000
 613 1.800000
 614 1.620000
 615 1.750000
 616 1.600000
 617 1.630000
 618 1.750000
 619 1.720000
 620 1.720000
 621 1.700000
 622 1.700000
 623 1.670000
 624 1.650000
 625 1.620000
 626 1.590000
 627 1.560000
 628 1.590000
 629 1.490000
 630 1.570000
 631 1.550000
 632 1.580000
 633 1.530000
 634 1.560000
 635 1.530000
 636 1.480000
 637 1.400000
 638 1.400000
 639 1.350000
 640 1.380000
 641 1.380000
 642 1.350000
 643 1.470000
 644 1.350000
 645 1.350000
 646 1.320000
 647 1.330000
 648 1.300000
 649 1.330000
 650 1.970000
 651 1.330000
 652 1.300000
 653 1.320000
 654 1.390000
 655 1.650000
 656 1.410000
 657 1.390000
 658 1.250000
 659 1.350000
 660 1.310000
 661 1.370000
 662 1.250000
 663 1.330000
 664 1.340000
 665 1.400000
 666 1.340000
 667 1.310000
 668 1.250000
 669 1.360000
 670 1.340000
 671 1.360000
 672 1.340000
 673 1.310000
 674 1.340000
 675 1.340000
 676 1.310000
 677 1.310000
 678 1.230000
 679 1.340000
 680 2.340000
 681 1.340000
 682 1.280000
 683 1.330000
 684 1.230000
 685 1.190000
 686 1.190000
 687 1.200000
 688 1.200000
 689 1.260000
 690 1.150000
 691 1.180000
 692 1.180000
 693 1.180000
 694 1.160000
 695 1.160000
 696 1.230000
 697 1.170000
 698 6.720000
 699 6.720000
 700 6.670000
 701 6.640000
 702 6.650000
 703 5.700000
 704 6.620000
 705 6.600000
 706 6.580000
 707 5.040000
 708 6.570000
 709 6.530000
 710 6.510000
 711 6.520000
 712 6.510000
 713 6.510000
 714 6.490000
 715 6.460000
 716 6.460000
 717 6.460000
 718 5.440000
 719 5.860000
 720 0.790000
 721 0.780000
 722 0.820000
 723 0.820000
 724 0.790000
 725 0.780000
 726 0.760000
 727 0.780000
 728 0.800000
 729 0.780000
 730 0.810000
 731 0.810000
 732 0.790000
 733 0.810000
 734 0.810000
 735 0.840000
 736 0.810000
 737 0.830000
 738 0.840000
 739 0.830000
 740 0.860000
 741 0.860000
 742 0.840000
 743 0.860000
 744 0.860000
 745 0.860000
 746 0.890000
 747 0.890000
 748 0.910000
 749 0.910000
 750 0.910000
 751 0.910000
 752 0.910000
 753 0.940000
 754 0.940000
 755 0.940000
 756 0.940000
 757 0.960000
 758 0.960000
 759 0.980000
 760 0.960000
 0 2.880000
 1 2.870000
 2 2.880000
 3 2.870000
 4 2.890000
 5 2.860000
 6 2.870000
 7 2.880000
 8 2.860000
 9 2.860000
 10 2.870000
 11 2.850000
 12 2.840000
 13 1.810000
 14 1.770000
 15 1.740000
 16 1.690000
 17 1.700000
 18 1.700000
 19 1.670000
 20 1.700000
 21 1.680000
 22 1.680000
 23 1.680000
 24 1.650000
 25 1.650000
 26 1.670000
 27 1.660000
 28 1.620000
 29 1.620000
 30 1.620000
 31 1.640000
 32 1.590000
 33 1.450000
 34 1.460000
 35 1.460000
 36 1.440000
 37 1.440000
 38 1.440000
 39 1.440000
 40 1.440000
 41 1.440000
 42 1.400000
 43 1.430000
 44 1.430000
 45 1.450000
 46 1.450000
 47 1.450000
 48 1.480000
 49 1.500000
 50 1.600000
 51 1.580000
 52 1.600000
 53 1.600000
 54 1.650000
 55 1.630000
 56 1.630000
 57 1.670000
 58 1.650000
 59 1.700000
 60 1.720000
 61 1.750000
 62 1.730000
 63 1.760000
 64 1.780000
 65 1.810000
 66 1.840000
 67 1.870000
 68 1.950000
 69 2.010000
 70 1.990000
 71 1.980000
 72 2.060000
 73 2.590000
 74 2.590000
 75 2.600000
 76 2.620000
 77 1.910000
 78 1.940000
 79 1.910000
 80 1.910000
 81 1.890000
 82 1.340000
 83 1.260000
 84 1.240000
 85 1.240000
 86 1.260000
 87 1.240000
 88 1.240000
 89 1.240000
 90 1.240000
 91 1.240000
 92 1.210000
 93 1.240000
 94 1.210000
 95 1.230000
 96 1.250000
 97 1.270000
 98 1.270000
 99 1.270000
 100 1.320000
 101 3.600000
 102 3.580000
 103 3.590000
 104 3.590000
 105 2.440000
 106 2.440000
 107 2.390000
 108 2.420000
 109 2.390000
 110 2.420000
 111 2.410000
 112 2.400000
 113 2.430000
 114 2.540000
 115 2.060000
 116 3.560000
 117 1.780000
 118 1.780000
 119 1.760000
 120 1.760000
 121 1.760000
 122 1.760000
 123 1.760000
 124 1.740000
 125 1.740000
 126 1.740000
 127 1.750000
 128 1.760000
 129 1.780000
 130 1.810000
 131 1.840000
 132 3.400000
 133 3.430000
 134 3.420000
 135 3.470000
 136 3.480000
 137 3.470000
 138 2.300000
 139 2.320000
 140 2.320000
 141 2.320000
 142 2.290000
 143 2.290000
 144 2.290000
 145 2.300000
 146 2.330000
 147 1.150000
 148 1.130000
 149 1.160000
 150 1.140000
 151 1.110000
 152 1.140000
 153 1.140000
 154 1.140000
 155 1.110000
 156 1.140000
 157 1.140000
 158 1.110000
 159 1.120000
 160 1.130000
 161 1.110000
 162 1.110000
 163 1.100000
 164 1.110000
 165 1.150000
 166 1.250000
 167 1.660000
 168 1.690000
 169 1.690000
 170 1.690000
 171 1.660000
 172 1.690000
 173 1.690000
 174 1.690000
 175 1.660000
 176 1.680000
 177 1.810000
 178 2.240000
 179 2.220000
 180 2.240000
 181 2.240000
 182 2.230000
 183 2.240000
 184 4.770000
 185 4.800000
 186 4.250000
 187 4.190000
 188 4.830000
 189 4.820000
 190 4.810000
 191 1.950000
 192 1.880000
 193 1.770000
 194 1.650000
 195 1.600000
 196 1.580000
 197 1.580000
 198 1.560000
 199 1.590000
 200 1.590000
 201 1.570000
 202 1.580000
 203 1.610000
 204 1.610000
 205 1.600000
 206 1.600000
 207 1.600000
 208 1.600000
 209 1.600000
 210 1.600000
 211 1.600000
 212 1.570000
 213 1.580000
 214 1.620000
 215 1.600000
 216 1.600000
 217 1.610000
 218 1.600000
 219 1.620000
 220 1.610000
 221 1.610000
 222 1.620000
 223 1.640000
 224 1.630000
 225 1.630000
 226 1.630000
 227 1.620000
 228 1.600000
 229 1.650000
 230 1.610000
 231 1.620000
 232 1.630000
 233 1.630000
 234 1.640000
 235 1.640000
 236 1.630000
 237 1.630000
 238 1.640000
 239 1.640000
 240 1.620000
 241 1.700000
 242 4.480000
 243 4.470000
 244 4.470000
 245 4.610000
 246 2.550000
 247 2.570000
 248 2.560000
 249 2.550000
 250 2.570000
 251 2.600000
 252 2.610000
 253 2.550000
 254 3.580000
 255 3.720000
 256 4.060000
 257 4.100000
 258 3.760000
 259 3.760000
 260 3.750000
 261 3.760000
 262 4.430000
 263 3.640000
 264 3.650000
 265 3.650000
 266 3.570000
 267 3.670000
 268 3.710000
 269 3.690000
 270 3.710000
 271 3.070000
 272 3.030000
 273 3.020000
 274 2.990000
 275 2.980000
 276 2.970000
 277 2.970000
 278 3.060000
 279 3.970000
 280 3.920000
 281 3.910000
 282 3.750000
 283 3.740000
 284 3.730000
 285 3.770000
 286 4.120000
 287 4.110000
 288 4.130000
 289 4.140000
 290 4.150000
 291 4.450000
 292 4.550000
 293 4.550000
 294 4.580000
 295 4.390000
 296 4.420000
 297 4.380000
 298 4.310000
 299 4.220000
 300 4.200000
 301 4.230000
 302 4.270000
 303 4.280000
 304 4.290000
 305 4.360000
 306 4.360000
 307 4.420000
 308 4.420000
 309 4.420000
 310 4.420000
 311 4.450000
 312 3.480000
 313 3.440000
 314 3.460000
 315 3.470000
 316 3.450000
 317 4.370000
 318 4.350000
 319 4.320000
 320 4.300000
 321 4.300000
 322 4.300000
 323 4.270000
 324 4.270000
 325 4.250000
 326 4.250000
 327 3.950000
 328 3.960000
 329 3.970000
 330 4.150000
 331 4.180000
 332 4.180000
 333 4.180000
 334 4.180000
 335 4.130000
 336 4.130000
 337 4.130000
 338 4.130000
 339 4.100000
 340 4.100000
 341 4.070000
 342 4.070000
 343 4.070000
 344 4.070000
 345 4.050000
 346 4.020000
 347 4.000000
 348 4.000000
 349 4.020000
 350 4.000000
 351 4.000000
 352 3.980000
 353 3.980000
 354 3.980000
 355 3.950000
 356 3.950000
 357 3.950000
 358 3.950000
 359 3.930000
 360 3.930000
 361 3.070000
 362 3.020000
 363 3.020000
 364 3.100000
 365 3.070000
 366 2.980000
 367 2.990000
 368 2.990000
 369 2.950000
 370 2.980000
 371 3.880000
 372 2.980000
 373 3.100000
 374 2.930000
 375 3.070000
 376 3.070000
 377 3.100000
 378 3.070000
 379 3.070000
 380 3.070000
 381 3.100000
 382 2.970000
 383 2.980000
 384 3.000000
 385 2.980000
 386 3.060000
 387 3.060000
 388 2.980000
 389 2.950000
 390 2.980000
 391 2.970000
 392 3.000000
 393 2.950000
 394 2.950000
 395 2.960000
 396 2.990000
 397 2.970000
 398 2.990000
 399 3.010000
 400 2.990000
 401 2.950000
 402 2.950000
 403 3.020000
 404 3.030000
 405 3.020000
 406 2.980000
 407 2.950000
 408 3.020000
 409 2.980000
 410 2.970000
 411 3.000000
 412 3.130000
 413 3.060000
 414 3.030000
 415 3.030000
 416 3.000000
 417 3.020000
 418 3.050000
 419 3.050000
 420 3.080000
 421 3.100000
 422 3.070000
 423 3.050000
 424 3.080000
 425 3.210000
 426 3.080000
 427 3.090000
 428 3.100000
 429 3.100000
 430 3.180000
 431 3.210000
 432 3.210000
 433 3.230000
 434 3.210000
 435 3.230000
 436 3.230000
 437 3.230000
 438 3.240000
 439 3.240000
 440 3.260000
 441 3.260000
 442 3.260000
 443 3.290000
 444 3.260000
 445 3.290000
 446 3.260000
 447 3.230000
 448 3.300000
 449 3.270000
 450 3.270000
 451 3.260000
 452 3.280000
 453 3.250000
 454 3.260000
 455 3.220000
 456 3.230000
 457 3.220000
 458 3.220000
 459 3.220000
 460 3.220000
 461 3.230000
 462 3.150000
 463 3.170000
 464 3.130000
 465 4.470000
 466 4.180000
 467 4.100000
 468 4.140000
 469 3.130000
 470 3.090000
 471 3.080000
 472 3.120000
 473 3.260000
 474 3.410000
 475 3.720000
 476 3.610000
 477 3.560000
 478 3.560000
 479 3.560000
 480 3.560000
 481 3.590000
 482 3.590000
 483 3.590000
 484 3.590000
 485 3.590000
 486 3.360000
 487 3.410000
 488 3.590000
 489 3.590000
 490 3.610000
 491 3.610000
 492 3.610000
 493 3.540000
 494 3.540000
 495 3.560000
 496 3.560000
 497 3.560000
 498 3.560000
 499 3.590000
 500 3.560000
 501 3.590000
 502 3.590000
 503 3.590000
 504 3.590000
 505 3.610000
 506 3.610000
 507 3.610000
 508 3.640000
 509 3.610000
 510 3.640000
 511 3.640000
 512 3.660000
 513 3.660000
 514 3.660000
 515 3.660000
 516 3.630000
 517 3.560000
 518 3.510000
 519 3.210000
 520 3.070000
 521 3.100000
 522 3.380000
 523 3.370000
 524 3.330000
 525 3.280000
 526 3.250000
 527 2.980000
 528 2.930000
 529 2.920000
 530 2.950000
 531 2.950000
 532 2.950000
 533 2.980000
 534 2.940000
 535 2.860000
 536 2.830000
 537 2.900000
 538 3.030000
 539 2.920000
 540 3.000000
 541 3.100000
 542 3.000000
 543 2.970000
 544 3.050000
 545 3.120000
 546 3.050000
 547 3.000000
 548 3.010000
 549 3.010000
 550 2.940000
 551 3.000000
 552 3.000000
 553 2.990000
 554 2.840000
 555 2.670000
 556 2.660000
 557 2.660000
 558 2.630000
 559 2.620000
 560 2.620000
 561 2.600000
 562 2.570000
 563 2.570000
 564 2.580000
 565 2.530000
 566 2.500000
 567 2.470000
 568 2.440000
 569 2.410000
 570 2.350000
 571 2.310000
 572 2.290000
 573 2.290000
 574 2.260000
 575 2.210000
 576 2.220000
 577 2.220000
 578 2.100000
 579 2.080000
 580 2.170000
 581 2.150000
 582 2.150000
 583 2.110000
 584 2.030000
 585 2.090000
 586 2.070000
 587 1.950000
 588 1.980000
 589 2.000000
 590 2.080000
 591 2.020000
 592 2.070000
 593 2.050000
 594 1.970000
 595 2.000000
 596 2.000000
 597 1.850000
 598 1.950000
 599 1.850000
 600 1.830000
 601 1.820000
 602 1.830000
 603 1.930000
 604 1.900000
 605 1.750000
 606 1.780000
 607 1.750000
 608 1.850000
 609 1.800000
 610 1.690000
 611 1.800000
 612 1.680000
 613 1.650000
 614 1.650000
 615 1.770000
 616 1.600000
 617 1.770000
 618 1.720000
 619 1.600000
 620 1.700000
 621 1.700000
 622 1.700000
 623 1.670000
 624 1.650000
 625 1.610000
 626 1.590000
 627 1.590000
 628 1.590000
 629 1.530000
 630 1.570000
 631 1.520000
 632 1.560000
 633 1.510000
 634 1.530000
 635 1.510000
 636 1.510000
 637 1.400000
 638 1.400000
 639 1.380000
 640 1.380000
 641 1.380000
 642 1.380000
 643 1.470000
 644 1.320000
 645 1.330000
 646 1.320000
 647 1.330000
 648 1.320000
 649 1.300000
 650 1.980000
 651 1.360000
 652 1.430000
 653 1.290000
 654 1.410000
 655 1.650000
 656 1.410000
 657 1.360000
 658 1.250000
 659 1.350000
 660 1.340000
 661 1.350000
 662 1.280000
 663 1.330000
 664 1.340000
 665 1.400000
 666 1.360000
 667 1.340000
 668 1.250000
 669 1.370000
 670 1.340000
 671 1.350000
 672 1.370000
 673 1.310000
 674 1.340000
 675 1.340000
 676 1.310000
 677 1.340000
 678 1.230000
 679 1.340000
 680 2.340000
 681 1.340000
 682 1.290000
 683 1.310000
 684 1.230000
 685 1.220000
 686 1.190000
 687 1.230000
 688 1.200000
 689 1.260000
 690 1.180000
 691 1.180000
 692 1.180000
 693 1.160000
 694 1.160000
 695 1.170000
 696 1.230000
 697 1.140000
 698 6.720000
 699 6.720000
 700 6.670000
 701 6.670000
 702 6.650000
 703 5.700000
 704 6.620000
 705 6.600000
 706 6.580000
 707 5.040000
 708 6.550000
 709 6.520000
 710 6.560000
 711 6.520000
 712 6.480000
 713 6.480000
 714 6.490000
 715 6.480000
 716 6.460000
 717 6.460000
 718 5.380000
 719 5.830000
 720 0.790000
 721 0.800000
 722 0.800000
 723 0.800000
 724 0.800000
 725 0.800000
 726 0.790000
 727 0.770000
 728 0.800000
 729 0.810000
 730 0.810000
 731 0.810000
 732 0.810000
 733 0.810000
 734 0.810000
 735 0.810000
 736 0.810000
 737 0.810000
 738 0.840000
 739 0.860000
 740 0.840000
 741 0.860000
 742 0.860000
 743 0.860000
 744 0.860000
 745 0.860000
 746 0.890000
 747 0.890000
 748 0.890000
 749 0.890000
 750 0.890000
 751 0.920000
 752 0.910000
 753 0.940000
 754 0.910000
 755 0.940000
 756 0.940000
 757 0.960000
 758 0.960000
 759 0.970000
 760 0.930000
 0 2.880000
 1 2.870000
 2 2.880000
 3 2.890000
 4 2.890000
 5 2.870000
 6 2.870000
 7 2.880000
 8 2.860000
 9 2.840000
 10 2.870000
 11 2.840000
 12 2.840000
 13 1.840000
 14 1.770000
 15 1.720000
 16 1.690000
 17 1.700000
 18 1.700000
 19 1.670000
 20 1.700000
 21 1.700000
 22 1.700000
 23 1.650000
 24 1.650000
 25 1.650000
 26 1.630000
 27 1.650000
 28 1.650000
 29 1.620000
 30 1.640000
 31 1.630000
 32 1.570000
 33 1.480000
 34 1.460000
 35 1.440000
 36 1.440000
 37 1.440000
 38 1.440000
 39 1.440000
 40 1.410000
 41 1.410000
 42 1.430000
 43 1.430000
 44 1.430000
 45 1.450000
 46 1.430000
 47 1.450000
 48 1.450000
 49 1.500000
 50 1.580000
 51 1.600000
 52 1.630000
 53 1.630000
 54 1.630000
 55 1.630000
 56 1.630000
 57 1.670000
 58 1.680000
 59 1.680000
 60 1.720000
 61 1.720000
 62 1.750000
 63 1.760000
 64 1.780000
 65 1.810000
 66 1.810000
 67 1.870000
 68 1.950000
 69 1.990000
 70 2.010000
 71 2.000000
 72 2.060000
 73 2.590000
 74 2.590000
 75 2.600000
 76 2.620000
 77 1.910000
 78 1.910000
 79 1.910000
 80 1.890000
 81 1.860000
 82 1.340000
 83 1.260000
 84 1.260000
 85 1.240000
 86 1.240000
 87 1.240000
 88 1.240000
 89 1.210000
 90 1.240000
 91 1.210000
 92 1.240000
 93 1.210000
 94 1.240000
 95 1.230000
 96 1.250000
 97 1.250000
 98 1.250000
 99 1.270000
 100 1.300000
 101 3.450000
 102 3.600000
 103 3.610000
 104 3.560000
 105 2.440000
 106 2.420000
 107 2.390000
 108 2.390000
 109 2.420000
 110 2.390000
 111 2.410000
 112 2.400000
 113 2.430000
 114 2.510000
 115 2.030000
 116 3.560000
 117 1.780000
 118 1.800000
 119 1.760000
 120 1.760000
 121 1.760000
 122 1.760000
 123 1.760000
 124 1.760000
 125 1.740000
 126 1.740000
 127 1.730000
 128 1.760000
 129 1.780000
 130 1.790000
 131 1.870000
 132 3.400000
 133 3.400000
 134 3.420000
 135 3.470000
 136 3.480000
 137 3.470000
 138 2.300000
 139 2.310000
 140 2.320000
 141 2.320000
 142 2.290000
 143 2.290000
 144 2.290000
 145 2.280000
 146 2.330000
 147 1.150000
 148 1.150000
 149 1.140000
 150 1.140000
 151 1.140000
 152 1.140000
 153 1.140000
 154 1.120000
 155 1.140000
 156 1.110000
 157 1.140000
 158 1.140000
 159 1.150000
 160 1.100000
 161 1.110000
 162 1.110000
 163 1.100000
 164 1.140000
 165 1.180000
 166 1.270000
 167 1.690000
 168 1.690000
 169 1.690000
 170 1.660000
 171 1.690000
 172 1.690000
 173 1.660000
 174 1.690000
 175 1.660000
 176 1.680000
 177 1.840000
 178 2.240000
 179 2.220000
 180 2.240000
 181 2.240000
 182 2.230000
 183 2.300000
 184 4.800000
 185 4.800000
 186 4.250000
 187 4.220000
 188 4.820000
 189 4.820000
 190 4.810000
 191 1.910000
 192 1.900000
 193 1.760000
 194 1.630000
 195 1.600000
 196 1.570000
 197 1.580000
 198 1.590000
 199 1.580000
 200 1.590000
 201 1.570000
 202 1.590000
 203 1.610000
 204 1.580000
 205 1.600000
 206 1.620000
 207 1.570000
 208 1.600000
 209 1.600000
 210 1.610000
 211 1.600000
 212 1.570000
 213 1.610000
 214 1.600000
 215 1.600000
 216 1.630000
 217 1.600000
 218 1.620000
 219 1.630000
 220 1.630000
 221 1.620000
 222 1.630000
 223 1.610000
 224 1.610000
 225 1.640000
 226 1.630000
 227 1.630000
 228 1.610000
 229 1.640000
 230 1.640000
 231 1.630000
 232 1.650000
 233 1.630000
 234 1.640000
 235 1.640000
 236 1.630000
 237 1.650000
 238 1.620000
 239 1.640000
 240 1.630000
 241 1.670000
 242 4.480000
 243 4.470000
 244 4.480000
 245 4.610000
 246 2.500000
 247 2.570000
 248 2.530000
 249 2.570000
 250 2.570000
 251 2.590000
 252 2.610000
 253 2.520000
 254 3.570000
 255 3.720000
 256 4.080000
 257 4.100000
 258 3.740000
 259 3.760000
 260 3.750000
 261 3.760000
 262 4.450000
 263 3.640000
 264 3.640000
 265 3.640000
 266 3.560000
 267 3.640000
 268 3.670000
 269 3.690000
 270 3.670000
 271 3.070000
 272 3.060000
 273 2.980000
 274 2.990000
 275 2.990000
 276 2.970000
 277 2.970000
 278 3.060000
 279 3.970000
 280 3.920000
 281 3.910000
 282 3.780000
 283 3.740000
 284 3.750000
 285 3.770000
 286 4.090000
 287 4.140000
 288 4.130000
 289 4.130000
 290 4.160000
 291 4.450000
 292 4.550000
 293 4.550000
 294 4.580000
 295 4.390000
 296 4.420000
 297 4.380000
 298 4.310000
 299 4.220000
 300 4.200000
 301 4.200000
 302 4.240000
 303 4.290000
 304 4.290000
 305 4.360000
 306 4.360000
 307 4.420000
 308 4.450000
 309 4.450000
 310 4.420000
 311 4.420000
 312 3.480000
 313 3.460000
 314 3.440000
 315 3.470000
 316 3.500000
 317 4.350000
 318 4.320000
 319 4.320000
 320 4.300000
 321 4.300000
 322 4.300000
 323 4.270000
 324 4.270000
 325 4.250000
 326 4.220000
 327 3.950000
 328 3.960000
 329 3.970000
 330 4.150000
 331 4.180000
 332 4.180000
 333 4.180000
 334 4.150000
 335 4.130000
 336 4.130000
 337 4.130000
 338 4.130000
 339 4.120000
 340 4.100000
 341 4.080000
 342 4.070000
 343 4.080000
 344 4.070000
 345 4.050000
 346 4.020000
 347 4.030000
 348 4.000000
 349 4.020000
 350 4.020000
 351 3.980000
 352 3.980000
 353 3.980000
 354 3.980000
 355 3.950000
 356 3.970000
 357 3.950000
 358 3.930000
 359 3.930000
 360 3.930000
 361 3.100000
 362 3.020000
 363 3.050000
 364 3.100000
 365 3.100000
 366 2.950000
 367 2.990000
 368 2.990000
 369 2.950000
 370 2.980000
 371 3.850000
 372 3.000000
 373 3.100000
 374 2.950000
 375 3.070000
 376 3.070000
 377 3.100000
 378 3.070000
 379 3.070000
 380 3.070000
 381 3.100000
 382 3.000000
 383 2.980000
 384 2.950000
 385 2.950000
 386 3.060000
 387 3.060000
 388 2.950000
 389 2.950000
 390 2.980000
 391 2.970000
 392 3.010000
 393 2.980000
 394 2.950000
 395 2.970000
 396 3.020000
 397 3.000000
 398 3.000000
 399 3.020000
 400 3.020000
 401 2.930000
 402 2.950000
 403 3.000000
 404 3.010000
 405 3.020000
 406 2.980000
 407 2.980000
 408 3.020000
 409 2.980000
 410 2.970000
 411 2.980000
 412 3.100000
 413 3.030000
 414 3.030000
 415 3.060000
 416 3.030000
 417 3.020000
 418 3.060000
 419 3.050000
 420 3.080000
 421 3.080000
 422 3.080000
 423 3.050000
 424 3.080000
 425 3.200000
 426 3.080000
 427 3.090000
 428 3.110000
 429 3.100000
 430 3.180000
 431 3.180000
 432 3.230000
 433 3.230000
 434 3.210000
 435 3.210000
 436 3.230000
 437 3.230000
 438 3.240000
 439 3.230000
 440 3.260000
 441 3.240000
 442 3.260000
 443 3.260000
 444 3.260000
 445 3.280000
 446 3.260000
 447 3.200000
 448 3.270000
 449 3.270000
 450 3.270000
 451 3.260000
 452 3.260000
 453 3.230000
 454 3.230000
 455 3.240000
 456 3.220000
 457 3.240000
 458 3.220000
 459 3.220000
 460 3.210000
 461 3.200000
 462 3.150000
 463 3.170000
 464 3.160000
 465 4.470000
 466 4.180000
 467 4.150000
 468 4.150000
 469 3.130000
 470 3.120000
 471 3.070000
 472 3.110000
 473 3.260000
 474 3.430000
 475 3.710000
 476 3.610000
 477 3.560000
 478 3.590000
 479 3.590000
 480 3.590000
 481 3.590000
 482 3.560000
 483 3.590000
 484 3.590000
 485 3.590000
 486 3.340000
 487 3.390000
 488 3.610000
 489 3.610000
 490 3.610000
 491 3.610000
 492 3.610000
 493 3.560000
 494 3.540000
 495 3.560000
 496 3.540000
 497 3.560000
 498 3.560000
 499 3.590000
 500 3.590000
 501 3.590000
 502 3.610000
 503 3.590000
 504 3.610000
 505 3.640000
 506 3.640000
 507 3.610000
 508 3.640000
 509 3.640000
 510 3.640000
 511 3.640000
 512 3.640000
 513 3.660000
 514 3.690000
 515 3.640000
 516 3.630000
 517 3.560000
 518 3.530000
 519 3.190000
 520 3.070000
 521 3.100000
 522 3.400000
 523 3.370000
 524 3.330000
 525 3.300000
 526 3.250000
 527 2.990000
 528 2.950000
 529 2.930000
 530 2.950000
 531 2.970000
 532 2.980000
 533 2.980000
 534 2.940000
 535 2.860000
 536 2.830000
 537 2.930000
 538 3.050000
 539 2.950000
 540 2.970000
 541 3.100000
 542 3.000000
 543 2.970000
 544 3.070000
 545 3.150000
 546 3.020000
 547 2.970000
 548 3.040000
 549 3.010000
 550 2.960000
 551 3.000000
 552 3.000000
 553 2.960000
 554 2.940000
 555 2.670000
 556 2.660000
 557 2.660000
 558 2.660000
 559 2.670000
 560 2.600000
 561 2.600000
 562 2.570000
 563 2.570000
 564 2.550000
 565 2.530000
 566 2.520000
 567 2.470000
 568 2.410000
 569 2.380000
 570 2.360000
 571 2.310000
 572 2.290000
 573 2.290000
 574 2.260000
 575 2.210000
 576 2.160000
 577 2.190000
 578 2.200000
 579 2.050000
 580 2.170000
 581 2.150000
 582 2.030000
 583 2.140000
 584 2.030000
 585 2.090000
 586 2.070000
 587 2.100000
 588 2.000000
 589 2.030000
 590 2.070000
 591 2.020000
 592 2.080000
 593 2.020000
 594 2.000000
 595 2.000000
 596 1.880000
 597 2.000000
 598 1.950000
 599 1.970000
 600 1.840000
 601 1.830000
 602 1.900000
 603 1.800000
 604 1.800000
 605 1.770000
 606 1.750000
 607 1.850000
 608 1.850000
 609 1.700000
 610 1.720000
 611 1.820000
 612 1.800000
 613 1.650000
 614 1.650000
 615 1.750000
 616 1.630000
 617 1.600000
 618 1.720000
 619 1.600000
 620 1.720000
 621 1.720000
 622 1.670000
 623 1.700000
 624 1.670000
 625 1.640000
 626 1.590000
 627 1.610000
 628 1.590000
 629 1.510000
 630 1.540000
 631 1.550000
 632 1.550000
 633 1.510000
 634 1.430000
 635 1.530000
 636 1.430000
 637 1.380000
 638 1.360000
 639 1.380000
 640 1.380000
 641 1.380000
 642 1.400000
 643 1.470000
 644 1.430000
 645 1.350000
 646 1.350000
 647 1.330000
 648 1.290000
 649 1.330000
 650 1.960000
 651 1.350000
 652 1.410000
 653 1.320000
 654 1.390000
 655 1.700000
 656 1.250000
 657 1.360000
 658 1.250000
 659 1.370000
 660 1.340000
 661 1.370000
 662 1.250000
 663 1.310000
 664 1.340000
 665 1.420000
 666 1.360000
 667 1.340000
 668 1.220000
 669 1.360000
 670 1.340000
 671 1.360000
 672 1.350000
 673 1.340000
 674 1.310000
 675 1.310000
 676 1.340000
 677 1.310000
 678 1.200000
 679 1.340000
 680 2.340000
 681 1.340000
 682 1.280000
 683 1.340000
 684 1.230000
 685 1.220000
 686 1.220000
 687 1.230000
 688 1.210000
 689 1.260000
 690 1.180000
 691 1.180000
 692 1.180000
 693 1.160000
 694 1.160000
 695 1.180000
 696 1.210000
 697 1.140000
 698 6.720000
 699 6.720000
 700 6.670000
 701 6.670000
 702 6.650000
 703 5.700000
 704 6.630000
 705 6.600000
 706 6.600000
 707 5.070000
 708 6.540000
 709 6.550000
 710 6.530000
 711 6.500000
 712 6.510000
 713 6.510000
 714 6.490000
 715 6.480000
 716 6.460000
 717 6.460000
 718 5.440000
 719 5.830000
 720 0.790000
 721 0.780000
 722 0.790000
 723 0.760000
 724 0.800000
 725 0.790000
 726 0.800000
 727 0.780000
 728 0.770000
 729 0.780000
 730 0.810000
 731 0.790000
 732 0.790000
 733 0.810000
 734 0.810000
 735 0.810000
 736 0.840000
 737 0.840000
 738 0.830000
 739 0.840000
 740 0.840000
 741 0.840000
 742 0.860000
 743 0.860000
 744 0.860000
 745 0.860000
 746 0.860000
 747 0.890000
 748 0.890000
 749 0.910000
 750 0.910000
 751 0.910000
 752 0.910000
 753 0.910000
 754 0.940000
 755 0.940000
 756 0.940000
 757 0.940000
 758 0.960000
 759 0.950000
 760 0.960000
 0 2.880000
 1 2.870000
 2 2.880000
 3 2.900000
 4 2.890000
 5 2.870000
 6 2.870000
 7 2.850000
 8 2.860000
 9 2.860000
 10 2.870000
 11 2.840000
 12 2.840000
 13 1.840000
 14 1.770000
 15 1.720000
 16 1.720000
 17 1.700000
 18 1.700000
 19 1.670000
 20 1.700000
 21 1.680000
 22 1.700000
 23 1.650000
 24 1.650000
 25 1.650000
 26 1.670000
 27 1.660000
 28 1.650000
 29 1.650000
 30 1.620000
 31 1.620000
 32 1.600000
 33 1.480000
 34 1.460000
 35 1.460000
 36 1.440000
 37 1.460000
 38 1.440000
 39 1.410000
 40 1.440000
 41 1.410000
 42 1.430000
 43 1.430000
 44 1.430000
 45 1.430000
 46 1.450000
 47 1.450000
 48 1.480000
 49 1.500000
 50 1.600000
 51 1.600000
 52 1.630000
 53 1.630000
 54 1.630000
 55 1.630000
 56 1.630000
 57 1.670000
 58 1.650000
 59 1.700000
 60 1.720000
 61 1.750000
 62 1.750000
 63 1.760000
 64 1.780000
 65 1.810000
 66 1.810000
 67 1.870000
 68 1.980000
 69 2.010000
 70 1.990000
 71 2.000000
 72 2.040000
 73 2.590000
 74 2.590000
 75 2.600000
 76 2.620000
 77 1.910000
 78 1.910000
 79 1.910000
 80 1.910000
 81 1.890000
 82 1.310000
 83 1.260000
 84 1.260000
 85 1.260000
 86 1.260000
 87 1.240000
 88 1.240000
 89 1.260000
 90 1.210000
 91 1.240000
 92 1.210000
 93 1.240000
 94 1.210000
 95 1.230000
 96 1.250000
 97 1.250000
 98 1.250000
 99 1.270000
 100 1.300000
 101 3.570000
 102 3.590000
 103 3.590000
 104 3.590000
 105 2.440000
 106 2.420000
 107 2.420000
 108 2.390000
 109 2.420000
 110 2.420000
 111 2.410000
 112 2.400000
 113 2.430000
 114 2.540000
 115 2.030000
 116 3.560000
 117 1.780000
 118 1.780000
 119 1.790000
 120 1.760000
 121 1.760000
 122 1.760000
 123 1.740000
 124 1.760000
 125 1.740000
 126 1.740000
 127 1.730000
 128 1.760000
 129 1.780000
 130 1.810000
 131 1.750000
 132 3.400000
 133 3.400000
 134 3.420000
 135 3.490000
 136 3.480000
 137 3.470000
 138 2.300000
 139 2.290000
 140 2.290000
 141 2.320000
 142 2.290000
 143 2.290000
 144 2.290000
 145 2.280000
 146 2.330000
 147 1.150000
 148 1.150000
 149 1.140000
 150 1.140000
 151 1.140000
 152 1.140000
 153 1.120000
 154 1.120000
 155 1.140000
 156 1.110000
 157 1.140000
 158 1.140000
 159 1.120000
 160 1.100000
 161 1.140000
 162 1.110000
 163 1.100000
 164 1.140000
 165 1.150000
 166 1.270000
 167 1.660000
 168 1.690000
 169 1.690000
 170 1.690000
 171 1.690000
 172 1.660000
 173 1.690000
 174 1.660000
 175 1.660000
 176 1.700000
 177 1.810000
 178 2.240000
 179 2.240000
 180 2.240000
 181 2.210000
 182 2.250000
 183 2.270000
 184 4.800000
 185 4.800000
 186 4.250000
 187 4.220000
 188 4.820000
 189 4.820000
 190 4.840000
 191 1.920000
 192 1.900000
 193 1.770000
 194 1.630000
 195 1.600000
 196 1.600000
 197 1.600000
 198 1.580000
 199 1.590000
 200 1.590000
 201 1.610000
 202 1.580000
 203 1.610000
 204 1.580000
 205 1.590000
 206 1.570000
 207 1.620000
 208 1.590000
 209 1.600000
 210 1.580000
 211 1.610000
 212 1.600000
 213 1.580000
 214 1.610000
 215 1.600000
 216 1.620000
 217 1.600000
 218 1.600000
 219 1.610000
 220 1.600000
 221 1.600000
 222 1.580000
 223 1.640000
 224 1.620000
 225 1.620000
 226 1.610000
 227 1.630000
 228 1.630000
 229 1.630000
 230 1.610000
 231 1.650000
 232 1.650000
 233 1.630000
 234 1.650000
 235 1.640000
 236 1.630000
 237 1.640000
 238 1.630000
 239 1.650000
 240 1.660000
 241 1.670000
 242 4.470000
 243 4.470000
 244 4.480000
 245 4.610000
 246 2.540000
 247 2.570000
 248 2.560000
 249 2.550000
 250 2.570000
 251 2.570000
 252 2.610000
 253 2.520000
 254 3.580000
 255 3.720000
 256 4.050000
 257 4.100000
 258 3.770000
 259 3.760000
 260 3.750000
 261 3.780000
 262 4.430000
 263 3.660000
 264 3.630000
 265 3.620000
 266 3.550000
 267 3.670000
 268 3.670000
 269 3.690000
 270 3.670000
 271 3.050000
 272 3.030000
 273 2.990000
 274 3.010000
 275 2.960000
 276 2.970000
 277 2.970000
 278 3.060000
 279 3.970000
 280 3.880000
 281 3.910000
 282 3.750000
 283 3.740000
 284 3.730000
 285 3.750000
 286 4.120000
 287 4.130000
 288 4.130000
 289 4.130000
 290 4.150000
 291 4.450000
 292 4.550000
 293 4.550000
 294 4.550000
 295 4.390000
 296 4.420000
 297 4.380000
 298 4.320000
 299 4.250000
 300 4.230000
 301 4.200000
 302 4.270000
 303 4.310000
 304 4.290000
 305 4.360000
 306 4.390000
 307 4.420000
 308 4.450000
 309 4.450000
 310 4.420000
 311 4.420000
 312 3.480000
 313 3.440000
 314 3.440000
 315 3.470000
 316 3.480000
 317 4.350000
 318 4.350000
 319 4.320000
 320 4.300000
 321 4.300000
 322 4.300000
 323 4.270000
 324 4.250000
 325 4.250000
 326 4.250000
 327 3.950000
 328 3.960000
 329 3.970000
 330 4.150000
 331 4.200000
 332 4.180000
 333 4.150000
 334 4.150000
 335 4.130000
 336 4.150000
 337 4.130000
 338 4.120000
 339 4.100000
 340 4.100000
 341 4.070000
 342 4.070000
 343 4.050000
 344 4.050000
 345 4.020000
 346 4.020000
 347 4.000000
 348 4.000000
 349 4.000000
 350 4.000000
 351 4.000000
 352 3.980000
 353 3.980000
 354 3.950000
 355 3.950000
 356 3.950000
 357 3.950000
 358 3.950000
 359 3.930000
 360 3.930000
 361 3.070000
 362 3.020000
 363 3.020000
 364 3.070000
 365 3.100000
 366 3.000000
 367 2.990000
 368 2.990000
 369 2.950000
 370 2.980000
 371 3.850000
 372 2.980000
 373 3.070000
 374 2.950000
 375 3.050000
 376 3.050000
 377 3.100000
 378 3.070000
 379 3.070000
 380 3.070000
 381 3.100000
 382 2.970000
 383 2.980000
 384 2.970000
 385 2.980000
 386 3.040000
 387 3.040000
 388 2.980000
 389 2.950000
 390 2.950000
 391 2.990000
 392 2.970000
 393 2.980000
 394 2.930000
 395 2.930000
 396 3.020000
 397 3.000000
 398 3.020000
 399 3.040000
 400 3.020000
 401 2.930000
 402 2.950000
 403 3.020000
 404 3.010000
 405 3.020000
 406 2.920000
 407 2.950000
 408 3.020000
 409 2.980000
 410 2.970000
 411 2.980000
 412 3.100000
 413 3.060000
 414 3.060000
 415 3.060000
 416 3.030000
 417 3.020000
 418 3.050000
 419 3.080000
 420 3.100000
 421 3.080000
 422 3.080000
 423 3.080000
 424 3.080000
 425 3.180000
 426 3.050000
 427 3.090000
 428 3.130000
 429 3.080000
 430 3.180000
 431 3.210000
 432 3.230000
 433 3.230000
 434 3.210000
 435 3.210000
 436 3.250000
 437 3.210000
 438 3.240000
 439 3.210000
 440 3.260000
 441 3.260000
 442 3.290000
 443 3.290000
 444 3.260000
 445 3.260000
 446 3.260000
 447 3.200000
 448 3.270000
 449 3.270000
 450 3.270000
 451 3.270000
 452 3.260000
 453 3.260000
 454 3.260000
 455 3.240000
 456 3.240000
 457 3.240000
 458 3.220000
 459 3.220000
 460 3.210000
 461 3.210000
 462 3.240000
 463 3.140000
 464 3.130000
 465 4.490000
 466 4.180000
 467 4.150000
 468 4.140000
 469 3.140000
 470 3.090000
 471 3.100000
 472 3.080000
 473 3.260000
 474 3.430000
 475 3.720000
 476 3.610000
 477 3.590000
 478 3.590000
 479 3.590000
 480 3.590000
 481 3.560000
 482 3.590000
 483 3.590000
 484 3.560000
 485 3.590000
 486 3.340000
 487 3.360000
 488 3.590000
 489 3.610000
 490 3.610000
 491 3.590000
 492 3.610000
 493 3.540000
 494 3.540000
 495 3.560000
 496 3.540000
 497 3.560000
 498 3.590000
 499 3.590000
 500 3.590000
 501 3.590000
 502 3.590000
 503 3.610000
 504 3.610000
 505 3.610000
 506 3.610000
 507 3.610000
 508 3.610000
 509 3.640000
 510 3.640000
 511 3.640000
 512 3.640000
 513 3.640000
 514 3.660000
 515 3.660000
 516 3.630000
 517 3.540000
 518 3.530000
 519 3.190000
 520 3.070000
 521 3.100000
 522 3.400000
 523 3.370000
 524 3.330000
 525 3.300000
 526 3.250000
 527 3.010000
 528 2.950000
 529 2.930000
 530 2.950000
 531 2.950000
 532 2.950000
 533 2.980000
 534 2.940000
 535 2.830000
 536 2.810000
 537 2.900000
 538 3.030000
 539 2.920000
 540 2.970000
 541 3.070000
 542 2.970000
 543 2.970000
 544 3.050000
 545 3.120000
 546 3.020000
 547 2.970000
 548 3.010000
 549 3.010000
 550 2.960000
 551 3.020000
 552 2.970000
 553 2.960000
 554 2.960000
 555 2.670000
 556 2.660000
 557 2.680000
 558 2.660000
 559 2.650000
 560 2.620000
 561 2.600000
 562 2.570000
 563 2.570000
 564 2.580000
 565 2.430000
 566 2.520000
 567 2.470000
 568 2.410000
 569 2.380000
 570 2.370000
 571 2.310000
 572 2.290000
 573 2.260000
 574 2.260000
 575 2.240000
 576 2.220000
 577 2.190000
 578 2.190000
 579 2.200000
 580 2.080000
 581 2.030000
 582 2.030000
 583 2.030000
 584 2.030000
 585 2.060000
 586 2.120000
 587 2.070000
 588 2.000000
 589 2.060000
 590 2.050000
 591 2.050000
 592 2.050000
 593 2.000000
 594 2.000000
 595 2.020000
 596 2.000000
 597 1.970000
 598 1.880000
 599 1.850000
 600 1.850000
 601 1.950000
 602 1.950000
 603 1.820000
 604 1.800000
 605 1.780000
 606 1.900000
 607 1.880000
 608 1.730000
 609 1.750000
 610 1.700000
 611 1.700000
 612 1.650000
 613 1.690000
 614 1.680000
 615 1.770000
 616 1.620000
 617 1.630000
 618 1.720000
 619 1.630000
 620 1.720000
 621 1.700000
 622 1.670000
 623 1.550000
 624 1.650000
 625 1.590000
 626 1.610000
 627 1.610000
 628 1.590000
 629 1.530000
 630 1.520000
 631 1.550000
 632 1.550000
 633 1.520000
 634 1.400000
 635 1.400000
 636 1.430000
 637 1.380000
 638 1.410000
 639 1.380000
 640 1.380000
 641 1.380000
 642 1.400000
 643 1.470000
 644 1.430000
 645 1.350000
 646 1.320000
 647 1.330000
 648 1.290000
 649 1.300000
 650 1.950000
 651 1.360000
 652 1.380000
 653 1.320000
 654 1.250000
 655 1.650000
 656 1.280000
 657 1.390000
 658 1.250000
 659 1.350000
 660 1.340000
 661 1.370000
 662 1.250000
 663 1.330000
 664 1.340000
 665 1.400000
 666 1.340000
 667 1.340000
 668 1.250000
 669 1.350000
 670 1.340000
 671 1.360000
 672 1.310000
 673 1.310000
 674 1.340000
 675 1.340000
 676 1.290000
 677 1.280000
 678 1.230000
 679 1.360000
 680 2.340000
 681 1.340000
 682 1.280000
 683 1.310000
 684 1.230000
 685 1.220000
 686 1.190000
 687 1.200000
 688 1.210000
 689 1.260000
 690 1.180000
 691 1.200000
 692 1.210000
 693 1.180000
 694 1.160000
 695 1.180000
 696 1.210000
 697 1.140000
 698 6.690000
 699 6.710000
 700 6.670000
 701 6.670000
 702 6.650000
 703 5.660000
 704 6.620000
 705 6.620000
 706 6.570000
 707 5.070000
 708 6.540000
 709 6.530000
 710 6.520000
 711 6.520000
 712 6.510000
 713 6.510000
 714 6.480000
 715 6.480000
 716 6.460000
 717 6.430000
 718 5.410000
 719 5.840000
 720 0.820000
 721 0.800000
 722 0.800000
 723 0.800000
 724 0.780000
 725 0.800000
 726 0.770000
 727 0.780000
 728 0.800000
 729 0.780000
 730 0.790000
 731 0.790000
 732 0.810000
 733 0.790000
 734 0.810000
 735 0.810000
 736 0.840000
 737 0.840000
 738 0.840000
 739 0.840000
 740 0.840000
 741 0.860000
 742 0.860000
 743 0.860000
 744 0.860000
 745 0.890000
 746 0.890000
 747 0.890000
 748 0.890000
 749 0.890000
 750 0.910000
 751 0.910000
 752 0.910000
 753 0.940000
 754 0.940000
 755 0.940000
 756 0.940000
 757 0.940000
 758 0.940000
 759 0.970000
 760 0.980000