
 0 1.200000
 1 1.200000
 2 1.200000
 3 1.200000
 4 1.200000
 5 1.230000
 6 1.220000
 7 1.250000
 8 2.600000
 9 2.800000
 10 2.980000
 11 2.970000
 12 3.080000
 13 3.140000
 14 3.070000
 15 3.700000
 16 1.660000
 17 0.890000
 18 0.890000
 19 0.880000
 20 0.890000
 21 0.890000
 22 0.890000
 23 0.890000
 24 0.890000
 25 0.860000
 26 0.890000
 27 0.860000
 28 0.880000
 29 0.890000
 30 0.900000
 31 0.960000
 32 0.920000
 33 2.980000
 34 3.070000
 35 3.080000
 36 3.000000
 37 3.000000
 38 2.980000
 39 2.950000
 40 2.990000
 41 2.950000
 42 3.080000
 43 3.050000
 44 3.030000
 45 2.950000
 46 2.950000
 47 3.040000
 48 2.950000
 49 2.980000
 50 3.060000
 51 3.060000
 52 3.010000
 53 3.040000
 54 2.980000
 55 2.950000
 56 2.990000
 57 2.950000
 58 3.070000
 59 2.950000
 60 3.090000
 61 3.090000
 62 3.090000
 63 2.950000
 64 3.090000
 65 3.090000
 66 2.980000
 67 3.060000
 68 2.990000
 69 2.980000
 70 3.110000
 71 3.110000
 72 3.000000
 73 3.140000
 74 3.140000
 75 3.110000
 76 2.980000
 77 3.110000
 78 3.110000
 79 3.090000
 80 3.000000
 81 2.980000
 82 3.110000
 83 3.090000
 84 2.990000
 85 3.090000
 86 3.090000
 87 2.980000
 88 2.950000
 89 3.090000
 90 3.040000
 91 2.930000
 92 3.060000
 93 3.060000
 94 2.950000
 95 2.920000
 96 2.930000
 97 2.920000
 98 2.830000
 99 2.660000
 100 2.410000
 101 2.180000
 102 2.170000
 103 2.110000
 104 2.090000
 105 2.100000
 106 2.100000
 107 2.100000
 108 2.090000
 109 2.100000
 110 2.110000
 111 2.090000
 112 2.110000
 113 2.140000
 114 2.240000
 115 2.280000
 116 2.240000
 117 2.180000
 118 2.160000
 119 2.140000
 120 2.160000
 121 2.160000
 122 2.170000
 123 2.170000
 124 2.180000
 125 2.160000
 126 2.150000
 127 2.180000
 128 2.180000
 129 2.180000
 130 2.160000
 131 2.190000
 132 2.170000
 133 2.190000
 134 2.160000
 135 2.190000
 136 2.180000
 137 2.180000
 138 2.200000
 139 2.290000
 140 2.290000
 141 2.150000
 142 2.170000
 143 2.170000
 144 2.140000
 145 2.180000
 146 2.190000
 147 2.220000
 148 2.220000
 149 2.220000
 150 2.210000
 151 2.210000
 152 2.210000
 153 2.240000
 154 2.220000
 155 2.230000
 156 2.210000
 157 2.200000
 158 2.200000
 159 2.190000
 160 2.210000
 161 2.190000
 162 2.220000
 163 2.200000
 164 2.250000
 165 2.250000
 166 2.250000
 167 2.280000
 168 2.290000
 169 2.290000
 170 2.290000
 171 2.270000
 172 2.290000
 173 2.290000
 174 2.290000
 175 2.290000
 176 2.320000
 177 2.320000
 178 2.290000
 179 2.310000
 180 2.300000
 181 2.320000
 182 2.310000
 183 2.880000
 184 2.360000
 185 2.310000
 186 2.310000
 187 2.290000
 188 2.290000
 189 2.300000
 190 2.360000
 191 2.370000
 192 2.370000
 193 2.370000
 194 2.370000
 195 2.390000
 196 2.390000
 197 2.360000
 198 2.380000
 199 2.360000
 200 2.390000
 201 2.360000
 202 2.360000
 203 2.360000
 204 2.380000
 205 2.410000
 206 2.400000
 207 2.380000
 208 2.420000
 209 3.490000
 210 3.490000
 211 3.510000
 212 3.550000
 213 3.530000
 214 3.540000
 215 3.530000
 216 3.510000
 217 3.530000
 218 3.560000
 219 3.580000
 220 3.580000
 221 3.480000
 222 3.500000
 223 3.480000
 224 2.570000
 225 2.530000
 226 2.500000
 227 2.490000
 228 2.510000
 229 3.580000
 230 2.460000
 231 2.440000
 232 3.690000
 233 3.650000
 234 3.650000
 235 1.960000
 236 1.950000
 237 1.900000
 238 1.880000
 239 1.870000
 240 1.870000
 241 1.880000
 242 1.880000
 243 1.900000
 244 1.870000
 245 1.860000
 246 1.880000
 247 1.870000
 248 1.870000
 249 1.850000
 250 1.880000
 251 1.860000
 252 1.850000
 253 1.870000
 254 1.880000
 255 1.860000
 256 1.870000
 257 1.880000
 258 1.860000
 259 1.900000
 260 1.900000
 261 1.900000
 262 1.900000
 263 1.930000
 264 1.900000
 265 1.930000
 266 4.030000
 267 4.030000
 268 4.050000
 269 4.080000
 270 4.210000
 271 4.180000
 272 4.130000
 273 3.070000
 274 3.040000
 275 3.040000
 276 2.490000
 277 2.470000
 278 2.470000
 279 2.440000
 280 1.950000
 281 1.910000
 282 1.910000
 283 1.910000
 284 1.890000
 285 1.910000
 286 1.890000
 287 1.910000
 288 1.910000
 289 1.920000
 290 1.980000
 291 2.010000
 292 4.220000
 293 4.210000
 294 4.280000
 295 4.550000
 296 4.670000
 297 4.690000
 298 4.730000
 299 4.760000
 300 3.120000
 301 3.060000
 302 3.060000
 303 3.090000
 304 3.070000
 305 3.060000
 306 3.080000
 307 2.610000
 308 2.560000
 309 2.530000
 310 2.490000
 311 2.510000
 312 2.510000
 313 2.510000
 314 2.510000
 315 2.540000
 316 2.560000
 317 4.980000
 318 5.160000
 319 5.280000
 320 2.050000
 321 2.010000
 322 1.990000
 323 1.990000
 324 1.960000
 325 1.980000
 326 1.960000
 327 1.990000
 328 1.960000
 329 1.990000
 330 1.950000
 331 2.080000
 332 3.160000
 333 3.180000
 334 5.300000
 335 4.650000
 336 4.630000
 337 4.620000
 338 4.740000
 339 2.680000
 340 2.640000
 341 2.600000
 342 2.610000
 343 2.640000
 344 2.610000
 345 2.640000
 346 2.610000
 347 2.650000
 348 5.120000
 349 5.190000
 350 5.220000
 351 5.200000
 352 5.220000
 353 5.200000
 354 5.170000
 355 5.160000
 356 5.160000
 357 2.190000
 358 2.160000
 359 2.110000
 360 2.090000
 361 2.090000
 362 2.110000
 363 2.110000
 364 2.110000
 365 2.100000
 366 2.100000
 367 2.130000
 368 2.120000
 369 5.050000
 370 4.960000
 371 4.900000
 372 4.920000
 373 5.020000
 374 5.020000
 375 5.000000
 376 5.000000
 377 4.990000
 378 5.000000
 379 5.000000
 380 4.950000
 381 4.950000
 382 4.940000
 383 4.950000
 384 4.950000
 385 4.920000
 386 4.290000
 387 4.350000
 388 4.320000
 389 4.200000
 390 4.270000
 391 4.220000
 392 4.220000
 393 4.190000
 394 4.160000
 395 4.140000
 396 4.110000
 397 4.090000
 398 4.060000
 399 4.060000
 400 3.980000
 401 3.930000
 402 3.930000
 403 3.900000
 404 3.920000
 405 3.900000
 406 3.870000
 407 3.870000
 408 3.850000
 409 3.840000
 410 3.820000
 411 3.810000
 412 3.800000
 413 3.770000
 414 3.800000
 415 3.770000
 416 3.750000
 417 3.750000
 418 3.700000
 419 3.710000
 420 3.680000
 421 3.670000
 422 3.660000
 423 3.670000
 424 1.550000
 425 1.510000
 426 1.530000
 427 1.530000
 428 1.540000
 429 1.520000
 430 2.240000
 431 2.260000
 432 2.240000
 433 2.240000
 434 2.250000
 435 2.250000
 436 2.260000
 437 2.230000
 438 2.240000
 439 2.210000
 440 2.220000
 441 2.220000
 442 2.200000
 443 2.280000
 444 3.410000
 445 3.380000
 446 3.360000
 447 3.330000
 448 3.360000
 449 3.360000
 450 3.330000
 451 3.310000
 452 3.310000
 453 3.280000
 454 3.260000
 455 3.260000
 456 3.170000
 457 3.180000
 458 3.160000
 459 3.130000
 460 3.160000
 461 3.110000
 462 3.110000
 463 3.110000
 464 3.060000
 465 3.080000
 466 3.080000
 467 3.080000
 468 3.060000
 469 3.080000
 470 3.070000
 471 3.060000
 472 3.020000
 473 3.030000
 474 3.010000
 475 3.010000
 476 2.970000
 477 2.980000
 478 2.940000
 479 2.900000
 480 2.830000
 481 2.880000
 482 2.860000
 483 2.860000
 484 2.830000
 485 2.860000
 486 2.830000
 487 2.830000
 488 2.830000
 489 2.810000
 490 2.810000
 491 2.800000
 492 2.830000
 493 2.810000
 494 2.830000
 495 2.810000
 496 2.800000
 497 2.810000
 498 2.810000
 499 2.780000
 500 2.780000
 501 2.720000
 502 2.760000
 503 2.780000
 504 2.750000
 505 2.720000
 506 2.720000
 507 2.720000
 508 2.720000
 509 2.710000
 510 2.690000
 511 2.690000
 512 2.680000
 513 2.680000
 514 2.680000
 515 2.680000
 516 2.680000
 517 2.680000
 518 2.660000
 519 2.660000
 520 2.660000
 521 2.660000
 522 2.630000
 523 2.630000
 524 2.630000
 525 2.660000
 526 2.630000
 527 2.630000
 528 2.630000
 529 2.630000
 530 2.630000
 531 2.610000
 532 2.610000
 533 2.580000
 534 2.520000
 535 2.540000
 536 2.520000
 537 2.540000
 538 2.540000
 539 2.570000
 540 2.570000
 541 2.570000
 542 2.560000
 543 2.570000
 544 2.540000
 545 2.540000
 546 2.530000
 547 2.490000
 548 2.440000
 549 2.510000
 550 2.530000
 551 2.530000
 552 2.510000
 553 2.480000
 554 2.530000
 555 2.510000
 556 2.510000
 557 2.530000
 558 2.510000
 559 2.530000
 560 2.530000
 561 2.510000
 562 2.510000
 563 2.530000
 564 2.560000
 565 2.530000
 566 2.560000
 567 2.560000
 568 2.520000
 569 2.530000
 570 2.540000
 571 2.530000
 572 2.530000
 573 2.530000
 574 2.570000
 575 2.560000
 576 2.560000
 577 2.590000
 578 2.590000
 579 2.590000
 580 2.590000
 581 2.590000
 582 2.620000
 583 2.590000
 584 2.620000
 585 2.620000
 586 2.620000
 587 2.620000
 588 2.640000
 589 2.690000
 590 2.640000
 591 2.670000
 592 2.710000
 593 2.700000
 594 2.750000
 595 2.720000
 596 2.720000
 597 2.750000
 598 2.750000
 599 2.750000
 600 2.770000
 601 2.770000
 602 2.770000
 603 2.770000
 604 2.620000
 605 2.420000
 606 2.530000
 607 2.520000
 608 2.520000
 609 2.570000
 610 2.620000
 611 2.670000
 612 2.720000
 613 2.770000
 614 2.800000
 615 2.770000
 616 2.770000
 617 2.730000
 618 2.720000
 619 2.690000
 620 2.690000
 621 2.100000
 622 2.140000
 623 2.110000
 624 2.150000
 625 1.870000
 626 1.860000
 627 1.870000
 628 1.830000
 629 1.850000
 630 1.860000
 631 1.860000
 632 1.860000
 633 1.890000
 634 1.890000
 635 1.910000
 636 1.930000
 637 1.930000
 638 1.930000
 639 1.960000
 640 2.000000
 641 2.000000
 642 2.000000
 643 2.030000
 644 2.030000
 645 2.080000
 646 2.080000
 647 2.080000
 648 2.100000
 649 2.130000
 650 2.150000
 651 2.180000
 652 2.200000
 653 2.200000
 654 2.250000
 655 2.280000
 656 2.330000
 657 2.300000
 658 2.340000
 659 2.340000
 660 2.310000
 661 2.310000
 662 2.310000
 663 2.290000
 664 2.280000
 665 2.280000
 666 2.300000
 667 2.300000
 668 2.300000
 669 2.320000
 670 2.350000
 671 2.380000
 672 2.400000
 673 2.410000
 674 2.370000
 675 2.370000
 676 2.400000
 677 2.400000
 678 2.430000
 679 2.430000
 680 2.450000
 681 1.540000
 682 1.550000
 683 1.500000
 684 1.500000
 685 1.520000
 686 1.530000
 687 1.530000
 688 1.530000
 689 1.530000
 690 1.560000
 691 1.560000
 692 1.580000
 693 1.610000
 694 1.610000
 695 1.630000
 696 1.630000
 697 1.660000
 698 1.680000
 699 1.680000
 700 1.680000
 701 1.730000
 702 1.730000
 703 1.720000
 704 1.750000
 705 1.750000
 706 1.800000
 707 1.800000
 708 1.810000
 709 1.820000
 710 1.820000
 711 1.850000
 712 1.870000
 713 1.900000
 714 1.900000
 715 1.940000
 716 1.950000
 717 1.970000
 718 2.020000
 719 2.020000
 720 2.030000
 721 2.080000
 722 3.320000
 723 3.310000
 724 3.290000
 725 3.310000
 726 3.290000
 727 3.280000
 728 3.270000
 729 3.290000
 730 3.240000
 731 3.270000
 732 3.240000
 733 3.270000
 734 3.240000
 735 3.250000
 736 3.270000
 737 3.270000
 738 3.270000
 739 3.260000
 740 3.270000
 741 3.290000
 742 3.270000
 743 3.300000
 744 3.320000
 745 3.330000
 746 3.350000
 747 3.380000
 748 3.380000
 749 3.370000
 750 3.350000
 751 3.420000
 752 3.410000
 753 3.450000
 754 3.430000
 755 3.450000
 756 3.470000
 757 3.480000
 758 3.520000
 759 3.520000
 760 3.540000
 0 1.200000
 1 1.200000
 2 1.200000
 3 1.200000
 4 1.200000
 5 1.200000
 6 1.230000
 7 1.200000
 8 2.600000
 9 2.830000
 10 2.980000
 11 2.970000
 12 3.080000
 13 3.160000
 14 3.070000
 15 3.700000
 16 1.660000
 17 0.870000
 18 0.890000
 19 0.900000
 20 0.890000
 21 0.860000
 22 0.860000
 23 0.890000
 24 0.890000
 25 0.890000
 26 0.890000
 27 0.860000
 28 0.870000
 29 0.890000
 30 0.900000
 31 0.960000
 32 0.920000
 33 2.980000
 34 3.060000
 35 3.080000
 36 2.980000
 37 3.030000
 38 2.980000
 39 2.950000
 40 2.980000
 41 2.980000
 42 3.080000
 43 3.050000
 44 3.050000
 45 2.930000
 46 2.950000
 47 3.090000
 48 2.950000
 49 2.980000
 50 3.060000
 51 3.060000
 52 2.960000
 53 2.990000
 54 2.950000
 55 2.980000
 56 2.990000
 57 2.950000
 58 3.050000
 59 2.950000
 60 3.110000
 61 3.110000
 62 3.090000
 63 2.980000
 64 3.060000
 65 3.090000
 66 2.980000
 67 3.060000
 68 3.020000
 69 3.120000
 70 3.140000
 71 3.110000
 72 2.980000
 73 3.140000
 74 3.140000
 75 3.110000
 76 3.000000
 77 3.110000
 78 3.110000
 79 3.110000
 80 2.970000
 81 3.000000
 82 3.110000
 83 3.090000
 84 2.940000
 85 3.090000
 86 3.090000
 87 2.950000
 88 2.950000
 89 3.090000
 90 3.060000
 91 2.930000
 92 3.060000
 93 3.060000
 94 2.930000
 95 2.920000
 96 3.090000
 97 2.920000
 98 2.830000
 99 2.660000
 100 2.430000
 101 2.150000
 102 2.170000
 103 2.130000
 104 2.090000
 105 2.100000
 106 2.100000
 107 2.130000
 108 2.120000
 109 2.120000
 110 2.120000
 111 2.110000
 112 2.110000
 113 2.140000
 114 2.270000
 115 2.250000
 116 2.240000
 117 2.200000
 118 2.160000
 119 2.160000
 120 2.160000
 121 2.140000
 122 2.140000
 123 2.170000
 124 2.180000
 125 2.160000
 126 2.150000
 127 2.150000
 128 2.150000
 129 2.180000
 130 2.190000
 131 2.190000
 132 2.170000
 133 2.170000
 134 2.190000
 135 2.160000
 136 2.180000
 137 2.180000
 138 2.180000
 139 2.290000
 140 2.260000
 141 2.150000
 142 2.140000
 143 2.140000
 144 2.140000
 145 2.150000
 146 2.190000
 147 2.220000
 148 2.220000
 149 2.220000
 150 2.210000
 151 2.210000
 152 2.210000
 153 2.220000
 154 2.220000
 155 2.230000
 156 2.240000
 157 2.230000
 158 2.200000
 159 2.180000
 160 2.190000
 161 2.220000
 162 2.190000
 163 2.230000
 164 2.250000
 165 2.250000
 166 2.280000
 167 2.280000
 168 2.260000
 169 2.270000
 170 2.270000
 171 2.270000
 172 2.290000
 173 2.290000
 174 2.290000
 175 2.320000
 176 2.290000
 177 2.320000
 178 2.290000
 179 2.280000
 180 2.300000
 181 2.300000
 182 2.340000
 183 2.860000
 184 2.360000
 185 2.340000
 186 2.290000
 187 2.290000
 188 2.290000
 189 2.300000
 190 2.360000
 191 2.340000
 192 2.370000
 193 2.370000
 194 2.390000
 195 2.390000
 196 2.360000
 197 2.390000
 198 2.390000
 199 2.390000
 200 2.360000
 201 2.340000
 202 2.340000
 203 2.360000
 204 2.380000
 205 2.420000
 206 2.400000
 207 2.400000
 208 2.420000
 209 3.470000
 210 3.510000
 211 3.510000
 212 3.520000
 213 3.550000
 214 3.540000
 215 3.530000
 216 3.510000
 217 3.560000
 218 3.560000
 219 3.560000
 220 3.580000
 221 3.480000
 222 3.500000
 223 3.480000
 224 2.530000
 225 2.560000
 226 2.530000
 227 2.490000
 228 2.510000
 229 3.600000
 230 2.460000
 231 2.440000
 232 3.690000
 233 3.630000
 234 3.640000
 235 1.960000
 236 1.940000
 237 1.870000
 238 1.900000
 239 1.900000
 240 1.870000
 241 1.890000
 242 1.900000
 243 1.840000
 244 1.890000
 245 1.860000
 246 1.870000
 247 1.870000
 248 1.870000
 249 1.870000
 250 1.860000
 251 1.860000
 252 1.880000
 253 1.860000
 254 1.880000
 255 1.880000
 256 1.850000
 257 1.880000
 258 1.880000
 259 1.870000
 260 1.900000
 261 1.910000
 262 1.900000
 263 1.900000
 264 1.920000
 265 1.960000
 266 4.030000
 267 4.030000
 268 4.050000
 269 4.080000
 270 4.210000
 271 4.130000
 272 4.130000
 273 3.090000
 274 3.040000
 275 3.020000
 276 2.510000
 277 2.470000
 278 2.470000
 279 2.440000
 280 1.950000
 281 1.910000
 282 1.910000
 283 1.910000
 284 1.910000
 285 1.910000
 286 1.910000
 287 1.910000
 288 1.910000
 289 1.920000
 290 2.010000
 291 2.040000
 292 4.220000
 293 4.240000
 294 4.260000
 295 4.550000
 296 4.670000
 297 4.690000
 298 4.730000
 299 4.770000
 300 3.100000
 301 3.060000
 302 3.060000
 303 3.060000
 304 3.090000
 305 3.090000
 306 3.080000
 307 2.610000
 308 2.560000
 309 2.530000
 310 2.510000
 311 2.510000
 312 2.510000
 313 2.510000
 314 2.510000
 315 2.510000
 316 2.560000
 317 4.980000
 318 5.190000
 319 5.310000
 320 2.050000
 321 2.010000
 322 1.960000
 323 1.960000
 324 1.960000
 325 1.950000
 326 1.960000
 327 1.960000
 328 1.990000
 329 1.960000
 330 1.990000
 331 2.080000
 332 3.160000
 333 3.200000
 334 5.300000
 335 4.650000
 336 4.630000
 337 4.650000
 338 4.740000
 339 2.680000
 340 2.640000
 341 2.600000
 342 2.610000
 343 2.610000
 344 2.610000
 345 2.610000
 346 2.610000
 347 2.650000
 348 5.130000
 349 5.190000
 350 5.220000
 351 5.220000
 352 5.200000
 353 5.170000
 354 5.200000
 355 5.190000
 356 5.170000
 357 2.210000
 358 2.180000
 359 2.110000
 360 2.090000
 361 2.110000
 362 2.090000
 363 2.110000
 364 2.110000
 365 2.130000
 366 2.100000
 367 2.100000
 368 2.110000
 369 5.050000
 370 4.970000
 371 4.910000
 372 4.930000
 373 5.020000
 374 5.020000
 375 5.020000
 376 5.000000
 377 5.000000
 378 5.000000
 379 5.000000
 380 4.970000
 381 4.950000
 382 4.960000
 383 4.950000
 384 4.970000
 385 4.920000
 386 4.290000
 387 4.370000
 388 4.300000
 389 4.200000
 390 4.270000
 391 4.250000
 392 4.220000
 393 4.220000
 394 4.160000
 395 4.150000
 396 4.110000
 397 4.090000
 398 4.060000
 399 4.010000
 400 3.960000
 401 3.910000
 402 3.910000
 403 3.920000
 404 3.920000
 405 3.900000
 406 3.870000
 407 3.870000
 408 3.850000
 409 3.820000
 410 3.820000
 411 3.820000
 412 3.800000
 413 3.770000
 414 3.800000
 415 3.770000
 416 3.750000
 417 3.750000
 418 3.720000
 419 3.710000
 420 3.710000
 421 3.670000
 422 3.660000
 423 3.650000
 424 1.560000
 425 1.510000
 426 1.530000
 427 1.530000
 428 1.540000
 429 1.550000
 430 2.240000
 431 2.240000
 432 2.260000
 433 2.260000
 434 2.250000
 435 2.230000
 436 2.260000
 437 2.230000
 438 2.220000
 439 2.210000
 440 2.210000
 441 2.220000
 442 2.200000
 443 2.280000
 444 3.380000
 445 3.380000
 446 3.360000
 447 3.380000
 448 3.360000
 449 3.360000
 450 3.360000
 451 3.330000
 452 3.280000
 453 3.280000
 454 3.230000
 455 3.230000
 456 3.210000
 457 3.160000
 458 3.160000
 459 3.130000
 460 3.130000
 461 3.110000
 462 3.110000
 463 3.110000
 464 3.060000
 465 3.080000
 466 3.080000
 467 3.080000
 468 3.060000
 469 3.060000
 470 3.070000
 471 3.060000
 472 3.030000
 473 3.030000
 474 3.030000
 475 3.010000
 476 2.970000
 477 2.950000
 478 2.920000
 479 2.910000
 480 2.830000
 481 2.860000
 482 2.860000
 483 2.860000
 484 2.860000
 485 2.860000
 486 2.820000
 487 2.860000
 488 2.830000
 489 2.830000
 490 2.830000
 491 2.810000
 492 2.830000
 493 2.810000
 494 2.810000
 495 2.810000
 496 2.830000
 497 2.820000
 498 2.810000
 499 2.810000
 500 2.780000
 501 2.720000
 502 2.750000
 503 2.780000
 504 2.740000
 505 2.750000
 506 2.720000
 507 2.720000
 508 2.720000
 509 2.710000
 510 2.700000
 511 2.670000
 512 2.700000
 513 2.680000
 514 2.670000
 515 2.680000
 516 2.680000
 517 2.660000
 518 2.660000
 519 2.660000
 520 2.660000
 521 2.660000
 522 2.660000
 523 2.630000
 524 2.660000
 525 2.630000
 526 2.630000
 527 2.630000
 528 2.660000
 529 2.610000
 530 2.630000
 531 2.630000
 532 2.580000
 533 2.580000
 534 2.520000
 535 2.510000
 536 2.490000
 537 2.540000
 538 2.570000
 539 2.540000
 540 2.570000
 541 2.540000
 542 2.530000
 543 2.540000
 544 2.540000
 545 2.530000
 546 2.540000
 547 2.490000
 548 2.440000
 549 2.510000
 550 2.510000
 551 2.510000
 552 2.510000
 553 2.490000
 554 2.510000
 555 2.530000
 556 2.510000
 557 2.510000
 558 2.530000
 559 2.530000
 560 2.510000
 561 2.530000
 562 2.540000
 563 2.530000
 564 2.530000
 565 2.530000
 566 2.560000
 567 2.530000
 568 2.510000
 569 2.540000
 570 2.570000
 571 2.570000
 572 2.570000
 573 2.560000
 574 2.570000
 575 2.580000
 576 2.560000
 577 2.590000
 578 2.590000
 579 2.590000
 580 2.590000
 581 2.590000
 582 2.620000
 583 2.620000
 584 2.620000
 585 2.620000
 586 2.620000
 587 2.620000
 588 2.640000
 589 2.670000
 590 2.670000
 591 2.690000
 592 2.710000
 593 2.720000
 594 2.720000
 595 2.720000
 596 2.720000
 597 2.750000
 598 2.750000
 599 2.770000
 600 2.800000
 601 2.750000
 602 2.770000
 603 2.790000
 604 2.620000
 605 2.460000
 606 2.530000
 607 2.550000
 608 2.550000
 609 2.570000
 610 2.620000
 611 2.690000
 612 2.720000
 613 2.770000
 614 2.770000
 615 2.790000
 616 2.770000
 617 2.770000
 618 2.720000
 619 2.670000
 620 2.720000
 621 2.130000
 622 2.170000
 623 2.110000
 624 2.120000
 625 1.850000
 626 1.870000
 627 1.850000
 628 1.860000
 629 1.850000
 630 1.860000
 631 1.900000
 632 1.890000
 633 1.890000
 634 1.910000
 635 1.910000
 636 1.930000
 637 1.930000
 638 1.960000
 639 1.980000
 640 2.000000
 641 2.000000
 642 2.000000
 643 2.030000
 644 2.050000
 645 2.050000
 646 2.080000
 647 2.080000
 648 2.100000
 649 2.130000
 650 2.150000
 651 2.180000
 652 2.200000
 653 2.230000
 654 2.280000
 655 2.280000
 656 2.300000
 657 2.310000
 658 2.340000
 659 2.310000
 660 2.310000
 661 2.310000
 662 2.290000
 663 2.290000
 664 2.280000
 665 2.300000
 666 2.330000
 667 2.320000
 668 2.270000
 669 2.320000
 670 2.380000
 671 2.380000
 672 2.400000
 673 2.410000
 674 2.410000
 675 2.390000
 676 2.400000
 677 2.400000
 678 2.420000
 679 2.430000
 680 2.450000
 681 1.540000
 682 1.530000
 683 1.510000
 684 1.500000
 685 1.520000
 686 1.510000
 687 1.530000
 688 1.530000
 689 1.560000
 690 1.530000
 691 1.560000
 692 1.580000
 693 1.610000
 694 1.610000
 695 1.630000
 696 1.630000
 697 1.660000
 698 1.660000
 699 1.660000
 700 1.700000
 701 1.710000
 702 1.720000
 703 1.720000
 704 1.780000
 705 1.750000
 706 1.770000
 707 1.800000
 708 1.820000
 709 1.820000
 710 1.850000
 711 1.870000
 712 1.900000
 713 1.900000
 714 1.920000
 715 1.940000
 716 1.950000
 717 1.970000
 718 1.990000
 719 2.020000
 720 2.030000
 721 2.110000
 722 3.290000
 723 3.310000
 724 3.310000
 725 3.280000
 726 3.280000
 727 3.290000
 728 3.260000
 729 3.270000
 730 3.240000
 731 3.240000
 732 3.260000
 733 3.270000
 734 3.270000
 735 3.250000
 736 3.270000
 737 3.240000
 738 3.270000
 739 3.260000
 740 3.290000
 741 3.270000
 742 3.270000
 743 3.290000
 744 3.320000
 745 3.320000
 746 3.350000
 747 3.350000
 748 3.380000
 749 3.410000
 750 3.360000
 751 3.410000
 752 3.390000
 753 3.420000
 754 3.460000
 755 3.450000
 756 3.460000
 757 3.480000
 758 3.490000
 759 3.520000
 760 3.540000
 0 1.230000
 1 1.200000
 2 1.200000
 3 1.200000
 4 1.200000
 5 1.230000
 6 1.240000
 7 1.260000
 8 1.220000
 9 2.830000
 10 2.980000
 11 2.970000
 12 3.080000
 13 3.160000
 14 3.070000
 15 3.700000
 16 1.650000
 17 0.870000
 18 0.860000
 19 0.880000
 20 0.880000
 21 0.880000
 22 0.860000
 23 0.880000
 24 0.880000
 25 0.860000
 26 0.880000
 27 0.860000
 28 0.880000
 29 0.880000
 30 0.900000
 31 0.950000
 32 0.870000
 33 2.980000
 34 3.030000
 35 3.080000
 36 2.980000
 37 3.000000
 38 3.000000
 39 3.080000
 40 2.980000
 41 2.980000
 42 3.080000
 43 3.030000
 44 3.050000
 45 2.930000
 46 2.950000
 47 3.080000
 48 2.950000
 49 2.980000
 50 3.060000
 51 3.030000
 52 3.000000
 53 3.070000
 54 2.980000
 55 2.980000
 56 2.970000
 57 2.950000
 58 3.070000
 59 2.950000
 60 3.110000
 61 3.110000
 62 3.110000
 63 2.950000
 64 3.080000
 65 3.080000
 66 2.980000
 67 3.040000
 68 3.030000
 69 2.980000
 70 3.110000
 71 3.110000
 72 2.980000
 73 3.130000
 74 3.130000
 75 3.110000
 76 2.980000
 77 3.110000
 78 3.110000
 79 3.080000
 80 2.950000
 81 3.000000
 82 3.080000
 83 3.080000
 84 2.970000
 85 3.110000
 86 3.080000
 87 2.950000
 88 2.950000
 89 3.080000
 90 3.030000
 91 2.930000
 92 3.060000
 93 3.060000
 94 2.950000
 95 2.920000
 96 2.900000
 97 2.920000
 98 2.800000
 99 2.650000
 100 2.430000
 101 2.160000
 102 2.170000
 103 2.130000
 104 2.110000
 105 2.090000
 106 2.100000
 107 2.130000
 108 2.120000
 109 2.090000
 110 2.120000
 111 2.120000
 112 2.090000
 113 2.140000
 114 2.270000
 115 2.250000
 116 2.270000
 117 2.180000
 118 2.130000
 119 2.160000
 120 2.160000
 121 2.160000
 122 2.140000
 123 2.180000
 124 2.180000
 125 2.160000
 126 2.150000
 127 2.180000
 128 2.150000
 129 2.180000
 130 2.180000
 131 2.190000
 132 2.170000
 133 2.170000
 134 2.180000
 135 2.180000
 136 2.180000
 137 2.180000
 138 2.200000
 139 2.280000
 140 2.280000
 141 2.150000
 142 2.140000
 143 2.140000
 144 2.170000
 145 2.180000
 146 2.210000
 147 2.220000
 148 2.190000
 149 2.220000
 150 2.210000
 151 2.210000
 152 2.210000
 153 2.220000
 154 2.240000
 155 2.220000
 156 2.210000
 157 2.230000
 158 2.200000
 159 2.210000
 160 2.180000
 161 2.220000
 162 2.190000
 163 2.200000
 164 2.280000
 165 2.250000
 166 2.280000
 167 2.280000
 168 2.260000
 169 2.290000
 170 2.270000
 171 2.290000
 172 2.280000
 173 2.280000
 174 2.280000
 175 2.290000
 176 2.290000
 177 2.290000
 178 2.310000
 179 2.310000
 180 2.320000
 181 2.290000
 182 2.310000
 183 2.880000
 184 2.350000
 185 2.340000
 186 2.280000
 187 2.290000
 188 2.320000
 189 2.300000
 190 2.330000
 191 2.370000
 192 2.340000
 193 2.370000
 194 2.380000
 195 2.370000
 196 2.370000
 197 2.380000
 198 2.350000
 199 2.360000
 200 2.360000
 201 2.360000
 202 2.360000
 203 2.380000
 204 2.380000
 205 2.410000
 206 2.390000
 207 2.400000
 208 2.440000
 209 3.490000
 210 3.490000
 211 3.500000
 212 3.520000
 213 3.530000
 214 3.540000
 215 3.500000
 216 3.510000
 217 3.530000
 218 3.560000
 219 3.550000
 220 3.580000
 221 3.480000
 222 3.500000
 223 3.500000
 224 2.530000
 225 2.530000
 226 2.500000
 227 2.480000
 228 2.510000
 229 3.630000
 230 2.460000
 231 2.420000
 232 3.690000
 233 3.640000
 234 3.640000
 235 1.960000
 236 1.940000
 237 1.870000
 238 1.900000
 239 1.870000
 240 1.900000
 241 1.880000
 242 1.900000
 243 1.870000
 244 1.870000
 245 1.860000
 246 1.880000
 247 1.860000
 248 1.870000
 249 1.860000
 250 1.850000
 251 1.850000
 252 1.870000
 253 1.870000
 254 1.880000
 255 1.880000
 256 1.850000
 257 1.890000
 258 1.900000
 259 1.870000
 260 1.900000
 261 1.900000
 262 1.900000
 263 1.900000
 264 1.900000
 265 1.930000
 266 4.030000
 267 4.030000
 268 4.050000
 269 4.080000
 270 4.200000
 271 4.130000
 272 4.130000
 273 3.070000
 274 3.030000
 275 3.040000
 276 2.480000
 277 2.470000
 278 2.470000
 279 2.440000
 280 1.940000
 281 1.910000
 282 1.880000
 283 1.880000
 284 1.910000
 285 1.910000
 286 1.910000
 287 1.910000
 288 1.910000
 289 1.890000
 290 1.980000
 291 2.010000
 292 4.220000
 293 4.240000
 294 4.280000
 295 4.550000
 296 4.660000
 297 4.710000
 298 4.750000
 299 4.780000
 300 3.120000
 301 3.060000
 302 3.060000
 303 3.060000
 304 3.060000
 305 3.060000
 306 3.080000
 307 4.950000
 308 2.560000
 309 2.500000
 310 2.510000
 311 2.510000
 312 2.510000
 313 2.530000
 314 2.510000
 315 2.510000
 316 2.530000
 317 4.980000
 318 5.160000
 319 5.280000
 320 2.050000
 321 1.980000
 322 1.960000
 323 1.960000
 324 1.960000
 325 1.980000
 326 1.960000
 327 1.960000
 328 1.980000
 329 1.980000
 330 1.980000
 331 2.080000
 332 3.160000
 333 3.200000
 334 5.290000
 335 4.640000
 336 4.630000
 337 4.620000
 338 4.760000
 339 2.650000
 340 2.640000
 341 2.600000
 342 2.580000
 343 2.610000
 344 2.610000
 345 2.610000
 346 2.630000
 347 2.650000
 348 5.100000
 349 5.190000
 350 5.240000
 351 5.220000
 352 5.190000
 353 5.190000
 354 5.190000
 355 5.160000
 356 5.160000
 357 2.190000
 358 2.150000
 359 2.100000
 360 2.110000
 361 2.080000
 362 2.110000
 363 2.110000
 364 2.110000
 365 2.100000
 366 2.100000
 367 2.130000
 368 2.120000
 369 5.070000
 370 4.970000
 371 4.910000
 372 4.920000
 373 5.040000
 374 5.020000
 375 5.020000
 376 5.020000
 377 4.990000
 378 4.990000
 379 4.970000
 380 4.970000
 381 4.940000
 382 4.960000
 383 4.940000
 384 4.940000
 385 4.920000
 386 4.320000
 387 4.230000
 388 4.290000
 389 4.200000
 390 4.270000
 391 4.240000
 392 4.220000
 393 4.190000
 394 4.160000
 395 4.160000
 396 4.140000
 397 4.110000
 398 4.090000
 399 4.030000
 400 3.950000
 401 3.930000
 402 3.930000
 403 3.900000
 404 3.900000
 405 3.900000
 406 3.890000
 407 3.860000
 408 3.850000
 409 3.820000
 410 3.820000
 411 3.800000
 412 3.800000
 413 3.800000
 414 3.770000
 415 3.770000
 416 3.750000
 417 3.750000
 418 3.720000
 419 3.730000
 420 3.700000
 421 3.670000
 422 3.660000
 423 3.680000
 424 1.530000
 425 1.500000
 426 1.530000
 427 1.530000
 428 1.530000
 429 1.550000
 430 2.240000
 431 2.230000
 432 2.230000
 433 2.260000
 434 2.240000
 435 2.230000
 436 2.250000
 437 2.230000
 438 2.240000
 439 2.230000
 440 2.220000
 441 2.190000
 442 2.200000
 443 2.280000
 444 3.380000
 445 3.380000
 446 3.380000
 447 3.360000
 448 3.360000
 449 3.360000
 450 3.330000
 451 3.310000
 452 3.300000
 453 3.260000
 454 3.260000
 455 3.230000
 456 3.210000
 457 3.180000
 458 3.160000
 459 3.160000
 460 3.130000
 461 3.110000
 462 3.110000
 463 3.100000
 464 3.060000
 465 3.080000
 466 3.080000
 467 3.080000
 468 3.060000
 469 3.080000
 470 3.070000
 471 3.050000
 472 3.030000
 473 3.050000
 474 3.030000
 475 3.000000
 476 2.970000
 477 2.970000
 478 2.950000
 479 2.930000
 480 2.880000
 481 2.880000
 482 2.880000
 483 2.880000
 484 2.860000
 485 2.860000
 486 2.860000
 487 2.860000
 488 2.830000
 489 2.830000
 490 2.810000
 491 2.810000
 492 2.820000
 493 2.810000
 494 2.810000
 495 2.810000
 496 2.830000
 497 2.810000
 498 2.800000
 499 2.780000
 500 2.780000
 501 2.710000
 502 2.750000
 503 2.760000
 504 2.750000
 505 2.760000
 506 2.750000
 507 2.720000
 508 2.720000
 509 2.720000
 510 2.690000
 511 2.690000
 512 2.700000
 513 2.670000
 514 2.670000
 515 2.660000
 516 2.680000
 517 2.660000
 518 2.660000
 519 2.660000
 520 2.660000
 521 2.660000
 522 2.660000
 523 2.660000
 524 2.620000
 525 2.630000
 526 2.630000
 527 2.630000
 528 2.630000
 529 2.630000
 530 2.650000
 531 2.620000
 532 2.610000
 533 2.580000
 534 2.510000
 535 2.510000
 536 2.490000
 537 2.560000
 538 2.540000
 539 2.560000
 540 2.540000
 541 2.540000
 542 2.560000
 543 2.530000
 544 2.560000
 545 2.540000
 546 2.510000
 547 2.490000
 548 2.440000
 549 2.530000
 550 2.510000
 551 2.510000
 552 2.510000
 553 2.490000
 554 2.510000
 555 2.530000
 556 2.510000
 557 2.510000
 558 2.530000
 559 2.530000
 560 2.510000
 561 2.530000
 562 2.510000
 563 2.530000
 564 2.530000
 565 2.560000
 566 2.530000
 567 2.530000
 568 2.530000
 569 2.540000
 570 2.530000
 571 2.540000
 572 2.560000
 573 2.560000
 574 2.560000
 575 2.580000
 576 2.560000
 577 2.590000
 578 2.590000
 579 2.590000
 580 2.610000
 581 2.580000
 582 2.590000
 583 2.590000
 584 2.590000
 585 2.620000
 586 2.640000
 587 2.640000
 588 2.640000
 589 2.660000
 590 2.660000
 591 2.700000
 592 2.700000
 593 2.710000
 594 2.720000
 595 2.720000
 596 2.750000
 597 2.760000
 598 2.750000
 599 2.760000
 600 2.770000
 601 2.770000
 602 2.760000
 603 2.760000
 604 2.610000
 605 2.450000
 606 2.550000
 607 2.530000
 608 2.570000
 609 2.560000
 610 2.620000
 611 2.670000
 612 2.710000
 613 2.760000
 614 2.790000
 615 2.790000
 616 2.760000
 617 2.740000
 618 2.690000
 619 2.660000
 620 2.660000
 621 2.100000
 622 2.160000
 623 2.110000
 624 2.120000
 625 1.870000
 626 1.890000
 627 1.860000
 628 1.850000
 629 1.870000
 630 1.860000
 631 1.860000
 632 1.890000
 633 1.910000
 634 1.900000
 635 1.900000
 636 1.930000
 637 1.930000
 638 1.950000
 639 1.950000
 640 1.970000
 641 2.000000
 642 2.000000
 643 2.000000
 644 2.030000
 645 2.080000
 646 2.080000
 647 2.080000
 648 2.100000
 649 2.130000
 650 2.150000
 651 2.150000
 652 2.200000
 653 2.200000
 654 2.250000
 655 2.300000
 656 2.300000
 657 2.300000
 658 2.330000
 659 2.310000
 660 2.310000
 661 2.310000
 662 2.280000
 663 2.280000
 664 2.280000
 665 2.300000
 666 2.300000
 667 2.300000
 668 2.270000
 669 2.320000
 670 2.380000
 671 2.400000
 672 2.400000
 673 2.410000
 674 2.400000
 675 2.390000
 676 2.360000
 677 2.400000
 678 2.400000
 679 2.430000
 680 2.450000
 681 1.530000
 682 1.550000
 683 1.550000
 684 1.530000
 685 1.520000
 686 1.500000
 687 1.530000
 688 1.530000
 689 1.530000
 690 1.550000
 691 1.580000
 692 1.580000
 693 1.580000
 694 1.600000
 695 1.600000
 696 1.650000
 697 1.650000
 698 1.650000
 699 1.680000
 700 1.680000
 701 1.680000
 702 1.700000
 703 1.720000
 704 1.750000
 705 1.750000
 706 1.780000
 707 1.770000
 708 1.820000
 709 1.850000
 710 1.850000
 711 1.850000
 712 1.900000
 713 1.900000
 714 1.920000
 715 1.950000
 716 1.940000
 717 1.960000
 718 1.990000
 719 2.010000
 720 2.030000
 721 2.090000
 722 3.320000
 723 3.320000
 724 3.300000
 725 3.310000
 726 3.320000
 727 3.290000
 728 3.270000
 729 3.270000
 730 3.270000
 731 3.270000
 732 3.240000
 733 3.240000
 734 3.250000
 735 3.270000
 736 3.270000
 737 3.270000
 738 3.260000
 739 3.270000
 740 3.270000
 741 3.270000
 742 3.290000
 743 3.300000
 744 3.320000
 745 3.330000
 746 3.350000
 747 3.360000
 748 3.410000
 749 3.380000
 750 3.350000
 751 3.400000
 752 3.420000
 753 3.420000
 754 3.440000
 755 3.470000
 756 3.490000
 757 3.500000
 758 3.520000
 759 3.540000
 760 3.540000
 0 1.200000
 1 1.200000
 2 1.200000
 3 1.200000
 4 1.200000
 5 1.230000
 6 1.220000
 7 1.230000
 8 1.250000
 9 2.830000
 10 3.000000
 11 2.970000
 12 3.080000
 13 3.160000
 14 3.070000
 15 3.700000
 16 1.660000
 17 0.870000
 18 0.890000
 19 0.900000
 20 0.890000
 21 0.890000
 22 0.860000
 23 0.860000
 24 0.860000
 25 0.860000
 26 0.860000
 27 0.890000
 28 0.870000
 29 0.890000
 30 0.870000
 31 0.960000
 32 0.900000
 33 2.980000
 34 3.070000
 35 3.080000
 36 2.980000
 37 3.030000
 38 2.980000
 39 2.980000
 40 2.980000
 41 2.950000
 42 3.050000
 43 3.050000
 44 3.030000
 45 2.950000
 46 2.950000
 47 3.060000
 48 2.950000
 49 2.980000
 50 3.060000
 51 3.060000
 52 2.990000
 53 2.990000
 54 2.980000
 55 2.980000
 56 3.020000
 57 2.950000
 58 3.050000
 59 2.950000
 60 3.090000
 61 3.090000
 62 3.090000
 63 2.950000
 64 3.090000
 65 3.090000
 66 2.980000
 67 3.040000
 68 3.000000
 69 3.120000
 70 3.110000
 71 3.140000
 72 2.980000
 73 3.140000
 74 3.110000
 75 3.110000
 76 2.980000
 77 3.110000
 78 3.090000
 79 3.090000
 80 2.970000
 81 3.000000
 82 3.090000
 83 3.090000
 84 2.970000
 85 3.090000
 86 3.090000
 87 2.950000
 88 2.950000
 89 3.090000
 90 3.040000
 91 2.930000
 92 3.060000
 93 3.060000
 94 2.950000
 95 2.920000
 96 2.930000
 97 2.950000
 98 2.830000
 99 2.660000
 100 2.430000
 101 2.160000
 102 2.170000
 103 2.110000
 104 2.090000
 105 2.100000
 106 2.130000
 107 2.130000
 108 2.120000
 109 2.100000
 110 2.100000
 111 2.090000
 112 2.140000
 113 2.140000
 114 2.240000
 115 2.280000
 116 2.270000
 117 2.180000
 118 2.140000
 119 2.140000
 120 2.140000
 121 2.160000
 122 2.170000
 123 2.180000
 124 2.180000
 125 2.160000
 126 2.150000
 127 2.180000
 128 2.150000
 129 2.180000
 130 2.180000
 131 2.170000
 132 2.170000
 133 2.190000
 134 2.190000
 135 2.190000
 136 2.180000
 137 2.180000
 138 2.200000
 139 2.290000
 140 2.290000
 141 2.150000
 142 2.140000
 143 2.140000
 144 2.170000
 145 2.180000
 146 2.210000
 147 2.200000
 148 2.190000
 149 2.220000
 150 2.240000
 151 2.210000
 152 2.210000
 153 2.220000
 154 2.220000
 155 2.230000
 156 2.210000
 157 2.230000
 158 2.200000
 159 2.190000
 160 2.190000
 161 2.190000
 162 2.190000
 163 2.230000
 164 2.250000
 165 2.250000
 166 2.250000
 167 2.250000
 168 2.260000
 169 2.270000
 170 2.270000
 171 2.270000
 172 2.290000
 173 2.290000
 174 2.290000
 175 2.290000
 176 2.320000
 177 2.290000
 178 2.310000
 179 2.280000
 180 2.320000
 181 2.300000
 182 2.340000
 183 2.880000
 184 2.360000
 185 2.340000
 186 2.290000
 187 2.320000
 188 2.290000
 189 2.300000
 190 2.360000
 191 2.370000
 192 2.370000
 193 2.370000
 194 2.370000
 195 2.370000
 196 2.390000
 197 2.390000
 198 2.350000
 199 2.360000
 200 2.360000
 201 2.360000
 202 2.370000
 203 2.360000
 204 2.380000
 205 2.390000
 206 2.390000
 207 2.410000
 208 2.410000
 209 3.490000
 210 3.490000
 211 3.510000
 212 3.520000
 213 3.550000
 214 3.540000
 215 3.530000
 216 3.540000
 217 3.560000
 218 3.560000
 219 3.580000
 220 3.580000
 221 3.480000
 222 3.500000
 223 3.480000
 224 2.570000
 225 2.530000
 226 2.530000
 227 2.490000
 228 2.510000
 229 3.600000
 230 2.460000
 231 2.440000
 232 3.690000
 233 3.620000
 234 3.620000
 235 1.960000
 236 1.950000
 237 1.870000
 238 1.880000
 239 1.910000
 240 1.890000
 241 1.890000
 242 1.880000
 243 1.870000
 244 1.870000
 245 1.880000
 246 1.850000
 247 1.840000
 248 1.870000
 249 1.850000
 250 1.860000
 251 1.880000
 252 1.870000
 253 1.870000
 254 1.850000
 255 1.850000
 256 1.850000
 257 1.870000
 258 1.890000
 259 1.870000
 260 1.900000
 261 1.900000
 262 1.880000
 263 1.900000
 264 1.900000
 265 1.930000
 266 4.030000
 267 4.160000
 268 4.050000
 269 4.080000
 270 4.210000
 271 4.150000
 272 4.130000
 273 3.060000
 274 3.010000
 275 3.020000
 276 2.490000
 277 2.470000
 278 2.470000
 279 2.440000
 280 1.950000
 281 1.910000
 282 1.910000
 283 1.910000
 284 1.910000
 285 1.910000
 286 1.910000
 287 1.910000
 288 1.910000
 289 1.920000
 290 2.010000
 291 2.040000
 292 4.220000
 293 4.240000
 294 4.260000
 295 4.530000
 296 4.670000
 297 4.720000
 298 4.750000
 299 4.770000
 300 3.100000
 301 3.090000
 302 3.060000
 303 3.060000
 304 3.060000
 305 3.060000
 306 3.080000
 307 4.950000
 308 2.560000
 309 2.500000
 310 2.510000
 311 2.540000
 312 2.510000
 313 2.510000
 314 2.510000
 315 2.510000
 316 2.530000
 317 5.010000
 318 5.190000
 319 5.290000
 320 2.080000
 321 1.980000
 322 1.960000
 323 1.960000
 324 1.960000
 325 1.950000
 326 1.990000
 327 1.960000
 328 1.990000
 329 1.990000
 330 1.990000
 331 2.080000
 332 3.160000
 333 3.200000
 334 5.300000
 335 4.650000
 336 4.630000
 337 4.620000
 338 4.740000
 339 2.660000
 340 2.640000
 341 2.600000
 342 2.590000
 343 2.610000
 344 2.610000
 345 2.640000
 346 2.640000
 347 2.650000
 348 5.100000
 349 5.190000
 350 5.250000
 351 5.190000
 352 5.200000
 353 5.200000
 354 5.200000
 355 5.200000
 356 5.160000
 357 2.190000
 358 2.160000
 359 2.110000
 360 2.110000
 361 2.110000
 362 2.090000
 363 2.110000
 364 2.110000
 365 2.100000
 366 2.080000
 367 2.100000
 368 2.150000
 369 5.050000
 370 4.970000
 371 4.910000
 372 4.910000
 373 5.050000
 374 5.020000
 375 5.020000
 376 5.000000
 377 4.990000
 378 5.000000
 379 5.000000
 380 4.950000
 381 4.950000
 382 4.960000
 383 4.950000
 384 4.940000
 385 4.920000
 386 4.290000
 387 4.350000
 388 4.320000
 389 4.200000
 390 4.250000
 391 4.250000
 392 4.220000
 393 4.210000
 394 4.190000
 395 4.160000
 396 4.140000
 397 4.090000
 398 4.060000
 399 4.030000
 400 3.980000
 401 3.910000
 402 3.900000
 403 3.920000
 404 3.900000
 405 3.900000
 406 3.890000
 407 3.870000
 408 3.850000
 409 3.820000
 410 3.820000
 411 3.810000
 412 3.800000
 413 3.800000
 414 3.800000
 415 3.800000
 416 3.770000
 417 3.720000
 418 3.720000
 419 3.710000
 420 3.700000
 421 3.670000
 422 3.680000
 423 3.670000
 424 1.570000
 425 1.510000
 426 1.510000
 427 1.530000
 428 1.540000
 429 1.550000
 430 2.240000
 431 2.240000
 432 2.240000
 433 2.240000
 434 2.250000
 435 2.250000
 436 2.230000
 437 2.230000
 438 2.220000
 439 2.210000
 440 2.220000
 441 2.220000
 442 2.230000
 443 2.260000
 444 3.380000
 445 3.380000
 446 3.380000
 447 3.360000
 448 3.330000
 449 3.320000
 450 3.330000
 451 3.310000
 452 3.310000
 453 3.260000
 454 3.230000
 455 3.230000
 456 3.210000
 457 3.180000
 458 3.180000
 459 3.130000
 460 3.130000
 461 3.130000
 462 3.110000
 463 3.110000
 464 3.080000
 465 3.080000
 466 3.080000
 467 3.080000
 468 3.060000
 469 3.080000
 470 3.070000
 471 3.050000
 472 3.030000
 473 3.020000
 474 3.030000
 475 3.010000
 476 3.000000
 477 2.970000
 478 2.920000
 479 2.930000
 480 2.860000
 481 2.860000
 482 2.860000
 483 2.880000
 484 2.860000
 485 2.830000
 486 2.820000
 487 2.830000
 488 2.810000
 489 2.830000
 490 2.830000
 491 2.810000
 492 2.830000
 493 2.800000
 494 2.810000
 495 2.810000
 496 2.800000
 497 2.800000
 498 2.830000
 499 2.810000
 500 2.810000
 501 2.720000
 502 2.780000
 503 2.780000
 504 2.780000
 505 2.750000
 506 2.720000
 507 2.720000
 508 2.720000
 509 2.700000
 510 2.710000
 511 2.690000
 512 2.670000
 513 2.680000
 514 2.710000
 515 2.680000
 516 2.670000
 517 2.660000
 518 2.660000
 519 2.660000
 520 2.660000
 521 2.660000
 522 2.680000
 523 2.660000
 524 2.630000
 525 2.630000
 526 2.630000
 527 2.660000
 528 2.630000
 529 2.610000
 530 2.630000
 531 2.610000
 532 2.630000
 533 2.580000
 534 2.520000
 535 2.540000
 536 2.490000
 537 2.530000
 538 2.540000
 539 2.570000
 540 2.540000
 541 2.560000
 542 2.560000
 543 2.540000
 544 2.560000
 545 2.540000
 546 2.530000
 547 2.490000
 548 2.470000
 549 2.530000
 550 2.530000
 551 2.530000
 552 2.530000
 553 2.490000
 554 2.510000
 555 2.530000
 556 2.530000
 557 2.530000
 558 2.510000
 559 2.510000
 560 2.530000
 561 2.510000
 562 2.520000
 563 2.530000
 564 2.530000
 565 2.530000
 566 2.570000
 567 2.560000
 568 2.530000
 569 2.530000
 570 2.560000
 571 2.570000
 572 2.540000
 573 2.560000
 574 2.570000
 575 2.580000
 576 2.570000
 577 2.590000
 578 2.590000
 579 2.590000
 580 2.590000
 581 2.590000
 582 2.620000
 583 2.590000
 584 2.620000
 585 2.620000
 586 2.620000
 587 2.620000
 588 2.640000
 589 2.670000
 590 2.640000
 591 2.670000
 592 2.710000
 593 2.700000
 594 2.720000
 595 2.740000
 596 2.720000
 597 2.750000
 598 2.750000
 599 2.770000
 600 2.770000
 601 2.800000
 602 2.770000
 603 2.770000
 604 2.620000
 605 2.450000
 606 2.560000
 607 2.520000
 608 2.550000
 609 2.570000
 610 2.620000
 611 2.670000
 612 2.720000
 613 2.770000
 614 2.770000
 615 2.790000
 616 2.760000
 617 2.740000
 618 2.690000
 619 2.670000
 620 2.670000
 621 2.130000
 622 2.140000
 623 2.110000
 624 2.120000
 625 1.850000
 626 1.870000
 627 1.850000
 628 1.830000
 629 1.850000
 630 1.870000
 631 1.860000
 632 1.890000
 633 1.890000
 634 1.880000
 635 1.910000
 636 1.910000
 637 1.930000
 638 1.960000
 639 1.960000
 640 1.980000
 641 2.000000
 642 2.030000
 643 2.030000
 644 2.050000
 645 2.050000
 646 2.050000
 647 2.100000
 648 2.130000
 649 2.130000
 650 2.150000
 651 2.180000
 652 2.200000
 653 2.230000
 654 2.250000
 655 2.280000
 656 2.340000
 657 2.330000
 658 2.310000
 659 2.310000
 660 2.310000
 661 2.310000
 662 2.290000
 663 2.290000
 664 2.280000
 665 2.280000
 666 2.300000
 667 2.300000
 668 2.300000
 669 2.300000
 670 2.380000
 671 2.380000
 672 2.380000
 673 2.410000
 674 2.410000
 675 2.390000
 676 2.370000
 677 2.400000
 678 2.420000
 679 2.430000
 680 2.450000
 681 1.540000
 682 1.540000
 683 1.510000
 684 1.500000
 685 1.490000
 686 1.530000
 687 1.510000
 688 1.530000
 689 1.530000
 690 1.560000
 691 1.580000
 692 1.580000
 693 1.610000
 694 1.610000
 695 1.630000
 696 1.660000
 697 1.660000
 698 1.660000
 699 1.660000
 700 1.680000
 701 1.710000
 702 1.720000
 703 1.760000
 704 1.750000
 705 1.770000
 706 1.770000
 707 1.800000
 708 1.820000
 709 1.820000
 710 1.820000
 711 1.870000
 712 1.870000
 713 1.900000
 714 1.920000
 715 1.920000
 716 1.940000
 717 1.970000
 718 1.990000
 719 2.020000
 720 2.060000
 721 2.080000
 722 3.330000
 723 3.320000
 724 3.320000
 725 3.320000
 726 3.290000
 727 3.290000
 728 3.270000
 729 3.270000
 730 3.240000
 731 3.270000
 732 3.270000
 733 3.270000
 734 3.270000
 735 3.250000
 736 3.240000
 737 3.240000
 738 3.270000
 739 3.260000
 740 3.270000
 741 3.270000
 742 3.270000
 743 3.310000
 744 3.300000
 745 3.360000
 746 3.320000
 747 3.380000
 748 3.380000
 749 3.410000
 750 3.370000
 751 3.420000
 752 3.410000
 753 3.420000
 754 3.420000
 755 3.470000
 756 3.470000
 757 3.500000
 758 3.520000
 759 3.540000
 760 3.540000