
 0 2.880000
 1 2.850000
 2 2.880000
 3 2.890000
 4 2.870000
 5 2.870000
 6 2.870000
 7 2.850000
 8 2.860000
 9 2.860000
 10 2.850000
 11 2.870000
 12 2.850000
 13 2.860000
 14 2.830000
 15 2.800000
 16 2.800000
 17 2.800000
 18 2.840000
 19 3.310000
 20 2.750000
 21 2.750000
 22 2.730000
 23 2.750000
 24 2.740000
 25 2.730000
 26 2.750000
 27 2.740000
 28 2.760000
 29 2.760000
 30 2.750000
 31 2.700000
 32 2.700000
 33 2.700000
 34 2.700000
 35 2.700000
 36 2.820000
 37 3.280000
 38 3.240000
 39 3.120000
 40 2.730000
 41 2.700000
 42 2.680000
 43 2.690000
 44 2.690000
 45 2.700000
 46 2.700000
 47 2.700000
 48 2.700000
 49 2.690000
 50 2.680000
 51 2.690000
 52 2.690000
 53 2.690000
 54 2.700000
 55 3.150000
 56 3.180000
 57 2.650000
 58 2.600000
 59 2.630000
 60 2.600000
 61 2.610000
 62 2.600000
 63 2.600000
 64 2.630000
 65 2.650000
 66 2.630000
 67 2.630000
 68 2.600000
 69 2.610000
 70 2.600000
 71 2.600000
 72 2.600000
 73 2.590000
 74 2.590000
 75 2.600000
 76 2.640000
 77 2.800000
 78 3.150000
 79 3.150000
 80 3.150000
 81 3.180000
 82 3.180000
 83 3.160000
 84 3.270000
 85 3.290000
 86 3.290000
 87 3.300000
 88 3.330000
 89 3.360000
 90 3.350000
 91 3.350000
 92 3.370000
 93 3.480000
 94 3.560000
 95 3.570000
 96 3.510000
 97 3.480000
 98 3.590000
 99 3.570000
 100 3.580000
 101 3.580000
 102 3.640000
 103 3.590000
 104 3.590000
 105 3.590000
 106 3.540000
 107 3.590000
 108 3.560000
 109 3.590000
 110 3.560000
 111 3.590000
 112 3.670000
 113 3.650000
 114 3.600000
 115 3.560000
 116 3.540000
 117 3.590000
 118 3.620000
 119 3.540000
 120 3.490000
 121 3.530000
 122 3.410000
 123 3.380000
 124 3.490000
 125 3.480000
 126 3.380000
 127 3.400000
 128 3.410000
 129 3.410000
 130 3.470000
 131 3.410000
 132 3.410000
 133 3.470000
 134 3.470000
 135 3.470000
 136 3.500000
 137 3.410000
 138 3.430000
 139 3.510000
 140 3.470000
 141 3.520000
 142 3.430000
 143 3.410000
 144 3.530000
 145 3.500000
 146 3.400000
 147 3.410000
 148 3.470000
 149 3.420000
 150 3.450000
 151 3.360000
 152 4.700000
 153 4.700000
 154 4.700000
 155 4.700000
 156 4.700000
 157 4.730000
 158 4.730000
 159 4.720000
 160 4.680000
 161 4.080000
 162 4.090000
 163 4.750000
 164 4.720000
 165 4.750000
 166 4.750000
 167 4.720000
 168 4.720000
 169 4.750000
 170 4.750000
 171 4.750000
 172 4.750000
 173 4.750000
 174 4.750000
 175 4.750000
 176 4.780000
 177 4.750000
 178 4.780000
 179 4.780000
 180 4.780000
 181 4.780000
 182 4.800000
 183 4.690000
 184 4.800000
 185 4.800000
 186 4.250000
 187 4.220000
 188 4.820000
 189 4.800000
 190 4.820000
 191 4.680000
 192 4.550000
 193 4.580000
 194 4.580000
 195 4.820000
 196 4.850000
 197 4.870000
 198 4.870000
 199 4.870000
 200 4.880000
 201 4.870000
 202 3.320000
 203 3.300000
 204 3.280000
 205 3.320000
 206 3.330000
 207 4.910000
 208 4.920000
 209 4.940000
 210 4.950000
 211 4.950000
 212 4.950000
 213 4.970000
 214 4.970000
 215 4.970000
 216 4.970000
 217 5.000000
 218 5.000000
 219 3.000000
 220 2.830000
 221 2.800000
 222 2.790000
 223 2.730000
 224 2.750000
 225 2.750000
 226 2.890000
 227 4.410000
 228 4.400000
 229 4.400000
 230 4.430000
 231 4.410000
 232 5.120000
 233 5.150000
 234 5.150000
 235 4.770000
 236 3.510000
 237 3.520000
 238 3.530000
 239 3.560000
 240 3.580000
 241 3.620000
 242 4.460000
 243 4.470000
 244 4.460000
 245 4.590000
 246 4.530000
 247 4.550000
 248 4.070000
 249 4.010000
 250 4.030000
 251 4.030000
 252 4.030000
 253 4.040000
 254 4.050000
 255 3.710000
 256 3.720000
 257 3.100000
 258 3.080000
 259 3.060000
 260 2.830000
 261 2.820000
 262 2.790000
 263 2.760000
 264 2.760000
 265 2.710000
 266 2.690000
 267 2.690000
 268 2.640000
 269 2.640000
 270 2.590000
 271 2.580000
 272 2.550000
 273 2.550000
 274 2.580000
 275 2.570000
 276 2.570000
 277 2.600000
 278 2.600000
 279 2.600000
 280 2.600000
 281 2.620000
 282 2.620000
 283 2.620000
 284 2.630000
 285 2.250000
 286 2.210000
 287 2.220000
 288 2.210000
 289 2.210000
 290 2.210000
 291 2.190000
 292 2.200000
 293 2.250000
 294 2.250000
 295 2.290000
 296 2.680000
 297 2.680000
 298 2.720000
 299 4.220000
 300 2.780000
 301 2.750000
 302 2.750000
 303 2.750000
 304 2.750000
 305 2.720000
 306 2.740000
 307 2.770000
 308 2.840000
 309 4.420000
 310 4.420000
 311 3.330000
 312 3.290000
 313 3.310000
 314 3.290000
 315 3.290000
 316 3.300000
 317 3.400000
 318 4.350000
 319 4.320000
 320 4.320000
 321 2.220000
 322 2.130000
 323 2.140000
 324 2.130000
 325 2.110000
 326 2.110000
 327 2.140000
 328 2.110000
 329 2.130000
 330 2.180000
 331 2.510000
 332 2.690000
 333 2.670000
 334 2.660000
 335 2.690000
 336 2.660000
 337 2.750000
 338 3.060000
 339 3.240000
 340 3.240000
 341 3.250000
 342 3.750000
 343 4.050000
 344 4.070000
 345 4.020000
 346 4.050000
 347 4.030000
 348 4.000000
 349 4.000000
 350 4.000000
 351 4.000000
 352 3.980000
 353 4.000000
 354 3.980000
 355 3.970000
 356 3.950000
 357 3.950000
 358 3.950000
 359 3.950000
 360 2.270000
 361 2.130000
 362 2.110000
 363 2.110000
 364 2.110000
 365 2.110000
 366 2.100000
 367 2.140000
 368 2.110000
 369 2.100000
 370 2.160000
 371 3.210000
 372 3.360000
 373 3.500000
 374 3.370000
 375 3.320000
 376 3.320000
 377 3.320000
 378 3.350000
 379 3.210000
 380 3.230000
 381 3.370000
 382 3.260000
 383 3.380000
 384 3.310000
 385 3.290000
 386 3.260000
 387 3.260000
 388 3.240000
 389 3.240000
 390 3.210000
 391 3.220000
 392 3.100000
 393 3.100000
 394 3.080000
 395 3.120000
 396 3.140000
 397 3.120000
 398 3.070000
 399 3.080000
 400 3.090000
 401 3.120000
 402 3.120000
 403 3.060000
 404 3.050000
 405 3.060000
 406 3.090000
 407 3.060000
 408 3.090000
 409 3.060000
 410 3.160000
 411 3.200000
 412 3.170000
 413 3.120000
 414 3.060000
 415 3.070000
 416 3.130000
 417 3.130000
 418 3.130000
 419 3.100000
 420 3.150000
 421 3.080000
 422 3.110000
 423 3.130000
 424 5.060000
 425 3.220000
 426 3.180000
 427 3.200000
 428 3.220000
 429 3.190000
 430 3.170000
 431 3.220000
 432 3.190000
 433 3.180000
 434 3.190000
 435 3.200000
 436 3.210000
 437 3.200000
 438 3.200000
 439 3.220000
 440 3.260000
 441 3.280000
 442 3.260000
 443 3.260000
 444 3.260000
 445 3.310000
 446 3.260000
 447 3.280000
 448 3.270000
 449 3.290000
 450 3.270000
 451 3.270000
 452 3.230000
 453 3.230000
 454 3.230000
 455 3.220000
 456 3.230000
 457 3.230000
 458 3.230000
 459 3.230000
 460 3.190000
 461 3.200000
 462 3.210000
 463 3.170000
 464 3.110000
 465 4.470000
 466 4.190000
 467 4.110000
 468 4.170000
 469 3.140000
 470 3.090000
 471 3.110000
 472 3.120000
 473 3.260000
 474 3.440000
 475 3.710000
 476 3.620000
 477 3.560000
 478 3.560000
 479 3.590000
 480 3.590000
 481 3.590000
 482 3.590000
 483 3.590000
 484 3.590000
 485 3.360000
 486 3.360000
 487 3.590000
 488 3.610000
 489 3.590000
 490 3.590000
 491 3.590000
 492 3.610000
 493 3.540000
 494 3.540000
 495 3.560000
 496 3.560000
 497 3.560000
 498 3.560000
 499 3.590000
 500 3.590000
 501 3.590000
 502 3.590000
 503 3.590000
 504 3.610000
 505 3.610000
 506 3.610000
 507 3.640000
 508 3.640000
 509 3.640000
 510 3.640000
 511 3.640000
 512 3.660000
 513 3.660000
 514 3.660000
 515 3.660000
 516 3.630000
 517 3.560000
 518 3.540000
 519 3.210000
 520 3.080000
 521 3.070000
 522 3.380000
 523 3.350000
 524 3.300000
 525 2.970000
 526 3.000000
 527 2.950000
 528 2.950000
 529 2.870000
 530 2.900000
 531 2.950000
 532 2.950000
 533 2.930000
 534 2.880000
 535 2.910000
 536 2.970000
 537 2.960000
 538 2.950000
 539 2.950000
 540 3.000000
 541 2.950000
 542 2.970000
 543 3.000000
 544 2.970000
 545 2.960000
 546 3.000000
 547 2.950000
 548 2.960000
 549 2.960000
 550 2.990000
 551 2.970000
 552 3.020000
 553 2.730000
 554 2.670000
 555 2.720000
 556 2.660000
 557 2.700000
 558 2.650000
 559 2.680000
 560 2.650000
 561 2.620000
 562 2.600000
 563 2.570000
 564 2.570000
 565 2.570000
 566 2.460000
 567 2.550000
 568 2.410000
 569 2.460000
 570 2.470000
 571 2.450000
 572 2.390000
 573 2.400000
 574 2.340000
 575 2.310000
 576 2.290000
 577 2.290000
 578 2.240000
 579 2.210000
 580 2.250000
 581 2.220000
 582 2.200000
 583 2.110000
 584 2.080000
 585 2.170000
 586 2.180000
 587 2.150000
 588 2.090000
 589 2.020000
 590 2.070000
 591 2.070000
 592 2.070000
 593 2.070000
 594 2.020000
 595 2.080000
 596 2.050000
 597 2.000000
 598 2.000000
 599 2.000000
 600 1.860000
 601 1.970000
 602 1.880000
 603 1.830000
 604 1.790000
 605 1.810000
 606 1.950000
 607 1.900000
 608 1.750000
 609 1.760000
 610 1.870000
 611 1.870000
 612 1.850000
 613 1.720000
 614 1.820000
 615 1.710000
 616 1.660000
 617 1.660000
 618 1.750000
 619 1.770000
 620 1.750000
 621 1.750000
 622 1.720000
 623 1.720000
 624 1.670000
 625 1.660000
 626 1.660000
 627 1.640000
 628 1.660000
 629 1.570000
 630 1.570000
 631 1.560000
 632 1.530000
 633 1.580000
 634 1.520000
 635 1.540000
 636 1.430000
 637 1.540000
 638 1.410000
 639 1.410000
 640 1.380000
 641 1.470000
 642 1.500000
 643 1.380000
 644 1.460000
 645 1.330000
 646 1.470000
 647 1.350000
 648 1.330000
 649 1.970000
 650 1.310000
 651 1.960000
 652 1.310000
 653 1.390000
 654 1.340000
 655 1.310000
 656 1.340000
 657 1.360000
 658 1.360000
 659 1.280000
 660 1.360000
 661 1.340000
 662 1.400000
 663 1.360000
 664 1.330000
 665 1.350000
 666 1.390000
 667 1.360000
 668 1.250000
 669 1.270000
 670 1.360000
 671 1.340000
 672 1.260000
 673 1.340000
 674 1.310000
 675 1.340000
 676 1.340000
 677 1.340000
 678 1.230000
 679 1.250000
 680 1.240000
 681 1.230000
 682 1.340000
 683 1.340000
 684 1.210000
 685 1.310000
 686 1.210000
 687 1.300000
 688 1.200000
 689 1.230000
 690 1.170000
 691 1.220000
 692 1.180000
 693 1.150000
 694 1.160000
 695 1.150000
 696 1.210000
 697 1.140000
 698 6.720000
 699 6.720000
 700 6.690000
 701 6.670000
 702 6.650000
 703 5.680000
 704 6.600000
 705 6.600000
 706 6.570000
 707 5.070000
 708 6.550000
 709 6.520000
 710 6.530000
 711 6.520000
 712 6.510000
 713 6.480000
 714 6.490000
 715 6.460000
 716 6.460000
 717 6.460000
 718 5.620000
 719 5.680000
 720 0.790000
 721 0.810000
 722 0.780000
 723 0.780000
 724 0.760000
 725 0.790000
 726 0.780000
 727 0.780000
 728 0.800000
 729 0.780000
 730 0.780000
 731 0.810000
 732 0.790000
 733 0.810000
 734 0.810000
 735 0.810000
 736 0.810000
 737 0.840000
 738 0.840000
 739 0.840000
 740 0.840000
 741 0.860000
 742 0.860000
 743 0.860000
 744 0.860000
 745 0.890000
 746 0.890000
 747 0.890000
 748 0.890000
 749 0.910000
 750 0.890000
 751 0.910000
 752 0.910000
 753 0.940000
 754 0.940000
 755 0.940000
 756 0.940000
 757 0.960000
 758 0.960000
 759 0.950000
 760 0.970000
 0 2.910000
 1 2.850000
 2 2.880000
 3 2.890000
 4 2.890000
 5 2.870000
 6 2.870000
 7 2.850000
 8 2.860000
 9 2.870000
 10 2.850000
 11 2.870000
 12 2.850000
 13 2.840000
 14 2.830000
 15 2.800000
 16 2.800000
 17 2.800000
 18 2.840000
 19 3.330000
 20 2.730000
 21 2.750000
 22 2.730000
 23 2.750000
 24 2.740000
 25 2.750000
 26 2.730000
 27 2.760000
 28 2.760000
 29 2.760000
 30 2.730000
 31 2.700000
 32 2.700000
 33 2.700000
 34 2.700000
 35 2.680000
 36 2.820000
 37 3.250000
 38 3.240000
 39 3.150000
 40 2.730000
 41 2.700000
 42 2.680000
 43 2.690000
 44 2.710000
 45 2.720000
 46 2.700000
 47 2.700000
 48 2.700000
 49 2.690000
 50 2.680000
 51 2.690000
 52 2.690000
 53 2.690000
 54 2.700000
 55 3.150000
 56 3.150000
 57 2.650000
 58 2.630000
 59 2.630000
 60 2.620000
 61 2.610000
 62 2.630000
 63 2.600000
 64 2.630000
 65 2.600000
 66 2.630000
 67 2.630000
 68 2.600000
 69 2.590000
 70 2.570000
 71 2.580000
 72 2.600000
 73 2.610000
 74 2.610000
 75 2.600000
 76 2.640000
 77 2.830000
 78 3.150000
 79 3.150000
 80 3.130000
 81 3.180000
 82 3.180000
 83 3.140000
 84 3.300000
 85 3.280000
 86 3.320000
 87 3.300000
 88 3.310000
 89 3.360000
 90 3.320000
 91 3.370000
 92 3.370000
 93 3.480000
 94 3.590000
 95 3.570000
 96 3.430000
 97 3.480000
 98 3.570000
 99 3.580000
 100 3.580000
 101 3.580000
 102 3.640000
 103 3.590000
 104 3.590000
 105 3.590000
 106 3.560000
 107 3.610000
 108 3.560000
 109 3.560000
 110 3.560000
 111 3.590000
 112 3.670000
 113 3.650000
 114 3.600000
 115 3.600000
 116 3.510000
 117 3.560000
 118 3.620000
 119 3.540000
 120 3.510000
 121 3.510000
 122 3.380000
 123 3.380000
 124 3.490000
 125 3.480000
 126 3.360000
 127 3.370000
 128 3.380000
 129 3.380000
 130 3.410000
 131 3.380000
 132 3.410000
 133 3.470000
 134 3.470000
 135 3.470000
 136 3.480000
 137 3.410000
 138 3.410000
 139 3.510000
 140 3.490000
 141 3.510000
 142 3.410000
 143 3.430000
 144 3.530000
 145 3.500000
 146 3.400000
 147 3.370000
 148 3.470000
 149 3.420000
 150 3.420000
 151 3.360000
 152 4.700000
 153 4.700000
 154 4.700000
 155 4.700000
 156 4.700000
 157 4.700000
 158 4.730000
 159 4.720000
 160 4.680000
 161 4.080000
 162 4.120000
 163 4.730000
 164 4.750000
 165 4.730000
 166 4.750000
 167 4.720000
 168 4.750000
 169 4.750000
 170 4.750000
 171 4.780000
 172 4.750000
 173 4.780000
 174 4.750000
 175 4.780000
 176 4.750000
 177 4.780000
 178 4.780000
 179 4.780000
 180 4.780000
 181 4.780000
 182 4.800000
 183 4.690000
 184 4.770000
 185 4.800000
 186 4.220000
 187 4.210000
 188 4.830000
 189 4.820000
 190 4.820000
 191 4.680000
 192 4.580000
 193 4.550000
 194 4.580000
 195 4.820000
 196 4.850000
 197 4.870000
 198 4.870000
 199 4.870000
 200 4.870000
 201 4.870000
 202 3.330000
 203 3.270000
 204 3.280000
 205 3.320000
 206 3.360000
 207 4.910000
 208 4.920000
 209 4.920000
 210 4.950000
 211 4.950000
 212 4.950000
 213 4.970000
 214 4.950000
 215 4.970000
 216 4.970000
 217 4.970000
 218 5.000000
 219 2.960000
 220 2.830000
 221 2.770000
 222 2.790000
 223 2.750000
 224 2.750000
 225 2.770000
 226 2.890000
 227 4.410000
 228 4.400000
 229 4.400000
 230 4.430000
 231 4.440000
 232 5.120000
 233 5.150000
 234 5.150000
 235 4.750000
 236 3.530000
 237 3.520000
 238 3.540000
 239 3.560000
 240 3.560000
 241 3.620000
 242 4.460000
 243 4.470000
 244 4.480000
 245 4.620000
 246 4.560000
 247 4.550000
 248 4.070000
 249 3.980000
 250 4.010000
 251 4.030000
 252 4.060000
 253 4.050000
 254 4.050000
 255 3.710000
 256 3.720000
 257 3.090000
 258 3.080000
 259 3.050000
 260 2.830000
 261 2.820000
 262 2.790000
 263 2.790000
 264 2.760000
 265 2.710000
 266 2.710000
 267 2.690000
 268 2.660000
 269 2.610000
 270 2.590000
 271 2.550000
 272 2.550000
 273 2.550000
 274 2.550000
 275 2.570000
 276 2.570000
 277 2.570000
 278 2.600000
 279 2.600000
 280 2.600000
 281 2.600000
 282 2.630000
 283 2.620000
 284 2.650000
 285 2.250000
 286 2.210000
 287 2.200000
 288 2.210000
 289 2.190000
 290 2.210000
 291 2.190000
 292 2.200000
 293 2.250000
 294 2.250000
 295 2.300000
 296 2.680000
 297 2.680000
 298 2.720000
 299 4.220000
 300 2.720000
 301 2.750000
 302 2.770000
 303 2.750000
 304 2.750000
 305 2.750000
 306 2.740000
 307 2.770000
 308 2.810000
 309 4.450000
 310 4.420000
 311 3.330000
 312 3.290000
 313 3.290000
 314 3.290000
 315 3.290000
 316 3.300000
 317 3.400000
 318 4.350000
 319 4.320000
 320 4.320000
 321 2.160000
 322 2.130000
 323 2.140000
 324 2.140000
 325 2.110000
 326 2.110000
 327 2.110000
 328 2.110000
 329 2.130000
 330 2.180000
 331 2.490000
 332 2.690000
 333 2.700000
 334 2.660000
 335 2.660000
 336 2.660000
 337 2.730000
 338 3.060000
 339 3.240000
 340 3.210000
 341 3.250000
 342 3.560000
 343 4.050000
 344 4.050000
 345 4.050000
 346 4.020000
 347 4.000000
 348 4.000000
 349 4.020000
 350 4.000000
 351 4.000000
 352 4.000000
 353 4.000000
 354 3.980000
 355 3.980000
 356 3.950000
 357 3.950000
 358 3.930000
 359 3.930000
 360 2.220000
 361 2.100000
 362 2.080000
 363 2.110000
 364 2.090000
 365 2.110000
 366 2.100000
 367 2.110000
 368 2.110000
 369 2.100000
 370 2.160000
 371 3.230000
 372 3.330000
 373 3.470000
 374 3.370000
 375 3.350000
 376 3.320000
 377 3.320000
 378 3.350000
 379 3.210000
 380 3.230000
 381 3.370000
 382 3.380000
 383 3.230000
 384 3.290000
 385 3.290000
 386 3.260000
 387 3.260000
 388 3.240000
 389 3.240000
 390 3.210000
 391 3.190000
 392 3.120000
 393 3.100000
 394 3.080000
 395 3.140000
 396 3.140000
 397 3.140000
 398 3.070000
 399 3.080000
 400 3.090000
 401 3.110000
 402 3.120000
 403 3.060000
 404 3.110000
 405 3.060000
 406 3.090000
 407 3.060000
 408 3.070000
 409 3.080000
 410 3.160000
 411 3.180000
 412 3.170000
 413 3.120000
 414 3.080000
 415 3.100000
 416 3.150000
 417 3.100000
 418 3.130000
 419 3.130000
 420 3.150000
 421 3.110000
 422 3.110000
 423 3.110000
 424 5.060000
 425 3.190000
 426 3.200000
 427 3.200000
 428 3.200000
 429 3.190000
 430 3.190000
 431 3.180000
 432 3.190000
 433 3.180000
 434 3.180000
 435 3.200000
 436 3.210000
 437 3.200000
 438 3.220000
 439 3.220000
 440 3.230000
 441 3.260000
 442 3.260000
 443 3.260000
 444 3.260000
 445 3.280000
 446 3.280000
 447 3.280000
 448 3.270000
 449 3.270000
 450 3.270000
 451 3.240000
 452 3.230000
 453 3.230000
 454 3.220000
 455 3.230000
 456 3.250000
 457 3.230000
 458 3.230000
 459 3.210000
 460 3.190000
 461 3.200000
 462 3.210000
 463 3.170000
 464 3.140000
 465 4.470000
 466 4.190000
 467 4.130000
 468 4.140000
 469 3.110000
 470 3.090000
 471 3.080000
 472 3.090000
 473 3.230000
 474 3.400000
 475 3.720000
 476 3.610000
 477 3.590000
 478 3.590000
 479 3.560000
 480 3.590000
 481 3.560000
 482 3.590000
 483 3.560000
 484 3.590000
 485 3.390000
 486 3.340000
 487 3.610000
 488 3.590000
 489 3.590000
 490 3.590000
 491 3.590000
 492 3.610000
 493 3.540000
 494 3.540000
 495 3.540000
 496 3.560000
 497 3.560000
 498 3.570000
 499 3.590000
 500 3.590000
 501 3.590000
 502 3.590000
 503 3.610000
 504 3.590000
 505 3.610000
 506 3.610000
 507 3.610000
 508 3.610000
 509 3.640000
 510 3.640000
 511 3.640000
 512 3.660000
 513 3.640000
 514 3.660000
 515 3.640000
 516 3.630000
 517 3.560000
 518 3.510000
 519 3.240000
 520 3.110000
 521 3.090000
 522 3.380000
 523 3.350000
 524 3.300000
 525 2.970000
 526 2.970000
 527 2.950000
 528 2.950000
 529 2.900000
 530 2.900000
 531 2.970000
 532 2.950000
 533 2.930000
 534 2.880000
 535 2.900000
 536 2.970000
 537 2.930000
 538 2.970000
 539 2.970000
 540 3.000000
 541 2.970000
 542 2.970000
 543 3.020000
 544 2.970000
 545 2.960000
 546 3.000000
 547 2.970000
 548 2.960000
 549 2.990000
 550 2.960000
 551 2.970000
 552 3.000000
 553 2.760000
 554 2.690000
 555 2.690000
 556 2.630000
 557 2.670000
 558 2.650000
 559 2.670000
 560 2.620000
 561 2.480000
 562 2.600000
 563 2.570000
 564 2.570000
 565 2.570000
 566 2.460000
 567 2.550000
 568 2.520000
 569 2.460000
 570 2.450000
 571 2.440000
 572 2.410000
 573 2.400000
 574 2.340000
 575 2.310000
 576 2.300000
 577 2.290000
 578 2.240000
 579 2.240000
 580 2.250000
 581 2.190000
 582 2.220000
 583 2.080000
 584 2.110000
 585 2.150000
 586 2.150000
 587 2.150000
 588 2.090000
 589 2.020000
 590 2.100000
 591 2.050000
 592 2.070000
 593 2.070000
 594 2.020000
 595 2.080000
 596 2.020000
 597 2.020000
 598 2.000000
 599 2.020000
 600 1.880000
 601 1.970000
 602 1.860000
 603 1.860000
 604 1.790000
 605 1.780000
 606 1.810000
 607 1.900000
 608 1.770000
 609 1.760000
 610 1.870000
 611 1.870000
 612 1.820000
 613 1.720000
 614 1.800000
 615 1.660000
 616 1.660000
 617 1.660000
 618 1.750000
 619 1.770000
 620 1.750000
 621 1.750000
 622 1.720000
 623 1.720000
 624 1.700000
 625 1.660000
 626 1.660000
 627 1.660000
 628 1.670000
 629 1.590000
 630 1.570000
 631 1.540000
 632 1.530000
 633 1.580000
 634 1.530000
 635 1.520000
 636 1.430000
 637 1.540000
 638 1.410000
 639 1.410000
 640 1.380000
 641 1.490000
 642 1.500000
 643 1.380000
 644 1.490000
 645 1.360000
 646 1.470000
 647 1.320000
 648 1.330000
 649 2.000000
 650 1.380000
 651 1.940000
 652 1.400000
 653 1.410000
 654 1.340000
 655 1.280000
 656 1.370000
 657 1.360000
 658 1.360000
 659 1.280000
 660 1.340000
 661 1.340000
 662 1.360000
 663 1.390000
 664 1.310000
 665 1.350000
 666 1.390000
 667 1.360000
 668 1.310000
 669 1.270000
 670 1.340000
 671 1.330000
 672 1.230000
 673 1.340000
 674 1.310000
 675 1.340000
 676 1.310000
 677 1.310000
 678 1.200000
 679 1.250000
 680 1.210000
 681 1.230000
 682 1.310000
 683 1.340000
 684 1.210000
 685 1.280000
 686 1.180000
 687 1.270000
 688 1.210000
 689 1.230000
 690 1.170000
 691 1.180000
 692 1.190000
 693 1.180000
 694 1.160000
 695 1.150000
 696 1.210000
 697 1.140000
 698 6.720000
 699 6.690000
 700 6.690000
 701 6.670000
 702 6.650000
 703 5.700000
 704 6.620000
 705 6.600000
 706 6.600000
 707 5.070000
 708 6.550000
 709 6.550000
 710 6.530000
 711 6.500000
 712 6.510000
 713 6.510000
 714 6.460000
 715 6.460000
 716 6.460000
 717 6.430000
 718 5.620000
 719 5.680000
 720 0.770000
 721 0.810000
 722 0.780000
 723 0.780000
 724 0.780000
 725 0.810000
 726 0.800000
 727 0.760000
 728 0.770000
 729 0.780000
 730 0.810000
 731 0.780000
 732 0.790000
 733 0.810000
 734 0.810000
 735 0.810000
 736 0.810000
 737 0.840000
 738 0.840000
 739 0.860000
 740 0.840000
 741 0.830000
 742 0.860000
 743 0.860000
 744 0.860000
 745 0.890000
 746 0.890000
 747 0.890000
 748 0.890000
 749 0.910000
 750 0.890000
 751 0.910000
 752 0.910000
 753 0.910000
 754 0.910000
 755 0.940000
 756 0.960000
 757 0.960000
 758 0.960000
 759 0.950000
 760 0.960000
 0 2.850000
 1 2.850000
 2 2.860000
 3 2.870000
 4 2.890000
 5 2.870000
 6 2.870000
 7 2.850000
 8 2.840000
 9 2.870000
 10 2.870000
 11 2.850000
 12 2.850000
 13 2.840000
 14 2.800000
 15 2.800000
 16 2.830000
 17 2.800000
 18 2.840000
 19 3.330000
 20 2.760000
 21 2.750000
 22 2.730000
 23 2.750000
 24 2.760000
 25 2.730000
 26 2.750000
 27 2.760000
 28 2.760000
 29 2.760000
 30 2.730000
 31 2.700000
 32 2.700000
 33 2.700000
 34 2.700000
 35 2.680000
 36 2.800000
 37 3.280000
 38 3.240000
 39 3.120000
 40 2.700000
 41 2.710000
 42 2.710000
 43 2.710000
 44 2.690000
 45 2.700000
 46 2.700000
 47 2.700000
 48 2.700000
 49 2.660000
 50 2.680000
 51 2.660000
 52 2.690000
 53 2.690000
 54 2.700000
 55 3.180000
 56 3.150000
 57 2.650000
 58 2.630000
 59 2.630000
 60 2.600000
 61 2.610000
 62 2.610000
 63 2.600000
 64 2.630000
 65 2.630000
 66 2.630000
 67 2.630000
 68 2.600000
 69 2.590000
 70 2.600000
 71 2.600000
 72 2.600000
 73 2.610000
 74 2.590000
 75 2.570000
 76 2.620000
 77 2.800000
 78 3.150000
 79 3.150000
 80 3.150000
 81 3.180000
 82 3.180000
 83 3.140000
 84 3.270000
 85 3.280000
 86 3.290000
 87 3.300000
 88 3.320000
 89 3.330000
 90 3.320000
 91 3.370000
 92 3.390000
 93 3.480000
 94 3.560000
 95 3.580000
 96 3.430000
 97 3.470000
 98 3.560000
 99 3.580000
 100 3.580000
 101 3.600000
 102 3.640000
 103 3.590000
 104 3.590000
 105 3.590000
 106 3.540000
 107 3.590000
 108 3.560000
 109 3.560000
 110 3.560000
 111 3.590000
 112 3.700000
 113 3.670000
 114 3.600000
 115 3.600000
 116 3.540000
 117 3.590000
 118 3.600000
 119 3.540000
 120 3.510000
 121 3.510000
 122 3.410000
 123 3.380000
 124 3.490000
 125 3.480000
 126 3.380000
 127 3.370000
 128 3.410000
 129 3.410000
 130 3.470000
 131 3.410000
 132 3.410000
 133 3.470000
 134 3.470000
 135 3.470000
 136 3.470000
 137 3.410000
 138 3.410000
 139 3.510000
 140 3.490000
 141 3.500000
 142 3.410000
 143 3.410000
 144 3.530000
 145 3.500000
 146 3.400000
 147 3.380000
 148 3.460000
 149 3.420000
 150 3.450000
 151 3.380000
 152 4.730000
 153 4.700000
 154 4.700000
 155 4.700000
 156 4.700000
 157 4.700000
 158 4.700000
 159 4.700000
 160 4.710000
 161 4.080000
 162 4.090000
 163 4.730000
 164 4.730000
 165 4.750000
 166 4.730000
 167 4.720000
 168 4.750000
 169 4.750000
 170 4.750000
 171 4.750000
 172 4.750000
 173 4.750000
 174 4.750000
 175 4.780000
 176 4.750000
 177 4.780000
 178 4.780000
 179 4.780000
 180 4.780000
 181 4.800000
 182 4.800000
 183 4.690000
 184 4.770000
 185 4.770000
 186 4.220000
 187 4.190000
 188 4.820000
 189 4.820000
 190 4.820000
 191 4.680000
 192 4.570000
 193 4.580000
 194 4.580000
 195 4.820000
 196 4.870000
 197 4.850000
 198 4.870000
 199 4.870000
 200 4.870000
 201 4.870000
 202 3.320000
 203 3.300000
 204 3.280000
 205 3.320000
 206 3.360000
 207 4.910000
 208 4.920000
 209 4.920000
 210 4.970000
 211 4.950000
 212 4.950000
 213 4.950000
 214 4.970000
 215 4.970000
 216 5.000000
 217 5.000000
 218 5.000000
 219 2.950000
 220 2.830000
 221 2.770000
 222 2.790000
 223 2.750000
 224 2.750000
 225 2.750000
 226 2.860000
 227 4.410000
 228 4.430000
 229 4.430000
 230 4.400000
 231 4.410000
 232 5.120000
 233 5.130000
 234 5.150000
 235 4.750000
 236 3.540000
 237 3.520000
 238 3.530000
 239 3.580000
 240 3.560000
 241 3.630000
 242 4.460000
 243 4.470000
 244 4.480000
 245 4.610000
 246 4.560000
 247 4.540000
 248 4.070000
 249 3.970000
 250 4.030000
 251 4.030000
 252 4.030000
 253 4.050000
 254 4.090000
 255 3.730000
 256 3.740000
 257 3.120000
 258 3.080000
 259 3.080000
 260 2.820000
 261 2.820000
 262 2.790000
 263 2.760000
 264 2.740000
 265 2.740000
 266 2.710000
 267 2.690000
 268 2.630000
 269 2.610000
 270 2.590000
 271 2.550000
 272 2.550000
 273 2.550000
 274 2.580000
 275 2.600000
 276 2.570000
 277 2.600000
 278 2.600000
 279 2.600000
 280 2.630000
 281 2.630000
 282 2.630000
 283 2.620000
 284 2.630000
 285 2.250000
 286 2.240000
 287 2.210000
 288 2.210000
 289 2.210000
 290 2.190000
 291 2.190000
 292 2.200000
 293 2.220000
 294 2.250000
 295 2.310000
 296 2.680000
 297 2.710000
 298 2.720000
 299 4.220000
 300 2.690000
 301 2.760000
 302 2.750000
 303 2.750000
 304 2.750000
 305 2.720000
 306 2.710000
 307 2.750000
 308 2.840000
 309 4.450000
 310 4.420000
 311 3.300000
 312 3.290000
 313 3.290000
 314 3.310000
 315 3.290000
 316 3.280000
 317 3.390000
 318 4.350000
 319 4.320000
 320 4.300000
 321 2.160000
 322 2.130000
 323 2.140000
 324 2.110000
 325 2.110000
 326 2.110000
 327 2.110000
 328 2.140000
 329 2.100000
 330 2.180000
 331 2.490000
 332 2.690000
 333 2.690000
 334 2.700000
 335 2.690000
 336 2.690000
 337 2.750000
 338 3.090000
 339 3.240000
 340 3.240000
 341 3.250000
 342 3.750000
 343 4.070000
 344 4.050000
 345 4.050000
 346 4.050000
 347 4.000000
 348 4.000000
 349 4.020000
 350 4.000000
 351 4.000000
 352 3.980000
 353 3.980000
 354 3.950000
 355 3.950000
 356 3.970000
 357 3.950000
 358 3.950000
 359 3.930000
 360 2.220000
 361 2.100000
 362 2.100000
 363 2.090000
 364 2.090000
 365 2.110000
 366 2.100000
 367 2.140000
 368 2.090000
 369 2.100000
 370 2.160000
 371 3.230000
 372 3.360000
 373 3.330000
 374 3.370000
 375 3.320000
 376 3.350000
 377 3.350000
 378 3.350000
 379 3.210000
 380 3.230000
 381 3.210000
 382 3.230000
 383 3.370000
 384 3.290000
 385 3.310000
 386 3.290000
 387 3.260000
 388 3.240000
 389 3.240000
 390 3.180000
 391 3.170000
 392 3.100000
 393 3.100000
 394 3.080000
 395 3.120000
 396 3.120000
 397 3.120000
 398 3.070000
 399 3.080000
 400 3.090000
 401 3.090000
 402 3.140000
 403 3.080000
 404 3.060000
 405 3.030000
 406 3.090000
 407 3.060000
 408 3.080000
 409 3.060000
 410 3.160000
 411 3.180000
 412 3.200000
 413 3.120000
 414 3.080000
 415 3.070000
 416 3.130000
 417 3.100000
 418 3.130000
 419 3.140000
 420 3.120000
 421 3.110000
 422 3.130000
 423 3.130000
 424 5.070000
 425 3.190000
 426 3.170000
 427 3.200000
 428 3.200000
 429 3.170000
 430 3.170000
 431 3.220000
 432 3.190000
 433 3.180000
 434 3.190000
 435 3.200000
 436 3.230000
 437 3.200000
 438 3.220000
 439 3.220000
 440 3.230000
 441 3.260000
 442 3.260000
 443 3.260000
 444 3.290000
 445 3.310000
 446 3.280000
 447 3.300000
 448 3.270000
 449 3.270000
 450 3.270000
 451 3.240000
 452 3.230000
 453 3.260000
 454 3.230000
 455 3.240000
 456 3.230000
 457 3.230000
 458 3.230000
 459 3.230000
 460 3.190000
 461 3.180000
 462 3.220000
 463 3.150000
 464 3.140000
 465 4.470000
 466 4.190000
 467 4.130000
 468 4.110000
 469 3.110000
 470 3.090000
 471 3.080000
 472 3.110000
 473 3.260000
 474 3.400000
 475 3.720000
 476 3.610000
 477 3.560000
 478 3.560000
 479 3.560000
 480 3.560000
 481 3.560000
 482 3.590000
 483 3.560000
 484 3.590000
 485 3.390000
 486 3.340000
 487 3.590000
 488 3.610000
 489 3.610000
 490 3.610000
 491 3.610000
 492 3.590000
 493 3.540000
 494 3.560000
 495 3.560000
 496 3.540000
 497 3.560000
 498 3.560000
 499 3.560000
 500 3.590000
 501 3.590000
 502 3.590000
 503 3.590000
 504 3.590000
 505 3.610000
 506 3.610000
 507 3.640000
 508 3.610000
 509 3.610000
 510 3.640000
 511 3.640000
 512 3.660000
 513 3.660000
 514 3.660000
 515 3.660000
 516 3.600000
 517 3.560000
 518 3.540000
 519 3.240000
 520 3.080000
 521 3.070000
 522 3.380000
 523 3.350000
 524 3.330000
 525 2.970000
 526 2.970000
 527 2.980000
 528 2.950000
 529 2.870000
 530 2.890000
 531 2.950000
 532 2.950000
 533 2.930000
 534 2.880000
 535 2.910000
 536 2.960000
 537 2.920000
 538 3.000000
 539 2.950000
 540 2.970000
 541 2.970000
 542 2.970000
 543 3.020000
 544 3.000000
 545 2.960000
 546 3.000000
 547 3.000000
 548 2.930000
 549 2.960000
 550 2.990000
 551 2.970000
 552 3.020000
 553 2.710000
 554 2.690000
 555 2.670000
 556 2.630000
 557 2.670000
 558 2.650000
 559 2.650000
 560 2.650000
 561 2.510000
 562 2.600000
 563 2.570000
 564 2.600000
 565 2.550000
 566 2.430000
 567 2.570000
 568 2.520000
 569 2.500000
 570 2.450000
 571 2.440000
 572 2.420000
 573 2.400000
 574 2.340000
 575 2.310000
 576 2.300000
 577 2.260000
 578 2.240000
 579 2.260000
 580 2.210000
 581 2.190000
 582 2.200000
 583 2.080000
 584 2.080000
 585 2.170000
 586 2.150000
 587 2.120000
 588 2.080000
 589 2.000000
 590 2.120000
 591 2.050000
 592 2.070000
 593 2.080000
 594 2.020000
 595 2.080000
 596 2.020000
 597 2.000000
 598 2.000000
 599 2.000000
 600 1.880000
 601 1.970000
 602 1.860000
 603 1.860000
 604 1.820000
 605 1.830000
 606 1.930000
 607 1.900000
 608 1.750000
 609 1.760000
 610 1.870000
 611 1.850000
 612 1.820000
 613 1.720000
 614 1.800000
 615 1.680000
 616 1.660000
 617 1.660000
 618 1.770000
 619 1.750000
 620 1.750000
 621 1.720000
 622 1.720000
 623 1.720000
 624 1.700000
 625 1.660000
 626 1.670000
 627 1.650000
 628 1.640000
 629 1.570000
 630 1.570000
 631 1.530000
 632 1.530000
 633 1.580000
 634 1.550000
 635 1.540000
 636 1.430000
 637 1.540000
 638 1.380000
 639 1.410000
 640 1.410000
 641 1.470000
 642 1.500000
 643 1.500000
 644 1.470000
 645 1.360000
 646 1.470000
 647 1.330000
 648 1.330000
 649 2.000000
 650 1.280000
 651 1.960000
 652 1.310000
 653 1.390000
 654 1.320000
 655 1.280000
 656 1.340000
 657 1.360000
 658 1.360000
 659 1.260000
 660 1.340000
 661 1.340000
 662 1.400000
 663 1.230000
 664 1.330000
 665 1.370000
 666 1.410000
 667 1.360000
 668 1.250000
 669 1.220000
 670 1.360000
 671 1.340000
 672 1.230000
 673 1.310000
 674 1.330000
 675 1.340000
 676 1.310000
 677 1.340000
 678 1.220000
 679 1.220000
 680 1.240000
 681 1.230000
 682 1.310000
 683 1.340000
 684 1.230000
 685 1.310000
 686 1.180000
 687 1.270000
 688 1.200000
 689 1.230000
 690 1.170000
 691 1.180000
 692 1.200000
 693 1.150000
 694 1.160000
 695 1.160000
 696 1.210000
 697 1.140000
 698 6.720000
 699 6.720000
 700 6.670000
 701 6.670000
 702 6.670000
 703 5.710000
 704 6.620000
 705 6.570000
 706 6.600000
 707 5.070000
 708 6.550000
 709 6.550000
 710 6.560000
 711 6.500000
 712 6.510000
 713 6.510000
 714 6.480000
 715 6.460000
 716 6.460000
 717 6.460000
 718 5.610000
 719 5.680000
 720 0.790000
 721 0.780000
 722 0.790000
 723 0.790000
 724 0.810000
 725 0.780000
 726 0.760000
 727 0.780000
 728 0.780000
 729 0.780000
 730 0.780000
 731 0.810000
 732 0.790000
 733 0.810000
 734 0.810000
 735 0.810000
 736 0.840000
 737 0.840000
 738 0.840000
 739 0.840000
 740 0.840000
 741 0.840000
 742 0.860000
 743 0.860000
 744 0.890000
 745 0.890000
 746 0.890000
 747 0.890000
 748 0.880000
 749 0.910000
 750 0.910000
 751 0.890000
 752 0.910000
 753 0.910000
 754 0.940000
 755 0.940000
 756 0.960000
 757 0.960000
 758 0.940000
 759 0.970000
 760 0.970000
 0 2.880000
 1 2.870000
 2 2.860000
 3 2.890000
 4 2.890000
 5 2.900000
 6 2.870000
 7 2.850000
 8 2.860000
 9 2.850000
 10 2.870000
 11 2.850000
 12 2.850000
 13 2.810000
 14 2.830000
 15 2.830000
 16 2.830000
 17 2.800000
 18 2.830000
 19 3.330000
 20 2.760000
 21 2.750000
 22 2.730000
 23 2.720000
 24 2.740000
 25 2.730000
 26 2.750000
 27 2.760000
 28 2.760000
 29 2.760000
 30 2.730000
 31 2.700000
 32 2.700000
 33 2.700000
 34 2.700000
 35 2.680000
 36 2.820000
 37 3.250000
 38 3.240000
 39 3.170000
 40 2.700000
 41 2.710000
 42 2.700000
 43 2.710000
 44 2.690000
 45 2.720000
 46 2.700000
 47 2.700000
 48 2.700000
 49 2.710000
 50 2.680000
 51 2.690000
 52 2.690000
 53 2.660000
 54 2.700000
 55 3.170000
 56 3.150000
 57 2.650000
 58 2.630000
 59 2.630000
 60 2.620000
 61 2.610000
 62 2.600000
 63 2.600000
 64 2.630000
 65 2.630000
 66 2.630000
 67 2.630000
 68 2.600000
 69 2.610000
 70 2.600000
 71 2.600000
 72 2.600000
 73 2.590000
 74 2.590000
 75 2.600000
 76 2.640000
 77 2.800000
 78 3.150000
 79 3.150000
 80 3.150000
 81 3.180000
 82 3.180000
 83 3.140000
 84 3.270000
 85 3.280000
 86 3.290000
 87 3.300000
 88 3.300000
 89 3.360000
 90 3.350000
 91 3.350000
 92 3.370000
 93 3.480000
 94 3.590000
 95 3.570000
 96 3.410000
 97 3.480000
 98 3.560000
 99 3.580000
 100 3.580000
 101 3.580000
 102 3.640000
 103 3.590000
 104 3.560000
 105 3.560000
 106 3.560000
 107 3.610000
 108 3.560000
 109 3.590000
 110 3.560000
 111 3.590000
 112 3.670000
 113 3.670000
 114 3.600000
 115 3.600000
 116 3.540000
 117 3.560000
 118 3.600000
 119 3.540000
 120 3.490000
 121 3.510000
 122 3.410000
 123 3.380000
 124 3.460000
 125 3.480000
 126 3.380000
 127 3.370000
 128 3.380000
 129 3.410000
 130 3.490000
 131 3.410000
 132 3.410000
 133 3.490000
 134 3.480000
 135 3.470000
 136 3.480000
 137 3.430000
 138 3.410000
 139 3.510000
 140 3.480000
 141 3.510000
 142 3.410000
 143 3.410000
 144 3.500000
 145 3.500000
 146 3.400000
 147 3.410000
 148 3.470000
 149 3.420000
 150 3.450000
 151 3.380000
 152 4.700000
 153 4.700000
 154 4.700000
 155 4.700000
 156 4.730000
 157 4.730000
 158 4.700000
 159 4.720000
 160 4.680000
 161 4.110000
 162 4.070000
 163 4.730000
 164 4.750000
 165 4.730000
 166 4.730000
 167 4.750000
 168 4.720000
 169 4.720000
 170 4.750000
 171 4.750000
 172 4.750000
 173 4.750000
 174 4.750000
 175 4.750000
 176 4.780000
 177 4.780000
 178 4.750000
 179 4.780000
 180 4.800000
 181 4.780000
 182 4.780000
 183 4.690000
 184 4.800000
 185 4.800000
 186 4.190000
 187 4.220000
 188 4.820000
 189 4.820000
 190 4.820000
 191 4.680000
 192 4.570000
 193 4.550000
 194 4.580000
 195 4.820000
 196 4.850000
 197 4.870000
 198 4.870000
 199 4.870000
 200 4.870000
 201 4.900000
 202 3.330000
 203 3.300000
 204 3.300000
 205 3.350000
 206 3.330000
 207 4.910000
 208 4.920000
 209 4.950000
 210 4.950000
 211 4.950000
 212 4.950000
 213 4.970000
 214 4.970000
 215 4.970000
 216 5.000000
 217 4.970000
 218 5.020000
 219 2.990000
 220 2.830000
 221 2.790000
 222 2.810000
 223 2.750000
 224 2.750000
 225 2.770000
 226 2.890000
 227 4.390000
 228 4.400000
 229 4.430000
 230 4.430000
 231 4.410000
 232 5.120000
 233 5.130000
 234 5.120000
 235 4.750000
 236 3.530000
 237 3.520000
 238 3.540000
 239 3.580000
 240 3.550000
 241 3.620000
 242 4.460000
 243 4.470000
 244 4.480000
 245 4.620000
 246 4.530000
 247 4.540000
 248 4.070000
 249 3.980000
 250 4.000000
 251 4.000000
 252 4.030000
 253 4.050000
 254 4.060000
 255 3.710000
 256 3.720000
 257 3.090000
 258 3.090000
 259 3.060000
 260 2.830000
 261 2.820000
 262 2.790000
 263 2.790000
 264 2.760000
 265 2.710000
 266 2.710000
 267 2.660000
 268 2.630000
 269 2.610000
 270 2.610000
 271 2.580000
 272 2.520000
 273 2.550000
 274 2.550000
 275 2.600000
 276 2.570000
 277 2.600000
 278 2.600000
 279 2.600000
 280 2.630000
 281 2.620000
 282 2.600000
 283 2.620000
 284 2.630000
 285 2.250000
 286 2.210000
 287 2.210000
 288 2.210000
 289 2.210000
 290 2.190000
 291 2.210000
 292 2.200000
 293 2.220000
 294 2.270000
 295 2.280000
 296 2.680000
 297 2.700000
 298 2.700000
 299 4.250000
 300 2.620000
 301 2.750000
 302 2.750000
 303 2.750000
 304 2.750000
 305 2.750000
 306 2.740000
 307 2.750000
 308 2.820000
 309 4.450000
 310 4.420000
 311 3.330000
 312 3.290000
 313 3.290000
 314 3.290000
 315 3.290000
 316 3.300000
 317 3.390000
 318 4.350000
 319 4.320000
 320 4.300000
 321 2.130000
 322 2.130000
 323 2.110000
 324 2.130000
 325 2.140000
 326 2.110000
 327 2.110000
 328 2.140000
 329 2.100000
 330 2.160000
 331 2.510000
 332 2.660000
 333 2.670000
 334 2.700000
 335 2.660000
 336 2.660000
 337 2.750000
 338 3.060000
 339 3.240000
 340 3.210000
 341 3.250000
 342 3.750000
 343 4.070000
 344 4.050000
 345 4.050000
 346 4.020000
 347 4.030000
 348 4.000000
 349 4.000000
 350 4.000000
 351 4.000000
 352 4.000000
 353 3.980000
 354 3.970000
 355 3.950000
 356 3.980000
 357 3.950000
 358 3.950000
 359 3.950000
 360 2.250000
 361 2.130000
 362 2.100000
 363 2.110000
 364 2.110000
 365 2.110000
 366 2.100000
 367 2.140000
 368 2.110000
 369 2.080000
 370 2.090000
 371 3.210000
 372 3.360000
 373 3.360000
 374 3.370000
 375 3.350000
 376 3.320000
 377 3.320000
 378 3.350000
 379 3.370000
 380 3.230000
 381 3.370000
 382 3.230000
 383 3.210000
 384 3.310000
 385 3.310000
 386 3.260000
 387 3.260000
 388 3.270000
 389 3.250000
 390 3.210000
 391 3.190000
 392 3.120000
 393 3.100000
 394 3.080000
 395 3.120000
 396 3.120000
 397 3.140000
 398 3.070000
 399 3.080000
 400 3.090000
 401 3.120000
 402 3.120000
 403 3.060000
 404 3.080000
 405 3.030000
 406 3.090000
 407 3.060000
 408 3.120000
 409 3.060000
 410 3.160000
 411 3.200000
 412 3.170000
 413 3.090000
 414 3.080000
 415 3.070000
 416 3.100000
 417 3.140000
 418 3.110000
 419 3.130000
 420 3.110000
 421 3.080000
 422 3.110000
 423 3.110000
 424 5.060000
 425 3.170000
 426 3.170000
 427 3.220000
 428 3.200000
 429 3.200000
 430 3.170000
 431 3.210000
 432 3.190000
 433 3.180000
 434 3.180000
 435 3.200000
 436 3.200000
 437 3.200000
 438 3.200000
 439 3.220000
 440 3.260000
 441 3.260000
 442 3.260000
 443 3.280000
 444 3.280000
 445 3.310000
 446 3.280000
 447 3.300000
 448 3.270000
 449 3.270000
 450 3.270000
 451 3.240000
 452 3.260000
 453 3.260000
 454 3.230000
 455 3.240000
 456 3.230000
 457 3.230000
 458 3.230000
 459 3.200000
 460 3.190000
 461 3.200000
 462 3.220000
 463 3.170000
 464 3.160000
 465 4.490000
 466 4.180000
 467 4.150000
 468 4.130000
 469 3.110000
 470 3.090000
 471 3.080000
 472 3.090000
 473 3.230000
 474 3.430000
 475 3.700000
 476 3.610000
 477 3.560000
 478 3.590000
 479 3.590000
 480 3.590000
 481 3.560000
 482 3.560000
 483 3.590000
 484 3.560000
 485 3.360000
 486 3.360000
 487 3.590000
 488 3.590000
 489 3.590000
 490 3.610000
 491 3.590000
 492 3.610000
 493 3.540000
 494 3.560000
 495 3.540000
 496 3.560000
 497 3.560000
 498 3.560000
 499 3.560000
 500 3.560000
 501 3.590000
 502 3.610000
 503 3.590000
 504 3.610000
 505 3.610000
 506 3.610000
 507 3.610000
 508 3.640000
 509 3.640000
 510 3.640000
 511 3.640000
 512 3.660000
 513 3.660000
 514 3.660000
 515 3.660000
 516 3.630000
 517 3.560000
 518 3.540000
 519 3.210000
 520 3.080000
 521 3.070000
 522 3.380000
 523 3.350000
 524 3.330000
 525 2.970000
 526 3.000000
 527 2.950000
 528 2.950000
 529 2.900000
 530 2.900000
 531 2.970000
 532 2.950000
 533 2.960000
 534 2.880000
 535 2.900000
 536 2.970000
 537 2.950000
 538 2.970000
 539 2.950000
 540 3.000000
 541 2.960000
 542 2.970000
 543 3.000000
 544 2.970000
 545 2.960000
 546 2.970000
 547 2.970000
 548 2.960000
 549 2.990000
 550 2.960000
 551 2.950000
 552 3.020000
 553 2.710000
 554 2.690000
 555 2.670000
 556 2.630000
 557 2.700000
 558 2.650000
 559 2.650000
 560 2.620000
 561 2.650000
 562 2.600000
 563 2.570000
 564 2.570000
 565 2.570000
 566 2.430000
 567 2.550000
 568 2.520000
 569 2.490000
 570 2.470000
 571 2.410000
 572 2.420000
 573 2.400000
 574 2.340000
 575 2.290000
 576 2.290000
 577 2.260000
 578 2.260000
 579 2.240000
 580 2.220000
 581 2.200000
 582 2.220000
 583 2.080000
 584 2.060000
 585 2.170000
 586 2.150000
 587 2.130000
 588 2.110000
 589 2.030000
 590 2.120000
 591 2.070000
 592 2.070000
 593 2.070000
 594 2.020000
 595 2.080000
 596 2.050000
 597 2.000000
 598 1.970000
 599 2.000000
 600 1.880000
 601 1.970000
 602 1.860000
 603 1.830000
 604 1.820000
 605 1.830000
 606 1.950000
 607 1.930000
 608 1.770000
 609 1.760000
 610 1.870000
 611 1.850000
 612 1.850000
 613 1.720000
 614 1.820000
 615 1.680000
 616 1.680000
 617 1.630000
 618 1.770000
 619 1.750000
 620 1.750000
 621 1.720000
 622 1.720000
 623 1.700000
 624 1.700000
 625 1.690000
 626 1.700000
 627 1.670000
 628 1.670000
 629 1.570000
 630 1.540000
 631 1.530000
 632 1.520000
 633 1.580000
 634 1.520000
 635 1.540000
 636 1.460000
 637 1.410000
 638 1.410000
 639 1.410000
 640 1.370000
 641 1.490000
 642 1.490000
 643 1.470000
 644 1.470000
 645 1.500000
 646 1.450000
 647 1.330000
 648 1.330000
 649 1.580000
 650 1.310000
 651 1.940000
 652 1.310000
 653 1.410000
 654 1.400000
 655 1.310000
 656 1.390000
 657 1.360000
 658 1.360000
 659 1.260000
 660 1.340000
 661 1.340000
 662 1.400000
 663 1.260000
 664 1.330000
 665 1.370000
 666 1.390000
 667 1.360000
 668 1.280000
 669 1.240000
 670 1.360000
 671 1.340000
 672 1.230000
 673 1.340000
 674 1.310000
 675 1.310000
 676 1.310000
 677 1.340000
 678 1.220000
 679 1.250000
 680 1.240000
 681 1.230000
 682 1.310000
 683 1.340000
 684 1.210000
 685 1.310000
 686 1.210000
 687 1.300000
 688 1.200000
 689 1.230000
 690 1.170000
 691 1.190000
 692 1.180000
 693 1.190000
 694 1.150000
 695 1.150000
 696 1.200000
 697 1.130000
 698 6.720000
 699 6.690000
 700 6.670000
 701 6.670000
 702 6.650000
 703 5.710000
 704 6.600000
 705 6.600000
 706 6.600000
 707 5.070000
 708 6.550000
 709 6.560000
 710 6.530000
 711 6.510000
 712 6.510000
 713 6.510000
 714 6.490000
 715 6.460000
 716 6.460000
 717 6.460000
 718 5.610000
 719 5.680000
 720 0.790000
 721 0.810000
 722 0.800000
 723 0.760000
 724 0.810000
 725 0.790000
 726 0.780000
 727 0.780000
 728 0.780000
 729 0.780000
 730 0.790000
 731 0.810000
 732 0.790000
 733 0.810000
 734 0.810000
 735 0.810000
 736 0.840000
 737 0.810000
 738 0.840000
 739 0.840000
 740 0.840000
 741 0.860000
 742 0.860000
 743 0.860000
 744 0.860000
 745 0.860000
 746 0.860000
 747 0.890000
 748 0.890000
 749 0.890000
 750 0.910000
 751 0.910000
 752 0.940000
 753 0.910000
 754 0.940000
 755 0.940000
 756 0.960000
 757 0.940000
 758 0.940000
 759 0.950000
 760 0.970000