
 0 2.910000
 1 2.910000
 2 2.940000
 3 2.910000
 4 2.910000
 5 2.940000
 6 2.940000
 7 2.940000
 8 2.960000
 9 2.940000
 10 2.960000
 11 2.960000
 12 2.960000
 13 2.990000
 14 2.430000
 15 2.270000
 16 2.350000
 17 2.330000
 18 2.290000
 19 2.310000
 20 2.330000
 21 2.360000
 22 2.400000
 23 2.370000
 24 2.400000
 25 2.400000
 26 2.400000
 27 2.330000
 28 2.320000
 29 2.320000
 30 3.040000
 31 2.400000
 32 2.440000
 33 2.330000
 34 2.430000
 35 2.430000
 36 2.430000
 37 2.430000
 38 2.400000
 39 2.350000
 40 2.330000
 41 2.300000
 42 2.300000
 43 2.300000
 44 2.190000
 45 2.300000
 46 2.150000
 47 2.170000
 48 2.300000
 49 2.280000
 50 2.260000
 51 2.180000
 52 2.250000
 53 2.250000
 54 2.260000
 55 2.180000
 56 2.270000
 57 2.150000
 58 2.230000
 59 2.220000
 60 2.190000
 61 2.210000
 62 2.210000
 63 2.220000
 64 2.220000
 65 2.240000
 66 2.240000
 67 2.270000
 68 2.230000
 69 2.240000
 70 2.240000
 71 2.480000
 72 2.970000
 73 2.970000
 74 2.950000
 75 2.930000
 76 2.900000
 77 2.720000
 78 2.520000
 79 2.590000
 80 2.560000
 81 2.530000
 82 2.530000
 83 2.540000
 84 2.530000
 85 2.550000
 86 2.610000
 87 2.650000
 88 2.700000
 89 2.780000
 90 2.730000
 91 2.750000
 92 2.750000
 93 2.750000
 94 2.780000
 95 2.820000
 96 2.850000
 97 2.870000
 98 2.880000
 99 2.900000
 100 2.900000
 101 2.930000
 102 2.950000
 103 2.950000
 104 2.980000
 105 3.000000
 106 3.000000
 107 3.000000
 108 3.050000
 109 3.050000
 110 3.090000
 111 3.110000
 112 3.100000
 113 3.110000
 114 3.140000
 115 3.190000
 116 3.190000
 117 3.210000
 118 3.210000
 119 3.240000
 120 3.240000
 121 3.290000
 122 3.290000
 123 3.310000
 124 3.310000
 125 3.330000
 126 3.380000
 127 3.380000
 128 3.400000
 129 3.430000
 130 3.400000
 131 3.370000
 132 3.410000
 133 3.420000
 134 3.430000
 135 3.460000
 136 3.430000
 137 3.440000
 138 3.510000
 139 3.660000
 140 3.660000
 141 3.760000
 142 3.720000
 143 3.740000
 144 3.780000
 145 3.760000
 146 3.780000
 147 3.810000
 148 3.800000
 149 3.870000
 150 3.920000
 151 3.780000
 152 3.780000
 153 3.950000
 154 3.950000
 155 4.000000
 156 4.030000
 157 4.030000
 158 4.050000
 159 4.050000
 160 4.050000
 161 4.080000
 162 4.100000
 163 4.080000
 164 4.060000
 165 3.980000
 166 4.000000
 167 3.930000
 168 3.930000
 169 3.920000
 170 3.900000
 171 3.960000
 172 3.880000
 173 3.850000
 174 3.850000
 175 3.960000
 176 3.830000
 177 3.800000
 178 3.430000
 179 3.410000
 180 3.410000
 181 3.780000
 182 3.750000
 183 3.620000
 184 3.610000
 185 3.590000
 186 3.480000
 187 3.760000
 188 3.680000
 189 3.790000
 190 3.790000
 191 3.740000
 192 2.840000
 193 2.750000
 194 2.750000
 195 2.770000
 196 2.770000
 197 2.760000
 198 2.770000
 199 2.760000
 200 2.740000
 201 2.760000
 202 2.750000
 203 2.740000
 204 2.730000
 205 2.750000
 206 2.730000
 207 2.720000
 208 2.510000
 209 2.410000
 210 2.360000
 211 2.350000
 212 2.350000
 213 2.320000
 214 2.300000
 215 2.280000
 216 2.250000
 217 2.250000
 218 2.250000
 219 2.230000
 220 2.200000
 221 2.200000
 222 2.200000
 223 2.180000
 224 2.150000
 225 2.130000
 226 2.090000
 227 2.090000
 228 2.120000
 229 2.130000
 230 2.160000
 231 2.150000
 232 2.170000
 233 2.170000
 234 2.200000
 235 2.200000
 236 2.200000
 237 2.200000
 238 2.180000
 239 2.180000
 240 2.200000
 241 2.230000
 242 2.230000
 243 2.250000
 244 2.220000
 245 2.250000
 246 2.250000
 247 2.270000
 248 2.300000
 249 2.320000
 250 2.570000
 251 2.580000
 252 2.320000
 253 2.290000
 254 2.300000
 255 2.490000
 256 2.550000
 257 2.540000
 258 2.520000
 259 2.520000
 260 2.540000
 261 1.430000
 262 1.340000
 263 1.340000
 264 1.340000
 265 1.300000
 266 1.280000
 267 1.250000
 268 1.250000
 269 1.230000
 270 1.200000
 271 1.180000
 272 1.150000
 273 1.130000
 274 1.100000
 275 1.050000
 276 1.080000
 277 1.080000
 278 1.080000
 279 1.070000
 280 1.080000
 281 1.080000
 282 1.090000
 283 1.070000
 284 1.100000
 285 1.090000
 286 1.090000
 287 1.090000
 288 1.100000
 289 1.100000
 290 1.100000
 291 1.100000
 292 1.100000
 293 1.100000
 294 1.100000
 295 1.100000
 296 1.100000
 297 1.100000
 298 1.100000
 299 1.130000
 300 1.100000
 301 1.130000
 302 1.130000
 303 1.100000
 304 1.130000
 305 1.130000
 306 1.130000
 307 1.130000
 308 1.150000
 309 1.130000
 310 1.150000
 311 1.130000
 312 1.150000
 313 1.150000
 314 1.150000
 315 1.150000
 316 1.150000
 317 1.150000
 318 1.180000
 319 1.150000
 320 1.150000
 321 1.150000
 322 1.180000
 323 1.180000
 324 1.180000
 325 1.160000
 326 1.160000
 327 1.180000
 328 1.180000
 329 1.200000
 330 1.200000
 331 1.180000
 332 1.180000
 333 1.180000
 334 1.170000
 335 1.190000
 336 1.190000
 337 1.170000
 338 1.210000
 339 1.200000
 340 1.210000
 341 1.210000
 342 4.680000
 343 4.680000
 344 4.680000
 345 4.690000
 346 4.700000
 347 4.680000
 348 4.700000
 349 4.680000
 350 4.540000
 351 4.680000
 352 4.160000
 353 4.070000
 354 4.700000
 355 4.700000
 356 4.700000
 357 4.700000
 358 4.730000
 359 4.700000
 360 4.700000
 361 4.700000
 362 4.700000
 363 4.730000
 364 4.700000
 365 4.730000
 366 4.730000
 367 4.730000
 368 4.730000
 369 4.730000
 370 4.750000
 371 4.750000
 372 4.750000
 373 4.740000
 374 4.640000
 375 4.780000
 376 4.780000
 377 4.170000
 378 4.170000
 379 4.800000
 380 4.780000
 381 4.800000
 382 4.800000
 383 4.560000
 384 4.670000
 385 4.820000
 386 4.840000
 387 1.220000
 388 1.190000
 389 1.170000
 390 1.190000
 391 1.180000
 392 1.170000
 393 1.170000
 394 1.170000
 395 1.160000
 396 1.140000
 397 1.160000
 398 1.140000
 399 1.160000
 400 1.180000
 401 1.180000
 402 1.180000
 403 1.200000
 404 1.200000
 405 1.200000
 406 1.260000
 407 3.380000
 408 3.390000
 409 3.370000
 410 3.370000
 411 3.360000
 412 3.370000
 413 4.380000
 414 4.390000
 415 4.410000
 416 4.420000
 417 4.400000
 418 4.420000
 419 4.390000
 420 4.420000
 421 4.410000
 422 1.800000
 423 1.710000
 424 1.690000
 425 1.690000
 426 1.690000
 427 1.670000
 428 1.660000
 429 1.690000
 430 1.690000
 431 1.660000
 432 1.670000
 433 1.720000
 434 1.740000
 435 1.810000
 436 4.630000
 437 4.590000
 438 4.520000
 439 2.550000
 440 2.560000
 441 2.270000
 442 2.240000
 443 2.270000
 444 2.240000
 445 2.240000
 446 2.240000
 447 2.210000
 448 2.240000
 449 2.270000
 450 2.290000
 451 3.750000
 452 3.750000
 453 4.580000
 454 4.580000
 455 4.580000
 456 1.100000
 457 1.050000
 458 1.090000
 459 1.060000
 460 1.060000
 461 1.060000
 462 1.060000
 463 1.060000
 464 1.070000
 465 1.040000
 466 1.070000
 467 1.070000
 468 1.060000
 469 1.060000
 470 1.060000
 471 1.040000
 472 1.050000
 473 1.080000
 474 1.170000
 475 1.610000
 476 1.610000
 477 1.590000
 478 1.610000
 479 1.610000
 480 1.610000
 481 1.600000
 482 1.700000
 483 2.140000
 484 2.190000
 485 2.190000
 486 2.270000
 487 4.380000
 488 4.340000
 489 4.350000
 490 4.250000
 491 4.230000
 492 4.250000
 493 4.310000
 494 4.330000
 495 4.330000
 496 4.380000
 497 4.410000
 498 4.450000
 499 4.450000
 500 4.450000
 501 4.450000
 502 4.450000
 503 4.450000
 504 3.480000
 505 3.490000
 506 3.490000
 507 3.520000
 508 4.400000
 509 4.350000
 510 4.350000
 511 4.350000
 512 4.320000
 513 4.300000
 514 4.300000
 515 2.260000
 516 2.190000
 517 2.190000
 518 2.170000
 519 2.190000
 520 2.170000
 521 2.170000
 522 1.700000
 523 1.630000
 524 1.640000
 525 1.640000
 526 1.610000
 527 1.610000
 528 1.610000
 529 1.610000
 530 1.590000
 531 1.240000
 532 1.100000
 533 1.080000
 534 1.090000
 535 1.090000
 536 1.060000
 537 1.070000
 538 1.070000
 539 1.070000
 540 1.070000
 541 1.060000
 542 1.060000
 543 1.060000
 544 1.080000
 545 1.060000
 546 1.060000
 547 1.090000
 548 1.070000
 549 1.090000
 550 1.110000
 551 1.110000
 552 1.210000
 553 3.090000
 554 3.070000
 555 3.110000
 556 3.020000
 557 3.000000
 558 3.110000
 559 3.090000
 560 3.090000
 561 3.000000
 562 1.280000
 563 1.240000
 564 1.230000
 565 1.230000
 566 1.230000
 567 1.210000
 568 1.230000
 569 1.230000
 570 1.210000
 571 1.210000
 572 1.230000
 573 1.230000
 574 1.210000
 575 1.230000
 576 1.230000
 577 1.210000
 578 1.210000
 579 1.210000
 580 1.210000
 581 1.230000
 582 1.210000
 583 1.210000
 584 1.210000
 585 1.210000
 586 1.210000
 587 1.210000
 588 1.210000
 589 1.210000
 590 1.210000
 591 1.210000
 592 1.210000
 593 1.210000
 594 1.210000
 595 1.210000
 596 1.180000
 597 1.230000
 598 1.210000
 599 1.210000
 600 1.210000
 601 1.180000
 602 1.210000
 603 1.210000
 604 1.210000
 605 1.210000
 606 1.180000
 607 1.210000
 608 1.210000
 609 1.230000
 610 1.210000
 611 1.210000
 612 1.180000
 613 1.210000
 614 1.210000
 615 1.210000
 616 1.210000
 617 1.210000
 618 1.210000
 619 1.230000
 620 1.210000
 621 1.210000
 622 1.210000
 623 1.210000
 624 1.230000
 625 1.210000
 626 1.230000
 627 1.210000
 628 1.230000
 629 1.210000
 630 1.230000
 631 1.230000
 632 1.230000
 633 1.230000
 634 1.210000
 635 1.230000
 636 1.230000
 637 1.230000
 638 1.210000
 639 1.230000
 640 1.210000
 641 1.230000
 642 1.230000
 643 1.230000
 644 1.230000
 645 1.230000
 646 1.230000
 647 1.230000
 648 1.230000
 649 1.230000
 650 1.230000
 651 1.230000
 652 1.230000
 653 1.230000
 654 1.230000
 655 1.260000
 656 1.230000
 657 1.230000
 658 1.230000
 659 1.230000
 660 1.260000
 661 1.260000
 662 1.230000
 663 1.260000
 664 1.260000
 665 1.260000
 666 1.260000
 667 1.280000
 668 1.260000
 669 1.260000
 670 1.260000
 671 1.260000
 672 1.260000
 673 1.260000
 674 1.260000
 675 1.260000
 676 1.260000
 677 1.280000
 678 1.280000
 679 1.280000
 680 1.280000
 681 1.280000
 682 1.280000
 683 1.280000
 684 1.310000
 685 1.280000
 686 1.310000
 687 1.310000
 688 1.310000
 689 1.280000
 690 1.310000
 691 1.330000
 692 1.350000
 693 1.290000
 694 3.690000
 695 3.710000
 696 3.710000
 697 3.710000
 698 3.710000
 699 3.710000
 700 3.740000
 701 3.740000
 702 3.070000
 703 3.110000
 704 3.240000
 705 3.270000
 706 3.200000
 707 3.190000
 708 3.250000
 709 3.300000
 710 3.200000
 711 3.280000
 712 3.400000
 713 3.380000
 714 3.330000
 715 3.060000
 716 3.030000
 717 3.050000
 718 3.060000
 719 3.060000
 720 3.190000
 721 3.030000
 722 2.970000
 723 3.010000
 724 2.920000
 725 2.930000
 726 3.080000
 727 3.100000
 728 3.100000
 729 3.050000
 730 3.070000
 731 3.070000
 732 3.100000
 733 3.100000
 734 3.070000
 735 3.100000
 736 3.100000
 737 3.060000
 738 3.060000
 739 3.060000
 740 3.090000
 741 3.060000
 742 3.110000
 743 2.810000
 744 2.770000
 745 2.730000
 746 2.710000
 747 2.710000
 748 2.710000
 749 2.690000
 750 2.660000
 751 2.680000
 752 2.620000
 753 2.620000
 754 2.600000
 755 2.560000
 756 2.590000
 757 2.530000
 758 2.510000
 759 2.520000
 760 2.500000
 0 2.910000
 1 2.910000
 2 2.910000
 3 2.940000
 4 2.910000
 5 2.940000
 6 2.940000
 7 2.940000
 8 2.960000
 9 2.960000
 10 2.960000
 11 2.960000
 12 2.960000
 13 2.990000
 14 2.370000
 15 2.250000
 16 2.370000
 17 2.360000
 18 2.280000
 19 2.310000
 20 2.350000
 21 2.360000
 22 2.400000
 23 2.370000
 24 2.400000
 25 2.380000
 26 2.430000
 27 2.330000
 28 2.320000
 29 2.320000
 30 2.810000
 31 2.430000
 32 2.440000
 33 2.330000
 34 2.400000
 35 2.450000
 36 2.400000
 37 2.430000
 38 2.400000
 39 2.320000
 40 2.300000
 41 2.300000
 42 2.330000
 43 2.330000
 44 2.170000
 45 2.300000
 46 2.170000
 47 2.170000
 48 2.280000
 49 2.280000
 50 2.260000
 51 2.220000
 52 2.280000
 53 2.250000
 54 2.260000
 55 2.180000
 56 2.270000
 57 2.170000
 58 2.230000
 59 2.200000
 60 2.210000
 61 2.180000
 62 2.210000
 63 2.230000
 64 2.230000
 65 2.230000
 66 2.240000
 67 2.270000
 68 2.250000
 69 2.240000
 70 2.240000
 71 2.500000
 72 3.000000
 73 2.970000
 74 2.950000
 75 2.930000
 76 2.930000
 77 2.700000
 78 2.500000
 79 2.570000
 80 2.560000
 81 2.530000
 82 2.560000
 83 2.540000
 84 2.530000
 85 2.540000
 86 2.580000
 87 2.650000
 88 2.700000
 89 2.750000
 90 2.730000
 91 2.780000
 92 2.780000
 93 2.800000
 94 2.780000
 95 2.820000
 96 2.850000
 97 2.870000
 98 2.860000
 99 2.880000
 100 2.900000
 101 2.900000
 102 2.950000
 103 2.980000
 104 2.980000
 105 3.000000
 106 2.980000
 107 3.000000
 108 3.050000
 109 3.050000
 110 3.060000
 111 3.110000
 112 3.080000
 113 3.140000
 114 3.160000
 115 3.190000
 116 3.160000
 117 3.160000
 118 3.210000
 119 3.240000
 120 3.240000
 121 3.290000
 122 3.290000
 123 3.340000
 124 3.310000
 125 3.330000
 126 3.380000
 127 3.380000
 128 3.400000
 129 3.400000
 130 3.400000
 131 3.400000
 132 3.440000
 133 3.420000
 134 3.400000
 135 3.470000
 136 3.450000
 137 3.470000
 138 3.510000
 139 3.630000
 140 3.660000
 141 3.760000
 142 3.750000
 143 3.730000
 144 3.750000
 145 3.750000
 146 3.780000
 147 3.810000
 148 3.820000
 149 3.870000
 150 3.900000
 151 3.800000
 152 3.800000
 153 3.950000
 154 3.930000
 155 4.000000
 156 4.000000
 157 4.030000
 158 4.050000
 159 4.080000
 160 4.080000
 161 4.080000
 162 4.100000
 163 4.080000
 164 4.060000
 165 4.020000
 166 4.000000
 167 3.930000
 168 3.930000
 169 3.920000
 170 3.900000
 171 3.990000
 172 3.880000
 173 3.870000
 174 3.850000
 175 3.960000
 176 3.830000
 177 3.800000
 178 3.430000
 179 3.410000
 180 3.430000
 181 3.780000
 182 3.780000
 183 3.620000
 184 3.610000
 185 3.590000
 186 3.480000
 187 3.760000
 188 3.700000
 189 3.760000
 190 3.680000
 191 3.720000
 192 2.810000
 193 2.750000
 194 2.750000
 195 2.730000
 196 2.750000
 197 2.760000
 198 2.750000
 199 2.760000
 200 2.770000
 201 2.770000
 202 2.770000
 203 2.760000
 204 2.710000
 205 2.720000
 206 2.730000
 207 2.740000
 208 2.530000
 209 2.410000
 210 2.360000
 211 2.350000
 212 2.320000
 213 2.320000
 214 2.300000
 215 2.280000
 216 2.250000
 217 2.250000
 218 2.250000
 219 2.230000
 220 2.200000
 221 2.200000
 222 2.200000
 223 2.180000
 224 2.150000
 225 2.130000
 226 2.090000
 227 2.090000
 228 2.120000
 229 2.130000
 230 2.180000
 231 2.150000
 232 2.150000
 233 2.150000
 234 2.160000
 235 2.170000
 236 2.170000
 237 2.170000
 238 2.170000
 239 2.150000
 240 2.180000
 241 2.200000
 242 2.250000
 243 2.250000
 244 2.250000
 245 2.220000
 246 2.250000
 247 2.270000
 248 2.300000
 249 2.320000
 250 2.570000
 251 2.580000
 252 2.320000
 253 2.290000
 254 2.300000
 255 2.470000
 256 2.530000
 257 2.530000
 258 2.520000
 259 2.520000
 260 2.540000
 261 1.430000
 262 1.340000
 263 1.340000
 264 1.310000
 265 1.330000
 266 1.280000
 267 1.250000
 268 1.250000
 269 1.230000
 270 1.200000
 271 1.180000
 272 1.130000
 273 1.130000
 274 1.100000
 275 1.050000
 276 1.080000
 277 1.080000
 278 1.080000
 279 1.070000
 280 1.080000
 281 1.080000
 282 1.090000
 283 1.070000
 284 1.100000
 285 1.070000
 286 1.090000
 287 1.090000
 288 1.080000
 289 1.080000
 290 1.100000
 291 1.100000
 292 1.080000
 293 1.100000
 294 1.090000
 295 1.100000
 296 1.130000
 297 1.100000
 298 1.130000
 299 1.130000
 300 1.130000
 301 1.100000
 302 1.130000
 303 1.120000
 304 1.130000
 305 1.130000
 306 1.130000
 307 1.130000
 308 1.130000
 309 1.150000
 310 1.130000
 311 1.130000
 312 1.150000
 313 1.150000
 314 1.150000
 315 1.150000
 316 1.130000
 317 1.150000
 318 1.150000
 319 1.150000
 320 1.150000
 321 1.150000
 322 1.180000
 323 1.180000
 324 1.180000
 325 1.160000
 326 1.190000
 327 1.180000
 328 1.150000
 329 1.200000
 330 1.170000
 331 1.180000
 332 1.160000
 333 1.190000
 334 1.210000
 335 1.190000
 336 1.170000
 337 1.210000
 338 1.180000
 339 1.180000
 340 1.200000
 341 1.210000
 342 4.680000
 343 4.680000
 344 4.680000
 345 4.690000
 346 4.680000
 347 4.680000
 348 4.680000
 349 4.680000
 350 4.540000
 351 4.700000
 352 4.160000
 353 4.070000
 354 4.700000
 355 4.700000
 356 4.700000
 357 4.700000
 358 4.700000
 359 4.730000
 360 4.700000
 361 4.730000
 362 4.700000
 363 4.730000
 364 4.730000
 365 4.750000
 366 4.750000
 367 4.750000
 368 4.750000
 369 4.730000
 370 4.750000
 371 4.750000
 372 4.750000
 373 4.760000
 374 4.630000
 375 4.780000
 376 4.780000
 377 4.200000
 378 4.170000
 379 4.800000
 380 4.800000
 381 4.800000
 382 4.830000
 383 4.590000
 384 4.650000
 385 4.820000
 386 4.840000
 387 1.220000
 388 1.190000
 389 1.190000
 390 1.190000
 391 1.170000
 392 1.170000
 393 1.170000
 394 1.170000
 395 1.170000
 396 1.160000
 397 1.160000
 398 1.160000
 399 1.160000
 400 1.150000
 401 1.150000
 402 1.150000
 403 1.180000
 404 1.200000
 405 1.200000
 406 1.260000
 407 3.380000
 408 3.390000
 409 3.400000
 410 3.370000
 411 3.340000
 412 3.370000
 413 4.380000
 414 4.420000
 415 4.380000
 416 4.390000
 417 4.380000
 418 4.390000
 419 4.410000
 420 4.420000
 421 4.430000
 422 1.800000
 423 1.710000
 424 1.690000
 425 1.660000
 426 1.690000
 427 1.690000
 428 1.660000
 429 1.690000
 430 1.690000
 431 1.660000
 432 1.700000
 433 1.720000
 434 1.740000
 435 1.770000
 436 4.630000
 437 4.590000
 438 4.530000
 439 2.530000
 440 2.560000
 441 2.270000
 442 2.240000
 443 2.240000
 444 2.240000
 445 2.240000
 446 2.240000
 447 2.210000
 448 2.200000
 449 2.250000
 450 2.290000
 451 3.770000
 452 3.750000
 453 4.550000
 454 4.580000
 455 4.580000
 456 1.070000
 457 1.080000
 458 1.060000
 459 1.060000
 460 1.060000
 461 1.060000
 462 1.060000
 463 1.060000
 464 1.060000
 465 1.070000
 466 1.060000
 467 1.070000
 468 1.040000
 469 1.060000
 470 1.040000
 471 1.060000
 472 1.050000
 473 1.110000
 474 1.170000
 475 1.610000
 476 1.610000
 477 1.640000
 478 1.610000
 479 1.610000
 480 1.610000
 481 1.630000
 482 1.680000
 483 2.140000
 484 2.190000
 485 2.190000
 486 2.270000
 487 4.380000
 488 4.340000
 489 4.320000
 490 4.250000
 491 4.230000
 492 4.240000
 493 4.310000
 494 4.310000
 495 4.330000
 496 4.380000
 497 4.430000
 498 4.450000
 499 4.450000
 500 4.450000
 501 4.450000
 502 4.420000
 503 4.450000
 504 3.480000
 505 3.460000
 506 3.490000
 507 3.490000
 508 4.370000
 509 4.350000
 510 4.350000
 511 4.320000
 512 4.320000
 513 4.300000
 514 4.300000
 515 2.290000
 516 2.180000
 517 2.190000
 518 2.190000
 519 2.190000
 520 2.190000
 521 2.140000
 522 1.700000
 523 1.630000
 524 1.610000
 525 1.640000
 526 1.610000
 527 1.640000
 528 1.610000
 529 1.610000
 530 1.610000
 531 1.240000
 532 1.080000
 533 1.080000
 534 1.090000
 535 1.060000
 536 1.090000
 537 1.070000
 538 1.090000
 539 1.090000
 540 1.070000
 541 1.060000
 542 1.090000
 543 1.060000
 544 1.080000
 545 1.060000
 546 1.070000
 547 1.090000
 548 1.070000
 549 1.090000
 550 1.110000
 551 1.120000
 552 1.210000
 553 3.090000
 554 3.060000
 555 3.110000
 556 3.040000
 557 3.000000
 558 3.110000
 559 3.090000
 560 3.090000
 561 3.000000
 562 1.280000
 563 1.220000
 564 1.230000
 565 1.230000
 566 1.230000
 567 1.210000
 568 1.230000
 569 1.230000
 570 1.230000
 571 1.210000
 572 1.230000
 573 1.230000
 574 1.230000
 575 1.210000
 576 1.210000
 577 1.230000
 578 1.210000
 579 1.230000
 580 1.230000
 581 1.210000
 582 1.210000
 583 1.210000
 584 1.230000
 585 1.210000
 586 1.210000
 587 1.210000
 588 1.210000
 589 1.210000
 590 1.210000
 591 1.210000
 592 1.210000
 593 1.210000
 594 1.210000
 595 1.230000
 596 1.210000
 597 1.210000
 598 1.210000
 599 1.210000
 600 1.210000
 601 1.210000
 602 1.210000
 603 1.210000
 604 1.210000
 605 1.210000
 606 1.210000
 607 1.210000
 608 1.210000
 609 1.210000
 610 1.210000
 611 1.210000
 612 1.210000
 613 1.210000
 614 1.210000
 615 1.210000
 616 1.210000
 617 1.210000
 618 1.210000
 619 1.210000
 620 1.210000
 621 1.210000
 622 1.210000
 623 1.230000
 624 1.210000
 625 1.210000
 626 1.210000
 627 1.210000
 628 1.210000
 629 1.210000
 630 1.230000
 631 1.230000
 632 1.210000
 633 1.230000
 634 1.230000
 635 1.210000
 636 1.210000
 637 1.230000
 638 1.230000
 639 1.230000
 640 1.210000
 641 1.210000
 642 1.230000
 643 1.230000
 644 1.260000
 645 1.210000
 646 1.230000
 647 1.230000
 648 1.230000
 649 1.230000
 650 1.230000
 651 1.230000
 652 1.230000
 653 1.230000
 654 1.230000
 655 1.260000
 656 1.260000
 657 1.260000
 658 1.230000
 659 1.260000
 660 1.230000
 661 1.260000
 662 1.230000
 663 1.260000
 664 1.260000
 665 1.260000
 666 1.260000
 667 1.260000
 668 1.260000
 669 1.260000
 670 1.280000
 671 1.260000
 672 1.280000
 673 1.280000
 674 1.280000
 675 1.260000
 676 1.260000
 677 1.280000
 678 1.280000
 679 1.280000
 680 1.280000
 681 1.280000
 682 1.280000
 683 1.280000
 684 1.280000
 685 1.280000
 686 1.310000
 687 1.310000
 688 1.280000
 689 1.310000
 690 1.310000
 691 1.300000
 692 1.350000
 693 1.260000
 694 3.690000
 695 3.710000
 696 3.690000
 697 3.710000
 698 3.740000
 699 3.740000
 700 3.740000
 701 3.740000
 702 3.100000
 703 3.110000
 704 3.240000
 705 3.260000
 706 3.190000
 707 3.220000
 708 3.250000
 709 3.270000
 710 3.170000
 711 3.280000
 712 3.400000
 713 3.380000
 714 3.330000
 715 3.060000
 716 3.030000
 717 3.030000
 718 3.040000
 719 3.090000
 720 3.210000
 721 3.030000
 722 3.000000
 723 3.040000
 724 2.930000
 725 2.930000
 726 3.050000
 727 3.100000
 728 3.100000
 729 3.020000
 730 3.070000
 731 3.070000
 732 3.100000
 733 3.100000
 734 3.070000
 735 3.070000
 736 3.090000
 737 3.080000
 738 3.060000
 739 3.060000
 740 3.060000
 741 3.060000
 742 3.110000
 743 2.780000
 744 2.740000
 745 2.720000
 746 2.730000
 747 2.720000
 748 2.690000
 749 2.660000
 750 2.660000
 751 2.680000
 752 2.640000
 753 2.610000
 754 2.590000
 755 2.590000
 756 2.590000
 757 2.510000
 758 2.550000
 759 2.500000
 760 2.500000
 0 2.910000
 1 2.890000
 2 2.910000
 3 2.910000
 4 2.940000
 5 2.940000
 6 2.940000
 7 2.940000
 8 2.940000
 9 2.940000
 10 2.960000
 11 2.990000
 12 2.960000
 13 2.960000
 14 2.370000
 15 2.250000
 16 2.370000
 17 2.360000
 18 2.320000
 19 2.280000
 20 2.320000
 21 2.340000
 22 2.400000
 23 2.400000
 24 2.400000
 25 2.380000
 26 2.400000
 27 2.340000
 28 2.320000
 29 2.320000
 30 2.790000
 31 2.400000
 32 2.460000
 33 2.330000
 34 2.430000
 35 2.450000
 36 2.400000
 37 2.430000
 38 2.400000
 39 2.320000
 40 2.300000
 41 2.300000
 42 2.300000
 43 2.300000
 44 2.200000
 45 2.300000
 46 2.150000
 47 2.200000
 48 2.300000
 49 2.280000
 50 2.260000
 51 2.220000
 52 2.250000
 53 2.250000
 54 2.280000
 55 2.190000
 56 2.300000
 57 2.180000
 58 2.230000
 59 2.220000
 60 2.190000
 61 2.200000
 62 2.210000
 63 2.230000
 64 2.230000
 65 2.240000
 66 2.270000
 67 2.270000
 68 2.200000
 69 2.240000
 70 2.240000
 71 2.500000
 72 2.970000
 73 2.970000
 74 2.950000
 75 2.950000
 76 2.900000
 77 2.750000
 78 2.520000
 79 2.570000
 80 2.560000
 81 2.530000
 82 2.560000
 83 2.540000
 84 2.510000
 85 2.540000
 86 2.610000
 87 2.650000
 88 2.730000
 89 2.750000
 90 2.730000
 91 2.780000
 92 2.780000
 93 2.780000
 94 2.780000
 95 2.820000
 96 2.850000
 97 2.870000
 98 2.860000
 99 2.870000
 100 2.930000
 101 2.930000
 102 2.950000
 103 2.950000
 104 2.980000
 105 3.000000
 106 2.980000
 107 3.000000
 108 3.030000
 109 3.050000
 110 3.060000
 111 3.110000
 112 3.100000
 113 3.140000
 114 3.140000
 115 3.160000
 116 3.190000
 117 3.190000
 118 3.210000
 119 3.240000
 120 3.260000
 121 3.290000
 122 3.310000
 123 3.310000
 124 3.300000
 125 3.330000
 126 3.380000
 127 3.380000
 128 3.400000
 129 3.400000
 130 3.430000
 131 3.400000
 132 3.410000
 133 3.390000
 134 3.430000
 135 3.460000
 136 3.450000
 137 3.440000
 138 3.500000
 139 3.660000
 140 3.660000
 141 3.750000
 142 3.720000
 143 3.750000
 144 3.780000
 145 3.740000
 146 3.780000
 147 3.810000
 148 3.850000
 149 3.870000
 150 3.920000
 151 3.780000
 152 3.800000
 153 3.950000
 154 3.950000
 155 3.980000
 156 4.030000
 157 4.030000
 158 4.050000
 159 4.050000
 160 4.080000
 161 4.080000
 162 4.080000
 163 4.080000
 164 4.060000
 165 3.980000
 166 4.000000
 167 3.930000
 168 3.950000
 169 3.930000
 170 3.900000
 171 3.970000
 172 3.880000
 173 3.870000
 174 3.880000
 175 3.960000
 176 3.830000
 177 3.800000
 178 3.400000
 179 3.410000
 180 3.410000
 181 3.750000
 182 3.750000
 183 3.620000
 184 3.610000
 185 3.590000
 186 3.480000
 187 3.790000
 188 3.680000
 189 3.790000
 190 3.680000
 191 3.720000
 192 2.810000
 193 2.780000
 194 2.780000
 195 2.770000
 196 2.770000
 197 2.760000
 198 2.760000
 199 2.760000
 200 2.740000
 201 2.740000
 202 2.750000
 203 2.750000
 204 2.730000
 205 2.750000
 206 2.760000
 207 2.760000
 208 2.530000
 209 2.400000
 210 2.360000
 211 2.320000
 212 2.320000
 213 2.300000
 214 2.300000
 215 2.300000
 216 2.250000
 217 2.250000
 218 2.250000
 219 2.230000
 220 2.200000
 221 2.200000
 222 2.180000
 223 2.180000
 224 2.150000
 225 2.130000
 226 2.090000
 227 2.090000
 228 2.120000
 229 2.180000
 230 2.150000
 231 2.150000
 232 2.160000
 233 2.180000
 234 2.160000
 235 2.170000
 236 2.180000
 237 2.200000
 238 2.180000
 239 2.180000
 240 2.180000
 241 2.230000
 242 2.200000
 243 2.230000
 244 2.250000
 245 2.220000
 246 2.250000
 247 2.270000
 248 2.300000
 249 2.320000
 250 2.570000
 251 2.580000
 252 2.320000
 253 2.290000
 254 2.300000
 255 2.490000
 256 2.550000
 257 2.550000
 258 2.520000
 259 2.540000
 260 2.540000
 261 1.400000
 262 1.360000
 263 1.370000
 264 1.340000
 265 1.300000
 266 1.300000
 267 1.250000
 268 1.230000
 269 1.230000
 270 1.200000
 271 1.180000
 272 1.180000
 273 1.130000
 274 1.080000
 275 1.080000
 276 1.050000
 277 1.080000
 278 1.050000
 279 1.070000
 280 1.080000
 281 1.080000
 282 1.090000
 283 1.090000
 284 1.080000
 285 1.090000
 286 1.090000
 287 1.080000
 288 1.080000
 289 1.100000
 290 1.100000
 291 1.110000
 292 1.100000
 293 1.100000
 294 1.100000
 295 1.100000
 296 1.100000
 297 1.130000
 298 1.100000
 299 1.100000
 300 1.100000
 301 1.100000
 302 1.130000
 303 1.130000
 304 1.130000
 305 1.130000
 306 1.130000
 307 1.130000
 308 1.150000
 309 1.130000
 310 1.130000
 311 1.130000
 312 1.150000
 313 1.150000
 314 1.130000
 315 1.130000
 316 1.150000
 317 1.150000
 318 1.150000
 319 1.150000
 320 1.180000
 321 1.150000
 322 1.150000
 323 1.150000
 324 1.170000
 325 1.190000
 326 1.190000
 327 1.150000
 328 1.180000
 329 1.170000
 330 1.170000
 331 1.200000
 332 1.180000
 333 1.160000
 334 1.200000
 335 1.180000
 336 1.180000
 337 1.210000
 338 1.200000
 339 1.200000
 340 1.230000
 341 1.210000
 342 4.650000
 343 4.680000
 344 4.680000
 345 4.690000
 346 4.680000
 347 4.680000
 348 4.680000
 349 4.680000
 350 4.550000
 351 4.680000
 352 4.160000
 353 4.040000
 354 4.700000
 355 4.680000
 356 4.700000
 357 4.700000
 358 4.700000
 359 4.700000
 360 4.730000
 361 4.730000
 362 4.730000
 363 4.730000
 364 4.730000
 365 4.750000
 366 4.750000
 367 4.730000
 368 4.750000
 369 4.750000
 370 4.750000
 371 4.750000
 372 4.750000
 373 4.740000
 374 4.630000
 375 4.780000
 376 4.800000
 377 4.170000
 378 4.170000
 379 4.780000
 380 4.800000
 381 4.800000
 382 4.800000
 383 4.560000
 384 4.650000
 385 4.850000
 386 4.840000
 387 1.200000
 388 1.190000
 389 1.190000
 390 1.170000
 391 1.170000
 392 1.170000
 393 1.170000
 394 1.170000
 395 1.160000
 396 1.160000
 397 1.140000
 398 1.140000
 399 1.160000
 400 1.150000
 401 1.180000
 402 1.180000
 403 1.180000
 404 1.180000
 405 1.200000
 406 1.260000
 407 3.380000
 408 3.390000
 409 3.370000
 410 3.370000
 411 3.360000
 412 3.370000
 413 4.410000
 414 4.390000
 415 4.380000
 416 4.390000
 417 4.400000
 418 4.390000
 419 4.390000
 420 4.420000
 421 4.410000
 422 1.770000
 423 1.690000
 424 1.690000
 425 1.690000
 426 1.690000
 427 1.660000
 428 1.690000
 429 1.690000
 430 1.690000
 431 1.660000
 432 1.700000
 433 1.720000
 434 1.740000
 435 1.770000
 436 4.630000
 437 4.590000
 438 4.530000
 439 2.500000
 440 2.560000
 441 2.270000
 442 2.240000
 443 2.240000
 444 2.210000
 445 2.240000
 446 2.240000
 447 2.240000
 448 2.240000
 449 2.270000
 450 2.290000
 451 3.750000
 452 3.730000
 453 4.570000
 454 4.580000
 455 4.590000
 456 1.070000
 457 1.050000
 458 1.090000
 459 1.060000
 460 1.060000
 461 1.060000
 462 1.090000
 463 1.060000
 464 1.060000
 465 1.070000
 466 1.060000
 467 1.060000
 468 1.040000
 469 1.060000
 470 1.060000
 471 1.040000
 472 1.050000
 473 1.110000
 474 1.170000
 475 1.610000
 476 1.610000
 477 1.640000
 478 1.610000
 479 1.640000
 480 1.610000
 481 1.600000
 482 1.700000
 483 2.110000
 484 2.190000
 485 2.210000
 486 2.270000
 487 4.360000
 488 4.340000
 489 4.320000
 490 4.230000
 491 4.230000
 492 4.250000
 493 4.330000
 494 4.300000
 495 4.310000
 496 4.380000
 497 4.410000
 498 4.450000
 499 4.450000
 500 4.450000
 501 4.420000
 502 4.450000
 503 4.420000
 504 3.480000
 505 3.460000
 506 3.490000
 507 3.510000
 508 4.350000
 509 4.370000
 510 4.350000
 511 4.320000
 512 4.320000
 513 4.320000
 514 4.300000
 515 2.230000
 516 2.210000
 517 2.190000
 518 2.170000
 519 2.190000
 520 2.190000
 521 2.170000
 522 1.720000
 523 1.630000
 524 1.610000
 525 1.640000
 526 1.640000
 527 1.610000
 528 1.610000
 529 1.640000
 530 1.610000
 531 1.260000
 532 1.080000
 533 1.080000
 534 1.090000
 535 1.090000
 536 1.090000
 537 1.070000
 538 1.070000
 539 1.070000
 540 1.060000
 541 1.060000
 542 1.060000
 543 1.060000
 544 1.100000
 545 1.070000
 546 1.060000
 547 1.060000
 548 1.070000
 549 1.090000
 550 1.110000
 551 1.110000
 552 1.210000
 553 3.090000
 554 3.070000
 555 3.110000
 556 3.020000
 557 3.000000
 558 3.110000
 559 3.090000
 560 3.090000
 561 3.000000
 562 1.260000
 563 1.210000
 564 1.230000
 565 1.230000
 566 1.230000
 567 1.210000
 568 1.210000
 569 1.210000
 570 1.210000
 571 1.230000
 572 1.210000
 573 1.210000
 574 1.230000
 575 1.210000
 576 1.210000
 577 1.210000
 578 1.210000
 579 1.210000
 580 1.230000
 581 1.210000
 582 1.210000
 583 1.210000
 584 1.210000
 585 1.210000
 586 1.210000
 587 1.210000
 588 1.210000
 589 1.210000
 590 1.210000
 591 1.210000
 592 1.210000
 593 1.210000
 594 1.210000
 595 1.210000
 596 1.210000
 597 1.210000
 598 1.210000
 599 1.210000
 600 1.210000
 601 1.210000
 602 1.210000
 603 1.210000
 604 1.210000
 605 1.210000
 606 1.210000
 607 1.210000
 608 1.210000
 609 1.180000
 610 1.230000
 611 1.210000
 612 1.210000
 613 1.210000
 614 1.210000
 615 1.210000
 616 1.210000
 617 1.210000
 618 1.210000
 619 1.210000
 620 1.210000
 621 1.210000
 622 1.210000
 623 1.210000
 624 1.210000
 625 1.230000
 626 1.210000
 627 1.210000
 628 1.230000
 629 1.210000
 630 1.210000
 631 1.210000
 632 1.230000
 633 1.230000
 634 1.210000
 635 1.210000
 636 1.230000
 637 1.230000
 638 1.210000
 639 1.210000
 640 1.230000
 641 1.210000
 642 1.230000
 643 1.230000
 644 1.230000
 645 1.230000
 646 1.230000
 647 1.230000
 648 1.230000
 649 1.230000
 650 1.230000
 651 1.230000
 652 1.230000
 653 1.230000
 654 1.230000
 655 1.260000
 656 1.230000
 657 1.230000
 658 1.230000
 659 1.260000
 660 1.230000
 661 1.260000
 662 1.260000
 663 1.260000
 664 1.260000
 665 1.230000
 666 1.280000
 667 1.260000
 668 1.260000
 669 1.260000
 670 1.260000
 671 1.260000
 672 1.280000
 673 1.280000
 674 1.260000
 675 1.280000
 676 1.260000
 677 1.280000
 678 1.280000
 679 1.280000
 680 1.280000
 681 1.280000
 682 1.280000
 683 1.280000
 684 1.280000
 685 1.310000
 686 1.280000
 687 1.310000
 688 1.280000
 689 1.310000
 690 1.310000
 691 1.300000
 692 1.350000
 693 1.320000
 694 3.690000
 695 3.690000
 696 3.710000
 697 3.710000
 698 3.740000
 699 3.740000
 700 3.710000
 701 3.740000
 702 3.070000
 703 3.110000
 704 3.210000
 705 3.270000
 706 3.220000
 707 3.190000
 708 3.270000
 709 3.300000
 710 3.170000
 711 3.300000
 712 3.400000
 713 3.380000
 714 3.350000
 715 3.060000
 716 3.030000
 717 3.050000
 718 3.040000
 719 3.060000
 720 3.190000
 721 3.030000
 722 3.000000
 723 3.040000
 724 2.930000
 725 2.930000
 726 3.050000
 727 3.100000
 728 3.070000
 729 3.050000
 730 3.070000
 731 3.070000
 732 3.120000
 733 3.100000
 734 3.070000
 735 3.050000
 736 3.100000
 737 3.060000
 738 3.060000
 739 3.090000
 740 3.060000
 741 3.080000
 742 3.080000
 743 2.810000
 744 2.750000
 745 2.730000
 746 2.710000
 747 2.710000
 748 2.720000
 749 2.700000
 750 2.670000
 751 2.680000
 752 2.640000
 753 2.610000
 754 2.620000
 755 2.590000
 756 2.590000
 757 2.530000
 758 2.550000
 759 2.520000
 760 2.520000
 0 2.910000
 1 2.910000
 2 2.910000
 3 2.910000
 4 2.910000
 5 2.940000
 6 2.940000
 7 2.960000
 8 2.940000
 9 2.940000
 10 2.960000
 11 2.960000
 12 2.960000
 13 2.990000
 14 2.430000
 15 2.250000
 16 2.370000
 17 2.360000
 18 2.320000
 19 2.280000
 20 2.350000
 21 2.360000
 22 2.400000
 23 2.370000
 24 2.400000
 25 2.400000
 26 2.400000
 27 2.330000
 28 2.320000
 29 2.320000
 30 2.890000
 31 2.400000
 32 2.440000
 33 2.330000
 34 2.400000
 35 2.450000
 36 2.430000
 37 2.400000
 38 2.400000
 39 2.350000
 40 2.330000
 41 2.330000
 42 2.300000
 43 2.330000
 44 2.220000
 45 2.300000
 46 2.150000
 47 2.200000
 48 2.280000
 49 2.300000
 50 2.260000
 51 2.180000
 52 2.250000
 53 2.250000
 54 2.260000
 55 2.190000
 56 2.300000
 57 2.180000
 58 2.260000
 59 2.220000
 60 2.190000
 61 2.210000
 62 2.210000
 63 2.220000
 64 2.230000
 65 2.230000
 66 2.270000
 67 2.300000
 68 2.230000
 69 2.240000
 70 2.270000
 71 2.480000
 72 2.970000
 73 2.970000
 74 2.950000
 75 2.930000
 76 2.900000
 77 2.750000
 78 2.520000
 79 2.570000
 80 2.560000
 81 2.530000
 82 2.560000
 83 2.530000
 84 2.530000
 85 2.550000
 86 2.610000
 87 2.620000
 88 2.700000
 89 2.750000
 90 2.730000
 91 2.750000
 92 2.780000
 93 2.780000
 94 2.780000
 95 2.820000
 96 2.850000
 97 2.870000
 98 2.880000
 99 2.870000
 100 2.900000
 101 2.930000
 102 2.980000
 103 3.000000
 104 2.980000
 105 3.000000
 106 2.950000
 107 3.000000
 108 3.030000
 109 3.050000
 110 3.090000
 111 3.110000
 112 3.080000
 113 3.110000
 114 3.140000
 115 3.160000
 116 3.190000
 117 3.190000
 118 3.210000
 119 3.240000
 120 3.260000
 121 3.290000
 122 3.310000
 123 3.310000
 124 3.310000
 125 3.330000
 126 3.380000
 127 3.380000
 128 3.400000
 129 3.430000
 130 3.430000
 131 3.400000
 132 3.410000
 133 3.390000
 134 3.410000
 135 3.460000
 136 3.460000
 137 3.450000
 138 3.510000
 139 3.660000
 140 3.660000
 141 3.750000
 142 3.750000
 143 3.750000
 144 3.780000
 145 3.750000
 146 3.760000
 147 3.840000
 148 3.820000
 149 3.850000
 150 3.920000
 151 3.800000
 152 3.800000
 153 3.950000
 154 3.930000
 155 3.980000
 156 4.030000
 157 4.030000
 158 4.030000
 159 4.070000
 160 4.080000
 161 4.080000
 162 4.100000
 163 4.080000
 164 4.060000
 165 3.980000
 166 4.000000
 167 3.930000
 168 3.950000
 169 3.930000
 170 3.900000
 171 3.960000
 172 3.850000
 173 3.850000
 174 3.850000
 175 3.930000
 176 3.830000
 177 3.830000
 178 3.430000
 179 3.410000
 180 3.430000
 181 3.750000
 182 3.780000
 183 3.590000
 184 3.630000
 185 3.590000
 186 3.480000
 187 3.760000
 188 3.700000
 189 3.790000
 190 3.810000
 191 3.720000
 192 2.840000
 193 2.750000
 194 2.750000
 195 2.770000
 196 2.750000
 197 2.760000
 198 2.760000
 199 2.760000
 200 2.740000
 201 2.750000
 202 2.770000
 203 2.770000
 204 2.730000
 205 2.750000
 206 2.730000
 207 2.740000
 208 2.530000
 209 2.430000
 210 2.360000
 211 2.350000
 212 2.320000
 213 2.300000
 214 2.300000
 215 2.280000
 216 2.250000
 217 2.250000
 218 2.250000
 219 2.200000
 220 2.200000
 221 2.200000
 222 2.180000
 223 2.180000
 224 2.180000
 225 2.130000
 226 2.090000
 227 2.090000
 228 2.150000
 229 2.160000
 230 2.150000
 231 2.180000
 232 2.170000
 233 2.180000
 234 2.170000
 235 2.200000
 236 2.170000
 237 2.200000
 238 2.150000
 239 2.180000
 240 2.200000
 241 2.200000
 242 2.230000
 243 2.230000
 244 2.250000
 245 2.250000
 246 2.250000
 247 2.270000
 248 2.270000
 249 2.320000
 250 2.570000
 251 2.580000
 252 2.320000
 253 2.260000
 254 2.300000
 255 2.490000
 256 2.530000
 257 2.520000
 258 2.520000
 259 2.540000
 260 2.540000
 261 1.400000
 262 1.360000
 263 1.370000
 264 1.340000
 265 1.300000
 266 1.280000
 267 1.280000
 268 1.230000
 269 1.230000
 270 1.200000
 271 1.180000
 272 1.150000
 273 1.130000
 274 1.100000
 275 1.050000
 276 1.080000
 277 1.050000
 278 1.080000
 279 1.070000
 280 1.050000
 281 1.080000
 282 1.060000
 283 1.070000
 284 1.080000
 285 1.090000
 286 1.070000
 287 1.070000
 288 1.080000
 289 1.100000
 290 1.100000
 291 1.100000
 292 1.100000
 293 1.100000
 294 1.090000
 295 1.100000
 296 1.130000
 297 1.100000
 298 1.100000
 299 1.100000
 300 1.100000
 301 1.130000
 302 1.130000
 303 1.120000
 304 1.130000
 305 1.130000
 306 1.130000
 307 1.130000
 308 1.150000
 309 1.130000
 310 1.130000
 311 1.130000
 312 1.150000
 313 1.150000
 314 1.150000
 315 1.150000
 316 1.150000
 317 1.150000
 318 1.150000
 319 1.150000
 320 1.150000
 321 1.180000
 322 1.150000
 323 1.180000
 324 1.170000
 325 1.160000
 326 1.160000
 327 1.180000
 328 1.180000
 329 1.200000
 330 1.170000
 331 1.180000
 332 1.170000
 333 1.190000
 334 1.190000
 335 1.150000
 336 1.200000
 337 1.200000
 338 1.200000
 339 1.170000
 340 1.210000
 341 1.210000
 342 4.680000
 343 4.680000
 344 4.660000
 345 4.690000
 346 4.680000
 347 4.680000
 348 4.680000
 349 4.680000
 350 4.540000
 351 4.700000
 352 4.160000
 353 4.040000
 354 4.680000
 355 4.700000
 356 4.700000
 357 4.700000
 358 4.700000
 359 4.700000
 360 4.700000
 361 4.700000
 362 4.730000
 363 4.730000
 364 4.730000
 365 4.730000
 366 4.730000
 367 4.750000
 368 4.730000
 369 4.750000
 370 4.780000
 371 4.750000
 372 4.750000
 373 4.760000
 374 4.640000
 375 4.780000
 376 4.780000
 377 4.170000
 378 4.190000
 379 4.800000
 380 4.800000
 381 4.800000
 382 4.800000
 383 4.590000
 384 4.670000
 385 4.820000
 386 4.840000
 387 1.220000
 388 1.170000
 389 1.190000
 390 1.190000
 391 1.170000
 392 1.190000
 393 1.170000
 394 1.170000
 395 1.160000
 396 1.160000
 397 1.160000
 398 1.140000
 399 1.160000
 400 1.150000
 401 1.170000
 402 1.180000
 403 1.200000
 404 1.200000
 405 1.200000
 406 1.260000
 407 3.410000
 408 3.390000
 409 3.370000
 410 3.370000
 411 3.340000
 412 3.370000
 413 4.410000
 414 4.390000
 415 4.410000
 416 4.390000
 417 4.400000
 418 1.360000
 419 4.410000
 420 4.400000
 421 4.410000
 422 1.770000
 423 1.710000
 424 1.660000
 425 1.660000
 426 1.690000
 427 1.690000
 428 1.690000
 429 1.690000
 430 1.690000
 431 1.690000
 432 1.670000
 433 1.700000
 434 1.740000
 435 1.800000
 436 4.620000
 437 4.570000
 438 4.520000
 439 2.500000
 440 2.560000
 441 2.270000
 442 2.240000
 443 2.240000
 444 2.240000
 445 2.270000
 446 2.240000
 447 2.210000
 448 2.240000
 449 2.250000
 450 2.320000
 451 3.750000
 452 3.750000
 453 4.570000
 454 4.560000
 455 4.600000
 456 1.080000
 457 1.080000
 458 1.060000
 459 1.060000
 460 1.060000
 461 1.060000
 462 1.060000
 463 1.060000
 464 1.040000
 465 1.070000
 466 1.070000
 467 1.070000
 468 1.060000
 469 1.060000
 470 1.040000
 471 1.060000
 472 1.050000
 473 1.080000
 474 1.170000
 475 1.610000
 476 1.640000
 477 1.640000
 478 1.610000
 479 1.610000
 480 1.610000
 481 1.630000
 482 1.700000
 483 2.140000
 484 2.190000
 485 2.190000
 486 2.270000
 487 4.380000
 488 4.340000
 489 4.320000
 490 4.250000
 491 4.250000
 492 4.240000
 493 4.310000
 494 4.330000
 495 4.310000
 496 4.380000
 497 4.430000
 498 4.450000
 499 4.450000
 500 4.450000
 501 4.420000
 502 4.450000
 503 4.420000
 504 3.480000
 505 3.460000
 506 3.490000
 507 3.500000
 508 4.370000
 509 4.350000
 510 4.350000
 511 4.350000
 512 4.320000
 513 4.300000
 514 4.300000
 515 2.260000
 516 2.210000
 517 2.190000
 518 2.190000
 519 2.190000
 520 2.170000
 521 2.140000
 522 1.720000
 523 1.620000
 524 1.640000
 525 1.640000
 526 1.610000
 527 1.610000
 528 1.610000
 529 1.610000
 530 1.590000
 531 1.260000
 532 1.100000
 533 1.080000
 534 1.090000
 535 1.090000
 536 1.060000
 537 1.070000
 538 1.070000
 539 1.070000
 540 1.090000
 541 1.060000
 542 1.060000
 543 1.090000
 544 1.080000
 545 1.060000
 546 1.060000
 547 1.090000
 548 1.070000
 549 1.090000
 550 1.110000
 551 1.140000
 552 1.210000
 553 3.070000
 554 3.070000
 555 3.110000
 556 3.020000
 557 3.000000
 558 3.090000
 559 3.110000
 560 3.090000
 561 3.000000
 562 1.280000
 563 1.220000
 564 1.230000
 565 1.230000
 566 1.210000
 567 1.230000
 568 1.230000
 569 1.210000
 570 1.210000
 571 1.230000
 572 1.230000
 573 1.230000
 574 1.230000
 575 1.210000
 576 1.230000
 577 1.210000
 578 1.230000
 579 1.230000
 580 1.230000
 581 1.210000
 582 1.230000
 583 1.210000
 584 1.230000
 585 1.210000
 586 1.230000
 587 1.210000
 588 1.210000
 589 1.210000
 590 1.210000
 591 1.210000
 592 1.210000
 593 1.230000
 594 1.210000
 595 1.210000
 596 1.210000
 597 1.210000
 598 1.210000
 599 1.210000
 600 1.210000
 601 1.210000
 602 1.210000
 603 1.210000
 604 1.210000
 605 1.210000
 606 1.210000
 607 1.210000
 608 1.210000
 609 1.210000
 610 1.210000
 611 1.210000
 612 1.210000
 613 1.210000
 614 1.180000
 615 1.210000
 616 1.210000
 617 1.210000
 618 1.210000
 619 1.210000
 620 1.210000
 621 1.210000
 622 1.230000
 623 1.210000
 624 1.210000
 625 1.210000
 626 1.210000
 627 1.210000
 628 1.210000
 629 1.210000
 630 1.230000
 631 1.230000
 632 1.230000
 633 1.230000
 634 1.230000
 635 1.230000
 636 1.210000
 637 1.230000
 638 1.230000
 639 1.210000
 640 1.230000
 641 1.230000
 642 1.210000
 643 1.230000
 644 1.230000
 645 1.230000
 646 1.230000
 647 1.230000
 648 1.230000
 649 1.230000
 650 1.230000
 651 1.230000
 652 1.260000
 653 1.230000
 654 1.260000
 655 1.260000
 656 1.260000
 657 1.230000
 658 1.230000
 659 1.260000
 660 1.260000
 661 1.260000
 662 1.230000
 663 1.260000
 664 1.260000
 665 1.260000
 666 1.260000
 667 1.260000
 668 1.260000
 669 1.260000
 670 1.280000
 671 1.280000
 672 1.280000
 673 1.280000
 674 1.260000
 675 1.280000
 676 1.280000
 677 1.280000
 678 1.280000
 679 1.280000
 680 1.280000
 681 1.280000
 682 1.280000
 683 1.280000
 684 1.280000
 685 1.310000
 686 1.310000
 687 1.280000
 688 1.280000
 689 1.310000
 690 1.310000
 691 1.300000
 692 1.350000
 693 1.290000
 694 3.690000
 695 3.710000
 696 3.710000
 697 3.710000
 698 3.710000
 699 3.710000
 700 3.740000
 701 3.740000
 702 3.070000
 703 3.110000
 704 3.210000
 705 3.270000
 706 3.190000
 707 3.190000
 708 3.270000
 709 3.270000
 710 3.200000
 711 3.280000
 712 3.400000
 713 3.380000
 714 3.330000
 715 3.060000
 716 3.030000
 717 3.030000
 718 3.040000
 719 3.060000
 720 3.190000
 721 3.000000
 722 3.020000
 723 3.010000
 724 2.920000
 725 2.930000
 726 3.050000
 727 3.100000
 728 3.100000
 729 3.050000
 730 3.070000
 731 3.100000
 732 3.100000
 733 3.100000
 734 3.070000
 735 3.070000
 736 3.120000
 737 3.060000
 738 3.060000
 739 3.090000
 740 3.090000
 741 3.060000
 742 3.110000
 743 2.830000
 744 2.750000
 745 2.760000
 746 2.730000
 747 2.710000
 748 2.720000
 749 2.700000
 750 2.670000
 751 2.680000
 752 2.660000
 753 2.620000
 754 2.590000
 755 2.600000
 756 2.590000
 757 2.530000
 758 2.570000
 759 2.520000
 760 2.500000