
 0 1.870000
 1 1.820000
 2 1.790000
 3 1.820000
 4 1.820000
 5 1.790000
 6 1.810000
 7 1.900000
 8 1.880000
 9 1.870000
 10 1.750000
 11 1.890000
 12 1.900000
 13 1.870000
 14 1.870000
 15 1.750000
 16 1.840000
 17 1.880000
 18 1.840000
 19 1.830000
 20 1.890000
 21 1.840000
 22 1.860000
 23 1.860000
 24 1.850000
 25 1.840000
 26 1.890000
 27 1.770000
 28 1.910000
 29 1.740000
 30 1.750000
 31 1.750000
 32 2.490000
 33 1.800000
 34 2.490000
 35 1.890000
 36 1.780000
 37 2.490000
 38 1.770000
 39 2.490000
 40 1.910000
 41 2.260000
 42 1.780000
 43 1.910000
 44 2.490000
 45 1.780000
 46 2.490000
 47 1.940000
 48 2.460000
 49 2.310000
 50 1.880000
 51 2.490000
 52 1.820000
 53 2.510000
 54 1.930000
 55 1.980000
 56 1.930000
 57 1.900000
 58 1.800000
 59 1.900000
 60 1.930000
 61 1.900000
 62 1.930000
 63 1.930000
 64 1.930000
 65 1.930000
 66 1.900000
 67 1.930000
 68 1.930000
 69 1.930000
 70 1.950000
 71 1.850000
 72 1.830000
 73 1.880000
 74 1.980000
 75 1.850000
 76 1.980000
 77 1.850000
 78 1.980000
 79 2.000000
 80 1.880000
 81 1.880000
 82 2.000000
 83 1.900000
 84 1.880000
 85 1.900000
 86 2.570000
 87 2.030000
 88 1.940000
 89 2.040000
 90 4.110000
 91 1.950000
 92 1.930000
 93 1.930000
 94 1.940000
 95 2.090000
 96 1.920000
 97 1.930000
 98 2.060000
 99 2.010000
 100 1.980000
 101 2.010000
 102 1.980000
 103 1.980000
 104 1.950000
 105 2.030000
 106 1.980000
 107 2.000000
 108 2.030000
 109 2.030000
 110 2.090000
 111 2.080000
 112 2.100000
 113 2.120000
 114 1.980000
 115 2.000000
 116 2.000000
 117 2.000000
 118 2.040000
 119 2.050000
 120 2.030000
 121 2.060000
 122 2.100000
 123 2.030000
 124 1.990000
 125 2.210000
 126 2.040000
 127 2.140000
 128 2.170000
 129 2.160000
 130 2.050000
 131 2.130000
 132 2.080000
 133 2.130000
 134 2.180000
 135 2.160000
 136 2.030000
 137 2.160000
 138 2.100000
 139 2.130000
 140 3.560000
 141 2.210000
 142 2.110000
 143 2.230000
 144 2.100000
 145 2.210000
 146 2.130000
 147 2.200000
 148 2.100000
 149 2.180000
 150 2.100000
 151 2.240000
 152 2.230000
 153 2.260000
 154 2.210000
 155 2.270000
 156 2.250000
 157 2.250000
 158 2.260000
 159 2.230000
 160 2.280000
 161 2.300000
 162 2.240000
 163 2.280000
 164 2.320000
 165 2.330000
 166 2.320000
 167 2.220000
 168 2.310000
 169 2.210000
 170 2.220000
 171 2.350000
 172 2.220000
 173 2.360000
 174 2.250000
 175 2.250000
 176 2.380000
 177 2.400000
 178 2.370000
 179 2.400000
 180 2.400000
 181 2.370000
 182 2.420000
 183 2.420000
 184 2.320000
 185 2.300000
 186 2.440000
 187 2.420000
 188 2.390000
 189 2.390000
 190 2.380000
 191 2.370000
 192 2.370000
 193 2.390000
 194 2.390000
 195 2.390000
 196 2.450000
 197 2.460000
 198 2.540000
 199 2.450000
 200 2.560000
 201 2.670000
 202 3.630000
 203 3.650000
 204 3.650000
 205 3.680000
 206 3.550000
 207 3.010000
 208 3.000000
 209 2.990000
 210 3.010000
 211 3.030000
 212 3.040000
 213 3.060000
 214 3.070000
 215 3.480000
 216 3.460000
 217 3.460000
 218 3.460000
 219 3.440000
 220 3.440000
 221 3.410000
 222 3.410000
 223 3.390000
 224 3.390000
 225 3.390000
 226 3.380000
 227 3.390000
 228 3.360000
 229 3.360000
 230 3.340000
 231 3.340000
 232 3.340000
 233 3.340000
 234 3.340000
 235 3.310000
 236 3.310000
 237 3.510000
 238 3.570000
 239 3.620000
 240 3.660000
 241 3.700000
 242 3.680000
 243 3.720000
 244 3.770000
 245 3.820000
 246 3.840000
 247 3.870000
 248 3.870000
 249 3.330000
 250 3.260000
 251 3.220000
 252 3.230000
 253 3.230000
 254 3.270000
 255 3.300000
 256 3.240000
 257 3.220000
 258 3.190000
 259 3.220000
 260 3.230000
 261 3.220000
 262 3.220000
 263 3.200000
 264 3.270000
 265 3.260000
 266 3.240000
 267 3.200000
 268 3.230000
 269 3.200000
 270 3.230000
 271 3.260000
 272 3.310000
 273 3.230000
 274 3.250000
 275 3.290000
 276 3.300000
 277 3.280000
 278 3.310000
 279 3.290000
 280 3.290000
 281 3.240000
 282 3.270000
 283 3.250000
 284 3.260000
 285 1.480000
 286 1.440000
 287 1.440000
 288 1.420000
 289 1.440000
 290 1.440000
 291 1.420000
 292 1.420000
 293 1.440000
 294 1.440000
 295 1.440000
 296 1.420000
 297 1.450000
 298 1.500000
 299 1.560000
 300 1.990000
 301 1.860000
 302 1.760000
 303 1.790000
 304 1.760000
 305 1.950000
 306 2.010000
 307 2.210000
 308 2.540000
 309 2.540000
 310 2.550000
 311 2.630000
 312 3.120000
 313 3.130000
 314 3.120000
 315 3.120000
 316 3.130000
 317 3.150000
 318 3.100000
 319 3.100000
 320 3.100000
 321 3.100000
 322 3.090000
 323 8.000000
 324 8.000000
 325 7.970000
 326 7.100000
 327 6.670000
 328 7.960000
 329 7.950000
 330 4.300000
 331 4.330000
 332 7.940000
 333 4.850000
 334 3.020000
 335 2.970000
 336 2.580000
 337 2.540000
 338 2.030000
 339 1.980000
 340 2.010000
 341 1.880000
 342 1.530000
 343 1.420000
 344 1.410000
 345 1.420000
 346 1.420000
 347 1.410000
 348 1.440000
 349 1.420000
 350 1.420000
 351 1.420000
 352 1.420000
 353 1.440000
 354 1.440000
 355 1.410000
 356 3.040000
 357 3.030000
 358 3.090000
 359 3.080000
 360 3.050000
 361 3.000000
 362 3.000000
 363 3.000000
 364 7.820000
 365 3.000000
 366 3.000000
 367 2.630000
 368 2.620000
 369 2.580000
 370 2.590000
 371 2.590000
 372 2.590000
 373 2.590000
 374 2.610000
 375 2.600000
 376 3.060000
 377 3.070000
 378 2.130000
 379 2.080000
 380 2.040000
 381 2.040000
 382 2.060000
 383 2.040000
 384 2.040000
 385 2.060000
 386 2.040000
 387 2.060000
 388 2.080000
 389 4.490000
 390 2.970000
 391 3.000000
 392 7.830000
 393 2.980000
 394 2.980000
 395 4.210000
 396 1.580000
 397 1.530000
 398 1.500000
 399 1.510000
 400 1.510000
 401 1.490000
 402 1.520000
 403 1.490000
 404 1.510000
 405 1.510000
 406 1.510000
 407 1.490000
 408 1.490000
 409 1.520000
 410 2.950000
 411 3.440000
 412 3.130000
 413 3.150000
 414 3.250000
 415 3.150000
 416 3.130000
 417 3.100000
 418 3.100000
 419 3.080000
 420 3.150000
 421 3.300000
 422 3.130000
 423 3.100000
 424 3.100000
 425 3.130000
 426 3.310000
 427 3.190000
 428 3.150000
 429 3.130000
 430 3.150000
 431 3.180000
 432 3.180000
 433 3.030000
 434 3.110000
 435 3.100000
 436 3.030000
 437 3.060000
 438 3.070000
 439 3.050000
 440 3.060000
 441 3.060000
 442 3.080000
 443 3.120000
 444 3.130000
 445 3.160000
 446 3.120000
 447 3.090000
 448 3.070000
 449 3.020000
 450 3.030000
 451 3.100000
 452 3.180000
 453 3.180000
 454 3.180000
 455 3.180000
 456 3.200000
 457 3.180000
 458 3.220000
 459 3.220000
 460 3.210000
 461 3.260000
 462 3.260000
 463 3.250000
 464 3.270000
 465 3.230000
 466 3.280000
 467 3.270000
 468 3.280000
 469 3.300000
 470 3.300000
 471 3.290000
 472 3.270000
 473 3.270000
 474 3.290000
 475 3.310000
 476 3.320000
 477 3.320000
 478 3.320000
 479 3.320000
 480 3.310000
 481 3.340000
 482 3.310000
 483 3.300000
 484 3.300000
 485 3.300000
 486 3.350000
 487 3.380000
 488 3.380000
 489 3.400000
 490 3.390000
 491 3.410000
 492 3.410000
 493 3.430000
 494 3.430000
 495 3.450000
 496 3.450000
 497 3.500000
 498 3.480000
 499 3.500000
 500 3.530000
 501 3.540000
 502 3.550000
 503 3.500000
 504 3.570000
 505 3.540000
 506 3.570000
 507 3.570000
 508 3.590000
 509 3.600000
 510 3.630000
 511 3.610000
 512 3.650000
 513 3.650000
 514 3.680000
 515 3.710000
 516 3.710000
 517 3.710000
 518 3.720000
 519 3.750000
 520 3.780000
 521 3.780000
 522 3.780000
 523 3.820000
 524 3.800000
 525 3.800000
 526 3.860000
 527 3.850000
 528 3.910000
 529 3.900000
 530 3.930000
 531 3.960000
 532 3.990000
 533 4.020000
 534 4.030000
 535 4.030000
 536 4.020000
 537 4.050000
 538 4.050000
 539 4.100000
 540 4.080000
 541 4.150000
 542 4.160000
 543 4.170000
 544 4.200000
 545 4.230000
 546 4.230000
 547 4.250000
 548 4.250000
 549 4.290000
 550 4.330000
 551 4.340000
 552 4.320000
 553 4.290000
 554 4.350000
 555 4.360000
 556 4.400000
 557 4.440000
 558 4.450000
 559 4.430000
 560 4.500000
 561 4.480000
 562 4.500000
 563 4.490000
 564 4.400000
 565 4.280000
 566 4.260000
 567 4.220000
 568 4.130000
 569 4.030000
 570 4.030000
 571 4.030000
 572 3.980000
 573 4.080000
 574 4.030000
 575 3.980000
 576 3.980000
 577 3.980000
 578 3.950000
 579 3.950000
 580 3.970000
 581 3.970000
 582 3.950000
 583 4.060000
 584 4.060000
 585 4.060000
 586 4.060000
 587 3.930000
 588 3.920000
 589 3.950000
 590 3.930000
 591 4.040000
 592 4.000000
 593 3.940000
 594 3.930000
 595 3.930000
 596 3.960000
 597 3.940000
 598 3.990000
 599 3.960000
 600 3.930000
 601 3.910000
 602 3.930000
 603 3.880000
 604 3.860000
 605 3.860000
 606 3.860000
 607 3.820000
 608 3.810000
 609 3.730000
 610 3.750000
 611 3.720000
 612 3.740000
 613 3.810000
 614 3.850000
 615 3.870000
 616 3.860000
 617 3.780000
 618 3.760000
 619 3.740000
 620 3.730000
 621 3.680000
 622 3.650000
 623 3.630000
 624 3.620000
 625 3.650000
 626 3.670000
 627 3.660000
 628 3.620000
 629 3.600000
 630 3.590000
 631 3.570000
 632 3.580000
 633 3.550000
 634 3.560000
 635 3.560000
 636 3.530000
 637 3.580000
 638 3.610000
 639 3.630000
 640 3.610000
 641 3.610000
 642 3.560000
 643 3.550000
 644 3.570000
 645 3.550000
 646 3.520000
 647 3.530000
 648 3.560000
 649 3.520000
 650 3.510000
 651 3.490000
 652 3.480000
 653 3.500000
 654 3.440000
 655 3.420000
 656 3.330000
 657 3.330000
 658 3.350000
 659 3.380000
 660 3.390000
 661 3.390000
 662 3.500000
 663 3.440000
 664 3.430000
 665 3.410000
 666 3.350000
 667 3.360000
 668 3.280000
 669 3.280000
 670 3.290000
 671 3.400000
 672 3.250000
 673 3.250000
 674 3.360000
 675 3.360000
 676 3.250000
 677 3.360000
 678 3.340000
 679 3.230000
 680 3.230000
 681 3.230000
 682 3.340000
 683 3.310000
 684 3.310000
 685 3.310000
 686 3.180000
 687 3.170000
 688 3.200000
 689 3.290000
 690 3.290000
 691 3.130000
 692 3.240000
 693 3.260000
 694 3.290000
 695 3.310000
 696 3.150000
 697 3.310000
 698 3.290000
 699 3.200000
 700 3.400000
 701 3.180000
 702 3.310000
 703 3.170000
 704 3.170000
 705 3.290000
 706 3.290000
 707 3.150000
 708 3.150000
 709 3.260000
 710 3.310000
 711 3.150000
 712 3.310000
 713 3.290000
 714 3.290000
 715 3.320000
 716 3.190000
 717 3.290000
 718 3.260000
 719 3.180000
 720 3.180000
 721 3.310000
 722 3.290000
 723 3.200000
 724 3.150000
 725 3.320000
 726 3.180000
 727 3.200000
 728 3.290000
 729 3.290000
 730 3.290000
 731 3.320000
 732 3.260000
 733 3.290000
 734 3.290000
 735 3.290000
 736 3.270000
 737 3.270000
 738 3.290000
 739 3.320000
 740 3.290000
 741 3.320000
 742 3.320000
 743 3.290000
 744 3.260000
 745 3.290000
 746 3.290000
 747 3.290000
 748 3.290000
 749 3.290000
 750 3.290000
 751 3.270000
 752 3.260000
 753 3.290000
 754 3.300000
 755 3.290000
 756 3.280000
 757 3.310000
 758 3.260000
 759 3.260000
 760 3.290000
 0 1.870000
 1 1.820000
 2 1.790000
 3 1.790000
 4 1.790000
 5 1.820000
 6 1.810000
 7 1.880000
 8 1.880000
 9 1.870000
 10 1.780000
 11 1.870000
 12 1.880000
 13 1.890000
 14 1.840000
 15 1.750000
 16 1.840000
 17 1.900000
 18 1.870000
 19 1.850000
 20 1.890000
 21 1.870000
 22 1.890000
 23 1.840000
 24 1.850000
 25 1.890000
 26 1.890000
 27 1.770000
 28 1.890000
 29 1.770000
 30 1.750000
 31 1.780000
 32 2.460000
 33 1.770000
 34 2.490000
 35 1.890000
 36 1.780000
 37 2.490000
 38 1.800000
 39 2.490000
 40 1.910000
 41 2.210000
 42 1.780000
 43 1.910000
 44 2.510000
 45 1.780000
 46 2.490000
 47 1.910000
 48 2.460000
 49 2.260000
 50 1.880000
 51 2.510000
 52 1.820000
 53 2.510000
 54 1.900000
 55 1.950000
 56 1.930000
 57 1.880000
 58 1.830000
 59 1.900000
 60 1.950000
 61 1.930000
 62 1.930000
 63 1.930000
 64 1.930000
 65 1.930000
 66 1.900000
 67 1.950000
 68 1.900000
 69 1.950000
 70 1.930000
 71 1.830000
 72 1.980000
 73 1.880000
 74 1.980000
 75 2.010000
 76 1.950000
 77 2.000000
 78 2.000000
 79 2.000000
 80 1.900000
 81 1.880000
 82 2.000000
 83 1.880000
 84 1.880000
 85 1.900000
 86 2.530000
 87 1.900000
 88 1.940000
 89 2.040000
 90 4.090000
 91 1.950000
 92 1.940000
 93 1.930000
 94 1.920000
 95 2.090000
 96 1.950000
 97 2.110000
 98 2.040000
 99 1.990000
 100 2.000000
 101 2.010000
 102 1.980000
 103 2.010000
 104 1.950000
 105 2.000000
 106 1.950000
 107 2.000000
 108 2.010000
 109 2.060000
 110 2.060000
 111 2.080000
 112 2.100000
 113 2.120000
 114 2.000000
 115 2.020000
 116 2.020000
 117 2.000000
 118 2.070000
 119 2.040000
 120 2.040000
 121 2.070000
 122 2.080000
 123 2.030000
 124 2.020000
 125 2.210000
 126 2.020000
 127 2.110000
 128 2.170000
 129 2.160000
 130 2.050000
 131 2.120000
 132 2.050000
 133 2.120000
 134 2.180000
 135 2.130000
 136 2.030000
 137 2.180000
 138 2.080000
 139 2.160000
 140 3.560000
 141 2.240000
 142 2.130000
 143 2.200000
 144 2.070000
 145 2.210000
 146 2.130000
 147 2.200000
 148 2.100000
 149 2.180000
 150 2.100000
 151 2.240000
 152 2.210000
 153 2.260000
 154 2.240000
 155 2.270000
 156 2.250000
 157 2.270000
 158 2.260000
 159 2.210000
 160 2.280000
 161 2.270000
 162 2.270000
 163 2.280000
 164 2.300000
 165 2.320000
 166 2.320000
 167 2.240000
 168 2.340000
 169 2.240000
 170 2.250000
 171 2.350000
 172 2.240000
 173 2.360000
 174 2.250000
 175 2.370000
 176 2.400000
 177 2.400000
 178 2.370000
 179 2.370000
 180 2.400000
 181 2.370000
 182 2.420000
 183 2.450000
 184 2.320000
 185 2.300000
 186 2.440000
 187 2.420000
 188 2.370000
 189 2.390000
 190 2.380000
 191 2.370000
 192 2.370000
 193 2.410000
 194 2.410000
 195 2.420000
 196 2.420000
 197 2.460000
 198 2.520000
 199 2.420000
 200 2.550000
 201 2.670000
 202 3.630000
 203 3.630000
 204 3.650000
 205 3.680000
 206 3.530000
 207 2.990000
 208 2.970000
 209 2.990000
 210 3.020000
 211 3.030000
 212 3.020000
 213 3.060000
 214 3.100000
 215 3.460000
 216 3.440000
 217 3.460000
 218 3.460000
 219 3.440000
 220 3.440000
 221 3.410000
 222 3.410000
 223 3.410000
 224 3.390000
 225 3.390000
 226 3.390000
 227 3.390000
 228 3.390000
 229 3.360000
 230 3.340000
 231 3.360000
 232 3.340000
 233 3.340000
 234 3.340000
 235 3.310000
 236 3.310000
 237 3.510000
 238 3.600000
 239 3.610000
 240 3.660000
 241 3.700000
 242 3.710000
 243 3.750000
 244 3.800000
 245 3.820000
 246 3.850000
 247 3.870000
 248 3.870000
 249 3.330000
 250 3.260000
 251 3.230000
 252 3.200000
 253 3.230000
 254 3.270000
 255 3.280000
 256 3.220000
 257 3.220000
 258 3.220000
 259 3.210000
 260 3.210000
 261 3.200000
 262 3.190000
 263 3.180000
 264 3.270000
 265 3.240000
 266 3.250000
 267 3.200000
 268 3.230000
 269 3.230000
 270 3.250000
 271 3.260000
 272 3.280000
 273 3.250000
 274 3.250000
 275 3.290000
 276 3.330000
 277 3.290000
 278 3.280000
 279 3.290000
 280 3.270000
 281 3.270000
 282 3.240000
 283 3.260000
 284 3.250000
 285 1.510000
 286 1.460000
 287 1.440000
 288 1.470000
 289 1.440000
 290 1.440000
 291 1.440000
 292 1.440000
 293 1.440000
 294 1.440000
 295 1.440000
 296 1.440000
 297 1.430000
 298 1.470000
 299 1.560000
 300 1.810000
 301 1.760000
 302 1.790000
 303 1.810000
 304 1.760000
 305 1.960000
 306 2.000000
 307 2.240000
 308 2.540000
 309 2.560000
 310 2.550000
 311 2.610000
 312 3.120000
 313 3.130000
 314 3.110000
 315 3.150000
 316 3.160000
 317 3.130000
 318 3.100000
 319 3.100000
 320 3.100000
 321 3.100000
 322 3.060000
 323 7.970000
 324 7.970000
 325 7.970000
 326 7.100000
 327 6.670000
 328 7.960000
 329 7.960000
 330 4.320000
 331 4.300000
 332 7.930000
 333 4.820000
 334 3.020000
 335 2.940000
 336 2.550000
 337 2.560000
 338 2.030000
 339 1.990000
 340 1.960000
 341 1.900000
 342 1.500000
 343 1.420000
 344 1.410000
 345 1.440000
 346 1.440000
 347 1.440000
 348 1.420000
 349 1.420000
 350 1.420000
 351 1.420000
 352 1.420000
 353 1.440000
 354 1.410000
 355 1.420000
 356 3.070000
 357 3.060000
 358 3.080000
 359 3.060000
 360 3.060000
 361 3.000000
 362 3.000000
 363 2.990000
 364 7.800000
 365 3.000000
 366 3.000000
 367 2.650000
 368 2.620000
 369 2.580000
 370 2.590000
 371 2.590000
 372 2.590000
 373 2.610000
 374 2.590000
 375 2.600000
 376 3.060000
 377 3.090000
 378 2.100000
 379 2.070000
 380 2.040000
 381 2.010000
 382 2.040000
 383 2.040000
 384 2.060000
 385 2.060000
 386 2.040000
 387 2.040000
 388 2.050000
 389 4.540000
 390 3.000000
 391 2.980000
 392 7.860000
 393 2.980000
 394 2.980000
 395 4.190000
 396 1.610000
 397 1.500000
 398 1.500000
 399 1.490000
 400 1.510000
 401 1.490000
 402 1.490000
 403 1.490000
 404 1.510000
 405 1.490000
 406 1.510000
 407 1.510000
 408 1.490000
 409 1.510000
 410 2.980000
 411 3.420000
 412 3.150000
 413 3.130000
 414 3.250000
 415 3.150000
 416 3.130000
 417 3.100000
 418 3.080000
 419 3.080000
 420 3.150000
 421 3.330000
 422 3.130000
 423 3.100000
 424 3.130000
 425 3.100000
 426 3.340000
 427 3.190000
 428 3.150000
 429 3.150000
 430 3.150000
 431 3.150000
 432 3.150000
 433 3.030000
 434 3.110000
 435 3.090000
 436 3.020000
 437 3.060000
 438 3.060000
 439 3.060000
 440 3.050000
 441 3.070000
 442 3.090000
 443 3.120000
 444 3.160000
 445 3.180000
 446 3.120000
 447 3.090000
 448 3.070000
 449 3.020000
 450 3.060000
 451 3.080000
 452 3.160000
 453 3.180000
 454 3.150000
 455 3.150000
 456 3.170000
 457 3.190000
 458 3.210000
 459 3.190000
 460 3.210000
 461 3.230000
 462 3.260000
 463 3.280000
 464 3.260000
 465 3.230000
 466 3.300000
 467 3.280000
 468 3.260000
 469 3.300000
 470 3.270000
 471 3.270000
 472 3.290000
 473 3.290000
 474 3.270000
 475 3.290000
 476 3.320000
 477 3.320000
 478 3.320000
 479 3.320000
 480 3.310000
 481 3.310000
 482 3.330000
 483 3.300000
 484 3.290000
 485 3.330000
 486 3.350000
 487 3.350000
 488 3.370000
 489 3.370000
 490 3.400000
 491 3.410000
 492 3.410000
 493 3.410000
 494 3.430000
 495 3.440000
 496 3.480000
 497 3.480000
 498 3.480000
 499 3.500000
 500 3.530000
 501 3.530000
 502 3.580000
 503 3.500000
 504 3.510000
 505 3.550000
 506 3.530000
 507 3.570000
 508 3.560000
 509 3.570000
 510 3.590000
 511 3.600000
 512 3.640000
 513 3.680000
 514 3.680000
 515 3.710000
 516 3.710000
 517 3.730000
 518 3.720000
 519 3.750000
 520 3.780000
 521 3.800000
 522 3.810000
 523 3.780000
 524 3.840000
 525 3.800000
 526 3.860000
 527 3.850000
 528 3.890000
 529 3.900000
 530 3.930000
 531 3.960000
 532 3.960000
 533 4.010000
 534 4.000000
 535 4.000000
 536 4.040000
 537 4.070000
 538 4.080000
 539 4.070000
 540 4.160000
 541 4.150000
 542 4.150000
 543 4.200000
 544 4.200000
 545 4.250000
 546 4.260000
 547 4.250000
 548 4.250000
 549 4.270000
 550 4.300000
 551 4.340000
 552 4.330000
 553 4.330000
 554 4.340000
 555 4.380000
 556 4.400000
 557 4.430000
 558 4.460000
 559 4.440000
 560 4.500000
 561 4.400000
 562 4.520000
 563 4.490000
 564 4.390000
 565 4.270000
 566 4.270000
 567 4.220000
 568 4.130000
 569 4.130000
 570 4.030000
 571 4.000000
 572 4.000000
 573 4.110000
 574 4.030000
 575 3.980000
 576 3.950000
 577 3.980000
 578 3.950000
 579 3.950000
 580 3.970000
 581 3.970000
 582 3.950000
 583 3.950000
 584 4.060000
 585 4.060000
 586 3.930000
 587 3.930000
 588 3.920000
 589 3.950000
 590 3.930000
 591 3.880000
 592 4.000000
 593 3.970000
 594 3.930000
 595 3.930000
 596 3.930000
 597 3.940000
 598 3.990000
 599 3.960000
 600 3.930000
 601 3.930000
 602 3.910000
 603 3.910000
 604 3.880000
 605 3.880000
 606 3.860000
 607 3.850000
 608 3.810000
 609 3.760000
 610 3.740000
 611 3.730000
 612 3.740000
 613 3.810000
 614 3.830000
 615 3.870000
 616 3.830000
 617 3.760000
 618 3.760000
 619 3.710000
 620 3.720000
 621 3.710000
 622 3.640000
 623 3.630000
 624 3.610000
 625 3.630000
 626 3.690000
 627 3.680000
 628 3.640000
 629 3.590000
 630 3.590000
 631 3.570000
 632 3.600000
 633 3.550000
 634 3.560000
 635 3.560000
 636 3.560000
 637 3.560000
 638 3.580000
 639 3.630000
 640 3.610000
 641 3.610000
 642 3.570000
 643 3.550000
 644 3.570000
 645 3.570000
 646 3.520000
 647 3.560000
 648 3.550000
 649 3.530000
 650 3.510000
 651 3.470000
 652 3.460000
 653 3.500000
 654 3.470000
 655 3.430000
 656 3.330000
 657 3.300000
 658 3.350000
 659 3.360000
 660 3.400000
 661 3.410000
 662 3.470000
 663 3.460000
 664 3.430000
 665 3.430000
 666 3.320000
 667 3.380000
 668 3.280000
 669 3.300000
 670 3.290000
 671 3.400000
 672 3.250000
 673 3.250000
 674 3.350000
 675 3.390000
 676 3.250000
 677 3.360000
 678 3.340000
 679 3.230000
 680 3.230000
 681 3.230000
 682 3.340000
 683 3.340000
 684 3.310000
 685 3.340000
 686 3.180000
 687 3.170000
 688 3.170000
 689 3.290000
 690 3.290000
 691 3.130000
 692 3.240000
 693 3.260000
 694 3.260000
 695 3.290000
 696 3.310000
 697 3.290000
 698 3.310000
 699 3.200000
 700 3.350000
 701 3.150000
 702 3.310000
 703 3.150000
 704 3.160000
 705 3.290000
 706 3.310000
 707 3.170000
 708 3.180000
 709 3.260000
 710 3.310000
 711 3.180000
 712 3.290000
 713 3.290000
 714 3.290000
 715 3.310000
 716 3.180000
 717 3.290000
 718 3.290000
 719 3.150000
 720 3.210000
 721 3.290000
 722 3.320000
 723 3.170000
 724 3.150000
 725 3.320000
 726 3.150000
 727 3.180000
 728 3.290000
 729 3.290000
 730 3.290000
 731 3.290000
 732 3.260000
 733 3.290000
 734 3.290000
 735 3.290000
 736 3.290000
 737 3.290000
 738 3.290000
 739 3.290000
 740 3.290000
 741 3.290000
 742 3.290000
 743 3.270000
 744 3.240000
 745 3.290000
 746 3.290000
 747 3.270000
 748 3.270000
 749 3.270000
 750 3.290000
 751 3.270000
 752 3.260000
 753 3.290000
 754 3.300000
 755 3.290000
 756 3.280000
 757 3.290000
 758 3.280000
 759 3.260000
 760 3.260000
 0 1.870000
 1 1.790000
 2 1.820000
 3 1.790000
 4 1.790000
 5 1.830000
 6 1.810000
 7 1.900000
 8 1.880000
 9 1.870000
 10 1.760000
 11 1.900000
 12 1.900000
 13 1.900000
 14 1.870000
 15 1.900000
 16 1.870000
 17 1.900000
 18 1.870000
 19 1.830000
 20 1.890000
 21 1.870000
 22 1.890000
 23 1.860000
 24 1.850000
 25 1.860000
 26 1.860000
 27 1.770000
 28 1.890000
 29 1.770000
 30 1.750000
 31 1.760000
 32 2.490000
 33 1.800000
 34 2.460000
 35 1.890000
 36 1.780000
 37 2.460000
 38 1.770000
 39 2.510000
 40 1.890000
 41 2.460000
 42 1.760000
 43 1.910000
 44 2.490000
 45 1.780000
 46 2.490000
 47 1.910000
 48 2.460000
 49 2.240000
 50 1.900000
 51 2.510000
 52 1.820000
 53 2.510000
 54 1.900000
 55 2.010000
 56 1.950000
 57 1.900000
 58 1.810000
 59 1.930000
 60 1.930000
 61 1.930000
 62 1.930000
 63 1.930000
 64 1.930000
 65 1.930000
 66 1.900000
 67 1.950000
 68 1.930000
 69 1.930000
 70 1.950000
 71 1.860000
 72 1.980000
 73 1.880000
 74 1.980000
 75 1.860000
 76 1.950000
 77 1.980000
 78 2.000000
 79 2.030000
 80 1.880000
 81 1.880000
 82 2.000000
 83 1.910000
 84 1.880000
 85 1.910000
 86 2.550000
 87 1.880000
 88 1.910000
 89 2.040000
 90 4.110000
 91 1.950000
 92 1.940000
 93 1.910000
 94 1.920000
 95 2.060000
 96 1.950000
 97 2.090000
 98 2.060000
 99 2.010000
 100 2.010000
 101 1.990000
 102 1.980000
 103 1.990000
 104 1.960000
 105 2.000000
 106 1.960000
 107 2.000000
 108 2.010000
 109 2.030000
 110 2.060000
 111 2.080000
 112 2.100000
 113 2.120000
 114 2.010000
 115 2.000000
 116 2.000000
 117 2.030000
 118 2.060000
 119 2.070000
 120 2.040000
 121 2.090000
 122 2.090000
 123 2.030000
 124 2.020000
 125 2.190000
 126 2.040000
 127 2.140000
 128 2.170000
 129 2.160000
 130 2.020000
 131 2.130000
 132 2.060000
 133 2.120000
 134 2.160000
 135 2.130000
 136 2.030000
 137 2.180000
 138 2.080000
 139 2.140000
 140 3.560000
 141 2.210000
 142 2.160000
 143 2.240000
 144 2.100000
 145 2.190000
 146 2.130000
 147 2.200000
 148 2.130000
 149 2.180000
 150 2.110000
 151 2.240000
 152 2.230000
 153 2.130000
 154 2.240000
 155 2.250000
 156 2.250000
 157 2.270000
 158 2.240000
 159 2.210000
 160 2.280000
 161 2.270000
 162 2.250000
 163 2.280000
 164 2.320000
 165 2.350000
 166 2.300000
 167 2.240000
 168 2.310000
 169 2.240000
 170 2.250000
 171 2.320000
 172 2.240000
 173 2.360000
 174 2.280000
 175 2.370000
 176 2.400000
 177 2.260000
 178 2.350000
 179 2.400000
 180 2.400000
 181 2.370000
 182 2.420000
 183 2.420000
 184 2.290000
 185 2.330000
 186 2.460000
 187 2.420000
 188 2.390000
 189 2.390000
 190 2.380000
 191 2.380000
 192 2.350000
 193 2.380000
 194 2.390000
 195 2.390000
 196 2.430000
 197 2.480000
 198 2.540000
 199 2.450000
 200 2.580000
 201 2.670000
 202 3.630000
 203 3.650000
 204 3.680000
 205 3.680000
 206 3.530000
 207 2.990000
 208 2.970000
 209 2.960000
 210 3.050000
 211 3.030000
 212 3.020000
 213 3.060000
 214 3.070000
 215 3.460000
 216 3.460000
 217 3.450000
 218 3.460000
 219 3.440000
 220 3.410000
 221 3.410000
 222 3.410000
 223 3.410000
 224 3.390000
 225 3.390000
 226 3.380000
 227 3.390000
 228 3.360000
 229 3.390000
 230 3.340000
 231 3.340000
 232 3.340000
 233 3.340000
 234 3.340000
 235 3.310000
 236 3.310000
 237 3.510000
 238 3.600000
 239 3.620000
 240 3.660000
 241 3.670000
 242 3.710000
 243 3.740000
 244 3.800000
 245 3.820000
 246 3.850000
 247 3.870000
 248 3.870000
 249 3.310000
 250 3.280000
 251 3.260000
 252 3.230000
 253 3.230000
 254 3.250000
 255 3.280000
 256 3.230000
 257 3.190000
 258 3.220000
 259 3.190000
 260 3.200000
 261 3.210000
 262 3.190000
 263 3.180000
 264 3.270000
 265 3.260000
 266 3.240000
 267 3.210000
 268 3.230000
 269 3.210000
 270 3.230000
 271 3.290000
 272 3.320000
 273 3.260000
 274 3.260000
 275 3.310000
 276 3.340000
 277 3.300000
 278 3.290000
 279 3.290000
 280 3.240000
 281 3.240000
 282 3.240000
 283 3.250000
 284 3.260000
 285 1.480000
 286 1.440000
 287 1.450000
 288 1.420000
 289 1.450000
 290 1.450000
 291 1.450000
 292 1.440000
 293 1.440000
 294 1.420000
 295 1.450000
 296 1.420000
 297 1.430000
 298 1.470000
 299 1.560000
 300 1.840000
 301 1.810000
 302 1.790000
 303 1.810000
 304 1.960000
 305 1.990000
 306 2.020000
 307 1.810000
 308 2.540000
 309 2.560000
 310 2.550000
 311 2.610000
 312 3.140000
 313 3.100000
 314 3.130000
 315 3.130000
 316 3.130000
 317 3.150000
 318 3.110000
 319 3.110000
 320 3.110000
 321 3.070000
 322 3.060000
 323 7.970000
 324 7.970000
 325 7.970000
 326 7.100000
 327 6.670000
 328 7.930000
 329 7.930000
 330 4.330000
 331 4.310000
 332 7.930000
 333 4.800000
 334 3.060000
 335 3.030000
 336 2.550000
 337 2.540000
 338 2.030000
 339 1.980000
 340 1.960000
 341 1.900000
 342 1.500000
 343 1.420000
 344 1.410000
 345 1.420000
 346 1.420000
 347 1.440000
 348 1.450000
 349 1.420000
 350 1.450000
 351 1.420000
 352 1.420000
 353 1.410000
 354 1.410000
 355 1.450000
 356 3.070000
 357 3.050000
 358 3.080000
 359 3.060000
 360 3.090000
 361 2.980000
 362 3.010000
 363 2.990000
 364 7.820000
 365 3.000000
 366 3.000000
 367 2.660000
 368 2.610000
 369 2.600000
 370 2.590000
 371 2.590000
 372 2.590000
 373 2.590000
 374 2.590000
 375 2.600000
 376 3.090000
 377 3.090000
 378 2.130000
 379 2.080000
 380 2.060000
 381 2.040000
 382 2.040000
 383 2.040000
 384 2.040000
 385 2.040000
 386 2.040000
 387 2.060000
 388 2.070000
 389 4.490000
 390 2.970000
 391 2.980000
 392 7.860000
 393 2.980000
 394 2.980000
 395 4.180000
 396 1.580000
 397 1.500000
 398 1.500000
 399 1.510000
 400 1.510000
 401 1.500000
 402 1.520000
 403 1.490000
 404 1.510000
 405 1.510000
 406 1.510000
 407 1.510000
 408 1.510000
 409 1.540000
 410 3.010000
 411 3.440000
 412 3.150000
 413 3.150000
 414 3.290000
 415 3.160000
 416 3.100000
 417 3.100000
 418 3.100000
 419 3.080000
 420 3.150000
 421 3.330000
 422 3.100000
 423 3.100000
 424 3.080000
 425 3.150000
 426 3.340000
 427 3.190000
 428 3.150000
 429 3.130000
 430 3.150000
 431 3.180000
 432 3.180000
 433 3.030000
 434 3.090000
 435 3.100000
 436 3.050000
 437 3.090000
 438 3.040000
 439 3.050000
 440 3.060000
 441 3.070000
 442 3.090000
 443 3.120000
 444 3.160000
 445 3.170000
 446 3.110000
 447 3.090000
 448 3.040000
 449 3.040000
 450 3.060000
 451 3.110000
 452 3.150000
 453 3.180000
 454 3.140000
 455 3.160000
 456 3.200000
 457 3.170000
 458 3.190000
 459 3.210000
 460 3.210000
 461 3.210000
 462 3.260000
 463 3.280000
 464 3.280000
 465 3.270000
 466 3.280000
 467 3.280000
 468 3.310000
 469 3.280000
 470 3.290000
 471 3.290000
 472 3.290000
 473 3.300000
 474 3.270000
 475 3.310000
 476 3.320000
 477 3.320000
 478 3.330000
 479 3.320000
 480 3.310000
 481 3.320000
 482 3.340000
 483 3.310000
 484 3.300000
 485 3.330000
 486 3.350000
 487 3.360000
 488 3.380000
 489 3.400000
 490 3.400000
 491 3.420000
 492 3.410000
 493 3.410000
 494 3.430000
 495 3.440000
 496 3.450000
 497 3.480000
 498 3.480000
 499 3.500000
 500 3.530000
 501 3.540000
 502 3.550000
 503 3.510000
 504 3.550000
 505 3.570000
 506 3.560000
 507 3.600000
 508 3.570000
 509 3.600000
 510 3.620000
 511 3.610000
 512 3.630000
 513 3.650000
 514 3.660000
 515 3.710000
 516 3.740000
 517 3.720000
 518 3.750000
 519 3.750000
 520 3.780000
 521 3.790000
 522 3.820000
 523 3.820000
 524 3.830000
 525 3.840000
 526 3.830000
 527 3.860000
 528 3.900000
 529 3.900000
 530 3.940000
 531 3.970000
 532 3.990000
 533 4.010000
 534 4.040000
 535 4.000000
 536 4.020000
 537 4.060000
 538 4.060000
 539 4.110000
 540 4.110000
 541 4.140000
 542 4.160000
 543 4.210000
 544 4.210000
 545 4.250000
 546 4.230000
 547 4.230000
 548 4.330000
 549 4.270000
 550 4.330000
 551 4.350000
 552 4.310000
 553 4.320000
 554 4.310000
 555 4.350000
 556 4.400000
 557 4.460000
 558 4.490000
 559 4.460000
 560 4.480000
 561 4.410000
 562 4.520000
 563 4.470000
 564 4.400000
 565 4.280000
 566 4.270000
 567 4.190000
 568 4.140000
 569 4.110000
 570 4.030000
 571 4.010000
 572 3.980000
 573 4.080000
 574 4.070000
 575 3.960000
 576 3.980000
 577 3.960000
 578 3.960000
 579 3.950000
 580 3.970000
 581 3.940000
 582 3.960000
 583 4.090000
 584 4.060000
 585 4.030000
 586 3.910000
 587 4.040000
 588 3.920000
 589 3.960000
 590 3.960000
 591 3.910000
 592 4.010000
 593 3.970000
 594 3.930000
 595 3.940000
 596 3.960000
 597 3.960000
 598 3.990000
 599 3.990000
 600 3.930000
 601 3.930000
 602 3.930000
 603 3.910000
 604 3.880000
 605 3.880000
 606 3.860000
 607 3.850000
 608 3.810000
 609 3.750000
 610 3.710000
 611 3.750000
 612 3.750000
 613 3.780000
 614 3.830000
 615 3.870000
 616 3.840000
 617 3.780000
 618 3.760000
 619 3.720000
 620 3.710000
 621 3.720000
 622 3.650000
 623 3.640000
 624 3.660000
 625 3.650000
 626 3.670000
 627 3.660000
 628 3.640000
 629 3.580000
 630 3.590000
 631 3.600000
 632 3.590000
 633 3.570000
 634 3.560000
 635 3.560000
 636 3.560000
 637 3.580000
 638 3.580000
 639 3.630000
 640 3.610000
 641 3.570000
 642 3.550000
 643 3.550000
 644 3.550000
 645 3.550000
 646 3.520000
 647 3.560000
 648 3.520000
 649 3.530000
 650 3.510000
 651 3.470000
 652 3.460000
 653 3.500000
 654 3.470000
 655 3.400000
 656 3.330000
 657 3.330000
 658 3.300000
 659 3.380000
 660 3.390000
 661 3.410000
 662 3.470000
 663 3.440000
 664 3.460000
 665 3.410000
 666 3.330000
 667 3.360000
 668 3.280000
 669 3.300000
 670 3.300000
 671 3.390000
 672 3.260000
 673 3.260000
 674 3.380000
 675 3.360000
 676 3.230000
 677 3.360000
 678 3.340000
 679 3.230000
 680 3.230000
 681 3.210000
 682 3.340000
 683 3.340000
 684 3.290000
 685 3.310000
 686 3.180000
 687 3.170000
 688 3.170000
 689 3.290000
 690 3.290000
 691 3.130000
 692 3.250000
 693 3.260000
 694 3.260000
 695 3.310000
 696 3.310000
 697 3.310000
 698 3.290000
 699 3.200000
 700 3.590000
 701 3.180000
 702 3.290000
 703 3.150000
 704 3.190000
 705 3.290000
 706 3.310000
 707 3.150000
 708 3.180000
 709 3.290000
 710 3.290000
 711 3.160000
 712 3.290000
 713 3.260000
 714 3.290000
 715 3.160000
 716 3.230000
 717 3.260000
 718 3.290000
 719 3.180000
 720 3.220000
 721 3.290000
 722 3.300000
 723 3.140000
 724 3.180000
 725 3.320000
 726 3.160000
 727 3.180000
 728 3.290000
 729 3.310000
 730 3.290000
 731 3.320000
 732 3.260000
 733 3.260000
 734 3.300000
 735 3.270000
 736 3.290000
 737 3.300000
 738 3.320000
 739 3.300000
 740 3.300000
 741 3.300000
 742 3.300000
 743 3.270000
 744 3.290000
 745 3.300000
 746 3.300000
 747 3.270000
 748 3.270000
 749 3.300000
 750 3.300000
 751 3.270000
 752 3.260000
 753 3.300000
 754 3.300000
 755 3.270000
 756 3.280000
 757 3.290000
 758 3.280000
 759 3.260000
 760 3.260000
 0 1.870000
 1 1.820000
 2 1.790000
 3 1.820000
 4 1.790000
 5 1.830000
 6 1.810000
 7 1.880000
 8 1.880000
 9 1.870000
 10 1.760000
 11 1.870000
 12 1.880000
 13 1.870000
 14 1.870000
 15 1.730000
 16 1.870000
 17 1.900000
 18 1.850000
 19 1.850000
 20 1.890000
 21 1.850000
 22 1.860000
 23 1.860000
 24 1.850000
 25 1.860000
 26 1.890000
 27 1.770000
 28 1.890000
 29 1.770000
 30 1.770000
 31 1.780000
 32 2.460000
 33 1.800000
 34 2.490000
 35 1.910000
 36 1.780000
 37 2.490000
 38 1.770000
 39 2.490000
 40 1.910000
 41 2.460000
 42 1.780000
 43 1.910000
 44 2.490000
 45 1.780000
 46 2.490000
 47 1.940000
 48 2.490000
 49 2.240000
 50 1.880000
 51 2.510000
 52 1.820000
 53 2.490000
 54 1.900000
 55 2.010000
 56 1.930000
 57 1.900000
 58 1.810000
 59 1.900000
 60 1.930000
 61 1.900000
 62 1.930000
 63 1.930000
 64 1.930000
 65 1.930000
 66 1.900000
 67 1.930000
 68 1.930000
 69 1.950000
 70 1.950000
 71 1.880000
 72 1.980000
 73 1.860000
 74 1.980000
 75 1.860000
 76 1.980000
 77 2.010000
 78 1.980000
 79 1.860000
 80 1.880000
 81 1.880000
 82 2.000000
 83 1.910000
 84 1.880000
 85 1.910000
 86 2.530000
 87 1.910000
 88 1.940000
 89 2.010000
 90 4.090000
 91 1.950000
 92 1.930000
 93 1.930000
 94 1.940000
 95 2.060000
 96 1.930000
 97 2.090000
 98 1.960000
 99 2.010000
 100 1.950000
 101 2.010000
 102 1.980000
 103 1.990000
 104 1.930000
 105 2.000000
 106 1.960000
 107 2.010000
 108 2.000000
 109 2.030000
 110 2.090000
 111 2.080000
 112 2.100000
 113 2.120000
 114 2.010000
 115 2.000000
 116 2.000000
 117 2.010000
 118 2.040000
 119 2.040000
 120 2.040000
 121 2.080000
 122 2.090000
 123 2.030000
 124 2.020000
 125 2.210000
 126 2.020000
 127 2.140000
 128 2.170000
 129 2.160000
 130 2.020000
 131 2.130000
 132 2.060000
 133 2.150000
 134 2.180000
 135 2.130000
 136 2.180000
 137 2.180000
 138 2.080000
 139 2.140000
 140 3.560000
 141 2.210000
 142 2.110000
 143 2.240000
 144 2.120000
 145 2.190000
 146 2.160000
 147 2.200000
 148 2.110000
 149 2.180000
 150 2.240000
 151 2.240000
 152 2.210000
 153 2.260000
 154 2.240000
 155 2.250000
 156 2.250000
 157 2.250000
 158 2.260000
 159 2.210000
 160 2.260000
 161 2.270000
 162 2.250000
 163 2.260000
 164 2.320000
 165 2.330000
 166 2.300000
 167 2.240000
 168 2.340000
 169 2.240000
 170 2.220000
 171 2.320000
 172 2.270000
 173 2.360000
 174 2.280000
 175 2.260000
 176 2.400000
 177 2.280000
 178 2.370000
 179 2.400000
 180 2.400000
 181 2.400000
 182 2.420000
 183 2.420000
 184 2.320000
 185 2.330000
 186 2.440000
 187 2.420000
 188 2.390000
 189 2.390000
 190 2.380000
 191 2.370000
 192 2.380000
 193 2.390000
 194 2.390000
 195 2.390000
 196 2.440000
 197 2.480000
 198 2.540000
 199 2.420000
 200 2.530000
 201 2.670000
 202 3.630000
 203 3.650000
 204 3.680000
 205 3.680000
 206 3.550000
 207 2.990000
 208 2.970000
 209 2.990000
 210 3.050000
 211 3.030000
 212 3.040000
 213 3.040000
 214 3.070000
 215 3.460000
 216 3.460000
 217 3.460000
 218 3.440000
 219 3.460000
 220 3.440000
 221 3.410000
 222 3.410000
 223 3.410000
 224 3.410000
 225 3.390000
 226 3.360000
 227 3.360000
 228 3.360000
 229 3.360000
 230 3.360000
 231 3.340000
 232 3.340000
 233 3.340000
 234 3.340000
 235 3.310000
 236 3.310000
 237 3.520000
 238 3.600000
 239 3.590000
 240 3.660000
 241 3.700000
 242 3.680000
 243 3.750000
 244 3.800000
 245 3.800000
 246 3.840000
 247 3.890000
 248 3.870000
 249 3.330000
 250 3.260000
 251 3.250000
 252 3.230000
 253 3.230000
 254 3.270000
 255 3.280000
 256 3.230000
 257 3.220000
 258 3.190000
 259 3.220000
 260 3.240000
 261 3.210000
 262 3.190000
 263 3.210000
 264 3.240000
 265 3.240000
 266 3.240000
 267 3.210000
 268 3.230000
 269 3.210000
 270 3.230000
 271 3.290000
 272 3.320000
 273 3.230000
 274 3.260000
 275 3.320000
 276 3.330000
 277 3.300000
 278 3.310000
 279 3.290000
 280 3.300000
 281 3.240000
 282 3.240000
 283 3.260000
 284 3.250000
 285 1.410000
 286 1.440000
 287 1.450000
 288 1.420000
 289 1.450000
 290 1.450000
 291 1.450000
 292 1.410000
 293 1.450000
 294 1.450000
 295 1.450000
 296 1.450000
 297 1.450000
 298 1.470000
 299 1.550000
 300 1.790000
 301 1.760000
 302 1.810000
 303 1.810000
 304 1.960000
 305 1.980000
 306 2.010000
 307 2.260000
 308 1.860000
 309 2.540000
 310 2.550000
 311 2.610000
 312 3.120000
 313 3.130000
 314 3.100000
 315 3.120000
 316 3.160000
 317 3.160000
 318 3.110000
 319 3.110000
 320 3.110000
 321 3.100000
 322 3.090000
 323 8.000000
 324 7.970000
 325 7.970000
 326 7.100000
 327 6.690000
 328 7.960000
 329 7.930000
 330 4.350000
 331 4.310000
 332 7.930000
 333 4.800000
 334 3.030000
 335 2.830000
 336 2.550000
 337 2.540000
 338 2.030000
 339 1.990000
 340 1.960000
 341 1.930000
 342 1.500000
 343 1.420000
 344 1.410000
 345 1.420000
 346 1.450000
 347 1.410000
 348 1.450000
 349 1.420000
 350 1.450000
 351 1.420000
 352 1.420000
 353 1.410000
 354 1.410000
 355 1.450000
 356 3.080000
 357 3.060000
 358 3.080000
 359 3.080000
 360 3.060000
 361 3.010000
 362 3.010000
 363 3.020000
 364 7.820000
 365 2.990000
 366 2.970000
 367 2.660000
 368 2.630000
 369 2.580000
 370 2.590000
 371 2.590000
 372 2.590000
 373 2.610000
 374 2.610000
 375 2.600000
 376 3.090000
 377 3.070000
 378 2.100000
 379 2.070000
 380 2.050000
 381 2.040000
 382 2.040000
 383 2.040000
 384 2.040000
 385 2.040000
 386 2.060000
 387 2.040000
 388 2.050000
 389 4.550000
 390 3.000000
 391 2.980000
 392 7.860000
 393 2.980000
 394 2.980000
 395 4.190000
 396 1.610000
 397 1.500000
 398 1.500000
 399 1.490000
 400 1.490000
 401 1.520000
 402 1.490000
 403 1.490000
 404 1.510000
 405 1.510000
 406 1.540000
 407 1.510000
 408 1.510000
 409 1.540000
 410 2.950000
 411 3.440000
 412 3.130000
 413 3.150000
 414 3.230000
 415 3.160000
 416 3.100000
 417 3.100000
 418 3.080000
 419 3.080000
 420 3.150000
 421 3.300000
 422 3.130000
 423 3.130000
 424 3.100000
 425 3.130000
 426 3.340000
 427 3.190000
 428 3.150000
 429 3.150000
 430 3.130000
 431 3.180000
 432 3.180000
 433 3.030000
 434 3.090000
 435 3.060000
 436 3.060000
 437 3.070000
 438 3.070000
 439 3.060000
 440 3.060000
 441 3.090000
 442 3.120000
 443 3.120000
 444 3.130000
 445 3.160000
 446 3.140000
 447 3.070000
 448 3.040000
 449 3.050000
 450 3.040000
 451 3.110000
 452 3.190000
 453 3.180000
 454 3.170000
 455 3.180000
 456 3.200000
 457 3.200000
 458 3.190000
 459 3.220000
 460 3.240000
 461 3.250000
 462 3.260000
 463 3.280000
 464 3.290000
 465 3.260000
 466 3.300000
 467 3.280000
 468 3.290000
 469 3.300000
 470 3.290000
 471 3.290000
 472 3.270000
 473 3.290000
 474 3.270000
 475 3.290000
 476 3.310000
 477 3.320000
 478 3.320000
 479 3.320000
 480 3.340000
 481 3.340000
 482 3.310000
 483 3.300000
 484 3.300000
 485 3.310000
 486 3.340000
 487 3.360000
 488 3.380000
 489 3.400000
 490 3.400000
 491 3.400000
 492 3.410000
 493 3.440000
 494 3.430000
 495 3.450000
 496 3.480000
 497 3.470000
 498 3.500000
 499 3.520000
 500 3.530000
 501 3.510000
 502 3.550000
 503 3.510000
 504 3.560000
 505 3.560000
 506 3.540000
 507 3.580000
 508 3.580000
 509 3.600000
 510 3.620000
 511 3.610000
 512 3.640000
 513 3.650000
 514 3.690000
 515 3.710000
 516 3.720000
 517 3.710000
 518 3.750000
 519 3.730000
 520 3.780000
 521 3.780000
 522 3.790000
 523 3.820000
 524 3.820000
 525 3.830000
 526 3.860000
 527 3.860000
 528 3.880000
 529 3.900000
 530 3.940000
 531 3.970000
 532 3.990000
 533 4.020000
 534 4.040000
 535 4.040000
 536 4.030000
 537 4.060000
 538 4.060000
 539 4.090000
 540 4.080000
 541 4.160000
 542 4.120000
 543 4.190000
 544 4.230000
 545 4.250000
 546 4.280000
 547 4.260000
 548 4.280000
 549 4.270000
 550 4.310000
 551 4.350000
 552 4.320000
 553 4.330000
 554 4.350000
 555 4.380000
 556 4.400000
 557 4.440000
 558 4.490000
 559 4.460000
 560 4.480000
 561 4.470000
 562 4.500000
 563 4.500000
 564 4.400000
 565 4.270000
 566 4.230000
 567 4.230000
 568 4.160000
 569 4.100000
 570 4.010000
 571 4.010000
 572 3.980000
 573 4.080000
 574 4.040000
 575 3.960000
 576 3.980000
 577 3.980000
 578 3.960000
 579 3.950000
 580 3.970000
 581 3.970000
 582 3.960000
 583 4.060000
 584 4.060000
 585 4.060000
 586 3.930000
 587 3.930000
 588 3.950000
 589 3.930000
 590 3.930000
 591 4.010000
 592 3.980000
 593 3.940000
 594 3.930000
 595 3.910000
 596 3.960000
 597 3.960000
 598 3.990000
 599 3.990000
 600 3.930000
 601 3.910000
 602 3.910000
 603 3.880000
 604 3.860000
 605 3.860000
 606 3.860000
 607 3.820000
 608 3.830000
 609 3.750000
 610 3.750000
 611 3.770000
 612 3.780000
 613 3.830000
 614 3.830000
 615 3.870000
 616 3.860000
 617 3.760000
 618 3.760000
 619 3.730000
 620 3.730000
 621 3.690000
 622 3.650000
 623 3.630000
 624 3.610000
 625 3.610000
 626 3.670000
 627 3.660000
 628 3.640000
 629 3.560000
 630 3.580000
 631 3.580000
 632 3.590000
 633 3.560000
 634 3.560000
 635 3.560000
 636 3.530000
 637 3.580000
 638 3.610000
 639 3.610000
 640 3.580000
 641 3.580000
 642 3.570000
 643 3.550000
 644 3.550000
 645 3.520000
 646 3.520000
 647 3.530000
 648 3.550000
 649 3.550000
 650 3.480000
 651 3.470000
 652 3.460000
 653 3.470000
 654 3.470000
 655 3.430000
 656 3.310000
 657 3.330000
 658 3.360000
 659 3.380000
 660 3.390000
 661 3.410000
 662 3.470000
 663 3.450000
 664 3.440000
 665 3.410000
 666 3.330000
 667 3.360000
 668 3.260000
 669 3.300000
 670 3.280000
 671 3.400000
 672 3.260000
 673 3.260000
 674 3.350000
 675 3.390000
 676 3.230000
 677 3.360000
 678 3.340000
 679 3.230000
 680 3.260000
 681 3.230000
 682 3.340000
 683 3.310000
 684 3.310000
 685 3.340000
 686 3.180000
 687 3.170000
 688 3.170000
 689 3.290000
 690 3.290000
 691 3.160000
 692 3.240000
 693 3.260000
 694 3.290000
 695 3.310000
 696 3.310000
 697 3.290000
 698 3.310000
 699 3.170000
 700 3.410000
 701 3.160000
 702 3.310000
 703 3.170000
 704 3.190000
 705 3.290000
 706 3.310000
 707 3.170000
 708 3.180000
 709 3.260000
 710 3.310000
 711 3.180000
 712 3.310000
 713 3.290000
 714 3.290000
 715 3.160000
 716 3.200000
 717 3.290000
 718 3.290000
 719 3.160000
 720 3.200000
 721 3.310000
 722 3.300000
 723 3.140000
 724 3.160000
 725 3.310000
 726 3.160000
 727 3.180000
 728 3.260000
 729 3.290000
 730 3.290000
 731 3.320000
 732 3.260000
 733 3.290000
 734 3.300000
 735 3.300000
 736 3.290000
 737 3.300000
 738 3.320000
 739 3.300000
 740 3.300000
 741 3.300000
 742 3.320000
 743 3.300000
 744 3.290000
 745 3.300000
 746 3.300000
 747 3.270000
 748 3.300000
 749 3.260000
 750 3.300000
 751 3.300000
 752 3.260000
 753 3.270000
 754 3.300000
 755 3.300000
 756 3.250000
 757 3.290000
 758 3.280000
 759 3.260000
 760 3.260000