
 0 1.700000
 1 1.810000
 2 1.830000
 3 1.680000
 4 1.780000
 5 1.840000
 6 1.780000
 7 1.780000
 8 1.810000
 9 1.790000
 10 1.810000
 11 1.790000
 12 1.810000
 13 1.790000
 14 1.760000
 15 1.820000
 16 1.790000
 17 1.800000
 18 1.760000
 19 1.720000
 20 1.740000
 21 1.740000
 22 1.740000
 23 1.740000
 24 1.770000
 25 2.240000
 26 1.680000
 27 1.690000
 28 2.390000
 29 1.720000
 30 2.390000
 31 1.830000
 32 1.830000
 33 2.410000
 34 1.680000
 35 2.400000
 36 1.820000
 37 1.660000
 38 2.400000
 39 1.790000
 40 1.680000
 41 2.380000
 42 1.680000
 43 2.380000
 44 1.790000
 45 1.810000
 46 2.360000
 47 1.840000
 48 1.710000
 49 1.790000
 50 1.810000
 51 1.810000
 52 1.810000
 53 1.840000
 54 1.810000
 55 1.780000
 56 1.810000
 57 1.780000
 58 1.840000
 59 1.810000
 60 1.780000
 61 1.840000
 62 1.810000
 63 1.840000
 64 1.830000
 65 1.810000
 66 1.840000
 67 1.810000
 68 1.840000
 69 1.810000
 70 1.810000
 71 1.810000
 72 1.830000
 73 1.830000
 74 1.860000
 75 1.730000
 76 1.860000
 77 1.860000
 78 1.740000
 79 1.760000
 80 2.460000
 81 1.730000
 82 2.460000
 83 1.750000
 84 1.790000
 85 2.440000
 86 1.780000
 87 2.460000
 88 1.770000
 89 1.770000
 90 1.910000
 91 1.780000
 92 1.880000
 93 1.910000
 94 1.910000
 95 1.880000
 96 1.800000
 97 1.910000
 98 1.810000
 99 1.910000
 100 1.930000
 101 1.910000
 102 1.930000
 103 1.910000
 104 1.930000
 105 1.920000
 106 1.920000
 107 1.920000
 108 1.930000
 109 1.830000
 110 1.960000
 111 1.860000
 112 1.980000
 113 1.860000
 114 1.960000
 115 1.990000
 116 1.990000
 117 2.010000
 118 1.990000
 119 1.990000
 120 1.990000
 121 1.980000
 122 1.990000
 123 1.920000
 124 1.880000
 125 1.910000
 126 1.930000
 127 1.960000
 128 2.030000
 129 1.930000
 130 1.950000
 131 1.980000
 132 2.410000
 133 1.930000
 134 2.520000
 135 1.930000
 136 2.560000
 137 1.980000
 138 1.940000
 139 1.940000
 140 1.950000
 141 1.970000
 142 1.960000
 143 1.950000
 144 1.970000
 145 2.030000
 146 2.050000
 147 1.960000
 148 2.070000
 149 1.990000
 150 2.010000
 151 1.980000
 152 2.040000
 153 1.960000
 154 1.980000
 155 2.010000
 156 1.980000
 157 2.020000
 158 2.040000
 159 2.020000
 160 2.060000
 161 2.040000
 162 2.010000
 163 2.100000
 164 2.030000
 165 2.010000
 166 2.030000
 167 2.010000
 168 2.190000
 169 2.030000
 170 2.050000
 171 2.060000
 172 2.070000
 173 2.080000
 174 2.060000
 175 2.480000
 176 2.080000
 177 2.110000
 178 2.200000
 179 2.110000
 180 2.200000
 181 2.190000
 182 2.190000
 183 2.200000
 184 2.180000
 185 2.190000
 186 2.220000
 187 2.220000
 188 2.220000
 189 2.220000
 190 2.190000
 191 2.230000
 192 2.220000
 193 2.240000
 194 2.220000
 195 2.240000
 196 2.230000
 197 2.190000
 198 2.240000
 199 2.220000
 200 2.240000
 201 2.210000
 202 2.240000
 203 2.240000
 204 2.240000
 205 2.260000
 206 2.290000
 207 2.290000
 208 2.260000
 209 2.260000
 210 2.250000
 211 2.460000
 212 2.490000
 213 2.520000
 214 2.500000
 215 2.500000
 216 2.500000
 217 2.500000
 218 2.500000
 219 2.500000
 220 2.470000
 221 2.470000
 222 2.550000
 223 2.600000
 224 2.650000
 225 3.580000
 226 3.610000
 227 3.610000
 228 3.560000
 229 3.480000
 230 3.180000
 231 2.940000
 232 2.940000
 233 2.960000
 234 2.960000
 235 2.990000
 236 3.020000
 237 3.020000
 238 3.110000
 239 3.380000
 240 3.390000
 241 3.380000
 242 3.360000
 243 3.360000
 244 3.360000
 245 3.340000
 246 3.360000
 247 3.340000
 248 3.340000
 249 3.310000
 250 3.310000
 251 3.310000
 252 3.310000
 253 3.290000
 254 3.290000
 255 3.290000
 256 3.290000
 257 3.260000
 258 3.260000
 259 3.260000
 260 3.280000
 261 3.520000
 262 3.570000
 263 3.590000
 264 3.650000
 265 3.620000
 266 3.680000
 267 3.680000
 268 3.730000
 269 3.750000
 270 3.800000
 271 3.830000
 272 3.790000
 273 3.340000
 274 3.200000
 275 3.170000
 276 3.180000
 277 3.140000
 278 3.140000
 279 3.140000
 280 3.140000
 281 3.190000
 282 3.260000
 283 3.270000
 284 3.270000
 285 4.320000
 286 4.340000
 287 4.390000
 288 3.140000
 289 4.510000
 290 4.540000
 291 4.590000
 292 3.180000
 293 3.180000
 294 3.190000
 295 3.190000
 296 3.200000
 297 3.210000
 298 3.210000
 299 3.250000
 300 3.250000
 301 3.210000
 302 3.210000
 303 5.200000
 304 5.360000
 305 5.380000
 306 5.460000
 307 3.200000
 308 5.630000
 309 3.190000
 310 3.200000
 311 3.160000
 312 3.140000
 313 3.150000
 314 3.170000
 315 3.160000
 316 3.150000
 317 3.120000
 318 3.180000
 319 3.120000
 320 3.110000
 321 3.110000
 322 3.100000
 323 0.970000
 324 0.960000
 325 0.940000
 326 0.960000
 327 0.940000
 328 0.940000
 329 0.940000
 330 0.910000
 331 0.940000
 332 0.940000
 333 0.940000
 334 0.940000
 335 0.910000
 336 0.940000
 337 0.940000
 338 0.940000
 339 0.920000
 340 0.940000
 341 0.950000
 342 0.950000
 343 0.950000
 344 0.970000
 345 0.980000
 346 1.010000
 347 6.740000
 348 6.720000
 349 6.590000
 350 6.600000
 351 1.060000
 352 1.030000
 353 1.020000
 354 1.010000
 355 1.030000
 356 1.010000
 357 4.780000
 358 4.740000
 359 7.040000
 360 7.030000
 361 7.110000
 362 1.470000
 363 1.490000
 364 1.500000
 365 1.470000
 366 1.460000
 367 1.460000
 368 1.500000
 369 1.470000
 370 1.500000
 371 1.470000
 372 1.460000
 373 1.480000
 374 1.470000
 375 1.520000
 376 1.510000
 377 3.040000
 378 3.010000
 379 3.020000
 380 3.010000
 381 2.020000
 382 2.040000
 383 2.040000
 384 2.010000
 385 2.040000
 386 2.040000
 387 2.040000
 388 2.010000
 389 2.020000
 390 2.070000
 391 2.980000
 392 3.050000
 393 3.080000
 394 3.080000
 395 2.960000
 396 2.960000
 397 3.940000
 398 2.980000
 399 2.980000
 400 7.690000
 401 2.950000
 402 2.960000
 403 7.580000
 404 2.980000
 405 2.980000
 406 2.990000
 407 2.950000
 408 2.980000
 409 2.980000
 410 0.850000
 411 0.860000
 412 0.860000
 413 0.860000
 414 0.860000
 415 0.860000
 416 0.840000
 417 0.860000
 418 0.860000
 419 0.860000
 420 0.860000
 421 0.840000
 422 0.840000
 423 0.840000
 424 0.860000
 425 0.860000
 426 0.860000
 427 0.860000
 428 0.860000
 429 0.830000
 430 0.860000
 431 0.890000
 432 0.860000
 433 0.880000
 434 3.690000
 435 2.950000
 436 2.980000
 437 3.430000
 438 3.110000
 439 3.110000
 440 3.310000
 441 3.160000
 442 3.130000
 443 3.260000
 444 3.180000
 445 3.080000
 446 3.100000
 447 3.110000
 448 3.110000
 449 3.070000
 450 3.130000
 451 3.180000
 452 3.260000
 453 3.160000
 454 3.130000
 455 3.110000
 456 3.230000
 457 3.210000
 458 3.030000
 459 3.060000
 460 3.050000
 461 3.060000
 462 2.110000
 463 2.050000
 464 2.010000
 465 2.010000
 466 2.010000
 467 2.010000
 468 2.010000
 469 2.010000
 470 2.010000
 471 2.010000
 472 2.030000
 473 2.040000
 474 1.620000
 475 1.530000
 476 1.480000
 477 1.450000
 478 1.460000
 479 1.460000
 480 1.460000
 481 1.460000
 482 1.440000
 483 1.460000
 484 1.460000
 485 1.460000
 486 1.490000
 487 1.470000
 488 1.460000
 489 1.550000
 490 3.230000
 491 3.230000
 492 3.300000
 493 3.300000
 494 3.340000
 495 3.340000
 496 3.300000
 497 3.310000
 498 3.290000
 499 3.310000
 500 1.070000
 501 0.940000
 502 0.930000
 503 0.930000
 504 0.910000
 505 0.910000
 506 0.910000
 507 0.910000
 508 0.910000
 509 0.910000
 510 0.910000
 511 0.910000
 512 0.910000
 513 0.910000
 514 0.940000
 515 0.930000
 516 0.910000
 517 0.910000
 518 0.910000
 519 0.910000
 520 0.910000
 521 0.910000
 522 0.920000
 523 0.970000
 524 0.970000
 525 0.950000
 526 0.960000
 527 0.950000
 528 0.940000
 529 0.940000
 530 0.920000
 531 0.930000
 532 0.910000
 533 0.920000
 534 0.930000
 535 0.930000
 536 0.910000
 537 0.920000
 538 0.930000
 539 0.930000
 540 0.930000
 541 0.910000
 542 0.920000
 543 0.930000
 544 0.920000
 545 0.930000
 546 0.920000
 547 0.940000
 548 0.910000
 549 0.930000
 550 0.930000
 551 0.950000
 552 0.950000
 553 0.950000
 554 0.980000
 555 0.930000
 556 0.920000
 557 0.930000
 558 0.970000
 559 0.970000
 560 0.960000
 561 0.960000
 562 0.980000
 563 0.990000
 564 1.000000
 565 1.030000
 566 1.000000
 567 1.000000
 568 1.000000
 569 1.030000
 570 1.020000
 571 1.040000
 572 1.090000
 573 1.090000
 574 5.080000
 575 4.340000
 576 4.380000
 577 4.390000
 578 4.420000
 579 4.460000
 580 4.490000
 581 4.430000
 582 4.460000
 583 4.550000
 584 4.480000
 585 4.570000
 586 4.550000
 587 4.540000
 588 4.390000
 589 4.340000
 590 4.210000
 591 4.260000
 592 4.110000
 593 4.080000
 594 4.080000
 595 4.060000
 596 4.060000
 597 4.090000
 598 4.080000
 599 4.090000
 600 4.070000
 601 4.050000
 602 4.010000
 603 4.010000
 604 4.010000
 605 3.980000
 606 4.000000
 607 4.000000
 608 3.980000
 609 3.960000
 610 4.100000
 611 4.100000
 612 4.100000
 613 3.960000
 614 3.950000
 615 4.010000
 616 4.060000
 617 4.020000
 618 3.980000
 619 4.000000
 620 4.010000
 621 4.010000
 622 4.040000
 623 4.020000
 624 3.990000
 625 3.970000
 626 3.970000
 627 3.970000
 628 3.950000
 629 3.950000
 630 3.920000
 631 3.780000
 632 3.780000
 633 3.760000
 634 3.830000
 635 3.800000
 636 3.840000
 637 3.860000
 638 3.820000
 639 3.860000
 640 3.860000
 641 3.810000
 642 3.910000
 643 3.960000
 644 3.890000
 645 3.850000
 646 3.840000
 647 3.730000
 648 3.710000
 649 3.790000
 650 3.680000
 651 3.660000
 652 3.650000
 653 3.660000
 654 3.670000
 655 3.670000
 656 3.610000
 657 3.650000
 658 3.620000
 659 3.630000
 660 3.650000
 661 3.670000
 662 3.680000
 663 3.710000
 664 3.710000
 665 3.730000
 666 3.710000
 667 3.710000
 668 3.560000
 669 3.650000
 670 3.630000
 671 3.630000
 672 3.630000
 673 3.570000
 674 3.540000
 675 3.510000
 676 3.520000
 677 3.560000
 678 3.480000
 679 3.450000
 680 3.410000
 681 3.400000
 682 3.380000
 683 3.450000
 684 3.510000
 685 3.480000
 686 3.470000
 687 3.490000
 688 3.460000
 689 3.440000
 690 3.390000
 691 3.360000
 692 3.370000
 693 3.440000
 694 3.310000
 695 3.330000
 696 3.440000
 697 3.440000
 698 3.280000
 699 3.310000
 700 3.410000
 701 3.440000
 702 3.310000
 703 3.280000
 704 3.410000
 705 3.390000
 706 3.360000
 707 3.410000
 708 3.280000
 709 4.050000
 710 3.240000
 711 3.360000
 712 3.340000
 713 3.330000
 714 3.210000
 715 3.280000
 716 3.360000
 717 3.340000
 718 3.360000
 719 3.260000
 720 3.360000
 721 3.360000
 722 3.230000
 723 3.260000
 724 3.360000
 725 3.360000
 726 3.360000
 727 3.230000
 728 3.360000
 729 3.360000
 730 3.390000
 731 3.260000
 732 3.230000
 733 3.340000
 734 3.360000
 735 3.360000
 736 3.230000
 737 3.340000
 738 3.320000
 739 3.360000
 740 3.260000
 741 3.380000
 742 3.320000
 743 3.390000
 744 3.260000
 745 3.400000
 746 3.340000
 747 3.360000
 748 3.230000
 749 3.400000
 750 3.340000
 751 3.340000
 752 3.370000
 753 3.370000
 754 3.340000
 755 3.370000
 756 3.370000
 757 3.370000
 758 3.340000
 759 3.350000
 760 3.370000
 0 1.700000
 1 1.810000
 2 1.810000
 3 1.680000
 4 1.810000
 5 1.810000
 6 1.780000
 7 1.790000
 8 1.790000
 9 1.790000
 10 1.810000
 11 1.760000
 12 1.790000
 13 1.790000
 14 1.760000
 15 1.820000
 16 1.790000
 17 1.820000
 18 1.760000
 19 1.750000
 20 1.720000
 21 1.740000
 22 1.740000
 23 1.740000
 24 1.740000
 25 2.260000
 26 1.700000
 27 1.720000
 28 2.390000
 29 1.690000
 30 2.410000
 31 1.800000
 32 1.850000
 33 2.410000
 34 1.700000
 35 2.400000
 36 1.800000
 37 1.660000
 38 2.420000
 39 1.810000
 40 1.680000
 41 2.380000
 42 1.680000
 43 2.380000
 44 1.840000
 45 1.840000
 46 2.360000
 47 1.840000
 48 1.680000
 49 1.810000
 50 1.810000
 51 1.810000
 52 1.780000
 53 1.680000
 54 1.790000
 55 1.760000
 56 1.840000
 57 1.780000
 58 1.840000
 59 1.810000
 60 1.810000
 61 1.810000
 62 1.810000
 63 1.840000
 64 1.810000
 65 1.810000
 66 1.840000
 67 1.830000
 68 1.860000
 69 1.830000
 70 1.830000
 71 1.830000
 72 1.810000
 73 1.860000
 74 1.830000
 75 1.730000
 76 1.830000
 77 1.860000
 78 1.730000
 79 1.760000
 80 2.460000
 81 1.760000
 82 2.460000
 83 1.750000
 84 1.850000
 85 2.240000
 86 1.750000
 87 2.460000
 88 1.770000
 89 1.790000
 90 1.880000
 91 1.770000
 92 1.910000
 93 1.910000
 94 1.930000
 95 1.910000
 96 1.780000
 97 1.910000
 98 1.830000
 99 1.880000
 100 1.930000
 101 1.910000
 102 1.910000
 103 1.910000
 104 1.930000
 105 1.920000
 106 1.900000
 107 1.930000
 108 1.930000
 109 1.830000
 110 1.960000
 111 1.860000
 112 1.980000
 113 1.830000
 114 1.960000
 115 1.990000
 116 1.960000
 117 2.010000
 118 1.990000
 119 2.010000
 120 1.990000
 121 2.010000
 122 1.990000
 123 1.920000
 124 1.880000
 125 1.940000
 126 1.930000
 127 1.950000
 128 2.000000
 129 1.960000
 130 1.950000
 131 1.930000
 132 2.460000
 133 1.910000
 134 2.500000
 135 1.930000
 136 2.550000
 137 2.000000
 138 1.940000
 139 1.940000
 140 1.950000
 141 1.970000
 142 1.950000
 143 1.950000
 144 1.940000
 145 2.030000
 146 2.050000
 147 2.090000
 148 2.060000
 149 1.980000
 150 2.020000
 151 1.980000
 152 2.030000
 153 1.960000
 154 1.980000
 155 2.000000
 156 1.980000
 157 2.010000
 158 2.050000
 159 2.010000
 160 2.060000
 161 2.020000
 162 2.010000
 163 2.100000
 164 2.050000
 165 2.010000
 166 2.060000
 167 2.010000
 168 2.190000
 169 2.030000
 170 2.020000
 171 2.060000
 172 2.040000
 173 2.050000
 174 2.160000
 175 2.460000
 176 2.180000
 177 2.080000
 178 2.200000
 179 2.110000
 180 2.200000
 181 2.160000
 182 2.190000
 183 2.220000
 184 2.180000
 185 2.170000
 186 2.220000
 187 2.200000
 188 2.220000
 189 2.240000
 190 2.200000
 191 2.200000
 192 2.190000
 193 2.240000
 194 2.190000
 195 2.240000
 196 2.240000
 197 2.200000
 198 2.270000
 199 2.240000
 200 2.240000
 201 2.240000
 202 2.240000
 203 2.220000
 204 2.250000
 205 2.290000
 206 2.260000
 207 2.290000
 208 2.260000
 209 2.260000
 210 2.250000
 211 2.460000
 212 2.480000
 213 2.500000
 214 2.520000
 215 2.520000
 216 2.500000
 217 2.500000
 218 2.500000
 219 2.470000
 220 2.470000
 221 2.470000
 222 2.570000
 223 2.600000
 224 2.660000
 225 3.580000
 226 3.610000
 227 3.610000
 228 3.560000
 229 3.480000
 230 3.160000
 231 2.930000
 232 2.920000
 233 2.930000
 234 2.970000
 235 2.990000
 236 3.020000
 237 3.000000
 238 3.110000
 239 3.380000
 240 3.390000
 241 3.380000
 242 3.390000
 243 3.360000
 244 3.360000
 245 3.360000
 246 3.360000
 247 3.340000
 248 3.340000
 249 3.340000
 250 3.310000
 251 3.310000
 252 3.290000
 253 3.290000
 254 3.290000
 255 3.290000
 256 3.260000
 257 3.290000
 258 3.260000
 259 3.260000
 260 3.280000
 261 3.520000
 262 3.540000
 263 3.590000
 264 3.650000
 265 3.650000
 266 3.680000
 267 3.700000
 268 3.730000
 269 3.750000
 270 3.780000
 271 3.830000
 272 3.820000
 273 3.350000
 274 3.240000
 275 3.170000
 276 3.190000
 277 3.170000
 278 3.110000
 279 3.160000
 280 3.140000
 281 3.190000
 282 3.280000
 283 3.270000
 284 3.270000
 285 4.320000
 286 4.340000
 287 4.390000
 288 3.140000
 289 4.510000
 290 4.540000
 291 4.570000
 292 3.180000
 293 3.180000
 294 3.190000
 295 3.220000
 296 3.200000
 297 3.180000
 298 3.210000
 299 3.250000
 300 3.250000
 301 3.210000
 302 3.230000
 303 5.230000
 304 5.280000
 305 5.350000
 306 5.480000
 307 3.230000
 308 5.610000
 309 3.170000
 310 3.190000
 311 3.130000
 312 3.160000
 313 3.180000
 314 3.180000
 315 3.170000
 316 3.150000
 317 3.120000
 318 3.120000
 319 3.120000
 320 3.110000
 321 3.110000
 322 3.100000
 323 0.950000
 324 0.940000
 325 0.960000
 326 0.940000
 327 0.940000
 328 0.940000
 329 0.940000
 330 0.940000
 331 0.940000
 332 0.940000
 333 0.940000
 334 0.940000
 335 0.940000
 336 0.910000
 337 0.910000
 338 0.940000
 339 0.920000
 340 0.940000
 341 0.950000
 342 0.970000
 343 0.970000
 344 0.950000
 345 0.980000
 346 1.010000
 347 6.660000
 348 6.660000
 349 6.620000
 350 6.580000
 351 1.050000
 352 1.030000
 353 1.010000
 354 1.010000
 355 1.030000
 356 1.040000
 357 4.750000
 358 4.770000
 359 7.010000
 360 7.030000
 361 7.100000
 362 1.480000
 363 1.460000
 364 1.470000
 365 1.470000
 366 1.460000
 367 1.490000
 368 1.470000
 369 1.470000
 370 1.500000
 371 1.470000
 372 1.460000
 373 1.460000
 374 1.470000
 375 1.520000
 376 1.510000
 377 3.000000
 378 3.010000
 379 3.020000
 380 3.040000
 381 2.050000
 382 2.040000
 383 2.040000
 384 2.040000
 385 2.010000
 386 2.040000
 387 2.040000
 388 2.010000
 389 2.020000
 390 2.070000
 391 2.050000
 392 3.080000
 393 3.080000
 394 3.080000
 395 3.110000
 396 2.960000
 397 3.970000
 398 2.980000
 399 2.980000
 400 7.690000
 401 3.010000
 402 3.010000
 403 7.600000
 404 2.980000
 405 2.950000
 406 2.990000
 407 2.950000
 408 2.960000
 409 2.950000
 410 0.880000
 411 0.860000
 412 0.860000
 413 0.860000
 414 0.840000
 415 0.860000
 416 0.860000
 417 0.860000
 418 0.860000
 419 0.860000
 420 0.860000
 421 0.860000
 422 0.860000
 423 0.840000
 424 0.860000
 425 0.840000
 426 0.860000
 427 0.860000
 428 0.830000
 429 0.830000
 430 0.860000
 431 0.870000
 432 0.890000
 433 0.830000
 434 3.690000
 435 2.950000
 436 2.980000
 437 3.410000
 438 3.130000
 439 3.130000
 440 3.310000
 441 3.130000
 442 3.130000
 443 3.260000
 444 3.180000
 445 3.060000
 446 3.100000
 447 3.130000
 448 3.080000
 449 3.080000
 450 3.130000
 451 3.180000
 452 3.260000
 453 3.160000
 454 3.130000
 455 3.130000
 456 3.230000
 457 3.210000
 458 3.030000
 459 3.070000
 460 3.050000
 461 3.060000
 462 3.080000
 463 2.040000
 464 2.030000
 465 2.010000
 466 2.010000
 467 2.010000
 468 2.010000
 469 2.010000
 470 2.010000
 471 2.010000
 472 2.030000
 473 2.040000
 474 1.620000
 475 1.530000
 476 1.480000
 477 1.450000
 478 1.460000
 479 1.440000
 480 1.460000
 481 1.440000
 482 1.470000
 483 1.460000
 484 1.460000
 485 1.470000
 486 1.460000
 487 1.470000
 488 1.490000
 489 1.460000
 490 3.300000
 491 3.230000
 492 3.300000
 493 3.290000
 494 3.300000
 495 3.310000
 496 3.340000
 497 3.310000
 498 3.290000
 499 3.300000
 500 1.070000
 501 0.940000
 502 0.930000
 503 0.910000
 504 0.910000
 505 0.910000
 506 0.910000
 507 0.940000
 508 0.910000
 509 0.940000
 510 0.910000
 511 0.910000
 512 0.910000
 513 0.910000
 514 0.940000
 515 0.910000
 516 0.910000
 517 0.910000
 518 0.940000
 519 0.910000
 520 0.910000
 521 0.910000
 522 0.910000
 523 0.970000
 524 0.970000
 525 0.930000
 526 0.960000
 527 0.930000
 528 0.940000
 529 0.940000
 530 0.920000
 531 0.930000
 532 0.900000
 533 0.930000
 534 0.900000
 535 0.930000
 536 0.920000
 537 0.930000
 538 0.930000
 539 0.930000
 540 0.910000
 541 0.910000
 542 0.960000
 543 0.930000
 544 0.920000
 545 0.930000
 546 0.940000
 547 0.940000
 548 0.940000
 549 0.930000
 550 0.930000
 551 0.950000
 552 0.950000
 553 0.950000
 554 0.950000
 555 0.930000
 556 0.930000
 557 0.970000
 558 0.970000
 559 0.940000
 560 0.960000
 561 0.970000
 562 0.970000
 563 0.990000
 564 1.010000
 565 0.990000
 566 1.000000
 567 1.000000
 568 1.000000
 569 1.030000
 570 1.020000
 571 1.070000
 572 1.090000
 573 1.090000
 574 5.120000
 575 4.340000
 576 4.350000
 577 4.370000
 578 4.390000
 579 4.430000
 580 4.490000
 581 4.430000
 582 4.460000
 583 4.560000
 584 4.480000
 585 4.570000
 586 4.560000
 587 4.530000
 588 4.340000
 589 4.340000
 590 4.210000
 591 4.240000
 592 4.110000
 593 4.080000
 594 4.080000
 595 4.060000
 596 4.060000
 597 4.090000
 598 4.050000
 599 4.110000
 600 4.070000
 601 4.050000
 602 3.980000
 603 4.070000
 604 4.010000
 605 3.980000
 606 4.000000
 607 3.980000
 608 3.980000
 609 3.980000
 610 4.120000
 611 4.080000
 612 4.100000
 613 3.960000
 614 3.950000
 615 3.980000
 616 4.070000
 617 3.990000
 618 4.000000
 619 3.980000
 620 4.010000
 621 4.020000
 622 4.020000
 623 4.040000
 624 3.990000
 625 3.970000
 626 3.970000
 627 3.970000
 628 3.970000
 629 3.920000
 630 3.950000
 631 3.780000
 632 3.780000
 633 3.760000
 634 3.830000
 635 3.830000
 636 3.860000
 637 3.850000
 638 3.840000
 639 3.870000
 640 3.840000
 641 3.840000
 642 3.940000
 643 3.960000
 644 3.890000
 645 3.860000
 646 3.810000
 647 3.730000
 648 3.760000
 649 3.760000
 650 3.660000
 651 3.670000
 652 3.630000
 653 3.660000
 654 3.660000
 655 3.680000
 656 3.670000
 657 3.630000
 658 3.620000
 659 3.630000
 660 3.650000
 661 3.680000
 662 3.680000
 663 3.680000
 664 3.710000
 665 3.710000
 666 3.710000
 667 3.710000
 668 3.560000
 669 3.670000
 670 3.630000
 671 3.630000
 672 3.630000
 673 3.540000
 674 3.540000
 675 3.540000
 676 3.520000
 677 3.560000
 678 3.480000
 679 3.430000
 680 3.410000
 681 3.420000
 682 3.380000
 683 3.480000
 684 3.530000
 685 3.510000
 686 3.470000
 687 3.490000
 688 3.460000
 689 3.440000
 690 3.410000
 691 3.370000
 692 3.360000
 693 3.440000
 694 3.310000
 695 3.310000
 696 3.410000
 697 3.410000
 698 3.280000
 699 3.310000
 700 3.410000
 701 3.410000
 702 3.280000
 703 3.280000
 704 3.410000
 705 3.390000
 706 3.390000
 707 3.390000
 708 3.280000
 709 3.750000
 710 3.260000
 711 3.360000
 712 3.340000
 713 3.360000
 714 3.230000
 715 3.300000
 716 3.330000
 717 3.360000
 718 3.360000
 719 3.230000
 720 3.390000
 721 3.390000
 722 3.230000
 723 3.230000
 724 3.390000
 725 3.390000
 726 3.390000
 727 3.230000
 728 3.360000
 729 3.360000
 730 3.390000
 731 3.230000
 732 3.260000
 733 3.340000
 734 3.360000
 735 3.360000
 736 3.230000
 737 3.360000
 738 3.320000
 739 3.360000
 740 3.230000
 741 3.360000
 742 3.320000
 743 3.390000
 744 3.230000
 745 3.400000
 746 3.340000
 747 3.340000
 748 3.260000
 749 3.230000
 750 3.340000
 751 3.340000
 752 3.370000
 753 3.370000
 754 3.340000
 755 3.350000
 756 3.370000
 757 3.370000
 758 3.340000
 759 3.350000
 760 3.370000
 0 1.700000
 1 1.810000
 2 1.830000
 3 1.710000
 4 1.810000
 5 1.840000
 6 1.780000
 7 1.810000
 8 1.810000
 9 1.790000
 10 1.840000
 11 1.790000
 12 1.790000
 13 1.790000
 14 1.790000
 15 1.850000
 16 1.790000
 17 1.800000
 18 1.790000
 19 1.750000
 20 1.740000
 21 1.740000
 22 1.720000
 23 1.740000
 24 1.740000
 25 2.240000
 26 1.680000
 27 1.720000
 28 2.410000
 29 1.690000
 30 2.410000
 31 1.830000
 32 1.830000
 33 2.410000
 34 1.700000
 35 2.400000
 36 1.820000
 37 1.680000
 38 2.400000
 39 1.810000
 40 1.680000
 41 2.380000
 42 1.680000
 43 2.380000
 44 1.810000
 45 1.840000
 46 2.390000
 47 1.840000
 48 1.680000
 49 1.810000
 50 1.810000
 51 1.840000
 52 1.780000
 53 1.680000
 54 1.780000
 55 1.790000
 56 1.840000
 57 1.780000
 58 1.840000
 59 1.810000
 60 1.780000
 61 1.840000
 62 1.780000
 63 1.840000
 64 1.780000
 65 1.810000
 66 1.810000
 67 1.810000
 68 1.840000
 69 1.830000
 70 1.830000
 71 1.810000
 72 1.810000
 73 1.860000
 74 1.830000
 75 1.730000
 76 1.830000
 77 1.860000
 78 1.730000
 79 1.760000
 80 2.460000
 81 1.760000
 82 2.490000
 83 1.750000
 84 1.910000
 85 2.160000
 86 1.780000
 87 2.460000
 88 1.780000
 89 1.830000
 90 1.910000
 91 1.740000
 92 1.910000
 93 1.930000
 94 1.910000
 95 1.910000
 96 1.780000
 97 1.910000
 98 1.800000
 99 1.910000
 100 1.910000
 101 1.910000
 102 1.930000
 103 1.910000
 104 1.910000
 105 1.920000
 106 1.920000
 107 1.950000
 108 1.930000
 109 1.830000
 110 1.960000
 111 1.830000
 112 1.960000
 113 1.860000
 114 1.960000
 115 1.990000
 116 1.960000
 117 2.010000
 118 1.990000
 119 1.990000
 120 1.990000
 121 1.980000
 122 1.990000
 123 1.920000
 124 1.880000
 125 1.940000
 126 1.900000
 127 1.990000
 128 2.030000
 129 1.950000
 130 1.950000
 131 2.000000
 132 2.400000
 133 1.930000
 134 2.500000
 135 1.930000
 136 2.530000
 137 2.010000
 138 1.920000
 139 1.920000
 140 1.960000
 141 1.960000
 142 1.960000
 143 1.950000
 144 1.940000
 145 2.030000
 146 2.050000
 147 2.110000
 148 2.060000
 149 2.000000
 150 2.010000
 151 1.980000
 152 2.040000
 153 1.960000
 154 1.980000
 155 2.040000
 156 1.960000
 157 2.010000
 158 2.070000
 159 2.020000
 160 2.070000
 161 2.040000
 162 2.030000
 163 2.110000
 164 1.990000
 165 2.010000
 166 2.030000
 167 2.030000
 168 2.190000
 169 2.010000
 170 2.020000
 171 2.060000
 172 2.040000
 173 2.080000
 174 2.180000
 175 2.480000
 176 2.180000
 177 2.080000
 178 2.170000
 179 2.080000
 180 2.200000
 181 2.190000
 182 2.190000
 183 2.200000
 184 2.210000
 185 2.190000
 186 2.230000
 187 2.200000
 188 2.220000
 189 2.240000
 190 2.230000
 191 2.200000
 192 2.200000
 193 2.240000
 194 2.220000
 195 2.240000
 196 2.240000
 197 2.210000
 198 2.270000
 199 2.240000
 200 2.240000
 201 2.210000
 202 2.240000
 203 2.240000
 204 2.240000
 205 2.260000
 206 2.290000
 207 2.290000
 208 2.230000
 209 2.260000
 210 2.250000
 211 2.480000
 212 2.490000
 213 2.520000
 214 2.520000
 215 2.500000
 216 2.500000
 217 2.500000
 218 2.500000
 219 2.500000
 220 2.470000
 221 2.470000
 222 2.540000
 223 2.600000
 224 2.650000
 225 3.580000
 226 3.580000
 227 3.630000
 228 3.560000
 229 3.480000
 230 3.180000
 231 2.970000
 232 2.940000
 233 2.930000
 234 2.990000
 235 2.990000
 236 3.020000
 237 3.020000
 238 3.080000
 239 3.410000
 240 3.390000
 241 3.360000
 242 3.360000
 243 3.360000
 244 3.360000
 245 3.360000
 246 3.340000
 247 3.340000
 248 3.310000
 249 3.310000
 250 3.310000
 251 3.310000
 252 3.310000
 253 3.290000
 254 3.290000
 255 3.290000
 256 3.260000
 257 3.260000
 258 3.260000
 259 3.260000
 260 3.280000
 261 3.520000
 262 3.570000
 263 3.590000
 264 3.650000
 265 3.650000
 266 3.650000
 267 3.700000
 268 3.730000
 269 3.750000
 270 3.780000
 271 3.830000
 272 3.800000
 273 3.350000
 274 3.210000
 275 3.180000
 276 3.170000
 277 3.160000
 278 3.140000
 279 3.150000
 280 3.170000
 281 3.190000
 282 3.300000
 283 3.270000
 284 3.270000
 285 4.320000
 286 4.340000
 287 4.390000
 288 3.120000
 289 4.490000
 290 3.180000
 291 4.560000
 292 3.180000
 293 3.150000
 294 3.180000
 295 3.190000
 296 3.200000
 297 3.180000
 298 3.210000
 299 3.230000
 300 3.250000
 301 3.230000
 302 3.210000
 303 5.230000
 304 5.300000
 305 5.350000
 306 5.480000
 307 3.180000
 308 5.580000
 309 3.190000
 310 3.160000
 311 3.160000
 312 3.160000
 313 3.180000
 314 3.180000
 315 3.160000
 316 3.160000
 317 3.160000
 318 3.160000
 319 3.130000
 320 3.160000
 321 3.110000
 322 3.110000
 323 0.970000
 324 0.940000
 325 0.960000
 326 0.940000
 327 0.940000
 328 0.940000
 329 0.940000
 330 0.940000
 331 0.940000
 332 0.940000
 333 0.940000
 334 0.940000
 335 0.940000
 336 0.910000
 337 0.910000
 338 0.910000
 339 0.920000
 340 0.940000
 341 0.950000
 342 0.970000
 343 0.950000
 344 0.970000
 345 0.980000
 346 1.010000
 347 6.710000
 348 6.690000
 349 6.620000
 350 6.580000
 351 1.030000
 352 1.050000
 353 1.040000
 354 1.030000
 355 1.040000
 356 1.040000
 357 1.040000
 358 4.770000
 359 7.040000
 360 7.020000
 361 7.080000
 362 1.470000
 363 1.490000
 364 1.470000
 365 1.440000
 366 1.470000
 367 1.470000
 368 1.470000
 369 1.500000
 370 1.470000
 371 1.470000
 372 1.470000
 373 1.460000
 374 1.470000
 375 1.500000
 376 1.540000
 377 3.030000
 378 3.020000
 379 3.010000
 380 3.010000
 381 2.020000
 382 2.040000
 383 2.010000
 384 2.010000
 385 2.040000
 386 2.010000
 387 2.010000
 388 2.010000
 389 2.020000
 390 2.060000
 391 2.160000
 392 3.050000
 393 3.050000
 394 3.050000
 395 2.980000
 396 3.030000
 397 3.960000
 398 2.980000
 399 3.010000
 400 7.690000
 401 2.980000
 402 2.980000
 403 7.600000
 404 2.950000
 405 2.980000
 406 2.990000
 407 2.950000
 408 2.960000
 409 2.980000
 410 0.900000
 411 0.860000
 412 0.860000
 413 0.860000
 414 0.860000
 415 0.860000
 416 0.840000
 417 0.840000
 418 0.860000
 419 0.860000
 420 0.860000
 421 0.860000
 422 0.860000
 423 0.860000
 424 0.860000
 425 0.860000
 426 0.840000
 427 0.860000
 428 0.860000
 429 0.860000
 430 0.860000
 431 0.890000
 432 0.860000
 433 0.800000
 434 3.690000
 435 2.950000
 436 2.980000
 437 3.430000
 438 3.130000
 439 3.130000
 440 3.330000
 441 3.160000
 442 3.130000
 443 3.230000
 444 3.210000
 445 3.110000
 446 3.080000
 447 3.130000
 448 3.080000
 449 3.110000
 450 3.130000
 451 3.180000
 452 3.290000
 453 3.160000
 454 3.130000
 455 3.130000
 456 3.230000
 457 3.210000
 458 3.010000
 459 3.060000
 460 3.050000
 461 3.030000
 462 2.080000
 463 2.040000
 464 2.010000
 465 1.990000
 466 2.010000
 467 1.990000
 468 2.010000
 469 2.010000
 470 2.010000
 471 2.010000
 472 2.030000
 473 3.100000
 474 1.620000
 475 1.530000
 476 1.480000
 477 1.470000
 478 1.460000
 479 1.440000
 480 1.460000
 481 1.460000
 482 1.460000
 483 1.490000
 484 1.470000
 485 1.460000
 486 1.470000
 487 1.470000
 488 1.460000
 489 1.540000
 490 3.300000
 491 3.230000
 492 3.310000
 493 3.290000
 494 3.310000
 495 3.340000
 496 3.310000
 497 3.310000
 498 3.290000
 499 3.300000
 500 1.040000
 501 0.940000
 502 0.910000
 503 0.910000
 504 0.910000
 505 0.910000
 506 0.910000
 507 0.910000
 508 0.910000
 509 0.910000
 510 0.910000
 511 0.910000
 512 0.910000
 513 0.910000
 514 0.910000
 515 0.910000
 516 0.910000
 517 0.910000
 518 0.940000
 519 0.910000
 520 0.910000
 521 0.910000
 522 0.910000
 523 0.990000
 524 0.990000
 525 0.950000
 526 0.930000
 527 0.950000
 528 0.940000
 529 0.940000
 530 0.920000
 531 0.920000
 532 0.940000
 533 0.920000
 534 0.930000
 535 0.930000
 536 0.920000
 537 0.930000
 538 0.960000
 539 0.930000
 540 0.910000
 541 0.910000
 542 0.940000
 543 0.910000
 544 0.950000
 545 0.930000
 546 0.920000
 547 0.910000
 548 0.930000
 549 0.930000
 550 0.930000
 551 0.950000
 552 0.950000
 553 0.950000
 554 0.980000
 555 0.930000
 556 0.970000
 557 0.960000
 558 0.970000
 559 0.980000
 560 0.960000
 561 0.970000
 562 0.980000
 563 0.960000
 564 0.990000
 565 1.000000
 566 1.030000
 567 1.000000
 568 1.000000
 569 1.030000
 570 1.020000
 571 1.070000
 572 1.060000
 573 1.090000
 574 5.120000
 575 4.340000
 576 4.350000
 577 4.370000
 578 4.390000
 579 4.430000
 580 4.490000
 581 4.430000
 582 4.460000
 583 4.550000
 584 4.480000
 585 4.570000
 586 4.560000
 587 4.530000
 588 4.370000
 589 4.340000
 590 4.230000
 591 4.230000
 592 4.110000
 593 4.080000
 594 4.060000
 595 4.030000
 596 4.060000
 597 4.120000
 598 4.080000
 599 4.090000
 600 4.070000
 601 4.020000
 602 4.010000
 603 4.010000
 604 4.010000
 605 4.010000
 606 4.000000
 607 3.980000
 608 3.980000
 609 4.120000
 610 4.100000
 611 4.100000
 612 4.100000
 613 3.960000
 614 3.950000
 615 3.980000
 616 4.060000
 617 3.990000
 618 3.980000
 619 3.980000
 620 3.980000
 621 4.030000
 622 4.010000
 623 4.020000
 624 3.990000
 625 3.970000
 626 3.970000
 627 3.950000
 628 3.970000
 629 3.950000
 630 3.950000
 631 3.780000
 632 3.780000
 633 3.760000
 634 3.830000
 635 3.820000
 636 3.840000
 637 3.860000
 638 3.830000
 639 3.890000
 640 3.860000
 641 3.840000
 642 3.940000
 643 3.960000
 644 3.890000
 645 3.860000
 646 3.830000
 647 3.730000
 648 3.730000
 649 3.790000
 650 3.660000
 651 3.670000
 652 3.650000
 653 3.670000
 654 3.670000
 655 3.670000
 656 3.660000
 657 3.650000
 658 3.620000
 659 3.630000
 660 3.650000
 661 3.650000
 662 3.680000
 663 3.680000
 664 3.710000
 665 3.710000
 666 3.710000
 667 3.710000
 668 3.530000
 669 3.650000
 670 3.630000
 671 3.630000
 672 3.610000
 673 3.540000
 674 3.520000
 675 3.540000
 676 3.540000
 677 3.560000
 678 3.490000
 679 3.450000
 680 3.420000
 681 3.420000
 682 3.410000
 683 3.480000
 684 3.510000
 685 3.480000
 686 3.470000
 687 3.490000
 688 3.460000
 689 3.410000
 690 3.440000
 691 3.360000
 692 3.380000
 693 3.440000
 694 3.310000
 695 3.330000
 696 3.440000
 697 3.440000
 698 3.310000
 699 3.310000
 700 3.390000
 701 3.440000
 702 3.310000
 703 3.280000
 704 3.410000
 705 3.410000
 706 3.360000
 707 3.390000
 708 3.240000
 709 4.020000
 710 3.240000
 711 3.360000
 712 3.360000
 713 3.330000
 714 3.210000
 715 3.280000
 716 3.330000
 717 3.360000
 718 3.340000
 719 3.230000
 720 3.360000
 721 3.390000
 722 3.250000
 723 3.230000
 724 3.390000
 725 3.360000
 726 3.390000
 727 3.230000
 728 3.360000
 729 3.340000
 730 3.390000
 731 3.230000
 732 3.260000
 733 3.340000
 734 3.360000
 735 3.340000
 736 3.250000
 737 3.340000
 738 3.290000
 739 3.390000
 740 3.230000
 741 3.360000
 742 3.320000
 743 3.360000
 744 3.250000
 745 3.370000
 746 3.340000
 747 3.340000
 748 3.230000
 749 3.230000
 750 3.340000
 751 3.340000
 752 3.400000
 753 3.370000
 754 3.310000
 755 3.350000
 756 3.370000
 757 3.370000
 758 3.340000
 759 3.350000
 760 3.400000
 0 1.700000
 1 1.810000
 2 1.830000
 3 1.710000
 4 1.780000
 5 1.810000
 6 1.780000
 7 1.790000
 8 1.810000
 9 1.760000
 10 1.840000
 11 1.790000
 12 1.790000
 13 1.760000
 14 1.760000
 15 1.820000
 16 1.790000
 17 1.800000
 18 1.760000
 19 1.750000
 20 1.740000
 21 1.740000
 22 1.740000
 23 1.740000
 24 1.770000
 25 2.210000
 26 1.680000
 27 1.690000
 28 2.410000
 29 1.690000
 30 2.410000
 31 1.800000
 32 1.830000
 33 2.410000
 34 1.680000
 35 2.400000
 36 1.800000
 37 1.680000
 38 2.400000
 39 1.810000
 40 1.680000
 41 2.400000
 42 1.680000
 43 2.410000
 44 1.810000
 45 1.810000
 46 2.390000
 47 1.810000
 48 1.680000
 49 1.790000
 50 1.810000
 51 1.810000
 52 1.810000
 53 1.710000
 54 1.780000
 55 1.790000
 56 1.810000
 57 1.780000
 58 1.680000
 59 1.810000
 60 1.810000
 61 1.840000
 62 1.780000
 63 1.840000
 64 1.810000
 65 1.810000
 66 1.840000
 67 1.810000
 68 1.840000
 69 1.810000
 70 1.830000
 71 1.810000
 72 1.830000
 73 1.860000
 74 1.860000
 75 1.730000
 76 1.860000
 77 1.880000
 78 1.750000
 79 1.730000
 80 2.440000
 81 1.760000
 82 2.490000
 83 1.750000
 84 1.930000
 85 2.140000
 86 1.760000
 87 2.460000
 88 1.770000
 89 1.790000
 90 1.910000
 91 1.770000
 92 1.880000
 93 1.930000
 94 1.910000
 95 1.910000
 96 1.810000
 97 1.930000
 98 1.810000
 99 1.910000
 100 1.930000
 101 1.930000
 102 1.910000
 103 1.910000
 104 1.910000
 105 1.920000
 106 1.900000
 107 1.920000
 108 1.960000
 109 1.830000
 110 1.960000
 111 1.860000
 112 1.960000
 113 1.860000
 114 1.960000
 115 2.010000
 116 1.960000
 117 2.010000
 118 1.990000
 119 2.010000
 120 1.990000
 121 2.010000
 122 1.970000
 123 1.920000
 124 1.910000
 125 1.940000
 126 1.930000
 127 1.990000
 128 2.060000
 129 1.950000
 130 1.950000
 131 1.910000
 132 2.480000
 133 1.930000
 134 2.530000
 135 1.930000
 136 2.550000
 137 1.980000
 138 1.940000
 139 1.940000
 140 1.950000
 141 1.960000
 142 1.950000
 143 1.950000
 144 1.970000
 145 2.030000
 146 2.070000
 147 1.960000
 148 2.070000
 149 1.970000
 150 2.010000
 151 1.960000
 152 2.040000
 153 2.030000
 154 1.980000
 155 2.040000
 156 1.960000
 157 1.990000
 158 2.060000
 159 2.020000
 160 2.050000
 161 2.030000
 162 2.010000
 163 2.100000
 164 2.030000
 165 2.120000
 166 2.030000
 167 2.010000
 168 2.200000
 169 2.030000
 170 2.080000
 171 2.060000
 172 2.070000
 173 2.080000
 174 2.160000
 175 2.480000
 176 2.080000
 177 2.080000
 178 2.170000
 179 2.110000
 180 2.200000
 181 2.160000
 182 2.190000
 183 2.220000
 184 2.180000
 185 2.160000
 186 2.240000
 187 2.220000
 188 2.220000
 189 2.240000
 190 2.200000
 191 2.230000
 192 2.220000
 193 2.240000
 194 2.220000
 195 2.210000
 196 2.230000
 197 2.200000
 198 2.240000
 199 2.240000
 200 2.240000
 201 2.240000
 202 2.240000
 203 2.240000
 204 2.240000
 205 2.260000
 206 2.260000
 207 2.290000
 208 2.260000
 209 2.260000
 210 2.280000
 211 2.460000
 212 2.480000
 213 2.500000
 214 2.520000
 215 2.500000
 216 2.500000
 217 2.500000
 218 2.500000
 219 2.500000
 220 2.470000
 221 2.460000
 222 2.540000
 223 2.600000
 224 2.660000
 225 3.580000
 226 3.610000
 227 3.610000
 228 3.560000
 229 3.510000
 230 3.180000
 231 2.940000
 232 2.920000
 233 2.960000
 234 2.990000
 235 2.980000
 236 3.020000
 237 3.020000
 238 3.110000
 239 3.380000
 240 3.390000
 241 3.380000
 242 3.390000
 243 3.360000
 244 3.360000
 245 3.360000
 246 3.360000
 247 3.340000
 248 3.340000
 249 3.340000
 250 3.310000
 251 3.310000
 252 3.310000
 253 3.310000
 254 3.290000
 255 3.260000
 256 3.290000
 257 3.260000
 258 3.290000
 259 3.260000
 260 3.280000
 261 3.520000
 262 3.570000
 263 3.570000
 264 3.650000
 265 3.650000
 266 3.650000
 267 3.700000
 268 3.700000
 269 3.750000
 270 3.780000
 271 3.800000
 272 3.830000
 273 3.360000
 274 3.210000
 275 3.200000
 276 3.170000
 277 3.170000
 278 3.140000
 279 3.130000
 280 3.140000
 281 3.190000
 282 3.290000
 283 3.270000
 284 3.290000
 285 4.320000
 286 4.340000
 287 4.390000
 288 3.120000
 289 4.490000
 290 3.180000
 291 4.590000
 292 3.180000
 293 3.180000
 294 3.160000
 295 3.160000
 296 3.180000
 297 3.180000
 298 3.210000
 299 3.250000
 300 3.240000
 301 3.210000
 302 3.230000
 303 5.200000
 304 5.300000
 305 5.330000
 306 5.480000
 307 3.200000
 308 5.610000
 309 3.190000
 310 3.200000
 311 3.160000
 312 3.140000
 313 3.150000
 314 3.180000
 315 3.170000
 316 3.150000
 317 3.160000
 318 3.150000
 319 3.100000
 320 3.160000
 321 3.130000
 322 3.100000
 323 0.970000
 324 0.960000
 325 0.940000
 326 0.940000
 327 0.960000
 328 0.940000
 329 0.940000
 330 0.940000
 331 0.910000
 332 0.940000
 333 0.940000
 334 0.940000
 335 0.940000
 336 0.940000
 337 0.940000
 338 0.910000
 339 0.920000
 340 0.940000
 341 0.920000
 342 0.950000
 343 0.970000
 344 0.970000
 345 0.980000
 346 1.010000
 347 6.630000
 348 6.690000
 349 6.590000
 350 6.600000
 351 1.000000
 352 1.010000
 353 1.030000
 354 1.010000
 355 1.010000
 356 1.040000
 357 1.040000
 358 4.800000
 359 7.040000
 360 7.020000
 361 7.080000
 362 1.490000
 363 1.460000
 364 1.470000
 365 1.460000
 366 1.460000
 367 1.470000
 368 1.470000
 369 1.470000
 370 1.470000
 371 1.460000
 372 1.450000
 373 1.460000
 374 1.470000
 375 1.500000
 376 1.520000
 377 3.040000
 378 3.010000
 379 3.010000
 380 3.020000
 381 2.020000
 382 2.040000
 383 2.040000
 384 2.010000
 385 2.040000
 386 2.010000
 387 2.010000
 388 2.010000
 389 2.020000
 390 2.070000
 391 2.110000
 392 3.080000
 393 3.080000
 394 3.060000
 395 2.980000
 396 3.050000
 397 3.960000
 398 3.010000
 399 3.010000
 400 7.690000
 401 2.950000
 402 2.980000
 403 7.580000
 404 2.950000
 405 2.980000
 406 3.060000
 407 2.980000
 408 2.980000
 409 2.950000
 410 0.850000
 411 0.860000
 412 0.860000
 413 0.860000
 414 0.840000
 415 0.860000
 416 0.860000
 417 0.860000
 418 0.860000
 419 0.860000
 420 0.860000
 421 0.860000
 422 0.840000
 423 0.860000
 424 0.840000
 425 0.840000
 426 0.860000
 427 0.860000
 428 0.860000
 429 0.830000
 430 0.830000
 431 0.860000
 432 0.860000
 433 0.880000
 434 3.660000
 435 2.980000
 436 2.980000
 437 3.430000
 438 3.130000
 439 3.130000
 440 3.330000
 441 3.130000
 442 3.130000
 443 3.260000
 444 3.180000
 445 3.110000
 446 3.100000
 447 3.130000
 448 3.080000
 449 3.080000
 450 3.130000
 451 3.180000
 452 3.290000
 453 3.160000
 454 3.160000
 455 3.130000
 456 3.210000
 457 3.210000
 458 3.030000
 459 3.050000
 460 3.040000
 461 3.030000
 462 2.100000
 463 2.070000
 464 2.010000
 465 2.010000
 466 2.010000
 467 2.010000
 468 2.010000
 469 2.010000
 470 2.010000
 471 2.010000
 472 2.030000
 473 2.010000
 474 1.620000
 475 1.500000
 476 1.480000
 477 1.450000
 478 1.460000
 479 1.440000
 480 1.440000
 481 1.460000
 482 1.440000
 483 1.460000
 484 1.470000
 485 1.460000
 486 1.450000
 487 1.470000
 488 1.460000
 489 1.530000
 490 3.260000
 491 3.280000
 492 3.310000
 493 3.290000
 494 3.310000
 495 3.330000
 496 3.330000
 497 3.290000
 498 3.290000
 499 3.310000
 500 1.010000
 501 0.940000
 502 0.910000
 503 0.910000
 504 0.910000
 505 0.910000
 506 0.910000
 507 0.910000
 508 0.910000
 509 0.910000
 510 0.910000
 511 0.910000
 512 0.910000
 513 0.910000
 514 0.910000
 515 0.910000
 516 0.910000
 517 0.910000
 518 0.910000
 519 0.910000
 520 0.910000
 521 0.910000
 522 0.920000
 523 0.970000
 524 0.970000
 525 0.930000
 526 0.960000
 527 0.930000
 528 0.940000
 529 0.940000
 530 0.920000
 531 0.910000
 532 0.910000
 533 0.920000
 534 0.920000
 535 0.910000
 536 0.910000
 537 0.930000
 538 0.920000
 539 0.930000
 540 0.910000
 541 0.930000
 542 0.930000
 543 0.930000
 544 0.950000
 545 0.930000
 546 0.920000
 547 0.930000
 548 0.910000
 549 0.930000
 550 0.950000
 551 0.950000
 552 0.950000
 553 0.950000
 554 0.950000
 555 0.930000
 556 0.960000
 557 0.960000
 558 0.940000
 559 0.940000
 560 0.970000
 561 0.970000
 562 0.980000
 563 0.990000
 564 0.980000
 565 0.990000
 566 1.000000
 567 1.000000
 568 1.000000
 569 1.030000
 570 1.040000
 571 1.070000
 572 1.090000
 573 1.090000
 574 5.100000
 575 4.340000
 576 4.350000
 577 4.390000
 578 4.420000
 579 4.430000
 580 4.490000
 581 4.430000
 582 4.460000
 583 4.550000
 584 4.480000
 585 4.570000
 586 4.560000
 587 4.520000
 588 4.370000
 589 4.310000
 590 4.180000
 591 4.240000
 592 4.110000
 593 4.060000
 594 4.080000
 595 4.030000
 596 4.060000
 597 4.090000
 598 4.070000
 599 4.120000
 600 4.070000
 601 4.020000
 602 3.980000
 603 4.010000
 604 4.010000
 605 4.030000
 606 4.030000
 607 4.000000
 608 4.010000
 609 4.110000
 610 4.100000
 611 4.100000
 612 4.100000
 613 3.960000
 614 3.950000
 615 3.980000
 616 4.060000
 617 4.020000
 618 4.000000
 619 4.000000
 620 3.980000
 621 4.010000
 622 4.030000
 623 4.020000
 624 3.970000
 625 3.990000
 626 3.970000
 627 3.970000
 628 3.950000
 629 3.950000
 630 3.810000
 631 3.760000
 632 3.780000
 633 3.760000
 634 3.830000
 635 3.800000
 636 3.860000
 637 3.860000
 638 3.820000
 639 3.870000
 640 3.860000
 641 3.840000
 642 3.940000
 643 3.960000
 644 3.890000
 645 3.860000
 646 3.810000
 647 3.730000
 648 3.730000
 649 3.760000
 650 3.660000
 651 3.670000
 652 3.630000
 653 3.640000
 654 3.670000
 655 3.670000
 656 3.610000
 657 3.640000
 658 3.640000
 659 3.630000
 660 3.650000
 661 3.670000
 662 3.680000
 663 3.680000
 664 3.710000
 665 3.710000
 666 3.730000
 667 3.710000
 668 3.530000
 669 3.650000
 670 3.610000
 671 3.630000
 672 3.610000
 673 3.570000
 674 3.540000
 675 3.510000
 676 3.540000
 677 3.560000
 678 3.490000
 679 3.450000
 680 3.430000
 681 3.400000
 682 3.380000
 683 3.480000
 684 3.510000
 685 3.480000
 686 3.490000
 687 3.510000
 688 3.490000
 689 3.440000
 690 3.420000
 691 3.370000
 692 3.360000
 693 3.440000
 694 3.310000
 695 3.330000
 696 3.440000
 697 3.440000
 698 3.310000
 699 3.280000
 700 3.410000
 701 3.410000
 702 3.280000
 703 3.280000
 704 3.390000
 705 3.390000
 706 3.390000
 707 3.390000
 708 3.240000
 709 4.020000
 710 3.260000
 711 3.360000
 712 3.340000
 713 3.360000
 714 3.210000
 715 3.300000
 716 3.360000
 717 3.360000
 718 3.360000
 719 3.230000
 720 3.390000
 721 3.390000
 722 3.230000
 723 3.260000
 724 3.360000
 725 3.360000
 726 3.360000
 727 3.230000
 728 3.360000
 729 3.340000
 730 3.360000
 731 3.260000
 732 3.260000
 733 3.340000
 734 3.360000
 735 3.360000
 736 3.230000
 737 3.360000
 738 3.290000
 739 3.390000
 740 3.260000
 741 3.360000
 742 3.320000
 743 3.370000
 744 3.230000
 745 3.400000
 746 3.340000
 747 3.360000
 748 3.230000
 749 3.230000
 750 3.360000
 751 3.340000
 752 3.370000
 753 3.350000
 754 3.340000
 755 3.370000
 756 3.370000
 757 3.370000
 758 3.340000
 759 3.350000
 760 3.370000