
 0 3.460000
 1 2.510000
 2 2.510000
 3 2.510000
 4 2.460000
 5 2.530000
 6 2.480000
 7 2.480000
 8 2.530000
 9 2.480000
 10 2.520000
 11 2.500000
 12 2.480000
 13 2.560000
 14 2.520000
 15 2.510000
 16 2.560000
 17 2.530000
 18 2.560000
 19 2.610000
 20 2.580000
 21 2.610000
 22 2.630000
 23 2.600000
 24 2.650000
 25 2.680000
 26 2.560000
 27 2.710000
 28 2.740000
 29 2.680000
 30 2.680000
 31 2.670000
 32 2.670000
 33 2.700000
 34 2.770000
 35 2.720000
 36 2.750000
 37 2.760000
 38 2.820000
 39 2.870000
 40 2.830000
 41 3.210000
 42 3.510000
 43 3.510000
 44 3.490000
 45 3.490000
 46 3.460000
 47 3.460000
 48 3.460000
 49 3.460000
 50 3.440000
 51 3.440000
 52 3.410000
 53 3.390000
 54 3.280000
 55 3.260000
 56 3.260000
 57 3.220000
 58 3.170000
 59 3.200000
 60 3.270000
 61 3.430000
 62 3.460000
 63 3.500000
 64 3.490000
 65 3.490000
 66 3.520000
 67 3.490000
 68 3.310000
 69 3.350000
 70 3.320000
 71 3.340000
 72 3.310000
 73 3.330000
 74 3.260000
 75 3.260000
 76 3.210000
 77 3.320000
 78 3.290000
 79 3.320000
 80 3.220000
 81 3.250000
 82 3.340000
 83 3.260000
 84 3.250000
 85 3.290000
 86 3.310000
 87 3.380000
 88 3.330000
 89 3.300000
 90 3.330000
 91 3.370000
 92 3.280000
 93 3.300000
 94 3.300000
 95 3.340000
 96 3.360000
 97 3.380000
 98 3.330000
 99 3.320000
 100 3.330000
 101 3.420000
 102 3.370000
 103 3.370000
 104 3.360000
 105 3.280000
 106 3.280000
 107 3.280000
 108 3.260000
 109 3.310000
 110 3.300000
 111 3.230000
 112 3.210000
 113 3.210000
 114 3.210000
 115 3.270000
 116 3.200000
 117 3.290000
 118 3.220000
 119 3.220000
 120 3.230000
 121 3.250000
 122 3.210000
 123 3.260000
 124 3.180000
 125 3.440000
 126 3.310000
 127 3.350000
 128 3.210000
 129 8.160000
 130 3.180000
 131 3.260000
 132 3.160000
 133 3.170000
 134 3.160000
 135 3.230000
 136 3.260000
 137 3.130000
 138 3.230000
 139 3.230000
 140 3.230000
 141 3.110000
 142 3.230000
 143 3.130000
 144 3.130000
 145 3.130000
 146 3.130000
 147 3.130000
 148 3.110000
 149 3.090000
 150 3.110000
 151 3.110000
 152 3.110000
 153 3.120000
 154 3.130000
 155 3.180000
 156 3.060000
 157 3.180000
 158 3.160000
 159 3.060000
 160 3.170000
 161 3.160000
 162 3.110000
 163 3.180000
 164 3.160000
 165 3.160000
 166 3.080000
 167 3.160000
 168 3.160000
 169 3.050000
 170 3.080000
 171 3.160000
 172 3.230000
 173 3.260000
 174 3.180000
 175 3.060000
 176 3.270000
 177 3.170000
 178 3.130000
 179 3.100000
 180 3.150000
 181 3.150000
 182 3.120000
 183 3.150000
 184 3.150000
 185 3.110000
 186 3.090000
 187 3.110000
 188 3.110000
 189 3.030000
 190 3.030000
 191 0.710000
 192 0.700000
 193 0.680000
 194 0.710000
 195 0.710000
 196 0.690000
 197 0.710000
 198 0.710000
 199 0.690000
 200 0.710000
 201 0.690000
 202 0.690000
 203 0.710000
 204 0.690000
 205 0.690000
 206 0.690000
 207 0.690000
 208 0.690000
 209 0.690000
 210 0.710000
 211 0.690000
 212 0.690000
 213 0.710000
 214 0.680000
 215 0.700000
 216 0.740000
 217 0.700000
 218 3.010000
 219 3.100000
 220 3.050000
 221 3.120000
 222 3.100000
 223 3.020000
 224 0.850000
 225 0.830000
 226 0.860000
 227 0.870000
 228 0.880000
 229 0.830000
 230 0.850000
 231 0.850000
 232 3.180000
 233 3.160000
 234 3.240000
 235 3.160000
 236 3.110000
 237 3.110000
 238 3.130000
 239 1.610000
 240 1.500000
 241 3.130000
 242 3.130000
 243 3.240000
 244 3.190000
 245 3.160000
 246 3.190000
 247 3.160000
 248 1.900000
 249 1.940000
 250 1.870000
 251 1.860000
 252 1.860000
 253 1.860000
 254 1.860000
 255 1.860000
 256 1.860000
 257 1.860000
 258 1.860000
 259 1.880000
 260 3.170000
 261 1.440000
 262 1.410000
 263 1.380000
 264 1.340000
 265 1.320000
 266 1.310000
 267 1.290000
 268 1.310000
 269 1.310000
 270 1.290000
 271 1.300000
 272 1.320000
 273 1.320000
 274 1.320000
 275 1.300000
 276 1.320000
 277 1.320000
 278 1.310000
 279 1.400000
 280 3.240000
 281 3.220000
 282 3.240000
 283 3.250000
 284 3.250000
 285 3.250000
 286 3.250000
 287 3.260000
 288 3.260000
 289 3.280000
 290 2.040000
 291 2.010000
 292 1.990000
 293 1.970000
 294 1.960000
 295 1.960000
 296 0.900000
 297 0.850000
 298 0.820000
 299 0.810000
 300 0.810000
 301 0.780000
 302 0.780000
 303 0.780000
 304 0.770000
 305 0.760000
 306 0.760000
 307 0.760000
 308 0.730000
 309 0.760000
 310 0.760000
 311 0.760000
 312 0.760000
 313 0.760000
 314 0.760000
 315 0.790000
 316 0.740000
 317 0.760000
 318 0.760000
 319 0.790000
 320 0.760000
 321 0.780000
 322 0.760000
 323 0.780000
 324 0.800000
 325 0.860000
 326 0.880000
 327 1.240000
 328 1.440000
 329 1.440000
 330 1.460000
 331 1.460000
 332 1.460000
 333 1.460000
 334 1.460000
 335 1.490000
 336 3.790000
 337 6.450000
 338 6.400000
 339 6.340000
 340 6.300000
 341 6.280000
 342 6.250000
 343 6.200000
 344 6.160000
 345 6.080000
 346 6.120000
 347 6.080000
 348 6.060000
 349 6.010000
 350 6.010000
 351 5.960000
 352 5.910000
 353 5.880000
 354 5.860000
 355 5.830000
 356 4.000000
 357 5.400000
 358 4.030000
 359 4.080000
 360 4.130000
 361 4.160000
 362 4.160000
 363 4.180000
 364 4.180000
 365 4.210000
 366 4.290000
 367 4.250000
 368 4.280000
 369 5.100000
 370 4.340000
 371 4.360000
 372 4.400000
 373 4.350000
 374 1.060000
 375 1.020000
 376 1.020000
 377 1.020000
 378 1.000000
 379 0.970000
 380 0.970000
 381 0.980000
 382 0.960000
 383 0.960000
 384 0.960000
 385 0.960000
 386 0.990000
 387 0.990000
 388 0.960000
 389 0.990000
 390 0.990000
 391 1.010000
 392 1.010000
 393 1.010000
 394 1.010000
 395 0.990000
 396 0.990000
 397 0.990000
 398 1.040000
 399 3.930000
 400 4.010000
 401 3.950000
 402 3.910000
 403 3.950000
 404 3.960000
 405 3.970000
 406 4.030000
 407 3.900000
 408 3.900000
 409 3.880000
 410 4.020000
 411 3.880000
 412 3.960000
 413 3.960000
 414 3.910000
 415 3.920000
 416 3.930000
 417 3.990000
 418 3.990000
 419 3.910000
 420 3.890000
 421 3.910000
 422 3.880000
 423 3.860000
 424 3.860000
 425 3.800000
 426 3.740000
 427 3.740000
 428 3.790000
 429 3.790000
 430 3.710000
 431 3.740000
 432 3.710000
 433 3.860000
 434 3.880000
 435 3.870000
 436 3.850000
 437 3.700000
 438 3.700000
 439 3.670000
 440 3.640000
 441 3.640000
 442 3.610000
 443 3.600000
 444 3.600000
 445 3.570000
 446 3.560000
 447 3.610000
 448 3.650000
 449 3.630000
 450 3.550000
 451 3.500000
 452 3.560000
 453 3.520000
 454 3.510000
 455 3.510000
 456 3.540000
 457 3.480000
 458 3.530000
 459 3.550000
 460 3.560000
 461 3.540000
 462 3.550000
 463 3.520000
 464 3.550000
 465 3.550000
 466 3.520000
 467 3.500000
 468 3.450000
 469 3.480000
 470 3.440000
 471 3.450000
 472 3.550000
 473 3.580000
 474 3.520000
 475 3.420000
 476 3.380000
 477 3.360000
 478 3.320000
 479 3.310000
 480 3.340000
 481 3.310000
 482 3.370000
 483 3.360000
 484 3.380000
 485 3.360000
 486 3.350000
 487 3.340000
 488 3.230000
 489 3.260000
 490 3.260000
 491 3.300000
 492 3.210000
 493 3.330000
 494 3.310000
 495 3.310000
 496 3.200000
 497 3.210000
 498 3.310000
 499 3.310000
 500 3.280000
 501 3.310000
 502 3.280000
 503 3.310000
 504 3.160000
 505 3.260000
 506 3.260000
 507 3.110000
 508 3.220000
 509 3.260000
 510 3.110000
 511 3.110000
 512 3.150000
 513 3.110000
 514 3.210000
 515 3.210000
 516 3.230000
 517 3.210000
 518 3.210000
 519 3.210000
 520 3.210000
 521 3.110000
 522 3.230000
 523 3.210000
 524 3.100000
 525 3.110000
 526 3.230000
 527 3.100000
 528 3.100000
 529 3.240000
 530 3.240000
 531 3.100000
 532 3.130000
 533 3.260000
 534 3.080000
 535 3.110000
 536 3.110000
 537 3.200000
 538 3.220000
 539 3.110000
 540 3.210000
 541 3.170000
 542 3.230000
 543 3.210000
 544 3.220000
 545 3.260000
 546 3.260000
 547 3.240000
 548 3.240000
 549 3.260000
 550 3.240000
 551 3.210000
 552 3.210000
 553 3.250000
 554 3.210000
 555 3.210000
 556 3.220000
 557 3.210000
 558 3.210000
 559 3.210000
 560 3.220000
 561 3.190000
 562 3.240000
 563 3.220000
 564 3.240000
 565 3.250000
 566 3.230000
 567 3.240000
 568 3.260000
 569 3.220000
 570 3.220000
 571 3.220000
 572 3.210000
 573 3.210000
 574 3.220000
 575 3.250000
 576 3.240000
 577 3.250000
 578 3.250000
 579 3.240000
 580 3.210000
 581 3.220000
 582 3.260000
 583 3.260000
 584 3.260000
 585 3.130000
 586 3.240000
 587 3.240000
 588 3.260000
 589 3.280000
 590 3.250000
 591 3.250000
 592 3.270000
 593 3.280000
 594 3.220000
 595 3.220000
 596 3.230000
 597 3.320000
 598 3.320000
 599 3.310000
 600 3.370000
 601 3.460000
 602 3.370000
 603 3.320000
 604 3.370000
 605 3.410000
 606 3.430000
 607 3.340000
 608 3.360000
 609 3.400000
 610 3.450000
 611 3.390000
 612 2.170000
 613 2.100000
 614 2.100000
 615 2.040000
 616 2.010000
 617 2.030000
 618 2.040000
 619 1.990000
 620 1.970000
 621 1.980000
 622 1.820000
 623 1.770000
 624 1.760000
 625 1.760000
 626 1.760000
 627 1.750000
 628 1.670000
 629 1.640000
 630 1.630000
 631 1.620000
 632 1.690000
 633 1.690000
 634 1.650000
 635 1.660000
 636 1.690000
 637 1.650000
 638 1.610000
 639 1.580000
 640 1.580000
 641 1.530000
 642 1.560000
 643 1.520000
 644 1.550000
 645 1.420000
 646 1.370000
 647 1.360000
 648 1.330000
 649 1.330000
 650 1.360000
 651 1.360000
 652 1.360000
 653 1.330000
 654 1.320000
 655 1.290000
 656 1.250000
 657 1.220000
 658 1.230000
 659 1.230000
 660 1.240000
 661 1.200000
 662 1.180000
 663 1.170000
 664 1.190000
 665 1.180000
 666 1.210000
 667 1.210000
 668 1.210000
 669 1.210000
 670 1.200000
 671 1.200000
 672 1.190000
 673 1.210000
 674 1.220000
 675 1.210000
 676 1.250000
 677 1.220000
 678 1.220000
 679 1.240000
 680 1.270000
 681 2.110000
 682 2.100000
 683 2.040000
 684 1.980000
 685 1.980000
 686 1.960000
 687 1.960000
 688 1.970000
 689 1.940000
 690 2.010000
 691 2.010000
 692 1.980000
 693 1.980000
 694 1.940000
 695 1.950000
 696 1.910000
 697 1.940000
 698 1.940000
 699 1.880000
 700 1.810000
 701 1.760000
 702 1.760000
 703 1.760000
 704 1.770000
 705 1.770000
 706 1.780000
 707 1.810000
 708 1.830000
 709 1.810000
 710 1.810000
 711 1.780000
 712 1.750000
 713 1.760000
 714 1.740000
 715 1.760000
 716 1.770000
 717 1.770000
 718 1.820000
 719 1.620000
 720 1.630000
 721 1.610000
 722 1.580000
 723 1.610000
 724 1.620000
 725 1.600000
 726 1.610000
 727 1.650000
 728 1.660000
 729 1.630000
 730 1.630000
 731 1.620000
 732 1.620000
 733 1.590000
 734 1.590000
 735 1.550000
 736 1.540000
 737 1.540000
 738 1.530000
 739 1.520000
 740 1.520000
 741 1.540000
 742 1.530000
 743 1.540000
 744 1.540000
 745 1.560000
 746 1.560000
 747 1.590000
 748 1.630000
 749 1.920000
 750 1.970000
 751 1.890000
 752 1.950000
 753 1.890000
 754 1.920000
 755 1.920000
 756 1.920000
 757 1.900000
 758 1.870000
 759 1.830000
 760 1.860000
 0 3.460000
 1 2.510000
 2 2.480000
 3 2.510000
 4 2.460000
 5 2.510000
 6 2.510000
 7 2.480000
 8 2.530000
 9 2.480000
 10 2.520000
 11 2.500000
 12 2.510000
 13 2.560000
 14 2.530000
 15 2.540000
 16 2.580000
 17 2.530000
 18 2.570000
 19 2.610000
 20 2.560000
 21 2.610000
 22 2.610000
 23 2.600000
 24 2.660000
 25 2.710000
 26 2.580000
 27 2.730000
 28 2.720000
 29 2.680000
 30 2.680000
 31 2.670000
 32 2.670000
 33 2.700000
 34 2.740000
 35 2.740000
 36 2.750000
 37 2.760000
 38 2.820000
 39 2.870000
 40 2.800000
 41 3.210000
 42 3.510000
 43 3.490000
 44 3.460000
 45 3.460000
 46 3.460000
 47 3.460000
 48 3.440000
 49 3.460000
 50 3.440000
 51 3.440000
 52 3.410000
 53 3.410000
 54 3.310000
 55 3.230000
 56 3.230000
 57 3.220000
 58 3.170000
 59 3.190000
 60 3.290000
 61 3.460000
 62 3.460000
 63 3.500000
 64 3.500000
 65 3.490000
 66 3.520000
 67 3.490000
 68 3.340000
 69 3.350000
 70 3.350000
 71 3.310000
 72 3.340000
 73 3.320000
 74 3.280000
 75 3.230000
 76 3.230000
 77 3.320000
 78 3.310000
 79 3.320000
 80 3.220000
 81 3.250000
 82 3.320000
 83 3.280000
 84 3.270000
 85 3.290000
 86 3.280000
 87 3.360000
 88 3.310000
 89 3.300000
 90 3.300000
 91 3.370000
 92 3.310000
 93 3.300000
 94 3.300000
 95 3.340000
 96 3.330000
 97 3.400000
 98 3.330000
 99 3.350000
 100 3.310000
 101 3.420000
 102 3.390000
 103 3.370000
 104 3.390000
 105 3.280000
 106 3.260000
 107 3.280000
 108 3.260000
 109 3.310000
 110 3.330000
 111 3.230000
 112 3.240000
 113 3.210000
 114 3.210000
 115 3.270000
 116 3.180000
 117 3.300000
 118 3.220000
 119 3.220000
 120 3.180000
 121 3.240000
 122 3.210000
 123 3.260000
 124 3.200000
 125 3.440000
 126 3.310000
 127 3.350000
 128 3.160000
 129 8.160000
 130 3.180000
 131 3.240000
 132 3.150000
 133 3.180000
 134 3.160000
 135 3.260000
 136 3.260000
 137 3.230000
 138 3.230000
 139 3.210000
 140 3.230000
 141 3.260000
 142 3.260000
 143 3.130000
 144 3.130000
 145 3.130000
 146 3.130000
 147 3.130000
 148 3.130000
 149 3.080000
 150 3.110000
 151 3.110000
 152 3.080000
 153 3.100000
 154 3.100000
 155 3.180000
 156 3.210000
 157 3.180000
 158 3.180000
 159 3.210000
 160 3.170000
 161 3.160000
 162 3.080000
 163 3.180000
 164 3.160000
 165 3.130000
 166 3.080000
 167 3.180000
 168 3.160000
 169 3.080000
 170 3.080000
 171 3.170000
 172 3.230000
 173 3.240000
 174 3.060000
 175 3.080000
 176 3.290000
 177 3.170000
 178 3.130000
 179 3.110000
 180 3.130000
 181 3.170000
 182 3.150000
 183 3.150000
 184 3.120000
 185 3.130000
 186 3.080000
 187 3.140000
 188 3.110000
 189 3.030000
 190 3.010000
 191 0.720000
 192 0.700000
 193 0.710000
 194 0.680000
 195 0.710000
 196 0.690000
 197 0.710000
 198 0.710000
 199 0.690000
 200 0.690000
 201 0.690000
 202 0.690000
 203 0.690000
 204 0.690000
 205 0.690000
 206 0.710000
 207 0.690000
 208 0.690000
 209 0.710000
 210 0.690000
 211 0.690000
 212 0.690000
 213 0.680000
 214 0.710000
 215 0.700000
 216 0.720000
 217 0.730000
 218 3.010000
 219 3.100000
 220 3.050000
 221 3.120000
 222 3.100000
 223 3.050000
 224 3.080000
 225 0.820000
 226 0.900000
 227 0.890000
 228 0.830000
 229 0.840000
 230 0.870000
 231 0.830000
 232 3.180000
 233 3.160000
 234 3.260000
 235 3.190000
 236 3.130000
 237 3.110000
 238 3.160000
 239 1.610000
 240 1.550000
 241 3.130000
 242 3.130000
 243 3.240000
 244 3.160000
 245 3.190000
 246 3.210000
 247 3.180000
 248 1.900000
 249 1.940000
 250 1.870000
 251 1.860000
 252 1.860000
 253 1.890000
 254 1.840000
 255 1.860000
 256 1.860000
 257 1.860000
 258 1.860000
 259 1.910000
 260 3.170000
 261 1.470000
 262 1.400000
 263 1.380000
 264 1.340000
 265 1.320000
 266 1.310000
 267 1.310000
 268 1.290000
 269 1.310000
 270 1.320000
 271 1.320000
 272 1.320000
 273 1.320000
 274 1.300000
 275 1.310000
 276 1.320000
 277 1.320000
 278 1.340000
 279 1.370000
 280 3.240000
 281 3.230000
 282 3.210000
 283 3.250000
 284 3.250000
 285 3.250000
 286 3.270000
 287 3.260000
 288 3.260000
 289 3.260000
 290 2.040000
 291 2.010000
 292 1.960000
 293 1.940000
 294 1.960000
 295 1.960000
 296 0.900000
 297 0.820000
 298 0.810000
 299 0.820000
 300 0.790000
 301 0.780000
 302 0.780000
 303 0.760000
 304 0.770000
 305 0.760000
 306 0.730000
 307 0.760000
 308 0.760000
 309 0.760000
 310 0.780000
 311 0.760000
 312 0.760000
 313 0.760000
 314 0.760000
 315 0.760000
 316 0.760000
 317 0.760000
 318 0.760000
 319 0.760000
 320 0.760000
 321 0.760000
 322 0.780000
 323 0.780000
 324 0.800000
 325 0.880000
 326 0.880000
 327 1.240000
 328 1.440000
 329 1.440000
 330 1.440000
 331 1.460000
 332 1.440000
 333 1.440000
 334 1.490000
 335 1.460000
 336 3.820000
 337 6.430000
 338 6.380000
 339 6.340000
 340 6.300000
 341 6.280000
 342 6.250000
 343 6.200000
 344 6.160000
 345 6.120000
 346 6.120000
 347 6.080000
 348 6.050000
 349 6.030000
 350 6.010000
 351 5.960000
 352 5.930000
 353 5.910000
 354 5.860000
 355 5.830000
 356 4.000000
 357 5.400000
 358 4.080000
 359 4.080000
 360 4.120000
 361 4.130000
 362 4.160000
 363 4.180000
 364 4.180000
 365 4.220000
 366 4.290000
 367 4.300000
 368 4.280000
 369 5.110000
 370 4.330000
 371 4.380000
 372 4.400000
 373 4.350000
 374 1.060000
 375 1.050000
 376 1.020000
 377 1.000000
 378 1.020000
 379 0.970000
 380 1.000000
 381 0.980000
 382 0.980000
 383 0.960000
 384 0.960000
 385 0.960000
 386 0.990000
 387 0.960000
 388 0.990000
 389 0.990000
 390 0.960000
 391 0.990000
 392 0.990000
 393 0.980000
 394 1.010000
 395 0.990000
 396 1.010000
 397 0.990000
 398 1.030000
 399 3.900000
 400 3.990000
 401 3.950000
 402 3.920000
 403 3.950000
 404 3.960000
 405 3.970000
 406 4.010000
 407 3.900000
 408 3.930000
 409 3.880000
 410 3.990000
 411 3.880000
 412 3.960000
 413 3.930000
 414 3.910000
 415 3.920000
 416 3.930000
 417 3.980000
 418 3.990000
 419 3.920000
 420 3.910000
 421 3.910000
 422 3.880000
 423 3.880000
 424 3.860000
 425 3.800000
 426 3.750000
 427 3.720000
 428 3.790000
 429 3.790000
 430 3.730000
 431 3.730000
 432 3.730000
 433 3.860000
 434 3.880000
 435 3.870000
 436 3.880000
 437 3.710000
 438 3.700000
 439 3.660000
 440 3.660000
 441 3.630000
 442 3.610000
 443 3.610000
 444 3.580000
 445 3.610000
 446 3.550000
 447 3.600000
 448 3.650000
 449 3.660000
 450 3.570000
 451 3.490000
 452 3.520000
 453 3.510000
 454 3.510000
 455 3.510000
 456 3.540000
 457 3.530000
 458 3.530000
 459 3.550000
 460 3.560000
 461 3.520000
 462 3.550000
 463 3.520000
 464 3.550000
 465 3.550000
 466 3.520000
 467 3.500000
 468 3.420000
 469 3.480000
 470 3.470000
 471 3.480000
 472 3.530000
 473 3.580000
 474 3.540000
 475 3.410000
 476 3.350000
 477 3.320000
 478 3.330000
 479 3.280000
 480 3.340000
 481 3.280000
 482 3.370000
 483 3.370000
 484 3.360000
 485 3.360000
 486 3.340000
 487 3.330000
 488 3.260000
 489 3.260000
 490 3.260000
 491 3.300000
 492 3.210000
 493 3.330000
 494 3.330000
 495 3.310000
 496 3.200000
 497 3.180000
 498 3.310000
 499 3.310000
 500 3.280000
 501 3.310000
 502 3.280000
 503 3.280000
 504 3.160000
 505 3.280000
 506 3.260000
 507 3.280000
 508 3.230000
 509 3.230000
 510 3.110000
 511 3.110000
 512 3.110000
 513 3.110000
 514 3.210000
 515 3.210000
 516 3.210000
 517 3.210000
 518 3.210000
 519 3.210000
 520 3.230000
 521 3.110000
 522 3.230000
 523 3.230000
 524 3.080000
 525 3.110000
 526 3.230000
 527 3.100000
 528 3.100000
 529 3.260000
 530 3.260000
 531 3.100000
 532 3.130000
 533 3.230000
 534 3.110000
 535 3.160000
 536 3.110000
 537 3.200000
 538 3.220000
 539 3.080000
 540 3.210000
 541 3.170000
 542 3.230000
 543 3.240000
 544 3.200000
 545 3.230000
 546 3.260000
 547 3.240000
 548 3.250000
 549 3.290000
 550 3.240000
 551 3.210000
 552 3.210000
 553 3.250000
 554 3.210000
 555 3.210000
 556 3.250000
 557 3.240000
 558 3.210000
 559 3.250000
 560 3.220000
 561 3.210000
 562 3.220000
 563 3.250000
 564 3.230000
 565 3.250000
 566 3.250000
 567 3.260000
 568 3.250000
 569 3.240000
 570 3.250000
 571 3.250000
 572 3.250000
 573 3.210000
 574 3.250000
 575 3.250000
 576 3.210000
 577 3.250000
 578 3.220000
 579 3.210000
 580 3.240000
 581 3.250000
 582 3.260000
 583 3.230000
 584 3.260000
 585 3.130000
 586 3.210000
 587 3.240000
 588 3.280000
 589 3.310000
 590 3.250000
 591 3.250000
 592 3.270000
 593 3.250000
 594 3.250000
 595 3.190000
 596 3.230000
 597 3.350000
 598 3.320000
 599 3.310000
 600 3.320000
 601 3.430000
 602 3.370000
 603 3.320000
 604 3.370000
 605 3.430000
 606 3.430000
 607 3.350000
 608 3.340000
 609 3.370000
 610 3.420000
 611 3.390000
 612 2.170000
 613 2.100000
 614 2.070000
 615 2.040000
 616 2.030000
 617 2.030000
 618 2.040000
 619 1.990000
 620 2.000000
 621 1.960000
 622 1.820000
 623 1.770000
 624 1.760000
 625 1.760000
 626 1.760000
 627 1.760000
 628 1.690000
 629 1.640000
 630 1.620000
 631 1.650000
 632 1.690000
 633 1.680000
 634 1.650000
 635 1.660000
 636 1.660000
 637 1.650000
 638 1.610000
 639 1.560000
 640 1.560000
 641 1.560000
 642 1.560000
 643 1.550000
 644 1.520000
 645 1.390000
 646 1.370000
 647 1.360000
 648 1.330000
 649 1.360000
 650 1.360000
 651 1.360000
 652 1.330000
 653 1.330000
 654 1.320000
 655 1.300000
 656 1.250000
 657 1.260000
 658 1.230000
 659 1.210000
 660 1.220000
 661 1.220000
 662 1.190000
 663 1.170000
 664 1.190000
 665 1.180000
 666 1.190000
 667 1.180000
 668 1.180000
 669 1.220000
 670 1.200000
 671 1.220000
 672 1.220000
 673 1.190000
 674 1.220000
 675 1.210000
 676 1.210000
 677 1.220000
 678 1.220000
 679 1.230000
 680 1.270000
 681 2.110000
 682 2.130000
 683 2.040000
 684 1.960000
 685 1.960000
 686 1.960000
 687 1.940000
 688 1.970000
 689 1.970000
 690 2.010000
 691 2.010000
 692 1.980000
 693 1.980000
 694 1.940000
 695 1.950000
 696 1.940000
 697 1.920000
 698 1.940000
 699 1.880000
 700 1.780000
 701 1.760000
 702 1.760000
 703 1.760000
 704 1.770000
 705 1.750000
 706 1.780000
 707 1.830000
 708 1.810000
 709 1.810000
 710 1.810000
 711 1.780000
 712 1.760000
 713 1.750000
 714 1.740000
 715 1.760000
 716 1.740000
 717 1.790000
 718 1.800000
 719 1.620000
 720 1.610000
 721 1.610000
 722 1.580000
 723 1.610000
 724 1.600000
 725 1.590000
 726 1.610000
 727 1.620000
 728 1.630000
 729 1.630000
 730 1.630000
 731 1.620000
 732 1.590000
 733 1.590000
 734 1.590000
 735 1.550000
 736 1.510000
 737 1.540000
 738 1.500000
 739 1.520000
 740 1.550000
 741 1.530000
 742 1.560000
 743 1.550000
 744 1.540000
 745 1.560000
 746 1.580000
 747 1.590000
 748 1.630000
 749 1.900000
 750 1.970000
 751 1.920000
 752 1.920000
 753 1.920000
 754 1.890000
 755 1.920000
 756 1.890000
 757 1.920000
 758 1.870000
 759 1.830000
 760 1.830000
 0 3.460000
 1 2.510000
 2 2.480000
 3 2.510000
 4 2.480000
 5 2.530000
 6 2.480000
 7 2.510000
 8 2.530000
 9 2.480000
 10 2.520000
 11 2.500000
 12 2.510000
 13 2.580000
 14 2.540000
 15 2.510000
 16 2.560000
 17 2.530000
 18 2.560000
 19 2.610000
 20 2.580000
 21 2.610000
 22 2.630000
 23 2.600000
 24 2.620000
 25 2.710000
 26 2.580000
 27 2.710000
 28 2.720000
 29 2.710000
 30 2.680000
 31 2.690000
 32 2.690000
 33 2.700000
 34 2.740000
 35 2.740000
 36 2.750000
 37 2.760000
 38 2.790000
 39 2.870000
 40 2.770000
 41 3.160000
 42 3.510000
 43 3.510000
 44 3.490000
 45 3.490000
 46 3.460000
 47 3.460000
 48 3.460000
 49 3.410000
 50 3.440000
 51 3.410000
 52 3.410000
 53 3.410000
 54 3.310000
 55 3.260000
 56 3.230000
 57 3.220000
 58 3.170000
 59 3.170000
 60 3.290000
 61 3.430000
 62 3.480000
 63 3.490000
 64 3.490000
 65 3.490000
 66 3.540000
 67 3.490000
 68 3.340000
 69 3.350000
 70 3.350000
 71 3.310000
 72 3.340000
 73 3.320000
 74 3.310000
 75 3.230000
 76 3.210000
 77 3.340000
 78 3.290000
 79 3.320000
 80 3.250000
 81 3.250000
 82 3.320000
 83 3.260000
 84 3.270000
 85 3.290000
 86 3.280000
 87 3.380000
 88 3.280000
 89 3.350000
 90 3.310000
 91 3.380000
 92 3.310000
 93 3.300000
 94 3.300000
 95 3.340000
 96 3.330000
 97 3.380000
 98 3.300000
 99 3.320000
 100 3.310000
 101 3.420000
 102 3.390000
 103 3.370000
 104 3.280000
 105 3.310000
 106 3.260000
 107 3.260000
 108 3.260000
 109 3.310000
 110 3.330000
 111 3.220000
 112 3.210000
 113 3.210000
 114 3.310000
 115 3.250000
 116 3.230000
 117 3.300000
 118 3.220000
 119 3.220000
 120 3.180000
 121 3.240000
 122 3.250000
 123 3.230000
 124 3.200000
 125 3.390000
 126 3.310000
 127 3.350000
 128 3.180000
 129 8.160000
 130 3.160000
 131 3.240000
 132 3.200000
 133 3.150000
 134 3.160000
 135 3.230000
 136 3.230000
 137 3.260000
 138 3.260000
 139 3.230000
 140 3.130000
 141 3.260000
 142 3.260000
 143 3.130000
 144 3.110000
 145 3.130000
 146 3.110000
 147 3.110000
 148 3.130000
 149 3.110000
 150 3.110000
 151 3.080000
 152 3.100000
 153 3.100000
 154 3.130000
 155 3.180000
 156 3.210000
 157 3.180000
 158 3.160000
 159 3.080000
 160 3.170000
 161 3.160000
 162 3.080000
 163 3.180000
 164 3.180000
 165 3.130000
 166 3.060000
 167 3.160000
 168 3.160000
 169 3.080000
 170 3.080000
 171 3.160000
 172 3.230000
 173 3.290000
 174 3.210000
 175 3.080000
 176 3.290000
 177 3.140000
 178 3.160000
 179 3.110000
 180 3.150000
 181 3.150000
 182 3.150000
 183 3.120000
 184 3.150000
 185 3.110000
 186 3.080000
 187 3.140000
 188 3.120000
 189 3.030000
 190 3.010000
 191 0.720000
 192 0.720000
 193 0.680000
 194 0.710000
 195 0.690000
 196 0.690000
 197 0.710000
 198 0.690000
 199 0.690000
 200 0.690000
 201 0.690000
 202 0.710000
 203 0.710000
 204 0.710000
 205 0.690000
 206 0.690000
 207 0.710000
 208 0.690000
 209 0.690000
 210 0.710000
 211 0.690000
 212 0.710000
 213 0.710000
 214 0.680000
 215 0.700000
 216 0.740000
 217 0.760000
 218 3.010000
 219 3.080000
 220 3.060000
 221 3.120000
 222 3.080000
 223 3.050000
 224 3.100000
 225 3.070000
 226 0.850000
 227 0.880000
 228 0.890000
 229 0.850000
 230 0.820000
 231 0.830000
 232 0.850000
 233 3.130000
 234 3.240000
 235 3.160000
 236 3.130000
 237 3.110000
 238 3.110000
 239 1.610000
 240 1.530000
 241 3.130000
 242 3.130000
 243 3.210000
 244 3.160000
 245 3.180000
 246 3.190000
 247 3.160000
 248 1.900000
 249 1.970000
 250 1.870000
 251 1.840000
 252 1.860000
 253 1.860000
 254 1.860000
 255 1.890000
 256 1.860000
 257 1.890000
 258 1.890000
 259 1.880000
 260 3.170000
 261 1.470000
 262 1.430000
 263 1.380000
 264 1.340000
 265 1.320000
 266 1.310000
 267 1.310000
 268 1.310000
 269 1.310000
 270 1.310000
 271 1.320000
 272 1.320000
 273 1.320000
 274 1.300000
 275 1.320000
 276 1.320000
 277 1.320000
 278 1.310000
 279 1.370000
 280 3.240000
 281 3.240000
 282 3.250000
 283 3.220000
 284 3.270000
 285 3.250000
 286 3.250000
 287 3.260000
 288 3.260000
 289 3.260000
 290 2.040000
 291 1.980000
 292 1.970000
 293 1.970000
 294 1.960000
 295 1.960000
 296 0.900000
 297 0.850000
 298 0.820000
 299 0.810000
 300 0.780000
 301 0.780000
 302 0.780000
 303 0.760000
 304 0.770000
 305 0.760000
 306 0.760000
 307 0.780000
 308 0.790000
 309 0.760000
 310 0.760000
 311 0.760000
 312 0.760000
 313 0.780000
 314 0.760000
 315 0.790000
 316 0.760000
 317 0.760000
 318 0.790000
 319 0.760000
 320 0.760000
 321 0.790000
 322 0.780000
 323 0.780000
 324 0.800000
 325 1.080000
 326 1.090000
 327 1.210000
 328 1.460000
 329 1.460000
 330 1.460000
 331 1.440000
 332 1.460000
 333 1.460000
 334 1.480000
 335 1.460000
 336 3.820000
 337 6.450000
 338 6.380000
 339 6.360000
 340 6.300000
 341 6.300000
 342 6.250000
 343 6.230000
 344 6.170000
 345 6.100000
 346 6.090000
 347 6.080000
 348 6.060000
 349 6.010000
 350 5.980000
 351 5.980000
 352 5.930000
 353 5.880000
 354 5.860000
 355 5.830000
 356 4.000000
 357 5.400000
 358 4.050000
 359 4.080000
 360 4.120000
 361 4.130000
 362 4.160000
 363 4.180000
 364 4.180000
 365 4.210000
 366 4.260000
 367 4.270000
 368 4.270000
 369 5.130000
 370 4.310000
 371 4.360000
 372 4.370000
 373 4.350000
 374 1.040000
 375 1.020000
 376 1.020000
 377 1.020000
 378 1.000000
 379 1.000000
 380 1.000000
 381 0.980000
 382 0.960000
 383 0.960000
 384 0.990000
 385 0.990000
 386 0.990000
 387 0.960000
 388 0.960000
 389 0.990000
 390 0.990000
 391 0.990000
 392 0.990000
 393 1.010000
 394 0.980000
 395 0.990000
 396 0.990000
 397 0.990000
 398 1.040000
 399 3.930000
 400 4.010000
 401 3.950000
 402 3.950000
 403 3.950000
 404 3.990000
 405 3.990000
 406 4.030000
 407 3.920000
 408 3.930000
 409 3.910000
 410 4.020000
 411 3.880000
 412 3.960000
 413 3.930000
 414 3.920000
 415 3.920000
 416 3.900000
 417 3.980000
 418 4.020000
 419 3.910000
 420 3.910000
 421 3.910000
 422 3.860000
 423 3.860000
 424 3.860000
 425 3.800000
 426 3.730000
 427 3.730000
 428 3.760000
 429 3.770000
 430 3.710000
 431 3.730000
 432 3.710000
 433 3.860000
 434 3.880000
 435 3.870000
 436 3.850000
 437 3.710000
 438 3.700000
 439 3.670000
 440 3.640000
 441 3.630000
 442 3.620000
 443 3.630000
 444 3.580000
 445 3.580000
 446 3.560000
 447 3.610000
 448 3.650000
 449 3.630000
 450 3.570000
 451 3.520000
 452 3.530000
 453 3.540000
 454 3.520000
 455 3.510000
 456 3.520000
 457 3.500000
 458 3.530000
 459 3.530000
 460 3.560000
 461 3.530000
 462 3.570000
 463 3.550000
 464 3.550000
 465 3.550000
 466 3.520000
 467 3.500000
 468 3.450000
 469 3.480000
 470 3.470000
 471 3.450000
 472 3.550000
 473 3.560000
 474 3.540000
 475 3.390000
 476 3.350000
 477 3.330000
 478 3.270000
 479 3.280000
 480 3.320000
 481 3.310000
 482 3.370000
 483 3.360000
 484 3.350000
 485 3.360000
 486 3.340000
 487 3.330000
 488 3.230000
 489 3.260000
 490 3.260000
 491 3.300000
 492 3.210000
 493 3.360000
 494 3.310000
 495 3.310000
 496 3.200000
 497 3.210000
 498 3.310000
 499 3.310000
 500 3.310000
 501 3.310000
 502 3.270000
 503 3.310000
 504 3.160000
 505 3.280000
 506 3.260000
 507 3.260000
 508 3.230000
 509 3.230000
 510 3.110000
 511 3.080000
 512 3.110000
 513 3.080000
 514 3.230000
 515 3.180000
 516 3.180000
 517 3.210000
 518 3.210000
 519 3.180000
 520 3.230000
 521 3.080000
 522 3.210000
 523 3.230000
 524 3.100000
 525 3.110000
 526 3.210000
 527 3.130000
 528 3.120000
 529 3.260000
 530 3.240000
 531 3.100000
 532 3.130000
 533 3.080000
 534 3.110000
 535 3.160000
 536 3.080000
 537 3.200000
 538 3.220000
 539 3.110000
 540 3.210000
 541 3.140000
 542 3.230000
 543 3.210000
 544 3.220000
 545 3.230000
 546 3.240000
 547 3.240000
 548 3.240000
 549 3.260000
 550 3.240000
 551 3.210000
 552 3.210000
 553 3.250000
 554 3.210000
 555 3.210000
 556 3.250000
 557 3.240000
 558 3.210000
 559 3.250000
 560 3.210000
 561 3.210000
 562 3.210000
 563 3.250000
 564 3.230000
 565 3.250000
 566 3.230000
 567 3.260000
 568 3.230000
 569 3.210000
 570 3.220000
 571 3.220000
 572 3.240000
 573 3.210000
 574 3.250000
 575 3.250000
 576 3.240000
 577 3.250000
 578 3.220000
 579 3.220000
 580 3.240000
 581 3.250000
 582 3.240000
 583 3.260000
 584 3.260000
 585 3.130000
 586 3.210000
 587 3.220000
 588 3.260000
 589 3.280000
 590 3.250000
 591 3.250000
 592 3.270000
 593 3.270000
 594 3.250000
 595 3.190000
 596 3.230000
 597 3.350000
 598 3.300000
 599 3.310000
 600 3.350000
 601 3.460000
 602 3.350000
 603 3.350000
 604 3.320000
 605 3.430000
 606 3.420000
 607 3.310000
 608 3.340000
 609 3.400000
 610 3.420000
 611 3.360000
 612 2.180000
 613 2.070000
 614 2.070000
 615 2.040000
 616 2.030000
 617 2.060000
 618 2.040000
 619 1.990000
 620 2.000000
 621 1.980000
 622 1.840000
 623 1.770000
 624 1.760000
 625 1.760000
 626 1.760000
 627 1.750000
 628 1.700000
 629 1.670000
 630 1.620000
 631 1.620000
 632 1.690000
 633 1.690000
 634 1.650000
 635 1.660000
 636 1.660000
 637 1.640000
 638 1.590000
 639 1.560000
 640 1.560000
 641 1.560000
 642 1.560000
 643 1.550000
 644 1.520000
 645 1.390000
 646 1.370000
 647 1.360000
 648 1.330000
 649 1.360000
 650 1.330000
 651 1.330000
 652 1.330000
 653 1.360000
 654 1.320000
 655 1.290000
 656 1.220000
 657 1.250000
 658 1.230000
 659 1.230000
 660 1.220000
 661 1.220000
 662 1.190000
 663 1.170000
 664 1.190000
 665 1.180000
 666 1.160000
 667 1.180000
 668 1.190000
 669 1.190000
 670 1.200000
 671 1.200000
 672 1.210000
 673 1.220000
 674 1.220000
 675 1.210000
 676 1.220000
 677 1.220000
 678 1.230000
 679 1.240000
 680 1.270000
 681 2.110000
 682 2.130000
 683 2.040000
 684 1.980000
 685 1.960000
 686 1.930000
 687 1.960000
 688 1.970000
 689 1.970000
 690 2.010000
 691 1.990000
 692 1.980000
 693 1.980000
 694 1.940000
 695 1.920000
 696 1.910000
 697 1.940000
 698 1.940000
 699 1.880000
 700 1.780000
 701 1.760000
 702 1.760000
 703 1.760000
 704 1.770000
 705 1.790000
 706 1.780000
 707 1.830000
 708 1.810000
 709 1.780000
 710 1.780000
 711 1.780000
 712 1.760000
 713 1.760000
 714 1.740000
 715 1.740000
 716 1.740000
 717 1.760000
 718 1.850000
 719 1.650000
 720 1.610000
 721 1.580000
 722 1.610000
 723 1.580000
 724 1.600000
 725 1.600000
 726 1.580000
 727 1.650000
 728 1.660000
 729 1.630000
 730 1.630000
 731 1.620000
 732 1.600000
 733 1.590000
 734 1.590000
 735 1.550000
 736 1.520000
 737 1.550000
 738 1.500000
 739 1.520000
 740 1.520000
 741 1.510000
 742 1.550000
 743 1.540000
 744 1.550000
 745 1.560000
 746 1.570000
 747 1.570000
 748 1.660000
 749 1.890000
 750 1.950000
 751 1.920000
 752 1.950000
 753 1.920000
 754 1.890000
 755 1.920000
 756 1.890000
 757 1.920000
 758 1.870000
 759 1.860000
 760 1.860000
 0 3.460000
 1 2.510000
 2 2.510000
 3 2.510000
 4 2.480000
 5 2.510000
 6 2.480000
 7 2.480000
 8 2.530000
 9 2.460000
 10 2.520000
 11 2.520000
 12 2.480000
 13 2.560000
 14 2.520000
 15 2.510000
 16 2.560000
 17 2.540000
 18 2.560000
 19 2.610000
 20 2.580000
 21 2.610000
 22 2.610000
 23 2.600000
 24 2.660000
 25 2.710000
 26 2.580000
 27 2.710000
 28 2.720000
 29 2.680000
 30 2.680000
 31 2.690000
 32 2.690000
 33 2.700000
 34 2.740000
 35 2.740000
 36 2.720000
 37 2.760000
 38 2.820000
 39 2.900000
 40 2.770000
 41 3.180000
 42 3.490000
 43 3.510000
 44 3.460000
 45 3.490000
 46 3.460000
 47 3.460000
 48 3.460000
 49 3.440000
 50 3.410000
 51 3.410000
 52 3.440000
 53 3.390000
 54 3.310000
 55 3.230000
 56 3.230000
 57 3.220000
 58 3.170000
 59 3.200000
 60 3.290000
 61 3.430000
 62 3.480000
 63 3.500000
 64 3.500000
 65 3.490000
 66 3.520000
 67 3.490000
 68 3.340000
 69 3.350000
 70 3.350000
 71 3.310000
 72 3.310000
 73 3.300000
 74 3.310000
 75 3.230000
 76 3.230000
 77 3.320000
 78 3.290000
 79 3.320000
 80 3.250000
 81 3.250000
 82 3.320000
 83 3.260000
 84 3.290000
 85 3.290000
 86 3.250000
 87 3.380000
 88 3.280000
 89 3.380000
 90 3.330000
 91 3.350000
 92 3.310000
 93 3.300000
 94 3.330000
 95 3.340000
 96 3.330000
 97 3.400000
 98 3.330000
 99 3.320000
 100 3.310000
 101 3.420000
 102 3.420000
 103 3.370000
 104 3.280000
 105 3.250000
 106 3.260000
 107 3.260000
 108 3.260000
 109 3.280000
 110 3.330000
 111 3.220000
 112 3.220000
 113 3.230000
 114 3.330000
 115 3.250000
 116 3.230000
 117 3.290000
 118 3.250000
 119 3.220000
 120 3.180000
 121 3.220000
 122 3.240000
 123 3.240000
 124 3.200000
 125 3.390000
 126 3.310000
 127 3.350000
 128 3.180000
 129 8.160000
 130 3.210000
 131 3.260000
 132 3.170000
 133 3.180000
 134 3.160000
 135 3.230000
 136 3.260000
 137 3.280000
 138 3.230000
 139 3.230000
 140 3.130000
 141 3.230000
 142 3.260000
 143 3.130000
 144 3.110000
 145 3.130000
 146 3.110000
 147 3.110000
 148 3.130000
 149 3.110000
 150 3.110000
 151 3.130000
 152 3.120000
 153 3.100000
 154 3.130000
 155 3.180000
 156 3.200000
 157 3.180000
 158 3.180000
 159 3.110000
 160 3.140000
 161 3.160000
 162 3.080000
 163 3.180000
 164 3.160000
 165 3.160000
 166 3.060000
 167 3.160000
 168 3.160000
 169 3.050000
 170 3.060000
 171 3.140000
 172 3.230000
 173 3.240000
 174 3.200000
 175 3.110000
 176 3.290000
 177 3.140000
 178 3.130000
 179 3.110000
 180 3.150000
 181 3.170000
 182 3.140000
 183 3.120000
 184 3.150000
 185 3.100000
 186 3.080000
 187 3.120000
 188 3.120000
 189 3.060000
 190 3.010000
 191 0.710000
 192 0.720000
 193 0.710000
 194 0.710000
 195 0.690000
 196 0.710000
 197 0.690000
 198 0.710000
 199 0.690000
 200 0.710000
 201 0.710000
 202 0.710000
 203 0.690000
 204 0.710000
 205 0.690000
 206 0.710000
 207 0.690000
 208 0.710000
 209 0.690000
 210 0.690000
 211 0.690000
 212 0.710000
 213 0.710000
 214 0.710000
 215 0.700000
 216 0.740000
 217 0.730000
 218 3.010000
 219 3.100000
 220 3.080000
 221 3.120000
 222 3.090000
 223 3.050000
 224 3.100000
 225 3.060000
 226 3.050000
 227 0.850000
 228 0.890000
 229 0.890000
 230 0.870000
 231 0.870000
 232 0.850000
 233 0.870000
 234 3.240000
 235 3.160000
 236 3.110000
 237 3.110000
 238 3.130000
 239 1.610000
 240 1.520000
 241 3.130000
 242 3.130000
 243 3.240000
 244 3.160000
 245 3.180000
 246 3.160000
 247 3.160000
 248 1.930000
 249 1.940000
 250 1.870000
 251 1.860000
 252 1.860000
 253 1.860000
 254 1.860000
 255 1.860000
 256 1.860000
 257 1.860000
 258 1.890000
 259 1.880000
 260 3.160000
 261 1.470000
 262 1.430000
 263 1.380000
 264 1.340000
 265 1.320000
 266 1.310000
 267 1.290000
 268 1.310000
 269 1.290000
 270 1.320000
 271 1.320000
 272 1.320000
 273 1.320000
 274 1.320000
 275 1.320000
 276 1.320000
 277 1.320000
 278 1.340000
 279 1.380000
 280 3.220000
 281 3.250000
 282 3.220000
 283 3.250000
 284 3.250000
 285 3.260000
 286 3.270000
 287 3.270000
 288 3.290000
 289 3.260000
 290 2.050000
 291 1.980000
 292 1.990000
 293 1.940000
 294 1.960000
 295 1.960000
 296 0.900000
 297 0.820000
 298 0.820000
 299 0.780000
 300 0.810000
 301 0.790000
 302 0.760000
 303 0.780000
 304 0.770000
 305 0.760000
 306 0.760000
 307 0.760000
 308 0.760000
 309 0.760000
 310 0.760000
 311 0.790000
 312 0.760000
 313 0.760000
 314 0.790000
 315 0.760000
 316 0.790000
 317 0.790000
 318 0.790000
 319 0.790000
 320 0.790000
 321 0.780000
 322 0.780000
 323 0.780000
 324 0.800000
 325 0.910000
 326 1.090000
 327 1.210000
 328 1.440000
 329 1.440000
 330 1.460000
 331 1.460000
 332 1.460000
 333 1.460000
 334 1.490000
 335 1.490000
 336 3.790000
 337 6.430000
 338 6.400000
 339 6.350000
 340 6.300000
 341 6.280000
 342 6.250000
 343 6.230000
 344 6.160000
 345 6.080000
 346 6.120000
 347 6.080000
 348 6.060000
 349 6.030000
 350 5.980000
 351 5.960000
 352 5.930000
 353 5.880000
 354 5.860000
 355 5.830000
 356 4.000000
 357 5.400000
 358 4.080000
 359 4.060000
 360 4.150000
 361 4.130000
 362 4.160000
 363 4.160000
 364 4.180000
 365 4.200000
 366 4.260000
 367 4.280000
 368 4.280000
 369 5.120000
 370 4.330000
 371 4.360000
 372 4.400000
 373 4.350000
 374 1.040000
 375 1.020000
 376 1.020000
 377 1.000000
 378 1.000000
 379 0.970000
 380 0.970000
 381 0.980000
 382 0.980000
 383 0.960000
 384 0.960000
 385 0.990000
 386 0.960000
 387 0.960000
 388 0.990000
 389 0.990000
 390 0.990000
 391 0.990000
 392 0.990000
 393 1.010000
 394 0.980000
 395 0.990000
 396 0.990000
 397 0.990000
 398 1.040000
 399 3.930000
 400 3.990000
 401 3.950000
 402 3.920000
 403 3.950000
 404 3.960000
 405 3.970000
 406 4.010000
 407 3.900000
 408 3.910000
 409 3.880000
 410 4.020000
 411 3.880000
 412 3.960000
 413 3.930000
 414 3.920000
 415 3.920000
 416 3.910000
 417 3.990000
 418 3.990000
 419 3.920000
 420 3.910000
 421 3.910000
 422 3.880000
 423 3.880000
 424 3.860000
 425 3.800000
 426 3.740000
 427 3.710000
 428 3.790000
 429 3.770000
 430 3.720000
 431 3.760000
 432 3.730000
 433 3.860000
 434 3.890000
 435 3.870000
 436 3.850000
 437 3.740000
 438 3.700000
 439 3.670000
 440 3.650000
 441 3.650000
 442 3.620000
 443 3.610000
 444 3.620000
 445 3.580000
 446 3.560000
 447 3.610000
 448 3.650000
 449 3.630000
 450 3.570000
 451 3.530000
 452 3.560000
 453 3.540000
 454 3.510000
 455 3.510000
 456 3.540000
 457 3.480000
 458 3.500000
 459 3.550000
 460 3.530000
 461 3.520000
 462 3.550000
 463 3.520000
 464 3.550000
 465 3.550000
 466 3.500000
 467 3.480000
 468 3.450000
 469 3.480000
 470 3.470000
 471 3.480000
 472 3.530000
 473 3.610000
 474 3.540000
 475 3.420000
 476 3.360000
 477 3.330000
 478 3.320000
 479 3.280000
 480 3.320000
 481 3.280000
 482 3.370000
 483 3.360000
 484 3.360000
 485 3.360000
 486 3.340000
 487 3.340000
 488 3.260000
 489 3.260000
 490 3.260000
 491 3.330000
 492 3.360000
 493 3.330000
 494 3.310000
 495 3.310000
 496 3.200000
 497 3.210000
 498 3.310000
 499 3.310000
 500 3.280000
 501 3.310000
 502 3.280000
 503 3.280000
 504 3.130000
 505 3.130000
 506 3.280000
 507 3.280000
 508 3.230000
 509 3.230000
 510 3.110000
 511 3.110000
 512 3.110000
 513 3.110000
 514 3.230000
 515 3.210000
 516 3.210000
 517 3.210000
 518 3.210000
 519 3.180000
 520 3.230000
 521 3.110000
 522 3.210000
 523 3.230000
 524 3.100000
 525 3.110000
 526 3.210000
 527 3.130000
 528 3.120000
 529 3.260000
 530 3.240000
 531 3.100000
 532 3.100000
 533 3.230000
 534 3.110000
 535 3.140000
 536 3.110000
 537 3.220000
 538 3.220000
 539 3.110000
 540 3.210000
 541 3.170000
 542 3.260000
 543 3.240000
 544 3.220000
 545 3.230000
 546 3.240000
 547 3.240000
 548 3.270000
 549 3.260000
 550 3.210000
 551 3.210000
 552 3.210000
 553 3.250000
 554 3.210000
 555 3.210000
 556 3.250000
 557 3.210000
 558 3.190000
 559 3.220000
 560 3.250000
 561 3.250000
 562 3.220000
 563 3.250000
 564 3.230000
 565 3.250000
 566 3.250000
 567 3.240000
 568 3.250000
 569 3.210000
 570 3.220000
 571 3.250000
 572 3.220000
 573 3.240000
 574 3.250000
 575 3.250000
 576 3.210000
 577 3.220000
 578 3.220000
 579 3.240000
 580 3.210000
 581 3.250000
 582 3.240000
 583 3.210000
 584 3.260000
 585 3.130000
 586 3.240000
 587 3.220000
 588 3.260000
 589 3.280000
 590 3.250000
 591 3.250000
 592 3.270000
 593 3.270000
 594 3.250000
 595 3.220000
 596 3.210000
 597 3.320000
 598 3.300000
 599 3.290000
 600 3.350000
 601 3.460000
 602 3.370000
 603 3.320000
 604 3.350000
 605 3.430000
 606 3.420000
 607 3.340000
 608 3.360000
 609 3.370000
 610 3.420000
 611 3.390000
 612 2.200000
 613 2.100000
 614 2.070000
 615 2.040000
 616 2.030000
 617 2.030000
 618 2.040000
 619 1.990000
 620 1.970000
 621 1.980000
 622 1.820000
 623 1.770000
 624 1.760000
 625 1.760000
 626 1.760000
 627 1.750000
 628 1.700000
 629 1.640000
 630 1.620000
 631 1.650000
 632 1.690000
 633 1.690000
 634 1.650000
 635 1.660000
 636 1.690000
 637 1.640000
 638 1.590000
 639 1.560000
 640 1.560000
 641 1.580000
 642 1.560000
 643 1.550000
 644 1.520000
 645 1.420000
 646 1.350000
 647 1.360000
 648 1.330000
 649 1.330000
 650 1.360000
 651 1.360000
 652 1.330000
 653 1.330000
 654 1.320000
 655 1.290000
 656 1.220000
 657 1.260000
 658 1.230000
 659 1.230000
 660 1.240000
 661 1.220000
 662 1.200000
 663 1.200000
 664 1.180000
 665 1.210000
 666 1.180000
 667 1.190000
 668 1.210000
 669 1.200000
 670 1.200000
 671 1.200000
 672 1.210000
 673 1.220000
 674 1.220000
 675 1.210000
 676 1.250000
 677 1.220000
 678 1.220000
 679 1.240000
 680 1.270000
 681 2.090000
 682 2.120000
 683 2.040000
 684 1.980000
 685 1.960000
 686 1.960000
 687 1.960000
 688 1.930000
 689 1.970000
 690 2.010000
 691 2.010000
 692 1.980000
 693 1.980000
 694 1.980000
 695 1.920000
 696 1.910000
 697 1.920000
 698 1.940000
 699 1.880000
 700 1.780000
 701 1.780000
 702 1.780000
 703 1.780000
 704 1.770000
 705 1.770000
 706 1.780000
 707 1.810000
 708 1.810000
 709 1.810000
 710 1.780000
 711 1.780000
 712 1.750000
 713 1.730000
 714 1.740000
 715 1.740000
 716 1.740000
 717 1.770000
 718 1.820000
 719 1.620000
 720 1.610000
 721 1.580000
 722 1.580000
 723 1.610000
 724 1.600000
 725 1.600000
 726 1.590000
 727 1.650000
 728 1.660000
 729 1.630000
 730 1.630000
 731 1.620000
 732 1.630000
 733 1.610000
 734 1.590000
 735 1.580000
 736 1.530000
 737 1.520000
 738 1.500000
 739 1.520000
 740 1.520000
 741 1.530000
 742 1.540000
 743 1.540000
 744 1.540000
 745 1.560000
 746 1.560000
 747 1.560000
 748 1.630000
 749 1.920000
 750 1.950000
 751 1.890000
 752 1.950000
 753 1.920000
 754 1.890000
 755 1.920000
 756 1.890000
 757 1.920000
 758 1.870000
 759 1.860000
 760 1.860000