
 0 3.350000
 1 3.310000
 2 3.290000
 3 3.300000
 4 3.330000
 5 3.380000
 6 3.400000
 7 3.400000
 8 3.390000
 9 0.820000
 10 0.850000
 11 0.830000
 12 0.840000
 13 0.800000
 14 0.830000
 15 0.830000
 16 0.800000
 17 0.800000
 18 0.830000
 19 0.800000
 20 0.800000
 21 0.800000
 22 0.800000
 23 0.800000
 24 0.800000
 25 0.780000
 26 0.780000
 27 0.780000
 28 0.780000
 29 0.780000
 30 0.770000
 31 0.760000
 32 0.760000
 33 0.780000
 34 0.770000
 35 0.800000
 36 0.800000
 37 0.780000
 38 0.780000
 39 0.800000
 40 0.800000
 41 0.830000
 42 0.820000
 43 0.800000
 44 0.830000
 45 0.830000
 46 0.830000
 47 0.850000
 48 0.850000
 49 0.850000
 50 0.850000
 51 0.850000
 52 0.880000
 53 0.880000
 54 0.880000
 55 0.880000
 56 0.880000
 57 0.900000
 58 0.900000
 59 0.900000
 60 0.900000
 61 0.920000
 62 0.920000
 63 0.920000
 64 0.920000
 65 0.950000
 66 0.950000
 67 0.950000
 68 0.950000
 69 0.980000
 70 0.980000
 71 1.000000
 72 0.970000
 73 1.000000
 74 1.030000
 75 1.030000
 76 1.030000
 77 1.030000
 78 1.030000
 79 1.020000
 80 1.050000
 81 1.080000
 82 1.080000
 83 1.080000
 84 1.080000
 85 1.100000
 86 1.100000
 87 1.120000
 88 1.120000
 89 1.150000
 90 1.120000
 91 1.150000
 92 1.170000
 93 1.160000
 94 1.190000
 95 1.200000
 96 1.190000
 97 1.230000
 98 1.240000
 99 1.260000
 100 1.260000
 101 1.260000
 102 1.300000
 103 1.300000
 104 1.320000
 105 1.310000
 106 1.310000
 107 1.370000
 108 1.350000
 109 1.370000
 110 1.420000
 111 1.400000
 112 1.450000
 113 1.450000
 114 1.450000
 115 1.470000
 116 1.490000
 117 1.510000
 118 1.510000
 119 1.560000
 120 1.560000
 121 1.590000
 122 1.610000
 123 1.610000
 124 1.660000
 125 1.660000
 126 1.710000
 127 1.710000
 128 1.760000
 129 1.760000
 130 1.810000
 131 1.850000
 132 1.980000
 133 2.550000
 134 2.580000
 135 2.580000
 136 2.580000
 137 2.570000
 138 2.550000
 139 2.560000
 140 2.570000
 141 2.550000
 142 2.550000
 143 2.560000
 144 2.550000
 145 2.570000
 146 2.570000
 147 2.630000
 148 3.130000
 149 3.120000
 150 3.160000
 151 3.270000
 152 3.240000
 153 3.270000
 154 3.270000
 155 3.280000
 156 3.280000
 157 3.280000
 158 3.300000
 159 3.290000
 160 3.320000
 161 3.370000
 162 3.510000
 163 3.430000
 164 3.450000
 165 3.530000
 166 3.430000
 167 3.550000
 168 3.420000
 169 3.580000
 170 3.560000
 171 3.540000
 172 3.560000
 173 3.590000
 174 3.560000
 175 3.510000
 176 3.510000
 177 3.540000
 178 3.560000
 179 3.530000
 180 3.560000
 181 3.510000
 182 3.540000
 183 3.710000
 184 3.610000
 185 3.560000
 186 3.540000
 187 3.540000
 188 3.560000
 189 3.530000
 190 3.480000
 191 3.360000
 192 3.380000
 193 3.360000
 194 3.460000
 195 3.460000
 196 3.470000
 197 3.360000
 198 3.460000
 199 3.450000
 200 3.460000
 201 3.380000
 202 3.410000
 203 3.430000
 204 3.380000
 205 3.410000
 206 3.390000
 207 1.400000
 208 1.390000
 209 1.400000
 210 1.400000
 211 1.370000
 212 1.400000
 213 1.390000
 214 1.430000
 215 1.460000
 216 1.440000
 217 1.480000
 218 1.500000
 219 1.490000
 220 1.520000
 221 3.480000
 222 3.460000
 223 3.410000
 224 4.700000
 225 4.730000
 226 4.670000
 227 4.710000
 228 4.720000
 229 2.180000
 230 2.140000
 231 2.150000
 232 2.130000
 233 2.130000
 234 2.080000
 235 2.110000
 236 2.080000
 237 2.030000
 238 2.040000
 239 2.060000
 240 2.080000
 241 4.800000
 242 4.780000
 243 4.800000
 244 4.800000
 245 4.780000
 246 4.800000
 247 4.800000
 248 4.800000
 249 4.800000
 250 4.600000
 251 4.830000
 252 4.830000
 253 4.610000
 254 4.190000
 255 4.850000
 256 4.850000
 257 4.850000
 258 4.750000
 259 4.640000
 260 4.630000
 261 4.700000
 262 4.870000
 263 4.870000
 264 4.900000
 265 4.900000
 266 4.900000
 267 4.900000
 268 4.900000
 269 4.020000
 270 4.070000
 271 4.050000
 272 4.020000
 273 4.950000
 274 4.970000
 275 4.970000
 276 4.980000
 277 4.970000
 278 4.970000
 279 5.000000
 280 5.000000
 281 5.020000
 282 5.020000
 283 5.040000
 284 5.020000
 285 5.050000
 286 5.050000
 287 5.070000
 288 5.070000
 289 5.100000
 290 2.130000
 291 2.080000
 292 2.060000
 293 2.060000
 294 2.040000
 295 2.060000
 296 2.040000
 297 2.040000
 298 2.040000
 299 2.010000
 300 1.370000
 301 1.330000
 302 1.330000
 303 1.300000
 304 1.300000
 305 1.300000
 306 1.330000
 307 1.310000
 308 1.420000
 309 4.500000
 310 4.510000
 311 4.630000
 312 4.630000
 313 4.590000
 314 4.550000
 315 4.400000
 316 4.060000
 317 4.080000
 318 4.080000
 319 4.100000
 320 4.100000
 321 4.100000
 322 4.100000
 323 3.770000
 324 3.760000
 325 3.770000
 326 3.800000
 327 3.830000
 328 3.790000
 329 4.330000
 330 4.630000
 331 3.690000
 332 3.680000
 333 3.710000
 334 3.550000
 335 3.570000
 336 3.550000
 337 3.550000
 338 3.550000
 339 3.560000
 340 3.580000
 341 3.610000
 342 3.640000
 343 3.630000
 344 3.630000
 345 3.680000
 346 3.730000
 347 3.710000
 348 3.710000
 349 3.690000
 350 3.690000
 351 3.710000
 352 3.660000
 353 3.690000
 354 3.660000
 355 3.640000
 356 3.640000
 357 3.610000
 358 3.610000
 359 3.610000
 360 1.500000
 361 1.510000
 362 1.450000
 363 1.430000
 364 1.490000
 365 1.430000
 366 1.390000
 367 1.350000
 368 1.340000
 369 1.370000
 370 1.360000
 371 1.370000
 372 1.350000
 373 1.350000
 374 1.360000
 375 1.340000
 376 1.370000
 377 1.380000
 378 1.360000
 379 1.380000
 380 1.360000
 381 1.380000
 382 1.360000
 383 1.400000
 384 1.390000
 385 1.360000
 386 1.410000
 387 1.390000
 388 1.410000
 389 1.390000
 390 1.400000
 391 1.400000
 392 1.400000
 393 4.020000
 394 4.030000
 395 4.060000
 396 4.270000
 397 4.250000
 398 4.250000
 399 4.220000
 400 4.220000
 401 4.220000
 402 4.200000
 403 4.200000
 404 4.170000
 405 4.170000
 406 4.150000
 407 4.150000
 408 4.150000
 409 4.150000
 410 4.120000
 411 4.100000
 412 4.100000
 413 4.100000
 414 4.100000
 415 4.100000
 416 4.100000
 417 4.070000
 418 4.070000
 419 2.090000
 420 2.100000
 421 2.050000
 422 2.020000
 423 1.950000
 424 1.800000
 425 1.810000
 426 1.780000
 427 1.770000
 428 1.760000
 429 1.760000
 430 1.770000
 431 1.780000
 432 1.760000
 433 1.770000
 434 1.780000
 435 1.750000
 436 1.780000
 437 1.780000
 438 1.750000
 439 1.770000
 440 1.780000
 441 1.770000
 442 1.770000
 443 1.780000
 444 1.770000
 445 1.780000
 446 1.780000
 447 1.800000
 448 1.790000
 449 1.790000
 450 1.770000
 451 1.810000
 452 1.770000
 453 1.790000
 454 1.790000
 455 1.770000
 456 1.800000
 457 1.800000
 458 1.820000
 459 1.800000
 460 1.830000
 461 1.810000
 462 1.830000
 463 1.830000
 464 1.840000
 465 1.830000
 466 1.820000
 467 2.930000
 468 2.980000
 469 2.990000
 470 2.900000
 471 2.960000
 472 3.010000
 473 2.920000
 474 2.960000
 475 3.020000
 476 2.990000
 477 2.960000
 478 2.950000
 479 3.020000
 480 3.020000
 481 3.050000
 482 3.050000
 483 3.030000
 484 3.030000
 485 3.030000
 486 5.110000
 487 3.040000
 488 3.060000
 489 3.160000
 490 3.180000
 491 3.080000
 492 3.080000
 493 3.170000
 494 3.170000
 495 3.170000
 496 3.200000
 497 3.210000
 498 3.250000
 499 3.230000
 500 3.220000
 501 3.220000
 502 3.230000
 503 3.230000
 504 3.230000
 505 3.230000
 506 3.280000
 507 3.260000
 508 3.260000
 509 3.280000
 510 3.330000
 511 3.340000
 512 3.280000
 513 3.270000
 514 3.310000
 515 3.340000
 516 6.190000
 517 6.160000
 518 6.200000
 519 6.190000
 520 6.190000
 521 6.210000
 522 6.240000
 523 6.240000
 524 6.240000
 525 6.260000
 526 6.260000
 527 4.620000
 528 4.340000
 529 4.270000
 530 4.280000
 531 6.310000
 532 3.260000
 533 3.210000
 534 3.190000
 535 3.240000
 536 3.480000
 537 3.760000
 538 3.740000
 539 3.650000
 540 3.660000
 541 3.660000
 542 3.690000
 543 3.660000
 544 3.660000
 545 3.690000
 546 3.690000
 547 3.280000
 548 3.690000
 549 3.710000
 550 3.710000
 551 3.710000
 552 3.710000
 553 3.710000
 554 3.690000
 555 3.660000
 556 3.660000
 557 3.660000
 558 3.660000
 559 3.660000
 560 3.690000
 561 3.710000
 562 3.690000
 563 3.710000
 564 3.690000
 565 3.710000
 566 3.710000
 567 3.710000
 568 3.740000
 569 3.740000
 570 3.760000
 571 3.740000
 572 3.760000
 573 3.760000
 574 3.760000
 575 3.760000
 576 3.760000
 577 3.680000
 578 3.660000
 579 3.630000
 580 3.360000
 581 3.160000
 582 3.260000
 583 3.480000
 584 3.450000
 585 3.420000
 586 3.380000
 587 3.070000
 588 3.070000
 589 3.100000
 590 3.080000
 591 3.030000
 592 3.050000
 593 3.020000
 594 3.050000
 595 2.980000
 596 2.930000
 597 3.010000
 598 2.990000
 599 2.990000
 600 3.050000
 601 3.070000
 602 3.010000
 603 3.010000
 604 3.100000
 605 3.170000
 606 3.060000
 607 3.100000
 608 3.190000
 609 3.110000
 610 3.100000
 611 3.150000
 612 3.100000
 613 2.940000
 614 2.740000
 615 2.730000
 616 2.700000
 617 2.710000
 618 2.690000
 619 2.690000
 620 2.690000
 621 2.640000
 622 2.610000
 623 2.590000
 624 2.600000
 625 2.540000
 626 2.510000
 627 2.460000
 628 2.430000
 629 2.380000
 630 2.390000
 631 2.330000
 632 2.310000
 633 2.260000
 634 2.260000
 635 2.290000
 636 2.160000
 637 2.250000
 638 2.220000
 639 2.210000
 640 2.160000
 641 2.210000
 642 2.100000
 643 2.130000
 644 2.150000
 645 2.030000
 646 2.060000
 647 2.040000
 648 2.030000
 649 2.040000
 650 2.050000
 651 2.050000
 652 2.050000
 653 2.010000
 654 2.040000
 655 2.040000
 656 2.050000
 657 2.050000
 658 2.000000
 659 2.100000
 660 2.020000
 661 2.030000
 662 1.990000
 663 1.990000
 664 2.090000
 665 2.020000
 666 2.000000
 667 2.000000
 668 1.970000
 669 2.020000
 670 1.930000
 671 1.860000
 672 1.700000
 673 1.700000
 674 1.800000
 675 1.820000
 676 1.800000
 677 1.750000
 678 1.660000
 679 1.720000
 680 1.680000
 681 1.660000
 682 1.640000
 683 1.630000
 684 1.640000
 685 1.660000
 686 1.620000
 687 1.590000
 688 1.620000
 689 1.510000
 690 1.480000
 691 1.480000
 692 1.540000
 693 1.500000
 694 1.500000
 695 1.510000
 696 1.460000
 697 1.480000
 698 1.510000
 699 1.420000
 700 1.820000
 701 1.390000
 702 2.100000
 703 1.380000
 704 1.360000
 705 1.380000
 706 1.460000
 707 1.470000
 708 1.330000
 709 1.370000
 710 1.330000
 711 1.410000
 712 1.470000
 713 1.440000
 714 1.440000
 715 1.440000
 716 1.360000
 717 1.440000
 718 1.440000
 719 1.330000
 720 1.410000
 721 1.410000
 722 1.410000
 723 1.440000
 724 1.380000
 725 1.440000
 726 1.410000
 727 1.410000
 728 1.290000
 729 1.280000
 730 1.300000
 731 1.410000
 732 1.280000
 733 1.310000
 734 1.310000
 735 1.460000
 736 1.360000
 737 1.320000
 738 1.260000
 739 1.260000
 740 1.260000
 741 1.270000
 742 1.240000
 743 1.240000
 744 1.260000
 745 1.220000
 746 6.530000
 747 6.500000
 748 2.900000
 749 2.890000
 750 6.610000
 751 6.640000
 752 6.740000
 753 6.160000
 754 5.950000
 755 5.920000
 756 5.910000
 757 5.650000
 758 0.880000
 759 0.850000
 760 0.840000
 0 3.350000
 1 3.310000
 2 3.260000
 3 3.300000
 4 3.330000
 5 3.380000
 6 3.430000
 7 3.370000
 8 3.410000
 9 0.830000
 10 0.850000
 11 0.830000
 12 0.840000
 13 0.830000
 14 0.830000
 15 0.800000
 16 0.830000
 17 0.830000
 18 0.800000
 19 0.800000
 20 0.800000
 21 0.800000
 22 0.800000
 23 0.800000
 24 0.800000
 25 0.780000
 26 0.780000
 27 0.780000
 28 0.780000
 29 0.780000
 30 0.770000
 31 0.770000
 32 0.780000
 33 0.780000
 34 0.800000
 35 0.800000
 36 0.800000
 37 0.800000
 38 0.800000
 39 0.800000
 40 0.800000
 41 0.800000
 42 0.820000
 43 0.830000
 44 0.830000
 45 0.830000
 46 0.830000
 47 0.830000
 48 0.850000
 49 0.850000
 50 0.830000
 51 0.850000
 52 0.880000
 53 0.880000
 54 0.880000
 55 0.880000
 56 0.880000
 57 0.900000
 58 0.880000
 59 0.900000
 60 0.900000
 61 0.920000
 62 0.940000
 63 0.920000
 64 0.950000
 65 0.920000
 66 0.950000
 67 0.950000
 68 0.980000
 69 0.950000
 70 0.980000
 71 0.970000
 72 1.000000
 73 1.020000
 74 1.000000
 75 1.000000
 76 1.000000
 77 1.030000
 78 1.030000
 79 1.030000
 80 1.050000
 81 1.050000
 82 1.070000
 83 1.080000
 84 1.080000
 85 1.100000
 86 1.100000
 87 1.120000
 88 1.100000
 89 1.150000
 90 1.120000
 91 1.150000
 92 1.150000
 93 1.170000
 94 1.160000
 95 1.220000
 96 1.210000
 97 1.210000
 98 1.210000
 99 1.260000
 100 1.260000
 101 1.260000
 102 1.270000
 103 1.320000
 104 1.310000
 105 1.310000
 106 1.310000
 107 1.350000
 108 1.350000
 109 1.370000
 110 1.390000
 111 1.400000
 112 1.450000
 113 1.470000
 114 1.470000
 115 1.470000
 116 1.490000
 117 1.510000
 118 1.510000
 119 1.530000
 120 1.580000
 121 1.590000
 122 1.610000
 123 1.640000
 124 1.660000
 125 1.660000
 126 1.710000
 127 1.730000
 128 1.730000
 129 1.780000
 130 1.810000
 131 1.880000
 132 1.980000
 133 2.580000
 134 2.600000
 135 2.580000
 136 2.600000
 137 2.580000
 138 2.550000
 139 2.560000
 140 2.550000
 141 2.550000
 142 2.570000
 143 2.560000
 144 2.550000
 145 2.540000
 146 2.540000
 147 2.610000
 148 3.130000
 149 3.120000
 150 3.160000
 151 3.240000
 152 3.240000
 153 3.290000
 154 3.260000
 155 3.280000
 156 3.280000
 157 3.280000
 158 3.300000
 159 3.290000
 160 3.320000
 161 3.400000
 162 3.530000
 163 3.430000
 164 3.450000
 165 3.560000
 166 3.430000
 167 3.550000
 168 3.420000
 169 3.580000
 170 3.590000
 171 3.560000
 172 3.560000
 173 3.560000
 174 3.540000
 175 3.540000
 176 3.540000
 177 3.510000
 178 3.560000
 179 3.540000
 180 3.540000
 181 3.540000
 182 3.540000
 183 3.740000
 184 3.610000
 185 3.590000
 186 3.540000
 187 3.540000
 188 3.540000
 189 3.500000
 190 3.440000
 191 3.360000
 192 3.380000
 193 3.380000
 194 3.420000
 195 3.430000
 196 3.470000
 197 3.380000
 198 3.460000
 199 3.450000
 200 3.480000
 201 3.410000
 202 3.380000
 203 3.410000
 204 3.380000
 205 3.430000
 206 3.390000
 207 1.420000
 208 1.410000
 209 1.400000
 210 1.420000
 211 1.400000
 212 1.400000
 213 1.360000
 214 1.430000
 215 1.430000
 216 1.450000
 217 1.480000
 218 1.500000
 219 1.490000
 220 1.520000
 221 3.460000
 222 3.460000
 223 3.410000
 224 4.730000
 225 4.730000
 226 4.670000
 227 4.710000
 228 4.750000
 229 2.190000
 230 2.140000
 231 2.150000
 232 2.130000
 233 2.120000
 234 2.110000
 235 2.110000
 236 2.080000
 237 2.060000
 238 2.060000
 239 2.060000
 240 2.080000
 241 4.770000
 242 4.780000
 243 4.800000
 244 4.780000
 245 4.800000
 246 4.800000
 247 4.800000
 248 4.800000
 249 4.800000
 250 4.570000
 251 4.830000
 252 4.830000
 253 4.590000
 254 4.180000
 255 4.850000
 256 4.850000
 257 4.850000
 258 4.750000
 259 4.640000
 260 4.630000
 261 4.700000
 262 4.870000
 263 4.870000
 264 4.870000
 265 4.900000
 266 4.900000
 267 4.900000
 268 4.900000
 269 4.020000
 270 4.050000
 271 4.030000
 272 4.020000
 273 4.950000
 274 4.970000
 275 4.970000
 276 4.980000
 277 5.000000
 278 4.970000
 279 5.000000
 280 5.000000
 281 5.000000
 282 5.000000
 283 5.040000
 284 5.020000
 285 5.050000
 286 5.050000
 287 5.050000
 288 5.070000
 289 5.070000
 290 2.130000
 291 2.060000
 292 2.060000
 293 2.060000
 294 2.060000
 295 2.040000
 296 2.060000
 297 2.040000
 298 2.010000
 299 2.020000
 300 1.370000
 301 1.310000
 302 1.300000
 303 1.330000
 304 1.300000
 305 1.330000
 306 1.320000
 307 1.310000
 308 1.430000
 309 4.500000
 310 4.510000
 311 4.650000
 312 4.660000
 313 4.570000
 314 4.530000
 315 4.390000
 316 4.030000
 317 4.080000
 318 4.100000
 319 4.100000
 320 4.100000
 321 4.130000
 322 4.130000
 323 3.780000
 324 3.760000
 325 3.790000
 326 3.800000
 327 3.810000
 328 3.790000
 329 4.310000
 330 4.650000
 331 3.710000
 332 3.690000
 333 3.670000
 334 3.580000
 335 3.550000
 336 3.550000
 337 3.520000
 338 3.550000
 339 3.560000
 340 3.580000
 341 3.610000
 342 3.610000
 343 3.630000
 344 3.660000
 345 3.680000
 346 3.700000
 347 3.740000
 348 3.710000
 349 3.690000
 350 3.690000
 351 3.710000
 352 3.660000
 353 3.660000
 354 3.660000
 355 3.640000
 356 3.640000
 357 3.640000
 358 3.610000
 359 3.640000
 360 1.530000
 361 1.500000
 362 1.470000
 363 1.460000
 364 1.490000
 365 1.430000
 366 1.400000
 367 1.370000
 368 1.340000
 369 1.370000
 370 1.370000
 371 1.340000
 372 1.380000
 373 1.360000
 374 1.360000
 375 1.370000
 376 1.370000
 377 1.360000
 378 1.360000
 379 1.380000
 380 1.390000
 381 1.370000
 382 1.380000
 383 1.400000
 384 1.400000
 385 1.390000
 386 1.400000
 387 1.390000
 388 1.410000
 389 1.390000
 390 1.410000
 391 1.400000
 392 1.400000
 393 4.020000
 394 4.000000
 395 4.060000
 396 4.270000
 397 4.250000
 398 4.250000
 399 4.250000
 400 4.250000
 401 4.220000
 402 4.200000
 403 4.200000
 404 4.200000
 405 4.170000
 406 4.170000
 407 4.170000
 408 4.150000
 409 4.150000
 410 4.120000
 411 4.100000
 412 4.100000
 413 4.100000
 414 4.100000
 415 4.070000
 416 4.070000
 417 4.070000
 418 4.070000
 419 2.090000
 420 2.100000
 421 2.050000
 422 2.020000
 423 1.980000
 424 1.820000
 425 1.810000
 426 1.780000
 427 1.790000
 428 1.770000
 429 1.740000
 430 1.770000
 431 1.750000
 432 1.750000
 433 1.780000
 434 1.810000
 435 1.760000
 436 1.780000
 437 1.750000
 438 1.810000
 439 1.770000
 440 1.780000
 441 1.770000
 442 1.780000
 443 1.770000
 444 1.810000
 445 1.780000
 446 1.760000
 447 1.750000
 448 1.780000
 449 1.800000
 450 1.790000
 451 1.780000
 452 1.800000
 453 1.810000
 454 1.830000
 455 1.780000
 456 1.800000
 457 1.800000
 458 1.800000
 459 1.830000
 460 1.820000
 461 1.830000
 462 1.860000
 463 1.830000
 464 1.830000
 465 1.850000
 466 1.880000
 467 2.930000
 468 2.980000
 469 2.990000
 470 2.960000
 471 2.980000
 472 3.030000
 473 2.950000
 474 2.930000
 475 3.000000
 476 3.000000
 477 2.960000
 478 2.970000
 479 3.030000
 480 3.020000
 481 3.030000
 482 3.030000
 483 3.050000
 484 3.050000
 485 3.010000
 486 5.080000
 487 3.040000
 488 3.060000
 489 3.130000
 490 3.210000
 491 3.080000
 492 3.080000
 493 3.170000
 494 3.180000
 495 3.170000
 496 3.200000
 497 3.210000
 498 3.250000
 499 3.230000
 500 3.220000
 501 3.210000
 502 3.230000
 503 3.210000
 504 3.260000
 505 3.230000
 506 3.260000
 507 3.260000
 508 3.280000
 509 3.280000
 510 3.330000
 511 3.340000
 512 3.280000
 513 3.270000
 514 3.320000
 515 3.310000
 516 6.160000
 517 6.190000
 518 6.190000
 519 6.210000
 520 6.190000
 521 6.210000
 522 6.210000
 523 6.240000
 524 6.240000
 525 6.240000
 526 6.230000
 527 4.620000
 528 4.340000
 529 4.250000
 530 4.250000
 531 6.310000
 532 3.280000
 533 3.190000
 534 3.190000
 535 3.240000
 536 3.480000
 537 3.760000
 538 3.730000
 539 3.650000
 540 3.690000
 541 3.660000
 542 3.690000
 543 3.660000
 544 3.690000
 545 3.690000
 546 3.690000
 547 3.300000
 548 3.710000
 549 3.710000
 550 3.690000
 551 3.710000
 552 3.710000
 553 3.710000
 554 3.690000
 555 3.660000
 556 3.660000
 557 3.660000
 558 3.660000
 559 3.690000
 560 3.660000
 561 3.710000
 562 3.710000
 563 3.710000
 564 3.710000
 565 3.710000
 566 3.710000
 567 3.740000
 568 3.740000
 569 3.710000
 570 3.740000
 571 3.760000
 572 3.740000
 573 3.760000
 574 3.760000
 575 3.790000
 576 3.740000
 577 3.710000
 578 3.660000
 579 3.630000
 580 3.330000
 581 3.160000
 582 3.260000
 583 3.480000
 584 3.450000
 585 3.420000
 586 3.380000
 587 3.070000
 588 3.070000
 589 3.100000
 590 3.050000
 591 3.020000
 592 3.050000
 593 3.040000
 594 3.050000
 595 2.980000
 596 2.930000
 597 3.010000
 598 2.990000
 599 3.010000
 600 3.050000
 601 3.070000
 602 3.010000
 603 3.040000
 604 3.070000
 605 3.120000
 606 3.070000
 607 3.100000
 608 3.210000
 609 3.110000
 610 3.120000
 611 3.170000
 612 3.100000
 613 2.960000
 614 2.740000
 615 2.730000
 616 2.700000
 617 2.710000
 618 2.690000
 619 2.660000
 620 2.660000
 621 2.610000
 622 2.610000
 623 2.610000
 624 2.600000
 625 2.510000
 626 2.480000
 627 2.460000
 628 2.430000
 629 2.380000
 630 2.380000
 631 2.330000
 632 2.290000
 633 2.290000
 634 2.260000
 635 2.290000
 636 2.160000
 637 2.270000
 638 2.240000
 639 2.190000
 640 2.160000
 641 2.160000
 642 2.110000
 643 2.130000
 644 2.150000
 645 2.060000
 646 2.060000
 647 2.040000
 648 2.060000
 649 2.060000
 650 2.050000
 651 2.050000
 652 2.050000
 653 2.010000
 654 2.040000
 655 2.040000
 656 2.050000
 657 2.050000
 658 2.020000
 659 2.100000
 660 2.020000
 661 2.030000
 662 1.990000
 663 1.990000
 664 2.120000
 665 2.050000
 666 1.970000
 667 2.000000
 668 1.970000
 669 1.990000
 670 1.930000
 671 1.840000
 672 1.720000
 673 1.720000
 674 1.800000
 675 1.680000
 676 1.770000
 677 1.750000
 678 1.660000
 679 1.740000
 680 1.690000
 681 1.680000
 682 1.660000
 683 1.630000
 684 1.630000
 685 1.630000
 686 1.600000
 687 1.620000
 688 1.590000
 689 1.510000
 690 1.480000
 691 1.460000
 692 1.540000
 693 1.500000
 694 1.470000
 695 1.510000
 696 1.460000
 697 1.510000
 698 1.510000
 699 1.420000
 700 1.820000
 701 1.370000
 702 2.100000
 703 1.380000
 704 1.360000
 705 1.380000
 706 1.430000
 707 1.470000
 708 1.360000
 709 1.340000
 710 1.330000
 711 1.440000
 712 1.460000
 713 1.440000
 714 1.440000
 715 1.440000
 716 1.330000
 717 1.440000
 718 1.440000
 719 1.330000
 720 1.410000
 721 1.380000
 722 1.440000
 723 1.430000
 724 1.410000
 725 1.440000
 726 1.390000
 727 1.410000
 728 1.300000
 729 1.440000
 730 1.320000
 731 1.410000
 732 1.280000
 733 1.310000
 734 1.310000
 735 1.460000
 736 1.360000
 737 1.350000
 738 1.260000
 739 1.260000
 740 1.230000
 741 1.270000
 742 1.240000
 743 1.240000
 744 1.220000
 745 1.220000
 746 6.530000
 747 6.530000
 748 2.900000
 749 2.920000
 750 6.610000
 751 6.670000
 752 6.720000
 753 6.110000
 754 5.930000
 755 5.920000
 756 5.910000
 757 5.650000
 758 0.850000
 759 0.870000
 760 0.870000
 0 3.350000
 1 3.310000
 2 3.290000
 3 3.300000
 4 3.330000
 5 3.350000
 6 3.400000
 7 3.400000
 8 3.410000
 9 0.820000
 10 0.820000
 11 0.830000
 12 0.810000
 13 0.830000
 14 0.830000
 15 0.830000
 16 0.800000
 17 0.800000
 18 0.800000
 19 0.800000
 20 0.800000
 21 0.800000
 22 0.800000
 23 0.780000
 24 0.800000
 25 0.780000
 26 0.780000
 27 0.780000
 28 0.780000
 29 0.780000
 30 0.770000
 31 0.770000
 32 0.780000
 33 0.780000
 34 0.770000
 35 0.770000
 36 0.780000
 37 0.800000
 38 0.800000
 39 0.800000
 40 0.800000
 41 0.800000
 42 0.820000
 43 0.800000
 44 0.830000
 45 0.850000
 46 0.830000
 47 0.850000
 48 0.830000
 49 0.850000
 50 0.850000
 51 0.850000
 52 0.850000
 53 0.880000
 54 0.880000
 55 0.880000
 56 0.880000
 57 0.880000
 58 0.900000
 59 0.900000
 60 0.930000
 61 0.900000
 62 0.920000
 63 0.920000
 64 0.920000
 65 0.950000
 66 0.950000
 67 0.950000
 68 0.950000
 69 0.980000
 70 0.980000
 71 0.970000
 72 0.970000
 73 1.000000
 74 1.000000
 75 1.000000
 76 1.030000
 77 1.030000
 78 1.020000
 79 1.050000
 80 1.070000
 81 1.080000
 82 1.080000
 83 1.080000
 84 1.080000
 85 1.100000
 86 1.100000
 87 1.120000
 88 1.120000
 89 1.120000
 90 1.150000
 91 1.170000
 92 1.150000
 93 1.190000
 94 1.200000
 95 1.200000
 96 1.210000
 97 1.210000
 98 1.240000
 99 1.260000
 100 1.260000
 101 1.260000
 102 1.300000
 103 1.300000
 104 1.310000
 105 1.310000
 106 1.340000
 107 1.350000
 108 1.350000
 109 1.370000
 110 1.400000
 111 1.420000
 112 1.420000
 113 1.450000
 114 1.470000
 115 1.470000
 116 1.510000
 117 1.510000
 118 1.510000
 119 1.560000
 120 1.580000
 121 1.590000
 122 1.610000
 123 1.640000
 124 1.660000
 125 1.660000
 126 1.710000
 127 1.710000
 128 1.730000
 129 1.760000
 130 1.790000
 131 1.850000
 132 1.990000
 133 2.550000
 134 2.580000
 135 2.600000
 136 2.580000
 137 2.600000
 138 2.580000
 139 2.540000
 140 2.570000
 141 2.550000
 142 2.550000
 143 2.560000
 144 2.550000
 145 2.540000
 146 2.570000
 147 2.610000
 148 3.130000
 149 3.120000
 150 3.160000
 151 3.270000
 152 3.210000
 153 3.260000
 154 3.270000
 155 3.260000
 156 3.280000
 157 3.280000
 158 3.270000
 159 3.320000
 160 3.340000
 161 3.370000
 162 3.530000
 163 3.430000
 164 3.420000
 165 3.530000
 166 3.430000
 167 3.550000
 168 3.420000
 169 3.580000
 170 3.590000
 171 3.540000
 172 3.560000
 173 3.590000
 174 3.540000
 175 3.540000
 176 3.540000
 177 3.540000
 178 3.540000
 179 3.510000
 180 3.540000
 181 3.540000
 182 3.540000
 183 3.710000
 184 3.640000
 185 3.590000
 186 3.540000
 187 3.540000
 188 3.560000
 189 3.500000
 190 3.450000
 191 3.450000
 192 3.380000
 193 3.380000
 194 3.420000
 195 3.460000
 196 3.480000
 197 3.380000
 198 3.430000
 199 3.450000
 200 3.480000
 201 3.380000
 202 3.410000
 203 3.430000
 204 3.360000
 205 3.430000
 206 3.420000
 207 1.370000
 208 1.390000
 209 1.420000
 210 1.400000
 211 1.400000
 212 1.370000
 213 1.390000
 214 1.430000
 215 1.430000
 216 1.450000
 217 1.480000
 218 1.500000
 219 1.490000
 220 1.520000
 221 3.480000
 222 3.460000
 223 3.410000
 224 4.700000
 225 4.730000
 226 4.670000
 227 4.730000
 228 4.720000
 229 2.150000
 230 2.140000
 231 2.150000
 232 2.130000
 233 2.120000
 234 2.110000
 235 2.110000
 236 2.080000
 237 2.060000
 238 2.060000
 239 2.060000
 240 2.080000
 241 4.770000
 242 4.780000
 243 4.800000
 244 4.800000
 245 4.800000
 246 4.800000
 247 4.800000
 248 4.800000
 249 4.820000
 250 4.630000
 251 4.820000
 252 4.830000
 253 4.590000
 254 4.180000
 255 4.820000
 256 4.850000
 257 4.850000
 258 4.720000
 259 4.640000
 260 4.630000
 261 4.700000
 262 4.870000
 263 4.870000
 264 4.900000
 265 4.900000
 266 4.900000
 267 4.900000
 268 4.920000
 269 4.040000
 270 4.060000
 271 4.030000
 272 4.020000
 273 4.950000
 274 4.950000
 275 4.970000
 276 4.980000
 277 4.970000
 278 5.000000
 279 5.000000
 280 5.000000
 281 5.000000
 282 5.020000
 283 5.040000
 284 5.050000
 285 5.050000
 286 5.050000
 287 5.070000
 288 5.070000
 289 5.070000
 290 2.130000
 291 2.060000
 292 2.060000
 293 2.090000
 294 2.040000
 295 2.040000
 296 2.040000
 297 2.010000
 298 2.030000
 299 2.020000
 300 1.400000
 301 1.330000
 302 1.300000
 303 1.300000
 304 1.330000
 305 1.300000
 306 1.300000
 307 1.310000
 308 1.420000
 309 4.500000
 310 4.540000
 311 4.660000
 312 4.610000
 313 4.590000
 314 4.520000
 315 4.430000
 316 4.060000
 317 4.090000
 318 4.060000
 319 4.100000
 320 4.100000
 321 4.120000
 322 4.100000
 323 3.770000
 324 3.780000
 325 3.790000
 326 3.800000
 327 3.810000
 328 3.790000
 329 4.330000
 330 4.650000
 331 3.690000
 332 3.720000
 333 3.670000
 334 3.550000
 335 3.550000
 336 3.520000
 337 3.550000
 338 3.550000
 339 3.560000
 340 3.560000
 341 3.610000
 342 3.640000
 343 3.630000
 344 3.660000
 345 3.660000
 346 3.730000
 347 3.740000
 348 3.710000
 349 3.710000
 350 3.690000
 351 3.690000
 352 3.690000
 353 3.660000
 354 3.660000
 355 3.660000
 356 3.640000
 357 3.640000
 358 3.640000
 359 3.640000
 360 1.470000
 361 1.510000
 362 1.450000
 363 1.460000
 364 1.460000
 365 1.430000
 366 1.400000
 367 1.360000
 368 1.360000
 369 1.340000
 370 1.360000
 371 1.360000
 372 1.350000
 373 1.330000
 374 1.360000
 375 1.370000
 376 1.370000
 377 1.360000
 378 1.360000
 379 1.350000
 380 1.360000
 381 1.380000
 382 1.370000
 383 1.380000
 384 1.380000
 385 1.410000
 386 1.390000
 387 1.390000
 388 1.420000
 389 1.390000
 390 1.380000
 391 1.400000
 392 1.430000
 393 4.020000
 394 4.030000
 395 4.060000
 396 4.250000
 397 4.270000
 398 4.250000
 399 4.230000
 400 4.220000
 401 4.220000
 402 4.200000
 403 4.200000
 404 4.170000
 405 4.170000
 406 4.170000
 407 4.150000
 408 4.150000
 409 4.150000
 410 4.120000
 411 4.120000
 412 4.100000
 413 4.070000
 414 4.100000
 415 4.100000
 416 4.100000
 417 4.070000
 418 4.050000
 419 2.090000
 420 2.100000
 421 2.080000
 422 2.020000
 423 1.980000
 424 1.820000
 425 1.810000
 426 1.780000
 427 1.770000
 428 1.780000
 429 1.770000
 430 1.770000
 431 1.750000
 432 1.750000
 433 1.780000
 434 1.780000
 435 1.780000
 436 1.760000
 437 1.750000
 438 1.770000
 439 1.790000
 440 1.770000
 441 1.770000
 442 1.770000
 443 1.770000
 444 1.770000
 445 1.780000
 446 1.770000
 447 1.810000
 448 1.810000
 449 1.760000
 450 1.780000
 451 1.780000
 452 1.800000
 453 1.800000
 454 1.790000
 455 1.800000
 456 1.810000
 457 1.820000
 458 1.830000
 459 1.820000
 460 1.820000
 461 1.810000
 462 1.830000
 463 1.850000
 464 1.840000
 465 1.820000
 466 1.820000
 467 2.930000
 468 2.990000
 469 2.990000
 470 2.930000
 471 2.990000
 472 3.010000
 473 2.920000
 474 2.930000
 475 3.000000
 476 2.990000
 477 2.960000
 478 2.950000
 479 3.030000
 480 3.020000
 481 3.050000
 482 3.030000
 483 3.030000
 484 3.030000
 485 3.010000
 486 5.060000
 487 3.070000
 488 3.060000
 489 3.160000
 490 3.180000
 491 3.080000
 492 3.080000
 493 3.170000
 494 3.170000
 495 3.170000
 496 3.170000
 497 3.210000
 498 3.250000
 499 3.230000
 500 3.200000
 501 3.220000
 502 3.210000
 503 3.240000
 504 3.260000
 505 3.260000
 506 3.280000
 507 3.260000
 508 3.260000
 509 3.260000
 510 3.330000
 511 3.340000
 512 3.260000
 513 3.290000
 514 3.260000
 515 3.290000
 516 6.160000
 517 6.190000
 518 6.190000
 519 6.210000
 520 6.190000
 521 6.190000
 522 6.240000
 523 6.210000
 524 6.240000
 525 6.240000
 526 6.230000
 527 4.640000
 528 4.300000
 529 4.250000
 530 4.280000
 531 6.310000
 532 3.280000
 533 3.180000
 534 3.220000
 535 3.260000
 536 3.480000
 537 3.740000
 538 3.740000
 539 3.680000
 540 3.690000
 541 3.660000
 542 3.690000
 543 3.690000
 544 3.690000
 545 3.690000
 546 3.690000
 547 3.280000
 548 3.690000
 549 3.690000
 550 3.690000
 551 3.710000
 552 3.710000
 553 3.710000
 554 3.690000
 555 3.640000
 556 3.660000
 557 3.660000
 558 3.660000
 559 3.660000
 560 3.690000
 561 3.690000
 562 3.710000
 563 3.710000
 564 3.710000
 565 3.690000
 566 3.740000
 567 3.710000
 568 3.710000
 569 3.740000
 570 3.740000
 571 3.740000
 572 3.760000
 573 3.760000
 574 3.760000
 575 3.760000
 576 3.760000
 577 3.710000
 578 3.660000
 579 3.610000
 580 3.310000
 581 3.160000
 582 3.260000
 583 3.480000
 584 3.450000
 585 3.420000
 586 3.400000
 587 3.070000
 588 3.070000
 589 3.100000
 590 3.050000
 591 3.050000
 592 3.050000
 593 3.020000
 594 3.020000
 595 2.980000
 596 2.930000
 597 3.010000
 598 2.990000
 599 3.010000
 600 3.050000
 601 3.050000
 602 3.010000
 603 3.010000
 604 3.070000
 605 3.150000
 606 3.070000
 607 3.100000
 608 3.190000
 609 3.110000
 610 3.110000
 611 3.170000
 612 3.120000
 613 2.960000
 614 2.770000
 615 2.730000
 616 2.730000
 617 2.710000
 618 2.690000
 619 2.660000
 620 2.690000
 621 2.610000
 622 2.610000
 623 2.610000
 624 2.570000
 625 2.510000
 626 2.480000
 627 2.460000
 628 2.410000
 629 2.380000
 630 2.360000
 631 2.330000
 632 2.310000
 633 2.290000
 634 2.260000
 635 2.260000
 636 2.160000
 637 2.270000
 638 2.220000
 639 2.200000
 640 2.160000
 641 2.210000
 642 2.090000
 643 2.160000
 644 2.150000
 645 2.060000
 646 2.060000
 647 2.040000
 648 2.060000
 649 2.060000
 650 2.050000
 651 2.050000
 652 2.050000
 653 2.040000
 654 2.040000
 655 2.040000
 656 2.050000
 657 2.050000
 658 2.000000
 659 2.130000
 660 2.020000
 661 2.020000
 662 1.990000
 663 2.010000
 664 2.090000
 665 2.020000
 666 1.970000
 667 2.000000
 668 1.970000
 669 2.020000
 670 1.930000
 671 1.840000
 672 1.700000
 673 1.720000
 674 1.800000
 675 1.820000
 676 1.800000
 677 1.750000
 678 1.660000
 679 1.690000
 680 1.680000
 681 1.690000
 682 1.660000
 683 1.630000
 684 1.640000
 685 1.630000
 686 1.620000
 687 1.590000
 688 1.590000
 689 1.510000
 690 1.480000
 691 1.480000
 692 1.540000
 693 1.500000
 694 1.470000
 695 1.540000
 696 1.460000
 697 1.510000
 698 1.520000
 699 1.420000
 700 1.820000
 701 1.370000
 702 2.100000
 703 1.380000
 704 1.390000
 705 1.360000
 706 1.430000
 707 1.470000
 708 1.360000
 709 1.340000
 710 1.330000
 711 1.440000
 712 1.460000
 713 1.440000
 714 1.410000
 715 1.440000
 716 1.360000
 717 1.440000
 718 1.440000
 719 1.330000
 720 1.410000
 721 1.410000
 722 1.440000
 723 1.430000
 724 1.390000
 725 1.440000
 726 1.390000
 727 1.410000
 728 1.290000
 729 1.410000
 730 1.320000
 731 1.410000
 732 1.410000
 733 1.310000
 734 1.310000
 735 1.460000
 736 1.360000
 737 1.350000
 738 1.260000
 739 1.260000
 740 1.260000
 741 1.270000
 742 1.240000
 743 1.230000
 744 1.250000
 745 1.220000
 746 6.530000
 747 6.500000
 748 2.870000
 749 2.920000
 750 6.610000
 751 6.670000
 752 6.740000
 753 6.140000
 754 5.950000
 755 5.890000
 756 5.900000
 757 5.650000
 758 0.880000
 759 0.850000
 760 0.850000
 0 3.350000
 1 3.310000
 2 3.290000
 3 3.330000
 4 3.330000
 5 3.380000
 6 3.400000
 7 3.400000
 8 3.410000
 9 0.860000
 10 0.850000
 11 0.830000
 12 0.840000
 13 0.830000
 14 0.830000
 15 0.800000
 16 0.800000
 17 0.800000
 18 0.800000
 19 0.800000
 20 0.800000
 21 0.800000
 22 0.780000
 23 0.800000
 24 0.780000
 25 0.780000
 26 0.800000
 27 0.800000
 28 0.780000
 29 0.780000
 30 0.770000
 31 0.740000
 32 0.790000
 33 0.760000
 34 0.790000
 35 0.800000
 36 0.800000
 37 0.780000
 38 0.780000
 39 0.800000
 40 0.800000
 41 0.830000
 42 0.820000
 43 0.830000
 44 0.830000
 45 0.830000
 46 0.830000
 47 0.830000
 48 0.850000
 49 0.850000
 50 0.880000
 51 0.850000
 52 0.880000
 53 0.880000
 54 0.880000
 55 0.880000
 56 0.880000
 57 0.880000
 58 0.900000
 59 0.930000
 60 0.930000
 61 0.920000
 62 0.920000
 63 0.920000
 64 0.950000
 65 0.950000
 66 0.950000
 67 0.950000
 68 0.950000
 69 0.980000
 70 0.980000
 71 0.970000
 72 0.970000
 73 1.000000
 74 1.000000
 75 1.000000
 76 1.000000
 77 1.030000
 78 1.030000
 79 1.030000
 80 1.050000
 81 1.050000
 82 1.080000
 83 1.080000
 84 1.080000
 85 1.100000
 86 1.120000
 87 1.100000
 88 1.120000
 89 1.150000
 90 1.120000
 91 1.150000
 92 1.170000
 93 1.160000
 94 1.190000
 95 1.200000
 96 1.190000
 97 1.210000
 98 1.240000
 99 1.230000
 100 1.260000
 101 1.270000
 102 1.300000
 103 1.320000
 104 1.320000
 105 1.310000
 106 1.340000
 107 1.350000
 108 1.350000
 109 1.370000
 110 1.400000
 111 1.400000
 112 1.420000
 113 1.470000
 114 1.470000
 115 1.470000
 116 1.490000
 117 1.510000
 118 1.540000
 119 1.530000
 120 1.560000
 121 1.590000
 122 1.610000
 123 1.630000
 124 1.640000
 125 1.690000
 126 1.690000
 127 1.730000
 128 1.760000
 129 1.760000
 130 1.810000
 131 1.880000
 132 1.980000
 133 2.580000
 134 2.580000
 135 2.600000
 136 2.580000
 137 2.570000
 138 2.550000
 139 2.560000
 140 2.570000
 141 2.570000
 142 2.570000
 143 2.560000
 144 2.550000
 145 2.570000
 146 2.540000
 147 2.610000
 148 3.130000
 149 3.110000
 150 3.180000
 151 3.270000
 152 3.230000
 153 3.270000
 154 3.270000
 155 3.280000
 156 3.280000
 157 3.290000
 158 3.300000
 159 3.290000
 160 3.320000
 161 3.400000
 162 3.510000
 163 3.430000
 164 3.450000
 165 3.560000
 166 3.430000
 167 3.550000
 168 3.400000
 169 3.580000
 170 3.560000
 171 3.540000
 172 3.560000
 173 3.590000
 174 3.560000
 175 3.540000
 176 3.510000
 177 3.540000
 178 3.560000
 179 3.510000
 180 3.540000
 181 3.540000
 182 3.540000
 183 3.710000
 184 3.610000
 185 3.560000
 186 3.540000
 187 3.540000
 188 3.560000
 189 3.530000
 190 3.450000
 191 3.360000
 192 3.380000
 193 3.410000
 194 3.450000
 195 3.450000
 196 3.480000
 197 3.380000
 198 3.460000
 199 3.450000
 200 3.460000
 201 3.380000
 202 3.380000
 203 3.410000
 204 3.470000
 205 3.410000
 206 3.440000
 207 1.370000
 208 1.390000
 209 1.400000
 210 1.420000
 211 1.400000
 212 1.400000
 213 1.390000
 214 1.430000
 215 1.430000
 216 1.450000
 217 1.460000
 218 1.500000
 219 1.490000
 220 1.520000
 221 3.460000
 222 3.460000
 223 3.410000
 224 4.730000
 225 4.730000
 226 4.700000
 227 4.730000
 228 4.750000
 229 2.190000
 230 2.140000
 231 2.150000
 232 2.160000
 233 2.100000
 234 2.110000
 235 2.110000
 236 2.080000
 237 2.060000
 238 2.040000
 239 2.030000
 240 2.110000
 241 4.770000
 242 4.780000
 243 4.780000
 244 4.800000
 245 4.800000
 246 4.800000
 247 4.800000
 248 4.800000
 249 4.830000
 250 4.610000
 251 4.850000
 252 4.830000
 253 4.560000
 254 4.190000
 255 4.850000
 256 4.830000
 257 4.870000
 258 4.720000
 259 4.640000
 260 4.630000
 261 4.700000
 262 4.870000
 263 4.900000
 264 4.870000
 265 4.900000
 266 4.900000
 267 4.920000
 268 4.920000
 269 4.020000
 270 4.050000
 271 4.030000
 272 4.020000
 273 4.950000
 274 4.950000
 275 4.950000
 276 4.980000
 277 4.970000
 278 5.000000
 279 5.000000
 280 5.000000
 281 5.000000
 282 5.020000
 283 5.050000
 284 5.050000
 285 5.050000
 286 5.070000
 287 5.070000
 288 5.070000
 289 5.070000
 290 2.130000
 291 2.060000
 292 2.060000
 293 2.060000
 294 2.060000
 295 2.040000
 296 2.060000
 297 2.040000
 298 2.030000
 299 2.020000
 300 1.400000
 301 1.330000
 302 1.300000
 303 1.300000
 304 1.300000
 305 1.330000
 306 1.330000
 307 1.320000
 308 1.420000
 309 4.520000
 310 4.510000
 311 4.630000
 312 4.630000
 313 4.570000
 314 4.520000
 315 4.430000
 316 4.060000
 317 4.080000
 318 4.080000
 319 4.090000
 320 4.100000
 321 4.100000
 322 4.130000
 323 3.770000
 324 3.760000
 325 3.770000
 326 3.830000
 327 3.810000
 328 3.790000
 329 4.330000
 330 4.660000
 331 3.660000
 332 3.710000
 333 3.680000
 334 3.570000
 335 3.550000
 336 3.580000
 337 3.520000
 338 3.520000
 339 3.580000
 340 3.530000
 341 3.640000
 342 3.640000
 343 3.630000
 344 3.630000
 345 3.680000
 346 3.730000
 347 3.710000
 348 3.690000
 349 3.710000
 350 3.690000
 351 3.690000
 352 3.660000
 353 3.660000
 354 3.660000
 355 3.640000
 356 3.660000
 357 3.640000
 358 3.610000
 359 3.640000
 360 1.500000
 361 1.480000
 362 1.450000
 363 1.430000
 364 1.490000
 365 1.420000
 366 1.400000
 367 1.370000
 368 1.330000
 369 1.340000
 370 1.370000
 371 1.360000
 372 1.380000
 373 1.350000
 374 1.340000
 375 1.370000
 376 1.350000
 377 1.380000
 378 1.360000
 379 1.350000
 380 1.360000
 381 1.380000
 382 1.400000
 383 1.400000
 384 1.390000
 385 1.390000
 386 1.370000
 387 1.390000
 388 1.410000
 389 1.410000
 390 1.400000
 391 1.400000
 392 1.400000
 393 4.050000
 394 4.030000
 395 4.090000
 396 4.270000
 397 4.250000
 398 4.250000
 399 4.250000
 400 4.220000
 401 4.220000
 402 4.200000
 403 4.200000
 404 4.200000
 405 4.170000
 406 4.170000
 407 4.170000
 408 4.170000
 409 4.120000
 410 4.120000
 411 4.120000
 412 4.100000
 413 4.080000
 414 4.100000
 415 4.100000
 416 4.070000
 417 4.070000
 418 4.070000
 419 2.090000
 420 2.080000
 421 2.050000
 422 2.020000
 423 1.970000
 424 1.820000
 425 1.770000
 426 1.760000
 427 1.780000
 428 1.780000
 429 1.760000
 430 1.770000
 431 1.780000
 432 1.750000
 433 1.770000
 434 1.780000
 435 1.760000
 436 1.760000
 437 1.760000
 438 1.770000
 439 1.770000
 440 1.770000
 441 1.790000
 442 1.770000
 443 1.780000
 444 1.760000
 445 1.760000
 446 1.790000
 447 1.770000
 448 1.770000
 449 1.790000
 450 1.790000
 451 1.770000
 452 1.780000
 453 1.770000
 454 1.780000
 455 1.790000
 456 1.800000
 457 1.810000
 458 1.820000
 459 1.820000
 460 1.820000
 461 1.810000
 462 1.830000
 463 1.840000
 464 1.830000
 465 1.860000
 466 1.820000
 467 2.930000
 468 2.990000
 469 2.980000
 470 2.960000
 471 2.980000
 472 3.010000
 473 2.940000
 474 2.960000
 475 3.000000
 476 2.990000
 477 2.960000
 478 2.950000
 479 3.030000
 480 3.030000
 481 3.050000
 482 3.050000
 483 3.030000
 484 3.060000
 485 3.030000
 486 5.080000
 487 3.020000
 488 3.060000
 489 3.160000
 490 3.180000
 491 3.080000
 492 3.080000
 493 3.170000
 494 3.180000
 495 3.170000
 496 3.200000
 497 3.180000
 498 3.250000
 499 3.230000
 500 3.220000
 501 3.240000
 502 3.210000
 503 3.230000
 504 3.230000
 505 3.260000
 506 3.280000
 507 3.260000
 508 3.260000
 509 3.280000
 510 3.330000
 511 3.340000
 512 3.370000
 513 3.290000
 514 3.290000
 515 3.310000
 516 6.200000
 517 6.160000
 518 6.190000
 519 6.190000
 520 6.210000
 521 6.210000
 522 6.210000
 523 6.240000
 524 6.240000
 525 6.230000
 526 6.260000
 527 4.620000
 528 4.340000
 529 4.250000
 530 4.260000
 531 6.310000
 532 3.280000
 533 3.220000
 534 3.220000
 535 3.240000
 536 3.480000
 537 3.760000
 538 3.730000
 539 3.680000
 540 3.660000
 541 3.660000
 542 3.660000
 543 3.690000
 544 3.690000
 545 3.690000
 546 3.690000
 547 3.280000
 548 3.690000
 549 3.690000
 550 3.690000
 551 3.690000
 552 3.710000
 553 3.710000
 554 3.690000
 555 3.640000
 556 3.660000
 557 3.660000
 558 3.660000
 559 3.660000
 560 3.690000
 561 3.660000
 562 3.710000
 563 3.690000
 564 3.690000
 565 3.710000
 566 3.710000
 567 3.710000
 568 3.710000
 569 3.740000
 570 3.740000
 571 3.760000
 572 3.740000
 573 3.760000
 574 3.760000
 575 3.760000
 576 3.760000
 577 3.680000
 578 3.660000
 579 3.610000
 580 3.360000
 581 3.160000
 582 3.260000
 583 3.500000
 584 3.450000
 585 3.420000
 586 3.400000
 587 3.070000
 588 3.100000
 589 3.100000
 590 3.080000
 591 3.050000
 592 3.050000
 593 3.020000
 594 3.050000
 595 2.980000
 596 2.930000
 597 3.010000
 598 2.990000
 599 2.990000
 600 3.050000
 601 3.070000
 602 3.010000
 603 3.010000
 604 3.100000
 605 3.150000
 606 3.070000
 607 3.100000
 608 3.210000
 609 3.140000
 610 3.120000
 611 3.170000
 612 3.120000
 613 2.990000
 614 2.740000
 615 2.710000
 616 2.700000
 617 2.730000
 618 2.690000
 619 2.660000
 620 2.660000
 621 2.610000
 622 2.610000
 623 2.590000
 624 2.570000
 625 2.510000
 626 2.480000
 627 2.490000
 628 2.430000
 629 2.380000
 630 2.390000
 631 2.330000
 632 2.290000
 633 2.290000
 634 2.290000
 635 2.290000
 636 2.160000
 637 2.270000
 638 2.250000
 639 2.200000
 640 2.160000
 641 2.190000
 642 2.110000
 643 2.160000
 644 2.150000
 645 2.060000
 646 2.060000
 647 2.040000
 648 2.060000
 649 2.040000
 650 2.070000
 651 2.050000
 652 2.050000
 653 2.010000
 654 2.040000
 655 2.040000
 656 2.050000
 657 2.050000
 658 2.000000
 659 2.100000
 660 2.020000
 661 2.030000
 662 1.990000
 663 2.010000
 664 2.090000
 665 2.020000
 666 1.970000
 667 2.000000
 668 1.970000
 669 1.990000
 670 1.930000
 671 1.840000
 672 1.720000
 673 1.700000
 674 1.820000
 675 1.850000
 676 1.770000
 677 1.770000
 678 1.660000
 679 1.740000
 680 1.680000
 681 1.660000
 682 1.630000
 683 1.640000
 684 1.610000
 685 1.630000
 686 1.600000
 687 1.570000
 688 1.590000
 689 1.480000
 690 1.510000
 691 1.460000
 692 1.540000
 693 1.500000
 694 1.500000
 695 1.510000
 696 1.480000
 697 1.510000
 698 1.540000
 699 1.450000
 700 1.850000
 701 1.390000
 702 2.100000
 703 1.360000
 704 1.360000
 705 1.380000
 706 1.460000
 707 1.440000
 708 1.360000
 709 1.370000
 710 1.500000
 711 1.440000
 712 1.440000
 713 1.450000
 714 1.440000
 715 1.410000
 716 1.330000
 717 1.440000
 718 1.440000
 719 1.330000
 720 1.410000
 721 1.410000
 722 1.440000
 723 1.410000
 724 1.410000
 725 1.440000
 726 1.410000
 727 1.410000
 728 1.290000
 729 1.280000
 730 1.300000
 731 1.410000
 732 1.280000
 733 1.310000
 734 1.280000
 735 1.460000
 736 1.360000
 737 1.350000
 738 1.370000
 739 1.260000
 740 1.260000
 741 1.290000
 742 1.210000
 743 1.230000
 744 1.230000
 745 1.220000
 746 6.530000
 747 6.510000
 748 2.870000
 749 2.920000
 750 6.610000
 751 6.670000
 752 6.720000
 753 6.160000
 754 5.950000
 755 5.890000
 756 5.900000
 757 5.650000
 758 0.880000
 759 0.850000
 760 0.860000