
 0 2.320000
 1 2.360000
 2 2.330000
 3 2.250000
 4 2.310000
 5 2.310000
 6 2.280000
 7 2.280000
 8 2.260000
 9 2.230000
 10 2.240000
 11 2.180000
 12 3.280000
 13 2.180000
 14 3.250000
 15 2.130000
 16 2.160000
 17 2.260000
 18 2.250000
 19 2.220000
 20 2.260000
 21 2.280000
 22 2.280000
 23 2.320000
 24 2.270000
 25 2.350000
 26 2.210000
 27 2.210000
 28 2.230000
 29 2.260000
 30 2.370000
 31 2.370000
 32 2.390000
 33 2.390000
 34 2.370000
 35 2.450000
 36 2.470000
 37 2.470000
 38 2.490000
 39 2.540000
 40 2.520000
 41 2.580000
 42 2.610000
 43 2.610000
 44 2.660000
 45 2.710000
 46 2.710000
 47 2.680000
 48 2.810000
 49 2.880000
 50 2.910000
 51 2.810000
 52 2.810000
 53 2.830000
 54 2.820000
 55 2.800000
 56 2.840000
 57 2.840000
 58 2.910000
 59 2.930000
 60 2.960000
 61 2.960000
 62 2.980000
 63 2.950000
 64 3.000000
 65 3.030000
 66 3.080000
 67 3.080000
 68 3.080000
 69 3.080000
 70 3.140000
 71 3.160000
 72 3.190000
 73 3.210000
 74 3.210000
 75 3.210000
 76 3.260000
 77 3.240000
 78 3.260000
 79 3.290000
 80 3.310000
 81 3.290000
 82 3.310000
 83 3.380000
 84 3.360000
 85 3.360000
 86 3.380000
 87 3.410000
 88 3.410000
 89 3.450000
 90 3.370000
 91 3.440000
 92 3.500000
 93 3.480000
 94 3.510000
 95 3.570000
 96 3.620000
 97 3.600000
 98 3.650000
 99 3.800000
 100 3.800000
 101 3.830000
 102 3.830000
 103 3.830000
 104 3.870000
 105 3.870000
 106 3.850000
 107 3.870000
 108 3.920000
 109 3.830000
 110 3.960000
 111 3.830000
 112 3.830000
 113 3.860000
 114 4.060000
 115 4.060000
 116 4.050000
 117 4.070000
 118 4.080000
 119 4.060000
 120 4.100000
 121 4.060000
 122 3.960000
 123 3.990000
 124 3.960000
 125 3.960000
 126 3.960000
 127 4.020000
 128 3.980000
 129 4.030000
 130 4.010000
 131 3.980000
 132 4.010000
 133 3.980000
 134 3.980000
 135 3.980000
 136 3.930000
 137 3.990000
 138 3.990000
 139 3.560000
 140 3.460000
 141 3.490000
 142 3.510000
 143 3.970000
 144 3.940000
 145 3.940000
 146 3.810000
 147 3.780000
 148 2.860000
 149 2.830000
 150 2.820000
 151 2.850000
 152 2.800000
 153 2.790000
 154 2.810000
 155 2.820000
 156 2.820000
 157 2.820000
 158 2.800000
 159 2.800000
 160 2.820000
 161 2.770000
 162 2.800000
 163 2.800000
 164 2.770000
 165 2.790000
 166 2.810000
 167 2.840000
 168 2.860000
 169 2.830000
 170 2.710000
 171 2.710000
 172 2.720000
 173 2.700000
 174 2.690000
 175 2.710000
 176 2.690000
 177 2.690000
 178 2.690000
 179 2.660000
 180 2.670000
 181 2.660000
 182 2.660000
 183 2.720000
 184 2.750000
 185 2.770000
 186 2.770000
 187 2.740000
 188 2.730000
 189 2.770000
 190 2.700000
 191 2.680000
 192 2.680000
 193 2.660000
 194 2.680000
 195 2.660000
 196 2.660000
 197 2.680000
 198 2.660000
 199 2.660000
 200 2.660000
 201 2.660000
 202 2.710000
 203 2.680000
 204 2.710000
 205 2.700000
 206 2.690000
 207 2.680000
 208 2.630000
 209 2.590000
 210 2.600000
 211 2.600000
 212 2.600000
 213 2.570000
 214 2.600000
 215 2.570000
 216 2.600000
 217 2.570000
 218 2.570000
 219 2.600000
 220 2.590000
 221 2.620000
 222 2.810000
 223 2.680000
 224 2.660000
 225 3.150000
 226 3.190000
 227 3.110000
 228 3.240000
 229 3.300000
 230 3.280000
 231 3.300000
 232 3.290000
 233 3.280000
 234 3.310000
 235 3.330000
 236 3.330000
 237 3.320000
 238 3.380000
 239 3.370000
 240 3.460000
 241 3.510000
 242 3.530000
 243 3.530000
 244 3.430000
 245 3.460000
 246 3.570000
 247 3.590000
 248 3.580000
 249 3.610000
 250 3.610000
 251 3.580000
 252 3.590000
 253 3.670000
 254 3.670000
 255 3.650000
 256 3.610000
 257 3.650000
 258 3.610000
 259 1.910000
 260 1.900000
 261 1.870000
 262 1.870000
 263 1.670000
 264 1.670000
 265 1.630000
 266 1.640000
 267 1.630000
 268 1.640000
 269 1.640000
 270 1.640000
 271 1.630000
 272 1.590000
 273 1.580000
 274 1.610000
 275 1.580000
 276 1.570000
 277 1.600000
 278 1.570000
 279 1.580000
 280 1.600000
 281 1.570000
 282 1.560000
 283 1.610000
 284 1.630000
 285 1.620000
 286 1.600000
 287 1.620000
 288 1.650000
 289 1.670000
 290 1.670000
 291 1.690000
 292 1.700000
 293 1.740000
 294 3.460000
 295 3.470000
 296 3.460000
 297 4.750000
 298 4.750000
 299 2.500000
 300 2.480000
 301 2.490000
 302 2.460000
 303 2.460000
 304 2.460000
 305 2.460000
 306 2.480000
 307 2.510000
 308 2.540000
 309 4.790000
 310 4.790000
 311 4.770000
 312 4.770000
 313 4.790000
 314 4.770000
 315 4.790000
 316 4.790000
 317 4.790000
 318 4.780000
 319 2.420000
 320 2.480000
 321 4.810000
 322 4.800000
 323 4.790000
 324 1.220000
 325 1.220000
 326 1.230000
 327 1.210000
 328 1.210000
 329 1.220000
 330 1.220000
 331 1.220000
 332 1.210000
 333 1.200000
 334 1.220000
 335 1.220000
 336 1.200000
 337 1.200000
 338 1.200000
 339 1.200000
 340 1.200000
 341 1.170000
 342 1.170000
 343 1.170000
 344 1.200000
 345 1.200000
 346 1.170000
 347 1.170000
 348 1.170000
 349 1.170000
 350 1.170000
 351 1.170000
 352 1.150000
 353 1.170000
 354 1.150000
 355 1.170000
 356 1.150000
 357 1.150000
 358 1.150000
 359 1.150000
 360 1.120000
 361 1.120000
 362 1.150000
 363 1.160000
 364 1.150000
 365 1.130000
 366 1.160000
 367 1.130000
 368 1.120000
 369 1.120000
 370 1.120000
 371 1.100000
 372 1.120000
 373 1.120000
 374 1.100000
 375 1.090000
 376 1.110000
 377 1.140000
 378 1.090000
 379 1.100000
 380 1.100000
 381 1.110000
 382 1.100000
 383 1.110000
 384 1.160000
 385 1.160000
 386 1.180000
 387 1.230000
 388 1.230000
 389 1.230000
 390 1.260000
 391 1.290000
 392 1.330000
 393 1.310000
 394 1.360000
 395 1.390000
 396 1.380000
 397 1.410000
 398 1.430000
 399 1.450000
 400 3.410000
 401 3.160000
 402 1.840000
 403 3.120000
 404 3.720000
 405 3.710000
 406 3.610000
 407 1.490000
 408 1.500000
 409 1.510000
 410 1.480000
 411 1.510000
 412 1.510000
 413 1.510000
 414 1.500000
 415 1.500000
 416 1.520000
 417 1.520000
 418 1.510000
 419 2.800000
 420 2.820000
 421 3.690000
 422 3.680000
 423 3.730000
 424 3.760000
 425 3.710000
 426 3.740000
 427 3.710000
 428 3.710000
 429 3.690000
 430 3.690000
 431 3.660000
 432 3.660000
 433 3.640000
 434 3.640000
 435 3.640000
 436 3.640000
 437 3.610000
 438 3.590000
 439 3.590000
 440 3.590000
 441 3.560000
 442 3.560000
 443 3.560000
 444 3.540000
 445 3.510000
 446 3.510000
 447 3.510000
 448 3.490000
 449 3.510000
 450 3.490000
 451 3.460000
 452 3.460000
 453 3.490000
 454 3.460000
 455 3.460000
 456 3.440000
 457 3.440000
 458 3.410000
 459 3.440000
 460 3.410000
 461 3.410000
 462 3.410000
 463 3.490000
 464 4.400000
 465 4.400000
 466 4.350000
 467 4.350000
 468 4.350000
 469 4.150000
 470 4.030000
 471 4.080000
 472 4.270000
 473 4.300000
 474 4.270000
 475 4.270000
 476 4.250000
 477 4.250000
 478 4.250000
 479 4.220000
 480 4.220000
 481 4.220000
 482 4.200000
 483 4.170000
 484 4.170000
 485 4.170000
 486 4.150000
 487 4.150000
 488 4.120000
 489 3.050000
 490 3.120000
 491 3.120000
 492 4.100000
 493 4.080000
 494 3.270000
 495 3.300000
 496 3.300000
 497 3.210000
 498 3.230000
 499 3.260000
 500 3.370000
 501 3.370000
 502 3.400000
 503 4.030000
 504 4.010000
 505 4.010000
 506 4.010000
 507 3.980000
 508 3.970000
 509 3.980000
 510 3.980000
 511 3.980000
 512 3.980000
 513 3.960000
 514 3.960000
 515 3.430000
 516 3.090000
 517 3.090000
 518 3.210000
 519 3.180000
 520 3.080000
 521 3.210000
 522 3.140000
 523 3.090000
 524 3.100000
 525 3.100000
 526 3.100000
 527 3.100000
 528 3.070000
 529 3.070000
 530 3.090000
 531 3.060000
 532 3.040000
 533 3.040000
 534 3.040000
 535 3.050000
 536 3.050000
 537 3.030000
 538 3.060000
 539 3.090000
 540 3.060000
 541 3.070000
 542 3.070000
 543 3.060000
 544 3.050000
 545 3.060000
 546 3.080000
 547 3.060000
 548 3.010000
 549 3.010000
 550 3.050000
 551 3.080000
 552 3.060000
 553 3.060000
 554 3.090000
 555 3.030000
 556 3.110000
 557 3.090000
 558 3.080000
 559 3.080000
 560 3.110000
 561 3.110000
 562 3.130000
 563 3.140000
 564 3.150000
 565 3.210000
 566 3.130000
 567 3.180000
 568 5.660000
 569 5.880000
 570 5.930000
 571 5.930000
 572 6.010000
 573 6.010000
 574 6.050000
 575 6.080000
 576 6.080000
 577 6.110000
 578 6.100000
 579 6.100000
 580 6.120000
 581 6.110000
 582 6.120000
 583 6.110000
 584 6.160000
 585 6.120000
 586 6.150000
 587 6.170000
 588 6.150000
 589 6.170000
 590 6.170000
 591 6.170000
 592 6.190000
 593 6.220000
 594 6.190000
 595 6.220000
 596 6.230000
 597 6.220000
 598 6.240000
 599 6.240000
 600 6.240000
 601 6.270000
 602 6.270000
 603 4.510000
 604 4.330000
 605 4.270000
 606 4.350000
 607 6.310000
 608 3.260000
 609 3.250000
 610 3.250000
 611 3.330000
 612 3.520000
 613 3.970000
 614 3.700000
 615 3.690000
 616 3.690000
 617 3.690000
 618 3.690000
 619 3.690000
 620 3.690000
 621 3.690000
 622 3.330000
 623 3.410000
 624 3.710000
 625 3.710000
 626 3.710000
 627 3.710000
 628 3.710000
 629 3.710000
 630 3.660000
 631 3.660000
 632 3.690000
 633 3.660000
 634 3.690000
 635 3.690000
 636 3.690000
 637 3.710000
 638 3.710000
 639 3.710000
 640 3.710000
 641 3.740000
 642 3.740000
 643 3.740000
 644 3.740000
 645 3.760000
 646 3.740000
 647 3.740000
 648 3.760000
 649 3.790000
 650 3.760000
 651 3.760000
 652 3.720000
 653 3.690000
 654 3.640000
 655 3.460000
 656 3.190000
 657 3.270000
 658 3.520000
 659 3.460000
 660 3.450000
 661 3.390000
 662 3.360000
 663 3.110000
 664 3.060000
 665 3.070000
 666 3.020000
 667 3.020000
 668 3.060000
 669 3.120000
 670 3.010000
 671 2.930000
 672 2.990000
 673 2.990000
 674 2.980000
 675 3.040000
 676 3.040000
 677 3.040000
 678 3.040000
 679 3.070000
 680 3.070000
 681 3.100000
 682 3.090000
 683 3.060000
 684 3.080000
 685 3.090000
 686 3.120000
 687 3.150000
 688 3.170000
 689 3.090000
 690 2.850000
 691 2.760000
 692 2.740000
 693 2.740000
 694 2.730000
 695 2.710000
 696 2.710000
 697 2.680000
 698 2.670000
 699 2.710000
 700 2.640000
 701 2.620000
 702 2.620000
 703 2.580000
 704 2.530000
 705 2.510000
 706 2.480000
 707 2.430000
 708 2.430000
 709 2.400000
 710 2.400000
 711 2.360000
 712 2.230000
 713 2.280000
 714 2.260000
 715 2.240000
 716 2.210000
 717 2.170000
 718 2.210000
 719 2.220000
 720 2.230000
 721 2.110000
 722 2.180000
 723 2.200000
 724 2.200000
 725 2.170000
 726 2.150000
 727 2.170000
 728 2.030000
 729 2.120000
 730 2.070000
 731 2.050000
 732 2.070000
 733 2.020000
 734 2.020000
 735 1.910000
 736 1.970000
 737 1.950000
 738 1.950000
 739 1.970000
 740 1.920000
 741 1.830000
 742 1.900000
 743 1.810000
 744 1.780000
 745 1.780000
 746 1.730000
 747 1.760000
 748 1.730000
 749 1.820000
 750 1.800000
 751 1.770000
 752 1.770000
 753 1.740000
 754 1.740000
 755 1.720000
 756 1.690000
 757 1.680000
 758 1.670000
 759 1.620000
 760 1.560000
 0 2.320000
 1 2.330000
 2 2.330000
 3 2.200000
 4 2.310000
 5 2.330000
 6 2.280000
 7 2.280000
 8 2.280000
 9 2.260000
 10 2.240000
 11 2.200000
 12 2.220000
 13 2.150000
 14 3.250000
 15 2.160000
 16 2.130000
 17 2.230000
 18 2.300000
 19 2.260000
 20 2.280000
 21 2.280000
 22 2.310000
 23 2.300000
 24 2.250000
 25 2.320000
 26 2.270000
 27 2.210000
 28 2.230000
 29 2.260000
 30 2.350000
 31 2.370000
 32 2.370000
 33 2.400000
 34 2.390000
 35 2.450000
 36 2.470000
 37 2.470000
 38 2.460000
 39 2.540000
 40 2.520000
 41 2.560000
 42 2.610000
 43 2.610000
 44 2.660000
 45 2.680000
 46 2.680000
 47 2.730000
 48 2.830000
 49 2.880000
 50 2.910000
 51 2.830000
 52 2.810000
 53 2.810000
 54 2.800000
 55 2.820000
 56 2.840000
 57 2.840000
 58 2.880000
 59 2.930000
 60 2.930000
 61 2.960000
 62 2.960000
 63 2.920000
 64 2.970000
 65 3.030000
 66 3.060000
 67 3.060000
 68 3.080000
 69 3.080000
 70 3.110000
 71 3.140000
 72 3.190000
 73 3.240000
 74 3.210000
 75 3.240000
 76 3.260000
 77 3.260000
 78 3.290000
 79 3.290000
 80 3.310000
 81 3.290000
 82 3.310000
 83 3.360000
 84 3.360000
 85 3.360000
 86 3.380000
 87 3.410000
 88 3.410000
 89 3.450000
 90 3.350000
 91 3.440000
 92 3.510000
 93 3.480000
 94 3.510000
 95 3.570000
 96 3.590000
 97 3.630000
 98 3.650000
 99 3.830000
 100 3.830000
 101 3.830000
 102 3.830000
 103 3.830000
 104 3.870000
 105 3.900000
 106 3.870000
 107 3.870000
 108 3.920000
 109 3.830000
 110 3.960000
 111 3.830000
 112 3.830000
 113 3.860000
 114 4.060000
 115 4.050000
 116 4.060000
 117 4.050000
 118 4.080000
 119 4.080000
 120 4.090000
 121 4.040000
 122 3.930000
 123 3.990000
 124 3.960000
 125 3.930000
 126 3.960000
 127 4.020000
 128 3.980000
 129 4.030000
 130 4.030000
 131 4.010000
 132 4.010000
 133 4.010000
 134 4.010000
 135 3.950000
 136 3.910000
 137 3.980000
 138 3.970000
 139 3.530000
 140 3.480000
 141 3.490000
 142 3.510000
 143 3.940000
 144 3.940000
 145 3.920000
 146 3.780000
 147 3.780000
 148 2.860000
 149 2.810000
 150 2.810000
 151 2.840000
 152 2.820000
 153 2.830000
 154 2.810000
 155 2.790000
 156 2.820000
 157 2.820000
 158 2.800000
 159 2.800000
 160 2.800000
 161 2.800000
 162 2.770000
 163 2.770000
 164 2.770000
 165 2.790000
 166 2.810000
 167 2.840000
 168 2.860000
 169 2.830000
 170 2.710000
 171 2.690000
 172 2.720000
 173 2.700000
 174 2.700000
 175 2.690000
 176 2.690000
 177 2.690000
 178 2.660000
 179 2.700000
 180 2.670000
 181 2.690000
 182 2.680000
 183 2.690000
 184 2.750000
 185 2.770000
 186 2.770000
 187 2.740000
 188 2.730000
 189 2.770000
 190 2.700000
 191 2.660000
 192 2.680000
 193 2.680000
 194 2.660000
 195 2.660000
 196 2.680000
 197 2.680000
 198 2.660000
 199 2.630000
 200 2.680000
 201 2.660000
 202 2.680000
 203 2.680000
 204 2.680000
 205 2.720000
 206 2.680000
 207 2.670000
 208 2.630000
 209 2.610000
 210 2.600000
 211 2.600000
 212 2.600000
 213 2.600000
 214 2.600000
 215 2.600000
 216 2.600000
 217 2.600000
 218 2.570000
 219 2.570000
 220 2.590000
 221 2.650000
 222 2.780000
 223 2.680000
 224 2.680000
 225 3.180000
 226 3.190000
 227 3.140000
 228 3.270000
 229 3.300000
 230 3.280000
 231 3.280000
 232 3.320000
 233 3.300000
 234 3.310000
 235 3.310000
 236 3.310000
 237 3.320000
 238 3.380000
 239 3.370000
 240 3.460000
 241 3.540000
 242 3.530000
 243 3.530000
 244 3.460000
 245 3.600000
 246 3.550000
 247 3.570000
 248 3.610000
 249 3.610000
 250 3.610000
 251 3.610000
 252 3.590000
 253 3.650000
 254 3.700000
 255 3.650000
 256 3.610000
 257 3.620000
 258 3.610000
 259 1.910000
 260 1.900000
 261 1.900000
 262 1.870000
 263 1.680000
 264 1.670000
 265 1.650000
 266 1.640000
 267 1.630000
 268 1.640000
 269 1.610000
 270 1.610000
 271 1.630000
 272 1.580000
 273 1.610000
 274 1.580000
 275 1.580000
 276 1.580000
 277 1.610000
 278 1.580000
 279 1.580000
 280 1.570000
 281 1.570000
 282 1.560000
 283 1.580000
 284 1.630000
 285 1.610000
 286 1.600000
 287 1.600000
 288 1.680000
 289 1.660000
 290 1.670000
 291 1.690000
 292 1.680000
 293 1.760000
 294 3.490000
 295 3.500000
 296 3.460000
 297 4.750000
 298 4.750000
 299 2.500000
 300 2.480000
 301 2.460000
 302 2.490000
 303 2.490000
 304 2.460000
 305 2.480000
 306 2.480000
 307 2.510000
 308 2.570000
 309 4.800000
 310 4.770000
 311 4.770000
 312 4.790000
 313 4.790000
 314 4.790000
 315 4.790000
 316 4.790000
 317 4.790000
 318 4.780000
 319 2.420000
 320 2.510000
 321 4.780000
 322 4.790000
 323 4.810000
 324 1.240000
 325 1.220000
 326 1.210000
 327 1.210000
 328 1.210000
 329 1.220000
 330 1.220000
 331 1.200000
 332 1.200000
 333 1.200000
 334 1.200000
 335 1.210000
 336 1.200000
 337 1.200000
 338 1.200000
 339 1.200000
 340 1.200000
 341 1.200000
 342 1.200000
 343 1.200000
 344 1.200000
 345 1.200000
 346 1.200000
 347 1.170000
 348 1.170000
 349 1.170000
 350 1.170000
 351 1.170000
 352 1.170000
 353 1.150000
 354 1.150000
 355 1.170000
 356 1.150000
 357 1.150000
 358 1.160000
 359 1.150000
 360 1.150000
 361 1.150000
 362 1.150000
 363 1.150000
 364 1.150000
 365 1.120000
 366 1.120000
 367 1.130000
 368 1.120000
 369 1.120000
 370 1.120000
 371 1.120000
 372 1.120000
 373 1.120000
 374 1.120000
 375 1.110000
 376 1.110000
 377 1.110000
 378 1.110000
 379 1.100000
 380 1.110000
 381 1.110000
 382 1.120000
 383 1.110000
 384 1.130000
 385 1.180000
 386 1.180000
 387 1.210000
 388 1.230000
 389 1.260000
 390 1.260000
 391 1.290000
 392 1.330000
 393 1.310000
 394 1.360000
 395 1.390000
 396 1.410000
 397 1.430000
 398 1.420000
 399 1.450000
 400 3.400000
 401 3.160000
 402 1.870000
 403 3.130000
 404 3.720000
 405 3.710000
 406 3.650000
 407 1.520000
 408 1.510000
 409 1.510000
 410 1.510000
 411 1.510000
 412 1.510000
 413 1.510000
 414 1.530000
 415 1.520000
 416 1.500000
 417 1.500000
 418 1.530000
 419 2.830000
 420 2.840000
 421 3.690000
 422 3.670000
 423 3.740000
 424 3.730000
 425 3.740000
 426 3.740000
 427 3.710000
 428 3.710000
 429 3.690000
 430 3.690000
 431 3.660000
 432 3.660000
 433 3.660000
 434 3.660000
 435 3.640000
 436 3.640000
 437 3.590000
 438 3.610000
 439 3.610000
 440 3.590000
 441 3.560000
 442 3.540000
 443 3.560000
 444 3.540000
 445 3.540000
 446 3.540000
 447 3.510000
 448 3.510000
 449 3.510000
 450 3.490000
 451 3.490000
 452 3.460000
 453 3.460000
 454 3.440000
 455 3.460000
 456 3.440000
 457 3.440000
 458 3.410000
 459 3.410000
 460 3.410000
 461 3.410000
 462 3.390000
 463 3.490000
 464 4.370000
 465 4.400000
 466 4.370000
 467 4.370000
 468 4.350000
 469 4.150000
 470 4.060000
 471 4.080000
 472 4.270000
 473 4.300000
 474 4.270000
 475 4.270000
 476 4.270000
 477 4.250000
 478 4.220000
 479 4.220000
 480 4.200000
 481 4.200000
 482 4.200000
 483 4.200000
 484 4.170000
 485 4.170000
 486 4.150000
 487 4.150000
 488 4.120000
 489 3.040000
 490 3.120000
 491 3.120000
 492 4.100000
 493 4.110000
 494 3.270000
 495 3.300000
 496 3.300000
 497 3.250000
 498 3.230000
 499 3.260000
 500 3.370000
 501 3.400000
 502 3.400000
 503 4.030000
 504 4.010000
 505 4.010000
 506 4.010000
 507 3.980000
 508 4.010000
 509 3.980000
 510 3.960000
 511 3.960000
 512 3.980000
 513 3.960000
 514 3.930000
 515 3.600000
 516 3.090000
 517 3.110000
 518 3.210000
 519 3.210000
 520 3.080000
 521 3.060000
 522 3.150000
 523 3.110000
 524 3.130000
 525 3.100000
 526 3.100000
 527 3.110000
 528 3.100000
 529 3.070000
 530 3.050000
 531 3.040000
 532 3.050000
 533 3.040000
 534 3.060000
 535 3.030000
 536 3.060000
 537 3.060000
 538 3.060000
 539 3.090000
 540 3.040000
 541 3.040000
 542 3.060000
 543 3.090000
 544 3.030000
 545 3.060000
 546 3.080000
 547 3.050000
 548 3.010000
 549 3.010000
 550 3.080000
 551 3.110000
 552 3.060000
 553 3.060000
 554 3.110000
 555 3.140000
 556 3.110000
 557 3.110000
 558 3.080000
 559 3.090000
 560 3.080000
 561 3.110000
 562 3.110000
 563 3.140000
 564 3.150000
 565 3.210000
 566 3.160000
 567 3.160000
 568 5.660000
 569 5.880000
 570 5.930000
 571 5.930000
 572 5.980000
 573 6.010000
 574 6.070000
 575 6.060000
 576 6.110000
 577 6.110000
 578 6.100000
 579 6.120000
 580 6.120000
 581 6.130000
 582 6.120000
 583 6.140000
 584 6.130000
 585 6.140000
 586 6.150000
 587 6.170000
 588 6.170000
 589 6.170000
 590 6.170000
 591 6.170000
 592 6.190000
 593 6.190000
 594 6.210000
 595 6.220000
 596 6.210000
 597 6.220000
 598 6.240000
 599 6.240000
 600 6.240000
 601 6.270000
 602 6.270000
 603 4.480000
 604 4.330000
 605 4.310000
 606 4.320000
 607 6.310000
 608 3.230000
 609 3.250000
 610 3.260000
 611 3.340000
 612 3.520000
 613 3.970000
 614 3.720000
 615 3.710000
 616 3.690000
 617 3.690000
 618 3.690000
 619 3.690000
 620 3.710000
 621 3.690000
 622 3.310000
 623 3.440000
 624 3.690000
 625 3.710000
 626 3.710000
 627 3.710000
 628 3.730000
 629 3.710000
 630 3.660000
 631 3.690000
 632 3.690000
 633 3.690000
 634 3.690000
 635 3.690000
 636 3.690000
 637 3.710000
 638 3.710000
 639 3.690000
 640 3.740000
 641 3.710000
 642 3.740000
 643 3.740000
 644 3.740000
 645 3.760000
 646 3.760000
 647 3.760000
 648 3.760000
 649 3.760000
 650 3.790000
 651 3.780000
 652 3.730000
 653 3.690000
 654 3.630000
 655 3.430000
 656 3.160000
 657 3.290000
 658 3.520000
 659 3.480000
 660 3.450000
 661 3.400000
 662 3.380000
 663 3.110000
 664 3.060000
 665 3.070000
 666 3.020000
 667 3.020000
 668 3.060000
 669 3.150000
 670 3.010000
 671 2.930000
 672 2.990000
 673 2.990000
 674 2.980000
 675 3.020000
 676 3.070000
 677 3.040000
 678 3.070000
 679 3.040000
 680 3.090000
 681 3.100000
 682 3.090000
 683 3.060000
 684 3.080000
 685 3.090000
 686 3.120000
 687 3.120000
 688 3.170000
 689 3.070000
 690 2.830000
 691 2.750000
 692 2.740000
 693 2.750000
 694 2.730000
 695 2.730000
 696 2.710000
 697 2.610000
 698 2.680000
 699 2.660000
 700 2.620000
 701 2.590000
 702 2.580000
 703 2.530000
 704 2.540000
 705 2.520000
 706 2.460000
 707 2.430000
 708 2.400000
 709 2.380000
 710 2.380000
 711 2.360000
 712 2.310000
 713 2.320000
 714 2.290000
 715 2.270000
 716 2.260000
 717 2.160000
 718 2.180000
 719 2.200000
 720 2.230000
 721 2.150000
 722 2.220000
 723 2.200000
 724 2.170000
 725 2.200000
 726 2.170000
 727 2.030000
 728 2.090000
 729 2.050000
 730 2.070000
 731 2.100000
 732 2.070000
 733 2.070000
 734 1.930000
 735 2.020000
 736 1.970000
 737 2.000000
 738 1.860000
 739 1.970000
 740 1.950000
 741 1.850000
 742 1.870000
 743 1.800000
 744 1.760000
 745 1.750000
 746 1.710000
 747 1.750000
 748 1.820000
 749 1.800000
 750 1.800000
 751 1.800000
 752 1.800000
 753 1.750000
 754 1.740000
 755 1.720000
 756 1.670000
 757 1.680000
 758 1.670000
 759 1.640000
 760 1.610000
 0 2.320000
 1 2.330000
 2 2.360000
 3 2.220000
 4 2.310000
 5 2.330000
 6 2.280000
 7 2.280000
 8 2.260000
 9 2.260000
 10 2.240000
 11 2.170000
 12 2.220000
 13 2.140000
 14 3.270000
 15 2.160000
 16 2.160000
 17 2.220000
 18 2.270000
 19 2.260000
 20 2.260000
 21 2.280000
 22 2.310000
 23 2.300000
 24 2.270000
 25 2.350000
 26 2.230000
 27 2.230000
 28 2.230000
 29 2.260000
 30 2.370000
 31 2.370000
 32 2.370000
 33 2.400000
 34 2.390000
 35 2.450000
 36 2.450000
 37 2.440000
 38 2.490000
 39 2.520000
 40 2.550000
 41 2.560000
 42 2.580000
 43 2.630000
 44 2.660000
 45 2.680000
 46 2.710000
 47 2.680000
 48 2.830000
 49 2.880000
 50 2.910000
 51 2.810000
 52 2.810000
 53 2.830000
 54 2.820000
 55 2.820000
 56 2.820000
 57 2.840000
 58 2.910000
 59 2.930000
 60 2.930000
 61 2.960000
 62 2.980000
 63 2.950000
 64 3.000000
 65 3.010000
 66 3.080000
 67 3.080000
 68 3.060000
 69 3.060000
 70 3.110000
 71 3.140000
 72 3.160000
 73 3.210000
 74 3.240000
 75 3.210000
 76 3.240000
 77 3.260000
 78 3.290000
 79 3.260000
 80 3.310000
 81 3.290000
 82 3.310000
 83 3.360000
 84 3.360000
 85 3.360000
 86 3.380000
 87 3.410000
 88 3.410000
 89 3.450000
 90 3.380000
 91 3.430000
 92 3.470000
 93 3.480000
 94 3.490000
 95 3.570000
 96 3.590000
 97 3.620000
 98 3.620000
 99 3.830000
 100 3.800000
 101 3.820000
 102 3.830000
 103 3.830000
 104 3.850000
 105 3.850000
 106 3.870000
 107 3.870000
 108 3.920000
 109 3.830000
 110 3.960000
 111 3.830000
 112 3.860000
 113 3.860000
 114 4.060000
 115 4.050000
 116 4.030000
 117 4.060000
 118 4.080000
 119 4.080000
 120 4.110000
 121 4.040000
 122 3.960000
 123 4.000000
 124 3.960000
 125 3.930000
 126 3.930000
 127 4.020000
 128 3.970000
 129 4.030000
 130 4.010000
 131 4.010000
 132 4.010000
 133 3.980000
 134 3.980000
 135 3.970000
 136 3.910000
 137 3.990000
 138 3.990000
 139 3.530000
 140 3.460000
 141 3.520000
 142 3.510000
 143 3.930000
 144 3.940000
 145 3.920000
 146 3.780000
 147 3.780000
 148 2.830000
 149 2.800000
 150 2.820000
 151 2.810000
 152 2.830000
 153 2.800000
 154 2.810000
 155 2.820000
 156 2.800000
 157 2.800000
 158 2.800000
 159 2.800000
 160 2.800000
 161 2.770000
 162 2.800000
 163 2.770000
 164 2.770000
 165 2.790000
 166 2.840000
 167 2.840000
 168 2.860000
 169 2.830000
 170 2.710000
 171 2.710000
 172 2.700000
 173 2.700000
 174 2.710000
 175 2.690000
 176 2.690000
 177 2.690000
 178 2.690000
 179 2.660000
 180 2.670000
 181 2.660000
 182 2.680000
 183 2.720000
 184 2.750000
 185 2.770000
 186 2.770000
 187 2.740000
 188 2.730000
 189 2.740000
 190 2.680000
 191 2.680000
 192 2.680000
 193 2.680000
 194 2.660000
 195 2.680000
 196 2.660000
 197 2.660000
 198 2.660000
 199 2.660000
 200 2.680000
 201 2.660000
 202 2.710000
 203 2.680000
 204 2.680000
 205 2.700000
 206 2.700000
 207 2.680000
 208 2.650000
 209 2.590000
 210 2.600000
 211 2.600000
 212 2.600000
 213 2.600000
 214 2.600000
 215 2.570000
 216 2.600000
 217 2.600000
 218 2.600000
 219 2.570000
 220 2.590000
 221 2.650000
 222 2.810000
 223 2.680000
 224 2.650000
 225 3.160000
 226 3.190000
 227 3.140000
 228 3.240000
 229 3.300000
 230 3.280000
 231 3.280000
 232 3.290000
 233 3.310000
 234 3.290000
 235 3.320000
 236 3.330000
 237 3.320000
 238 3.380000
 239 3.370000
 240 3.460000
 241 3.540000
 242 3.530000
 243 3.560000
 244 3.460000
 245 3.430000
 246 3.570000
 247 3.570000
 248 3.610000
 249 3.640000
 250 3.600000
 251 3.600000
 252 3.620000
 253 3.670000
 254 3.700000
 255 3.650000
 256 3.610000
 257 3.650000
 258 3.610000
 259 1.910000
 260 1.900000
 261 1.870000
 262 1.870000
 263 1.650000
 264 1.660000
 265 1.650000
 266 1.630000
 267 1.630000
 268 1.640000
 269 1.640000
 270 1.610000
 271 1.600000
 272 1.610000
 273 1.610000
 274 1.610000
 275 1.580000
 276 1.600000
 277 1.560000
 278 1.590000
 279 1.580000
 280 1.570000
 281 1.570000
 282 1.560000
 283 1.580000
 284 1.610000
 285 1.610000
 286 1.640000
 287 1.630000
 288 1.660000
 289 1.660000
 290 1.680000
 291 1.700000
 292 1.710000
 293 1.740000
 294 3.490000
 295 3.490000
 296 3.480000
 297 4.750000
 298 4.750000
 299 2.520000
 300 2.510000
 301 2.490000
 302 2.460000
 303 2.460000
 304 2.460000
 305 2.460000
 306 2.480000
 307 2.510000
 308 2.570000
 309 4.770000
 310 4.770000
 311 4.770000
 312 4.770000
 313 4.770000
 314 4.790000
 315 4.770000
 316 4.790000
 317 4.790000
 318 4.780000
 319 2.420000
 320 2.510000
 321 4.780000
 322 4.830000
 323 4.810000
 324 1.220000
 325 1.220000
 326 1.210000
 327 1.210000
 328 1.210000
 329 1.220000
 330 1.220000
 331 1.220000
 332 1.190000
 333 1.220000
 334 1.200000
 335 1.200000
 336 1.220000
 337 1.200000
 338 1.200000
 339 1.200000
 340 1.170000
 341 1.200000
 342 1.200000
 343 1.200000
 344 1.170000
 345 1.170000
 346 1.180000
 347 1.170000
 348 1.180000
 349 1.170000
 350 1.170000
 351 1.170000
 352 1.170000
 353 1.170000
 354 1.150000
 355 1.150000
 356 1.170000
 357 1.150000
 358 1.180000
 359 1.150000
 360 1.150000
 361 1.150000
 362 1.120000
 363 1.150000
 364 1.120000
 365 1.150000
 366 1.130000
 367 1.120000
 368 1.120000
 369 1.120000
 370 1.120000
 371 1.120000
 372 1.120000
 373 1.120000
 374 1.120000
 375 1.110000
 376 1.110000
 377 1.110000
 378 1.110000
 379 1.100000
 380 1.100000
 381 1.100000
 382 1.100000
 383 1.080000
 384 1.130000
 385 1.180000
 386 1.180000
 387 1.210000
 388 1.230000
 389 1.230000
 390 1.260000
 391 1.290000
 392 1.330000
 393 1.340000
 394 1.360000
 395 1.390000
 396 1.380000
 397 1.410000
 398 1.410000
 399 1.480000
 400 3.390000
 401 3.160000
 402 1.860000
 403 3.120000
 404 3.690000
 405 3.680000
 406 3.610000
 407 1.520000
 408 1.500000
 409 1.500000
 410 1.500000
 411 1.500000
 412 1.500000
 413 1.500000
 414 1.500000
 415 1.500000
 416 1.500000
 417 1.500000
 418 1.510000
 419 2.830000
 420 2.840000
 421 3.660000
 422 3.680000
 423 3.730000
 424 3.760000
 425 3.740000
 426 3.710000
 427 3.710000
 428 3.710000
 429 3.710000
 430 3.690000
 431 3.690000
 432 3.660000
 433 3.660000
 434 3.640000
 435 3.640000
 436 3.610000
 437 3.610000
 438 3.590000
 439 3.610000
 440 3.590000
 441 3.560000
 442 3.560000
 443 3.540000
 444 3.540000
 445 3.510000
 446 3.510000
 447 3.540000
 448 3.510000
 449 3.510000
 450 3.490000
 451 3.490000
 452 3.490000
 453 3.460000
 454 3.460000
 455 3.460000
 456 3.440000
 457 3.440000
 458 3.440000
 459 3.410000
 460 3.410000
 461 3.410000
 462 3.390000
 463 3.490000
 464 4.400000
 465 4.370000
 466 4.370000
 467 4.350000
 468 4.350000
 469 4.150000
 470 4.060000
 471 4.100000
 472 4.270000
 473 4.300000
 474 4.270000
 475 4.270000
 476 4.250000
 477 4.250000
 478 4.250000
 479 4.220000
 480 4.220000
 481 4.200000
 482 4.200000
 483 4.200000
 484 4.200000
 485 4.170000
 486 4.170000
 487 4.150000
 488 4.120000
 489 3.020000
 490 3.100000
 491 3.120000
 492 4.120000
 493 4.110000
 494 3.270000
 495 3.320000
 496 3.300000
 497 3.210000
 498 3.250000
 499 3.230000
 500 3.350000
 501 3.400000
 502 3.400000
 503 4.030000
 504 4.010000
 505 4.010000
 506 4.010000
 507 4.010000
 508 3.980000
 509 3.980000
 510 3.980000
 511 3.980000
 512 3.960000
 513 3.960000
 514 3.930000
 515 3.930000
 516 3.110000
 517 3.090000
 518 3.210000
 519 3.180000
 520 3.080000
 521 3.180000
 522 3.140000
 523 3.110000
 524 3.100000
 525 3.090000
 526 3.080000
 527 3.070000
 528 3.070000
 529 3.070000
 530 3.060000
 531 3.060000
 532 3.040000
 533 3.040000
 534 3.040000
 535 3.040000
 536 3.030000
 537 3.040000
 538 3.040000
 539 3.090000
 540 3.040000
 541 3.070000
 542 3.090000
 543 3.060000
 544 3.030000
 545 3.060000
 546 3.090000
 547 3.060000
 548 3.000000
 549 3.010000
 550 3.080000
 551 3.110000
 552 3.050000
 553 3.050000
 554 3.090000
 555 3.060000
 556 3.100000
 557 3.080000
 558 3.090000
 559 3.080000
 560 3.110000
 561 3.090000
 562 3.140000
 563 3.130000
 564 3.140000
 565 3.190000
 566 3.130000
 567 3.160000
 568 5.660000
 569 5.880000
 570 5.910000
 571 5.960000
 572 6.010000
 573 6.010000
 574 6.070000
 575 6.080000
 576 6.100000
 577 6.080000
 578 6.100000
 579 6.100000
 580 6.120000
 581 6.110000
 582 6.120000
 583 6.130000
 584 6.130000
 585 6.140000
 586 6.150000
 587 6.170000
 588 6.150000
 589 6.150000
 590 6.170000
 591 6.200000
 592 6.170000
 593 6.190000
 594 6.220000
 595 6.180000
 596 6.230000
 597 6.220000
 598 6.240000
 599 6.270000
 600 6.240000
 601 6.240000
 602 6.270000
 603 4.510000
 604 4.330000
 605 4.300000
 606 4.320000
 607 6.310000
 608 3.240000
 609 3.240000
 610 3.240000
 611 3.360000
 612 3.510000
 613 3.970000
 614 3.690000
 615 3.680000
 616 3.690000
 617 3.660000
 618 3.690000
 619 3.690000
 620 3.690000
 621 3.710000
 622 3.310000
 623 3.410000
 624 3.710000
 625 3.710000
 626 3.740000
 627 3.740000
 628 3.710000
 629 3.740000
 630 3.660000
 631 3.660000
 632 3.690000
 633 3.690000
 634 3.690000
 635 3.690000
 636 3.690000
 637 3.710000
 638 3.710000
 639 3.710000
 640 3.710000
 641 3.710000
 642 3.740000
 643 3.740000
 644 3.740000
 645 3.740000
 646 3.760000
 647 3.760000
 648 3.760000
 649 3.760000
 650 3.790000
 651 3.780000
 652 3.750000
 653 3.690000
 654 3.660000
 655 3.430000
 656 3.160000
 657 3.270000
 658 3.500000
 659 3.480000
 660 3.420000
 661 3.430000
 662 3.380000
 663 3.110000
 664 3.080000
 665 3.050000
 666 3.020000
 667 2.990000
 668 3.060000
 669 3.120000
 670 3.030000
 671 2.930000
 672 2.990000
 673 2.990000
 674 2.980000
 675 3.020000
 676 3.070000
 677 3.040000
 678 3.040000
 679 3.070000
 680 3.070000
 681 3.100000
 682 3.070000
 683 3.080000
 684 3.080000
 685 3.090000
 686 3.120000
 687 3.120000
 688 3.170000
 689 3.020000
 690 2.820000
 691 2.730000
 692 2.740000
 693 2.730000
 694 2.730000
 695 2.730000
 696 2.760000
 697 2.690000
 698 2.660000
 699 2.690000
 700 2.640000
 701 2.590000
 702 2.570000
 703 2.560000
 704 2.510000
 705 2.520000
 706 2.460000
 707 2.430000
 708 2.400000
 709 2.380000
 710 2.360000
 711 2.360000
 712 2.330000
 713 2.290000
 714 2.270000
 715 2.240000
 716 2.230000
 717 2.200000
 718 2.240000
 719 2.220000
 720 2.180000
 721 2.150000
 722 2.220000
 723 2.170000
 724 2.170000
 725 2.060000
 726 2.150000
 727 2.080000
 728 2.010000
 729 2.100000
 730 2.100000
 731 2.070000
 732 2.070000
 733 1.930000
 734 1.950000
 735 2.050000
 736 1.930000
 737 1.880000
 738 1.880000
 739 1.830000
 740 1.810000
 741 1.830000
 742 1.900000
 743 1.780000
 744 1.760000
 745 1.760000
 746 1.730000
 747 1.680000
 748 1.850000
 749 1.710000
 750 1.800000
 751 1.800000
 752 1.770000
 753 1.740000
 754 1.720000
 755 1.690000
 756 1.630000
 757 1.660000
 758 1.650000
 759 1.530000
 760 1.530000
 0 2.320000
 1 2.360000
 2 2.330000
 3 2.220000
 4 2.330000
 5 2.330000
 6 2.280000
 7 2.280000
 8 2.280000
 9 2.260000
 10 2.240000
 11 2.200000
 12 2.220000
 13 2.180000
 14 3.250000
 15 2.160000
 16 2.130000
 17 2.260000
 18 2.270000
 19 2.250000
 20 2.280000
 21 2.280000
 22 2.280000
 23 2.320000
 24 2.270000
 25 2.180000
 26 2.210000
 27 2.230000
 28 2.230000
 29 2.260000
 30 2.370000
 31 2.370000
 32 2.370000
 33 2.420000
 34 2.390000
 35 2.420000
 36 2.470000
 37 2.470000
 38 2.490000
 39 2.520000
 40 2.550000
 41 2.560000
 42 2.630000
 43 2.630000
 44 2.630000
 45 2.680000
 46 2.710000
 47 2.710000
 48 2.810000
 49 2.880000
 50 2.910000
 51 2.810000
 52 2.810000
 53 2.810000
 54 2.800000
 55 2.820000
 56 2.820000
 57 2.840000
 58 2.910000
 59 2.910000
 60 2.930000
 61 2.960000
 62 2.960000
 63 2.950000
 64 2.970000
 65 3.030000
 66 3.060000
 67 3.080000
 68 3.080000
 69 3.080000
 70 3.110000
 71 3.160000
 72 3.190000
 73 3.240000
 74 3.240000
 75 3.210000
 76 3.260000
 77 3.260000
 78 3.260000
 79 3.290000
 80 3.310000
 81 3.290000
 82 3.310000
 83 3.360000
 84 3.360000
 85 3.360000
 86 3.380000
 87 3.410000
 88 3.410000
 89 3.450000
 90 3.360000
 91 3.440000
 92 3.480000
 93 3.490000
 94 3.510000
 95 3.560000
 96 3.570000
 97 3.600000
 98 3.620000
 99 3.800000
 100 3.800000
 101 3.800000
 102 3.830000
 103 3.830000
 104 3.870000
 105 3.870000
 106 3.870000
 107 3.870000
 108 3.920000
 109 3.830000
 110 3.930000
 111 3.850000
 112 3.860000
 113 3.880000
 114 4.060000
 115 4.020000
 116 4.060000
 117 4.050000
 118 4.080000
 119 4.080000
 120 4.110000
 121 4.060000
 122 3.960000
 123 4.030000
 124 3.960000
 125 3.960000
 126 3.930000
 127 4.020000
 128 3.980000
 129 4.030000
 130 4.010000
 131 4.010000
 132 3.980000
 133 3.980000
 134 3.980000
 135 3.960000
 136 3.890000
 137 3.980000
 138 3.970000
 139 3.530000
 140 3.460000
 141 3.490000
 142 3.510000
 143 3.930000
 144 3.910000
 145 3.810000
 146 3.780000
 147 3.780000
 148 2.850000
 149 2.810000
 150 2.820000
 151 2.820000
 152 2.840000
 153 2.790000
 154 2.810000
 155 2.820000
 156 2.820000
 157 2.820000
 158 2.800000
 159 2.800000
 160 2.800000
 161 2.800000
 162 2.800000
 163 2.770000
 164 2.770000
 165 2.820000
 166 2.840000
 167 2.840000
 168 2.830000
 169 2.830000
 170 2.730000
 171 2.690000
 172 2.700000
 173 2.700000
 174 2.700000
 175 2.690000
 176 2.660000
 177 2.690000
 178 2.690000
 179 2.700000
 180 2.670000
 181 2.660000
 182 2.660000
 183 2.720000
 184 2.750000
 185 2.770000
 186 2.770000
 187 2.740000
 188 2.730000
 189 2.750000
 190 2.680000
 191 2.680000
 192 2.680000
 193 2.680000
 194 2.660000
 195 2.660000
 196 2.680000
 197 2.680000
 198 2.660000
 199 2.660000
 200 2.660000
 201 2.660000
 202 2.710000
 203 2.680000
 204 2.680000
 205 2.720000
 206 2.700000
 207 2.670000
 208 2.630000
 209 2.590000
 210 2.600000
 211 2.600000
 212 2.570000
 213 2.570000
 214 2.600000
 215 2.600000
 216 2.610000
 217 2.600000
 218 2.570000
 219 2.570000
 220 2.590000
 221 2.620000
 222 2.780000
 223 2.710000
 224 2.660000
 225 3.160000
 226 3.170000
 227 3.170000
 228 3.240000
 229 3.270000
 230 3.280000
 231 3.290000
 232 3.290000
 233 3.320000
 234 3.280000
 235 3.290000
 236 3.330000
 237 3.320000
 238 3.380000
 239 3.400000
 240 3.460000
 241 3.540000
 242 3.530000
 243 3.530000
 244 3.430000
 245 3.460000
 246 3.550000
 247 3.570000
 248 3.610000
 249 3.610000
 250 3.630000
 251 3.610000
 252 3.610000
 253 3.670000
 254 3.700000
 255 3.670000
 256 3.610000
 257 3.640000
 258 3.610000
 259 1.910000
 260 1.900000
 261 1.900000
 262 1.870000
 263 1.680000
 264 1.630000
 265 1.650000
 266 1.630000
 267 1.630000
 268 1.610000
 269 1.620000
 270 1.610000
 271 1.620000
 272 1.600000
 273 1.580000
 274 1.590000
 275 1.570000
 276 1.610000
 277 1.610000
 278 1.580000
 279 1.580000
 280 1.570000
 281 1.570000
 282 1.590000
 283 1.580000
 284 1.610000
 285 1.610000
 286 1.610000
 287 1.630000
 288 1.650000
 289 1.680000
 290 1.670000
 291 1.670000
 292 1.680000
 293 1.740000
 294 3.480000
 295 3.480000
 296 3.450000
 297 4.750000
 298 4.720000
 299 2.520000
 300 2.490000
 301 2.460000
 302 2.490000
 303 2.490000
 304 2.440000
 305 2.460000
 306 2.480000
 307 2.510000
 308 2.550000
 309 4.770000
 310 4.770000
 311 4.770000
 312 4.770000
 313 4.790000
 314 4.800000
 315 4.790000
 316 4.770000
 317 4.790000
 318 4.810000
 319 2.420000
 320 2.480000
 321 4.780000
 322 4.800000
 323 4.810000
 324 1.240000
 325 1.220000
 326 1.230000
 327 1.210000
 328 1.210000
 329 1.220000
 330 1.220000
 331 1.200000
 332 1.220000
 333 1.200000
 334 1.220000
 335 1.200000
 336 1.200000
 337 1.220000
 338 1.200000
 339 1.170000
 340 1.200000
 341 1.200000
 342 1.200000
 343 1.200000
 344 1.200000
 345 1.200000
 346 1.200000
 347 1.180000
 348 1.170000
 349 1.170000
 350 1.170000
 351 1.150000
 352 1.150000
 353 1.160000
 354 1.150000
 355 1.150000
 356 1.170000
 357 1.160000
 358 1.150000
 359 1.150000
 360 1.150000
 361 1.160000
 362 1.160000
 363 1.150000
 364 1.120000
 365 1.130000
 366 1.120000
 367 1.120000
 368 1.120000
 369 1.120000
 370 1.120000
 371 1.120000
 372 1.120000
 373 1.120000
 374 1.120000
 375 1.110000
 376 1.110000
 377 1.110000
 378 1.090000
 379 1.100000
 380 1.110000
 381 1.110000
 382 1.100000
 383 1.110000
 384 1.160000
 385 1.180000
 386 1.180000
 387 1.210000
 388 1.230000
 389 1.260000
 390 1.260000
 391 1.290000
 392 1.310000
 393 1.340000
 394 1.360000
 395 1.390000
 396 1.410000
 397 1.430000
 398 1.420000
 399 1.430000
 400 3.410000
 401 3.160000
 402 1.810000
 403 3.130000
 404 3.700000
 405 3.710000
 406 3.610000
 407 1.520000
 408 1.510000
 409 1.530000
 410 1.510000
 411 1.510000
 412 1.510000
 413 1.500000
 414 1.500000
 415 1.530000
 416 1.500000
 417 1.500000
 418 1.510000
 419 2.850000
 420 2.850000
 421 3.690000
 422 3.650000
 423 3.730000
 424 3.730000
 425 3.760000
 426 3.710000
 427 3.690000
 428 3.710000
 429 3.690000
 430 3.690000
 431 3.690000
 432 3.660000
 433 3.660000
 434 3.640000
 435 3.640000
 436 3.610000
 437 3.610000
 438 3.610000
 439 3.590000
 440 3.590000
 441 3.560000
 442 3.540000
 443 3.540000
 444 3.510000
 445 3.510000
 446 3.540000
 447 3.510000
 448 3.490000
 449 3.490000
 450 3.490000
 451 3.490000
 452 3.460000
 453 3.490000
 454 3.460000
 455 3.440000
 456 3.440000
 457 3.440000
 458 3.440000
 459 3.410000
 460 3.410000
 461 3.410000
 462 3.390000
 463 3.470000
 464 4.370000
 465 4.370000
 466 4.370000
 467 4.370000
 468 4.350000
 469 4.150000
 470 4.080000
 471 4.080000
 472 4.270000
 473 4.300000
 474 4.270000
 475 4.270000
 476 4.270000
 477 4.250000
 478 4.250000
 479 4.220000
 480 4.220000
 481 4.200000
 482 4.200000
 483 4.170000
 484 4.200000
 485 4.170000
 486 4.150000
 487 4.150000
 488 4.150000
 489 3.050000
 490 3.120000
 491 3.120000
 492 4.120000
 493 4.110000
 494 3.270000
 495 3.300000
 496 3.320000
 497 3.250000
 498 3.230000
 499 3.260000
 500 3.370000
 501 3.370000
 502 3.400000
 503 4.030000
 504 4.030000
 505 4.010000
 506 3.980000
 507 4.010000
 508 4.010000
 509 3.980000
 510 3.980000
 511 3.980000
 512 3.960000
 513 3.960000
 514 3.960000
 515 3.600000
 516 3.110000
 517 3.090000
 518 3.210000
 519 3.180000
 520 3.080000
 521 3.180000
 522 3.140000
 523 3.110000
 524 3.100000
 525 3.070000
 526 3.080000
 527 3.080000
 528 3.100000
 529 3.100000
 530 3.080000
 531 3.060000
 532 3.050000
 533 3.040000
 534 3.040000
 535 3.020000
 536 3.050000
 537 3.060000
 538 3.060000
 539 3.090000
 540 3.040000
 541 3.040000
 542 3.070000
 543 3.060000
 544 3.020000
 545 3.040000
 546 3.060000
 547 3.060000
 548 3.040000
 549 3.010000
 550 3.050000
 551 3.080000
 552 3.060000
 553 3.060000
 554 3.090000
 555 3.110000
 556 3.110000
 557 3.080000
 558 3.090000
 559 3.080000
 560 3.090000
 561 3.120000
 562 3.110000
 563 3.120000
 564 3.150000
 565 3.210000
 566 3.130000
 567 3.180000
 568 5.660000
 569 5.850000
 570 5.910000
 571 5.960000
 572 5.980000
 573 6.010000
 574 6.070000
 575 6.080000
 576 6.080000
 577 6.110000
 578 6.100000
 579 6.100000
 580 6.120000
 581 6.110000
 582 6.140000
 583 6.130000
 584 6.130000
 585 6.140000
 586 6.150000
 587 6.150000
 588 6.170000
 589 6.170000
 590 6.170000
 591 6.200000
 592 6.190000
 593 6.190000
 594 6.180000
 595 6.220000
 596 6.210000
 597 6.220000
 598 6.240000
 599 6.240000
 600 6.240000
 601 6.270000
 602 6.270000
 603 4.480000
 604 4.330000
 605 4.310000
 606 4.350000
 607 6.310000
 608 3.240000
 609 3.220000
 610 3.220000
 611 3.360000
 612 3.520000
 613 3.970000
 614 3.690000
 615 3.690000
 616 3.690000
 617 3.690000
 618 3.690000
 619 3.690000
 620 3.710000
 621 3.690000
 622 3.310000
 623 3.410000
 624 3.710000
 625 3.710000
 626 3.740000
 627 3.740000
 628 3.710000
 629 3.710000
 630 3.660000
 631 3.660000
 632 3.660000
 633 3.660000
 634 3.690000
 635 3.690000
 636 3.690000
 637 3.690000
 638 3.690000
 639 3.710000
 640 3.710000
 641 3.740000
 642 3.710000
 643 3.740000
 644 3.740000
 645 3.740000
 646 3.760000
 647 3.760000
 648 3.760000
 649 3.760000
 650 3.760000
 651 3.760000
 652 3.730000
 653 3.690000
 654 3.660000
 655 3.430000
 656 3.150000
 657 3.270000
 658 3.520000
 659 3.480000
 660 3.450000
 661 3.400000
 662 3.380000
 663 3.080000
 664 3.080000
 665 3.050000
 666 3.050000
 667 2.990000
 668 3.060000
 669 3.150000
 670 3.010000
 671 2.930000
 672 2.960000
 673 2.990000
 674 2.980000
 675 3.020000
 676 3.040000
 677 3.040000
 678 3.040000
 679 3.040000
 680 3.070000
 681 3.100000
 682 3.070000
 683 3.080000
 684 3.080000
 685 3.090000
 686 3.120000
 687 3.120000
 688 3.170000
 689 2.940000
 690 2.790000
 691 2.730000
 692 2.740000
 693 2.750000
 694 2.760000
 695 2.730000
 696 2.730000
 697 2.660000
 698 2.670000
 699 2.660000
 700 2.620000
 701 2.590000
 702 2.540000
 703 2.530000
 704 2.410000
 705 2.480000
 706 2.460000
 707 2.410000
 708 2.380000
 709 2.380000
 710 2.330000
 711 2.230000
 712 2.260000
 713 2.230000
 714 2.270000
 715 2.240000
 716 2.230000
 717 2.160000
 718 2.210000
 719 2.250000
 720 2.210000
 721 2.130000
 722 2.220000
 723 2.200000
 724 2.170000
 725 2.060000
 726 2.030000
 727 2.010000
 728 2.100000
 729 2.120000
 730 2.070000
 731 2.040000
 732 2.040000
 733 2.020000
 734 2.050000
 735 1.930000
 736 1.900000
 737 1.870000
 738 1.860000
 739 1.830000
 740 1.800000
 741 1.920000
 742 1.920000
 743 1.870000
 744 1.760000
 745 1.760000
 746 1.780000
 747 1.820000
 748 1.750000
 749 1.700000
 750 1.800000
 751 1.660000
 752 1.740000
 753 1.740000
 754 1.720000
 755 1.690000
 756 1.630000
 757 1.660000
 758 1.660000
 759 1.560000
 760 1.500000