
 0 0.170000
 1 0.190000
 2 0.160000
 3 0.160000
 4 0.160000
 5 0.160000
 6 0.160000
 7 0.170000
 8 0.170000
 9 0.160000
 10 0.180000
 11 0.180000
 12 0.160000
 13 0.170000
 14 0.170000
 15 0.180000
 16 0.180000
 17 0.160000
 18 0.160000
 19 0.180000
 20 0.160000
 21 0.180000
 22 0.160000
 23 0.160000
 24 0.180000
 25 0.180000
 26 0.180000
 27 0.180000
 28 0.180000
 29 0.180000
 30 0.180000
 31 0.180000
 32 0.180000
 33 0.210000
 34 0.180000
 35 0.210000
 36 0.180000
 37 0.210000
 38 0.180000
 39 0.180000
 40 0.180000
 41 0.210000
 42 0.180000
 43 0.190000
 44 0.190000
 45 0.190000
 46 0.190000
 47 0.190000
 48 0.190000
 49 0.220000
 50 0.190000
 51 0.190000
 52 0.190000
 53 0.190000
 54 0.190000
 55 0.190000
 56 0.190000
 57 0.220000
 58 0.220000
 59 0.190000
 60 0.190000
 61 0.220000
 62 0.220000
 63 0.210000
 64 0.210000
 65 0.210000
 66 0.210000
 67 0.210000
 68 0.210000
 69 0.210000
 70 0.210000
 71 0.240000
 72 0.200000
 73 0.240000
 74 0.200000
 75 0.200000
 76 0.240000
 77 0.220000
 78 0.240000
 79 0.220000
 80 0.220000
 81 0.220000
 82 0.220000
 83 0.240000
 84 0.240000
 85 0.220000
 86 0.260000
 87 0.230000
 88 0.230000
 89 0.230000
 90 0.220000
 91 0.240000
 92 0.230000
 93 0.240000
 94 0.250000
 95 0.290000
 96 0.250000
 97 0.240000
 98 0.220000
 99 1.250000
 100 1.230000
 101 1.230000
 102 1.260000
 103 1.260000
 104 1.240000
 105 1.240000
 106 1.250000
 107 1.250000
 108 1.250000
 109 1.280000
 110 1.270000
 111 1.300000
 112 1.280000
 113 1.460000
 114 1.990000
 115 1.910000
 116 1.920000
 117 1.970000
 118 1.910000
 119 1.910000
 120 1.910000
 121 0.810000
 122 0.830000
 123 0.810000
 124 0.790000
 125 0.760000
 126 0.800000
 127 0.770000
 128 0.770000
 129 0.770000
 130 0.770000
 131 0.800000
 132 0.800000
 133 0.800000
 134 0.800000
 135 0.800000
 136 0.800000
 137 0.800000
 138 0.800000
 139 0.800000
 140 0.800000
 141 0.800000
 142 0.800000
 143 0.800000
 144 0.800000
 145 0.810000
 146 0.810000
 147 0.830000
 148 0.830000
 149 0.860000
 150 0.910000
 151 0.860000
 152 2.550000
 153 2.580000
 154 2.630000
 155 2.680000
 156 2.550000
 157 2.650000
 158 2.830000
 159 2.960000
 160 2.990000
 161 2.970000
 162 3.110000
 163 3.040000
 164 3.660000
 165 1.620000
 166 1.630000
 167 1.610000
 168 0.870000
 169 0.850000
 170 0.830000
 171 0.830000
 172 0.830000
 173 0.830000
 174 0.830000
 175 0.830000
 176 0.830000
 177 0.840000
 178 0.840000
 179 0.830000
 180 0.830000
 181 0.840000
 182 0.850000
 183 0.860000
 184 3.050000
 185 3.050000
 186 2.950000
 187 3.060000
 188 3.010000
 189 2.910000
 190 2.920000
 191 3.040000
 192 3.010000
 193 3.040000
 194 3.010000
 195 3.000000
 196 3.000000
 197 2.910000
 198 3.030000
 199 3.010000
 200 2.910000
 201 3.040000
 202 2.960000
 203 3.030000
 204 3.040000
 205 3.030000
 206 3.000000
 207 3.050000
 208 3.000000
 209 2.980000
 210 3.040000
 211 3.000000
 212 3.000000
 213 2.910000
 214 3.060000
 215 3.030000
 216 2.920000
 217 3.020000
 218 3.020000
 219 2.920000
 220 2.930000
 221 3.060000
 222 3.060000
 223 3.060000
 224 3.060000
 225 3.090000
 226 2.920000
 227 2.930000
 228 2.960000
 229 2.970000
 230 2.950000
 231 3.090000
 232 3.090000
 233 3.060000
 234 3.040000
 235 3.040000
 236 3.060000
 237 3.060000
 238 3.060000
 239 3.060000
 240 2.950000
 241 2.920000
 242 2.930000
 243 2.910000
 244 2.900000
 245 3.060000
 246 2.920000
 247 2.910000
 248 3.040000
 249 2.950000
 250 2.750000
 251 2.630000
 252 2.590000
 253 2.620000
 254 2.410000
 255 2.100000
 256 2.080000
 257 2.080000
 258 2.060000
 259 2.080000
 260 2.080000
 261 2.060000
 262 2.080000
 263 2.110000
 264 2.100000
 265 2.110000
 266 2.170000
 267 2.300000
 268 2.180000
 269 2.100000
 270 2.110000
 271 2.110000
 272 2.100000
 273 2.130000
 274 2.120000
 275 2.150000
 276 2.120000
 277 2.120000
 278 2.110000
 279 2.140000
 280 2.140000
 281 2.120000
 282 2.140000
 283 2.140000
 284 2.140000
 285 2.130000
 286 2.150000
 287 2.130000
 288 2.130000
 289 2.210000
 290 2.650000
 291 2.650000
 292 2.230000
 293 2.100000
 294 2.140000
 295 2.110000
 296 2.110000
 297 2.140000
 298 2.180000
 299 2.170000
 300 2.190000
 301 2.190000
 302 2.190000
 303 2.190000
 304 2.190000
 305 2.220000
 306 2.190000
 307 2.180000
 308 2.180000
 309 2.150000
 310 2.160000
 311 2.160000
 312 2.160000
 313 2.190000
 314 2.200000
 315 2.240000
 316 2.220000
 317 2.250000
 318 2.250000
 319 2.250000
 320 2.260000
 321 2.260000
 322 2.260000
 323 2.240000
 324 2.240000
 325 2.260000
 326 2.260000
 327 2.260000
 328 2.260000
 329 2.260000
 330 2.280000
 331 2.260000
 332 2.260000
 333 2.310000
 334 2.880000
 335 2.580000
 336 2.330000
 337 2.280000
 338 2.290000
 339 2.260000
 340 2.290000
 341 2.300000
 342 2.330000
 343 2.340000
 344 2.340000
 345 2.360000
 346 2.360000
 347 2.340000
 348 2.350000
 349 2.350000
 350 2.350000
 351 2.350000
 352 2.340000
 353 2.340000
 354 2.340000
 355 2.350000
 356 2.390000
 357 2.370000
 358 2.380000
 359 2.390000
 360 2.400000
 361 3.170000
 362 3.160000
 363 3.150000
 364 3.170000
 365 3.170000
 366 3.160000
 367 3.180000
 368 3.170000
 369 3.170000
 370 3.220000
 371 3.260000
 372 3.200000
 373 3.160000
 374 3.170000
 375 3.220000
 376 3.470000
 377 3.360000
 378 3.540000
 379 3.610000
 380 3.350000
 381 3.420000
 382 3.630000
 383 3.580000
 384 3.620000
 385 3.610000
 386 3.710000
 387 3.800000
 388 3.740000
 389 3.740000
 390 3.760000
 391 3.730000
 392 2.560000
 393 2.500000
 394 2.490000
 395 2.490000
 396 2.510000
 397 2.510000
 398 2.510000
 399 2.510000
 400 2.530000
 401 3.850000
 402 3.870000
 403 2.040000
 404 1.970000
 405 1.950000
 406 1.940000
 407 1.940000
 408 1.960000
 409 1.960000
 410 1.940000
 411 1.940000
 412 1.960000
 413 1.960000
 414 4.030000
 415 3.980000
 416 4.030000
 417 4.030000
 418 4.060000
 419 4.080000
 420 4.080000
 421 4.120000
 422 1.480000
 423 1.460000
 424 1.420000
 425 1.400000
 426 1.410000
 427 1.420000
 428 1.420000
 429 1.400000
 430 1.420000
 431 1.420000
 432 1.420000
 433 1.410000
 434 1.410000
 435 1.420000
 436 1.410000
 437 1.440000
 438 2.820000
 439 2.810000
 440 2.790000
 441 2.120000
 442 2.100000
 443 2.070000
 444 2.050000
 445 2.040000
 446 2.060000
 447 2.060000
 448 2.060000
 449 2.090000
 450 2.060000
 451 2.060000
 452 2.030000
 453 2.720000
 454 2.700000
 455 2.710000
 456 2.750000
 457 2.710000
 458 2.740000
 459 2.760000
 460 2.780000
 461 2.810000
 462 2.810000
 463 2.830000
 464 4.980000
 465 4.960000
 466 4.930000
 467 4.910000
 468 4.880000
 469 4.760000
 470 4.760000
 471 1.630000
 472 1.600000
 473 1.600000
 474 1.570000
 475 1.570000
 476 1.550000
 477 1.560000
 478 1.560000
 479 1.540000
 480 1.560000
 481 1.560000
 482 1.590000
 483 1.560000
 484 1.560000
 485 1.560000
 486 1.610000
 487 4.610000
 488 4.620000
 489 4.510000
 490 1.580000
 491 1.560000
 492 1.530000
 493 1.470000
 494 1.420000
 495 1.420000
 496 1.370000
 497 1.380000
 498 1.320000
 499 1.320000
 500 1.300000
 501 1.280000
 502 1.260000
 503 1.260000
 504 1.270000
 505 1.270000
 506 1.290000
 507 1.290000
 508 1.260000
 509 1.270000
 510 1.270000
 511 1.290000
 512 1.300000
 513 1.290000
 514 1.300000
 515 1.300000
 516 1.310000
 517 1.310000
 518 1.310000
 519 1.320000
 520 1.330000
 521 1.290000
 522 1.330000
 523 1.330000
 524 1.320000
 525 1.330000
 526 1.330000
 527 1.310000
 528 1.310000
 529 1.340000
 530 1.330000
 531 1.330000
 532 1.340000
 533 1.320000
 534 1.340000
 535 1.340000
 536 1.340000
 537 1.370000
 538 1.360000
 539 1.360000
 540 1.350000
 541 1.340000
 542 1.340000
 543 1.360000
 544 1.330000
 545 1.350000
 546 1.350000
 547 1.360000
 548 1.360000
 549 1.380000
 550 1.360000
 551 1.380000
 552 1.370000
 553 1.360000
 554 1.360000
 555 1.380000
 556 1.400000
 557 4.170000
 558 4.250000
 559 4.230000
 560 4.220000
 561 4.180000
 562 4.180000
 563 4.160000
 564 4.150000
 565 4.160000
 566 4.130000
 567 4.150000
 568 4.150000
 569 4.130000
 570 4.150000
 571 4.160000
 572 4.160000
 573 4.150000
 574 4.080000
 575 4.080000
 576 4.150000
 577 4.080000
 578 4.080000
 579 4.110000
 580 4.080000
 581 4.060000
 582 4.110000
 583 4.110000
 584 4.130000
 585 4.130000
 586 4.100000
 587 4.090000
 588 4.090000
 589 4.090000
 590 4.090000
 591 4.090000
 592 4.100000
 593 4.090000
 594 4.080000
 595 4.070000
 596 4.100000
 597 4.090000
 598 4.080000
 599 4.130000
 600 4.130000
 601 4.160000
 602 4.190000
 603 4.210000
 604 4.230000
 605 4.070000
 606 5.400000
 607 5.420000
 608 5.450000
 609 5.510000
 610 5.310000
 611 5.300000
 612 5.540000
 613 7.310000
 614 7.330000
 615 7.320000
 616 7.360000
 617 7.350000
 618 7.370000
 619 5.560000
 620 5.080000
 621 5.100000
 622 5.090000
 623 5.000000
 624 4.980000
 625 9.070000
 626 9.070000
 627 9.090000
 628 9.040000
 629 4.440000
 630 4.350000
 631 4.330000
 632 4.370000
 633 4.780000
 634 4.800000
 635 4.800000
 636 4.800000
 637 4.800000
 638 4.830000
 639 4.820000
 640 4.830000
 641 4.820000
 642 4.850000
 643 4.850000
 644 4.850000
 645 4.850000
 646 4.850000
 647 4.880000
 648 4.850000
 649 4.770000
 650 4.280000
 651 4.280000
 652 4.330000
 653 4.330000
 654 4.420000
 655 4.600000
 656 4.570000
 657 4.530000
 658 4.480000
 659 4.460000
 660 4.410000
 661 4.370000
 662 4.760000
 663 4.620000
 664 4.330000
 665 4.380000
 666 4.540000
 667 4.570000
 668 4.530000
 669 4.480000
 670 4.400000
 671 4.320000
 672 4.190000
 673 4.190000
 674 4.190000
 675 4.230000
 676 4.200000
 677 4.270000
 678 4.290000
 679 4.350000
 680 4.400000
 681 4.350000
 682 4.300000
 683 4.270000
 684 4.300000
 685 4.370000
 686 4.500000
 687 4.400000
 688 4.660000
 689 4.680000
 690 4.670000
 691 4.670000
 692 4.660000
 693 4.700000
 694 4.720000
 695 4.720000
 696 4.750000
 697 4.740000
 698 4.750000
 699 4.800000
 700 4.770000
 701 4.260000
 702 4.270000
 703 4.820000
 704 4.850000
 705 4.850000
 706 4.850000
 707 3.730000
 708 3.710000
 709 3.710000
 710 3.740000
 711 3.730000
 712 3.760000
 713 3.760000
 714 3.780000
 715 3.810000
 716 3.830000
 717 3.830000
 718 3.850000
 719 3.860000
 720 3.850000
 721 3.900000
 722 3.900000
 723 3.890000
 724 3.920000
 725 3.920000
 726 3.940000
 727 2.990000
 728 2.440000
 729 2.440000
 730 2.390000
 731 2.390000
 732 2.390000
 733 2.390000
 734 2.370000
 735 2.350000
 736 2.330000
 737 2.330000
 738 2.300000
 739 2.320000
 740 2.260000
 741 2.320000
 742 2.280000
 743 2.270000
 744 2.240000
 745 2.240000
 746 2.210000
 747 2.190000
 748 2.220000
 749 2.200000
 750 2.230000
 751 2.210000
 752 2.230000
 753 2.250000
 754 2.260000
 755 2.230000
 756 2.230000
 757 2.180000
 758 2.130000
 759 2.140000
 760 2.120000
 0 0.170000
 1 0.170000
 2 0.160000
 3 0.160000
 4 0.160000
 5 0.160000
 6 0.150000
 7 0.170000
 8 0.170000
 9 0.160000
 10 0.160000
 11 0.150000
 12 0.190000
 13 0.170000
 14 0.170000
 15 0.180000
 16 0.160000
 17 0.180000
 18 0.160000
 19 0.180000
 20 0.180000
 21 0.160000
 22 0.180000
 23 0.180000
 24 0.180000
 25 0.180000
 26 0.180000
 27 0.180000
 28 0.180000
 29 0.210000
 30 0.180000
 31 0.180000
 32 0.210000
 33 0.180000
 34 0.180000
 35 0.180000
 36 0.180000
 37 0.210000
 38 0.210000
 39 0.180000
 40 0.200000
 41 0.180000
 42 0.210000
 43 0.190000
 44 0.200000
 45 0.190000
 46 0.190000
 47 0.190000
 48 0.190000
 49 0.190000
 50 0.190000
 51 0.220000
 52 0.220000
 53 0.190000
 54 0.220000
 55 0.190000
 56 0.220000
 57 0.190000
 58 0.220000
 59 0.190000
 60 0.190000
 61 0.190000
 62 0.190000
 63 0.220000
 64 0.210000
 65 0.220000
 66 0.240000
 67 0.210000
 68 0.240000
 69 0.210000
 70 0.220000
 71 0.220000
 72 0.200000
 73 0.230000
 74 0.240000
 75 0.240000
 76 0.220000
 77 0.200000
 78 0.220000
 79 0.220000
 80 0.220000
 81 0.220000
 82 0.220000
 83 0.220000
 84 0.240000
 85 0.240000
 86 0.230000
 87 0.260000
 88 0.230000
 89 0.220000
 90 0.240000
 91 0.240000
 92 0.230000
 93 0.210000
 94 0.220000
 95 0.290000
 96 0.250000
 97 0.210000
 98 0.240000
 99 1.250000
 100 1.230000
 101 1.250000
 102 1.240000
 103 1.240000
 104 1.240000
 105 1.210000
 106 1.250000
 107 1.250000
 108 1.250000
 109 1.250000
 110 1.270000
 111 1.270000
 112 1.310000
 113 1.410000
 114 2.010000
 115 1.940000
 116 1.920000
 117 1.970000
 118 1.920000
 119 1.890000
 120 1.930000
 121 0.920000
 122 0.830000
 123 0.810000
 124 0.790000
 125 0.790000
 126 0.770000
 127 0.770000
 128 0.800000
 129 0.770000
 130 0.800000
 131 0.770000
 132 0.770000
 133 0.770000
 134 0.770000
 135 0.800000
 136 0.770000
 137 0.800000
 138 0.800000
 139 0.800000
 140 0.800000
 141 0.800000
 142 0.770000
 143 0.800000
 144 0.820000
 145 0.810000
 146 0.830000
 147 0.830000
 148 0.860000
 149 0.840000
 150 0.910000
 151 0.860000
 152 2.550000
 153 2.580000
 154 2.600000
 155 2.650000
 156 2.530000
 157 2.650000
 158 2.830000
 159 2.990000
 160 3.010000
 161 2.970000
 162 3.110000
 163 3.040000
 164 3.640000
 165 1.620000
 166 1.600000
 167 1.610000
 168 0.870000
 169 0.850000
 170 0.830000
 171 0.830000
 172 0.830000
 173 0.830000
 174 0.830000
 175 0.830000
 176 0.830000
 177 0.830000
 178 0.810000
 179 0.850000
 180 0.840000
 181 0.840000
 182 0.860000
 183 0.860000
 184 3.050000
 185 3.050000
 186 2.950000
 187 3.060000
 188 3.010000
 189 2.910000
 190 2.900000
 191 3.060000
 192 3.010000
 193 3.010000
 194 3.040000
 195 2.980000
 196 3.000000
 197 2.930000
 198 3.000000
 199 3.040000
 200 2.880000
 201 3.040000
 202 2.960000
 203 3.000000
 204 3.040000
 205 3.000000
 206 3.030000
 207 3.050000
 208 3.000000
 209 3.000000
 210 3.040000
 211 3.000000
 212 3.000000
 213 2.910000
 214 3.060000
 215 3.000000
 216 2.920000
 217 2.990000
 218 3.020000
 219 2.950000
 220 2.960000
 221 3.040000
 222 3.090000
 223 3.090000
 224 3.060000
 225 3.060000
 226 2.920000
 227 3.090000
 228 2.960000
 229 2.970000
 230 2.950000
 231 3.090000
 232 3.090000
 233 3.060000
 234 3.040000
 235 3.060000
 236 3.060000
 237 3.060000
 238 3.060000
 239 3.060000
 240 2.920000
 241 2.930000
 242 2.930000
 243 2.910000
 244 2.920000
 245 3.060000
 246 2.890000
 247 2.880000
 248 3.010000
 249 2.920000
 250 2.750000
 251 2.630000
 252 2.620000
 253 2.600000
 254 2.410000
 255 2.130000
 256 2.080000
 257 2.080000
 258 2.060000
 259 2.080000
 260 2.100000
 261 2.060000
 262 2.080000
 263 2.080000
 264 2.110000
 265 2.100000
 266 2.170000
 267 2.280000
 268 2.180000
 269 2.130000
 270 2.110000
 271 2.110000
 272 2.130000
 273 2.130000
 274 2.120000
 275 2.120000
 276 2.150000
 277 2.120000
 278 2.140000
 279 2.140000
 280 2.150000
 281 2.140000
 282 2.150000
 283 2.140000
 284 2.140000
 285 2.140000
 286 2.130000
 287 2.150000
 288 2.150000
 289 2.210000
 290 2.650000
 291 2.670000
 292 2.230000
 293 2.100000
 294 2.110000
 295 2.140000
 296 2.110000
 297 2.140000
 298 2.150000
 299 2.170000
 300 2.190000
 301 2.190000
 302 2.160000
 303 2.190000
 304 2.190000
 305 2.200000
 306 2.190000
 307 2.200000
 308 2.180000
 309 2.180000
 310 2.190000
 311 2.160000
 312 2.160000
 313 2.190000
 314 2.200000
 315 2.240000
 316 2.220000
 317 2.220000
 318 2.220000
 319 2.220000
 320 2.260000
 321 2.260000
 322 2.240000
 323 2.240000
 324 2.260000
 325 2.260000
 326 2.290000
 327 2.290000
 328 2.290000
 329 2.290000
 330 2.280000
 331 2.260000
 332 2.290000
 333 2.340000
 334 2.860000
 335 2.560000
 336 2.310000
 337 2.280000
 338 2.260000
 339 2.260000
 340 2.290000
 341 2.300000
 342 2.330000
 343 2.340000
 344 2.340000
 345 2.340000
 346 2.340000
 347 2.340000
 348 2.350000
 349 2.350000
 350 2.350000
 351 2.350000
 352 2.310000
 353 2.340000
 354 2.340000
 355 2.330000
 356 2.370000
 357 2.390000
 358 2.380000
 359 2.370000
 360 2.370000
 361 3.150000
 362 3.150000
 363 3.140000
 364 3.140000
 365 3.170000
 366 3.190000
 367 3.180000
 368 3.210000
 369 3.170000
 370 3.230000
 371 3.260000
 372 3.200000
 373 3.190000
 374 3.150000
 375 3.220000
 376 3.500000
 377 3.360000
 378 3.520000
 379 3.660000
 380 3.370000
 381 3.400000
 382 3.630000
 383 3.590000
 384 3.610000
 385 3.610000
 386 3.720000
 387 3.770000
 388 3.770000
 389 3.720000
 390 3.730000
 391 3.740000
 392 2.560000
 393 2.500000
 394 2.490000
 395 2.490000
 396 2.490000
 397 2.510000
 398 2.510000
 399 2.500000
 400 2.550000
 401 3.850000
 402 3.870000
 403 2.010000
 404 1.970000
 405 1.950000
 406 1.940000
 407 1.940000
 408 1.940000
 409 1.960000
 410 1.940000
 411 1.940000
 412 1.960000
 413 1.970000
 414 4.010000
 415 4.010000
 416 4.030000
 417 4.030000
 418 4.060000
 419 4.060000
 420 4.080000
 421 4.120000
 422 1.480000
 423 1.440000
 424 1.450000
 425 1.420000
 426 1.390000
 427 1.400000
 428 1.420000
 429 1.420000
 430 1.400000
 431 1.420000
 432 1.420000
 433 1.410000
 434 1.410000
 435 1.420000
 436 1.410000
 437 1.410000
 438 2.790000
 439 2.780000
 440 2.790000
 441 2.120000
 442 2.100000
 443 2.100000
 444 2.080000
 445 2.090000
 446 2.060000
 447 2.060000
 448 2.090000
 449 2.060000
 450 2.090000
 451 2.090000
 452 2.200000
 453 2.720000
 454 2.700000
 455 2.740000
 456 2.740000
 457 2.740000
 458 2.740000
 459 2.740000
 460 2.810000
 461 2.810000
 462 2.820000
 463 2.830000
 464 4.980000
 465 4.960000
 466 4.930000
 467 4.910000
 468 4.880000
 469 4.760000
 470 4.780000
 471 1.610000
 472 1.600000
 473 1.600000
 474 1.570000
 475 1.550000
 476 1.550000
 477 1.560000
 478 1.560000
 479 1.560000
 480 1.590000
 481 1.560000
 482 1.560000
 483 1.590000
 484 1.560000
 485 1.590000
 486 1.610000
 487 4.610000
 488 4.620000
 489 4.530000
 490 1.560000
 491 1.560000
 492 1.560000
 493 1.490000
 494 1.420000
 495 1.400000
 496 1.400000
 497 1.380000
 498 1.320000
 499 1.300000
 500 1.300000
 501 1.280000
 502 1.280000
 503 1.280000
 504 1.270000
 505 1.290000
 506 1.290000
 507 1.290000
 508 1.270000
 509 1.270000
 510 1.280000
 511 1.270000
 512 1.260000
 513 1.300000
 514 1.330000
 515 1.300000
 516 1.310000
 517 1.310000
 518 1.310000
 519 1.320000
 520 1.300000
 521 1.300000
 522 1.300000
 523 1.300000
 524 1.320000
 525 1.330000
 526 1.330000
 527 1.330000
 528 1.300000
 529 1.340000
 530 1.330000
 531 1.330000
 532 1.340000
 533 1.330000
 534 1.340000
 535 1.340000
 536 1.340000
 537 1.340000
 538 1.360000
 539 1.360000
 540 1.390000
 541 1.360000
 542 1.340000
 543 1.360000
 544 1.360000
 545 1.360000
 546 1.350000
 547 1.360000
 548 1.360000
 549 1.380000
 550 1.360000
 551 1.380000
 552 1.360000
 553 1.380000
 554 1.380000
 555 1.380000
 556 1.350000
 557 4.170000
 558 4.250000
 559 4.260000
 560 4.220000
 561 4.180000
 562 4.160000
 563 4.150000
 564 4.130000
 565 4.150000
 566 4.160000
 567 4.130000
 568 4.140000
 569 4.130000
 570 4.170000
 571 4.110000
 572 4.150000
 573 4.150000
 574 4.080000
 575 4.080000
 576 4.120000
 577 4.140000
 578 4.080000
 579 4.110000
 580 4.080000
 581 4.060000
 582 4.120000
 583 4.140000
 584 4.130000
 585 4.130000
 586 4.110000
 587 4.080000
 588 4.090000
 589 4.090000
 590 4.090000
 591 4.100000
 592 4.100000
 593 4.090000
 594 4.070000
 595 4.070000
 596 4.110000
 597 4.110000
 598 4.110000
 599 4.130000
 600 4.130000
 601 4.130000
 602 4.170000
 603 4.210000
 604 4.210000
 605 4.100000
 606 5.410000
 607 5.410000
 608 5.450000
 609 5.470000
 610 5.300000
 611 5.310000
 612 5.540000
 613 7.330000
 614 7.320000
 615 7.320000
 616 7.320000
 617 7.350000
 618 7.370000
 619 5.530000
 620 5.090000
 621 5.070000
 622 5.090000
 623 5.000000
 624 5.010000
 625 9.070000
 626 9.120000
 627 9.070000
 628 9.020000
 629 4.470000
 630 4.320000
 631 4.310000
 632 4.400000
 633 4.780000
 634 4.800000
 635 4.800000
 636 4.800000
 637 4.800000
 638 4.830000
 639 4.820000
 640 4.830000
 641 4.820000
 642 4.830000
 643 4.850000
 644 4.850000
 645 4.850000
 646 4.870000
 647 4.870000
 648 4.880000
 649 4.750000
 650 4.280000
 651 4.260000
 652 4.330000
 653 4.330000
 654 4.390000
 655 4.600000
 656 4.560000
 657 4.530000
 658 4.480000
 659 4.430000
 660 4.410000
 661 4.370000
 662 4.760000
 663 4.600000
 664 4.340000
 665 4.380000
 666 4.490000
 667 4.550000
 668 4.540000
 669 4.480000
 670 4.400000
 671 4.300000
 672 4.200000
 673 4.200000
 674 4.210000
 675 4.230000
 676 4.210000
 677 4.240000
 678 4.270000
 679 4.350000
 680 4.430000
 681 4.350000
 682 4.310000
 683 4.300000
 684 4.300000
 685 4.370000
 686 4.470000
 687 4.400000
 688 4.660000
 689 4.650000
 690 4.670000
 691 4.680000
 692 4.680000
 693 4.700000
 694 4.700000
 695 4.750000
 696 4.750000
 697 4.750000
 698 4.770000
 699 4.770000
 700 4.800000
 701 4.260000
 702 4.270000
 703 4.820000
 704 4.820000
 705 4.850000
 706 4.850000
 707 3.750000
 708 3.710000
 709 3.710000
 710 3.730000
 711 3.740000
 712 3.780000
 713 3.780000
 714 3.780000
 715 3.810000
 716 3.810000
 717 3.830000
 718 3.860000
 719 3.860000
 720 3.870000
 721 3.870000
 722 3.900000
 723 3.900000
 724 3.920000
 725 3.940000
 726 3.940000
 727 2.990000
 728 2.480000
 729 2.440000
 730 2.410000
 731 2.390000
 732 2.390000
 733 2.370000
 734 2.340000
 735 2.350000
 736 2.350000
 737 2.350000
 738 2.270000
 739 2.330000
 740 2.260000
 741 2.350000
 742 2.280000
 743 2.240000
 744 2.230000
 745 2.240000
 746 2.210000
 747 2.190000
 748 2.220000
 749 2.230000
 750 2.210000
 751 2.210000
 752 2.230000
 753 2.270000
 754 2.260000
 755 2.230000
 756 2.230000
 757 2.180000
 758 2.160000
 759 2.140000
 760 2.120000
 0 0.170000
 1 0.160000
 2 0.160000
 3 0.180000
 4 0.160000
 5 0.180000
 6 0.150000
 7 0.170000
 8 0.160000
 9 0.190000
 10 0.150000
 11 0.190000
 12 0.160000
 13 0.160000
 14 0.170000
 15 0.170000
 16 0.180000
 17 0.180000
 18 0.160000
 19 0.180000
 20 0.160000
 21 0.180000
 22 0.180000
 23 0.160000
 24 0.180000
 25 0.180000
 26 0.180000
 27 0.210000
 28 0.180000
 29 0.180000
 30 0.180000
 31 0.180000
 32 0.180000
 33 0.180000
 34 0.210000
 35 0.210000
 36 0.180000
 37 0.180000
 38 0.200000
 39 0.200000
 40 0.200000
 41 0.210000
 42 0.180000
 43 0.170000
 44 0.190000
 45 0.190000
 46 0.200000
 47 0.190000
 48 0.190000
 49 0.190000
 50 0.190000
 51 0.220000
 52 0.210000
 53 0.220000
 54 0.220000
 55 0.190000
 56 0.190000
 57 0.210000
 58 0.190000
 59 0.220000
 60 0.190000
 61 0.220000
 62 0.220000
 63 0.220000
 64 0.210000
 65 0.200000
 66 0.210000
 67 0.220000
 68 0.190000
 69 0.210000
 70 0.210000
 71 0.210000
 72 0.230000
 73 0.230000
 74 0.200000
 75 0.210000
 76 0.210000
 77 0.210000
 78 0.220000
 79 0.210000
 80 0.220000
 81 0.220000
 82 0.240000
 83 0.220000
 84 0.220000
 85 0.240000
 86 0.220000
 87 0.230000
 88 0.230000
 89 0.260000
 90 0.250000
 91 0.240000
 92 0.230000
 93 0.210000
 94 0.250000
 95 0.290000
 96 0.220000
 97 0.210000
 98 0.220000
 99 1.250000
 100 1.250000
 101 1.250000
 102 1.260000
 103 1.240000
 104 1.260000
 105 1.240000
 106 1.250000
 107 1.250000
 108 1.250000
 109 1.250000
 110 1.270000
 111 1.300000
 112 1.280000
 113 1.460000
 114 1.990000
 115 1.940000
 116 1.900000
 117 1.970000
 118 1.910000
 119 1.890000
 120 1.910000
 121 0.900000
 122 0.830000
 123 0.810000
 124 0.790000
 125 0.760000
 126 0.800000
 127 0.800000
 128 0.770000
 129 0.800000
 130 0.800000
 131 0.800000
 132 0.770000
 133 0.770000
 134 0.800000
 135 0.770000
 136 0.770000
 137 0.800000
 138 0.770000
 139 0.800000
 140 0.770000
 141 0.800000
 142 0.800000
 143 0.820000
 144 0.820000
 145 0.810000
 146 0.810000
 147 0.830000
 148 0.860000
 149 0.860000
 150 0.890000
 151 0.880000
 152 2.550000
 153 2.580000
 154 2.630000
 155 2.650000
 156 2.550000
 157 2.650000
 158 2.830000
 159 2.990000
 160 3.010000
 161 2.970000
 162 3.140000
 163 3.040000
 164 3.660000
 165 1.590000
 166 1.630000
 167 1.600000
 168 0.880000
 169 0.850000
 170 0.830000
 171 0.830000
 172 0.830000
 173 0.830000
 174 0.830000
 175 0.830000
 176 0.830000
 177 0.830000
 178 0.810000
 179 0.830000
 180 0.830000
 181 0.840000
 182 0.880000
 183 0.860000
 184 3.050000
 185 3.070000
 186 2.980000
 187 3.050000
 188 3.010000
 189 2.910000
 190 2.920000
 191 3.040000
 192 3.040000
 193 3.040000
 194 3.010000
 195 2.980000
 196 3.000000
 197 2.910000
 198 3.030000
 199 3.040000
 200 2.910000
 201 3.040000
 202 2.960000
 203 3.030000
 204 3.040000
 205 3.030000
 206 3.030000
 207 2.910000
 208 3.000000
 209 3.000000
 210 3.040000
 211 3.000000
 212 3.000000
 213 2.910000
 214 3.060000
 215 3.030000
 216 2.920000
 217 3.020000
 218 3.050000
 219 2.950000
 220 2.930000
 221 3.060000
 222 3.090000
 223 3.060000
 224 3.040000
 225 3.090000
 226 2.950000
 227 3.090000
 228 2.960000
 229 2.920000
 230 2.940000
 231 3.090000
 232 3.090000
 233 3.090000
 234 3.040000
 235 3.060000
 236 3.060000
 237 3.060000
 238 3.040000
 239 3.040000
 240 2.950000
 241 2.920000
 242 2.930000
 243 2.890000
 244 2.920000
 245 3.060000
 246 2.920000
 247 2.910000
 248 3.040000
 249 2.920000
 250 2.750000
 251 2.610000
 252 2.620000
 253 2.620000
 254 2.410000
 255 2.100000
 256 2.050000
 257 2.080000
 258 2.060000
 259 2.060000
 260 2.100000
 261 2.080000
 262 2.080000
 263 2.080000
 264 2.080000
 265 2.100000
 266 2.170000
 267 2.280000
 268 2.200000
 269 2.100000
 270 2.140000
 271 2.100000
 272 2.130000
 273 2.130000
 274 2.150000
 275 2.120000
 276 2.150000
 277 2.140000
 278 2.110000
 279 2.140000
 280 2.140000
 281 2.150000
 282 2.170000
 283 2.150000
 284 2.160000
 285 2.140000
 286 2.130000
 287 2.150000
 288 2.150000
 289 2.210000
 290 2.650000
 291 2.650000
 292 2.230000
 293 2.100000
 294 2.110000
 295 2.110000
 296 2.140000
 297 2.160000
 298 2.180000
 299 2.170000
 300 2.160000
 301 2.190000
 302 2.190000
 303 2.190000
 304 2.190000
 305 2.190000
 306 2.190000
 307 2.200000
 308 2.180000
 309 2.150000
 310 2.160000
 311 2.160000
 312 2.160000
 313 2.160000
 314 2.200000
 315 2.240000
 316 2.220000
 317 2.220000
 318 2.220000
 319 2.250000
 320 2.240000
 321 2.240000
 322 2.260000
 323 2.260000
 324 2.260000
 325 2.260000
 326 2.290000
 327 2.290000
 328 2.260000
 329 2.250000
 330 2.280000
 331 2.260000
 332 2.290000
 333 2.310000
 334 2.880000
 335 2.530000
 336 2.330000
 337 2.280000
 338 2.260000
 339 2.260000
 340 2.290000
 341 2.300000
 342 2.330000
 343 2.340000
 344 2.310000
 345 2.340000
 346 2.340000
 347 2.340000
 348 2.350000
 349 2.330000
 350 2.350000
 351 2.330000
 352 2.340000
 353 2.340000
 354 2.340000
 355 2.350000
 356 2.400000
 357 2.390000
 358 2.380000
 359 2.380000
 360 2.400000
 361 3.150000
 362 3.180000
 363 3.160000
 364 3.140000
 365 3.190000
 366 3.160000
 367 3.180000
 368 3.210000
 369 3.170000
 370 3.250000
 371 3.280000
 372 3.170000
 373 3.180000
 374 3.150000
 375 3.210000
 376 3.510000
 377 3.360000
 378 3.520000
 379 3.720000
 380 3.370000
 381 3.390000
 382 3.630000
 383 3.600000
 384 3.610000
 385 3.630000
 386 3.720000
 387 3.800000
 388 3.770000
 389 3.720000
 390 3.760000
 391 3.740000
 392 2.560000
 393 2.500000
 394 2.510000
 395 2.510000
 396 2.490000
 397 2.510000
 398 2.510000
 399 2.500000
 400 2.550000
 401 3.850000
 402 3.870000
 403 2.040000
 404 1.970000
 405 1.930000
 406 1.940000
 407 1.940000
 408 1.960000
 409 1.940000
 410 1.940000
 411 1.940000
 412 1.940000
 413 1.960000
 414 4.010000
 415 3.980000
 416 4.160000
 417 4.030000
 418 4.060000
 419 4.080000
 420 4.080000
 421 4.150000
 422 1.460000
 423 1.460000
 424 1.420000
 425 1.420000
 426 1.390000
 427 1.400000
 428 1.400000
 429 1.420000
 430 1.420000
 431 1.420000
 432 1.410000
 433 1.410000
 434 1.410000
 435 1.420000
 436 1.410000
 437 1.440000
 438 2.790000
 439 2.810000
 440 2.790000
 441 2.120000
 442 2.100000
 443 2.070000
 444 2.050000
 445 2.060000
 446 2.060000
 447 2.090000
 448 2.090000
 449 2.090000
 450 2.090000
 451 2.090000
 452 2.200000
 453 2.750000
 454 2.700000
 455 2.710000
 456 2.710000
 457 2.740000
 458 2.740000
 459 2.740000
 460 2.780000
 461 2.810000
 462 2.820000
 463 2.830000
 464 4.980000
 465 4.930000
 466 4.910000
 467 4.910000
 468 4.910000
 469 4.760000
 470 4.780000
 471 1.610000
 472 1.600000
 473 1.600000
 474 1.570000
 475 1.570000
 476 1.550000
 477 1.550000
 478 1.560000
 479 1.560000
 480 1.560000
 481 1.560000
 482 1.560000
 483 1.560000
 484 1.590000
 485 1.590000
 486 1.610000
 487 4.610000
 488 4.620000
 489 4.530000
 490 1.580000
 491 1.530000
 492 1.560000
 493 1.490000
 494 1.420000
 495 1.400000
 496 1.400000
 497 1.380000
 498 1.320000
 499 1.320000
 500 1.270000
 501 1.280000
 502 1.280000
 503 1.290000
 504 1.270000
 505 1.270000
 506 1.290000
 507 1.290000
 508 1.290000
 509 1.270000
 510 1.270000
 511 1.260000
 512 1.310000
 513 1.300000
 514 1.300000
 515 1.310000
 516 1.290000
 517 1.310000
 518 1.310000
 519 1.290000
 520 1.300000
 521 1.310000
 522 1.330000
 523 1.330000
 524 1.310000
 525 1.330000
 526 1.330000
 527 1.330000
 528 1.330000
 529 1.330000
 530 1.330000
 531 1.330000
 532 1.340000
 533 1.340000
 534 1.340000
 535 1.320000
 536 1.340000
 537 1.340000
 538 1.370000
 539 1.340000
 540 1.330000
 541 1.360000
 542 1.360000
 543 1.370000
 544 1.330000
 545 1.360000
 546 1.350000
 547 1.340000
 548 1.340000
 549 1.350000
 550 1.360000
 551 1.350000
 552 1.360000
 553 1.390000
 554 1.380000
 555 1.380000
 556 1.370000
 557 4.170000
 558 4.260000
 559 4.260000
 560 4.190000
 561 4.180000
 562 4.180000
 563 4.150000
 564 4.120000
 565 4.160000
 566 4.130000
 567 4.150000
 568 4.120000
 569 4.130000
 570 4.150000
 571 4.160000
 572 4.170000
 573 4.150000
 574 4.080000
 575 4.080000
 576 4.150000
 577 4.130000
 578 4.080000
 579 4.080000
 580 4.080000
 581 4.130000
 582 4.110000
 583 4.130000
 584 4.160000
 585 4.130000
 586 4.100000
 587 4.090000
 588 4.090000
 589 4.090000
 590 4.080000
 591 4.100000
 592 4.100000
 593 4.080000
 594 4.080000
 595 4.100000
 596 4.100000
 597 4.090000
 598 4.080000
 599 4.130000
 600 4.130000
 601 4.160000
 602 4.170000
 603 4.210000
 604 4.210000
 605 4.070000
 606 5.400000
 607 5.450000
 608 5.430000
 609 5.500000
 610 5.310000
 611 5.310000
 612 5.570000
 613 7.320000
 614 7.320000
 615 7.320000
 616 7.350000
 617 7.350000
 618 7.370000
 619 5.530000
 620 5.110000
 621 5.100000
 622 5.070000
 623 5.000000
 624 5.020000
 625 9.080000
 626 9.090000
 627 9.070000
 628 9.020000
 629 4.470000
 630 4.350000
 631 4.330000
 632 4.400000
 633 4.800000
 634 4.800000
 635 4.800000
 636 4.800000
 637 4.830000
 638 4.800000
 639 4.850000
 640 4.820000
 641 4.820000
 642 4.850000
 643 4.820000
 644 4.850000
 645 4.880000
 646 4.870000
 647 4.850000
 648 4.880000
 649 4.720000
 650 4.260000
 651 4.280000
 652 4.330000
 653 4.330000
 654 4.420000
 655 4.600000
 656 4.570000
 657 4.510000
 658 4.480000
 659 4.430000
 660 4.410000
 661 4.370000
 662 4.780000
 663 4.600000
 664 4.340000
 665 4.360000
 666 4.510000
 667 4.570000
 668 4.510000
 669 4.480000
 670 4.420000
 671 4.320000
 672 4.230000
 673 4.160000
 674 4.190000
 675 4.230000
 676 4.210000
 677 4.240000
 678 4.270000
 679 4.350000
 680 4.420000
 681 4.350000
 682 4.300000
 683 4.270000
 684 4.320000
 685 4.370000
 686 4.460000
 687 4.400000
 688 4.650000
 689 4.650000
 690 4.670000
 691 4.670000
 692 4.670000
 693 4.700000
 694 4.700000
 695 4.720000
 696 4.750000
 697 4.750000
 698 4.750000
 699 4.770000
 700 4.770000
 701 4.260000
 702 4.250000
 703 4.820000
 704 4.820000
 705 4.850000
 706 4.850000
 707 3.720000
 708 3.710000
 709 3.710000
 710 3.710000
 711 3.730000
 712 3.760000
 713 3.780000
 714 3.810000
 715 3.810000
 716 3.810000
 717 3.830000
 718 3.860000
 719 3.850000
 720 3.880000
 721 3.870000
 722 3.900000
 723 3.890000
 724 3.920000
 725 3.940000
 726 3.970000
 727 3.050000
 728 2.470000
 729 2.440000
 730 2.390000
 731 2.390000
 732 2.360000
 733 2.390000
 734 2.370000
 735 2.350000
 736 2.350000
 737 2.350000
 738 2.270000
 739 2.330000
 740 2.260000
 741 2.350000
 742 2.280000
 743 2.270000
 744 2.230000
 745 2.240000
 746 2.210000
 747 2.220000
 748 2.190000
 749 2.210000
 750 2.210000
 751 2.210000
 752 2.210000
 753 2.270000
 754 2.260000
 755 2.230000
 756 2.240000
 757 2.180000
 758 2.160000
 759 2.140000
 760 2.110000
 0 0.170000
 1 0.170000
 2 0.160000
 3 0.160000
 4 0.160000
 5 0.160000
 6 0.180000
 7 0.140000
 8 0.140000
 9 0.150000
 10 0.150000
 11 0.180000
 12 0.150000
 13 0.160000
 14 0.170000
 15 0.180000
 16 0.160000
 17 0.160000
 18 0.180000
 19 0.180000
 20 0.180000
 21 0.160000
 22 0.180000
 23 0.180000
 24 0.180000
 25 0.180000
 26 0.180000
 27 0.180000
 28 0.210000
 29 0.210000
 30 0.210000
 31 0.180000
 32 0.180000
 33 0.180000
 34 0.180000
 35 0.180000
 36 0.210000
 37 0.210000
 38 0.210000
 39 0.180000
 40 0.180000
 41 0.200000
 42 0.200000
 43 0.170000
 44 0.190000
 45 0.190000
 46 0.190000
 47 0.190000
 48 0.190000
 49 0.190000
 50 0.190000
 51 0.190000
 52 0.210000
 53 0.190000
 54 0.190000
 55 0.190000
 56 0.220000
 57 0.220000
 58 0.190000
 59 0.220000
 60 0.190000
 61 0.190000
 62 0.190000
 63 0.220000
 64 0.220000
 65 0.210000
 66 0.220000
 67 0.210000
 68 0.240000
 69 0.210000
 70 0.210000
 71 0.200000
 72 0.240000
 73 0.240000
 74 0.210000
 75 0.210000
 76 0.240000
 77 0.240000
 78 0.210000
 79 0.210000
 80 0.220000
 81 0.230000
 82 0.210000
 83 0.210000
 84 0.240000
 85 0.220000
 86 0.230000
 87 0.240000
 88 0.230000
 89 0.260000
 90 0.240000
 91 0.240000
 92 0.200000
 93 0.210000
 94 0.230000
 95 0.320000
 96 0.220000
 97 0.210000
 98 0.240000
 99 1.250000
 100 1.250000
 101 1.230000
 102 1.240000
 103 1.240000
 104 1.260000
 105 1.240000
 106 1.230000
 107 1.250000
 108 1.250000
 109 1.280000
 110 1.300000
 111 1.300000
 112 1.280000
 113 1.610000
 114 2.020000
 115 1.920000
 116 1.910000
 117 1.970000
 118 1.940000
 119 1.890000
 120 1.930000
 121 0.930000
 122 0.810000
 123 0.810000
 124 0.790000
 125 0.790000
 126 0.770000
 127 0.770000
 128 0.800000
 129 0.800000
 130 0.800000
 131 0.800000
 132 0.800000
 133 0.800000
 134 0.770000
 135 0.800000
 136 0.770000
 137 0.800000
 138 0.800000
 139 0.800000
 140 0.800000
 141 0.800000
 142 0.820000
 143 0.800000
 144 0.820000
 145 0.810000
 146 0.810000
 147 0.830000
 148 0.830000
 149 0.860000
 150 0.890000
 151 0.860000
 152 2.550000
 153 2.580000
 154 2.630000
 155 2.680000
 156 2.550000
 157 2.650000
 158 2.830000
 159 2.960000
 160 2.990000
 161 2.970000
 162 3.110000
 163 3.060000
 164 3.640000
 165 1.620000
 166 1.620000
 167 1.610000
 168 0.880000
 169 0.850000
 170 0.830000
 171 0.830000
 172 0.830000
 173 0.830000
 174 0.830000
 175 0.830000
 176 0.830000
 177 0.840000
 178 0.840000
 179 0.830000
 180 0.840000
 181 0.840000
 182 0.880000
 183 0.830000
 184 3.050000
 185 3.070000
 186 2.950000
 187 3.060000
 188 3.010000
 189 2.920000
 190 2.920000
 191 3.060000
 192 3.010000
 193 3.010000
 194 3.010000
 195 3.000000
 196 3.000000
 197 2.880000
 198 3.000000
 199 3.040000
 200 2.880000
 201 3.040000
 202 2.960000
 203 3.030000
 204 3.040000
 205 3.000000
 206 3.030000
 207 3.050000
 208 3.000000
 209 3.000000
 210 3.040000
 211 3.000000
 212 3.000000
 213 2.910000
 214 3.060000
 215 3.030000
 216 2.920000
 217 3.020000
 218 3.020000
 219 2.920000
 220 2.930000
 221 3.060000
 222 3.060000
 223 3.060000
 224 3.060000
 225 3.090000
 226 2.950000
 227 3.090000
 228 2.960000
 229 2.940000
 230 2.920000
 231 3.090000
 232 3.060000
 233 3.060000
 234 3.060000
 235 3.060000
 236 3.040000
 237 3.040000
 238 3.060000
 239 3.060000
 240 2.950000
 241 2.960000
 242 2.930000
 243 2.890000
 244 2.920000
 245 3.060000
 246 2.890000
 247 2.910000
 248 3.040000
 249 2.950000
 250 2.750000
 251 2.640000
 252 2.620000
 253 2.600000
 254 2.380000
 255 2.130000
 256 2.080000
 257 2.070000
 258 2.060000
 259 2.110000
 260 2.080000
 261 2.080000
 262 2.060000
 263 2.080000
 264 2.080000
 265 2.100000
 266 2.170000
 267 2.280000
 268 2.180000
 269 2.130000
 270 2.110000
 271 2.110000
 272 2.100000
 273 2.130000
 274 2.150000
 275 2.150000
 276 2.150000
 277 2.150000
 278 2.140000
 279 2.110000
 280 2.140000
 281 2.170000
 282 2.150000
 283 2.150000
 284 2.140000
 285 2.150000
 286 2.130000
 287 2.150000
 288 2.150000
 289 2.210000
 290 2.650000
 291 2.650000
 292 2.200000
 293 2.130000
 294 2.140000
 295 2.110000
 296 2.110000
 297 2.140000
 298 2.150000
 299 2.170000
 300 2.160000
 301 2.190000
 302 2.190000
 303 2.190000
 304 2.190000
 305 2.190000
 306 2.190000
 307 2.200000
 308 2.180000
 309 2.180000
 310 2.160000
 311 2.160000
 312 2.160000
 313 2.160000
 314 2.200000
 315 2.240000
 316 2.220000
 317 2.250000
 318 2.250000
 319 2.220000
 320 2.240000
 321 2.260000
 322 2.240000
 323 2.260000
 324 2.260000
 325 2.260000
 326 2.260000
 327 2.260000
 328 2.260000
 329 2.290000
 330 2.280000
 331 2.290000
 332 2.260000
 333 2.310000
 334 2.880000
 335 2.560000
 336 2.330000
 337 2.280000
 338 2.260000
 339 2.260000
 340 2.290000
 341 2.300000
 342 2.300000
 343 2.310000
 344 2.310000
 345 2.340000
 346 2.340000
 347 2.340000
 348 2.350000
 349 2.330000
 350 2.350000
 351 2.330000
 352 2.310000
 353 2.340000
 354 2.360000
 355 2.350000
 356 2.370000
 357 2.390000
 358 2.380000
 359 2.400000
 360 2.370000
 361 3.150000
 362 3.160000
 363 3.160000
 364 3.170000
 365 3.170000
 366 3.160000
 367 3.180000
 368 3.180000
 369 3.200000
 370 3.220000
 371 3.260000
 372 3.160000
 373 3.180000
 374 3.150000
 375 3.210000
 376 3.500000
 377 3.360000
 378 3.490000
 379 3.630000
 380 3.370000
 381 3.390000
 382 3.630000
 383 3.570000
 384 3.620000
 385 3.630000
 386 3.720000
 387 3.790000
 388 3.740000
 389 3.720000
 390 3.730000
 391 3.730000
 392 2.560000
 393 2.500000
 394 2.510000
 395 2.510000
 396 2.510000
 397 2.510000
 398 2.510000
 399 2.500000
 400 2.580000
 401 3.850000
 402 3.860000
 403 2.020000
 404 1.970000
 405 1.950000
 406 1.940000
 407 1.960000
 408 1.940000
 409 1.940000
 410 1.960000
 411 1.960000
 412 1.940000
 413 1.950000
 414 3.980000
 415 4.010000
 416 4.130000
 417 4.060000
 418 4.060000
 419 4.060000
 420 4.080000
 421 4.120000
 422 1.460000
 423 1.470000
 424 1.420000
 425 1.420000
 426 1.410000
 427 1.420000
 428 1.400000
 429 1.400000
 430 1.420000
 431 1.420000
 432 1.410000
 433 1.390000
 434 1.410000
 435 1.420000
 436 1.410000
 437 1.430000
 438 2.790000
 439 2.810000
 440 2.790000
 441 2.120000
 442 2.100000
 443 2.070000
 444 2.080000
 445 2.060000
 446 2.060000
 447 2.060000
 448 2.060000
 449 2.090000
 450 2.060000
 451 2.090000
 452 2.200000
 453 2.750000
 454 2.700000
 455 2.710000
 456 2.710000
 457 2.710000
 458 2.740000
 459 2.760000
 460 2.810000
 461 2.840000
 462 2.820000
 463 2.830000
 464 4.960000
 465 4.930000
 466 4.910000
 467 4.910000
 468 4.880000
 469 4.760000
 470 4.760000
 471 1.610000
 472 1.600000
 473 1.570000
 474 1.570000
 475 1.570000
 476 1.550000
 477 1.550000
 478 1.560000
 479 1.540000
 480 1.560000
 481 1.560000
 482 1.590000
 483 1.560000
 484 1.590000
 485 1.590000
 486 1.610000
 487 4.610000
 488 4.620000
 489 4.530000
 490 1.580000
 491 1.530000
 492 1.530000
 493 1.470000
 494 1.400000
 495 1.400000
 496 1.400000
 497 1.380000
 498 1.320000
 499 1.300000
 500 1.300000
 501 1.280000
 502 1.280000
 503 1.260000
 504 1.270000
 505 1.270000
 506 1.290000
 507 1.260000
 508 1.290000
 509 1.270000
 510 1.280000
 511 1.260000
 512 1.310000
 513 1.310000
 514 1.300000
 515 1.300000
 516 1.310000
 517 1.310000
 518 1.310000
 519 1.320000
 520 1.330000
 521 1.310000
 522 1.330000
 523 1.300000
 524 1.340000
 525 1.310000
 526 1.310000
 527 1.330000
 528 1.330000
 529 1.330000
 530 1.330000
 531 1.350000
 532 1.340000
 533 1.340000
 534 1.340000
 535 1.340000
 536 1.340000
 537 1.340000
 538 1.340000
 539 1.360000
 540 1.340000
 541 1.360000
 542 1.360000
 543 1.360000
 544 1.330000
 545 1.330000
 546 1.350000
 547 1.360000
 548 1.340000
 549 1.360000
 550 1.330000
 551 1.350000
 552 1.350000
 553 1.380000
 554 1.360000
 555 1.380000
 556 1.370000
 557 4.170000
 558 4.250000
 559 4.230000
 560 4.220000
 561 4.160000
 562 4.160000
 563 4.160000
 564 4.120000
 565 4.160000
 566 4.140000
 567 4.130000
 568 4.150000
 569 4.100000
 570 4.140000
 571 4.080000
 572 4.080000
 573 4.150000
 574 4.080000
 575 4.080000
 576 4.110000
 577 4.080000
 578 4.080000
 579 4.110000
 580 4.080000
 581 4.080000
 582 4.120000
 583 4.130000
 584 4.130000
 585 4.120000
 586 4.100000
 587 4.080000
 588 4.120000
 589 4.090000
 590 4.080000
 591 4.100000
 592 4.100000
 593 4.080000
 594 4.070000
 595 4.070000
 596 4.100000
 597 4.090000
 598 4.080000
 599 4.130000
 600 4.160000
 601 4.130000
 602 4.170000
 603 4.210000
 604 4.210000
 605 4.070000
 606 5.390000
 607 5.440000
 608 5.460000
 609 5.510000
 610 5.280000
 611 5.300000
 612 5.540000
 613 7.310000
 614 7.320000
 615 7.350000
 616 7.350000
 617 7.370000
 618 7.370000
 619 5.530000
 620 5.110000
 621 5.070000
 622 5.070000
 623 4.970000
 624 4.980000
 625 9.090000
 626 9.120000
 627 9.140000
 628 9.090000
 629 4.470000
 630 4.350000
 631 4.330000
 632 4.400000
 633 4.780000
 634 4.800000
 635 4.830000
 636 4.800000
 637 4.800000
 638 4.820000
 639 4.820000
 640 4.820000
 641 4.850000
 642 4.820000
 643 4.850000
 644 4.850000
 645 4.850000
 646 4.870000
 647 4.850000
 648 4.900000
 649 4.720000
 650 4.260000
 651 4.260000
 652 4.330000
 653 4.290000
 654 4.390000
 655 4.600000
 656 4.570000
 657 4.530000
 658 4.450000
 659 4.430000
 660 4.430000
 661 4.370000
 662 4.760000
 663 4.580000
 664 4.310000
 665 4.380000
 666 4.510000
 667 4.570000
 668 4.510000
 669 4.480000
 670 4.400000
 671 4.300000
 672 4.220000
 673 4.180000
 674 4.220000
 675 4.210000
 676 4.210000
 677 4.240000
 678 4.290000
 679 4.320000
 680 4.420000
 681 4.350000
 682 4.300000
 683 4.290000
 684 4.320000
 685 4.400000
 686 4.460000
 687 4.400000
 688 4.660000
 689 4.680000
 690 4.670000
 691 4.670000
 692 4.660000
 693 4.700000
 694 4.700000
 695 4.720000
 696 4.720000
 697 4.750000
 698 4.750000
 699 4.770000
 700 4.800000
 701 4.260000
 702 4.250000
 703 4.820000
 704 4.850000
 705 4.850000
 706 4.870000
 707 3.730000
 708 3.710000
 709 3.710000
 710 3.730000
 711 3.760000
 712 3.760000
 713 3.780000
 714 3.780000
 715 3.810000
 716 3.830000
 717 3.830000
 718 3.830000
 719 3.860000
 720 3.860000
 721 3.900000
 722 3.900000
 723 3.900000
 724 3.920000
 725 3.920000
 726 3.970000
 727 2.990000
 728 2.480000
 729 2.470000
 730 2.390000
 731 2.390000
 732 2.390000
 733 2.390000
 734 2.390000
 735 2.340000
 736 2.330000
 737 2.330000
 738 2.300000
 739 2.280000
 740 2.230000
 741 2.320000
 742 2.280000
 743 2.280000
 744 2.240000
 745 2.240000
 746 2.240000
 747 2.250000
 748 2.220000
 749 2.230000
 750 2.230000
 751 2.230000
 752 2.210000
 753 2.270000
 754 2.280000
 755 2.230000
 756 2.230000
 757 2.160000
 758 2.160000
 759 2.100000
 760 2.120000