
 0 3.060000
 1 3.130000
 2 3.030000
 3 3.060000
 4 7.860000
 5 3.010000
 6 3.090000
 7 3.050000
 8 7.860000
 9 3.130000
 10 3.030000
 11 3.020000
 12 3.030000
 13 3.130000
 14 3.030000
 15 3.010000
 16 3.110000
 17 3.010000
 18 3.110000
 19 3.120000
 20 3.120000
 21 3.090000
 22 3.070000
 23 3.060000
 24 3.110000
 25 3.120000
 26 3.080000
 27 3.110000
 28 3.120000
 29 3.080000
 30 3.030000
 31 3.120000
 32 3.080000
 33 3.010000
 34 3.090000
 35 3.130000
 36 3.010000
 37 3.100000
 38 3.090000
 39 3.030000
 40 3.030000
 41 3.100000
 42 3.010000
 43 3.480000
 44 3.030000
 45 3.030000
 46 4.070000
 47 3.050000
 48 3.030000
 49 3.040000
 50 3.080000
 51 3.120000
 52 3.160000
 53 3.180000
 54 3.170000
 55 3.150000
 56 3.180000
 57 3.280000
 58 3.230000
 59 3.180000
 60 3.230000
 61 3.200000
 62 3.170000
 63 3.230000
 64 3.230000
 65 3.200000
 66 3.200000
 67 3.220000
 68 3.250000
 69 3.230000
 70 3.220000
 71 3.220000
 72 3.190000
 73 3.260000
 74 3.080000
 75 3.170000
 76 3.160000
 77 3.080000
 78 3.190000
 79 3.190000
 80 3.170000
 81 3.190000
 82 3.220000
 83 3.210000
 84 3.260000
 85 3.260000
 86 3.270000
 87 3.160000
 88 3.160000
 89 3.170000
 90 3.180000
 91 3.210000
 92 3.160000
 93 3.270000
 94 3.230000
 95 3.200000
 96 3.180000
 97 3.210000
 98 3.200000
 99 3.260000
 100 3.210000
 101 3.320000
 102 3.230000
 103 3.260000
 104 3.230000
 105 3.260000
 106 3.230000
 107 3.360000
 108 3.310000
 109 3.310000
 110 3.340000
 111 3.330000
 112 3.320000
 113 3.340000
 114 3.410000
 115 3.410000
 116 3.400000
 117 3.400000
 118 3.450000
 119 3.450000
 120 3.420000
 121 3.400000
 122 3.390000
 123 3.360000
 124 3.430000
 125 3.360000
 126 3.350000
 127 3.380000
 128 3.480000
 129 3.440000
 130 3.460000
 131 3.490000
 132 3.460000
 133 3.430000
 134 3.490000
 135 3.450000
 136 3.460000
 137 3.460000
 138 3.460000
 139 3.460000
 140 3.510000
 141 3.510000
 142 3.630000
 143 3.510000
 144 3.600000
 145 3.580000
 146 3.600000
 147 3.640000
 148 3.670000
 149 3.650000
 150 3.580000
 151 3.610000
 152 3.600000
 153 3.660000
 154 3.680000
 155 3.680000
 156 3.710000
 157 3.810000
 158 3.730000
 159 3.730000
 160 3.760000
 161 3.760000
 162 3.880000
 163 3.760000
 164 3.780000
 165 3.780000
 166 3.960000
 167 3.860000
 168 3.860000
 169 4.010000
 170 3.910000
 171 4.030000
 172 4.060000
 173 3.960000
 174 4.080000
 175 4.010000
 176 4.130000
 177 4.030000
 178 4.060000
 179 4.060000
 180 4.110000
 181 4.160000
 182 4.180000
 183 4.190000
 184 4.210000
 185 4.180000
 186 4.230000
 187 4.250000
 188 4.260000
 189 4.300000
 190 4.330000
 191 4.320000
 192 4.330000
 193 4.350000
 194 4.350000
 195 4.360000
 196 4.370000
 197 4.380000
 198 4.470000
 199 4.490000
 200 4.500000
 201 4.440000
 202 4.490000
 203 4.490000
 204 4.500000
 205 4.300000
 206 4.290000
 207 4.240000
 208 4.160000
 209 4.060000
 210 4.090000
 211 4.050000
 212 4.010000
 213 4.140000
 214 4.090000
 215 3.980000
 216 3.980000
 217 4.000000
 218 3.960000
 219 3.960000
 220 4.090000
 221 4.070000
 222 4.070000
 223 4.070000
 224 4.040000
 225 3.960000
 226 3.960000
 227 3.950000
 228 3.980000
 229 3.930000
 230 3.930000
 231 3.910000
 232 4.030000
 233 3.990000
 234 3.960000
 235 3.930000
 236 3.930000
 237 3.930000
 238 3.960000
 239 3.980000
 240 3.960000
 241 3.960000
 242 3.930000
 243 3.930000
 244 3.910000
 245 3.880000
 246 3.850000
 247 3.730000
 248 3.880000
 249 3.870000
 250 3.710000
 251 3.820000
 252 3.790000
 253 3.890000
 254 3.910000
 255 3.910000
 256 3.860000
 257 3.760000
 258 3.740000
 259 3.690000
 260 3.660000
 261 3.730000
 262 3.670000
 263 3.650000
 264 3.620000
 265 3.640000
 266 3.610000
 267 3.630000
 268 3.670000
 269 3.650000
 270 3.640000
 271 3.570000
 272 3.570000
 273 3.580000
 274 3.560000
 275 3.560000
 276 3.570000
 277 3.570000
 278 3.540000
 279 3.550000
 280 3.580000
 281 3.560000
 282 3.600000
 283 3.460000
 284 3.610000
 285 3.570000
 286 3.570000
 287 3.560000
 288 3.470000
 289 3.490000
 290 3.500000
 291 3.530000
 292 3.520000
 293 3.510000
 294 3.500000
 295 3.470000
 296 3.400000
 297 3.330000
 298 3.360000
 299 3.360000
 300 3.380000
 301 3.350000
 302 3.500000
 303 3.440000
 304 3.420000
 305 3.420000
 306 3.440000
 307 1.520000
 308 1.540000
 309 1.540000
 310 1.530000
 311 1.490000
 312 3.260000
 313 3.240000
 314 3.250000
 315 3.370000
 316 3.360000
 317 3.360000
 318 3.360000
 319 3.230000
 320 1.580000
 321 1.590000
 322 1.600000
 323 1.570000
 324 1.590000
 325 1.590000
 326 1.560000
 327 1.540000
 328 1.510000
 329 1.540000
 330 1.570000
 331 1.610000
 332 1.660000
 333 1.860000
 334 2.140000
 335 1.990000
 336 1.960000
 337 1.910000
 338 2.110000
 339 2.110000
 340 2.140000
 341 2.130000
 342 2.180000
 343 2.510000
 344 2.710000
 345 2.700000
 346 2.700000
 347 2.690000
 348 2.710000
 349 2.830000
 350 3.260000
 351 3.260000
 352 3.300000
 353 3.130000
 354 3.150000
 355 3.170000
 356 3.270000
 357 3.130000
 358 3.260000
 359 3.290000
 360 3.290000
 361 3.230000
 362 3.260000
 363 3.160000
 364 3.300000
 365 3.300000
 366 3.290000
 367 3.290000
 368 3.260000
 369 3.260000
 370 3.280000
 371 1.650000
 372 1.570000
 373 1.550000
 374 1.500000
 375 1.540000
 376 1.550000
 377 1.560000
 378 1.560000
 379 1.560000
 380 1.540000
 381 1.540000
 382 1.540000
 383 1.590000
 384 3.280000
 385 3.290000
 386 3.290000
 387 1.530000
 388 1.560000
 389 1.450000
 390 1.440000
 391 1.430000
 392 1.420000
 393 1.400000
 394 1.430000
 395 1.410000
 396 1.380000
 397 1.410000
 398 1.390000
 399 1.410000
 400 1.400000
 401 1.410000
 402 1.420000
 403 1.380000
 404 1.400000
 405 1.390000
 406 1.400000
 407 1.390000
 408 1.400000
 409 1.400000
 410 1.400000
 411 1.410000
 412 1.400000
 413 1.410000
 414 1.400000
 415 1.420000
 416 1.400000
 417 1.420000
 418 1.430000
 419 1.410000
 420 1.450000
 421 1.460000
 422 1.460000
 423 1.460000
 424 1.450000
 425 1.480000
 426 1.510000
 427 1.590000
 428 1.590000
 429 1.610000
 430 1.590000
 431 1.610000
 432 1.620000
 433 1.610000
 434 1.610000
 435 1.630000
 436 2.010000
 437 2.030000
 438 2.040000
 439 2.010000
 440 1.910000
 441 1.830000
 442 1.810000
 443 1.780000
 444 1.750000
 445 1.730000
 446 1.680000
 447 1.700000
 448 1.680000
 449 1.750000
 450 1.750000
 451 1.710000
 452 1.710000
 453 1.710000
 454 1.710000
 455 1.710000
 456 1.600000
 457 1.610000
 458 1.580000
 459 1.560000
 460 1.550000
 461 1.540000
 462 1.500000
 463 1.430000
 464 1.420000
 465 1.400000
 466 1.350000
 467 1.350000
 468 1.340000
 469 1.340000
 470 1.320000
 471 1.300000
 472 1.270000
 473 1.270000
 474 1.280000
 475 1.280000
 476 1.290000
 477 1.260000
 478 1.240000
 479 1.240000
 480 1.240000
 481 1.220000
 482 1.240000
 483 1.260000
 484 1.270000
 485 1.260000
 486 1.240000
 487 1.290000
 488 1.260000
 489 1.260000
 490 1.290000
 491 1.260000
 492 1.290000
 493 1.320000
 494 2.180000
 495 2.220000
 496 2.200000
 497 2.150000
 498 2.150000
 499 2.170000
 500 2.140000
 501 2.050000
 502 1.990000
 503 2.000000
 504 2.010000
 505 1.990000
 506 1.990000
 507 2.040000
 508 1.990000
 509 1.990000
 510 1.990000
 511 1.990000
 512 1.970000
 513 1.950000
 514 1.940000
 515 1.980000
 516 1.840000
 517 1.820000
 518 1.820000
 519 1.820000
 520 1.830000
 521 1.820000
 522 1.810000
 523 1.830000
 524 1.840000
 525 1.840000
 526 1.840000
 527 1.810000
 528 1.790000
 529 1.810000
 530 1.790000
 531 1.810000
 532 1.790000
 533 1.790000
 534 1.740000
 535 1.640000
 536 1.630000
 537 1.630000
 538 1.660000
 539 1.660000
 540 1.640000
 541 1.620000
 542 1.640000
 543 1.670000
 544 1.660000
 545 1.660000
 546 1.610000
 547 1.600000
 548 1.610000
 549 1.570000
 550 1.590000
 551 1.590000
 552 1.600000
 553 1.600000
 554 1.610000
 555 1.630000
 556 1.630000
 557 1.690000
 558 1.780000
 559 1.830000
 560 1.890000
 561 2.010000
 562 2.040000
 563 2.010000
 564 1.990000
 565 2.010000
 566 1.980000
 567 1.970000
 568 2.010000
 569 1.980000
 570 1.940000
 571 1.980000
 572 1.930000
 573 2.030000
 574 1.950000
 575 2.010000
 576 1.910000
 577 1.990000
 578 1.960000
 579 1.990000
 580 1.940000
 581 1.910000
 582 1.940000
 583 1.910000
 584 1.880000
 585 1.860000
 586 1.920000
 587 1.850000
 588 1.860000
 589 1.860000
 590 1.860000
 591 1.860000
 592 1.770000
 593 1.860000
 594 1.770000
 595 1.830000
 596 1.760000
 597 1.830000
 598 1.750000
 599 1.850000
 600 1.800000
 601 1.750000
 602 1.760000
 603 1.840000
 604 1.760000
 605 1.730000
 606 1.760000
 607 1.700000
 608 1.720000
 609 1.700000
 610 1.730000
 611 1.680000
 612 1.760000
 613 1.760000
 614 1.660000
 615 1.630000
 616 1.670000
 617 1.780000
 618 1.710000
 619 1.680000
 620 1.650000
 621 1.640000
 622 1.610000
 623 1.540000
 624 1.670000
 625 1.630000
 626 1.630000
 627 1.710000
 628 1.620000
 629 1.630000
 630 1.630000
 631 1.560000
 632 1.610000
 633 1.640000
 634 1.580000
 635 1.510000
 636 1.530000
 637 1.580000
 638 1.620000
 639 1.620000
 640 1.550000
 641 1.560000
 642 1.570000
 643 1.550000
 644 1.560000
 645 1.620000
 646 1.620000
 647 1.580000
 648 1.680000
 649 1.610000
 650 1.630000
 651 1.760000
 652 1.570000
 653 1.580000
 654 1.560000
 655 1.520000
 656 1.510000
 657 1.510000
 658 1.510000
 659 1.480000
 660 1.490000
 661 1.460000
 662 1.460000
 663 1.460000
 664 1.460000
 665 1.460000
 666 1.440000
 667 1.460000
 668 1.440000
 669 1.440000
 670 1.440000
 671 1.440000
 672 1.460000
 673 1.460000
 674 1.430000
 675 1.430000
 676 1.440000
 677 1.440000
 678 1.430000
 679 1.430000
 680 1.430000
 681 1.450000
 682 1.430000
 683 1.420000
 684 1.430000
 685 1.460000
 686 1.460000
 687 1.440000
 688 1.440000
 689 1.440000
 690 1.440000
 691 1.490000
 692 1.460000
 693 1.460000
 694 1.480000
 695 1.480000
 696 1.450000
 697 1.510000
 698 1.440000
 699 1.430000
 700 1.460000
 701 1.400000
 702 1.390000
 703 1.330000
 704 1.410000
 705 1.400000
 706 1.410000
 707 1.390000
 708 1.360000
 709 1.400000
 710 1.390000
 711 1.390000
 712 1.390000
 713 1.420000
 714 1.360000
 715 1.340000
 716 1.430000
 717 1.390000
 718 1.370000
 719 1.410000
 720 1.310000
 721 1.460000
 722 1.310000
 723 1.460000
 724 1.400000
 725 1.380000
 726 1.400000
 727 1.370000
 728 1.380000
 729 1.430000
 730 1.410000
 731 1.410000
 732 1.410000
 733 1.440000
 734 1.410000
 735 1.410000
 736 1.440000
 737 1.410000
 738 1.360000
 739 1.350000
 740 1.350000
 741 1.350000
 742 1.350000
 743 1.360000
 744 1.350000
 745 1.430000
 746 1.440000
 747 1.410000
 748 1.410000
 749 1.440000
 750 1.410000
 751 1.410000
 752 1.390000
 753 1.390000
 754 1.370000
 755 1.390000
 756 1.360000
 757 1.380000
 758 1.430000
 759 1.330000
 760 1.400000
 0 3.060000
 1 3.130000
 2 3.060000
 3 3.060000
 4 7.830000
 5 3.030000
 6 3.080000
 7 3.030000
 8 7.830000
 9 3.110000
 10 3.020000
 11 3.040000
 12 3.030000
 13 3.130000
 14 3.090000
 15 3.030000
 16 3.130000
 17 3.010000
 18 3.110000
 19 3.110000
 20 3.110000
 21 3.110000
 22 3.060000
 23 3.060000
 24 3.110000
 25 3.110000
 26 3.110000
 27 3.110000
 28 3.110000
 29 3.080000
 30 3.030000
 31 3.120000
 32 3.080000
 33 2.980000
 34 3.080000
 35 3.130000
 36 3.010000
 37 3.100000
 38 3.110000
 39 3.020000
 40 3.000000
 41 3.100000
 42 3.010000
 43 3.260000
 44 3.030000
 45 3.030000
 46 4.070000
 47 3.040000
 48 3.030000
 49 3.040000
 50 3.110000
 51 3.140000
 52 3.190000
 53 3.180000
 54 3.170000
 55 3.150000
 56 3.200000
 57 3.280000
 58 3.200000
 59 3.200000
 60 3.200000
 61 3.170000
 62 3.200000
 63 3.200000
 64 3.230000
 65 3.170000
 66 3.200000
 67 3.220000
 68 3.250000
 69 3.230000
 70 3.220000
 71 3.200000
 72 3.170000
 73 3.230000
 74 3.080000
 75 3.170000
 76 3.170000
 77 3.060000
 78 3.180000
 79 3.190000
 80 3.160000
 81 3.180000
 82 3.250000
 83 3.180000
 84 3.250000
 85 3.250000
 86 3.270000
 87 3.160000
 88 3.160000
 89 3.160000
 90 3.180000
 91 3.160000
 92 3.160000
 93 3.240000
 94 3.220000
 95 3.200000
 96 3.180000
 97 3.210000
 98 3.230000
 99 3.290000
 100 3.210000
 101 3.210000
 102 3.370000
 103 3.260000
 104 3.230000
 105 3.260000
 106 3.230000
 107 3.360000
 108 3.320000
 109 3.280000
 110 3.330000
 111 3.340000
 112 3.340000
 113 3.330000
 114 3.430000
 115 3.410000
 116 3.420000
 117 3.400000
 118 3.450000
 119 3.420000
 120 3.390000
 121 3.380000
 122 3.390000
 123 3.390000
 124 3.430000
 125 3.360000
 126 3.350000
 127 3.380000
 128 3.460000
 129 3.440000
 130 3.450000
 131 3.460000
 132 3.490000
 133 3.460000
 134 3.490000
 135 3.420000
 136 3.460000
 137 3.560000
 138 3.460000
 139 3.460000
 140 3.480000
 141 3.510000
 142 3.620000
 143 3.530000
 144 3.570000
 145 3.600000
 146 3.600000
 147 3.600000
 148 3.670000
 149 3.630000
 150 3.610000
 151 3.610000
 152 3.660000
 153 3.620000
 154 3.680000
 155 3.680000
 156 3.710000
 157 3.810000
 158 3.760000
 159 3.720000
 160 3.760000
 161 3.760000
 162 3.880000
 163 3.760000
 164 3.780000
 165 3.930000
 166 3.930000
 167 3.860000
 168 3.860000
 169 3.980000
 170 3.910000
 171 4.030000
 172 4.030000
 173 3.960000
 174 3.960000
 175 3.980000
 176 4.120000
 177 4.030000
 178 4.080000
 179 4.080000
 180 4.130000
 181 4.130000
 182 4.180000
 183 4.190000
 184 4.210000
 185 4.210000
 186 4.230000
 187 4.270000
 188 4.280000
 189 4.270000
 190 4.300000
 191 4.330000
 192 4.330000
 193 4.360000
 194 4.330000
 195 4.360000
 196 4.400000
 197 4.380000
 198 4.490000
 199 4.460000
 200 4.500000
 201 4.460000
 202 4.490000
 203 4.520000
 204 4.480000
 205 4.300000
 206 4.280000
 207 4.240000
 208 4.180000
 209 4.060000
 210 4.070000
 211 4.080000
 212 3.980000
 213 4.140000
 214 4.060000
 215 3.950000
 216 3.980000
 217 3.970000
 218 4.070000
 219 3.980000
 220 4.090000
 221 4.070000
 222 4.100000
 223 4.100000
 224 4.060000
 225 3.960000
 226 3.960000
 227 3.980000
 228 3.970000
 229 3.920000
 230 3.930000
 231 3.910000
 232 4.030000
 233 3.980000
 234 3.960000
 235 3.930000
 236 3.920000
 237 3.930000
 238 3.980000
 239 3.980000
 240 3.980000
 241 3.960000
 242 3.930000
 243 3.930000
 244 3.910000
 245 3.880000
 246 3.830000
 247 3.760000
 248 3.880000
 249 3.900000
 250 3.760000
 251 3.820000
 252 3.730000
 253 3.890000
 254 3.930000
 255 3.890000
 256 3.860000
 257 3.760000
 258 3.730000
 259 3.680000
 260 3.700000
 261 3.700000
 262 3.680000
 263 3.650000
 264 3.650000
 265 3.650000
 266 3.610000
 267 3.630000
 268 3.670000
 269 3.650000
 270 3.630000
 271 3.570000
 272 3.530000
 273 3.560000
 274 3.560000
 275 3.540000
 276 3.590000
 277 3.540000
 278 3.540000
 279 3.550000
 280 3.580000
 281 3.560000
 282 3.600000
 283 3.480000
 284 3.600000
 285 3.570000
 286 3.550000
 287 3.530000
 288 3.470000
 289 3.480000
 290 3.500000
 291 3.520000
 292 3.540000
 293 3.500000
 294 3.500000
 295 3.490000
 296 3.380000
 297 3.330000
 298 3.350000
 299 3.330000
 300 3.410000
 301 3.320000
 302 3.500000
 303 3.410000
 304 3.410000
 305 3.450000
 306 3.440000
 307 1.520000
 308 1.540000
 309 1.540000
 310 1.520000
 311 1.490000
 312 3.230000
 313 3.270000
 314 3.240000
 315 3.370000
 316 3.350000
 317 3.350000
 318 3.350000
 319 3.220000
 320 1.600000
 321 1.590000
 322 1.570000
 323 1.600000
 324 1.590000
 325 1.590000
 326 1.560000
 327 1.540000
 328 1.510000
 329 1.510000
 330 1.550000
 331 1.610000
 332 1.630000
 333 1.830000
 334 2.140000
 335 2.010000
 336 1.910000
 337 1.890000
 338 2.110000
 339 2.110000
 340 2.140000
 341 2.130000
 342 2.160000
 343 2.460000
 344 2.710000
 345 2.700000
 346 2.690000
 347 2.690000
 348 2.700000
 349 2.830000
 350 3.250000
 351 3.280000
 352 3.270000
 353 3.150000
 354 3.180000
 355 3.190000
 356 3.270000
 357 3.120000
 358 3.250000
 359 3.260000
 360 3.290000
 361 3.220000
 362 3.280000
 363 3.160000
 364 3.270000
 365 3.300000
 366 3.290000
 367 3.290000
 368 3.260000
 369 3.250000
 370 3.290000
 371 1.630000
 372 1.560000
 373 1.550000
 374 1.530000
 375 1.530000
 376 1.550000
 377 1.540000
 378 1.540000
 379 1.540000
 380 1.540000
 381 1.540000
 382 1.540000
 383 1.600000
 384 3.280000
 385 3.310000
 386 3.290000
 387 1.690000
 388 1.540000
 389 1.420000
 390 1.420000
 391 1.400000
 392 1.430000
 393 1.400000
 394 1.400000
 395 1.420000
 396 1.410000
 397 1.410000
 398 1.420000
 399 1.410000
 400 1.400000
 401 1.410000
 402 1.390000
 403 1.410000
 404 1.420000
 405 1.380000
 406 1.380000
 407 1.390000
 408 1.390000
 409 1.430000
 410 1.390000
 411 1.410000
 412 1.380000
 413 1.370000
 414 1.410000
 415 1.420000
 416 1.420000
 417 1.430000
 418 1.420000
 419 1.410000
 420 1.420000
 421 1.460000
 422 1.430000
 423 1.460000
 424 1.450000
 425 1.470000
 426 1.510000
 427 1.590000
 428 1.610000
 429 1.590000
 430 1.590000
 431 1.610000
 432 1.620000
 433 1.590000
 434 1.610000
 435 1.630000
 436 2.030000
 437 2.030000
 438 2.010000
 439 2.010000
 440 1.890000
 441 1.800000
 442 1.810000
 443 1.780000
 444 1.750000
 445 1.730000
 446 1.680000
 447 1.670000
 448 1.680000
 449 1.750000
 450 1.730000
 451 1.720000
 452 1.740000
 453 1.730000
 454 1.700000
 455 1.730000
 456 1.600000
 457 1.600000
 458 1.590000
 459 1.580000
 460 1.540000
 461 1.500000
 462 1.490000
 463 1.410000
 464 1.400000
 465 1.370000
 466 1.370000
 467 1.350000
 468 1.340000
 469 1.340000
 470 1.310000
 471 1.300000
 472 1.300000
 473 1.270000
 474 1.280000
 475 1.280000
 476 1.280000
 477 1.260000
 478 1.240000
 479 1.220000
 480 1.230000
 481 1.230000
 482 1.240000
 483 1.240000
 484 1.240000
 485 1.240000
 486 1.240000
 487 1.260000
 488 1.260000
 489 1.260000
 490 1.250000
 491 1.290000
 492 1.290000
 493 1.320000
 494 2.180000
 495 2.190000
 496 2.180000
 497 2.140000
 498 2.150000
 499 2.170000
 500 2.140000
 501 2.020000
 502 1.990000
 503 2.000000
 504 2.010000
 505 1.990000
 506 2.010000
 507 2.020000
 508 2.020000
 509 1.980000
 510 1.990000
 511 1.980000
 512 1.970000
 513 1.950000
 514 1.970000
 515 1.960000
 516 1.830000
 517 1.800000
 518 1.820000
 519 1.820000
 520 1.830000
 521 1.810000
 522 1.810000
 523 1.850000
 524 1.830000
 525 1.830000
 526 1.800000
 527 1.800000
 528 1.780000
 529 1.780000
 530 1.820000
 531 1.780000
 532 1.770000
 533 1.780000
 534 1.740000
 535 1.640000
 536 1.630000
 537 1.630000
 538 1.630000
 539 1.620000
 540 1.630000
 541 1.640000
 542 1.620000
 543 1.660000
 544 1.660000
 545 1.640000
 546 1.630000
 547 1.600000
 548 1.610000
 549 1.590000
 550 1.590000
 551 1.590000
 552 1.600000
 553 1.600000
 554 1.610000
 555 1.640000
 556 1.630000
 557 1.720000
 558 1.750000
 559 1.830000
 560 1.860000
 561 2.010000
 562 2.040000
 563 1.990000
 564 1.990000
 565 2.010000
 566 2.000000
 567 2.000000
 568 1.980000
 569 1.980000
 570 1.960000
 571 1.980000
 572 1.930000
 573 2.030000
 574 1.930000
 575 2.010000
 576 1.910000
 577 1.960000
 578 1.990000
 579 1.990000
 580 1.940000
 581 1.940000
 582 1.960000
 583 1.900000
 584 1.880000
 585 1.830000
 586 1.910000
 587 1.820000
 588 1.880000
 589 1.850000
 590 1.830000
 591 1.850000
 592 1.800000
 593 1.850000
 594 1.770000
 595 1.850000
 596 1.750000
 597 1.830000
 598 1.750000
 599 1.850000
 600 1.820000
 601 1.750000
 602 1.780000
 603 1.840000
 604 1.760000
 605 1.700000
 606 1.730000
 607 1.700000
 608 1.720000
 609 1.670000
 610 1.750000
 611 1.700000
 612 1.780000
 613 1.730000
 614 1.650000
 615 1.630000
 616 1.670000
 617 1.780000
 618 1.730000
 619 1.670000
 620 1.650000
 621 1.610000
 622 1.610000
 623 1.540000
 624 1.700000
 625 1.630000
 626 1.630000
 627 1.730000
 628 1.620000
 629 1.620000
 630 1.630000
 631 1.580000
 632 1.610000
 633 1.640000
 634 1.580000
 635 1.540000
 636 1.530000
 637 1.570000
 638 1.590000
 639 1.620000
 640 1.550000
 641 1.560000
 642 1.560000
 643 1.530000
 644 1.530000
 645 1.600000
 646 1.600000
 647 1.600000
 648 1.680000
 649 1.600000
 650 1.650000
 651 1.780000
 652 1.570000
 653 1.560000
 654 1.530000
 655 1.520000
 656 1.530000
 657 1.500000
 658 1.480000
 659 1.500000
 660 1.460000
 661 1.480000
 662 1.460000
 663 1.460000
 664 1.460000
 665 1.460000
 666 1.440000
 667 1.440000
 668 1.440000
 669 1.460000
 670 1.440000
 671 1.460000
 672 1.430000
 673 1.430000
 674 1.430000
 675 1.450000
 676 1.440000
 677 1.440000
 678 1.430000
 679 1.430000
 680 1.430000
 681 1.420000
 682 1.430000
 683 1.420000
 684 1.430000
 685 1.440000
 686 1.440000
 687 1.440000
 688 1.460000
 689 1.460000
 690 1.460000
 691 1.460000
 692 1.450000
 693 1.450000
 694 1.480000
 695 1.480000
 696 1.450000
 697 1.480000
 698 1.440000
 699 1.450000
 700 1.460000
 701 1.400000
 702 1.360000
 703 1.330000
 704 1.410000
 705 1.400000
 706 1.410000
 707 1.380000
 708 1.360000
 709 1.380000
 710 1.380000
 711 1.370000
 712 1.370000
 713 1.410000
 714 1.360000
 715 1.360000
 716 1.420000
 717 1.420000
 718 1.370000
 719 1.410000
 720 1.310000
 721 1.450000
 722 1.310000
 723 1.330000
 724 1.400000
 725 1.390000
 726 1.420000
 727 1.390000
 728 1.410000
 729 1.430000
 730 1.400000
 731 1.400000
 732 1.430000
 733 1.440000
 734 1.400000
 735 1.400000
 736 1.440000
 737 1.430000
 738 1.360000
 739 1.360000
 740 1.350000
 741 1.330000
 742 1.330000
 743 1.370000
 744 1.350000
 745 1.430000
 746 1.460000
 747 1.400000
 748 1.400000
 749 1.460000
 750 1.430000
 751 1.410000
 752 1.390000
 753 1.370000
 754 1.370000
 755 1.380000
 756 1.390000
 757 1.410000
 758 1.430000
 759 1.310000
 760 1.400000
 0 3.030000
 1 3.130000
 2 3.030000
 3 3.030000
 4 7.860000
 5 3.010000
 6 3.100000
 7 3.040000
 8 7.860000
 9 3.110000
 10 3.000000
 11 3.010000
 12 3.030000
 13 3.120000
 14 3.030000
 15 3.010000
 16 3.110000
 17 3.010000
 18 3.080000
 19 3.110000
 20 3.140000
 21 3.110000
 22 3.040000
 23 3.060000
 24 3.080000
 25 3.140000
 26 3.110000
 27 3.130000
 28 3.110000
 29 3.080000
 30 3.030000
 31 3.110000
 32 3.090000
 33 3.010000
 34 3.080000
 35 3.130000
 36 3.030000
 37 3.100000
 38 3.110000
 39 3.020000
 40 3.000000
 41 3.100000
 42 3.010000
 43 3.480000
 44 3.030000
 45 3.030000
 46 4.070000
 47 3.040000
 48 3.030000
 49 3.020000
 50 3.060000
 51 3.140000
 52 3.190000
 53 3.180000
 54 3.150000
 55 3.170000
 56 3.180000
 57 3.280000
 58 3.200000
 59 3.180000
 60 3.230000
 61 3.170000
 62 3.200000
 63 3.230000
 64 3.250000
 65 3.200000
 66 3.200000
 67 3.250000
 68 3.280000
 69 3.230000
 70 3.250000
 71 3.200000
 72 3.160000
 73 3.230000
 74 3.110000
 75 3.170000
 76 3.170000
 77 3.080000
 78 3.180000
 79 3.170000
 80 3.130000
 81 3.180000
 82 3.250000
 83 3.180000
 84 3.230000
 85 3.230000
 86 3.270000
 87 3.160000
 88 3.130000
 89 3.190000
 90 3.180000
 91 3.180000
 92 3.180000
 93 3.240000
 94 3.200000
 95 3.190000
 96 3.180000
 97 3.210000
 98 3.200000
 99 3.290000
 100 3.230000
 101 3.230000
 102 3.370000
 103 3.260000
 104 3.230000
 105 3.260000
 106 3.230000
 107 3.320000
 108 3.310000
 109 3.280000
 110 3.330000
 111 3.330000
 112 3.310000
 113 3.330000
 114 3.410000
 115 3.400000
 116 3.420000
 117 3.400000
 118 3.450000
 119 3.450000
 120 3.420000
 121 3.400000
 122 3.370000
 123 3.360000
 124 3.430000
 125 3.360000
 126 3.370000
 127 3.380000
 128 3.480000
 129 3.440000
 130 3.470000
 131 3.490000
 132 3.490000
 133 3.450000
 134 3.460000
 135 3.420000
 136 3.460000
 137 3.460000
 138 3.460000
 139 3.480000
 140 3.510000
 141 3.510000
 142 3.620000
 143 3.510000
 144 3.600000
 145 3.610000
 146 3.580000
 147 3.640000
 148 3.640000
 149 3.620000
 150 3.610000
 151 3.610000
 152 3.660000
 153 3.620000
 154 3.650000
 155 3.710000
 156 3.680000
 157 3.830000
 158 3.730000
 159 3.720000
 160 3.760000
 161 3.760000
 162 3.880000
 163 3.780000
 164 3.780000
 165 3.930000
 166 3.930000
 167 3.860000
 168 3.860000
 169 4.010000
 170 3.880000
 171 4.060000
 172 4.030000
 173 3.960000
 174 4.080000
 175 4.010000
 176 4.130000
 177 4.030000
 178 4.060000
 179 4.060000
 180 4.130000
 181 4.160000
 182 4.200000
 183 4.190000
 184 4.180000
 185 4.180000
 186 4.260000
 187 4.250000
 188 4.280000
 189 4.310000
 190 4.320000
 191 4.290000
 192 4.330000
 193 4.350000
 194 4.350000
 195 4.360000
 196 4.400000
 197 4.380000
 198 4.470000
 199 4.490000
 200 4.480000
 201 4.460000
 202 4.490000
 203 4.490000
 204 4.480000
 205 4.300000
 206 4.280000
 207 4.270000
 208 4.160000
 209 4.150000
 210 4.090000
 211 4.060000
 212 4.010000
 213 4.120000
 214 4.060000
 215 3.970000
 216 3.980000
 217 3.970000
 218 3.960000
 219 3.960000
 220 4.090000
 221 4.100000
 222 4.070000
 223 4.070000
 224 4.060000
 225 3.960000
 226 3.960000
 227 3.980000
 228 3.920000
 229 3.920000
 230 3.960000
 231 3.910000
 232 4.030000
 233 3.980000
 234 3.960000
 235 3.930000
 236 3.920000
 237 3.960000
 238 3.980000
 239 3.960000
 240 3.980000
 241 3.980000
 242 3.930000
 243 3.910000
 244 3.910000
 245 3.880000
 246 3.760000
 247 3.730000
 248 3.860000
 249 3.900000
 250 3.730000
 251 3.790000
 252 3.730000
 253 3.910000
 254 3.930000
 255 3.910000
 256 3.860000
 257 3.760000
 258 3.760000
 259 3.700000
 260 3.700000
 261 3.700000
 262 3.680000
 263 3.680000
 264 3.630000
 265 3.650000
 266 3.610000
 267 3.610000
 268 3.670000
 269 3.650000
 270 3.630000
 271 3.550000
 272 3.560000
 273 3.580000
 274 3.560000
 275 3.570000
 276 3.560000
 277 3.540000
 278 3.560000
 279 3.560000
 280 3.580000
 281 3.550000
 282 3.620000
 283 3.480000
 284 3.600000
 285 3.550000
 286 3.550000
 287 3.530000
 288 3.500000
 289 3.480000
 290 3.520000
 291 3.530000
 292 3.520000
 293 3.520000
 294 3.500000
 295 3.490000
 296 3.400000
 297 3.360000
 298 3.340000
 299 3.360000
 300 3.390000
 301 3.320000
 302 3.460000
 303 3.420000
 304 3.410000
 305 3.450000
 306 3.440000
 307 1.540000
 308 1.560000
 309 1.540000
 310 1.530000
 311 1.510000
 312 3.260000
 313 3.270000
 314 3.270000
 315 3.370000
 316 3.350000
 317 3.350000
 318 3.350000
 319 3.260000
 320 1.580000
 321 1.560000
 322 1.600000
 323 1.600000
 324 1.560000
 325 1.590000
 326 1.590000
 327 1.540000
 328 1.540000
 329 1.540000
 330 1.550000
 331 1.590000
 332 1.630000
 333 2.150000
 334 2.140000
 335 2.010000
 336 1.910000
 337 1.890000
 338 2.140000
 339 2.110000
 340 2.140000
 341 2.100000
 342 2.160000
 343 2.490000
 344 2.690000
 345 2.700000
 346 2.710000
 347 2.690000
 348 2.700000
 349 2.850000
 350 3.230000
 351 3.280000
 352 3.320000
 353 3.150000
 354 3.160000
 355 3.190000
 356 3.270000
 357 3.150000
 358 3.250000
 359 3.290000
 360 3.260000
 361 3.220000
 362 3.280000
 363 3.160000
 364 3.270000
 365 3.300000
 366 3.310000
 367 3.310000
 368 3.290000
 369 3.280000
 370 3.280000
 371 1.600000
 372 1.560000
 373 1.550000
 374 1.530000
 375 1.530000
 376 1.550000
 377 1.560000
 378 1.540000
 379 1.560000
 380 1.540000
 381 1.540000
 382 1.540000
 383 1.600000
 384 3.280000
 385 3.310000
 386 3.290000
 387 1.510000
 388 1.560000
 389 1.450000
 390 1.440000
 391 1.400000
 392 1.400000
 393 1.430000
 394 1.430000
 395 1.420000
 396 1.400000
 397 1.410000
 398 1.390000
 399 1.380000
 400 1.400000
 401 1.370000
 402 1.390000
 403 1.380000
 404 1.390000
 405 1.410000
 406 1.410000
 407 1.420000
 408 1.380000
 409 1.400000
 410 1.400000
 411 1.400000
 412 1.410000
 413 1.400000
 414 1.410000
 415 1.420000
 416 1.420000
 417 1.410000
 418 1.400000
 419 1.420000
 420 1.420000
 421 1.460000
 422 1.460000
 423 1.460000
 424 1.420000
 425 1.450000
 426 1.530000
 427 1.590000
 428 1.590000
 429 1.590000
 430 1.610000
 431 1.590000
 432 1.620000
 433 1.610000
 434 1.590000
 435 1.610000
 436 2.030000
 437 2.030000
 438 2.020000
 439 2.010000
 440 1.890000
 441 1.820000
 442 1.780000
 443 1.780000
 444 1.750000
 445 1.710000
 446 1.680000
 447 1.700000
 448 1.670000
 449 1.750000
 450 1.720000
 451 1.710000
 452 1.710000
 453 1.730000
 454 1.710000
 455 1.730000
 456 1.630000
 457 1.610000
 458 1.570000
 459 1.560000
 460 1.540000
 461 1.500000
 462 1.480000
 463 1.410000
 464 1.390000
 465 1.370000
 466 1.350000
 467 1.370000
 468 1.340000
 469 1.340000
 470 1.310000
 471 1.300000
 472 1.300000
 473 1.300000
 474 1.280000
 475 1.280000
 476 1.280000
 477 1.270000
 478 1.260000
 479 1.240000
 480 1.230000
 481 1.220000
 482 1.240000
 483 1.240000
 484 1.240000
 485 1.230000
 486 1.250000
 487 1.260000
 488 1.260000
 489 1.290000
 490 1.280000
 491 1.290000
 492 1.290000
 493 1.320000
 494 2.180000
 495 2.190000
 496 2.180000
 497 2.140000
 498 2.170000
 499 2.140000
 500 2.140000
 501 2.010000
 502 2.020000
 503 2.000000
 504 1.980000
 505 1.990000
 506 1.980000
 507 2.020000
 508 1.990000
 509 1.980000
 510 1.990000
 511 1.960000
 512 1.990000
 513 1.950000
 514 1.970000
 515 1.950000
 516 1.840000
 517 1.820000
 518 1.800000
 519 1.820000
 520 1.830000
 521 1.790000
 522 1.810000
 523 1.800000
 524 1.830000
 525 1.830000
 526 1.830000
 527 1.810000
 528 1.780000
 529 1.810000
 530 1.790000
 531 1.810000
 532 1.800000
 533 1.780000
 534 1.740000
 535 1.650000
 536 1.630000
 537 1.630000
 538 1.630000
 539 1.620000
 540 1.650000
 541 1.620000
 542 1.620000
 543 1.660000
 544 1.660000
 545 1.660000
 546 1.610000
 547 1.590000
 548 1.580000
 549 1.590000
 550 1.590000
 551 1.590000
 552 1.600000
 553 1.600000
 554 1.620000
 555 1.630000
 556 1.630000
 557 1.690000
 558 1.770000
 559 1.830000
 560 1.860000
 561 2.010000
 562 2.010000
 563 2.010000
 564 2.010000
 565 2.010000
 566 1.980000
 567 1.970000
 568 1.980000
 569 1.980000
 570 1.960000
 571 1.980000
 572 1.950000
 573 2.030000
 574 1.950000
 575 2.010000
 576 1.910000
 577 1.990000
 578 1.960000
 579 1.990000
 580 1.910000
 581 1.940000
 582 1.940000
 583 1.910000
 584 1.900000
 585 1.860000
 586 1.910000
 587 1.850000
 588 1.850000
 589 1.850000
 590 1.830000
 591 1.880000
 592 1.800000
 593 1.830000
 594 1.770000
 595 1.850000
 596 1.780000
 597 1.830000
 598 1.750000
 599 1.850000
 600 1.820000
 601 1.750000
 602 1.750000
 603 1.840000
 604 1.790000
 605 1.730000
 606 1.730000
 607 1.670000
 608 1.720000
 609 1.670000
 610 1.750000
 611 1.700000
 612 1.780000
 613 1.730000
 614 1.650000
 615 1.630000
 616 1.670000
 617 1.750000
 618 1.700000
 619 1.650000
 620 1.650000
 621 1.610000
 622 1.610000
 623 1.570000
 624 1.700000
 625 1.630000
 626 1.650000
 627 1.700000
 628 1.650000
 629 1.630000
 630 1.630000
 631 1.580000
 632 1.610000
 633 1.630000
 634 1.610000
 635 1.510000
 636 1.530000
 637 1.570000
 638 1.610000
 639 1.620000
 640 1.550000
 641 1.570000
 642 1.590000
 643 1.530000
 644 1.560000
 645 1.600000
 646 1.600000
 647 1.600000
 648 1.650000
 649 1.600000
 650 1.630000
 651 1.750000
 652 1.570000
 653 1.580000
 654 1.530000
 655 1.510000
 656 1.530000
 657 1.500000
 658 1.480000
 659 1.480000
 660 1.490000
 661 1.450000
 662 1.460000
 663 1.460000
 664 1.440000
 665 1.460000
 666 1.440000
 667 1.440000
 668 1.440000
 669 1.440000
 670 1.440000
 671 1.440000
 672 1.450000
 673 1.430000
 674 1.450000
 675 1.430000
 676 1.440000
 677 1.440000
 678 1.400000
 679 1.430000
 680 1.450000
 681 1.450000
 682 1.430000
 683 1.420000
 684 1.430000
 685 1.440000
 686 1.440000
 687 1.440000
 688 1.440000
 689 1.440000
 690 1.430000
 691 1.460000
 692 1.450000
 693 1.450000
 694 1.480000
 695 1.480000
 696 1.450000
 697 1.500000
 698 1.440000
 699 1.450000
 700 1.460000
 701 1.390000
 702 1.380000
 703 1.330000
 704 1.390000
 705 1.390000
 706 1.410000
 707 1.380000
 708 1.380000
 709 1.400000
 710 1.380000
 711 1.390000
 712 1.400000
 713 1.420000
 714 1.360000
 715 1.330000
 716 1.400000
 717 1.390000
 718 1.370000
 719 1.410000
 720 1.310000
 721 1.450000
 722 1.310000
 723 1.450000
 724 1.400000
 725 1.380000
 726 1.400000
 727 1.390000
 728 1.380000
 729 1.430000
 730 1.400000
 731 1.400000
 732 1.430000
 733 1.440000
 734 1.400000
 735 1.400000
 736 1.440000
 737 1.400000
 738 1.360000
 739 1.350000
 740 1.350000
 741 1.340000
 742 1.350000
 743 1.370000
 744 1.360000
 745 1.430000
 746 1.440000
 747 1.400000
 748 1.400000
 749 1.440000
 750 1.400000
 751 1.410000
 752 1.390000
 753 1.370000
 754 1.390000
 755 1.380000
 756 1.380000
 757 1.410000
 758 1.430000
 759 1.310000
 760 1.400000
 0 3.060000
 1 3.110000
 2 3.060000
 3 3.060000
 4 7.830000
 5 3.030000
 6 3.110000
 7 3.010000
 8 7.830000
 9 3.110000
 10 3.020000
 11 3.040000
 12 3.030000
 13 3.130000
 14 3.030000
 15 3.030000
 16 3.110000
 17 3.010000
 18 3.110000
 19 3.130000
 20 3.140000
 21 3.110000
 22 3.040000
 23 3.060000
 24 3.110000
 25 3.140000
 26 3.110000
 27 3.110000
 28 3.110000
 29 3.070000
 30 3.030000
 31 3.110000
 32 3.080000
 33 3.010000
 34 3.080000
 35 3.130000
 36 3.030000
 37 3.100000
 38 3.080000
 39 3.020000
 40 3.000000
 41 3.100000
 42 3.040000
 43 3.400000
 44 3.030000
 45 3.030000
 46 4.070000
 47 3.040000
 48 3.030000
 49 3.040000
 50 3.080000
 51 3.140000
 52 3.160000
 53 3.180000
 54 3.170000
 55 3.150000
 56 3.200000
 57 3.280000
 58 3.200000
 59 3.180000
 60 3.230000
 61 3.170000
 62 3.170000
 63 3.230000
 64 3.230000
 65 3.170000
 66 3.220000
 67 3.220000
 68 3.280000
 69 3.230000
 70 3.220000
 71 3.200000
 72 3.160000
 73 3.250000
 74 3.080000
 75 3.170000
 76 3.170000
 77 3.080000
 78 3.160000
 79 3.190000
 80 3.130000
 81 3.210000
 82 3.220000
 83 3.210000
 84 3.230000
 85 3.250000
 86 3.270000
 87 3.130000
 88 3.130000
 89 3.190000
 90 3.220000
 91 3.190000
 92 3.160000
 93 3.270000
 94 3.230000
 95 3.220000
 96 3.210000
 97 3.210000
 98 3.200000
 99 3.290000
 100 3.230000
 101 3.340000
 102 3.370000
 103 3.260000
 104 3.230000
 105 3.260000
 106 3.230000
 107 3.330000
 108 3.290000
 109 3.280000
 110 3.360000
 111 3.340000
 112 3.320000
 113 3.330000
 114 3.380000
 115 3.420000
 116 3.400000
 117 3.400000
 118 3.450000
 119 3.450000
 120 3.390000
 121 3.380000
 122 3.370000
 123 3.360000
 124 3.430000
 125 3.360000
 126 3.380000
 127 3.380000
 128 3.450000
 129 3.440000
 130 3.450000
 131 3.460000
 132 3.450000
 133 3.430000
 134 3.460000
 135 3.420000
 136 3.460000
 137 3.530000
 138 3.530000
 139 3.480000
 140 3.480000
 141 3.510000
 142 3.620000
 143 3.530000
 144 3.600000
 145 3.580000
 146 3.580000
 147 3.640000
 148 3.670000
 149 3.620000
 150 3.580000
 151 3.610000
 152 3.660000
 153 3.660000
 154 3.680000
 155 3.680000
 156 3.680000
 157 3.810000
 158 3.710000
 159 3.720000
 160 3.760000
 161 3.760000
 162 3.880000
 163 3.780000
 164 3.780000
 165 3.930000
 166 3.930000
 167 3.860000
 168 3.860000
 169 3.980000
 170 3.910000
 171 4.030000
 172 4.060000
 173 3.960000
 174 4.070000
 175 4.010000
 176 4.110000
 177 4.060000
 178 4.060000
 179 4.080000
 180 4.130000
 181 4.160000
 182 4.210000
 183 4.190000
 184 4.210000
 185 4.210000
 186 4.300000
 187 4.250000
 188 4.280000
 189 4.310000
 190 4.320000
 191 4.320000
 192 4.330000
 193 4.360000
 194 4.350000
 195 4.360000
 196 4.400000
 197 4.380000
 198 4.470000
 199 4.490000
 200 4.500000
 201 4.500000
 202 4.490000
 203 4.490000
 204 4.510000
 205 4.330000
 206 4.280000
 207 4.240000
 208 4.160000
 209 4.080000
 210 4.050000
 211 4.080000
 212 4.010000
 213 4.140000
 214 4.080000
 215 3.970000
 216 4.010000
 217 4.000000
 218 3.960000
 219 3.980000
 220 4.070000
 221 4.070000
 222 4.070000
 223 4.070000
 224 4.060000
 225 3.960000
 226 3.960000
 227 3.960000
 228 3.920000
 229 3.920000
 230 3.930000
 231 3.910000
 232 4.030000
 233 3.980000
 234 3.930000
 235 3.930000
 236 3.920000
 237 3.960000
 238 3.980000
 239 3.980000
 240 3.980000
 241 3.960000
 242 3.930000
 243 3.930000
 244 3.910000
 245 3.880000
 246 3.820000
 247 3.760000
 248 3.880000
 249 3.900000
 250 3.730000
 251 3.800000
 252 3.800000
 253 3.890000
 254 3.930000
 255 3.910000
 256 3.830000
 257 3.760000
 258 3.760000
 259 3.660000
 260 3.690000
 261 3.730000
 262 3.660000
 263 3.670000
 264 3.630000
 265 3.620000
 266 3.610000
 267 3.630000
 268 3.700000
 269 3.680000
 270 3.650000
 271 3.560000
 272 3.570000
 273 3.600000
 274 3.570000
 275 3.540000
 276 3.560000
 277 3.540000
 278 3.540000
 279 3.550000
 280 3.580000
 281 3.530000
 282 3.600000
 283 3.460000
 284 3.580000
 285 3.570000
 286 3.570000
 287 3.530000
 288 3.490000
 289 3.480000
 290 3.520000
 291 3.530000
 292 3.520000
 293 3.500000
 294 3.490000
 295 3.470000
 296 3.400000
 297 3.330000
 298 3.370000
 299 3.330000
 300 3.380000
 301 3.350000
 302 3.490000
 303 3.420000
 304 3.430000
 305 3.420000
 306 3.410000
 307 1.490000
 308 1.540000
 309 1.520000
 310 1.530000
 311 1.510000
 312 3.290000
 313 3.270000
 314 3.240000
 315 3.370000
 316 3.350000
 317 3.350000
 318 3.350000
 319 3.260000
 320 1.580000
 321 1.610000
 322 1.590000
 323 1.570000
 324 1.590000
 325 1.590000
 326 1.560000
 327 1.540000
 328 1.540000
 329 1.540000
 330 1.550000
 331 1.610000
 332 1.630000
 333 1.750000
 334 2.140000
 335 2.040000
 336 1.910000
 337 1.890000
 338 2.110000
 339 2.140000
 340 2.140000
 341 2.130000
 342 2.160000
 343 2.510000
 344 2.710000
 345 2.700000
 346 2.720000
 347 2.690000
 348 2.680000
 349 2.850000
 350 3.250000
 351 3.250000
 352 3.270000
 353 3.150000
 354 3.160000
 355 3.140000
 356 3.300000
 357 3.160000
 358 3.230000
 359 3.290000
 360 3.290000
 361 3.220000
 362 3.280000
 363 3.160000
 364 3.300000
 365 3.300000
 366 3.290000
 367 3.260000
 368 3.290000
 369 3.280000
 370 3.290000
 371 1.600000
 372 1.560000
 373 1.550000
 374 1.500000
 375 1.530000
 376 1.550000
 377 1.540000
 378 1.540000
 379 1.540000
 380 1.540000
 381 1.540000
 382 1.540000
 383 1.600000
 384 3.280000
 385 3.290000
 386 3.310000
 387 1.710000
 388 1.580000
 389 1.450000
 390 1.420000
 391 1.410000
 392 1.420000
 393 1.430000
 394 1.390000
 395 1.420000
 396 1.430000
 397 1.410000
 398 1.400000
 399 1.400000
 400 1.420000
 401 1.400000
 402 1.390000
 403 1.380000
 404 1.390000
 405 1.410000
 406 1.400000
 407 1.390000
 408 1.410000
 409 1.400000
 410 1.390000
 411 1.450000
 412 1.370000
 413 1.410000
 414 1.400000
 415 1.400000
 416 1.420000
 417 1.430000
 418 1.420000
 419 1.410000
 420 1.450000
 421 1.460000
 422 1.460000
 423 1.460000
 424 1.450000
 425 1.470000
 426 1.520000
 427 1.590000
 428 1.590000
 429 1.610000
 430 1.590000
 431 1.610000
 432 1.620000
 433 1.610000
 434 1.590000
 435 1.620000
 436 2.030000
 437 2.030000
 438 2.020000
 439 1.990000
 440 1.910000
 441 1.820000
 442 1.810000
 443 1.780000
 444 1.750000
 445 1.730000
 446 1.710000
 447 1.700000
 448 1.700000
 449 1.770000
 450 1.720000
 451 1.690000
 452 1.740000
 453 1.700000
 454 1.700000
 455 1.730000
 456 1.610000
 457 1.600000
 458 1.580000
 459 1.580000
 460 1.570000
 461 1.540000
 462 1.510000
 463 1.420000
 464 1.400000
 465 1.370000
 466 1.370000
 467 1.350000
 468 1.350000
 469 1.360000
 470 1.340000
 471 1.300000
 472 1.280000
 473 1.270000
 474 1.280000
 475 1.260000
 476 1.280000
 477 1.270000
 478 1.240000
 479 1.220000
 480 1.230000
 481 1.250000
 482 1.240000
 483 1.240000
 484 1.240000
 485 1.240000
 486 1.250000
 487 1.250000
 488 1.260000
 489 1.260000
 490 1.280000
 491 1.260000
 492 1.290000
 493 1.320000
 494 2.180000
 495 2.190000
 496 2.180000
 497 2.140000
 498 2.170000
 499 2.170000
 500 2.140000
 501 2.020000
 502 2.010000
 503 2.000000
 504 1.980000
 505 1.990000
 506 1.980000
 507 2.020000
 508 1.990000
 509 1.980000
 510 2.020000
 511 1.980000
 512 1.970000
 513 1.950000
 514 1.970000
 515 1.960000
 516 1.860000
 517 1.800000
 518 1.800000
 519 1.820000
 520 1.810000
 521 1.820000
 522 1.810000
 523 1.820000
 524 1.820000
 525 1.830000
 526 1.810000
 527 1.800000
 528 1.810000
 529 1.780000
 530 1.790000
 531 1.780000
 532 1.780000
 533 1.780000
 534 1.740000
 535 1.650000
 536 1.630000
 537 1.630000
 538 1.630000
 539 1.620000
 540 1.650000
 541 1.620000
 542 1.620000
 543 1.660000
 544 1.660000
 545 1.630000
 546 1.610000
 547 1.600000
 548 1.580000
 549 1.590000
 550 1.590000
 551 1.590000
 552 1.600000
 553 1.600000
 554 1.610000
 555 1.600000
 556 1.630000
 557 1.690000
 558 1.770000
 559 1.830000
 560 1.860000
 561 2.010000
 562 2.050000
 563 1.990000
 564 1.990000
 565 2.010000
 566 1.980000
 567 2.000000
 568 1.980000
 569 1.980000
 570 1.940000
 571 1.980000
 572 1.930000
 573 2.030000
 574 1.950000
 575 2.010000
 576 1.910000
 577 1.990000
 578 1.960000
 579 1.990000
 580 1.940000
 581 1.910000
 582 1.940000
 583 1.910000
 584 1.880000
 585 1.860000
 586 1.910000
 587 1.850000
 588 1.850000
 589 1.850000
 590 1.830000
 591 1.850000
 592 1.800000
 593 1.850000
 594 1.770000
 595 1.830000
 596 1.750000
 597 1.830000
 598 1.750000
 599 1.850000
 600 1.820000
 601 1.750000
 602 1.750000
 603 1.840000
 604 1.760000
 605 1.700000
 606 1.730000
 607 1.700000
 608 1.720000
 609 1.700000
 610 1.730000
 611 1.700000
 612 1.750000
 613 1.750000
 614 1.650000
 615 1.650000
 616 1.680000
 617 1.750000
 618 1.730000
 619 1.650000
 620 1.650000
 621 1.630000
 622 1.610000
 623 1.570000
 624 1.700000
 625 1.630000
 626 1.650000
 627 1.700000
 628 1.620000
 629 1.630000
 630 1.610000
 631 1.560000
 632 1.610000
 633 1.610000
 634 1.580000
 635 1.530000
 636 1.510000
 637 1.570000
 638 1.590000
 639 1.620000
 640 1.550000
 641 1.580000
 642 1.580000
 643 1.560000
 644 1.560000
 645 1.600000
 646 1.600000
 647 1.580000
 648 1.650000
 649 1.600000
 650 1.630000
 651 1.780000
 652 1.570000
 653 1.580000
 654 1.530000
 655 1.510000
 656 1.500000
 657 1.500000
 658 1.480000
 659 1.480000
 660 1.490000
 661 1.450000
 662 1.460000
 663 1.460000
 664 1.460000
 665 1.460000
 666 1.460000
 667 1.460000
 668 1.440000
 669 1.460000
 670 1.440000
 671 1.440000
 672 1.430000
 673 1.450000
 674 1.430000
 675 1.430000
 676 1.440000
 677 1.440000
 678 1.430000
 679 1.430000
 680 1.430000
 681 1.420000
 682 1.430000
 683 1.420000
 684 1.430000
 685 1.440000
 686 1.440000
 687 1.460000
 688 1.460000
 689 1.460000
 690 1.450000
 691 1.460000
 692 1.450000
 693 1.480000
 694 1.480000
 695 1.450000
 696 1.450000
 697 1.500000
 698 1.440000
 699 1.460000
 700 1.460000
 701 1.400000
 702 1.380000
 703 1.330000
 704 1.410000
 705 1.400000
 706 1.430000
 707 1.380000
 708 1.360000
 709 1.400000
 710 1.380000
 711 1.380000
 712 1.400000
 713 1.410000
 714 1.330000
 715 1.370000
 716 1.420000
 717 1.390000
 718 1.390000
 719 1.410000
 720 1.330000
 721 1.450000
 722 1.330000
 723 1.450000
 724 1.420000
 725 1.390000
 726 1.420000
 727 1.390000
 728 1.410000
 729 1.400000
 730 1.430000
 731 1.400000
 732 1.430000
 733 1.460000
 734 1.400000
 735 1.400000
 736 1.440000
 737 1.430000
 738 1.380000
 739 1.350000
 740 1.350000
 741 1.340000
 742 1.350000
 743 1.370000
 744 1.330000
 745 1.450000
 746 1.440000
 747 1.380000
 748 1.400000
 749 1.440000
 750 1.430000
 751 1.380000
 752 1.380000
 753 1.370000
 754 1.390000
 755 1.380000
 756 1.390000
 757 1.410000
 758 1.430000
 759 1.310000
 760 1.400000