
 0 2.430000
 1 2.330000
 2 2.280000
 3 2.260000
 4 2.210000
 5 2.130000
 6 2.080000
 7 2.080000
 8 2.050000
 9 2.050000
 10 2.050000
 11 2.080000
 12 2.060000
 13 2.370000
 14 2.430000
 15 2.370000
 16 2.380000
 17 2.450000
 18 2.510000
 19 2.460000
 20 2.430000
 21 2.440000
 22 2.440000
 23 2.560000
 24 2.520000
 25 2.510000
 26 2.490000
 27 2.470000
 28 2.520000
 29 2.530000
 30 2.500000
 31 2.480000
 32 2.460000
 33 2.510000
 34 2.450000
 35 2.430000
 36 2.510000
 37 2.520000
 38 2.510000
 39 2.540000
 40 2.840000
 41 2.830000
 42 2.860000
 43 2.860000
 44 2.860000
 45 2.880000
 46 2.860000
 47 2.880000
 48 2.880000
 49 2.880000
 50 2.880000
 51 2.880000
 52 2.880000
 53 2.880000
 54 2.180000
 55 2.260000
 56 2.210000
 57 2.210000
 58 2.250000
 59 2.290000
 60 2.230000
 61 2.350000
 62 2.330000
 63 2.330000
 64 2.250000
 65 2.380000
 66 2.370000
 67 2.380000
 68 2.350000
 69 2.350000
 70 2.340000
 71 2.290000
 72 2.320000
 73 2.350000
 74 2.400000
 75 2.310000
 76 2.350000
 77 2.400000
 78 2.280000
 79 2.400000
 80 2.380000
 81 2.300000
 82 2.340000
 83 2.350000
 84 2.350000
 85 2.280000
 86 2.300000
 87 2.200000
 88 2.170000
 89 2.150000
 90 2.280000
 91 2.150000
 92 2.250000
 93 2.250000
 94 2.230000
 95 2.180000
 96 2.180000
 97 2.280000
 98 2.190000
 99 2.120000
 100 2.100000
 101 2.170000
 102 2.250000
 103 2.150000
 104 2.240000
 105 2.250000
 106 2.230000
 107 2.250000
 108 2.240000
 109 2.230000
 110 2.280000
 111 2.180000
 112 2.280000
 113 2.280000
 114 2.240000
 115 2.260000
 116 2.260000
 117 2.260000
 118 2.270000
 119 2.290000
 120 2.300000
 121 2.360000
 122 2.370000
 123 2.390000
 124 2.460000
 125 2.480000
 126 2.550000
 127 2.540000
 128 2.590000
 129 2.590000
 130 2.620000
 131 2.680000
 132 2.730000
 133 2.730000
 134 2.750000
 135 2.750000
 136 2.780000
 137 2.780000
 138 2.800000
 139 2.790000
 140 2.790000
 141 2.790000
 142 2.810000
 143 2.840000
 144 2.880000
 145 2.900000
 146 2.930000
 147 2.890000
 148 2.950000
 149 2.940000
 150 2.980000
 151 3.000000
 152 3.030000
 153 3.020000
 154 3.060000
 155 3.080000
 156 3.130000
 157 3.110000
 158 3.180000
 159 3.180000
 160 3.180000
 161 3.180000
 162 3.210000
 163 3.230000
 164 3.210000
 165 3.230000
 166 3.260000
 167 3.260000
 168 3.250000
 169 3.330000
 170 3.350000
 171 3.350000
 172 3.350000
 173 3.380000
 174 3.400000
 175 3.380000
 176 3.380000
 177 3.420000
 178 3.400000
 179 3.430000
 180 3.460000
 181 3.510000
 182 3.560000
 183 3.570000
 184 3.710000
 185 3.770000
 186 3.800000
 187 3.750000
 188 3.770000
 189 3.820000
 190 3.820000
 191 3.840000
 192 3.850000
 193 3.840000
 194 3.900000
 195 3.780000
 196 3.800000
 197 3.800000
 198 3.830000
 199 3.980000
 200 4.000000
 201 4.030000
 202 4.030000
 203 4.050000
 204 4.050000
 205 4.050000
 206 4.080000
 207 3.990000
 208 3.980000
 209 3.970000
 210 3.980000
 211 3.990000
 212 4.010000
 213 3.960000
 214 3.960000
 215 3.880000
 216 3.940000
 217 3.990000
 218 3.960000
 219 3.940000
 220 3.960000
 221 3.870000
 222 3.780000
 223 3.420000
 224 3.420000
 225 3.780000
 226 1.670000
 227 1.660000
 228 1.630000
 229 1.650000
 230 1.660000
 231 1.650000
 232 1.660000
 233 1.650000
 234 1.650000
 235 1.650000
 236 1.620000
 237 1.630000
 238 1.640000
 239 1.640000
 240 1.630000
 241 1.630000
 242 1.630000
 243 1.620000
 244 1.620000
 245 1.610000
 246 1.630000
 247 1.630000
 248 1.640000
 249 1.660000
 250 1.750000
 251 1.710000
 252 1.730000
 253 1.760000
 254 1.850000
 255 2.730000
 256 2.710000
 257 2.730000
 258 2.680000
 259 2.660000
 260 2.670000
 261 2.670000
 262 2.670000
 263 2.670000
 264 2.640000
 265 2.670000
 266 2.640000
 267 2.630000
 268 2.650000
 269 2.660000
 270 2.680000
 271 2.650000
 272 2.680000
 273 2.650000
 274 2.630000
 275 2.650000
 276 2.650000
 277 2.680000
 278 1.460000
 279 1.470000
 280 1.450000
 281 1.470000
 282 1.470000
 283 1.470000
 284 1.470000
 285 1.470000
 286 1.470000
 287 1.450000
 288 1.450000
 289 1.480000
 290 1.480000
 291 1.500000
 292 1.680000
 293 1.820000
 294 1.820000
 295 1.820000
 296 1.820000
 297 1.800000
 298 1.820000
 299 1.780000
 300 1.820000
 301 1.930000
 302 2.170000
 303 2.170000
 304 2.170000
 305 2.170000
 306 2.170000
 307 2.200000
 308 2.310000
 309 1.400000
 310 1.420000
 311 1.400000
 312 1.400000
 313 1.400000
 314 1.400000
 315 1.400000
 316 1.400000
 317 1.400000
 318 1.400000
 319 1.400000
 320 1.370000
 321 1.400000
 322 1.400000
 323 1.370000
 324 1.370000
 325 1.370000
 326 1.400000
 327 1.370000
 328 1.370000
 329 1.400000
 330 1.370000
 331 1.370000
 332 1.370000
 333 1.370000
 334 1.370000
 335 1.370000
 336 1.400000
 337 1.370000
 338 1.400000
 339 1.370000
 340 1.370000
 341 1.400000
 342 1.400000
 343 1.400000
 344 1.400000
 345 1.390000
 346 3.530000
 347 3.530000
 348 3.490000
 349 3.530000
 350 3.440000
 351 3.500000
 352 3.510000
 353 3.490000
 354 3.490000
 355 3.440000
 356 3.470000
 357 3.480000
 358 2.190000
 359 2.150000
 360 2.140000
 361 2.170000
 362 1.880000
 363 1.800000
 364 1.770000
 365 1.770000
 366 1.790000
 367 1.580000
 368 1.450000
 369 1.420000
 370 1.420000
 371 1.420000
 372 1.450000
 373 1.440000
 374 1.420000
 375 1.450000
 376 1.420000
 377 1.420000
 378 1.420000
 379 1.450000
 380 1.480000
 381 2.260000
 382 2.230000
 383 2.280000
 384 2.260000
 385 2.280000
 386 2.260000
 387 2.260000
 388 2.280000
 389 2.280000
 390 2.260000
 391 2.260000
 392 2.280000
 393 2.280000
 394 2.280000
 395 2.290000
 396 2.280000
 397 2.280000
 398 2.320000
 399 2.320000
 400 2.280000
 401 2.310000
 402 2.310000
 403 2.280000
 404 2.310000
 405 2.280000
 406 2.310000
 407 2.280000
 408 2.320000
 409 1.430000
 410 1.390000
 411 1.380000
 412 1.410000
 413 1.410000
 414 1.410000
 415 1.410000
 416 1.410000
 417 1.400000
 418 1.400000
 419 1.400000
 420 1.400000
 421 1.430000
 422 1.430000
 423 1.430000
 424 1.420000
 425 1.420000
 426 1.440000
 427 1.450000
 428 1.440000
 429 1.480000
 430 1.480000
 431 1.700000
 432 1.910000
 433 1.930000
 434 1.910000
 435 1.930000
 436 1.930000
 437 1.910000
 438 1.930000
 439 2.000000
 440 4.080000
 441 4.110000
 442 4.110000
 443 4.110000
 444 4.130000
 445 4.130000
 446 1.680000
 447 1.650000
 448 1.650000
 449 1.600000
 450 1.600000
 451 1.580000
 452 1.580000
 453 1.610000
 454 1.580000
 455 1.610000
 456 1.610000
 457 1.610000
 458 1.630000
 459 1.630000
 460 2.740000
 461 2.660000
 462 2.630000
 463 2.590000
 464 2.620000
 465 2.640000
 466 4.210000
 467 4.210000
 468 4.210000
 469 4.210000
 470 4.210000
 471 4.230000
 472 4.230000
 473 4.230000
 474 4.230000
 475 4.180000
 476 4.150000
 477 4.100000
 478 4.080000
 479 4.080000
 480 4.080000
 481 4.080000
 482 4.050000
 483 3.990000
 484 3.970000
 485 3.430000
 486 3.400000
 487 3.400000
 488 3.380000
 489 3.100000
 490 3.090000
 491 3.110000
 492 4.040000
 493 3.130000
 494 3.160000
 495 4.080000
 496 4.140000
 497 3.710000
 498 3.660000
 499 3.560000
 500 3.550000
 501 3.590000
 502 2.900000
 503 2.890000
 504 2.880000
 505 2.820000
 506 2.810000
 507 2.810000
 508 2.810000
 509 3.630000
 510 3.720000
 511 3.730000
 512 3.730000
 513 3.710000
 514 3.710000
 515 3.710000
 516 3.680000
 517 3.680000
 518 3.680000
 519 3.660000
 520 3.660000
 521 3.630000
 522 3.630000
 523 3.610000
 524 3.610000
 525 3.580000
 526 3.580000
 527 3.580000
 528 3.580000
 529 3.560000
 530 3.530000
 531 3.530000
 532 3.530000
 533 3.530000
 534 3.530000
 535 3.510000
 536 3.480000
 537 3.480000
 538 3.480000
 539 3.480000
 540 3.460000
 541 3.460000
 542 3.460000
 543 3.430000
 544 3.440000
 545 3.430000
 546 3.420000
 547 3.420000
 548 3.410000
 549 3.420000
 550 3.400000
 551 4.390000
 552 4.370000
 553 4.370000
 554 4.370000
 555 4.340000
 556 4.080000
 557 4.050000
 558 4.080000
 559 4.170000
 560 4.290000
 561 4.270000
 562 4.250000
 563 4.240000
 564 4.240000
 565 4.240000
 566 4.220000
 567 4.220000
 568 4.220000
 569 4.190000
 570 4.190000
 571 4.190000
 572 4.170000
 573 4.170000
 574 4.170000
 575 4.120000
 576 4.130000
 577 4.120000
 578 4.120000
 579 3.090000
 580 3.120000
 581 3.120000
 582 4.090000
 583 4.070000
 584 4.080000
 585 4.050000
 586 4.040000
 587 4.050000
 588 4.050000
 589 4.030000
 590 4.030000
 591 4.030000
 592 4.030000
 593 4.000000
 594 4.000000
 595 3.980000
 596 3.240000
 597 3.180000
 598 3.150000
 599 3.160000
 600 3.180000
 601 3.180000
 602 3.190000
 603 3.220000
 604 3.190000
 605 3.160000
 606 3.160000
 607 3.190000
 608 3.190000
 609 3.170000
 610 3.140000
 611 3.190000
 612 3.050000
 613 3.160000
 614 3.080000
 615 3.180000
 616 3.160000
 617 3.120000
 618 3.130000
 619 3.030000
 620 3.080000
 621 3.050000
 622 3.020000
 623 3.030000
 624 3.100000
 625 3.030000
 626 3.080000
 627 3.040000
 628 3.060000
 629 3.050000
 630 3.060000
 631 3.070000
 632 3.040000
 633 3.060000
 634 3.040000
 635 3.060000
 636 3.130000
 637 3.030000
 638 3.060000
 639 3.060000
 640 3.060000
 641 3.050000
 642 3.070000
 643 3.050000
 644 3.100000
 645 3.100000
 646 3.110000
 647 3.130000
 648 3.120000
 649 3.120000
 650 3.080000
 651 3.120000
 652 3.230000
 653 3.230000
 654 3.250000
 655 3.250000
 656 3.150000
 657 3.180000
 658 3.280000
 659 3.250000
 660 3.260000
 661 3.330000
 662 3.290000
 663 3.290000
 664 3.300000
 665 3.330000
 666 3.300000
 667 3.330000
 668 3.330000
 669 3.350000
 670 3.350000
 671 3.350000
 672 3.370000
 673 3.360000
 674 3.330000
 675 3.350000
 676 3.340000
 677 3.340000
 678 3.360000
 679 3.380000
 680 3.410000
 681 3.410000
 682 3.410000
 683 3.380000
 684 3.380000
 685 3.380000
 686 3.430000
 687 3.320000
 688 3.300000
 689 6.270000
 690 4.560000
 691 4.290000
 692 4.250000
 693 4.300000
 694 3.210000
 695 3.210000
 696 3.220000
 697 3.240000
 698 3.490000
 699 3.610000
 700 3.850000
 701 3.720000
 702 3.710000
 703 3.730000
 704 3.710000
 705 3.710000
 706 3.710000
 707 3.710000
 708 3.710000
 709 3.380000
 710 3.660000
 711 3.730000
 712 3.710000
 713 3.730000
 714 3.730000
 715 3.730000
 716 3.760000
 717 3.660000
 718 3.680000
 719 3.680000
 720 3.680000
 721 3.680000
 722 3.730000
 723 3.710000
 724 3.710000
 725 3.730000
 726 3.730000
 727 3.730000
 728 3.760000
 729 3.760000
 730 3.730000
 731 3.760000
 732 3.760000
 733 3.760000
 734 3.780000
 735 3.760000
 736 3.810000
 737 3.810000
 738 3.770000
 739 3.740000
 740 3.690000
 741 3.660000
 742 3.240000
 743 3.220000
 744 3.250000
 745 3.500000
 746 3.480000
 747 3.450000
 748 3.120000
 749 3.070000
 750 3.100000
 751 3.180000
 752 3.100000
 753 3.040000
 754 3.050000
 755 3.080000
 756 3.230000
 757 2.980000
 758 2.950000
 759 3.090000
 760 3.070000
 0 2.430000
 1 2.380000
 2 2.310000
 3 2.230000
 4 2.210000
 5 2.160000
 6 2.080000
 7 2.050000
 8 2.050000
 9 2.050000
 10 2.050000
 11 2.050000
 12 2.060000
 13 2.370000
 14 2.430000
 15 2.380000
 16 2.380000
 17 2.450000
 18 2.490000
 19 2.460000
 20 2.430000
 21 2.440000
 22 2.440000
 23 2.560000
 24 2.530000
 25 2.470000
 26 2.490000
 27 2.510000
 28 2.540000
 29 2.530000
 30 2.500000
 31 2.510000
 32 2.460000
 33 2.490000
 34 2.480000
 35 2.450000
 36 2.500000
 37 2.520000
 38 2.510000
 39 2.540000
 40 2.830000
 41 2.830000
 42 2.830000
 43 2.860000
 44 2.860000
 45 2.860000
 46 2.880000
 47 2.860000
 48 2.880000
 49 2.880000
 50 2.880000
 51 2.910000
 52 2.880000
 53 2.910000
 54 2.160000
 55 2.260000
 56 2.210000
 57 2.210000
 58 2.230000
 59 2.320000
 60 2.230000
 61 2.350000
 62 2.330000
 63 2.300000
 64 2.230000
 65 2.380000
 66 2.450000
 67 2.380000
 68 2.380000
 69 2.350000
 70 2.370000
 71 2.280000
 72 2.340000
 73 2.380000
 74 2.430000
 75 2.280000
 76 2.380000
 77 2.380000
 78 2.280000
 79 2.430000
 80 2.400000
 81 2.300000
 82 2.340000
 83 2.350000
 84 2.350000
 85 2.280000
 86 2.300000
 87 2.200000
 88 2.150000
 89 2.150000
 90 2.280000
 91 2.150000
 92 2.250000
 93 2.250000
 94 2.230000
 95 2.180000
 96 2.180000
 97 2.280000
 98 2.180000
 99 2.120000
 100 2.100000
 101 2.170000
 102 2.250000
 103 2.100000
 104 2.240000
 105 2.250000
 106 2.230000
 107 2.250000
 108 2.270000
 109 2.250000
 110 2.250000
 111 2.180000
 112 2.280000
 113 2.270000
 114 2.260000
 115 2.230000
 116 2.270000
 117 2.250000
 118 2.280000
 119 2.290000
 120 2.320000
 121 2.330000
 122 2.350000
 123 2.420000
 124 2.430000
 125 2.480000
 126 2.580000
 127 2.540000
 128 2.570000
 129 2.590000
 130 2.620000
 131 2.650000
 132 2.730000
 133 2.730000
 134 2.750000
 135 2.750000
 136 2.780000
 137 2.800000
 138 2.800000
 139 2.790000
 140 2.790000
 141 2.810000
 142 2.840000
 143 2.840000
 144 2.900000
 145 2.900000
 146 2.930000
 147 2.890000
 148 2.940000
 149 2.980000
 150 2.980000
 151 3.000000
 152 3.050000
 153 3.040000
 154 3.060000
 155 3.110000
 156 3.130000
 157 3.130000
 158 3.180000
 159 3.180000
 160 3.180000
 161 3.210000
 162 3.230000
 163 3.230000
 164 3.230000
 165 3.230000
 166 3.260000
 167 3.260000
 168 3.250000
 169 3.330000
 170 3.330000
 171 3.330000
 172 3.350000
 173 3.380000
 174 3.380000
 175 3.360000
 176 3.380000
 177 3.430000
 178 3.410000
 179 3.430000
 180 3.490000
 181 3.520000
 182 3.530000
 183 3.580000
 184 3.730000
 185 3.770000
 186 3.800000
 187 3.800000
 188 3.770000
 189 3.790000
 190 3.820000
 191 3.820000
 192 3.850000
 193 3.880000
 194 3.900000
 195 3.800000
 196 3.800000
 197 3.800000
 198 3.830000
 199 3.980000
 200 4.030000
 201 4.000000
 202 4.030000
 203 4.050000
 204 4.030000
 205 4.050000
 206 4.090000
 207 4.000000
 208 3.980000
 209 3.950000
 210 3.980000
 211 3.970000
 212 4.040000
 213 3.960000
 214 3.960000
 215 3.880000
 216 3.950000
 217 3.970000
 218 3.960000
 219 3.960000
 220 3.960000
 221 3.870000
 222 3.850000
 223 3.440000
 224 3.440000
 225 3.750000
 226 1.670000
 227 1.660000
 228 1.680000
 229 1.650000
 230 1.660000
 231 1.650000
 232 1.650000
 233 1.650000
 234 1.620000
 235 1.650000
 236 1.630000
 237 1.660000
 238 1.650000
 239 1.620000
 240 1.630000
 241 1.630000
 242 1.610000
 243 1.620000
 244 1.620000
 245 1.610000
 246 1.630000
 247 1.620000
 248 1.650000
 249 1.660000
 250 1.720000
 251 1.700000
 252 1.750000
 253 1.750000
 254 1.850000
 255 2.730000
 256 2.730000
 257 2.730000
 258 2.680000
 259 2.680000
 260 2.670000
 261 2.640000
 262 2.670000
 263 2.670000
 264 2.640000
 265 2.640000
 266 2.660000
 267 2.660000
 268 2.650000
 269 2.660000
 270 2.680000
 271 2.680000
 272 2.680000
 273 2.660000
 274 2.630000
 275 2.650000
 276 2.650000
 277 2.670000
 278 1.460000
 279 1.470000
 280 1.480000
 281 1.480000
 282 1.480000
 283 1.450000
 284 1.480000
 285 1.450000
 286 1.470000
 287 1.480000
 288 1.480000
 289 1.460000
 290 1.480000
 291 1.530000
 292 1.680000
 293 1.790000
 294 1.800000
 295 1.800000
 296 1.800000
 297 1.830000
 298 1.790000
 299 1.810000
 300 1.840000
 301 1.930000
 302 2.180000
 303 2.180000
 304 2.180000
 305 2.170000
 306 2.170000
 307 2.180000
 308 2.280000
 309 1.400000
 310 1.400000
 311 1.400000
 312 1.400000
 313 1.400000
 314 1.400000
 315 1.400000
 316 1.430000
 317 1.400000
 318 1.400000
 319 1.400000
 320 1.380000
 321 1.400000
 322 1.380000
 323 1.400000
 324 1.380000
 325 1.400000
 326 1.400000
 327 1.380000
 328 1.400000
 329 1.380000
 330 1.380000
 331 1.400000
 332 1.380000
 333 1.400000
 334 1.380000
 335 1.400000
 336 1.390000
 337 1.380000
 338 1.400000
 339 1.380000
 340 1.380000
 341 1.380000
 342 1.380000
 343 1.400000
 344 1.380000
 345 1.450000
 346 3.560000
 347 3.550000
 348 3.530000
 349 3.500000
 350 3.440000
 351 3.480000
 352 3.500000
 353 3.490000
 354 3.490000
 355 3.440000
 356 3.470000
 357 3.460000
 358 2.250000
 359 2.180000
 360 2.140000
 361 2.140000
 362 1.880000
 363 1.780000
 364 1.770000
 365 1.790000
 366 1.770000
 367 1.610000
 368 1.450000
 369 1.450000
 370 1.450000
 371 1.450000
 372 1.450000
 373 1.440000
 374 1.420000
 375 1.430000
 376 1.440000
 377 1.450000
 378 1.450000
 379 1.450000
 380 1.480000
 381 2.230000
 382 2.230000
 383 2.260000
 384 2.280000
 385 2.260000
 386 2.260000
 387 2.280000
 388 2.260000
 389 2.260000
 390 2.280000
 391 2.280000
 392 2.280000
 393 2.280000
 394 2.270000
 395 2.280000
 396 2.280000
 397 2.290000
 398 2.290000
 399 2.320000
 400 2.280000
 401 2.280000
 402 2.310000
 403 2.310000
 404 2.310000
 405 2.280000
 406 2.310000
 407 2.320000
 408 2.320000
 409 1.420000
 410 1.420000
 411 1.410000
 412 1.410000
 413 1.410000
 414 1.410000
 415 1.410000
 416 1.410000
 417 1.400000
 418 1.400000
 419 1.430000
 420 1.400000
 421 1.430000
 422 1.430000
 423 1.430000
 424 1.440000
 425 1.440000
 426 1.440000
 427 1.450000
 428 1.470000
 429 1.480000
 430 1.500000
 431 1.680000
 432 1.910000
 433 1.910000
 434 1.910000
 435 1.930000
 436 1.930000
 437 1.960000
 438 1.960000
 439 1.980000
 440 4.110000
 441 4.080000
 442 4.110000
 443 4.110000
 444 4.110000
 445 4.120000
 446 1.670000
 447 1.630000
 448 1.630000
 449 1.600000
 450 1.600000
 451 1.610000
 452 1.580000
 453 1.580000
 454 1.610000
 455 1.610000
 456 1.610000
 457 1.630000
 458 1.630000
 459 1.630000
 460 2.770000
 461 2.660000
 462 2.630000
 463 2.590000
 464 2.590000
 465 2.620000
 466 4.210000
 467 4.210000
 468 4.210000
 469 4.230000
 470 4.230000
 471 4.230000
 472 4.260000
 473 4.260000
 474 4.260000
 475 4.180000
 476 4.150000
 477 4.100000
 478 4.050000
 479 4.080000
 480 4.080000
 481 4.080000
 482 4.080000
 483 4.030000
 484 4.010000
 485 3.430000
 486 3.400000
 487 3.400000
 488 3.350000
 489 3.130000
 490 3.090000
 491 3.110000
 492 4.020000
 493 3.100000
 494 3.180000
 495 4.080000
 496 4.140000
 497 3.730000
 498 3.670000
 499 3.570000
 500 3.570000
 501 3.570000
 502 2.900000
 503 2.890000
 504 2.880000
 505 2.820000
 506 2.810000
 507 2.840000
 508 2.830000
 509 3.630000
 510 3.700000
 511 3.750000
 512 3.730000
 513 3.710000
 514 3.730000
 515 3.710000
 516 3.710000
 517 3.680000
 518 3.660000
 519 3.660000
 520 3.660000
 521 3.630000
 522 3.610000
 523 3.610000
 524 3.580000
 525 3.580000
 526 3.580000
 527 3.560000
 528 3.560000
 529 3.560000
 530 3.560000
 531 3.560000
 532 3.530000
 533 3.510000
 534 3.530000
 535 3.510000
 536 3.510000
 537 3.510000
 538 3.480000
 539 3.480000
 540 3.470000
 541 3.490000
 542 3.460000
 543 3.430000
 544 3.470000
 545 3.440000
 546 3.440000
 547 3.440000
 548 3.410000
 549 3.410000
 550 3.400000
 551 4.390000
 552 4.370000
 553 4.370000
 554 4.340000
 555 4.340000
 556 4.080000
 557 4.050000
 558 4.050000
 559 4.190000
 560 4.290000
 561 4.280000
 562 4.270000
 563 4.250000
 564 4.240000
 565 4.240000
 566 4.220000
 567 4.240000
 568 4.190000
 569 4.190000
 570 4.190000
 571 4.170000
 572 4.170000
 573 4.170000
 574 4.140000
 575 4.140000
 576 4.130000
 577 4.120000
 578 4.120000
 579 3.090000
 580 3.120000
 581 3.070000
 582 4.090000
 583 4.070000
 584 4.070000
 585 4.050000
 586 4.050000
 587 4.050000
 588 4.030000
 589 4.030000
 590 4.030000
 591 4.000000
 592 4.000000
 593 4.000000
 594 4.000000
 595 3.980000
 596 3.240000
 597 3.180000
 598 3.140000
 599 3.160000
 600 3.180000
 601 3.180000
 602 3.190000
 603 3.190000
 604 3.190000
 605 3.170000
 606 3.160000
 607 3.190000
 608 3.190000
 609 3.170000
 610 3.170000
 611 3.190000
 612 3.080000
 613 3.190000
 614 3.080000
 615 3.150000
 616 3.160000
 617 3.150000
 618 3.140000
 619 3.030000
 620 3.050000
 621 3.050000
 622 3.020000
 623 3.000000
 624 3.090000
 625 3.030000
 626 3.080000
 627 3.070000
 628 3.060000
 629 3.050000
 630 3.060000
 631 3.000000
 632 3.060000
 633 3.040000
 634 3.030000
 635 3.060000
 636 3.130000
 637 3.000000
 638 3.060000
 639 3.060000
 640 3.050000
 641 3.050000
 642 3.110000
 643 3.050000
 644 3.100000
 645 3.100000
 646 3.130000
 647 3.130000
 648 3.130000
 649 3.120000
 650 3.120000
 651 3.120000
 652 3.230000
 653 3.250000
 654 3.250000
 655 3.250000
 656 3.180000
 657 3.300000
 658 3.250000
 659 3.250000
 660 3.280000
 661 3.300000
 662 3.310000
 663 3.290000
 664 3.300000
 665 3.330000
 666 3.330000
 667 3.330000
 668 3.330000
 669 3.330000
 670 3.350000
 671 3.350000
 672 3.360000
 673 3.380000
 674 3.360000
 675 3.350000
 676 3.350000
 677 3.370000
 678 3.380000
 679 3.380000
 680 3.410000
 681 3.390000
 682 3.430000
 683 3.380000
 684 3.380000
 685 3.380000
 686 3.410000
 687 3.320000
 688 3.300000
 689 6.270000
 690 4.590000
 691 4.290000
 692 4.260000
 693 4.320000
 694 3.220000
 695 3.210000
 696 3.190000
 697 3.240000
 698 3.520000
 699 3.590000
 700 3.850000
 701 3.690000
 702 3.680000
 703 3.710000
 704 3.710000
 705 3.710000
 706 3.710000
 707 3.710000
 708 3.730000
 709 3.380000
 710 3.660000
 711 3.730000
 712 3.760000
 713 3.730000
 714 3.730000
 715 3.730000
 716 3.760000
 717 3.680000
 718 3.680000
 719 3.710000
 720 3.680000
 721 3.710000
 722 3.710000
 723 3.710000
 724 3.710000
 725 3.730000
 726 3.730000
 727 3.730000
 728 3.730000
 729 3.730000
 730 3.760000
 731 3.760000
 732 3.760000
 733 3.760000
 734 3.780000
 735 3.810000
 736 3.780000
 737 3.810000
 738 3.790000
 739 3.740000
 740 3.710000
 741 3.640000
 742 3.260000
 743 3.250000
 744 3.250000
 745 3.500000
 746 3.480000
 747 3.450000
 748 3.130000
 749 3.090000
 750 3.130000
 751 3.150000
 752 3.100000
 753 3.040000
 754 3.050000
 755 3.080000
 756 3.250000
 757 2.990000
 758 2.950000
 759 3.090000
 760 3.040000
 0 2.410000
 1 2.360000
 2 2.280000
 3 2.230000
 4 2.210000
 5 2.160000
 6 2.080000
 7 2.060000
 8 2.050000
 9 2.050000
 10 2.050000
 11 2.050000
 12 2.060000
 13 2.370000
 14 2.430000
 15 2.380000
 16 2.360000
 17 2.450000
 18 2.470000
 19 2.450000
 20 2.430000
 21 2.470000
 22 2.450000
 23 2.560000
 24 2.530000
 25 2.480000
 26 2.520000
 27 2.480000
 28 2.550000
 29 2.540000
 30 2.500000
 31 2.490000
 32 2.490000
 33 2.490000
 34 2.480000
 35 2.430000
 36 2.530000
 37 2.560000
 38 2.520000
 39 2.520000
 40 2.840000
 41 2.840000
 42 2.840000
 43 2.860000
 44 2.840000
 45 2.890000
 46 2.890000
 47 2.890000
 48 2.860000
 49 2.890000
 50 2.910000
 51 2.890000
 52 2.910000
 53 2.910000
 54 2.190000
 55 2.260000
 56 2.230000
 57 2.220000
 58 2.260000
 59 2.320000
 60 2.230000
 61 2.330000
 62 2.300000
 63 2.330000
 64 2.250000
 65 2.380000
 66 2.370000
 67 2.380000
 68 2.380000
 69 2.350000
 70 2.350000
 71 2.310000
 72 2.350000
 73 2.350000
 74 2.430000
 75 2.290000
 76 2.350000
 77 2.400000
 78 2.300000
 79 2.430000
 80 2.380000
 81 2.270000
 82 2.350000
 83 2.350000
 84 2.350000
 85 2.280000
 86 2.300000
 87 2.180000
 88 2.170000
 89 2.180000
 90 2.280000
 91 2.130000
 92 2.280000
 93 2.280000
 94 2.200000
 95 2.200000
 96 2.170000
 97 2.280000
 98 2.160000
 99 2.100000
 100 2.130000
 101 2.170000
 102 2.230000
 103 2.130000
 104 2.250000
 105 2.250000
 106 2.230000
 107 2.250000
 108 2.250000
 109 2.230000
 110 2.280000
 111 2.180000
 112 2.280000
 113 2.270000
 114 2.240000
 115 2.260000
 116 2.270000
 117 2.260000
 118 2.280000
 119 2.300000
 120 2.320000
 121 2.360000
 122 2.350000
 123 2.390000
 124 2.430000
 125 2.510000
 126 2.550000
 127 2.520000
 128 2.600000
 129 2.600000
 130 2.600000
 131 2.650000
 132 2.730000
 133 2.730000
 134 2.780000
 135 2.780000
 136 2.800000
 137 2.780000
 138 2.780000
 139 2.820000
 140 2.790000
 141 2.790000
 142 2.810000
 143 2.850000
 144 2.880000
 145 2.900000
 146 2.930000
 147 2.920000
 148 2.950000
 149 2.970000
 150 2.980000
 151 3.030000
 152 3.030000
 153 3.030000
 154 3.060000
 155 3.090000
 156 3.140000
 157 3.140000
 158 3.160000
 159 3.210000
 160 3.160000
 161 3.210000
 162 3.240000
 163 3.240000
 164 3.210000
 165 3.240000
 166 3.260000
 167 3.280000
 168 3.250000
 169 3.300000
 170 3.330000
 171 3.350000
 172 3.330000
 173 3.350000
 174 3.400000
 175 3.380000
 176 3.380000
 177 3.420000
 178 3.410000
 179 3.430000
 180 3.490000
 181 3.520000
 182 3.530000
 183 3.590000
 184 3.730000
 185 3.740000
 186 3.800000
 187 3.800000
 188 3.770000
 189 3.800000
 190 3.800000
 191 3.820000
 192 3.850000
 193 3.870000
 194 3.900000
 195 3.780000
 196 3.800000
 197 3.800000
 198 3.950000
 199 3.950000
 200 4.000000
 201 4.000000
 202 4.030000
 203 4.050000
 204 4.030000
 205 4.050000
 206 4.090000
 207 3.990000
 208 3.960000
 209 3.980000
 210 3.950000
 211 3.970000
 212 4.040000
 213 3.930000
 214 3.960000
 215 3.880000
 216 3.960000
 217 3.830000
 218 3.960000
 219 3.960000
 220 3.940000
 221 3.900000
 222 3.810000
 223 3.420000
 224 3.420000
 225 3.750000
 226 1.700000
 227 1.660000
 228 1.660000
 229 1.650000
 230 1.630000
 231 1.680000
 232 1.660000
 233 1.670000
 234 1.660000
 235 1.630000
 236 1.650000
 237 1.630000
 238 1.650000
 239 1.620000
 240 1.610000
 241 1.630000
 242 1.610000
 243 1.650000
 244 1.620000
 245 1.610000
 246 1.610000
 247 1.650000
 248 1.660000
 249 1.700000
 250 1.750000
 251 1.710000
 252 1.730000
 253 1.740000
 254 1.860000
 255 2.740000
 256 2.740000
 257 2.730000
 258 2.680000
 259 2.660000
 260 2.690000
 261 2.670000
 262 2.670000
 263 2.640000
 264 2.670000
 265 2.670000
 266 2.660000
 267 2.650000
 268 2.660000
 269 2.660000
 270 2.680000
 271 2.680000
 272 2.680000
 273 2.660000
 274 2.640000
 275 2.650000
 276 2.660000
 277 2.670000
 278 1.490000
 279 1.470000
 280 1.480000
 281 1.450000
 282 1.480000
 283 1.480000
 284 1.480000
 285 1.480000
 286 1.450000
 287 1.480000
 288 1.480000
 289 1.460000
 290 1.480000
 291 1.500000
 292 1.660000
 293 1.820000
 294 1.830000
 295 1.800000
 296 1.800000
 297 1.800000
 298 1.830000
 299 1.790000
 300 1.850000
 301 1.940000
 302 2.180000
 303 2.180000
 304 2.170000
 305 2.170000
 306 2.170000
 307 2.200000
 308 2.280000
 309 1.400000
 310 1.400000
 311 1.400000
 312 1.400000
 313 1.400000
 314 1.400000
 315 1.400000
 316 1.400000
 317 1.400000
 318 1.400000
 319 1.400000
 320 1.400000
 321 1.400000
 322 1.400000
 323 1.400000
 324 1.400000
 325 1.400000
 326 1.380000
 327 1.400000
 328 1.400000
 329 1.400000
 330 1.380000
 331 1.380000
 332 1.380000
 333 1.380000
 334 1.380000
 335 1.380000
 336 1.390000
 337 1.370000
 338 1.400000
 339 1.380000
 340 1.380000
 341 1.380000
 342 1.380000
 343 1.380000
 344 1.380000
 345 1.430000
 346 3.540000
 347 3.530000
 348 3.500000
 349 3.530000
 350 3.450000
 351 3.480000
 352 3.510000
 353 3.490000
 354 3.500000
 355 3.440000
 356 3.480000
 357 3.480000
 358 2.160000
 359 2.150000
 360 2.140000
 361 2.140000
 362 1.910000
 363 1.780000
 364 1.790000
 365 1.770000
 366 1.770000
 367 1.590000
 368 1.450000
 369 1.450000
 370 1.450000
 371 1.450000
 372 1.450000
 373 1.440000
 374 1.420000
 375 1.450000
 376 1.430000
 377 1.430000
 378 1.450000
 379 1.430000
 380 1.490000
 381 2.260000
 382 2.260000
 383 2.290000
 384 2.260000
 385 2.260000
 386 2.290000
 387 2.260000
 388 2.290000
 389 2.260000
 390 2.260000
 391 2.290000
 392 2.260000
 393 2.290000
 394 2.260000
 395 2.290000
 396 2.260000
 397 2.290000
 398 2.290000
 399 2.290000
 400 2.310000
 401 2.290000
 402 2.290000
 403 2.310000
 404 2.310000
 405 2.320000
 406 2.310000
 407 2.310000
 408 2.290000
 409 1.430000
 410 1.400000
 411 1.410000
 412 1.390000
 413 1.390000
 414 1.410000
 415 1.390000
 416 1.410000
 417 1.400000
 418 1.400000
 419 1.400000
 420 1.430000
 421 1.430000
 422 1.430000
 423 1.430000
 424 1.420000
 425 1.420000
 426 1.440000
 427 1.430000
 428 1.450000
 429 1.480000
 430 1.500000
 431 1.730000
 432 1.910000
 433 1.910000
 434 1.910000
 435 1.940000
 436 1.910000
 437 1.940000
 438 1.940000
 439 1.980000
 440 4.110000
 441 4.110000
 442 4.110000
 443 4.140000
 444 4.110000
 445 4.130000
 446 1.700000
 447 1.630000
 448 1.630000
 449 1.630000
 450 1.580000
 451 1.610000
 452 1.610000
 453 1.610000
 454 1.610000
 455 1.610000
 456 1.640000
 457 1.640000
 458 1.610000
 459 1.630000
 460 2.720000
 461 2.690000
 462 2.610000
 463 2.600000
 464 2.620000
 465 2.620000
 466 4.210000
 467 4.210000
 468 4.210000
 469 4.210000
 470 4.240000
 471 4.240000
 472 4.240000
 473 4.240000
 474 4.240000
 475 4.180000
 476 4.150000
 477 4.100000
 478 4.050000
 479 4.050000
 480 4.080000
 481 4.100000
 482 4.080000
 483 3.990000
 484 3.980000
 485 3.430000
 486 3.410000
 487 3.410000
 488 3.360000
 489 3.130000
 490 3.100000
 491 3.090000
 492 4.020000
 493 3.110000
 494 3.160000
 495 4.110000
 496 4.140000
 497 3.710000
 498 3.670000
 499 3.570000
 500 3.570000
 501 3.570000
 502 2.920000
 503 2.890000
 504 2.880000
 505 2.850000
 506 2.810000
 507 2.810000
 508 2.840000
 509 3.610000
 510 3.730000
 511 3.730000
 512 3.740000
 513 3.740000
 514 3.710000
 515 3.690000
 516 3.710000
 517 3.690000
 518 3.660000
 519 3.660000
 520 3.660000
 521 3.640000
 522 3.640000
 523 3.640000
 524 3.590000
 525 3.610000
 526 3.560000
 527 3.590000
 528 3.560000
 529 3.590000
 530 3.560000
 531 3.540000
 532 3.540000
 533 3.510000
 534 3.510000
 535 3.490000
 536 3.510000
 537 3.490000
 538 3.460000
 539 3.490000
 540 3.490000
 541 3.460000
 542 3.460000
 543 3.440000
 544 3.440000
 545 3.410000
 546 3.440000
 547 3.420000
 548 3.410000
 549 3.410000
 550 3.430000
 551 4.400000
 552 4.370000
 553 4.370000
 554 4.370000
 555 4.350000
 556 4.080000
 557 4.090000
 558 4.080000
 559 4.200000
 560 4.270000
 561 4.300000
 562 4.280000
 563 4.270000
 564 4.250000
 565 4.220000
 566 4.250000
 567 4.220000
 568 4.220000
 569 4.200000
 570 4.200000
 571 4.170000
 572 4.170000
 573 4.150000
 574 4.150000
 575 4.120000
 576 4.100000
 577 4.120000
 578 4.120000
 579 3.060000
 580 3.120000
 581 3.070000
 582 4.100000
 583 4.070000
 584 4.080000
 585 4.080000
 586 4.050000
 587 4.050000
 588 4.050000
 589 4.030000
 590 4.030000
 591 4.030000
 592 4.000000
 593 4.000000
 594 4.000000
 595 3.980000
 596 3.250000
 597 3.180000
 598 3.140000
 599 3.190000
 600 3.180000
 601 3.160000
 602 3.190000
 603 3.200000
 604 3.220000
 605 3.160000
 606 3.190000
 607 3.170000
 608 3.200000
 609 3.170000
 610 3.170000
 611 3.200000
 612 3.050000
 613 3.190000
 614 3.050000
 615 3.160000
 616 3.170000
 617 3.150000
 618 3.170000
 619 3.030000
 620 3.050000
 621 3.050000
 622 3.050000
 623 3.030000
 624 3.090000
 625 3.000000
 626 3.070000
 627 3.070000
 628 3.080000
 629 3.050000
 630 3.070000
 631 3.080000
 632 3.070000
 633 3.070000
 634 3.040000
 635 3.090000
 636 3.150000
 637 3.000000
 638 3.090000
 639 3.060000
 640 3.060000
 641 3.050000
 642 3.110000
 643 3.120000
 644 3.080000
 645 3.070000
 646 3.110000
 647 3.130000
 648 3.160000
 649 3.120000
 650 3.120000
 651 3.120000
 652 3.240000
 653 3.260000
 654 3.260000
 655 3.260000
 656 3.180000
 657 3.280000
 658 3.270000
 659 3.260000
 660 3.260000
 661 3.330000
 662 3.290000
 663 3.290000
 664 3.300000
 665 3.310000
 666 3.310000
 667 3.330000
 668 3.330000
 669 3.330000
 670 3.360000
 671 3.370000
 672 3.350000
 673 3.390000
 674 3.330000
 675 3.340000
 676 3.340000
 677 3.340000
 678 3.370000
 679 3.380000
 680 3.380000
 681 3.390000
 682 3.410000
 683 3.380000
 684 3.380000
 685 3.380000
 686 3.410000
 687 3.320000
 688 3.320000
 689 6.300000
 690 4.550000
 691 4.300000
 692 4.250000
 693 4.320000
 694 3.220000
 695 3.210000
 696 3.220000
 697 3.220000
 698 3.510000
 699 3.590000
 700 3.880000
 701 3.700000
 702 3.710000
 703 3.710000
 704 3.710000
 705 3.710000
 706 3.710000
 707 3.710000
 708 3.710000
 709 3.390000
 710 3.690000
 711 3.710000
 712 3.740000
 713 3.740000
 714 3.740000
 715 3.740000
 716 3.760000
 717 3.660000
 718 3.690000
 719 3.710000
 720 3.690000
 721 3.690000
 722 3.710000
 723 3.710000
 724 3.710000
 725 3.740000
 726 3.740000
 727 3.740000
 728 3.740000
 729 3.740000
 730 3.760000
 731 3.760000
 732 3.760000
 733 3.760000
 734 3.790000
 735 3.790000
 736 3.790000
 737 3.790000
 738 3.800000
 739 3.750000
 740 3.710000
 741 3.640000
 742 3.240000
 743 3.250000
 744 3.260000
 745 3.530000
 746 3.480000
 747 3.450000
 748 3.120000
 749 3.100000
 750 3.130000
 751 3.150000
 752 3.100000
 753 3.050000
 754 3.050000
 755 3.080000
 756 3.230000
 757 2.980000
 758 2.960000
 759 3.070000
 760 3.050000
 0 2.410000
 1 2.360000
 2 2.310000
 3 2.260000
 4 2.180000
 5 2.160000
 6 2.110000
 7 2.060000
 8 2.050000
 9 2.050000
 10 2.050000
 11 2.050000
 12 2.060000
 13 2.370000
 14 2.400000
 15 2.400000
 16 2.360000
 17 2.450000
 18 2.470000
 19 2.460000
 20 2.430000
 21 2.440000
 22 2.460000
 23 2.560000
 24 2.530000
 25 2.510000
 26 2.520000
 27 2.510000
 28 2.550000
 29 2.540000
 30 2.530000
 31 2.490000
 32 2.460000
 33 2.490000
 34 2.450000
 35 2.450000
 36 2.530000
 37 2.500000
 38 2.520000
 39 2.540000
 40 2.840000
 41 2.840000
 42 2.860000
 43 2.890000
 44 2.860000
 45 2.860000
 46 2.860000
 47 2.890000
 48 2.890000
 49 2.890000
 50 2.890000
 51 2.910000
 52 2.910000
 53 2.890000
 54 2.190000
 55 2.260000
 56 2.210000
 57 2.220000
 58 2.220000
 59 2.320000
 60 2.230000
 61 2.330000
 62 2.300000
 63 2.300000
 64 2.250000
 65 2.380000
 66 2.400000
 67 2.350000
 68 2.350000
 69 2.350000
 70 2.350000
 71 2.280000
 72 2.370000
 73 2.380000
 74 2.430000
 75 2.290000
 76 2.350000
 77 2.400000
 78 2.280000
 79 2.400000
 80 2.380000
 81 2.300000
 82 2.380000
 83 2.350000
 84 2.330000
 85 2.300000
 86 2.330000
 87 2.210000
 88 2.170000
 89 2.150000
 90 2.280000
 91 2.130000
 92 2.250000
 93 2.250000
 94 2.200000
 95 2.170000
 96 2.180000
 97 2.250000
 98 2.180000
 99 2.090000
 100 2.130000
 101 2.150000
 102 2.230000
 103 2.130000
 104 2.220000
 105 2.250000
 106 2.250000
 107 2.230000
 108 2.270000
 109 2.260000
 110 2.260000
 111 2.180000
 112 2.280000
 113 2.300000
 114 2.240000
 115 2.230000
 116 2.270000
 117 2.270000
 118 2.270000
 119 2.290000
 120 2.350000
 121 2.340000
 122 2.360000
 123 2.420000
 124 2.430000
 125 2.480000
 126 2.550000
 127 2.550000
 128 2.570000
 129 2.600000
 130 2.620000
 131 2.650000
 132 2.730000
 133 2.730000
 134 2.750000
 135 2.780000
 136 2.780000
 137 2.780000
 138 2.800000
 139 2.800000
 140 2.790000
 141 2.810000
 142 2.810000
 143 2.850000
 144 2.880000
 145 2.880000
 146 2.930000
 147 2.920000
 148 2.920000
 149 2.980000
 150 2.980000
 151 3.000000
 152 3.030000
 153 3.050000
 154 3.090000
 155 3.090000
 156 3.140000
 157 3.160000
 158 3.160000
 159 3.190000
 160 3.190000
 161 3.210000
 162 3.190000
 163 3.240000
 164 3.240000
 165 3.240000
 166 3.260000
 167 3.250000
 168 3.280000
 169 3.330000
 170 3.330000
 171 3.350000
 172 3.350000
 173 3.380000
 174 3.400000
 175 3.360000
 176 3.380000
 177 3.430000
 178 3.400000
 179 3.420000
 180 3.470000
 181 3.520000
 182 3.560000
 183 3.560000
 184 3.710000
 185 3.770000
 186 3.800000
 187 3.800000
 188 3.750000
 189 3.770000
 190 3.800000
 191 3.820000
 192 3.880000
 193 3.850000
 194 3.900000
 195 3.780000
 196 3.800000
 197 3.800000
 198 3.800000
 199 3.950000
 200 4.000000
 201 4.000000
 202 4.000000
 203 4.030000
 204 4.050000
 205 4.050000
 206 4.090000
 207 3.990000
 208 3.980000
 209 3.980000
 210 3.980000
 211 3.970000
 212 4.010000
 213 3.960000
 214 3.960000
 215 3.880000
 216 3.960000
 217 3.960000
 218 3.960000
 219 3.960000
 220 3.960000
 221 3.880000
 222 3.810000
 223 3.420000
 224 3.420000
 225 3.780000
 226 1.670000
 227 1.660000
 228 1.660000
 229 1.660000
 230 1.650000
 231 1.650000
 232 1.660000
 233 1.650000
 234 1.620000
 235 1.660000
 236 1.650000
 237 1.620000
 238 1.630000
 239 1.620000
 240 1.630000
 241 1.630000
 242 1.610000
 243 1.650000
 244 1.600000
 245 1.610000
 246 1.630000
 247 1.630000
 248 1.660000
 249 1.700000
 250 1.720000
 251 1.710000
 252 1.730000
 253 1.760000
 254 1.860000
 255 2.730000
 256 2.730000
 257 2.730000
 258 2.680000
 259 2.660000
 260 2.670000
 261 2.670000
 262 2.670000
 263 2.640000
 264 2.640000
 265 2.640000
 266 2.660000
 267 2.630000
 268 2.680000
 269 2.660000
 270 2.680000
 271 2.680000
 272 2.680000
 273 2.680000
 274 2.640000
 275 2.680000
 276 2.680000
 277 2.650000
 278 1.490000
 279 1.470000
 280 1.480000
 281 1.480000
 282 1.470000
 283 1.480000
 284 1.450000
 285 1.480000
 286 1.480000
 287 1.480000
 288 1.480000
 289 1.460000
 290 1.480000
 291 1.500000
 292 1.660000
 293 1.820000
 294 1.820000
 295 1.800000
 296 1.830000
 297 1.790000
 298 1.820000
 299 1.810000
 300 1.850000
 301 1.940000
 302 2.170000
 303 2.180000
 304 2.170000
 305 2.170000
 306 2.170000
 307 2.180000
 308 2.310000
 309 1.430000
 310 1.400000
 311 1.400000
 312 1.400000
 313 1.400000
 314 1.400000
 315 1.380000
 316 1.400000
 317 1.400000
 318 1.400000
 319 1.400000
 320 1.400000
 321 1.400000
 322 1.380000
 323 1.400000
 324 1.380000
 325 1.380000
 326 1.400000
 327 1.400000
 328 1.380000
 329 1.400000
 330 1.400000
 331 1.380000
 332 1.380000
 333 1.400000
 334 1.380000
 335 1.380000
 336 1.370000
 337 1.370000
 338 1.380000
 339 1.380000
 340 1.400000
 341 1.400000
 342 1.400000
 343 1.400000
 344 1.380000
 345 1.400000
 346 3.560000
 347 3.530000
 348 3.520000
 349 3.530000
 350 3.450000
 351 3.460000
 352 3.510000
 353 3.490000
 354 3.500000
 355 3.470000
 356 3.470000
 357 3.460000
 358 2.220000
 359 2.150000
 360 2.170000
 361 2.140000
 362 1.910000
 363 1.780000
 364 1.790000
 365 1.770000
 366 1.790000
 367 1.590000
 368 1.450000
 369 1.450000
 370 1.430000
 371 1.430000
 372 1.430000
 373 1.440000
 374 1.420000
 375 1.430000
 376 1.440000
 377 1.430000
 378 1.450000
 379 1.450000
 380 1.480000
 381 2.240000
 382 2.260000
 383 2.260000
 384 2.260000
 385 2.260000
 386 2.260000
 387 2.260000
 388 2.260000
 389 2.290000
 390 2.290000
 391 2.260000
 392 2.290000
 393 2.260000
 394 2.290000
 395 2.290000
 396 2.290000
 397 2.290000
 398 2.290000
 399 2.290000
 400 2.290000
 401 2.310000
 402 2.290000
 403 2.310000
 404 2.310000
 405 2.310000
 406 2.310000
 407 2.310000
 408 2.320000
 409 1.400000
 410 1.420000
 411 1.400000
 412 1.410000
 413 1.410000
 414 1.410000
 415 1.410000
 416 1.390000
 417 1.410000
 418 1.400000
 419 1.400000
 420 1.400000
 421 1.430000
 422 1.430000
 423 1.430000
 424 1.450000
 425 1.450000
 426 1.440000
 427 1.430000
 428 1.470000
 429 1.480000
 430 1.480000
 431 1.700000
 432 1.940000
 433 1.910000
 434 1.910000
 435 1.910000
 436 1.940000
 437 1.940000
 438 1.940000
 439 1.980000
 440 4.110000
 441 4.110000
 442 4.110000
 443 4.140000
 444 4.110000
 445 4.120000
 446 1.670000
 447 1.650000
 448 1.630000
 449 1.600000
 450 1.600000
 451 1.610000
 452 1.590000
 453 1.610000
 454 1.610000
 455 1.610000
 456 1.610000
 457 1.610000
 458 1.640000
 459 1.650000
 460 2.750000
 461 2.690000
 462 2.630000
 463 2.620000
 464 2.600000
 465 2.620000
 466 4.190000
 467 4.190000
 468 4.210000
 469 4.210000
 470 4.240000
 471 4.240000
 472 4.260000
 473 4.260000
 474 4.240000
 475 4.200000
 476 4.130000
 477 4.080000
 478 4.080000
 479 4.080000
 480 4.080000
 481 4.080000
 482 4.070000
 483 4.000000
 484 3.980000
 485 3.410000
 486 3.430000
 487 3.410000
 488 3.360000
 489 3.110000
 490 3.100000
 491 3.110000
 492 4.020000
 493 3.110000
 494 3.180000
 495 4.110000
 496 4.140000
 497 3.710000
 498 3.670000
 499 3.560000
 500 3.570000
 501 3.570000
 502 2.900000
 503 2.880000
 504 2.880000
 505 2.820000
 506 2.810000
 507 2.810000
 508 2.830000
 509 3.610000
 510 3.730000
 511 3.730000
 512 3.740000
 513 3.740000
 514 3.740000
 515 3.710000
 516 3.690000
 517 3.690000
 518 3.690000
 519 3.660000
 520 3.640000
 521 3.660000
 522 3.610000
 523 3.640000
 524 3.610000
 525 3.590000
 526 3.590000
 527 3.590000
 528 3.590000
 529 3.590000
 530 3.540000
 531 3.540000
 532 3.540000
 533 3.510000
 534 3.510000
 535 3.510000
 536 3.510000
 537 3.510000
 538 3.490000
 539 3.490000
 540 3.460000
 541 3.460000
 542 3.460000
 543 3.440000
 544 3.440000
 545 3.440000
 546 3.420000
 547 3.420000
 548 3.420000
 549 3.410000
 550 3.400000
 551 4.400000
 552 4.370000
 553 4.370000
 554 4.350000
 555 4.350000
 556 4.080000
 557 4.050000
 558 4.080000
 559 4.200000
 560 4.300000
 561 4.270000
 562 4.280000
 563 4.270000
 564 4.250000
 565 4.250000
 566 4.220000
 567 4.220000
 568 4.200000
 569 4.200000
 570 4.200000
 571 4.170000
 572 4.170000
 573 4.170000
 574 4.150000
 575 4.150000
 576 4.130000
 577 4.100000
 578 4.120000
 579 3.120000
 580 3.120000
 581 3.100000
 582 4.070000
 583 4.100000
 584 4.070000
 585 4.070000
 586 4.080000
 587 4.080000
 588 4.030000
 589 4.030000
 590 4.030000
 591 4.000000
 592 4.000000
 593 4.030000
 594 4.000000
 595 4.000000
 596 3.240000
 597 3.180000
 598 3.170000
 599 3.170000
 600 3.180000
 601 3.160000
 602 3.190000
 603 3.200000
 604 3.220000
 605 3.190000
 606 3.160000
 607 3.160000
 608 3.200000
 609 3.160000
 610 3.170000
 611 3.200000
 612 3.050000
 613 3.160000
 614 3.050000
 615 3.160000
 616 3.170000
 617 3.120000
 618 3.130000
 619 3.030000
 620 3.020000
 621 3.050000
 622 3.050000
 623 3.130000
 624 3.100000
 625 3.030000
 626 3.060000
 627 3.070000
 628 3.080000
 629 3.050000
 630 3.060000
 631 3.080000
 632 3.070000
 633 3.040000
 634 3.040000
 635 3.090000
 636 3.130000
 637 3.030000
 638 3.080000
 639 3.060000
 640 3.060000
 641 3.050000
 642 3.080000
 643 3.100000
 644 3.110000
 645 3.080000
 646 3.110000
 647 3.130000
 648 3.150000
 649 3.120000
 650 3.140000
 651 3.090000
 652 3.230000
 653 3.260000
 654 3.260000
 655 3.260000
 656 3.180000
 657 3.280000
 658 3.260000
 659 3.280000
 660 3.290000
 661 3.300000
 662 3.310000
 663 3.310000
 664 3.300000
 665 3.320000
 666 3.280000
 667 3.330000
 668 3.330000
 669 3.380000
 670 3.320000
 671 3.370000
 672 3.370000
 673 3.360000
 674 3.360000
 675 3.350000
 676 3.350000
 677 3.340000
 678 3.350000
 679 3.380000
 680 3.410000
 681 3.420000
 682 3.430000
 683 3.380000
 684 3.380000
 685 3.410000
 686 3.410000
 687 3.320000
 688 3.320000
 689 6.300000
 690 4.560000
 691 4.290000
 692 4.270000
 693 4.320000
 694 3.220000
 695 3.230000
 696 3.220000
 697 3.230000
 698 3.490000
 699 3.590000
 700 3.860000
 701 3.700000
 702 3.710000
 703 3.710000
 704 3.710000
 705 3.710000
 706 3.710000
 707 3.740000
 708 3.710000
 709 3.390000
 710 3.710000
 711 3.740000
 712 3.740000
 713 3.740000
 714 3.740000
 715 3.760000
 716 3.760000
 717 3.690000
 718 3.710000
 719 3.690000
 720 3.690000
 721 3.710000
 722 3.710000
 723 3.740000
 724 3.710000
 725 3.710000
 726 3.740000
 727 3.760000
 728 3.740000
 729 3.760000
 730 3.760000
 731 3.790000
 732 3.790000
 733 3.790000
 734 3.790000
 735 3.790000
 736 3.790000
 737 3.810000
 738 3.770000
 739 3.720000
 740 3.690000
 741 3.640000
 742 3.230000
 743 3.250000
 744 3.250000
 745 3.530000
 746 3.480000
 747 3.450000
 748 3.120000
 749 3.100000
 750 3.100000
 751 3.150000
 752 3.130000
 753 3.050000
 754 3.050000
 755 3.080000
 756 3.250000
 757 2.990000
 758 2.960000
 759 3.070000
 760 3.070000