
 0 3.340000
 1 3.320000
 2 3.290000
 3 3.300000
 4 3.330000
 5 3.380000
 6 3.400000
 7 3.400000
 8 3.390000
 9 0.830000
 10 0.850000
 11 0.800000
 12 0.840000
 13 0.810000
 14 0.800000
 15 0.800000
 16 0.830000
 17 0.800000
 18 0.800000
 19 0.830000
 20 0.830000
 21 0.800000
 22 0.780000
 23 0.800000
 24 0.800000
 25 0.780000
 26 0.780000
 27 0.780000
 28 0.780000
 29 0.780000
 30 0.750000
 31 0.770000
 32 0.790000
 33 0.780000
 34 0.800000
 35 0.780000
 36 0.800000
 37 0.800000
 38 0.800000
 39 0.780000
 40 0.800000
 41 0.830000
 42 0.800000
 43 0.830000
 44 0.830000
 45 0.830000
 46 0.830000
 47 0.830000
 48 0.850000
 49 0.850000
 50 0.850000
 51 0.850000
 52 0.880000
 53 0.880000
 54 0.880000
 55 0.900000
 56 0.880000
 57 0.880000
 58 0.880000
 59 0.900000
 60 0.900000
 61 0.930000
 62 0.920000
 63 0.950000
 64 0.950000
 65 0.950000
 66 0.950000
 67 0.950000
 68 0.980000
 69 0.980000
 70 0.980000
 71 1.000000
 72 0.970000
 73 1.000000
 74 1.000000
 75 1.030000
 76 1.030000
 77 1.030000
 78 1.030000
 79 1.030000
 80 1.050000
 81 1.080000
 82 1.080000
 83 1.080000
 84 1.100000
 85 1.100000
 86 1.100000
 87 1.100000
 88 1.130000
 89 1.130000
 90 1.150000
 91 1.180000
 92 1.180000
 93 1.170000
 94 1.190000
 95 1.200000
 96 1.190000
 97 1.210000
 98 1.210000
 99 1.240000
 100 1.240000
 101 1.270000
 102 1.300000
 103 1.300000
 104 1.320000
 105 1.310000
 106 1.340000
 107 1.350000
 108 1.350000
 109 1.400000
 110 1.420000
 111 1.400000
 112 1.450000
 113 1.450000
 114 1.450000
 115 1.470000
 116 1.510000
 117 1.510000
 118 1.510000
 119 1.540000
 120 1.560000
 121 1.590000
 122 1.610000
 123 1.640000
 124 1.660000
 125 1.670000
 126 1.690000
 127 1.730000
 128 1.740000
 129 1.790000
 130 1.810000
 131 1.880000
 132 1.990000
 133 2.590000
 134 2.600000
 135 2.580000
 136 2.580000
 137 2.580000
 138 2.580000
 139 2.560000
 140 2.580000
 141 2.570000
 142 2.550000
 143 2.560000
 144 2.560000
 145 2.540000
 146 2.570000
 147 2.630000
 148 3.120000
 149 3.120000
 150 3.150000
 151 3.250000
 152 3.240000
 153 3.260000
 154 3.270000
 155 3.260000
 156 3.280000
 157 3.290000
 158 3.300000
 159 3.290000
 160 3.320000
 161 3.370000
 162 3.530000
 163 2.170000
 164 2.160000
 165 2.170000
 166 2.140000
 167 2.160000
 168 2.170000
 169 2.190000
 170 2.210000
 171 2.210000
 172 2.250000
 173 2.220000
 174 2.250000
 175 2.210000
 176 3.540000
 177 3.540000
 178 3.560000
 179 3.540000
 180 3.540000
 181 3.510000
 182 3.540000
 183 3.720000
 184 3.590000
 185 3.560000
 186 3.540000
 187 3.540000
 188 3.560000
 189 3.530000
 190 3.430000
 191 3.460000
 192 3.380000
 193 2.680000
 194 2.670000
 195 2.670000
 196 2.700000
 197 2.700000
 198 2.680000
 199 2.720000
 200 2.740000
 201 2.750000
 202 2.720000
 203 2.760000
 204 3.380000
 205 3.400000
 206 3.390000
 207 3.400000
 208 3.520000
 209 3.510000
 210 3.550000
 211 3.400000
 212 3.430000
 213 3.520000
 214 3.520000
 215 3.520000
 216 3.430000
 217 1.890000
 218 1.860000
 219 1.850000
 220 1.850000
 221 1.860000
 222 1.920000
 223 1.890000
 224 1.910000
 225 1.960000
 226 1.940000
 227 1.960000
 228 4.750000
 229 4.090000
 230 4.720000
 231 4.730000
 232 4.750000
 233 4.750000
 234 4.750000
 235 4.780000
 236 4.750000
 237 4.770000
 238 2.460000
 239 2.440000
 240 2.460000
 241 2.470000
 242 2.470000
 243 2.460000
 244 2.460000
 245 2.490000
 246 2.500000
 247 2.500000
 248 2.500000
 249 2.540000
 250 4.610000
 251 4.830000
 252 4.830000
 253 4.670000
 254 4.170000
 255 4.850000
 256 4.850000
 257 4.850000
 258 4.720000
 259 4.610000
 260 4.610000
 261 4.700000
 262 4.900000
 263 4.880000
 264 4.900000
 265 4.900000
 266 4.900000
 267 4.900000
 268 4.930000
 269 4.020000
 270 4.050000
 271 4.030000
 272 3.990000
 273 4.950000
 274 4.960000
 275 1.510000
 276 1.450000
 277 1.450000
 278 1.400000
 279 1.430000
 280 1.430000
 281 1.420000
 282 1.400000
 283 1.380000
 284 1.390000
 285 1.370000
 286 1.370000
 287 1.330000
 288 1.320000
 289 1.340000
 290 1.340000
 291 1.360000
 292 1.350000
 293 1.360000
 294 1.370000
 295 1.350000
 296 1.400000
 297 1.360000
 298 1.380000
 299 1.400000
 300 1.510000
 301 1.420000
 302 1.390000
 303 1.400000
 304 1.430000
 305 1.410000
 306 1.430000
 307 1.400000
 308 1.430000
 309 1.420000
 310 1.450000
 311 1.430000
 312 4.620000
 313 4.590000
 314 4.550000
 315 4.370000
 316 4.050000
 317 4.080000
 318 4.080000
 319 4.090000
 320 4.100000
 321 4.120000
 322 4.120000
 323 3.770000
 324 3.770000
 325 3.790000
 326 3.800000
 327 3.800000
 328 3.790000
 329 4.330000
 330 4.660000
 331 3.690000
 332 3.700000
 333 3.690000
 334 3.600000
 335 3.550000
 336 3.550000
 337 3.550000
 338 3.550000
 339 3.580000
 340 3.580000
 341 3.580000
 342 3.610000
 343 3.630000
 344 3.660000
 345 3.700000
 346 3.700000
 347 3.710000
 348 3.710000
 349 3.690000
 350 3.690000
 351 3.690000
 352 3.690000
 353 3.660000
 354 3.660000
 355 3.640000
 356 3.640000
 357 3.640000
 358 3.640000
 359 3.610000
 360 3.610000
 361 3.590000
 362 3.590000
 363 3.590000
 364 3.590000
 365 3.590000
 366 3.590000
 367 3.560000
 368 3.560000
 369 3.540000
 370 3.540000
 371 3.540000
 372 3.520000
 373 3.540000
 374 3.490000
 375 3.520000
 376 3.520000
 377 3.490000
 378 3.490000
 379 3.460000
 380 3.470000
 381 3.490000
 382 3.440000
 383 3.470000
 384 3.440000
 385 3.460000
 386 3.440000
 387 3.520000
 388 4.350000
 389 4.320000
 390 4.320000
 391 4.320000
 392 4.080000
 393 4.030000
 394 4.030000
 395 4.060000
 396 4.270000
 397 4.270000
 398 4.250000
 399 4.230000
 400 4.230000
 401 4.230000
 402 4.200000
 403 4.170000
 404 4.200000
 405 4.180000
 406 4.170000
 407 4.170000
 408 4.150000
 409 4.150000
 410 4.120000
 411 4.100000
 412 4.080000
 413 4.080000
 414 4.100000
 415 4.100000
 416 4.100000
 417 4.070000
 418 4.070000
 419 2.090000
 420 2.100000
 421 2.050000
 422 2.030000
 423 1.960000
 424 1.820000
 425 1.800000
 426 1.750000
 427 1.750000
 428 1.760000
 429 1.770000
 430 1.770000
 431 1.780000
 432 1.780000
 433 1.780000
 434 1.780000
 435 1.780000
 436 1.790000
 437 1.750000
 438 1.750000
 439 1.780000
 440 1.780000
 441 1.750000
 442 1.810000
 443 1.790000
 444 1.770000
 445 1.800000
 446 1.800000
 447 1.790000
 448 1.780000
 449 1.800000
 450 1.780000
 451 1.800000
 452 1.790000
 453 1.800000
 454 1.810000
 455 1.800000
 456 1.840000
 457 1.820000
 458 1.820000
 459 1.820000
 460 1.800000
 461 1.840000
 462 1.800000
 463 1.840000
 464 1.830000
 465 1.820000
 466 1.820000
 467 2.980000
 468 2.980000
 469 3.020000
 470 2.950000
 471 2.980000
 472 3.010000
 473 2.920000
 474 2.950000
 475 3.020000
 476 2.980000
 477 2.950000
 478 2.970000
 479 3.030000
 480 3.030000
 481 3.010000
 482 3.050000
 483 3.030000
 484 3.030000
 485 3.050000
 486 5.070000
 487 3.070000
 488 3.050000
 489 3.180000
 490 3.180000
 491 3.080000
 492 3.080000
 493 3.200000
 494 3.160000
 495 3.170000
 496 3.170000
 497 3.190000
 498 3.250000
 499 3.210000
 500 3.220000
 501 3.240000
 502 3.220000
 503 3.220000
 504 3.260000
 505 3.270000
 506 3.280000
 507 3.280000
 508 3.260000
 509 3.260000
 510 3.320000
 511 3.340000
 512 3.250000
 513 3.270000
 514 3.290000
 515 3.320000
 516 6.200000
 517 6.170000
 518 6.200000
 519 6.190000
 520 6.190000
 521 6.210000
 522 6.210000
 523 6.210000
 524 6.240000
 525 6.240000
 526 6.260000
 527 4.620000
 528 4.330000
 529 4.260000
 530 4.260000
 531 6.310000
 532 3.280000
 533 3.220000
 534 3.220000
 535 3.240000
 536 3.480000
 537 3.740000
 538 3.740000
 539 3.680000
 540 3.660000
 541 3.690000
 542 3.690000
 543 3.690000
 544 3.690000
 545 3.690000
 546 3.690000
 547 3.280000
 548 3.690000
 549 3.690000
 550 3.710000
 551 3.710000
 552 3.710000
 553 3.710000
 554 3.690000
 555 3.670000
 556 3.640000
 557 3.670000
 558 3.690000
 559 3.660000
 560 3.690000
 561 3.660000
 562 3.690000
 563 3.710000
 564 3.690000
 565 3.710000
 566 3.710000
 567 3.740000
 568 3.740000
 569 3.740000
 570 3.760000
 571 3.740000
 572 3.740000
 573 3.760000
 574 3.790000
 575 3.760000
 576 3.770000
 577 3.710000
 578 3.660000
 579 3.640000
 580 3.330000
 581 3.180000
 582 3.270000
 583 3.480000
 584 3.450000
 585 3.420000
 586 3.380000
 587 3.100000
 588 3.070000
 589 3.100000
 590 3.080000
 591 3.030000
 592 3.050000
 593 3.020000
 594 3.050000
 595 2.980000
 596 2.930000
 597 2.990000
 598 3.010000
 599 3.000000
 600 3.070000
 601 3.050000
 602 3.010000
 603 3.050000
 604 3.100000
 605 3.120000
 606 3.070000
 607 3.070000
 608 3.190000
 609 3.110000
 610 3.120000
 611 3.170000
 612 3.120000
 613 2.960000
 614 2.750000
 615 2.730000
 616 2.730000
 617 2.710000
 618 2.690000
 619 2.670000
 620 2.670000
 621 2.640000
 622 2.620000
 623 2.590000
 624 2.600000
 625 2.540000
 626 2.460000
 627 2.460000
 628 2.440000
 629 2.380000
 630 2.360000
 631 2.330000
 632 2.340000
 633 2.290000
 634 2.260000
 635 2.260000
 636 2.150000
 637 2.250000
 638 2.250000
 639 2.220000
 640 2.190000
 641 2.160000
 642 2.110000
 643 2.160000
 644 2.150000
 645 2.120000
 646 2.060000
 647 2.040000
 648 2.050000
 649 2.070000
 650 2.050000
 651 2.050000
 652 2.050000
 653 2.040000
 654 2.050000
 655 2.020000
 656 2.020000
 657 2.020000
 658 2.070000
 659 2.050000
 660 2.070000
 661 2.000000
 662 2.010000
 663 2.060000
 664 2.040000
 665 2.000000
 666 2.020000
 667 2.050000
 668 1.970000
 669 2.060000
 670 1.940000
 671 1.870000
 672 1.750000
 673 1.730000
 674 1.830000
 675 1.680000
 676 1.800000
 677 1.800000
 678 1.770000
 679 1.710000
 680 1.710000
 681 1.720000
 682 1.660000
 683 1.660000
 684 1.660000
 685 1.660000
 686 1.620000
 687 1.590000
 688 1.500000
 689 1.480000
 690 1.610000
 691 1.600000
 692 1.450000
 693 1.500000
 694 1.470000
 695 1.530000
 696 1.430000
 697 1.480000
 698 1.550000
 699 1.450000
 700 1.950000
 701 1.390000
 702 2.100000
 703 1.380000
 704 1.370000
 705 1.380000
 706 1.440000
 707 1.470000
 708 1.330000
 709 1.370000
 710 1.470000
 711 1.440000
 712 1.470000
 713 1.450000
 714 1.440000
 715 1.440000
 716 1.350000
 717 1.440000
 718 1.440000
 719 1.330000
 720 1.390000
 721 1.410000
 722 1.440000
 723 1.440000
 724 1.410000
 725 1.440000
 726 1.390000
 727 1.410000
 728 1.320000
 729 1.410000
 730 1.300000
 731 1.390000
 732 1.410000
 733 1.300000
 734 1.410000
 735 1.470000
 736 1.360000
 737 1.330000
 738 1.350000
 739 1.250000
 740 1.230000
 741 1.270000
 742 1.230000
 743 1.230000
 744 1.210000
 745 1.210000
 746 6.530000
 747 6.500000
 748 2.900000
 749 2.890000
 750 6.610000
 751 6.700000
 752 6.690000
 753 5.940000
 754 5.910000
 755 5.910000
 756 5.930000
 757 5.650000
 758 0.870000
 759 0.850000
 760 0.860000
 0 3.340000
 1 3.320000
 2 3.260000
 3 3.300000
 4 3.330000
 5 3.350000
 6 3.400000
 7 3.370000
 8 3.420000
 9 0.850000
 10 0.850000
 11 0.830000
 12 0.810000
 13 0.810000
 14 0.830000
 15 0.830000
 16 0.800000
 17 0.800000
 18 0.830000
 19 0.800000
 20 0.800000
 21 0.780000
 22 0.800000
 23 0.800000
 24 0.800000
 25 0.780000
 26 0.780000
 27 0.780000
 28 0.780000
 29 0.750000
 30 0.750000
 31 0.770000
 32 0.760000
 33 0.760000
 34 0.770000
 35 0.780000
 36 0.800000
 37 0.780000
 38 0.800000
 39 0.780000
 40 0.830000
 41 0.800000
 42 0.800000
 43 0.800000
 44 0.830000
 45 0.830000
 46 0.830000
 47 0.850000
 48 0.850000
 49 0.850000
 50 0.850000
 51 0.880000
 52 0.850000
 53 0.880000
 54 0.880000
 55 0.880000
 56 0.880000
 57 0.880000
 58 0.900000
 59 0.900000
 60 0.930000
 61 0.930000
 62 0.920000
 63 0.920000
 64 0.920000
 65 0.950000
 66 0.950000
 67 0.950000
 68 0.950000
 69 0.950000
 70 0.980000
 71 0.970000
 72 0.970000
 73 1.000000
 74 1.000000
 75 1.030000
 76 1.000000
 77 1.030000
 78 1.050000
 79 1.050000
 80 1.050000
 81 1.050000
 82 1.050000
 83 1.080000
 84 1.080000
 85 1.080000
 86 1.100000
 87 1.120000
 88 1.130000
 89 1.130000
 90 1.120000
 91 1.150000
 92 1.180000
 93 1.170000
 94 1.190000
 95 1.220000
 96 1.210000
 97 1.210000
 98 1.210000
 99 1.240000
 100 1.260000
 101 1.270000
 102 1.300000
 103 1.300000
 104 1.320000
 105 1.310000
 106 1.320000
 107 1.350000
 108 1.350000
 109 1.370000
 110 1.400000
 111 1.400000
 112 1.420000
 113 1.450000
 114 1.450000
 115 1.470000
 116 1.500000
 117 1.510000
 118 1.510000
 119 1.540000
 120 1.560000
 121 1.590000
 122 1.610000
 123 1.640000
 124 1.640000
 125 1.670000
 126 1.690000
 127 1.730000
 128 1.730000
 129 1.760000
 130 1.810000
 131 1.880000
 132 1.850000
 133 2.580000
 134 2.580000
 135 2.580000
 136 2.580000
 137 2.580000
 138 2.580000
 139 2.560000
 140 2.580000
 141 2.570000
 142 2.550000
 143 2.540000
 144 2.560000
 145 2.540000
 146 2.540000
 147 2.630000
 148 3.120000
 149 3.120000
 150 3.180000
 151 3.250000
 152 3.240000
 153 3.270000
 154 3.270000
 155 3.280000
 156 3.280000
 157 3.270000
 158 3.300000
 159 3.320000
 160 3.320000
 161 3.370000
 162 3.510000
 163 2.120000
 164 2.160000
 165 2.160000
 166 2.140000
 167 2.160000
 168 2.170000
 169 2.190000
 170 2.210000
 171 2.210000
 172 2.220000
 173 2.220000
 174 2.250000
 175 2.210000
 176 3.510000
 177 3.540000
 178 3.560000
 179 3.510000
 180 3.540000
 181 3.540000
 182 3.560000
 183 3.710000
 184 3.590000
 185 3.590000
 186 3.540000
 187 3.540000
 188 3.560000
 189 3.530000
 190 3.460000
 191 3.380000
 192 3.400000
 193 2.670000
 194 2.670000
 195 2.670000
 196 2.670000
 197 2.700000
 198 2.680000
 199 2.690000
 200 2.710000
 201 2.720000
 202 2.720000
 203 2.760000
 204 3.380000
 205 3.400000
 206 3.390000
 207 3.400000
 208 3.520000
 209 3.490000
 210 3.520000
 211 3.430000
 212 3.460000
 213 3.550000
 214 3.520000
 215 3.500000
 216 3.430000
 217 1.880000
 218 1.840000
 219 1.850000
 220 1.850000
 221 1.860000
 222 1.900000
 223 1.890000
 224 1.940000
 225 1.960000
 226 1.970000
 227 1.960000
 228 4.750000
 229 4.130000
 230 4.720000
 231 4.750000
 232 4.750000
 233 4.750000
 234 4.750000
 235 4.750000
 236 4.750000
 237 4.750000
 238 2.460000
 239 2.440000
 240 2.440000
 241 2.450000
 242 2.470000
 243 2.460000
 244 2.480000
 245 2.460000
 246 2.500000
 247 2.500000
 248 2.500000
 249 2.550000
 250 4.630000
 251 4.830000
 252 4.830000
 253 4.620000
 254 4.180000
 255 4.850000
 256 4.850000
 257 4.850000
 258 4.720000
 259 4.640000
 260 4.610000
 261 4.700000
 262 4.870000
 263 4.900000
 264 4.880000
 265 4.900000
 266 4.900000
 267 4.920000
 268 4.930000
 269 4.020000
 270 4.050000
 271 4.030000
 272 4.020000
 273 4.950000
 274 4.960000
 275 1.480000
 276 1.450000
 277 1.450000
 278 1.430000
 279 1.430000
 280 1.400000
 281 1.390000
 282 1.400000
 283 1.380000
 284 1.390000
 285 1.350000
 286 1.360000
 287 1.380000
 288 1.340000
 289 1.370000
 290 1.360000
 291 1.360000
 292 1.350000
 293 1.370000
 294 1.370000
 295 1.370000
 296 1.370000
 297 1.350000
 298 1.380000
 299 1.420000
 300 1.520000
 301 1.420000
 302 1.390000
 303 1.440000
 304 1.400000
 305 1.410000
 306 1.400000
 307 1.400000
 308 1.430000
 309 1.420000
 310 1.420000
 311 1.450000
 312 4.640000
 313 4.570000
 314 4.540000
 315 4.400000
 316 4.050000
 317 4.080000
 318 4.080000
 319 4.100000
 320 4.090000
 321 4.100000
 322 4.130000
 323 3.770000
 324 3.760000
 325 3.770000
 326 3.800000
 327 3.780000
 328 3.790000
 329 4.330000
 330 4.630000
 331 3.690000
 332 3.700000
 333 3.690000
 334 3.570000
 335 3.550000
 336 3.550000
 337 3.550000
 338 3.550000
 339 3.530000
 340 3.580000
 341 3.580000
 342 3.640000
 343 3.630000
 344 3.660000
 345 3.700000
 346 3.730000
 347 3.740000
 348 3.690000
 349 3.690000
 350 3.690000
 351 3.690000
 352 3.660000
 353 3.660000
 354 3.660000
 355 3.660000
 356 3.640000
 357 3.640000
 358 3.640000
 359 3.610000
 360 3.610000
 361 3.590000
 362 3.590000
 363 3.590000
 364 3.590000
 365 3.560000
 366 3.560000
 367 3.560000
 368 3.560000
 369 3.540000
 370 3.540000
 371 3.540000
 372 3.520000
 373 3.520000
 374 3.520000
 375 3.510000
 376 3.510000
 377 3.490000
 378 3.490000
 379 3.470000
 380 3.490000
 381 3.470000
 382 3.470000
 383 3.470000
 384 3.470000
 385 3.440000
 386 3.440000
 387 3.500000
 388 4.350000
 389 4.350000
 390 4.350000
 391 4.320000
 392 4.100000
 393 4.030000
 394 4.030000
 395 4.090000
 396 4.270000
 397 4.270000
 398 4.250000
 399 4.230000
 400 4.200000
 401 4.230000
 402 4.230000
 403 4.200000
 404 4.200000
 405 4.170000
 406 4.150000
 407 4.170000
 408 4.170000
 409 4.150000
 410 4.120000
 411 4.120000
 412 4.100000
 413 4.080000
 414 4.100000
 415 4.070000
 416 4.070000
 417 4.080000
 418 4.070000
 419 2.090000
 420 2.080000
 421 2.080000
 422 2.030000
 423 1.960000
 424 1.820000
 425 1.770000
 426 1.750000
 427 1.780000
 428 1.780000
 429 1.760000
 430 1.750000
 431 1.780000
 432 1.780000
 433 1.720000
 434 1.780000
 435 1.760000
 436 1.790000
 437 1.780000
 438 1.790000
 439 1.800000
 440 1.770000
 441 1.790000
 442 1.800000
 443 1.790000
 444 1.790000
 445 1.760000
 446 1.800000
 447 1.800000
 448 1.810000
 449 1.780000
 450 1.800000
 451 1.770000
 452 1.790000
 453 1.810000
 454 1.770000
 455 1.820000
 456 1.800000
 457 1.820000
 458 1.820000
 459 1.820000
 460 1.830000
 461 1.830000
 462 1.820000
 463 1.840000
 464 1.830000
 465 1.840000
 466 1.820000
 467 2.990000
 468 2.980000
 469 3.010000
 470 2.920000
 471 2.980000
 472 3.010000
 473 2.920000
 474 2.930000
 475 3.020000
 476 3.010000
 477 2.950000
 478 2.970000
 479 3.030000
 480 3.030000
 481 3.040000
 482 3.050000
 483 3.030000
 484 3.050000
 485 3.030000
 486 5.080000
 487 3.050000
 488 3.050000
 489 3.160000
 490 3.180000
 491 3.080000
 492 3.080000
 493 3.170000
 494 3.180000
 495 3.200000
 496 3.200000
 497 3.220000
 498 3.250000
 499 3.230000
 500 3.220000
 501 3.220000
 502 3.220000
 503 3.240000
 504 3.260000
 505 3.260000
 506 3.270000
 507 3.260000
 508 3.260000
 509 3.270000
 510 3.330000
 511 3.320000
 512 3.250000
 513 3.270000
 514 3.290000
 515 3.320000
 516 6.170000
 517 6.160000
 518 6.200000
 519 6.200000
 520 6.210000
 521 6.210000
 522 6.210000
 523 6.240000
 524 6.210000
 525 6.240000
 526 6.240000
 527 4.620000
 528 4.330000
 529 4.270000
 530 4.260000
 531 6.280000
 532 3.260000
 533 3.180000
 534 3.220000
 535 3.270000
 536 3.480000
 537 3.740000
 538 3.730000
 539 3.680000
 540 3.660000
 541 3.690000
 542 3.660000
 543 3.690000
 544 3.690000
 545 3.690000
 546 3.690000
 547 3.280000
 548 3.690000
 549 3.690000
 550 3.710000
 551 3.710000
 552 3.710000
 553 3.740000
 554 3.690000
 555 3.670000
 556 3.660000
 557 3.670000
 558 3.660000
 559 3.690000
 560 3.660000
 561 3.690000
 562 3.690000
 563 3.710000
 564 3.690000
 565 3.710000
 566 3.710000
 567 3.710000
 568 3.740000
 569 3.740000
 570 3.740000
 571 3.760000
 572 3.760000
 573 3.760000
 574 3.760000
 575 3.790000
 576 3.770000
 577 3.680000
 578 3.660000
 579 3.640000
 580 3.330000
 581 3.160000
 582 3.270000
 583 3.480000
 584 3.450000
 585 3.420000
 586 3.380000
 587 3.070000
 588 3.070000
 589 3.100000
 590 3.050000
 591 3.050000
 592 3.050000
 593 3.020000
 594 3.050000
 595 2.980000
 596 2.930000
 597 3.010000
 598 3.010000
 599 3.010000
 600 3.050000
 601 3.070000
 602 3.010000
 603 3.020000
 604 3.100000
 605 3.120000
 606 3.070000
 607 3.100000
 608 3.190000
 609 3.110000
 610 3.100000
 611 3.170000
 612 3.120000
 613 2.990000
 614 2.770000
 615 2.740000
 616 2.710000
 617 2.710000
 618 2.690000
 619 2.670000
 620 2.670000
 621 2.640000
 622 2.620000
 623 2.590000
 624 2.570000
 625 2.510000
 626 2.480000
 627 2.460000
 628 2.410000
 629 2.410000
 630 2.360000
 631 2.340000
 632 2.310000
 633 2.260000
 634 2.260000
 635 2.260000
 636 2.150000
 637 2.270000
 638 2.220000
 639 2.200000
 640 2.170000
 641 2.190000
 642 2.120000
 643 2.130000
 644 2.150000
 645 2.120000
 646 2.060000
 647 2.050000
 648 2.050000
 649 2.050000
 650 2.070000
 651 2.050000
 652 2.050000
 653 2.050000
 654 2.040000
 655 2.050000
 656 2.020000
 657 2.050000
 658 2.100000
 659 2.050000
 660 2.070000
 661 2.000000
 662 2.030000
 663 2.050000
 664 2.090000
 665 2.000000
 666 2.000000
 667 2.050000
 668 1.950000
 669 2.040000
 670 1.940000
 671 1.900000
 672 1.750000
 673 1.750000
 674 1.850000
 675 1.700000
 676 1.800000
 677 1.770000
 678 1.770000
 679 1.710000
 680 1.720000
 681 1.710000
 682 1.660000
 683 1.660000
 684 1.640000
 685 1.660000
 686 1.600000
 687 1.590000
 688 1.500000
 689 1.480000
 690 1.600000
 691 1.570000
 692 1.450000
 693 1.530000
 694 1.470000
 695 1.510000
 696 1.450000
 697 1.450000
 698 1.520000
 699 1.420000
 700 2.020000
 701 1.390000
 702 2.100000
 703 1.380000
 704 1.370000
 705 1.380000
 706 1.430000
 707 1.470000
 708 1.350000
 709 1.350000
 710 1.470000
 711 1.440000
 712 1.440000
 713 1.440000
 714 1.440000
 715 1.440000
 716 1.330000
 717 1.440000
 718 1.450000
 719 1.330000
 720 1.410000
 721 1.390000
 722 1.450000
 723 1.410000
 724 1.410000
 725 1.410000
 726 1.390000
 727 1.410000
 728 1.350000
 729 1.410000
 730 1.300000
 731 1.410000
 732 1.390000
 733 1.280000
 734 1.280000
 735 1.460000
 736 1.390000
 737 1.330000
 738 1.350000
 739 1.250000
 740 1.230000
 741 1.270000
 742 1.230000
 743 1.230000
 744 1.240000
 745 1.210000
 746 6.530000
 747 6.530000
 748 2.900000
 749 2.920000
 750 6.590000
 751 6.670000
 752 6.740000
 753 5.930000
 754 5.900000
 755 5.900000
 756 5.930000
 757 5.650000
 758 0.870000
 759 0.820000
 760 0.870000
 0 3.340000
 1 3.320000
 2 3.260000
 3 3.300000
 4 3.350000
 5 3.380000
 6 3.430000
 7 3.370000
 8 3.390000
 9 0.800000
 10 0.850000
 11 0.830000
 12 0.840000
 13 0.840000
 14 0.800000
 15 0.830000
 16 0.830000
 17 0.800000
 18 0.800000
 19 0.800000
 20 0.800000
 21 0.800000
 22 0.800000
 23 0.800000
 24 0.780000
 25 0.780000
 26 0.780000
 27 0.780000
 28 0.780000
 29 0.780000
 30 0.780000
 31 0.770000
 32 0.760000
 33 0.760000
 34 0.800000
 35 0.800000
 36 0.780000
 37 0.780000
 38 0.800000
 39 0.800000
 40 0.800000
 41 0.830000
 42 0.830000
 43 0.830000
 44 0.830000
 45 0.830000
 46 0.830000
 47 0.830000
 48 0.850000
 49 0.850000
 50 0.850000
 51 0.850000
 52 0.880000
 53 0.850000
 54 0.880000
 55 0.880000
 56 0.880000
 57 0.880000
 58 0.900000
 59 0.900000
 60 0.900000
 61 0.930000
 62 0.950000
 63 0.920000
 64 0.920000
 65 0.950000
 66 0.950000
 67 0.950000
 68 0.950000
 69 0.980000
 70 0.980000
 71 0.970000
 72 1.000000
 73 1.000000
 74 1.000000
 75 1.000000
 76 1.000000
 77 1.030000
 78 1.050000
 79 1.050000
 80 1.050000
 81 1.050000
 82 1.080000
 83 1.080000
 84 1.100000
 85 1.100000
 86 1.100000
 87 1.120000
 88 1.130000
 89 1.150000
 90 1.130000
 91 1.180000
 92 1.180000
 93 1.170000
 94 1.170000
 95 1.200000
 96 1.190000
 97 1.210000
 98 1.240000
 99 1.260000
 100 1.240000
 101 1.270000
 102 1.300000
 103 1.300000
 104 1.300000
 105 1.310000
 106 1.350000
 107 1.350000
 108 1.350000
 109 1.400000
 110 1.400000
 111 1.400000
 112 1.420000
 113 1.450000
 114 1.470000
 115 1.500000
 116 1.490000
 117 1.490000
 118 1.540000
 119 1.540000
 120 1.590000
 121 1.590000
 122 1.590000
 123 1.610000
 124 1.650000
 125 1.670000
 126 1.690000
 127 1.710000
 128 1.760000
 129 1.760000
 130 1.810000
 131 1.880000
 132 1.990000
 133 2.550000
 134 2.580000
 135 2.580000
 136 2.580000
 137 2.580000
 138 2.550000
 139 2.560000
 140 2.550000
 141 2.570000
 142 2.550000
 143 2.540000
 144 2.560000
 145 2.570000
 146 2.570000
 147 2.610000
 148 3.120000
 149 3.140000
 150 3.190000
 151 3.270000
 152 3.240000
 153 3.270000
 154 3.270000
 155 3.280000
 156 3.310000
 157 3.270000
 158 3.300000
 159 3.320000
 160 3.370000
 161 3.400000
 162 3.510000
 163 2.180000
 164 2.130000
 165 2.160000
 166 2.150000
 167 2.140000
 168 2.170000
 169 2.190000
 170 2.210000
 171 2.210000
 172 2.220000
 173 2.220000
 174 2.250000
 175 3.500000
 176 3.560000
 177 3.540000
 178 3.540000
 179 3.510000
 180 3.540000
 181 3.510000
 182 3.560000
 183 3.710000
 184 3.610000
 185 3.560000
 186 3.540000
 187 3.540000
 188 3.560000
 189 3.530000
 190 3.460000
 191 3.460000
 192 3.380000
 193 2.680000
 194 2.670000
 195 2.670000
 196 2.700000
 197 2.720000
 198 2.680000
 199 2.700000
 200 2.740000
 201 2.720000
 202 2.750000
 203 2.750000
 204 3.350000
 205 3.400000
 206 3.420000
 207 3.400000
 208 3.520000
 209 3.510000
 210 3.520000
 211 3.400000
 212 3.400000
 213 3.520000
 214 3.520000
 215 3.500000
 216 3.430000
 217 1.890000
 218 1.860000
 219 1.870000
 220 1.850000
 221 1.860000
 222 1.870000
 223 1.890000
 224 1.920000
 225 1.960000
 226 1.970000
 227 1.960000
 228 4.720000
 229 4.130000
 230 4.720000
 231 4.750000
 232 4.750000
 233 4.750000
 234 4.750000
 235 4.750000
 236 4.780000
 237 4.750000
 238 2.460000
 239 2.440000
 240 2.460000
 241 2.470000
 242 2.470000
 243 2.460000
 244 2.460000
 245 2.490000
 246 2.500000
 247 2.500000
 248 2.500000
 249 2.550000
 250 4.620000
 251 4.830000
 252 4.830000
 253 4.570000
 254 4.180000
 255 4.850000
 256 4.850000
 257 4.850000
 258 4.750000
 259 4.610000
 260 4.610000
 261 4.700000
 262 4.870000
 263 4.880000
 264 4.880000
 265 4.900000
 266 4.900000
 267 4.900000
 268 4.930000
 269 4.020000
 270 4.070000
 271 4.030000
 272 4.020000
 273 4.950000
 274 4.960000
 275 1.470000
 276 1.490000
 277 1.480000
 278 1.400000
 279 1.430000
 280 1.430000
 281 1.410000
 282 1.370000
 283 1.380000
 284 1.390000
 285 1.350000
 286 1.380000
 287 1.350000
 288 1.340000
 289 1.340000
 290 1.360000
 291 1.360000
 292 1.350000
 293 1.380000
 294 1.330000
 295 1.350000
 296 1.380000
 297 1.370000
 298 1.380000
 299 1.400000
 300 1.530000
 301 1.380000
 302 1.390000
 303 1.400000
 304 1.400000
 305 1.410000
 306 1.430000
 307 1.430000
 308 1.430000
 309 1.420000
 310 1.440000
 311 1.430000
 312 4.620000
 313 4.590000
 314 4.530000
 315 4.430000
 316 4.050000
 317 4.050000
 318 4.070000
 319 4.100000
 320 4.100000
 321 4.100000
 322 4.120000
 323 3.770000
 324 3.770000
 325 3.790000
 326 3.800000
 327 3.800000
 328 3.790000
 329 4.330000
 330 4.630000
 331 3.710000
 332 3.700000
 333 3.700000
 334 3.570000
 335 3.550000
 336 3.550000
 337 3.550000
 338 3.550000
 339 3.530000
 340 3.580000
 341 3.580000
 342 3.640000
 343 3.630000
 344 3.660000
 345 3.680000
 346 3.730000
 347 3.740000
 348 3.710000
 349 3.710000
 350 3.690000
 351 3.710000
 352 3.690000
 353 3.660000
 354 3.640000
 355 3.640000
 356 3.640000
 357 3.640000
 358 3.640000
 359 3.610000
 360 3.610000
 361 3.610000
 362 3.590000
 363 3.590000
 364 3.560000
 365 3.560000
 366 3.560000
 367 3.560000
 368 3.560000
 369 3.540000
 370 3.540000
 371 3.540000
 372 3.540000
 373 3.520000
 374 3.490000
 375 3.510000
 376 3.520000
 377 3.490000
 378 3.490000
 379 3.490000
 380 3.470000
 381 3.470000
 382 3.470000
 383 3.470000
 384 3.440000
 385 3.470000
 386 3.440000
 387 3.490000
 388 4.350000
 389 4.350000
 390 4.350000
 391 4.320000
 392 4.100000
 393 4.030000
 394 4.030000
 395 4.060000
 396 4.270000
 397 4.270000
 398 4.250000
 399 4.250000
 400 4.230000
 401 4.200000
 402 4.230000
 403 4.170000
 404 4.170000
 405 4.170000
 406 4.180000
 407 4.170000
 408 4.150000
 409 4.120000
 410 4.120000
 411 4.120000
 412 4.100000
 413 4.100000
 414 4.100000
 415 4.070000
 416 4.070000
 417 4.080000
 418 4.070000
 419 2.070000
 420 2.100000
 421 2.050000
 422 2.030000
 423 1.980000
 424 1.820000
 425 1.800000
 426 1.750000
 427 1.780000
 428 1.780000
 429 1.770000
 430 1.770000
 431 1.750000
 432 1.750000
 433 1.780000
 434 1.760000
 435 1.750000
 436 1.780000
 437 1.780000
 438 1.770000
 439 1.800000
 440 1.770000
 441 1.800000
 442 1.790000
 443 1.770000
 444 1.800000
 445 1.800000
 446 1.800000
 447 1.790000
 448 1.770000
 449 1.800000
 450 1.800000
 451 1.810000
 452 1.800000
 453 1.800000
 454 1.810000
 455 1.800000
 456 1.800000
 457 1.800000
 458 1.800000
 459 1.820000
 460 1.840000
 461 1.840000
 462 1.830000
 463 1.850000
 464 1.830000
 465 1.850000
 466 1.820000
 467 2.970000
 468 3.010000
 469 2.980000
 470 2.950000
 471 2.980000
 472 3.010000
 473 2.950000
 474 2.950000
 475 3.020000
 476 2.980000
 477 2.950000
 478 2.970000
 479 3.000000
 480 3.030000
 481 3.050000
 482 3.030000
 483 3.050000
 484 3.060000
 485 3.000000
 486 5.080000
 487 3.050000
 488 3.030000
 489 3.180000
 490 3.180000
 491 3.080000
 492 3.080000
 493 3.210000
 494 3.180000
 495 3.170000
 496 3.180000
 497 3.220000
 498 3.250000
 499 3.230000
 500 3.220000
 501 3.220000
 502 3.210000
 503 3.240000
 504 3.260000
 505 3.260000
 506 3.270000
 507 3.260000
 508 3.260000
 509 3.280000
 510 3.340000
 511 3.320000
 512 3.370000
 513 3.270000
 514 3.290000
 515 3.310000
 516 6.170000
 517 6.170000
 518 6.200000
 519 6.190000
 520 6.210000
 521 6.210000
 522 6.240000
 523 6.240000
 524 6.240000
 525 6.240000
 526 6.260000
 527 4.620000
 528 4.310000
 529 4.260000
 530 4.250000
 531 6.310000
 532 3.280000
 533 3.190000
 534 3.220000
 535 3.240000
 536 3.480000
 537 3.740000
 538 3.730000
 539 3.680000
 540 3.660000
 541 3.690000
 542 3.690000
 543 3.660000
 544 3.660000
 545 3.690000
 546 3.690000
 547 3.290000
 548 3.710000
 549 3.710000
 550 3.710000
 551 3.690000
 552 3.690000
 553 3.710000
 554 3.690000
 555 3.640000
 556 3.660000
 557 3.670000
 558 3.660000
 559 3.690000
 560 3.660000
 561 3.690000
 562 3.690000
 563 3.710000
 564 3.710000
 565 3.690000
 566 3.710000
 567 3.740000
 568 3.710000
 569 3.740000
 570 3.740000
 571 3.760000
 572 3.740000
 573 3.760000
 574 3.760000
 575 3.760000
 576 3.750000
 577 3.710000
 578 3.660000
 579 3.610000
 580 3.330000
 581 3.180000
 582 3.270000
 583 3.500000
 584 3.450000
 585 3.420000
 586 3.380000
 587 3.070000
 588 3.050000
 589 3.100000
 590 3.050000
 591 3.030000
 592 3.020000
 593 3.020000
 594 3.050000
 595 2.980000
 596 2.910000
 597 3.010000
 598 2.990000
 599 3.020000
 600 3.050000
 601 3.070000
 602 3.010000
 603 3.020000
 604 3.100000
 605 3.150000
 606 3.070000
 607 3.100000
 608 3.190000
 609 3.110000
 610 3.120000
 611 3.170000
 612 3.100000
 613 3.010000
 614 2.770000
 615 2.730000
 616 2.710000
 617 2.710000
 618 2.690000
 619 2.660000
 620 2.650000
 621 2.640000
 622 2.650000
 623 2.590000
 624 2.580000
 625 2.540000
 626 2.490000
 627 2.460000
 628 2.410000
 629 2.410000
 630 2.360000
 631 2.340000
 632 2.310000
 633 2.300000
 634 2.240000
 635 2.260000
 636 2.130000
 637 2.250000
 638 2.220000
 639 2.200000
 640 2.160000
 641 2.190000
 642 2.130000
 643 2.130000
 644 2.150000
 645 2.120000
 646 2.060000
 647 2.060000
 648 2.050000
 649 2.050000
 650 2.050000
 651 2.050000
 652 2.020000
 653 2.040000
 654 2.040000
 655 2.010000
 656 2.020000
 657 2.020000
 658 2.080000
 659 2.050000
 660 2.070000
 661 1.970000
 662 2.030000
 663 2.030000
 664 2.060000
 665 2.000000
 666 2.000000
 667 2.020000
 668 1.970000
 669 2.040000
 670 1.940000
 671 1.870000
 672 1.750000
 673 1.730000
 674 1.820000
 675 1.680000
 676 1.770000
 677 1.770000
 678 1.770000
 679 1.710000
 680 1.690000
 681 1.690000
 682 1.690000
 683 1.640000
 684 1.640000
 685 1.660000
 686 1.600000
 687 1.570000
 688 1.500000
 689 1.500000
 690 1.580000
 691 1.600000
 692 1.450000
 693 1.430000
 694 1.470000
 695 1.530000
 696 1.450000
 697 1.450000
 698 1.550000
 699 1.450000
 700 1.870000
 701 1.390000
 702 2.100000
 703 1.380000
 704 1.340000
 705 1.380000
 706 1.430000
 707 1.470000
 708 1.380000
 709 1.370000
 710 1.330000
 711 1.440000
 712 1.470000
 713 1.450000
 714 1.440000
 715 1.450000
 716 1.330000
 717 1.440000
 718 1.440000
 719 1.330000
 720 1.410000
 721 1.410000
 722 1.440000
 723 1.390000
 724 1.390000
 725 1.440000
 726 1.390000
 727 1.410000
 728 1.320000
 729 1.440000
 730 1.300000
 731 1.410000
 732 1.300000
 733 1.300000
 734 1.300000
 735 1.470000
 736 1.390000
 737 1.350000
 738 1.350000
 739 1.250000
 740 1.230000
 741 1.290000
 742 1.230000
 743 1.230000
 744 1.230000
 745 1.210000
 746 6.550000
 747 6.500000
 748 2.870000
 749 2.890000
 750 6.640000
 751 6.670000
 752 6.720000
 753 5.930000
 754 5.880000
 755 5.910000
 756 5.930000
 757 5.650000
 758 0.870000
 759 0.870000
 760 0.880000
 0 3.340000
 1 3.340000
 2 3.260000
 3 3.300000
 4 3.330000
 5 3.380000
 6 3.430000
 7 3.400000
 8 3.420000
 9 0.850000
 10 0.850000
 11 0.830000
 12 0.840000
 13 0.840000
 14 0.830000
 15 0.830000
 16 0.800000
 17 0.800000
 18 0.800000
 19 0.800000
 20 0.800000
 21 0.800000
 22 0.780000
 23 0.800000
 24 0.780000
 25 0.800000
 26 0.800000
 27 0.780000
 28 0.780000
 29 0.780000
 30 0.780000
 31 0.770000
 32 0.760000
 33 0.780000
 34 0.800000
 35 0.800000
 36 0.780000
 37 0.800000
 38 0.800000
 39 0.800000
 40 0.830000
 41 0.830000
 42 0.830000
 43 0.800000
 44 0.830000
 45 0.830000
 46 0.830000
 47 0.850000
 48 0.850000
 49 0.850000
 50 0.850000
 51 0.880000
 52 0.850000
 53 0.850000
 54 0.900000
 55 0.880000
 56 0.900000
 57 0.900000
 58 0.900000
 59 0.900000
 60 0.900000
 61 0.900000
 62 0.920000
 63 0.950000
 64 0.950000
 65 0.950000
 66 0.930000
 67 0.950000
 68 0.950000
 69 0.950000
 70 0.980000
 71 0.970000
 72 1.000000
 73 1.000000
 74 1.000000
 75 1.000000
 76 1.030000
 77 1.030000
 78 1.050000
 79 1.050000
 80 1.050000
 81 1.050000
 82 1.050000
 83 1.100000
 84 1.080000
 85 1.100000
 86 1.130000
 87 1.120000
 88 1.130000
 89 1.130000
 90 1.150000
 91 1.150000
 92 1.180000
 93 1.170000
 94 1.200000
 95 1.200000
 96 1.210000
 97 1.210000
 98 1.240000
 99 1.240000
 100 1.260000
 101 1.270000
 102 1.300000
 103 1.300000
 104 1.320000
 105 1.310000
 106 1.320000
 107 1.370000
 108 1.370000
 109 1.400000
 110 1.400000
 111 1.420000
 112 1.420000
 113 1.450000
 114 1.470000
 115 1.500000
 116 1.510000
 117 1.510000
 118 1.540000
 119 1.560000
 120 1.590000
 121 1.590000
 122 1.610000
 123 1.640000
 124 1.660000
 125 1.700000
 126 1.690000
 127 1.710000
 128 1.730000
 129 1.760000
 130 1.810000
 131 1.850000
 132 1.990000
 133 2.580000
 134 2.600000
 135 2.580000
 136 2.580000
 137 2.580000
 138 2.580000
 139 2.560000
 140 2.550000
 141 2.570000
 142 2.580000
 143 2.560000
 144 2.550000
 145 2.540000
 146 2.560000
 147 2.630000
 148 3.120000
 149 3.140000
 150 3.180000
 151 3.270000
 152 3.220000
 153 3.260000
 154 3.260000
 155 3.260000
 156 3.270000
 157 3.310000
 158 3.300000
 159 3.320000
 160 3.320000
 161 3.370000
 162 3.510000
 163 2.150000
 164 2.180000
 165 2.140000
 166 2.150000
 167 2.160000
 168 2.200000
 169 2.190000
 170 2.210000
 171 2.210000
 172 2.210000
 173 2.220000
 174 2.250000
 175 3.500000
 176 3.540000
 177 3.510000
 178 3.540000
 179 3.510000
 180 3.540000
 181 3.540000
 182 3.560000
 183 3.740000
 184 3.610000
 185 3.590000
 186 3.540000
 187 3.540000
 188 3.540000
 189 3.530000
 190 3.430000
 191 3.480000
 192 3.380000
 193 2.670000
 194 2.670000
 195 2.670000
 196 2.700000
 197 2.700000
 198 2.680000
 199 2.690000
 200 2.710000
 201 2.750000
 202 2.750000
 203 2.780000
 204 3.380000
 205 3.400000
 206 3.420000
 207 3.400000
 208 3.520000
 209 3.520000
 210 3.550000
 211 3.430000
 212 3.430000
 213 3.550000
 214 3.500000
 215 3.500000
 216 3.400000
 217 1.880000
 218 1.890000
 219 1.850000
 220 1.850000
 221 1.860000
 222 1.900000
 223 1.890000
 224 1.910000
 225 1.960000
 226 1.950000
 227 1.960000
 228 4.720000
 229 4.090000
 230 4.720000
 231 4.750000
 232 4.750000
 233 4.750000
 234 4.750000
 235 4.750000
 236 4.750000
 237 4.770000
 238 2.480000
 239 2.440000
 240 2.440000
 241 2.470000
 242 2.470000
 243 2.460000
 244 2.480000
 245 2.490000
 246 2.470000
 247 2.500000
 248 2.500000
 249 2.550000
 250 4.610000
 251 4.830000
 252 4.800000
 253 4.600000
 254 4.180000
 255 4.830000
 256 4.830000
 257 4.850000
 258 4.720000
 259 4.610000
 260 4.610000
 261 4.700000
 262 4.870000
 263 4.880000
 264 4.900000
 265 4.880000
 266 4.900000
 267 4.900000
 268 4.930000
 269 4.040000
 270 4.070000
 271 4.030000
 272 3.990000
 273 4.950000
 274 4.960000
 275 1.510000
 276 1.450000
 277 1.450000
 278 1.430000
 279 1.450000
 280 1.410000
 281 1.410000
 282 1.370000
 283 1.380000
 284 1.380000
 285 1.380000
 286 1.370000
 287 1.340000
 288 1.340000
 289 1.330000
 290 1.360000
 291 1.330000
 292 1.350000
 293 1.350000
 294 1.370000
 295 1.340000
 296 1.370000
 297 1.380000
 298 1.380000
 299 1.400000
 300 1.520000
 301 1.390000
 302 1.390000
 303 1.400000
 304 1.400000
 305 1.410000
 306 1.400000
 307 1.400000
 308 1.430000
 309 1.420000
 310 1.450000
 311 1.450000
 312 4.650000
 313 4.570000
 314 4.510000
 315 4.460000
 316 4.050000
 317 4.060000
 318 4.060000
 319 4.070000
 320 4.100000
 321 4.100000
 322 4.120000
 323 3.770000
 324 3.760000
 325 3.790000
 326 3.800000
 327 3.780000
 328 3.820000
 329 4.330000
 330 4.630000
 331 3.690000
 332 3.730000
 333 3.680000
 334 3.580000
 335 3.550000
 336 3.580000
 337 3.550000
 338 3.550000
 339 3.560000
 340 3.580000
 341 3.580000
 342 3.640000
 343 3.610000
 344 3.660000
 345 3.680000
 346 3.710000
 347 3.710000
 348 3.710000
 349 3.710000
 350 3.690000
 351 3.690000
 352 3.660000
 353 3.690000
 354 3.660000
 355 3.640000
 356 3.640000
 357 3.640000
 358 3.640000
 359 3.610000
 360 3.590000
 361 3.590000
 362 3.590000
 363 3.590000
 364 3.590000
 365 3.560000
 366 3.560000
 367 3.560000
 368 3.560000
 369 3.540000
 370 3.540000
 371 3.520000
 372 3.510000
 373 3.520000
 374 3.520000
 375 3.520000
 376 3.490000
 377 3.510000
 378 3.490000
 379 3.460000
 380 3.470000
 381 3.460000
 382 3.470000
 383 3.470000
 384 3.440000
 385 3.460000
 386 3.440000
 387 3.500000
 388 4.350000
 389 4.350000
 390 4.350000
 391 4.320000
 392 4.100000
 393 4.050000
 394 4.000000
 395 4.090000
 396 4.270000
 397 4.270000
 398 4.250000
 399 4.230000
 400 4.230000
 401 4.200000
 402 4.200000
 403 4.200000
 404 4.200000
 405 4.150000
 406 4.170000
 407 4.150000
 408 4.150000
 409 4.150000
 410 4.120000
 411 4.120000
 412 4.100000
 413 4.100000
 414 4.100000
 415 4.100000
 416 4.070000
 417 4.070000
 418 4.070000
 419 2.090000
 420 2.100000
 421 2.080000
 422 2.030000
 423 1.960000
 424 1.820000
 425 1.800000
 426 1.780000
 427 1.770000
 428 1.760000
 429 1.760000
 430 1.770000
 431 1.750000
 432 1.750000
 433 1.780000
 434 1.770000
 435 1.750000
 436 1.780000
 437 1.760000
 438 1.780000
 439 1.780000
 440 1.770000
 441 1.780000
 442 1.800000
 443 1.760000
 444 1.780000
 445 1.780000
 446 1.800000
 447 1.800000
 448 1.780000
 449 1.790000
 450 1.800000
 451 1.790000
 452 1.780000
 453 1.780000
 454 1.800000
 455 1.780000
 456 1.800000
 457 1.820000
 458 1.820000
 459 1.800000
 460 1.820000
 461 1.840000
 462 1.830000
 463 1.830000
 464 1.830000
 465 1.850000
 466 1.820000
 467 2.900000
 468 2.990000
 469 2.980000
 470 2.930000
 471 2.980000
 472 3.010000
 473 2.920000
 474 2.930000
 475 3.020000
 476 2.980000
 477 2.950000
 478 2.970000
 479 3.020000
 480 3.030000
 481 3.030000
 482 3.030000
 483 3.030000
 484 3.060000
 485 3.030000
 486 5.100000
 487 3.070000
 488 3.050000
 489 3.160000
 490 3.180000
 491 3.080000
 492 3.080000
 493 3.170000
 494 3.180000
 495 3.200000
 496 3.200000
 497 3.190000
 498 3.250000
 499 3.230000
 500 3.220000
 501 3.210000
 502 3.220000
 503 3.230000
 504 3.230000
 505 3.240000
 506 3.270000
 507 3.260000
 508 3.280000
 509 3.280000
 510 3.320000
 511 3.320000
 512 3.370000
 513 3.270000
 514 3.290000
 515 3.340000
 516 6.200000
 517 6.160000
 518 6.200000
 519 6.190000
 520 6.210000
 521 6.210000
 522 6.240000
 523 6.210000
 524 6.240000
 525 6.230000
 526 6.260000
 527 4.620000
 528 4.330000
 529 4.260000
 530 4.260000
 531 6.280000
 532 3.280000
 533 3.220000
 534 3.190000
 535 3.230000
 536 3.450000
 537 3.740000
 538 3.730000
 539 3.680000
 540 3.660000
 541 3.690000
 542 3.690000
 543 3.690000
 544 3.690000
 545 3.690000
 546 3.690000
 547 3.280000
 548 3.710000
 549 3.710000
 550 3.690000
 551 3.710000
 552 3.710000
 553 3.710000
 554 3.690000
 555 3.660000
 556 3.660000
 557 3.670000
 558 3.660000
 559 3.670000
 560 3.690000
 561 3.690000
 562 3.690000
 563 3.710000
 564 3.710000
 565 3.710000
 566 3.740000
 567 3.710000
 568 3.710000
 569 3.740000
 570 3.710000
 571 3.740000
 572 3.740000
 573 3.760000
 574 3.760000
 575 3.760000
 576 3.760000
 577 3.710000
 578 3.660000
 579 3.640000
 580 3.330000
 581 3.180000
 582 3.300000
 583 3.480000
 584 3.450000
 585 3.420000
 586 3.380000
 587 3.070000
 588 3.100000
 589 3.100000
 590 3.080000
 591 3.050000
 592 3.050000
 593 3.040000
 594 3.020000
 595 2.980000
 596 2.930000
 597 3.010000
 598 3.010000
 599 3.020000
 600 3.050000
 601 3.070000
 602 3.010000
 603 3.050000
 604 3.100000
 605 3.150000
 606 3.100000
 607 3.100000
 608 3.210000
 609 3.110000
 610 3.120000
 611 3.200000
 612 3.120000
 613 3.020000
 614 2.750000
 615 2.730000
 616 2.730000
 617 2.710000
 618 2.690000
 619 2.700000
 620 2.660000
 621 2.660000
 622 2.620000
 623 2.590000
 624 2.580000
 625 2.540000
 626 2.480000
 627 2.460000
 628 2.410000
 629 2.380000
 630 2.360000
 631 2.330000
 632 2.310000
 633 2.290000
 634 2.260000
 635 2.260000
 636 2.300000
 637 2.270000
 638 2.220000
 639 2.190000
 640 2.160000
 641 2.190000
 642 2.110000
 643 2.130000
 644 2.150000
 645 2.120000
 646 2.070000
 647 2.070000
 648 2.050000
 649 2.050000
 650 2.050000
 651 2.050000
 652 2.020000
 653 2.040000
 654 2.050000
 655 2.040000
 656 2.020000
 657 2.020000
 658 2.100000
 659 2.050000
 660 2.070000
 661 2.000000
 662 2.030000
 663 2.060000
 664 2.060000
 665 2.000000
 666 2.020000
 667 2.050000
 668 1.950000
 669 2.040000
 670 1.960000
 671 1.900000
 672 1.720000
 673 1.730000
 674 1.850000
 675 1.680000
 676 1.770000
 677 1.800000
 678 1.770000
 679 1.710000
 680 1.690000
 681 1.700000
 682 1.660000
 683 1.630000
 684 1.640000
 685 1.630000
 686 1.620000
 687 1.590000
 688 1.500000
 689 1.480000
 690 1.580000
 691 1.570000
 692 1.450000
 693 1.500000
 694 1.470000
 695 1.510000
 696 1.450000
 697 1.470000
 698 1.550000
 699 1.420000
 700 1.920000
 701 1.390000
 702 2.100000
 703 1.400000
 704 1.370000
 705 1.350000
 706 1.460000
 707 1.470000
 708 1.350000
 709 1.370000
 710 1.330000
 711 1.440000
 712 1.440000
 713 1.470000
 714 1.440000
 715 1.450000
 716 1.350000
 717 1.440000
 718 1.440000
 719 1.330000
 720 1.390000
 721 1.410000
 722 1.460000
 723 1.410000
 724 1.410000
 725 1.440000
 726 1.390000
 727 1.410000
 728 1.350000
 729 1.300000
 730 1.300000
 731 1.390000
 732 1.410000
 733 1.300000
 734 1.280000
 735 1.470000
 736 1.360000
 737 1.330000
 738 1.350000
 739 1.250000
 740 1.230000
 741 1.270000
 742 1.210000
 743 1.230000
 744 1.230000
 745 1.240000
 746 6.530000
 747 6.500000
 748 2.870000
 749 2.890000
 750 6.640000
 751 6.670000
 752 6.720000
 753 5.950000
 754 5.900000
 755 5.910000
 756 5.930000
 757 5.680000
 758 0.910000
 759 0.850000
 760 0.850000