
 0 2.330000
 1 2.210000
 2 2.300000
 3 2.320000
 4 3.310000
 5 2.350000
 6 2.260000
 7 2.240000
 8 2.340000
 9 2.260000
 10 2.310000
 11 2.260000
 12 2.320000
 13 2.400000
 14 2.370000
 15 2.350000
 16 2.430000
 17 2.400000
 18 2.290000
 19 2.410000
 20 2.460000
 21 2.310000
 22 2.460000
 23 2.470000
 24 2.420000
 25 2.450000
 26 2.450000
 27 2.430000
 28 2.430000
 29 2.430000
 30 2.390000
 31 2.460000
 32 2.470000
 33 2.470000
 34 2.530000
 35 2.400000
 36 2.580000
 37 2.410000
 38 2.550000
 39 2.550000
 40 2.570000
 41 2.540000
 42 2.600000
 43 2.610000
 44 2.580000
 45 2.590000
 46 2.590000
 47 2.640000
 48 2.660000
 49 2.790000
 50 2.850000
 51 2.950000
 52 2.680000
 53 3.410000
 54 3.440000
 55 3.440000
 56 3.440000
 57 3.410000
 58 3.410000
 59 3.440000
 60 3.410000
 61 3.390000
 62 3.390000
 63 3.390000
 64 3.360000
 65 3.360000
 66 3.360000
 67 3.360000
 68 3.340000
 69 3.340000
 70 3.310000
 71 3.310000
 72 3.310000
 73 3.360000
 74 3.560000
 75 3.320000
 76 3.320000
 77 3.340000
 78 3.390000
 79 3.390000
 80 3.440000
 81 3.410000
 82 3.400000
 83 3.440000
 84 3.320000
 85 3.290000
 86 3.310000
 87 3.280000
 88 3.260000
 89 3.200000
 90 3.200000
 91 3.210000
 92 3.170000
 93 3.280000
 94 3.240000
 95 3.240000
 96 3.180000
 97 3.170000
 98 3.180000
 99 3.240000
 100 3.180000
 101 3.180000
 102 3.210000
 103 3.330000
 104 3.260000
 105 3.250000
 106 3.200000
 107 3.310000
 108 3.300000
 109 3.290000
 110 3.260000
 111 3.320000
 112 3.280000
 113 3.300000
 114 3.320000
 115 3.240000
 116 3.250000
 117 3.310000
 118 3.230000
 119 3.260000
 120 3.250000
 121 3.210000
 122 3.180000
 123 3.210000
 124 3.180000
 125 3.180000
 126 3.140000
 127 3.180000
 128 3.240000
 129 3.240000
 130 3.250000
 131 3.180000
 132 3.130000
 133 3.130000
 134 3.110000
 135 3.120000
 136 3.160000
 137 3.150000
 138 3.120000
 139 3.160000
 140 3.190000
 141 3.150000
 142 3.250000
 143 3.250000
 144 3.190000
 145 3.160000
 146 3.110000
 147 3.120000
 148 3.220000
 149 3.180000
 150 3.120000
 151 3.190000
 152 3.110000
 153 3.110000
 154 3.080000
 155 3.110000
 156 3.140000
 157 3.060000
 158 3.080000
 159 3.120000
 160 3.140000
 161 3.110000
 162 3.080000
 163 3.060000
 164 3.160000
 165 3.110000
 166 3.050000
 167 3.100000
 168 3.060000
 169 3.030000
 170 3.040000
 171 3.110000
 172 3.030000
 173 3.130000
 174 3.150000
 175 3.060000
 176 3.050000
 177 3.030000
 178 3.030000
 179 3.050000
 180 3.150000
 181 3.060000
 182 7.850000
 183 3.010000
 184 3.010000
 185 3.010000
 186 3.130000
 187 3.070000
 188 3.030000
 189 3.090000
 190 3.100000
 191 3.140000
 192 3.090000
 193 3.060000
 194 3.060000
 195 3.110000
 196 3.070000
 197 3.010000
 198 3.020000
 199 3.120000
 200 3.030000
 201 7.810000
 202 3.010000
 203 3.010000
 204 7.810000
 205 3.000000
 206 3.130000
 207 2.990000
 208 2.980000
 209 3.080000
 210 2.980000
 211 2.980000
 212 3.080000
 213 2.980000
 214 3.100000
 215 3.070000
 216 2.980000
 217 3.020000
 218 3.040000
 219 3.030000
 220 3.040000
 221 3.060000
 222 3.080000
 223 3.080000
 224 3.060000
 225 3.040000
 226 3.040000
 227 3.070000
 228 3.080000
 229 3.080000
 230 3.040000
 231 3.110000
 232 2.960000
 233 3.040000
 234 2.960000
 235 2.970000
 236 2.980000
 237 3.010000
 238 3.740000
 239 2.980000
 240 2.980000
 241 3.540000
 242 3.030000
 243 3.010000
 244 3.110000
 245 2.980000
 246 3.040000
 247 3.070000
 248 3.080000
 249 3.080000
 250 3.060000
 251 3.080000
 252 3.080000
 253 3.110000
 254 3.140000
 255 3.140000
 256 3.140000
 257 3.210000
 258 3.160000
 259 3.110000
 260 3.160000
 261 3.160000
 262 3.160000
 263 3.130000
 264 3.110000
 265 3.160000
 266 3.290000
 267 3.160000
 268 3.130000
 269 3.130000
 270 2.220000
 271 2.200000
 272 2.210000
 273 2.210000
 274 2.210000
 275 2.200000
 276 2.200000
 277 2.200000
 278 2.200000
 279 2.240000
 280 2.360000
 281 2.910000
 282 3.130000
 283 3.140000
 284 3.090000
 285 3.070000
 286 3.040000
 287 3.060000
 288 3.170000
 289 3.140000
 290 3.170000
 291 3.150000
 292 3.160000
 293 3.200000
 294 3.210000
 295 3.210000
 296 3.220000
 297 3.220000
 298 3.250000
 299 3.270000
 300 3.210000
 301 3.280000
 302 3.290000
 303 3.260000
 304 3.290000
 305 3.340000
 306 3.340000
 307 3.310000
 308 3.310000
 309 3.310000
 310 3.340000
 311 3.340000
 312 3.340000
 313 3.340000
 314 3.340000
 315 3.360000
 316 3.360000
 317 3.340000
 318 3.270000
 319 2.960000
 320 2.950000
 321 2.930000
 322 2.870000
 323 2.630000
 324 2.600000
 325 2.580000
 326 2.600000
 327 2.580000
 328 2.310000
 329 2.260000
 330 2.210000
 331 2.210000
 332 2.210000
 333 2.230000
 334 2.240000
 335 2.240000
 336 2.240000
 337 2.260000
 338 3.530000
 339 3.530000
 340 3.550000
 341 2.840000
 342 3.530000
 343 3.550000
 344 3.600000
 345 3.590000
 346 6.710000
 347 6.670000
 348 3.010000
 349 6.580000
 350 6.540000
 351 6.530000
 352 6.480000
 353 3.810000
 354 3.850000
 355 6.340000
 356 6.310000
 357 6.280000
 358 6.250000
 359 6.240000
 360 3.140000
 361 3.110000
 362 3.060000
 363 3.060000
 364 3.100000
 365 3.100000
 366 3.090000
 367 3.140000
 368 5.960000
 369 2.810000
 370 2.760000
 371 2.760000
 372 2.740000
 373 2.710000
 374 2.740000
 375 2.740000
 376 2.740000
 377 2.760000
 378 4.150000
 379 4.180000
 380 4.180000
 381 2.480000
 382 2.410000
 383 2.410000
 384 2.390000
 385 2.390000
 386 2.390000
 387 2.410000
 388 2.410000
 389 2.410000
 390 2.440000
 391 4.430000
 392 4.510000
 393 4.430000
 394 4.930000
 395 4.910000
 396 4.880000
 397 4.640000
 398 4.440000
 399 4.460000
 400 4.490000
 401 4.300000
 402 4.230000
 403 4.180000
 404 4.150000
 405 4.100000
 406 4.040000
 407 4.030000
 408 4.330000
 409 4.490000
 410 4.490000
 411 4.490000
 412 4.080000
 413 4.020000
 414 3.980000
 415 3.950000
 416 3.960000
 417 4.040000
 418 3.990000
 419 3.990000
 420 3.980000
 421 3.990000
 422 4.020000
 423 3.960000
 424 3.980000
 425 3.930000
 426 4.070000
 427 3.930000
 428 4.030000
 429 4.010000
 430 3.970000
 431 3.970000
 432 3.960000
 433 3.980000
 434 4.020000
 435 4.010000
 436 3.960000
 437 3.930000
 438 3.930000
 439 3.910000
 440 3.910000
 441 3.880000
 442 3.800000
 443 3.810000
 444 3.830000
 445 3.830000
 446 3.780000
 447 3.770000
 448 3.770000
 449 3.940000
 450 3.980000
 451 4.020000
 452 3.950000
 453 3.790000
 454 3.740000
 455 3.710000
 456 3.740000
 457 3.710000
 458 3.680000
 459 3.670000
 460 3.660000
 461 3.630000
 462 3.630000
 463 3.660000
 464 3.700000
 465 3.680000
 466 3.670000
 467 3.620000
 468 3.580000
 469 3.570000
 470 3.550000
 471 3.570000
 472 3.580000
 473 3.560000
 474 3.570000
 475 3.610000
 476 3.590000
 477 3.580000
 478 3.620000
 479 3.590000
 480 3.600000
 481 3.590000
 482 3.570000
 483 3.560000
 484 3.530000
 485 3.540000
 486 3.630000
 487 3.590000
 488 3.580000
 489 3.560000
 490 3.490000
 491 3.470000
 492 3.380000
 493 3.400000
 494 3.370000
 495 3.420000
 496 3.410000
 497 3.480000
 498 3.460000
 499 3.430000
 500 3.390000
 501 3.410000
 502 3.410000
 503 3.370000
 504 3.350000
 505 3.330000
 506 3.330000
 507 3.310000
 508 3.430000
 509 3.280000
 510 3.410000
 511 3.280000
 512 3.280000
 513 3.380000
 514 3.380000
 515 3.230000
 516 3.260000
 517 3.230000
 518 3.360000
 519 3.300000
 520 3.330000
 521 3.330000
 522 3.210000
 523 3.170000
 524 3.180000
 525 3.180000
 526 3.270000
 527 3.240000
 528 3.220000
 529 3.160000
 530 3.140000
 531 3.180000
 532 3.130000
 533 3.180000
 534 3.310000
 535 3.280000
 536 3.310000
 537 3.160000
 538 3.280000
 539 3.280000
 540 3.280000
 541 3.310000
 542 3.280000
 543 3.290000
 544 3.310000
 545 3.310000
 546 3.280000
 547 3.290000
 548 3.310000
 549 3.160000
 550 3.290000
 551 3.290000
 552 3.180000
 553 3.230000
 554 3.160000
 555 3.210000
 556 3.210000
 557 3.180000
 558 3.180000
 559 3.230000
 560 3.380000
 561 3.180000
 562 3.180000
 563 3.200000
 564 3.390000
 565 3.310000
 566 3.310000
 567 3.320000
 568 3.350000
 569 3.320000
 570 3.320000
 571 3.320000
 572 3.330000
 573 3.320000
 574 3.320000
 575 3.350000
 576 3.350000
 577 3.320000
 578 3.340000
 579 3.350000
 580 3.330000
 581 3.330000
 582 3.330000
 583 3.360000
 584 3.350000
 585 3.300000
 586 3.350000
 587 3.330000
 588 3.320000
 589 3.320000
 590 3.350000
 591 3.350000
 592 3.300000
 593 3.320000
 594 3.330000
 595 3.320000
 596 3.320000
 597 3.360000
 598 3.260000
 599 3.620000
 600 3.340000
 601 3.360000
 602 3.510000
 603 3.510000
 604 3.380000
 605 3.380000
 606 3.410000
 607 3.380000
 608 3.360000
 609 3.300000
 610 3.310000
 611 3.470000
 612 3.400000
 613 3.400000
 614 3.390000
 615 3.440000
 616 3.440000
 617 3.410000
 618 3.460000
 619 0.690000
 620 0.660000
 621 0.640000
 622 0.660000
 623 0.610000
 624 0.640000
 625 0.630000
 626 0.630000
 627 0.620000
 628 0.630000
 629 0.610000
 630 0.600000
 631 0.610000
 632 0.610000
 633 0.610000
 634 0.620000
 635 0.610000
 636 0.600000
 637 0.590000
 638 0.580000
 639 0.580000
 640 0.580000
 641 0.580000
 642 0.610000
 643 0.590000
 644 0.560000
 645 0.560000
 646 0.560000
 647 0.560000
 648 0.580000
 649 0.590000
 650 0.560000
 651 0.570000
 652 0.570000
 653 0.560000
 654 0.580000
 655 0.570000
 656 0.530000
 657 0.530000
 658 0.530000
 659 0.580000
 660 0.570000
 661 0.590000
 662 0.590000
 663 0.620000
 664 0.590000
 665 0.620000
 666 0.590000
 667 0.630000
 668 0.610000
 669 0.610000
 670 0.650000
 671 0.630000
 672 0.650000
 673 0.620000
 674 0.630000
 675 0.650000
 676 0.630000
 677 0.650000
 678 0.630000
 679 0.650000
 680 0.670000
 681 0.630000
 682 0.650000
 683 0.670000
 684 0.640000
 685 0.620000
 686 0.640000
 687 0.650000
 688 0.670000
 689 0.660000
 690 0.690000
 691 0.710000
 692 0.740000
 693 0.710000
 694 0.730000
 695 0.770000
 696 2.020000
 697 2.010000
 698 2.040000
 699 2.050000
 700 2.070000
 701 2.080000
 702 2.080000
 703 2.060000
 704 2.030000
 705 2.040000
 706 2.030000
 707 1.990000
 708 1.990000
 709 2.020000
 710 1.870000
 711 1.860000
 712 1.830000
 713 1.830000
 714 1.830000
 715 1.840000
 716 1.870000
 717 1.910000
 718 1.880000
 719 1.880000
 720 1.860000
 721 1.850000
 722 1.840000
 723 1.810000
 724 1.820000
 725 1.840000
 726 1.840000
 727 1.830000
 728 1.680000
 729 1.710000
 730 1.680000
 731 1.680000
 732 1.660000
 733 1.670000
 734 1.660000
 735 1.690000
 736 1.710000
 737 1.710000
 738 1.710000
 739 1.710000
 740 1.710000
 741 1.680000
 742 1.660000
 743 1.660000
 744 1.650000
 745 1.610000
 746 1.600000
 747 1.600000
 748 1.600000
 749 1.610000
 750 0.800000
 751 0.770000
 752 0.730000
 753 0.760000
 754 0.750000
 755 0.750000
 756 0.750000
 757 0.740000
 758 0.740000
 759 0.750000
 760 0.730000
 0 2.360000
 1 2.210000
 2 2.300000
 3 2.320000
 4 3.280000
 5 2.370000
 6 2.230000
 7 2.240000
 8 2.340000
 9 2.260000
 10 2.330000
 11 2.260000
 12 2.350000
 13 2.400000
 14 2.350000
 15 2.350000
 16 2.260000
 17 2.370000
 18 2.290000
 19 2.430000
 20 2.460000
 21 2.320000
 22 2.430000
 23 2.450000
 24 2.420000
 25 2.450000
 26 2.450000
 27 2.440000
 28 2.460000
 29 2.450000
 30 2.390000
 31 2.480000
 32 2.470000
 33 2.470000
 34 2.540000
 35 2.430000
 36 2.560000
 37 2.440000
 38 2.550000
 39 2.570000
 40 2.550000
 41 2.550000
 42 2.600000
 43 2.610000
 44 2.580000
 45 2.590000
 46 2.590000
 47 2.610000
 48 2.690000
 49 2.790000
 50 2.850000
 51 2.940000
 52 2.650000
 53 3.430000
 54 3.460000
 55 3.460000
 56 3.440000
 57 3.440000
 58 3.410000
 59 3.410000
 60 3.410000
 61 3.390000
 62 3.390000
 63 3.390000
 64 3.360000
 65 3.360000
 66 3.360000
 67 3.340000
 68 3.340000
 69 3.340000
 70 3.340000
 71 3.310000
 72 3.310000
 73 3.360000
 74 3.560000
 75 3.290000
 76 3.320000
 77 3.340000
 78 3.370000
 79 3.390000
 80 3.420000
 81 3.410000
 82 3.370000
 83 3.440000
 84 3.290000
 85 3.290000
 86 3.290000
 87 3.280000
 88 3.290000
 89 3.230000
 90 3.200000
 91 3.210000
 92 3.170000
 93 3.240000
 94 3.230000
 95 3.240000
 96 3.180000
 97 3.170000
 98 3.180000
 99 3.250000
 100 3.180000
 101 3.200000
 102 3.190000
 103 3.330000
 104 3.260000
 105 3.280000
 106 3.200000
 107 3.310000
 108 3.290000
 109 3.290000
 110 3.230000
 111 3.320000
 112 3.290000
 113 3.300000
 114 3.290000
 115 3.240000
 116 3.260000
 117 3.340000
 118 3.210000
 119 3.260000
 120 3.250000
 121 3.210000
 122 3.300000
 123 3.210000
 124 3.180000
 125 3.180000
 126 3.160000
 127 3.200000
 128 3.240000
 129 3.210000
 130 3.230000
 131 3.130000
 132 3.130000
 133 3.160000
 134 3.130000
 135 3.140000
 136 3.180000
 137 3.150000
 138 3.170000
 139 3.170000
 140 3.180000
 141 3.150000
 142 3.250000
 143 3.270000
 144 3.170000
 145 3.140000
 146 3.110000
 147 3.140000
 148 3.200000
 149 3.170000
 150 3.120000
 151 3.190000
 152 3.110000
 153 3.110000
 154 3.080000
 155 3.080000
 156 3.140000
 157 3.060000
 158 3.080000
 159 3.140000
 160 3.140000
 161 3.140000
 162 3.090000
 163 3.060000
 164 3.110000
 165 3.110000
 166 3.050000
 167 3.070000
 168 3.100000
 169 3.030000
 170 3.060000
 171 3.090000
 172 3.030000
 173 3.130000
 174 3.130000
 175 3.030000
 176 3.050000
 177 3.060000
 178 3.050000
 179 3.050000
 180 3.030000
 181 3.030000
 182 7.850000
 183 3.030000
 184 3.030000
 185 3.040000
 186 3.130000
 187 3.070000
 188 3.030000
 189 3.120000
 190 3.100000
 191 3.110000
 192 3.090000
 193 3.050000
 194 3.080000
 195 3.110000
 196 3.070000
 197 2.980000
 198 2.990000
 199 3.120000
 200 3.030000
 201 7.810000
 202 2.980000
 203 2.980000
 204 7.810000
 205 3.000000
 206 3.100000
 207 2.960000
 208 3.000000
 209 3.070000
 210 3.000000
 211 3.010000
 212 3.080000
 213 3.010000
 214 3.100000
 215 3.070000
 216 2.980000
 217 3.020000
 218 3.020000
 219 3.030000
 220 3.040000
 221 3.060000
 222 3.080000
 223 3.110000
 224 3.060000
 225 3.040000
 226 3.020000
 227 3.070000
 228 3.050000
 229 3.080000
 230 3.040000
 231 3.110000
 232 2.980000
 233 3.040000
 234 2.980000
 235 2.970000
 236 2.980000
 237 2.980000
 238 3.310000
 239 2.950000
 240 2.980000
 241 3.560000
 242 3.030000
 243 3.010000
 244 3.110000
 245 2.960000
 246 3.040000
 247 3.070000
 248 3.060000
 249 3.060000
 250 3.080000
 251 3.090000
 252 3.080000
 253 3.080000
 254 3.140000
 255 3.140000
 256 3.160000
 257 3.210000
 258 3.140000
 259 3.110000
 260 3.160000
 261 3.160000
 262 3.160000
 263 3.130000
 264 3.110000
 265 3.160000
 266 3.290000
 267 3.190000
 268 3.110000
 269 3.130000
 270 2.190000
 271 2.230000
 272 2.210000
 273 2.210000
 274 2.210000
 275 2.200000
 276 2.220000
 277 2.200000
 278 2.200000
 279 2.210000
 280 2.360000
 281 2.930000
 282 3.130000
 283 3.110000
 284 3.090000
 285 3.070000
 286 3.050000
 287 3.060000
 288 3.160000
 289 3.170000
 290 3.140000
 291 3.150000
 292 3.190000
 293 3.200000
 294 3.190000
 295 3.190000
 296 3.220000
 297 3.220000
 298 3.230000
 299 3.270000
 300 3.230000
 301 3.260000
 302 3.290000
 303 3.230000
 304 3.290000
 305 3.300000
 306 3.340000
 307 3.310000
 308 3.340000
 309 3.310000
 310 3.340000
 311 3.340000
 312 3.310000
 313 3.340000
 314 3.360000
 315 3.370000
 316 3.370000
 317 3.340000
 318 3.240000
 319 2.960000
 320 2.930000
 321 2.950000
 322 2.870000
 323 2.630000
 324 2.570000
 325 2.580000
 326 2.600000
 327 2.600000
 328 2.340000
 329 2.260000
 330 2.220000
 331 2.210000
 332 2.210000
 333 2.240000
 334 2.210000
 335 2.240000
 336 2.240000
 337 2.250000
 338 3.540000
 339 3.530000
 340 3.510000
 341 2.850000
 342 3.530000
 343 3.530000
 344 3.580000
 345 3.590000
 346 6.710000
 347 6.670000
 348 3.010000
 349 6.580000
 350 6.540000
 351 6.530000
 352 6.480000
 353 3.810000
 354 3.850000
 355 6.360000
 356 6.320000
 357 6.300000
 358 6.280000
 359 6.230000
 360 3.140000
 361 3.110000
 362 3.090000
 363 3.060000
 364 3.060000
 365 3.100000
 366 3.090000
 367 3.110000
 368 5.960000
 369 2.810000
 370 2.760000
 371 2.730000
 372 2.740000
 373 2.740000
 374 2.740000
 375 2.740000
 376 2.740000
 377 2.760000
 378 4.150000
 379 4.180000
 380 4.210000
 381 2.480000
 382 2.430000
 383 2.380000
 384 2.390000
 385 2.390000
 386 2.390000
 387 2.410000
 388 2.390000
 389 2.410000
 390 2.450000
 391 4.430000
 392 4.480000
 393 4.430000
 394 4.910000
 395 4.940000
 396 4.910000
 397 4.660000
 398 4.420000
 399 4.460000
 400 4.490000
 401 4.300000
 402 4.220000
 403 4.180000
 404 4.130000
 405 4.070000
 406 4.090000
 407 4.000000
 408 4.320000
 409 4.510000
 410 4.480000
 411 4.540000
 412 4.080000
 413 3.990000
 414 3.950000
 415 3.950000
 416 3.960000
 417 4.020000
 418 3.990000
 419 3.990000
 420 3.990000
 421 4.010000
 422 4.030000
 423 3.960000
 424 3.960000
 425 3.960000
 426 4.040000
 427 4.070000
 428 4.030000
 429 4.010000
 430 3.960000
 431 3.970000
 432 3.960000
 433 3.980000
 434 4.020000
 435 4.010000
 436 3.960000
 437 3.960000
 438 3.930000
 439 3.930000
 440 3.930000
 441 3.880000
 442 3.810000
 443 3.780000
 444 3.830000
 445 3.860000
 446 3.740000
 447 3.780000
 448 3.780000
 449 3.940000
 450 3.960000
 451 3.990000
 452 3.930000
 453 3.790000
 454 3.760000
 455 3.720000
 456 3.710000
 457 3.720000
 458 3.680000
 459 3.670000
 460 3.640000
 461 3.620000
 462 3.620000
 463 3.630000
 464 3.670000
 465 3.650000
 466 3.670000
 467 3.590000
 468 3.580000
 469 3.560000
 470 3.550000
 471 3.570000
 472 3.570000
 473 3.580000
 474 3.560000
 475 3.590000
 476 3.590000
 477 3.610000
 478 3.610000
 479 3.600000
 480 3.600000
 481 3.590000
 482 3.570000
 483 3.560000
 484 3.530000
 485 3.540000
 486 3.630000
 487 3.610000
 488 3.550000
 489 3.560000
 490 3.490000
 491 3.470000
 492 3.360000
 493 3.400000
 494 3.380000
 495 3.390000
 496 3.380000
 497 3.480000
 498 3.470000
 499 3.460000
 500 3.390000
 501 3.380000
 502 3.410000
 503 3.370000
 504 3.330000
 505 3.330000
 506 3.320000
 507 3.310000
 508 3.430000
 509 3.410000
 510 3.410000
 511 3.250000
 512 3.280000
 513 3.380000
 514 3.380000
 515 3.260000
 516 3.260000
 517 3.230000
 518 3.360000
 519 3.320000
 520 3.330000
 521 3.330000
 522 3.210000
 523 3.190000
 524 3.200000
 525 3.160000
 526 3.240000
 527 3.250000
 528 3.220000
 529 3.190000
 530 3.200000
 531 3.180000
 532 3.310000
 533 3.180000
 534 3.280000
 535 3.280000
 536 3.280000
 537 3.160000
 538 3.310000
 539 3.280000
 540 3.280000
 541 3.280000
 542 3.280000
 543 3.290000
 544 3.310000
 545 3.290000
 546 3.280000
 547 3.290000
 548 3.340000
 549 3.210000
 550 3.290000
 551 3.310000
 552 3.200000
 553 3.180000
 554 3.180000
 555 3.180000
 556 3.210000
 557 3.330000
 558 3.180000
 559 3.180000
 560 3.410000
 561 3.180000
 562 3.210000
 563 3.200000
 564 3.360000
 565 3.320000
 566 3.310000
 567 3.350000
 568 3.350000
 569 3.350000
 570 3.320000
 571 3.320000
 572 3.320000
 573 3.320000
 574 3.320000
 575 3.330000
 576 3.320000
 577 3.320000
 578 3.310000
 579 3.350000
 580 3.350000
 581 3.330000
 582 3.350000
 583 3.360000
 584 3.320000
 585 3.320000
 586 3.330000
 587 3.330000
 588 3.350000
 589 3.320000
 590 3.330000
 591 3.350000
 592 3.320000
 593 3.350000
 594 3.350000
 595 3.350000
 596 3.340000
 597 3.360000
 598 3.290000
 599 3.640000
 600 3.290000
 601 3.360000
 602 3.530000
 603 3.510000
 604 3.380000
 605 3.360000
 606 3.410000
 607 3.410000
 608 3.320000
 609 3.300000
 610 3.310000
 611 3.480000
 612 3.420000
 613 3.390000
 614 3.410000
 615 3.440000
 616 3.460000
 617 3.440000
 618 3.460000
 619 0.710000
 620 0.660000
 621 0.670000
 622 0.660000
 623 0.610000
 624 0.640000
 625 0.660000
 626 0.630000
 627 0.650000
 628 0.630000
 629 0.610000
 630 0.600000
 631 0.590000
 632 0.630000
 633 0.610000
 634 0.610000
 635 0.610000
 636 0.600000
 637 0.590000
 638 0.600000
 639 0.570000
 640 0.560000
 641 0.560000
 642 0.590000
 643 0.580000
 644 0.580000
 645 0.560000
 646 0.560000
 647 0.560000
 648 0.580000
 649 0.590000
 650 0.560000
 651 0.590000
 652 0.570000
 653 0.560000
 654 0.570000
 655 0.550000
 656 0.540000
 657 0.530000
 658 0.550000
 659 0.540000
 660 0.570000
 661 0.590000
 662 0.590000
 663 0.620000
 664 0.620000
 665 0.620000
 666 0.620000
 667 0.630000
 668 0.630000
 669 0.610000
 670 0.630000
 671 0.660000
 672 0.650000
 673 0.670000
 674 0.630000
 675 0.640000
 676 0.630000
 677 0.650000
 678 0.660000
 679 0.650000
 680 0.660000
 681 0.650000
 682 0.650000
 683 0.610000
 684 0.670000
 685 0.640000
 686 0.640000
 687 0.680000
 688 0.690000
 689 0.670000
 690 0.660000
 691 0.710000
 692 0.680000
 693 0.710000
 694 0.750000
 695 0.770000
 696 2.050000
 697 2.010000
 698 2.010000
 699 2.050000
 700 2.070000
 701 2.080000
 702 2.080000
 703 2.060000
 704 2.060000
 705 2.040000
 706 1.990000
 707 2.010000
 708 1.990000
 709 2.020000
 710 1.870000
 711 1.860000
 712 1.860000
 713 1.830000
 714 1.860000
 715 1.860000
 716 1.900000
 717 1.910000
 718 1.910000
 719 1.880000
 720 1.860000
 721 1.870000
 722 1.840000
 723 1.800000
 724 1.840000
 725 1.840000
 726 1.840000
 727 1.820000
 728 1.710000
 729 1.710000
 730 1.680000
 731 1.680000
 732 1.660000
 733 1.670000
 734 1.690000
 735 1.690000
 736 1.730000
 737 1.730000
 738 1.710000
 739 1.710000
 740 1.710000
 741 1.680000
 742 1.660000
 743 1.690000
 744 1.620000
 745 1.610000
 746 1.590000
 747 1.600000
 748 1.630000
 749 1.600000
 750 0.750000
 751 0.740000
 752 0.750000
 753 0.760000
 754 0.750000
 755 0.750000
 756 0.780000
 757 0.720000
 758 0.720000
 759 0.780000
 760 0.750000
 0 2.360000
 1 2.210000
 2 2.300000
 3 2.290000
 4 3.280000
 5 2.350000
 6 2.230000
 7 2.220000
 8 2.370000
 9 2.260000
 10 2.330000
 11 2.260000
 12 2.350000
 13 2.400000
 14 2.370000
 15 2.350000
 16 2.400000
 17 2.380000
 18 2.330000
 19 2.430000
 20 2.460000
 21 2.350000
 22 2.460000
 23 2.470000
 24 2.430000
 25 2.450000
 26 2.470000
 27 2.430000
 28 2.430000
 29 2.430000
 30 2.420000
 31 2.460000
 32 2.470000
 33 2.470000
 34 2.540000
 35 2.430000
 36 2.560000
 37 2.440000
 38 2.520000
 39 2.550000
 40 2.550000
 41 2.540000
 42 2.570000
 43 2.580000
 44 2.580000
 45 2.590000
 46 2.580000
 47 2.640000
 48 2.660000
 49 2.770000
 50 2.870000
 51 2.970000
 52 2.680000
 53 3.430000
 54 3.460000
 55 3.460000
 56 3.440000
 57 3.440000
 58 3.410000
 59 3.410000
 60 3.410000
 61 3.390000
 62 3.390000
 63 3.390000
 64 3.390000
 65 3.360000
 66 3.360000
 67 3.360000
 68 3.360000
 69 3.340000
 70 3.340000
 71 3.310000
 72 3.310000
 73 3.360000
 74 3.580000
 75 3.290000
 76 3.320000
 77 3.340000
 78 3.370000
 79 3.390000
 80 3.420000
 81 3.410000
 82 3.380000
 83 3.440000
 84 3.290000
 85 3.290000
 86 3.290000
 87 3.270000
 88 3.260000
 89 3.240000
 90 3.210000
 91 3.210000
 92 3.170000
 93 3.240000
 94 3.240000
 95 3.250000
 96 3.180000
 97 3.200000
 98 3.160000
 99 3.250000
 100 3.180000
 101 3.180000
 102 3.190000
 103 3.330000
 104 3.180000
 105 3.280000
 106 3.250000
 107 3.310000
 108 3.340000
 109 3.300000
 110 3.230000
 111 3.320000
 112 3.300000
 113 3.300000
 114 3.300000
 115 3.250000
 116 3.230000
 117 3.350000
 118 3.260000
 119 3.240000
 120 3.230000
 121 3.340000
 122 3.310000
 123 3.210000
 124 3.180000
 125 3.210000
 126 3.190000
 127 3.150000
 128 3.240000
 129 3.240000
 130 3.230000
 131 3.150000
 132 3.140000
 133 3.160000
 134 3.130000
 135 3.120000
 136 3.170000
 137 3.160000
 138 3.170000
 139 3.180000
 140 3.170000
 141 3.160000
 142 3.250000
 143 3.270000
 144 3.170000
 145 3.170000
 146 3.110000
 147 3.170000
 148 3.190000
 149 3.190000
 150 3.100000
 151 3.190000
 152 3.110000
 153 3.080000
 154 3.080000
 155 3.110000
 156 3.120000
 157 3.170000
 158 3.060000
 159 3.140000
 160 3.140000
 161 3.140000
 162 3.080000
 163 3.150000
 164 3.110000
 165 3.110000
 166 3.050000
 167 3.080000
 168 3.070000
 169 3.060000
 170 3.060000
 171 3.090000
 172 3.120000
 173 3.130000
 174 3.130000
 175 3.030000
 176 3.050000
 177 3.030000
 178 3.030000
 179 3.030000
 180 3.010000
 181 3.030000
 182 7.850000
 183 3.030000
 184 3.030000
 185 3.040000
 186 3.010000
 187 3.070000
 188 3.010000
 189 3.120000
 190 3.100000
 191 3.140000
 192 3.100000
 193 3.060000
 194 3.060000
 195 3.110000
 196 3.060000
 197 3.010000
 198 3.000000
 199 3.120000
 200 3.030000
 201 7.810000
 202 3.010000
 203 2.980000
 204 7.810000
 205 3.030000
 206 3.130000
 207 2.990000
 208 2.980000
 209 3.060000
 210 3.030000
 211 3.010000
 212 3.060000
 213 2.980000
 214 3.120000
 215 3.070000
 216 2.960000
 217 3.050000
 218 3.020000
 219 3.030000
 220 3.050000
 221 3.060000
 222 3.080000
 223 3.080000
 224 3.060000
 225 3.040000
 226 3.050000
 227 3.070000
 228 3.050000
 229 3.060000
 230 3.040000
 231 3.080000
 232 2.980000
 233 3.050000
 234 2.960000
 235 3.000000
 236 2.980000
 237 2.980000
 238 3.710000
 239 2.980000
 240 2.980000
 241 3.560000
 242 3.030000
 243 2.980000
 244 3.080000
 245 2.980000
 246 3.040000
 247 3.070000
 248 3.060000
 249 3.060000
 250 3.080000
 251 3.110000
 252 3.060000
 253 3.090000
 254 3.140000
 255 3.140000
 256 3.140000
 257 3.190000
 258 3.140000
 259 3.130000
 260 3.160000
 261 3.190000
 262 3.140000
 263 3.130000
 264 3.110000
 265 3.160000
 266 3.310000
 267 3.160000
 268 3.130000
 269 3.130000
 270 2.250000
 271 2.200000
 272 2.190000
 273 2.210000
 274 2.210000
 275 2.200000
 276 2.200000
 277 2.180000
 278 2.220000
 279 2.240000
 280 2.360000
 281 2.930000
 282 3.100000
 283 3.140000
 284 3.090000
 285 3.040000
 286 3.050000
 287 3.050000
 288 3.140000
 289 3.200000
 290 3.160000
 291 3.160000
 292 3.190000
 293 3.180000
 294 3.190000
 295 3.210000
 296 3.220000
 297 3.250000
 298 3.280000
 299 3.250000
 300 3.210000
 301 3.230000
 302 3.290000
 303 3.260000
 304 3.300000
 305 3.330000
 306 3.310000
 307 3.310000
 308 3.310000
 309 3.310000
 310 3.340000
 311 3.340000
 312 3.310000
 313 3.360000
 314 3.360000
 315 3.360000
 316 3.340000
 317 3.340000
 318 3.220000
 319 2.960000
 320 2.960000
 321 2.960000
 322 2.900000
 323 2.630000
 324 2.600000
 325 2.610000
 326 2.580000
 327 2.580000
 328 2.310000
 329 2.260000
 330 2.210000
 331 2.210000
 332 2.210000
 333 2.240000
 334 2.240000
 335 2.240000
 336 2.240000
 337 2.250000
 338 3.550000
 339 3.530000
 340 3.510000
 341 2.850000
 342 3.530000
 343 3.550000
 344 3.600000
 345 3.590000
 346 6.710000
 347 6.670000
 348 3.010000
 349 6.570000
 350 6.570000
 351 6.530000
 352 6.450000
 353 3.810000
 354 3.840000
 355 6.370000
 356 6.340000
 357 6.280000
 358 6.250000
 359 6.230000
 360 3.140000
 361 3.080000
 362 3.060000
 363 3.060000
 364 3.070000
 365 3.070000
 366 3.100000
 367 3.120000
 368 5.960000
 369 2.820000
 370 2.780000
 371 2.760000
 372 2.740000
 373 2.740000
 374 2.740000
 375 2.740000
 376 2.740000
 377 2.780000
 378 4.150000
 379 4.180000
 380 4.210000
 381 2.460000
 382 2.410000
 383 2.410000
 384 2.390000
 385 2.410000
 386 2.390000
 387 2.410000
 388 2.410000
 389 2.410000
 390 2.430000
 391 4.430000
 392 4.480000
 393 4.450000
 394 4.930000
 395 4.910000
 396 4.880000
 397 4.660000
 398 4.460000
 399 4.430000
 400 4.490000
 401 4.280000
 402 4.180000
 403 4.180000
 404 4.120000
 405 4.100000
 406 4.060000
 407 4.030000
 408 4.330000
 409 4.510000
 410 4.490000
 411 4.590000
 412 4.110000
 413 4.020000
 414 3.980000
 415 3.950000
 416 3.960000
 417 4.040000
 418 4.000000
 419 3.960000
 420 3.970000
 421 3.990000
 422 4.020000
 423 3.930000
 424 3.930000
 425 3.930000
 426 4.070000
 427 4.070000
 428 4.030000
 429 4.010000
 430 3.960000
 431 3.970000
 432 3.960000
 433 4.000000
 434 4.020000
 435 3.990000
 436 3.980000
 437 3.930000
 438 3.930000
 439 3.910000
 440 3.910000
 441 3.880000
 442 3.790000
 443 3.810000
 444 3.820000
 445 3.860000
 446 3.780000
 447 3.780000
 448 3.760000
 449 3.960000
 450 3.960000
 451 4.020000
 452 3.930000
 453 3.790000
 454 3.780000
 455 3.730000
 456 3.710000
 457 3.720000
 458 3.650000
 459 3.680000
 460 3.640000
 461 3.620000
 462 3.630000
 463 3.630000
 464 3.670000
 465 3.680000
 466 3.650000
 467 3.580000
 468 3.570000
 469 3.590000
 470 3.570000
 471 3.580000
 472 3.580000
 473 3.580000
 474 3.570000
 475 3.590000
 476 3.590000
 477 3.600000
 478 3.610000
 479 3.590000
 480 3.590000
 481 3.600000
 482 3.570000
 483 3.580000
 484 3.530000
 485 3.540000
 486 3.630000
 487 3.610000
 488 3.580000
 489 3.530000
 490 3.490000
 491 3.470000
 492 3.380000
 493 3.410000
 494 3.380000
 495 3.400000
 496 3.380000
 497 3.480000
 498 3.460000
 499 3.430000
 500 3.410000
 501 3.410000
 502 3.410000
 503 3.370000
 504 3.350000
 505 3.330000
 506 3.350000
 507 3.310000
 508 3.430000
 509 3.260000
 510 3.410000
 511 3.280000
 512 3.280000
 513 3.380000
 514 3.380000
 515 3.260000
 516 3.250000
 517 3.230000
 518 3.360000
 519 3.320000
 520 3.330000
 521 3.310000
 522 3.210000
 523 3.170000
 524 3.200000
 525 3.180000
 526 3.270000
 527 3.240000
 528 3.210000
 529 3.190000
 530 3.150000
 531 3.160000
 532 3.280000
 533 3.180000
 534 3.310000
 535 3.280000
 536 3.310000
 537 3.160000
 538 3.310000
 539 3.280000
 540 3.310000
 541 3.310000
 542 3.280000
 543 3.290000
 544 3.290000
 545 3.310000
 546 3.280000
 547 3.290000
 548 3.310000
 549 3.180000
 550 3.290000
 551 3.310000
 552 3.180000
 553 3.200000
 554 3.180000
 555 3.180000
 556 3.230000
 557 3.210000
 558 3.180000
 559 3.200000
 560 3.330000
 561 3.180000
 562 3.210000
 563 3.200000
 564 3.360000
 565 3.320000
 566 3.340000
 567 3.320000
 568 3.350000
 569 3.320000
 570 3.350000
 571 3.350000
 572 3.320000
 573 3.320000
 574 3.320000
 575 3.320000
 576 3.350000
 577 3.320000
 578 3.340000
 579 3.350000
 580 3.330000
 581 3.330000
 582 3.330000
 583 3.340000
 584 3.320000
 585 3.300000
 586 3.360000
 587 3.330000
 588 3.320000
 589 3.300000
 590 3.330000
 591 3.360000
 592 3.320000
 593 3.350000
 594 3.360000
 595 3.360000
 596 3.320000
 597 3.360000
 598 3.260000
 599 3.870000
 600 3.310000
 601 3.330000
 602 3.510000
 603 3.510000
 604 3.360000
 605 3.360000
 606 3.410000
 607 3.380000
 608 3.350000
 609 3.300000
 610 3.340000
 611 3.480000
 612 3.400000
 613 3.390000
 614 3.410000
 615 3.410000
 616 3.460000
 617 3.430000
 618 3.460000
 619 0.660000
 620 0.680000
 621 0.650000
 622 0.660000
 623 0.660000
 624 0.640000
 625 0.630000
 626 0.630000
 627 0.630000
 628 0.650000
 629 0.580000
 630 0.600000
 631 0.630000
 632 0.600000
 633 0.610000
 634 0.620000
 635 0.610000
 636 0.600000
 637 0.620000
 638 0.610000
 639 0.610000
 640 0.560000
 641 0.600000
 642 0.580000
 643 0.580000
 644 0.560000
 645 0.580000
 646 0.580000
 647 0.560000
 648 0.570000
 649 0.570000
 650 0.560000
 651 0.570000
 652 0.570000
 653 0.590000
 654 0.570000
 655 0.560000
 656 0.570000
 657 0.530000
 658 0.530000
 659 0.600000
 660 0.600000
 661 0.620000
 662 0.620000
 663 0.600000
 664 0.620000
 665 0.620000
 666 0.620000
 667 0.630000
 668 0.610000
 669 0.600000
 670 0.630000
 671 0.660000
 672 0.650000
 673 0.630000
 674 0.660000
 675 0.660000
 676 0.640000
 677 0.630000
 678 0.660000
 679 0.660000
 680 0.630000
 681 0.650000
 682 0.680000
 683 0.670000
 684 0.620000
 685 0.650000
 686 0.620000
 687 0.680000
 688 0.670000
 689 0.660000
 690 0.690000
 691 0.710000
 692 0.680000
 693 0.710000
 694 0.730000
 695 0.770000
 696 2.020000
 697 2.030000
 698 2.010000
 699 2.020000
 700 2.070000
 701 2.080000
 702 2.080000
 703 2.060000
 704 2.030000
 705 2.040000
 706 2.020000
 707 1.990000
 708 2.020000
 709 1.990000
 710 1.870000
 711 1.860000
 712 1.860000
 713 1.830000
 714 1.860000
 715 1.860000
 716 1.870000
 717 1.880000
 718 1.910000
 719 1.880000
 720 1.880000
 721 1.850000
 722 1.860000
 723 1.840000
 724 1.810000
 725 1.840000
 726 1.820000
 727 1.850000
 728 1.710000
 729 1.680000
 730 1.680000
 731 1.680000
 732 1.680000
 733 1.670000
 734 1.690000
 735 1.690000
 736 1.730000
 737 1.730000
 738 1.710000
 739 1.710000
 740 1.710000
 741 1.680000
 742 1.660000
 743 1.660000
 744 1.620000
 745 1.610000
 746 1.600000
 747 1.600000
 748 1.610000
 749 1.610000
 750 0.770000
 751 0.750000
 752 0.730000
 753 0.760000
 754 0.780000
 755 0.750000
 756 0.780000
 757 0.720000
 758 0.720000
 759 0.780000
 760 0.750000
 0 2.330000
 1 2.210000
 2 2.300000
 3 2.320000
 4 3.280000
 5 2.230000
 6 2.230000
 7 2.240000
 8 2.340000
 9 2.230000
 10 2.330000
 11 2.260000
 12 2.350000
 13 2.370000
 14 2.370000
 15 2.370000
 16 2.430000
 17 2.400000
 18 2.330000
 19 2.430000
 20 2.460000
 21 2.340000
 22 2.460000
 23 2.470000
 24 2.440000
 25 2.450000
 26 2.450000
 27 2.430000
 28 2.430000
 29 2.430000
 30 2.420000
 31 2.460000
 32 2.470000
 33 2.490000
 34 2.540000
 35 2.430000
 36 2.560000
 37 2.440000
 38 2.550000
 39 2.570000
 40 2.570000
 41 2.540000
 42 2.600000
 43 2.610000
 44 2.580000
 45 2.590000
 46 2.590000
 47 2.610000
 48 2.660000
 49 2.760000
 50 2.850000
 51 2.920000
 52 2.680000
 53 3.430000
 54 3.460000
 55 3.440000
 56 3.440000
 57 3.410000
 58 3.410000
 59 3.410000
 60 3.410000
 61 3.390000
 62 3.410000
 63 3.360000
 64 3.360000
 65 3.390000
 66 3.360000
 67 3.340000
 68 3.360000
 69 3.340000
 70 3.310000
 71 3.310000
 72 3.310000
 73 3.360000
 74 3.560000
 75 3.290000
 76 3.320000
 77 3.340000
 78 3.370000
 79 3.390000
 80 3.420000
 81 3.410000
 82 3.400000
 83 3.440000
 84 3.290000
 85 3.260000
 86 3.310000
 87 3.280000
 88 3.250000
 89 3.200000
 90 3.210000
 91 3.180000
 92 3.190000
 93 3.240000
 94 3.230000
 95 3.250000
 96 3.180000
 97 3.170000
 98 3.160000
 99 3.270000
 100 3.180000
 101 3.200000
 102 3.190000
 103 3.330000
 104 3.200000
 105 3.250000
 106 3.230000
 107 3.310000
 108 3.320000
 109 3.290000
 110 3.260000
 111 3.330000
 112 3.280000
 113 3.270000
 114 3.320000
 115 3.240000
 116 3.250000
 117 3.330000
 118 3.230000
 119 3.260000
 120 3.230000
 121 3.210000
 122 3.310000
 123 3.210000
 124 3.210000
 125 3.180000
 126 3.160000
 127 3.180000
 128 3.240000
 129 3.240000
 130 3.230000
 131 3.150000
 132 3.090000
 133 3.130000
 134 3.130000
 135 3.140000
 136 3.160000
 137 3.150000
 138 3.140000
 139 3.160000
 140 3.170000
 141 3.150000
 142 3.250000
 143 3.250000
 144 3.170000
 145 3.160000
 146 3.080000
 147 3.160000
 148 3.200000
 149 3.170000
 150 3.120000
 151 3.170000
 152 3.110000
 153 3.080000
 154 3.080000
 155 3.110000
 156 3.170000
 157 3.060000
 158 3.080000
 159 3.110000
 160 3.120000
 161 3.140000
 162 3.080000
 163 3.130000
 164 3.140000
 165 3.110000
 166 3.050000
 167 3.100000
 168 3.080000
 169 3.030000
 170 3.060000
 171 3.110000
 172 3.140000
 173 3.130000
 174 3.150000
 175 3.030000
 176 3.050000
 177 3.060000
 178 3.050000
 179 3.050000
 180 3.010000
 181 3.030000
 182 7.850000
 183 3.030000
 184 3.030000
 185 3.050000
 186 3.130000
 187 3.070000
 188 3.060000
 189 3.120000
 190 3.100000
 191 3.110000
 192 3.070000
 193 3.050000
 194 3.080000
 195 3.080000
 196 3.070000
 197 3.010000
 198 2.990000
 199 3.100000
 200 3.030000
 201 7.810000
 202 3.010000
 203 2.980000
 204 7.830000
 205 3.000000
 206 3.110000
 207 2.990000
 208 2.980000
 209 3.060000
 210 2.980000
 211 2.980000
 212 3.080000
 213 3.010000
 214 3.100000
 215 3.070000
 216 2.960000
 217 3.040000
 218 3.020000
 219 3.040000
 220 3.050000
 221 3.060000
 222 3.080000
 223 3.080000
 224 3.060000
 225 3.040000
 226 3.050000
 227 3.070000
 228 3.080000
 229 3.080000
 230 3.040000
 231 3.110000
 232 2.980000
 233 3.040000
 234 2.980000
 235 2.970000
 236 2.980000
 237 2.980000
 238 3.740000
 239 2.980000
 240 2.980000
 241 3.540000
 242 3.030000
 243 3.010000
 244 3.110000
 245 2.980000
 246 3.040000
 247 3.070000
 248 3.060000
 249 3.080000
 250 3.060000
 251 3.110000
 252 3.080000
 253 3.080000
 254 3.140000
 255 3.140000
 256 3.140000
 257 3.210000
 258 3.140000
 259 3.110000
 260 3.160000
 261 3.160000
 262 3.140000
 263 3.110000
 264 3.130000
 265 3.160000
 266 3.290000
 267 3.160000
 268 3.130000
 269 3.130000
 270 2.240000
 271 2.200000
 272 2.210000
 273 2.190000
 274 2.210000
 275 2.200000
 276 2.200000
 277 2.200000
 278 2.200000
 279 2.240000
 280 2.360000
 281 2.930000
 282 3.120000
 283 3.140000
 284 3.090000
 285 3.070000
 286 3.050000
 287 3.060000
 288 3.160000
 289 3.170000
 290 3.170000
 291 3.150000
 292 3.160000
 293 3.210000
 294 3.210000
 295 3.190000
 296 3.220000
 297 3.240000
 298 3.250000
 299 3.270000
 300 3.210000
 301 3.230000
 302 3.290000
 303 3.260000
 304 3.320000
 305 3.330000
 306 3.310000
 307 3.310000
 308 3.310000
 309 3.310000
 310 3.340000
 311 3.310000
 312 3.340000
 313 3.360000
 314 3.360000
 315 3.360000
 316 3.340000
 317 3.340000
 318 3.240000
 319 2.960000
 320 2.950000
 321 2.950000
 322 2.870000
 323 2.610000
 324 2.570000
 325 2.580000
 326 2.580000
 327 2.600000
 328 2.310000
 329 2.260000
 330 2.210000
 331 2.210000
 332 2.240000
 333 2.240000
 334 2.240000
 335 2.240000
 336 2.240000
 337 2.250000
 338 3.520000
 339 3.530000
 340 3.550000
 341 2.840000
 342 3.530000
 343 3.550000
 344 3.580000
 345 3.590000
 346 6.710000
 347 6.670000
 348 2.980000
 349 6.580000
 350 6.570000
 351 6.500000
 352 6.480000
 353 3.810000
 354 3.830000
 355 6.340000
 356 6.310000
 357 6.280000
 358 6.250000
 359 6.240000
 360 3.130000
 361 3.110000
 362 3.090000
 363 3.060000
 364 3.060000
 365 3.100000
 366 3.090000
 367 3.120000
 368 5.960000
 369 2.780000
 370 2.780000
 371 2.760000
 372 2.710000
 373 2.710000
 374 2.740000
 375 2.740000
 376 2.760000
 377 2.760000
 378 4.150000
 379 4.180000
 380 4.180000
 381 2.460000
 382 2.410000
 383 2.410000
 384 2.390000
 385 2.390000
 386 2.390000
 387 2.390000
 388 2.410000
 389 2.410000
 390 2.450000
 391 4.410000
 392 4.500000
 393 4.480000
 394 4.940000
 395 4.940000
 396 4.910000
 397 4.660000
 398 4.430000
 399 4.470000
 400 4.500000
 401 4.300000
 402 4.220000
 403 4.180000
 404 4.120000
 405 4.100000
 406 4.040000
 407 4.000000
 408 4.340000
 409 4.510000
 410 4.490000
 411 4.590000
 412 4.110000
 413 4.020000
 414 3.950000
 415 3.950000
 416 3.960000
 417 4.020000
 418 3.990000
 419 3.970000
 420 3.990000
 421 3.990000
 422 4.030000
 423 3.980000
 424 3.930000
 425 3.960000
 426 4.040000
 427 4.040000
 428 4.030000
 429 4.010000
 430 3.990000
 431 3.970000
 432 3.960000
 433 4.000000
 434 4.020000
 435 3.990000
 436 3.980000
 437 3.960000
 438 3.930000
 439 3.930000
 440 3.910000
 441 3.880000
 442 3.810000
 443 3.750000
 444 3.840000
 445 3.860000
 446 3.780000
 447 3.780000
 448 3.780000
 449 3.940000
 450 3.980000
 451 4.020000
 452 3.930000
 453 3.790000
 454 3.780000
 455 3.690000
 456 3.700000
 457 3.690000
 458 3.660000
 459 3.670000
 460 3.650000
 461 3.620000
 462 3.610000
 463 3.630000
 464 3.670000
 465 3.680000
 466 3.660000
 467 3.570000
 468 3.610000
 469 3.580000
 470 3.580000
 471 3.570000
 472 3.590000
 473 3.590000
 474 3.540000
 475 3.590000
 476 3.590000
 477 3.610000
 478 3.610000
 479 3.590000
 480 3.600000
 481 3.590000
 482 3.600000
 483 3.560000
 484 3.520000
 485 3.560000
 486 3.630000
 487 3.610000
 488 3.550000
 489 3.530000
 490 3.490000
 491 3.440000
 492 3.360000
 493 3.400000
 494 3.370000
 495 3.430000
 496 3.380000
 497 3.480000
 498 3.480000
 499 3.430000
 500 3.390000
 501 3.410000
 502 3.410000
 503 3.390000
 504 3.350000
 505 3.320000
 506 3.330000
 507 3.310000
 508 3.410000
 509 3.260000
 510 3.410000
 511 3.280000
 512 3.260000
 513 3.380000
 514 3.380000
 515 3.260000
 516 3.250000
 517 3.230000
 518 3.360000
 519 3.320000
 520 3.310000
 521 3.330000
 522 3.210000
 523 3.170000
 524 3.180000
 525 3.180000
 526 3.270000
 527 3.240000
 528 3.220000
 529 3.160000
 530 3.180000
 531 3.180000
 532 3.160000
 533 3.180000
 534 3.310000
 535 3.280000
 536 3.280000
 537 3.160000
 538 3.310000
 539 3.280000
 540 3.280000
 541 3.310000
 542 3.280000
 543 3.290000
 544 3.310000
 545 3.290000
 546 3.280000
 547 3.290000
 548 3.310000
 549 3.210000
 550 3.310000
 551 3.310000
 552 3.180000
 553 3.200000
 554 3.180000
 555 3.210000
 556 3.230000
 557 3.210000
 558 3.160000
 559 3.180000
 560 3.330000
 561 3.180000
 562 3.210000
 563 3.180000
 564 3.390000
 565 3.340000
 566 3.340000
 567 3.320000
 568 3.320000
 569 3.350000
 570 3.320000
 571 3.320000
 572 3.320000
 573 3.350000
 574 3.320000
 575 3.350000
 576 3.320000
 577 3.320000
 578 3.310000
 579 3.330000
 580 3.350000
 581 3.330000
 582 3.330000
 583 3.360000
 584 3.350000
 585 3.320000
 586 3.330000
 587 3.350000
 588 3.350000
 589 3.320000
 590 3.350000
 591 3.350000
 592 3.320000
 593 3.320000
 594 3.350000
 595 3.350000
 596 3.340000
 597 3.360000
 598 3.260000
 599 3.640000
 600 3.320000
 601 3.360000
 602 3.510000
 603 3.510000
 604 3.380000
 605 3.360000
 606 3.410000
 607 3.380000
 608 3.320000
 609 3.300000
 610 3.310000
 611 3.480000
 612 3.400000
 613 3.390000
 614 3.410000
 615 3.410000
 616 3.440000
 617 3.440000
 618 3.460000
 619 0.690000
 620 0.660000
 621 0.660000
 622 0.630000
 623 0.610000
 624 0.640000
 625 0.630000
 626 0.650000
 627 0.620000
 628 0.630000
 629 0.580000
 630 0.600000
 631 0.630000
 632 0.630000
 633 0.610000
 634 0.620000
 635 0.610000
 636 0.610000
 637 0.610000
 638 0.600000
 639 0.600000
 640 0.580000
 641 0.570000
 642 0.580000
 643 0.550000
 644 0.570000
 645 0.560000
 646 0.560000
 647 0.560000
 648 0.570000
 649 0.570000
 650 0.560000
 651 0.570000
 652 0.570000
 653 0.560000
 654 0.580000
 655 0.550000
 656 0.530000
 657 0.560000
 658 0.550000
 659 0.540000
 660 0.590000
 661 0.620000
 662 0.620000
 663 0.590000
 664 0.620000
 665 0.620000
 666 0.620000
 667 0.630000
 668 0.630000
 669 0.640000
 670 0.650000
 671 0.630000
 672 0.670000
 673 0.640000
 674 0.650000
 675 0.640000
 676 0.620000
 677 0.670000
 678 0.630000
 679 0.650000
 680 0.650000
 681 0.660000
 682 0.660000
 683 0.640000
 684 0.640000
 685 0.640000
 686 0.680000
 687 0.620000
 688 0.670000
 689 0.660000
 690 0.690000
 691 0.710000
 692 0.710000
 693 0.730000
 694 0.730000
 695 0.750000
 696 2.020000
 697 2.010000
 698 2.040000
 699 2.020000
 700 2.070000
 701 2.080000
 702 2.090000
 703 2.060000
 704 2.060000
 705 2.040000
 706 1.990000
 707 1.990000
 708 1.990000
 709 2.020000
 710 1.850000
 711 1.860000
 712 1.860000
 713 1.830000
 714 1.860000
 715 1.860000
 716 1.900000
 717 1.880000
 718 1.880000
 719 1.880000
 720 1.860000
 721 1.870000
 722 1.840000
 723 1.840000
 724 1.810000
 725 1.840000
 726 1.840000
 727 1.820000
 728 1.710000
 729 1.680000
 730 1.680000
 731 1.660000
 732 1.680000
 733 1.670000
 734 1.690000
 735 1.690000
 736 1.730000
 737 1.710000
 738 1.680000
 739 1.710000
 740 1.710000
 741 1.680000
 742 1.660000
 743 1.690000
 744 1.630000
 745 1.600000
 746 1.610000
 747 1.600000
 748 1.600000
 749 1.610000
 750 0.780000
 751 0.740000
 752 0.750000
 753 0.760000
 754 0.750000
 755 0.730000
 756 0.780000
 757 0.720000
 758 0.780000
 759 0.750000
 760 0.750000