
 0 3.340000
 1 3.340000
 2 3.260000
 3 3.330000
 4 3.330000
 5 3.350000
 6 3.430000
 7 3.430000
 8 3.430000
 9 3.430000
 10 3.430000
 11 3.350000
 12 3.410000
 13 3.460000
 14 3.460000
 15 3.520000
 16 3.600000
 17 3.590000
 18 3.620000
 19 3.690000
 20 3.810000
 21 3.810000
 22 3.800000
 23 3.810000
 24 3.840000
 25 3.850000
 26 3.850000
 27 3.880000
 28 3.880000
 29 3.870000
 30 3.930000
 31 3.800000
 32 3.830000
 33 3.880000
 34 4.000000
 35 4.030000
 36 3.980000
 37 4.030000
 38 4.030000
 39 4.050000
 40 4.050000
 41 4.080000
 42 4.010000
 43 3.980000
 44 3.930000
 45 3.930000
 46 3.930000
 47 4.020000
 48 4.020000
 49 3.950000
 50 4.040000
 51 3.900000
 52 3.930000
 53 3.900000
 54 3.900000
 55 4.010000
 56 4.010000
 57 3.880000
 58 3.990000
 59 3.850000
 60 3.850000
 61 3.850000
 62 3.830000
 63 3.830000
 64 3.830000
 65 2.860000
 66 2.920000
 67 2.880000
 68 2.870000
 69 2.810000
 70 2.830000
 71 2.820000
 72 2.840000
 73 2.820000
 74 2.810000
 75 1.040000
 76 0.730000
 77 0.680000
 78 0.660000
 79 0.680000
 80 0.690000
 81 0.670000
 82 0.670000
 83 0.680000
 84 0.670000
 85 0.700000
 86 0.700000
 87 0.670000
 88 0.670000
 89 0.690000
 90 0.660000
 91 0.680000
 92 0.660000
 93 0.670000
 94 0.650000
 95 0.640000
 96 0.640000
 97 0.650000
 98 0.630000
 99 0.650000
 100 0.650000
 101 0.660000
 102 0.660000
 103 0.650000
 104 0.660000
 105 0.660000
 106 0.680000
 107 0.690000
 108 0.690000
 109 0.660000
 110 0.670000
 111 0.700000
 112 0.700000
 113 0.700000
 114 0.690000
 115 0.690000
 116 0.680000
 117 0.680000
 118 0.680000
 119 0.690000
 120 0.760000
 121 2.650000
 122 2.630000
 123 2.630000
 124 2.730000
 125 3.120000
 126 3.160000
 127 3.040000
 128 2.590000
 129 2.590000
 130 2.590000
 131 2.580000
 132 2.560000
 133 2.580000
 134 2.580000
 135 2.580000
 136 2.580000
 137 2.580000
 138 2.580000
 139 2.540000
 140 2.580000
 141 2.540000
 142 2.580000
 143 2.560000
 144 2.550000
 145 2.570000
 146 2.540000
 147 2.640000
 148 3.120000
 149 3.110000
 150 3.170000
 151 3.270000
 152 3.210000
 153 3.260000
 154 3.290000
 155 3.260000
 156 3.260000
 157 3.280000
 158 3.300000
 159 3.320000
 160 3.350000
 161 3.390000
 162 3.560000
 163 3.510000
 164 3.570000
 165 3.470000
 166 3.580000
 167 3.450000
 168 3.580000
 169 3.600000
 170 3.660000
 171 3.610000
 172 3.560000
 173 3.560000
 174 3.560000
 175 3.560000
 176 3.540000
 177 3.560000
 178 3.540000
 179 3.560000
 180 3.560000
 181 3.590000
 182 3.590000
 183 3.560000
 184 3.590000
 185 3.610000
 186 3.610000
 187 3.590000
 188 3.550000
 189 1.500000
 190 1.440000
 191 1.450000
 192 1.430000
 193 1.380000
 194 1.370000
 195 1.380000
 196 1.360000
 197 1.380000
 198 1.360000
 199 1.350000
 200 1.350000
 201 1.320000
 202 1.320000
 203 1.340000
 204 1.370000
 205 3.420000
 206 3.380000
 207 3.400000
 208 3.420000
 209 3.450000
 210 2.550000
 211 2.530000
 212 2.500000
 213 2.450000
 214 2.430000
 215 2.380000
 216 2.300000
 217 2.300000
 218 2.290000
 219 2.310000
 220 2.290000
 221 2.320000
 222 2.330000
 223 2.290000
 224 2.290000
 225 2.330000
 226 2.330000
 227 2.330000
 228 2.330000
 229 2.330000
 230 2.320000
 231 2.350000
 232 2.330000
 233 2.330000
 234 2.350000
 235 2.350000
 236 2.350000
 237 2.350000
 238 2.370000
 239 2.370000
 240 2.380000
 241 2.370000
 242 2.350000
 243 2.380000
 244 2.350000
 245 2.350000
 246 2.400000
 247 2.370000
 248 2.390000
 249 0.890000
 250 0.860000
 251 0.890000
 252 0.860000
 253 0.900000
 254 0.900000
 255 0.870000
 256 0.870000
 257 0.870000
 258 0.880000
 259 0.900000
 260 0.930000
 261 0.930000
 262 0.900000
 263 0.940000
 264 0.920000
 265 0.970000
 266 0.970000
 267 0.970000
 268 1.120000
 269 1.910000
 270 1.890000
 271 1.860000
 272 1.860000
 273 1.890000
 274 1.860000
 275 1.860000
 276 1.880000
 277 1.880000
 278 1.900000
 279 1.920000
 280 5.010000
 281 5.000000
 282 5.020000
 283 5.020000
 284 5.050000
 285 5.050000
 286 2.250000
 287 2.210000
 288 2.190000
 289 2.190000
 290 2.210000
 291 2.190000
 292 2.190000
 293 2.190000
 294 1.850000
 295 1.810000
 296 1.790000
 297 1.810000
 298 1.790000
 299 1.790000
 300 1.790000
 301 1.790000
 302 1.790000
 303 1.760000
 304 1.790000
 305 1.760000
 306 1.760000
 307 1.760000
 308 1.760000
 309 1.760000
 310 1.760000
 311 1.760000
 312 1.760000
 313 1.760000
 314 1.760000
 315 1.740000
 316 1.760000
 317 1.760000
 318 1.760000
 319 1.760000
 320 1.740000
 321 1.760000
 322 1.810000
 323 3.770000
 324 3.770000
 325 3.770000
 326 3.800000
 327 3.800000
 328 3.820000
 329 4.330000
 330 4.650000
 331 3.720000
 332 3.710000
 333 3.650000
 334 3.600000
 335 1.720000
 336 1.690000
 337 1.690000
 338 1.690000
 339 1.660000
 340 1.690000
 341 1.660000
 342 1.660000
 343 1.670000
 344 1.690000
 345 1.670000
 346 1.700000
 347 1.730000
 348 2.040000
 349 2.040000
 350 2.020000
 351 2.020000
 352 2.020000
 353 2.030000
 354 2.110000
 355 2.380000
 356 2.400000
 357 2.390000
 358 2.390000
 359 2.450000
 360 3.590000
 361 3.590000
 362 3.560000
 363 3.560000
 364 3.560000
 365 3.540000
 366 3.540000
 367 3.540000
 368 3.510000
 369 3.540000
 370 2.010000
 371 2.010000
 372 1.800000
 373 1.680000
 374 1.660000
 375 1.660000
 376 1.660000
 377 1.660000
 378 1.660000
 379 1.660000
 380 1.660000
 381 1.660000
 382 1.660000
 383 1.660000
 384 1.660000
 385 1.660000
 386 1.660000
 387 1.660000
 388 1.660000
 389 1.660000
 390 1.660000
 391 1.660000
 392 1.650000
 393 4.050000
 394 4.030000
 395 4.060000
 396 4.270000
 397 4.250000
 398 4.250000
 399 4.230000
 400 4.230000
 401 4.230000
 402 4.230000
 403 4.200000
 404 2.380000
 405 2.370000
 406 2.340000
 407 2.340000
 408 2.110000
 409 2.010000
 410 2.020000
 411 2.020000
 412 1.740000
 413 1.650000
 414 1.670000
 415 1.650000
 416 1.640000
 417 1.640000
 418 1.640000
 419 1.650000
 420 1.650000
 421 1.650000
 422 1.670000
 423 1.670000
 424 1.830000
 425 1.810000
 426 1.830000
 427 1.810000
 428 1.820000
 429 1.830000
 430 1.820000
 431 1.830000
 432 1.830000
 433 1.830000
 434 1.810000
 435 1.840000
 436 1.820000
 437 1.860000
 438 1.830000
 439 1.850000
 440 1.820000
 441 3.160000
 442 3.170000
 443 3.160000
 444 3.140000
 445 3.170000
 446 3.170000
 447 3.170000
 448 3.050000
 449 3.040000
 450 3.040000
 451 3.080000
 452 3.120000
 453 3.030000
 454 3.030000
 455 3.000000
 456 3.030000
 457 3.000000
 458 4.090000
 459 2.980000
 460 2.980000
 461 3.070000
 462 2.970000
 463 3.040000
 464 3.020000
 465 3.030000
 466 3.020000
 467 3.010000
 468 3.030000
 469 2.950000
 470 3.040000
 471 3.030000
 472 3.060000
 473 3.000000
 474 2.970000
 475 3.070000
 476 3.060000
 477 3.030000
 478 3.000000
 479 3.080000
 480 3.080000
 481 3.080000
 482 3.080000
 483 3.080000
 484 3.130000
 485 3.100000
 486 3.070000
 487 3.100000
 488 3.200000
 489 3.210000
 490 3.230000
 491 3.130000
 492 3.190000
 493 3.190000
 494 3.190000
 495 3.190000
 496 3.220000
 497 3.260000
 498 3.260000
 499 3.270000
 500 3.260000
 501 3.270000
 502 3.270000
 503 3.270000
 504 3.270000
 505 3.290000
 506 3.280000
 507 3.290000
 508 3.280000
 509 3.280000
 510 3.370000
 511 3.370000
 512 3.280000
 513 3.300000
 514 3.320000
 515 3.290000
 516 3.320000
 517 6.200000
 518 6.190000
 519 6.190000
 520 6.210000
 521 6.210000
 522 6.210000
 523 6.240000
 524 6.240000
 525 6.260000
 526 6.260000
 527 4.610000
 528 4.330000
 529 4.240000
 530 4.280000
 531 6.310000
 532 3.260000
 533 3.190000
 534 3.190000
 535 3.230000
 536 3.480000
 537 3.740000
 538 3.710000
 539 3.680000
 540 3.660000
 541 3.660000
 542 3.690000
 543 3.690000
 544 3.690000
 545 3.690000
 546 3.690000
 547 3.280000
 548 3.710000
 549 3.690000
 550 3.710000
 551 3.710000
 552 3.710000
 553 3.710000
 554 3.690000
 555 3.670000
 556 3.660000
 557 3.660000
 558 3.660000
 559 3.690000
 560 3.690000
 561 3.690000
 562 3.690000
 563 3.690000
 564 3.710000
 565 3.710000
 566 3.740000
 567 3.710000
 568 3.710000
 569 3.740000
 570 3.740000
 571 3.740000
 572 3.760000
 573 3.760000
 574 3.760000
 575 3.760000
 576 3.760000
 577 3.710000
 578 3.690000
 579 3.630000
 580 3.330000
 581 3.180000
 582 3.270000
 583 3.480000
 584 3.450000
 585 3.450000
 586 3.400000
 587 3.070000
 588 3.080000
 589 3.130000
 590 3.080000
 591 3.020000
 592 3.050000
 593 3.020000
 594 3.100000
 595 2.970000
 596 2.930000
 597 3.010000
 598 3.010000
 599 2.990000
 600 3.020000
 601 3.050000
 602 3.050000
 603 3.020000
 604 3.070000
 605 3.170000
 606 3.120000
 607 3.100000
 608 3.190000
 609 3.240000
 610 3.100000
 611 3.150000
 612 3.150000
 613 3.090000
 614 2.810000
 615 2.770000
 616 2.720000
 617 2.740000
 618 2.750000
 619 2.720000
 620 2.700000
 621 2.670000
 622 2.610000
 623 2.610000
 624 2.600000
 625 2.560000
 626 2.540000
 627 2.510000
 628 2.460000
 629 2.440000
 630 2.390000
 631 2.360000
 632 2.340000
 633 2.310000
 634 2.290000
 635 2.290000
 636 2.260000
 637 2.270000
 638 2.150000
 639 2.270000
 640 2.270000
 641 2.250000
 642 2.140000
 643 2.210000
 644 2.170000
 645 2.160000
 646 2.080000
 647 2.150000
 648 2.150000
 649 2.180000
 650 2.120000
 651 2.150000
 652 2.130000
 653 2.120000
 654 2.100000
 655 2.100000
 656 2.100000
 657 2.070000
 658 2.070000
 659 1.950000
 660 2.050000
 661 2.050000
 662 2.020000
 663 2.000000
 664 1.880000
 665 1.850000
 666 1.850000
 667 1.800000
 668 1.920000
 669 1.800000
 670 1.920000
 671 1.770000
 672 1.780000
 673 1.750000
 674 1.750000
 675 1.730000
 676 1.720000
 677 1.700000
 678 1.680000
 679 1.760000
 680 1.740000
 681 1.740000
 682 1.740000
 683 1.690000
 684 1.660000
 685 1.620000
 686 1.630000
 687 1.630000
 688 1.530000
 689 1.520000
 690 1.500000
 691 1.500000
 692 1.480000
 693 1.480000
 694 1.450000
 695 1.500000
 696 1.550000
 697 1.450000
 698 1.480000
 699 1.450000
 700 1.390000
 701 1.390000
 702 2.100000
 703 1.490000
 704 1.700000
 705 1.430000
 706 1.710000
 707 1.350000
 708 1.380000
 709 1.340000
 710 1.460000
 711 1.410000
 712 1.330000
 713 1.410000
 714 1.440000
 715 1.470000
 716 1.410000
 717 1.410000
 718 1.330000
 719 1.410000
 720 1.410000
 721 1.410000
 722 1.410000
 723 1.410000
 724 1.440000
 725 1.410000
 726 1.410000
 727 1.300000
 728 1.330000
 729 2.340000
 730 1.300000
 731 1.280000
 732 1.410000
 733 1.290000
 734 1.290000
 735 1.250000
 736 1.360000
 737 1.360000
 738 1.390000
 739 1.330000
 740 1.270000
 741 1.240000
 742 1.230000
 743 1.240000
 744 1.200000
 745 6.550000
 746 6.530000
 747 6.500000
 748 2.880000
 749 2.890000
 750 6.610000
 751 6.700000
 752 6.720000
 753 6.770000
 754 6.510000
 755 6.810000
 756 6.810000
 757 5.560000
 758 0.910000
 759 0.850000
 760 0.890000
 0 3.340000
 1 3.340000
 2 3.260000
 3 3.330000
 4 3.330000
 5 3.330000
 6 3.450000
 7 3.400000
 8 3.400000
 9 3.400000
 10 3.430000
 11 3.330000
 12 3.430000
 13 3.440000
 14 3.460000
 15 3.510000
 16 3.570000
 17 3.590000
 18 3.590000
 19 3.700000
 20 3.800000
 21 3.800000
 22 3.800000
 23 3.800000
 24 3.830000
 25 3.840000
 26 3.840000
 27 3.700000
 28 3.900000
 29 3.870000
 30 3.930000
 31 3.830000
 32 3.830000
 33 3.880000
 34 3.980000
 35 4.000000
 36 4.000000
 37 4.030000
 38 4.030000
 39 4.050000
 40 4.050000
 41 4.050000
 42 4.010000
 43 4.000000
 44 3.930000
 45 3.930000
 46 3.950000
 47 4.020000
 48 4.040000
 49 3.950000
 50 4.040000
 51 3.900000
 52 3.930000
 53 3.900000
 54 4.040000
 55 4.010000
 56 4.010000
 57 3.920000
 58 3.990000
 59 3.850000
 60 3.830000
 61 3.850000
 62 3.830000
 63 3.830000
 64 3.800000
 65 2.850000
 66 2.890000
 67 2.890000
 68 2.870000
 69 2.810000
 70 2.780000
 71 2.790000
 72 2.810000
 73 2.810000
 74 2.810000
 75 1.040000
 76 0.730000
 77 0.680000
 78 0.680000
 79 0.650000
 80 0.660000
 81 0.670000
 82 0.670000
 83 0.680000
 84 0.670000
 85 0.690000
 86 0.690000
 87 0.670000
 88 0.670000
 89 0.690000
 90 0.660000
 91 0.680000
 92 0.650000
 93 0.660000
 94 0.640000
 95 0.640000
 96 0.640000
 97 0.650000
 98 0.650000
 99 0.660000
 100 0.630000
 101 0.660000
 102 0.650000
 103 0.630000
 104 0.650000
 105 0.650000
 106 0.680000
 107 0.690000
 108 0.690000
 109 0.690000
 110 0.690000
 111 0.690000
 112 0.660000
 113 0.690000
 114 0.690000
 115 0.690000
 116 0.680000
 117 0.680000
 118 0.680000
 119 0.690000
 120 0.790000
 121 2.630000
 122 2.630000
 123 2.630000
 124 2.730000
 125 3.120000
 126 3.130000
 127 3.060000
 128 2.580000
 129 2.570000
 130 2.570000
 131 2.580000
 132 2.560000
 133 2.560000
 134 2.580000
 135 2.580000
 136 2.600000
 137 2.550000
 138 2.580000
 139 2.560000
 140 2.550000
 141 2.570000
 142 2.550000
 143 2.560000
 144 2.550000
 145 2.540000
 146 2.530000
 147 2.610000
 148 3.120000
 149 3.120000
 150 3.180000
 151 3.260000
 152 3.250000
 153 3.260000
 154 3.290000
 155 3.280000
 156 3.280000
 157 3.290000
 158 3.300000
 159 3.320000
 160 3.320000
 161 3.370000
 162 3.530000
 163 3.510000
 164 3.570000
 165 3.450000
 166 3.580000
 167 3.450000
 168 3.580000
 169 3.600000
 170 3.630000
 171 3.610000
 172 3.560000
 173 3.580000
 174 3.560000
 175 3.560000
 176 3.560000
 177 3.530000
 178 3.530000
 179 3.560000
 180 3.560000
 181 3.560000
 182 3.580000
 183 3.560000
 184 3.610000
 185 3.610000
 186 3.610000
 187 3.580000
 188 3.580000
 189 1.470000
 190 1.440000
 191 1.420000
 192 1.430000
 193 1.380000
 194 1.390000
 195 1.380000
 196 1.390000
 197 1.350000
 198 1.330000
 199 1.320000
 200 1.320000
 201 1.310000
 202 1.340000
 203 1.340000
 204 1.330000
 205 3.420000
 206 3.400000
 207 3.430000
 208 3.400000
 209 3.430000
 210 2.560000
 211 2.550000
 212 2.530000
 213 2.450000
 214 2.400000
 215 2.380000
 216 2.300000
 217 2.300000
 218 2.290000
 219 2.310000
 220 2.310000
 221 2.290000
 222 2.300000
 223 2.300000
 224 2.320000
 225 2.330000
 226 2.330000
 227 2.330000
 228 2.330000
 229 2.320000
 230 2.330000
 231 2.330000
 232 2.330000
 233 2.330000
 234 2.330000
 235 2.350000
 236 2.350000
 237 2.380000
 238 2.370000
 239 2.370000
 240 2.350000
 241 2.360000
 242 2.350000
 243 2.340000
 244 2.350000
 245 2.370000
 246 2.350000
 247 2.370000
 248 2.370000
 249 0.890000
 250 0.880000
 251 0.860000
 252 0.860000
 253 0.860000
 254 0.890000
 255 0.870000
 256 0.870000
 257 0.870000
 258 0.880000
 259 0.900000
 260 0.930000
 261 0.920000
 262 0.900000
 263 0.910000
 264 0.930000
 265 0.960000
 266 0.960000
 267 1.000000
 268 1.090000
 269 1.880000
 270 1.880000
 271 1.880000
 272 1.880000
 273 1.880000
 274 1.880000
 275 1.860000
 276 1.880000
 277 1.880000
 278 1.900000
 279 1.940000
 280 5.020000
 281 4.990000
 282 5.040000
 283 5.040000
 284 5.040000
 285 5.040000
 286 2.240000
 287 2.180000
 288 2.210000
 289 2.220000
 290 2.220000
 291 2.180000
 292 2.180000
 293 2.180000
 294 1.850000
 295 1.780000
 296 1.780000
 297 1.780000
 298 1.780000
 299 1.780000
 300 1.780000
 301 1.780000
 302 1.760000
 303 1.780000
 304 1.760000
 305 1.760000
 306 1.760000
 307 1.760000
 308 1.760000
 309 1.780000
 310 1.760000
 311 1.760000
 312 1.730000
 313 1.760000
 314 1.760000
 315 1.760000
 316 1.760000
 317 1.730000
 318 1.730000
 319 1.760000
 320 1.730000
 321 1.730000
 322 1.770000
 323 3.770000
 324 3.760000
 325 3.790000
 326 3.800000
 327 3.780000
 328 3.790000
 329 4.330000
 330 4.650000
 331 3.710000
 332 3.680000
 333 3.690000
 334 3.570000
 335 1.700000
 336 1.680000
 337 1.690000
 338 1.690000
 339 1.680000
 340 1.680000
 341 1.660000
 342 1.680000
 343 1.670000
 344 1.670000
 345 1.670000
 346 1.700000
 347 1.750000
 348 2.020000
 349 2.020000
 350 2.030000
 351 2.020000
 352 2.020000
 353 2.030000
 354 2.130000
 355 2.400000
 356 2.400000
 357 2.400000
 358 2.360000
 359 2.450000
 360 3.580000
 361 3.580000
 362 3.560000
 363 3.530000
 364 3.560000
 365 3.530000
 366 3.510000
 367 3.510000
 368 3.510000
 369 3.480000
 370 2.050000
 371 1.960000
 372 1.930000
 373 1.680000
 374 1.660000
 375 1.660000
 376 1.660000
 377 1.660000
 378 1.660000
 379 1.660000
 380 1.660000
 381 1.660000
 382 1.680000
 383 1.660000
 384 1.660000
 385 1.660000
 386 1.660000
 387 1.660000
 388 1.680000
 389 1.660000
 390 1.630000
 391 1.660000
 392 1.790000
 393 4.030000
 394 4.030000
 395 4.060000
 396 4.270000
 397 4.270000
 398 4.240000
 399 4.230000
 400 4.230000
 401 4.230000
 402 4.200000
 403 4.190000
 404 2.380000
 405 2.370000
 406 2.370000
 407 2.370000
 408 2.110000
 409 2.010000
 410 1.990000
 411 1.990000
 412 1.780000
 413 1.650000
 414 1.640000
 415 1.680000
 416 1.650000
 417 1.670000
 418 1.670000
 419 1.650000
 420 1.640000
 421 1.680000
 422 1.670000
 423 1.670000
 424 1.830000
 425 1.830000
 426 1.800000
 427 1.840000
 428 1.820000
 429 1.830000
 430 1.820000
 431 1.830000
 432 1.850000
 433 1.830000
 434 1.830000
 435 1.840000
 436 1.850000
 437 1.830000
 438 1.830000
 439 1.820000
 440 1.850000
 441 3.170000
 442 3.170000
 443 3.160000
 444 3.170000
 445 3.170000
 446 3.170000
 447 3.170000
 448 3.030000
 449 3.040000
 450 3.040000
 451 3.050000
 452 3.120000
 453 3.000000
 454 3.030000
 455 3.030000
 456 3.050000
 457 2.980000
 458 4.080000
 459 2.980000
 460 2.980000
 461 3.070000
 462 2.970000
 463 3.040000
 464 3.020000
 465 3.030000
 466 3.040000
 467 3.030000
 468 3.030000
 469 2.980000
 470 3.040000
 471 3.020000
 472 3.060000
 473 3.000000
 474 2.970000
 475 3.050000
 476 3.030000
 477 3.000000
 478 3.000000
 479 3.080000
 480 3.080000
 481 3.070000
 482 3.100000
 483 3.080000
 484 3.100000
 485 3.100000
 486 3.070000
 487 3.100000
 488 3.200000
 489 3.200000
 490 3.200000
 491 3.130000
 492 3.190000
 493 3.190000
 494 3.190000
 495 3.180000
 496 3.220000
 497 3.260000
 498 3.260000
 499 3.250000
 500 3.250000
 501 3.300000
 502 3.270000
 503 3.270000
 504 3.290000
 505 3.280000
 506 3.280000
 507 3.290000
 508 3.280000
 509 3.310000
 510 3.340000
 511 3.400000
 512 3.280000
 513 3.270000
 514 3.320000
 515 3.310000
 516 3.320000
 517 6.190000
 518 6.190000
 519 6.190000
 520 6.210000
 521 6.210000
 522 6.210000
 523 6.240000
 524 6.240000
 525 6.230000
 526 6.230000
 527 4.610000
 528 4.330000
 529 4.280000
 530 4.260000
 531 6.300000
 532 3.280000
 533 3.190000
 534 3.190000
 535 3.270000
 536 3.460000
 537 3.740000
 538 3.730000
 539 3.680000
 540 3.660000
 541 3.660000
 542 3.680000
 543 3.660000
 544 3.680000
 545 3.680000
 546 3.680000
 547 3.300000
 548 3.710000
 549 3.710000
 550 3.710000
 551 3.710000
 552 3.710000
 553 3.710000
 554 3.680000
 555 3.660000
 556 3.660000
 557 3.670000
 558 3.660000
 559 3.660000
 560 3.660000
 561 3.710000
 562 3.680000
 563 3.680000
 564 3.680000
 565 3.710000
 566 3.710000
 567 3.710000
 568 3.730000
 569 3.730000
 570 3.730000
 571 3.760000
 572 3.760000
 573 3.760000
 574 3.760000
 575 3.760000
 576 3.760000
 577 3.680000
 578 3.660000
 579 3.630000
 580 3.300000
 581 3.180000
 582 3.270000
 583 3.480000
 584 3.450000
 585 3.390000
 586 3.380000
 587 3.040000
 588 3.080000
 589 3.150000
 590 3.080000
 591 3.020000
 592 3.020000
 593 3.020000
 594 3.100000
 595 2.970000
 596 2.930000
 597 2.990000
 598 3.010000
 599 3.010000
 600 3.020000
 601 3.040000
 602 3.040000
 603 2.990000
 604 3.070000
 605 3.140000
 606 3.120000
 607 3.070000
 608 3.190000
 609 3.210000
 610 3.120000
 611 3.140000
 612 3.120000
 613 3.090000
 614 2.830000
 615 2.740000
 616 2.720000
 617 2.740000
 618 2.720000
 619 2.720000
 620 2.720000
 621 2.670000
 622 2.640000
 623 2.610000
 624 2.600000
 625 2.570000
 626 2.540000
 627 2.510000
 628 2.460000
 629 2.410000
 630 2.390000
 631 2.390000
 632 2.340000
 633 2.310000
 634 2.290000
 635 2.290000
 636 2.260000
 637 2.270000
 638 2.150000
 639 2.270000
 640 2.240000
 641 2.240000
 642 2.120000
 643 2.210000
 644 2.190000
 645 2.150000
 646 2.050000
 647 2.170000
 648 2.140000
 649 2.200000
 650 2.120000
 651 2.150000
 652 2.130000
 653 2.130000
 654 2.090000
 655 2.090000
 656 2.070000
 657 2.070000
 658 2.040000
 659 1.930000
 660 2.040000
 661 1.900000
 662 1.990000
 663 1.990000
 664 1.870000
 665 1.850000
 666 1.850000
 667 1.830000
 668 1.920000
 669 1.830000
 670 1.890000
 671 1.770000
 672 1.750000
 673 1.870000
 674 1.720000
 675 1.700000
 676 1.730000
 677 1.700000
 678 1.820000
 679 1.790000
 680 1.770000
 681 1.740000
 682 1.710000
 683 1.690000
 684 1.660000
 685 1.620000
 686 1.610000
 687 1.630000
 688 1.530000
 689 1.530000
 690 1.500000
 691 1.500000
 692 1.600000
 693 1.480000
 694 1.480000
 695 1.530000
 696 1.540000
 697 1.430000
 698 1.480000
 699 1.450000
 700 1.420000
 701 1.420000
 702 2.090000
 703 1.480000
 704 1.700000
 705 1.400000
 706 1.580000
 707 1.350000
 708 1.350000
 709 1.340000
 710 1.460000
 711 1.440000
 712 1.330000
 713 1.400000
 714 1.440000
 715 1.490000
 716 1.440000
 717 1.410000
 718 1.330000
 719 1.410000
 720 1.390000
 721 1.440000
 722 1.410000
 723 1.410000
 724 1.440000
 725 1.390000
 726 1.390000
 727 1.330000
 728 1.330000
 729 2.320000
 730 1.300000
 731 1.300000
 732 1.280000
 733 1.290000
 734 1.290000
 735 1.280000
 736 1.350000
 737 1.350000
 738 1.360000
 739 1.330000
 740 1.270000
 741 1.230000
 742 1.230000
 743 1.200000
 744 1.200000
 745 6.550000
 746 6.530000
 747 6.500000
 748 2.880000
 749 2.860000
 750 6.610000
 751 6.670000
 752 6.720000
 753 6.770000
 754 6.400000
 755 6.840000
 756 6.800000
 757 5.550000
 758 0.850000
 759 0.900000
 760 0.870000
 0 3.340000
 1 3.320000
 2 3.280000
 3 3.330000
 4 3.330000
 5 3.380000
 6 3.400000
 7 3.400000
 8 3.400000
 9 3.430000
 10 3.430000
 11 3.330000
 12 3.410000
 13 3.470000
 14 3.490000
 15 3.490000
 16 3.560000
 17 3.610000
 18 3.610000
 19 3.690000
 20 3.800000
 21 3.800000
 22 3.800000
 23 3.800000
 24 3.810000
 25 3.840000
 26 3.840000
 27 3.730000
 28 3.880000
 29 3.870000
 30 3.930000
 31 3.800000
 32 3.830000
 33 3.850000
 34 4.000000
 35 4.000000
 36 4.000000
 37 4.050000
 38 4.030000
 39 4.050000
 40 4.050000
 41 4.050000
 42 4.010000
 43 4.000000
 44 3.950000
 45 3.930000
 46 3.950000
 47 4.020000
 48 4.040000
 49 3.950000
 50 4.040000
 51 3.930000
 52 3.950000
 53 3.900000
 54 4.040000
 55 4.010000
 56 4.010000
 57 3.880000
 58 3.990000
 59 3.850000
 60 3.850000
 61 3.850000
 62 3.830000
 63 3.830000
 64 3.830000
 65 2.850000
 66 2.890000
 67 2.880000
 68 2.860000
 69 2.810000
 70 2.800000
 71 2.810000
 72 2.810000
 73 2.840000
 74 2.800000
 75 1.050000
 76 0.730000
 77 0.680000
 78 0.680000
 79 0.680000
 80 0.690000
 81 0.690000
 82 0.670000
 83 0.680000
 84 0.670000
 85 0.670000
 86 0.670000
 87 0.670000
 88 0.670000
 89 0.660000
 90 0.680000
 91 0.650000
 92 0.650000
 93 0.640000
 94 0.640000
 95 0.640000
 96 0.640000
 97 0.650000
 98 0.630000
 99 0.630000
 100 0.650000
 101 0.640000
 102 0.630000
 103 0.650000
 104 0.650000
 105 0.650000
 106 0.680000
 107 0.690000
 108 0.690000
 109 0.690000
 110 0.690000
 111 0.670000
 112 0.690000
 113 0.690000
 114 0.690000
 115 0.660000
 116 0.680000
 117 0.680000
 118 0.680000
 119 0.710000
 120 0.770000
 121 2.650000
 122 2.630000
 123 2.630000
 124 2.730000
 125 3.120000
 126 3.130000
 127 3.060000
 128 2.580000
 129 2.570000
 130 2.590000
 131 2.580000
 132 2.580000
 133 2.560000
 134 2.580000
 135 2.580000
 136 2.580000
 137 2.600000
 138 2.550000
 139 2.560000
 140 2.550000
 141 2.540000
 142 2.580000
 143 2.530000
 144 2.550000
 145 2.540000
 146 2.540000
 147 2.610000
 148 3.120000
 149 3.110000
 150 3.160000
 151 3.240000
 152 3.230000
 153 3.260000
 154 3.280000
 155 3.280000
 156 3.280000
 157 3.270000
 158 3.270000
 159 3.320000
 160 3.320000
 161 3.390000
 162 3.550000
 163 3.510000
 164 3.570000
 165 3.450000
 166 3.580000
 167 3.430000
 168 3.550000
 169 3.600000
 170 3.630000
 171 3.610000
 172 3.560000
 173 3.560000
 174 3.560000
 175 3.560000
 176 3.560000
 177 3.530000
 178 3.560000
 179 3.560000
 180 3.560000
 181 3.560000
 182 3.580000
 183 3.560000
 184 3.580000
 185 3.610000
 186 3.610000
 187 3.560000
 188 3.550000
 189 1.470000
 190 1.440000
 191 1.420000
 192 1.400000
 193 1.410000
 194 1.360000
 195 1.350000
 196 1.390000
 197 1.380000
 198 1.330000
 199 1.320000
 200 1.320000
 201 1.340000
 202 1.320000
 203 1.340000
 204 1.360000
 205 3.420000
 206 3.490000
 207 3.430000
 208 3.420000
 209 3.430000
 210 2.550000
 211 2.550000
 212 2.500000
 213 2.480000
 214 2.430000
 215 2.380000
 216 2.330000
 217 2.280000
 218 2.270000
 219 2.310000
 220 2.280000
 221 2.290000
 222 2.300000
 223 2.320000
 224 2.330000
 225 2.290000
 226 2.330000
 227 2.330000
 228 2.330000
 229 2.330000
 230 2.330000
 231 2.350000
 232 2.320000
 233 2.350000
 234 2.330000
 235 2.350000
 236 2.380000
 237 2.350000
 238 2.340000
 239 2.340000
 240 2.350000
 241 2.340000
 242 2.370000
 243 2.350000
 244 2.370000
 245 2.350000
 246 2.400000
 247 2.380000
 248 2.390000
 249 0.870000
 250 0.880000
 251 0.890000
 252 0.890000
 253 0.890000
 254 0.890000
 255 0.870000
 256 0.870000
 257 0.870000
 258 0.880000
 259 0.900000
 260 0.930000
 261 0.920000
 262 0.920000
 263 0.910000
 264 0.930000
 265 0.960000
 266 0.970000
 267 0.970000
 268 1.090000
 269 1.880000
 270 1.880000
 271 1.880000
 272 1.860000
 273 1.860000
 274 1.860000
 275 1.880000
 276 1.880000
 277 1.880000
 278 1.900000
 279 1.920000
 280 5.020000
 281 4.990000
 282 5.020000
 283 5.040000
 284 5.040000
 285 5.040000
 286 2.240000
 287 2.210000
 288 2.210000
 289 2.190000
 290 2.220000
 291 2.170000
 292 2.180000
 293 2.210000
 294 1.880000
 295 1.810000
 296 1.780000
 297 1.780000
 298 1.780000
 299 1.780000
 300 1.780000
 301 1.760000
 302 1.780000
 303 1.760000
 304 1.780000
 305 1.760000
 306 1.760000
 307 1.760000
 308 1.760000
 309 1.760000
 310 1.760000
 311 1.760000
 312 1.760000
 313 1.730000
 314 1.760000
 315 1.760000
 316 1.760000
 317 1.760000
 318 1.760000
 319 1.730000
 320 1.730000
 321 1.730000
 322 1.800000
 323 3.770000
 324 3.790000
 325 3.790000
 326 3.820000
 327 3.800000
 328 3.790000
 329 4.330000
 330 4.660000
 331 3.720000
 332 3.720000
 333 3.670000
 334 3.580000
 335 1.690000
 336 1.680000
 337 1.670000
 338 1.690000
 339 1.680000
 340 1.660000
 341 1.680000
 342 1.660000
 343 1.670000
 344 1.670000
 345 1.690000
 346 1.700000
 347 1.750000
 348 2.020000
 349 2.020000
 350 2.040000
 351 2.020000
 352 2.020000
 353 2.050000
 354 2.110000
 355 2.400000
 356 2.400000
 357 2.380000
 358 2.380000
 359 2.450000
 360 3.580000
 361 3.580000
 362 3.560000
 363 3.560000
 364 3.530000
 365 3.530000
 366 3.530000
 367 3.510000
 368 3.530000
 369 3.510000
 370 3.510000
 371 2.020000
 372 1.960000
 373 1.650000
 374 1.660000
 375 1.660000
 376 1.660000
 377 1.660000
 378 1.680000
 379 1.660000
 380 1.660000
 381 1.660000
 382 1.660000
 383 1.660000
 384 1.630000
 385 1.660000
 386 1.660000
 387 1.660000
 388 1.660000
 389 1.680000
 390 1.660000
 391 1.630000
 392 1.810000
 393 4.030000
 394 4.030000
 395 4.090000
 396 4.270000
 397 4.270000
 398 4.250000
 399 4.250000
 400 4.230000
 401 4.230000
 402 4.230000
 403 4.190000
 404 2.380000
 405 2.370000
 406 2.370000
 407 2.370000
 408 2.110000
 409 2.010000
 410 2.000000
 411 1.990000
 412 1.760000
 413 1.650000
 414 1.640000
 415 1.670000
 416 1.670000
 417 1.670000
 418 1.680000
 419 1.650000
 420 1.680000
 421 1.640000
 422 1.670000
 423 1.690000
 424 1.800000
 425 1.810000
 426 1.800000
 427 1.810000
 428 1.840000
 429 1.830000
 430 1.820000
 431 1.830000
 432 1.830000
 433 1.830000
 434 1.810000
 435 1.840000
 436 1.850000
 437 1.830000
 438 1.860000
 439 1.850000
 440 1.850000
 441 3.170000
 442 3.170000
 443 3.160000
 444 3.140000
 445 3.140000
 446 3.170000
 447 3.140000
 448 3.050000
 449 3.040000
 450 3.040000
 451 3.050000
 452 3.120000
 453 3.030000
 454 3.030000
 455 3.030000
 456 3.030000
 457 3.030000
 458 4.080000
 459 3.000000
 460 3.000000
 461 3.070000
 462 2.970000
 463 3.030000
 464 3.020000
 465 3.030000
 466 3.020000
 467 3.030000
 468 3.060000
 469 2.980000
 470 3.040000
 471 3.020000
 472 3.080000
 473 3.000000
 474 3.030000
 475 3.080000
 476 3.030000
 477 3.000000
 478 3.020000
 479 3.080000
 480 3.080000
 481 3.100000
 482 3.080000
 483 3.100000
 484 3.090000
 485 3.100000
 486 3.070000
 487 3.130000
 488 3.170000
 489 3.180000
 490 3.200000
 491 3.130000
 492 3.200000
 493 3.190000
 494 3.190000
 495 3.210000
 496 3.210000
 497 3.280000
 498 3.290000
 499 3.270000
 500 3.250000
 501 3.270000
 502 3.260000
 503 3.300000
 504 3.320000
 505 3.280000
 506 3.280000
 507 3.290000
 508 3.280000
 509 3.310000
 510 3.340000
 511 3.370000
 512 3.280000
 513 3.300000
 514 3.320000
 515 3.310000
 516 3.270000
 517 6.170000
 518 6.190000
 519 6.190000
 520 6.210000
 521 6.210000
 522 6.200000
 523 6.240000
 524 6.240000
 525 6.240000
 526 6.260000
 527 4.610000
 528 4.330000
 529 4.280000
 530 4.260000
 531 6.280000
 532 3.280000
 533 3.210000
 534 3.190000
 535 3.270000
 536 3.480000
 537 3.740000
 538 3.730000
 539 3.680000
 540 3.680000
 541 3.680000
 542 3.680000
 543 3.680000
 544 3.680000
 545 3.680000
 546 3.680000
 547 3.280000
 548 3.680000
 549 3.710000
 550 3.710000
 551 3.710000
 552 3.730000
 553 3.710000
 554 3.680000
 555 3.660000
 556 3.630000
 557 3.660000
 558 3.660000
 559 3.660000
 560 3.680000
 561 3.680000
 562 3.680000
 563 3.680000
 564 3.710000
 565 3.710000
 566 3.730000
 567 3.730000
 568 3.730000
 569 3.730000
 570 3.730000
 571 3.760000
 572 3.730000
 573 3.760000
 574 3.760000
 575 3.760000
 576 3.740000
 577 3.710000
 578 3.660000
 579 3.640000
 580 3.300000
 581 3.180000
 582 3.270000
 583 3.480000
 584 3.450000
 585 3.420000
 586 3.400000
 587 3.070000
 588 3.100000
 589 3.130000
 590 3.100000
 591 3.020000
 592 3.020000
 593 3.020000
 594 3.100000
 595 2.970000
 596 2.930000
 597 3.000000
 598 3.010000
 599 2.990000
 600 3.020000
 601 3.070000
 602 3.020000
 603 3.010000
 604 3.040000
 605 3.170000
 606 3.120000
 607 3.070000
 608 3.190000
 609 3.220000
 610 3.090000
 611 3.140000
 612 3.140000
 613 3.090000
 614 2.830000
 615 2.740000
 616 2.710000
 617 2.740000
 618 2.710000
 619 2.690000
 620 2.690000
 621 2.690000
 622 2.640000
 623 2.610000
 624 2.600000
 625 2.590000
 626 2.540000
 627 2.500000
 628 2.490000
 629 2.440000
 630 2.410000
 631 2.360000
 632 2.340000
 633 2.310000
 634 2.290000
 635 2.320000
 636 2.290000
 637 2.240000
 638 2.270000
 639 2.240000
 640 2.270000
 641 2.220000
 642 2.140000
 643 2.190000
 644 2.190000
 645 2.130000
 646 2.050000
 647 2.170000
 648 2.140000
 649 2.180000
 650 2.140000
 651 2.180000
 652 2.120000
 653 2.120000
 654 2.090000
 655 2.090000
 656 2.070000
 657 2.040000
 658 2.090000
 659 2.070000
 660 2.050000
 661 1.930000
 662 1.990000
 663 1.990000
 664 1.870000
 665 1.880000
 666 1.850000
 667 1.970000
 668 1.940000
 669 1.780000
 670 1.780000
 671 1.770000
 672 1.780000
 673 1.840000
 674 1.720000
 675 1.730000
 676 1.840000
 677 1.700000
 678 1.820000
 679 1.790000
 680 1.770000
 681 1.740000
 682 1.710000
 683 1.710000
 684 1.650000
 685 1.620000
 686 1.630000
 687 1.610000
 688 1.620000
 689 1.530000
 690 1.470000
 691 1.500000
 692 1.480000
 693 1.480000
 694 1.480000
 695 1.720000
 696 1.570000
 697 1.540000
 698 1.450000
 699 1.450000
 700 1.420000
 701 1.420000
 702 2.090000
 703 1.500000
 704 1.700000
 705 1.430000
 706 1.550000
 707 1.490000
 708 1.380000
 709 1.370000
 710 1.440000
 711 1.410000
 712 1.350000
 713 1.400000
 714 1.440000
 715 1.470000
 716 1.440000
 717 1.410000
 718 1.350000
 719 1.440000
 720 1.410000
 721 1.440000
 722 1.410000
 723 1.410000
 724 1.440000
 725 1.410000
 726 1.410000
 727 1.330000
 728 1.300000
 729 2.340000
 730 1.300000
 731 1.280000
 732 1.410000
 733 1.290000
 734 1.290000
 735 1.280000
 736 1.350000
 737 1.350000
 738 1.380000
 739 1.360000
 740 1.270000
 741 1.230000
 742 1.210000
 743 1.240000
 744 1.200000
 745 6.550000
 746 6.530000
 747 6.530000
 748 2.880000
 749 2.880000
 750 6.610000
 751 6.670000
 752 6.720000
 753 6.770000
 754 6.380000
 755 6.810000
 756 6.780000
 757 5.530000
 758 0.900000
 759 0.850000
 760 0.880000
 0 3.320000
 1 3.340000
 2 3.280000
 3 3.330000
 4 3.330000
 5 3.350000
 6 3.430000
 7 3.380000
 8 3.400000
 9 3.430000
 10 3.430000
 11 3.330000
 12 3.410000
 13 3.440000
 14 3.460000
 15 3.510000
 16 3.590000
 17 3.620000
 18 3.590000
 19 3.690000
 20 3.780000
 21 3.800000
 22 3.830000
 23 3.800000
 24 3.830000
 25 3.840000
 26 3.840000
 27 3.880000
 28 3.880000
 29 3.890000
 30 3.930000
 31 3.800000
 32 3.830000
 33 3.850000
 34 4.000000
 35 4.000000
 36 4.000000
 37 4.030000
 38 4.050000
 39 4.050000
 40 4.050000
 41 4.080000
 42 4.040000
 43 3.990000
 44 3.930000
 45 3.950000
 46 3.950000
 47 4.020000
 48 4.040000
 49 3.950000
 50 4.040000
 51 3.930000
 52 3.930000
 53 3.900000
 54 3.900000
 55 4.010000
 56 4.010000
 57 3.850000
 58 3.990000
 59 3.850000
 60 3.850000
 61 3.850000
 62 3.800000
 63 3.800000
 64 3.800000
 65 2.880000
 66 2.890000
 67 2.880000
 68 2.870000
 69 2.780000
 70 2.800000
 71 2.790000
 72 2.810000
 73 2.810000
 74 2.780000
 75 1.030000
 76 0.730000
 77 0.680000
 78 0.680000
 79 0.650000
 80 0.690000
 81 0.670000
 82 0.670000
 83 0.650000
 84 0.680000
 85 0.670000
 86 0.690000
 87 0.690000
 88 0.670000
 89 0.660000
 90 0.690000
 91 0.680000
 92 0.650000
 93 0.660000
 94 0.640000
 95 0.640000
 96 0.640000
 97 0.650000
 98 0.630000
 99 0.630000
 100 0.650000
 101 0.660000
 102 0.620000
 103 0.650000
 104 0.650000
 105 0.680000
 106 0.680000
 107 0.680000
 108 0.660000
 109 0.660000
 110 0.690000
 111 0.690000
 112 0.670000
 113 0.690000
 114 0.690000
 115 0.660000
 116 0.680000
 117 0.650000
 118 0.680000
 119 0.690000
 120 0.740000
 121 2.630000
 122 2.630000
 123 2.650000
 124 2.700000
 125 3.120000
 126 3.170000
 127 3.080000
 128 2.580000
 129 2.590000
 130 2.590000
 131 2.580000
 132 2.560000
 133 2.580000
 134 2.580000
 135 2.580000
 136 2.600000
 137 2.580000
 138 2.550000
 139 2.560000
 140 2.580000
 141 2.540000
 142 2.580000
 143 2.530000
 144 2.550000
 145 2.540000
 146 2.540000
 147 2.640000
 148 3.100000
 149 3.110000
 150 3.170000
 151 3.270000
 152 3.240000
 153 3.270000
 154 3.260000
 155 3.290000
 156 3.280000
 157 3.290000
 158 3.300000
 159 3.320000
 160 3.320000
 161 3.370000
 162 3.550000
 163 3.510000
 164 3.570000
 165 3.450000
 166 3.580000
 167 3.450000
 168 3.550000
 169 3.630000
 170 3.630000
 171 3.610000
 172 3.560000
 173 3.580000
 174 3.560000
 175 3.580000
 176 3.560000
 177 3.530000
 178 3.530000
 179 3.560000
 180 3.560000
 181 3.560000
 182 3.610000
 183 3.560000
 184 3.580000
 185 3.580000
 186 3.610000
 187 3.580000
 188 3.550000
 189 1.490000
 190 1.440000
 191 1.440000
 192 1.430000
 193 1.410000
 194 1.360000
 195 1.350000
 196 1.360000
 197 1.350000
 198 1.330000
 199 1.340000
 200 1.320000
 201 1.340000
 202 1.340000
 203 1.340000
 204 1.340000
 205 3.420000
 206 3.520000
 207 3.430000
 208 3.420000
 209 3.430000
 210 2.540000
 211 2.550000
 212 2.530000
 213 2.450000
 214 2.430000
 215 2.380000
 216 2.300000
 217 2.300000
 218 2.270000
 219 2.280000
 220 2.310000
 221 2.290000
 222 2.300000
 223 2.320000
 224 2.300000
 225 2.290000
 226 2.330000
 227 2.330000
 228 2.330000
 229 2.330000
 230 2.330000
 231 2.330000
 232 2.350000
 233 2.350000
 234 2.350000
 235 2.350000
 236 2.350000
 237 2.350000
 238 2.370000
 239 2.340000
 240 2.350000
 241 2.350000
 242 2.360000
 243 2.360000
 244 2.350000
 245 2.390000
 246 2.380000
 247 2.370000
 248 2.370000
 249 0.890000
 250 0.880000
 251 0.890000
 252 0.870000
 253 0.890000
 254 0.860000
 255 0.870000
 256 0.870000
 257 0.870000
 258 0.850000
 259 0.900000
 260 0.930000
 261 0.920000
 262 0.920000
 263 0.910000
 264 0.930000
 265 0.930000
 266 0.960000
 267 1.000000
 268 1.120000
 269 1.880000
 270 1.880000
 271 1.880000
 272 1.880000
 273 1.860000
 274 1.860000
 275 1.860000
 276 1.880000
 277 1.900000
 278 1.900000
 279 1.940000
 280 5.020000
 281 5.020000
 282 5.020000
 283 5.020000
 284 5.040000
 285 5.040000
 286 2.220000
 287 2.210000
 288 2.180000
 289 2.220000
 290 2.190000
 291 2.190000
 292 2.180000
 293 2.180000
 294 1.850000
 295 1.780000
 296 1.780000
 297 1.780000
 298 1.780000
 299 1.780000
 300 1.760000
 301 1.780000
 302 1.780000
 303 1.760000
 304 1.780000
 305 1.760000
 306 1.760000
 307 1.760000
 308 1.730000
 309 1.760000
 310 1.760000
 311 1.760000
 312 1.760000
 313 1.760000
 314 1.760000
 315 1.730000
 316 1.760000
 317 1.760000
 318 1.760000
 319 1.730000
 320 1.730000
 321 1.730000
 322 1.800000
 323 3.800000
 324 3.780000
 325 3.790000
 326 3.820000
 327 3.800000
 328 3.820000
 329 4.310000
 330 4.650000
 331 3.680000
 332 3.730000
 333 3.670000
 334 3.550000
 335 1.670000
 336 1.680000
 337 1.670000
 338 1.670000
 339 1.660000
 340 1.680000
 341 1.660000
 342 1.660000
 343 1.670000
 344 1.670000
 345 1.670000
 346 1.700000
 347 1.730000
 348 2.040000
 349 2.040000
 350 2.040000
 351 2.040000
 352 2.020000
 353 2.050000
 354 2.130000
 355 2.400000
 356 2.400000
 357 2.400000
 358 2.380000
 359 2.450000
 360 3.580000
 361 3.580000
 362 3.560000
 363 3.560000
 364 3.560000
 365 3.530000
 366 3.530000
 367 3.510000
 368 3.510000
 369 3.510000
 370 3.510000
 371 1.930000
 372 1.980000
 373 1.650000
 374 1.660000
 375 1.660000
 376 1.680000
 377 1.660000
 378 1.660000
 379 1.660000
 380 1.660000
 381 1.660000
 382 1.660000
 383 1.660000
 384 1.660000
 385 1.660000
 386 1.660000
 387 1.660000
 388 1.660000
 389 1.660000
 390 1.660000
 391 1.660000
 392 1.650000
 393 4.030000
 394 4.030000
 395 4.060000
 396 4.270000
 397 4.240000
 398 4.240000
 399 4.230000
 400 4.230000
 401 4.230000
 402 4.190000
 403 4.190000
 404 2.350000
 405 2.370000
 406 2.340000
 407 2.370000
 408 2.130000
 409 2.010000
 410 1.990000
 411 1.990000
 412 1.760000
 413 1.650000
 414 1.640000
 415 1.650000
 416 1.640000
 417 1.650000
 418 1.680000
 419 1.680000
 420 1.680000
 421 1.680000
 422 1.640000
 423 1.670000
 424 1.830000
 425 1.840000
 426 1.830000
 427 1.840000
 428 1.820000
 429 1.830000
 430 1.820000
 431 1.830000
 432 1.850000
 433 1.830000
 434 1.830000
 435 1.840000
 436 1.850000
 437 1.850000
 438 1.860000
 439 1.850000
 440 1.850000
 441 3.140000
 442 3.170000
 443 3.140000
 444 3.140000
 445 3.170000
 446 3.140000
 447 3.170000
 448 3.030000
 449 3.040000
 450 3.040000
 451 3.050000
 452 3.150000
 453 3.030000
 454 3.030000
 455 3.030000
 456 3.030000
 457 3.000000
 458 4.080000
 459 3.000000
 460 2.980000
 461 3.040000
 462 2.970000
 463 3.030000
 464 3.040000
 465 3.060000
 466 3.050000
 467 3.020000
 468 3.030000
 469 2.980000
 470 3.040000
 471 3.030000
 472 3.080000
 473 3.000000
 474 2.970000
 475 3.070000
 476 3.030000
 477 3.000000
 478 3.000000
 479 3.060000
 480 3.080000
 481 3.070000
 482 3.080000
 483 3.080000
 484 3.100000
 485 3.100000
 486 3.100000
 487 3.100000
 488 3.170000
 489 3.200000
 490 3.230000
 491 3.100000
 492 3.200000
 493 3.190000
 494 3.200000
 495 3.190000
 496 3.210000
 497 3.260000
 498 3.260000
 499 3.270000
 500 3.230000
 501 3.270000
 502 3.260000
 503 3.260000
 504 3.300000
 505 3.280000
 506 3.280000
 507 3.310000
 508 3.280000
 509 3.310000
 510 3.340000
 511 3.370000
 512 3.400000
 513 3.330000
 514 3.320000
 515 3.330000
 516 3.320000
 517 6.160000
 518 6.190000
 519 6.190000
 520 6.190000
 521 6.210000
 522 6.240000
 523 6.240000
 524 6.240000
 525 6.260000
 526 6.260000
 527 4.610000
 528 4.330000
 529 4.240000
 530 4.250000
 531 6.280000
 532 3.270000
 533 3.210000
 534 3.190000
 535 3.240000
 536 3.480000
 537 3.760000
 538 3.710000
 539 3.680000
 540 3.660000
 541 3.660000
 542 3.660000
 543 3.680000
 544 3.680000
 545 3.680000
 546 3.680000
 547 3.280000
 548 3.680000
 549 3.710000
 550 3.710000
 551 3.710000
 552 3.680000
 553 3.730000
 554 3.680000
 555 3.630000
 556 3.660000
 557 3.660000
 558 3.660000
 559 3.680000
 560 3.680000
 561 3.680000
 562 3.680000
 563 3.710000
 564 3.710000
 565 3.710000
 566 3.730000
 567 3.710000
 568 3.730000
 569 3.730000
 570 3.760000
 571 3.730000
 572 3.760000
 573 3.760000
 574 3.780000
 575 3.780000
 576 3.760000
 577 3.710000
 578 3.690000
 579 3.600000
 580 3.300000
 581 3.160000
 582 3.270000
 583 3.480000
 584 3.450000
 585 3.420000
 586 3.380000
 587 3.040000
 588 3.080000
 589 3.130000
 590 3.080000
 591 3.020000
 592 3.020000
 593 3.020000
 594 3.100000
 595 2.970000
 596 2.930000
 597 2.980000
 598 3.010000
 599 3.010000
 600 3.040000
 601 3.070000
 602 3.040000
 603 3.010000
 604 3.070000
 605 3.140000
 606 3.090000
 607 3.090000
 608 3.190000
 609 3.220000
 610 3.110000
 611 3.140000
 612 3.140000
 613 3.090000
 614 2.830000
 615 2.760000
 616 2.730000
 617 2.740000
 618 2.710000
 619 2.710000
 620 2.660000
 621 2.660000
 622 2.640000
 623 2.610000
 624 2.600000
 625 2.560000
 626 2.560000
 627 2.510000
 628 2.450000
 629 2.440000
 630 2.410000
 631 2.390000
 632 2.350000
 633 2.340000
 634 2.310000
 635 2.290000
 636 2.290000
 637 2.270000
 638 2.290000
 639 2.290000
 640 2.270000
 641 2.220000
 642 2.180000
 643 2.190000
 644 2.220000
 645 2.130000
 646 2.080000
 647 2.170000
 648 2.150000
 649 2.170000
 650 2.120000
 651 2.030000
 652 2.120000
 653 2.130000
 654 2.090000
 655 1.950000
 656 2.070000
 657 2.070000
 658 2.070000
 659 2.070000
 660 2.040000
 661 1.920000
 662 2.020000
 663 2.020000
 664 1.870000
 665 1.870000
 666 1.850000
 667 1.940000
 668 1.940000
 669 1.800000
 670 1.920000
 671 1.800000
 672 1.750000
 673 1.840000
 674 1.750000
 675 1.730000
 676 1.840000
 677 1.720000
 678 1.790000
 679 1.790000
 680 1.790000
 681 1.740000
 682 1.710000
 683 1.710000
 684 1.650000
 685 1.630000
 686 1.630000
 687 1.610000
 688 1.620000
 689 1.530000
 690 1.500000
 691 1.480000
 692 1.480000
 693 1.480000
 694 1.470000
 695 1.760000
 696 1.570000
 697 1.540000
 698 1.420000
 699 1.450000
 700 1.440000
 701 1.390000
 702 2.090000
 703 1.500000
 704 1.620000
 705 1.430000
 706 1.550000
 707 1.350000
 708 1.380000
 709 1.350000
 710 1.460000
 711 1.440000
 712 1.350000
 713 1.390000
 714 1.440000
 715 1.440000
 716 1.410000
 717 1.410000
 718 1.330000
 719 1.410000
 720 1.410000
 721 1.440000
 722 1.400000
 723 1.440000
 724 1.410000
 725 1.380000
 726 1.390000
 727 1.330000
 728 1.330000
 729 2.340000
 730 1.300000
 731 1.300000
 732 1.410000
 733 1.290000
 734 1.270000
 735 1.280000
 736 1.350000
 737 1.350000
 738 1.380000
 739 1.330000
 740 1.270000
 741 1.210000
 742 1.220000
 743 1.230000
 744 1.200000
 745 6.550000
 746 6.550000
 747 6.530000
 748 2.880000
 749 2.860000
 750 6.610000
 751 6.640000
 752 6.720000
 753 6.770000
 754 6.380000
 755 6.800000
 756 6.780000
 757 5.550000
 758 0.850000
 759 0.850000
 760 0.860000