
 0 2.970000
 1 3.110000
 2 3.110000
 3 3.110000
 4 3.110000
 5 3.080000
 6 3.060000
 7 2.950000
 8 3.080000
 9 3.060000
 10 2.950000
 11 2.940000
 12 2.950000
 13 2.920000
 14 2.740000
 15 2.650000
 16 2.620000
 17 2.190000
 18 2.110000
 19 2.090000
 20 2.120000
 21 2.090000
 22 2.100000
 23 2.090000
 24 2.120000
 25 2.110000
 26 2.100000
 27 2.100000
 28 2.100000
 29 2.100000
 30 2.130000
 31 2.120000
 32 2.140000
 33 2.130000
 34 2.130000
 35 2.130000
 36 2.130000
 37 2.160000
 38 2.160000
 39 2.180000
 40 2.180000
 41 2.180000
 42 2.160000
 43 2.150000
 44 2.160000
 45 2.150000
 46 2.150000
 47 2.130000
 48 2.180000
 49 2.180000
 50 2.180000
 51 2.200000
 52 2.180000
 53 2.160000
 54 2.180000
 55 2.180000
 56 2.260000
 57 2.270000
 58 2.150000
 59 2.140000
 60 2.150000
 61 2.170000
 62 2.180000
 63 2.220000
 64 2.230000
 65 2.250000
 66 2.210000
 67 2.200000
 68 2.180000
 69 2.180000
 70 2.210000
 71 2.210000
 72 2.220000
 73 2.250000
 74 2.230000
 75 2.230000
 76 2.230000
 77 2.210000
 78 2.220000
 79 2.190000
 80 2.210000
 81 2.250000
 82 2.280000
 83 2.250000
 84 2.250000
 85 2.300000
 86 2.290000
 87 2.290000
 88 2.280000
 89 2.280000
 90 2.280000
 91 2.280000
 92 2.280000
 93 2.290000
 94 2.290000
 95 2.290000
 96 2.280000
 97 2.300000
 98 2.330000
 99 2.320000
 100 2.430000
 101 2.360000
 102 2.310000
 103 2.280000
 104 2.290000
 105 2.290000
 106 2.330000
 107 2.370000
 108 2.370000
 109 2.390000
 110 2.360000
 111 2.380000
 112 2.370000
 113 2.380000
 114 2.390000
 115 2.360000
 116 2.380000
 117 2.380000
 118 2.360000
 119 2.370000
 120 2.360000
 121 2.360000
 122 2.400000
 123 2.400000
 124 2.420000
 125 2.440000
 126 2.410000
 127 3.630000
 128 3.420000
 129 3.530000
 130 3.520000
 131 3.540000
 132 3.540000
 133 3.520000
 134 3.540000
 135 3.580000
 136 3.600000
 137 3.580000
 138 3.560000
 139 3.450000
 140 3.470000
 141 3.520000
 142 3.490000
 143 3.520000
 144 3.500000
 145 3.530000
 146 3.630000
 147 3.600000
 148 3.600000
 149 3.650000
 150 3.600000
 151 3.640000
 152 3.680000
 153 3.680000
 154 3.710000
 155 3.730000
 156 3.720000
 157 3.760000
 158 3.770000
 159 3.780000
 160 3.810000
 161 3.780000
 162 3.800000
 163 3.820000
 164 3.830000
 165 3.850000
 166 3.890000
 167 3.880000
 168 3.870000
 169 3.880000
 170 3.900000
 171 3.900000
 172 3.890000
 173 3.920000
 174 3.960000
 175 4.000000
 176 4.020000
 177 3.980000
 178 4.070000
 179 4.040000
 180 4.080000
 181 4.000000
 182 4.030000
 183 4.030000
 184 4.050000
 185 4.100000
 186 4.080000
 187 4.230000
 188 4.100000
 189 4.130000
 190 4.150000
 191 4.180000
 192 1.230000
 193 1.200000
 194 1.200000
 195 1.180000
 196 4.270000
 197 4.280000
 198 4.280000
 199 4.300000
 200 4.400000
 201 4.350000
 202 4.350000
 203 4.510000
 204 4.430000
 205 4.420000
 206 4.180000
 207 4.260000
 208 4.480000
 209 4.430000
 210 4.280000
 211 4.310000
 212 4.550000
 213 4.680000
 214 4.740000
 215 4.730000
 216 4.760000
 217 4.810000
 218 4.700000
 219 4.700000
 220 4.750000
 221 4.750000
 222 4.780000
 223 4.890000
 224 4.890000
 225 4.950000
 226 4.960000
 227 4.940000
 228 5.000000
 229 4.980000
 230 4.990000
 231 4.980000
 232 4.950000
 233 4.930000
 234 4.900000
 235 4.870000
 236 4.840000
 237 4.830000
 238 4.810000
 239 4.800000
 240 4.770000
 241 4.770000
 242 4.760000
 243 4.730000
 244 4.760000
 245 4.650000
 246 4.650000
 247 4.620000
 248 4.590000
 249 4.600000
 250 4.590000
 251 4.570000
 252 4.590000
 253 4.620000
 254 4.620000
 255 4.670000
 256 4.530000
 257 4.590000
 258 4.570000
 259 4.620000
 260 4.490000
 261 4.480000
 262 4.670000
 263 4.950000
 264 5.120000
 265 4.820000
 266 5.100000
 267 5.190000
 268 5.210000
 269 5.190000
 270 5.220000
 271 5.190000
 272 5.170000
 273 4.630000
 274 4.480000
 275 4.360000
 276 4.340000
 277 4.330000
 278 4.430000
 279 4.390000
 280 4.350000
 281 3.310000
 282 1.930000
 283 1.850000
 284 1.860000
 285 1.860000
 286 1.830000
 287 1.830000
 288 1.830000
 289 1.810000
 290 1.800000
 291 1.800000
 292 1.750000
 293 1.780000
 294 1.750000
 295 1.750000
 296 1.720000
 297 1.730000
 298 1.700000
 299 1.700000
 300 1.680000
 301 1.700000
 302 1.700000
 303 1.650000
 304 1.680000
 305 1.650000
 306 1.630000
 307 1.650000
 308 1.650000
 309 1.630000
 310 1.620000
 311 1.630000
 312 1.620000
 313 1.610000
 314 1.600000
 315 1.630000
 316 1.610000
 317 1.620000
 318 1.640000
 319 1.620000
 320 1.650000
 321 1.630000
 322 1.670000
 323 1.630000
 324 1.650000
 325 1.700000
 326 1.650000
 327 1.650000
 328 1.680000
 329 1.700000
 330 1.700000
 331 1.700000
 332 1.720000
 333 1.740000
 334 1.770000
 335 1.780000
 336 1.790000
 337 1.800000
 338 1.820000
 339 1.820000
 340 1.810000
 341 2.190000
 342 2.320000
 343 3.020000
 344 2.950000
 345 2.900000
 346 2.890000
 347 2.850000
 348 2.850000
 349 2.880000
 350 2.850000
 351 2.880000
 352 2.820000
 353 2.780000
 354 2.760000
 355 2.730000
 356 2.710000
 357 2.710000
 358 2.610000
 359 2.260000
 360 2.300000
 361 2.570000
 362 2.570000
 363 2.570000
 364 2.410000
 365 2.390000
 366 2.370000
 367 2.370000
 368 2.370000
 369 2.380000
 370 2.350000
 371 2.390000
 372 2.370000
 373 2.380000
 374 2.390000
 375 3.200000
 376 3.180000
 377 3.180000
 378 3.110000
 379 3.110000
 380 3.110000
 381 3.080000
 382 3.110000
 383 3.080000
 384 3.080000
 385 3.060000
 386 3.020000
 387 3.050000
 388 3.020000
 389 3.000000
 390 2.990000
 391 3.000000
 392 2.970000
 393 2.940000
 394 2.940000
 395 2.890000
 396 2.730000
 397 2.710000
 398 2.710000
 399 2.810000
 400 2.830000
 401 2.780000
 402 2.770000
 403 2.760000
 404 2.780000
 405 2.720000
 406 2.730000
 407 2.720000
 408 2.730000
 409 2.750000
 410 2.720000
 411 2.730000
 412 2.730000
 413 2.710000
 414 2.720000
 415 2.720000
 416 1.100000
 417 1.100000
 418 1.090000
 419 1.080000
 420 1.140000
 421 1.140000
 422 2.620000
 423 2.620000
 424 2.620000
 425 2.590000
 426 2.590000
 427 2.600000
 428 2.570000
 429 2.570000
 430 2.570000
 431 2.560000
 432 2.550000
 433 2.570000
 434 1.250000
 435 1.250000
 436 1.220000
 437 1.220000
 438 1.200000
 439 1.200000
 440 1.200000
 441 1.200000
 442 1.220000
 443 1.220000
 444 1.200000
 445 1.200000
 446 1.150000
 447 1.150000
 448 1.180000
 449 1.170000
 450 1.170000
 451 1.180000
 452 1.180000
 453 1.170000
 454 1.170000
 455 1.150000
 456 1.170000
 457 1.180000
 458 1.180000
 459 1.180000
 460 1.150000
 461 1.170000
 462 1.160000
 463 1.160000
 464 1.170000
 465 1.200000
 466 1.170000
 467 1.150000
 468 1.170000
 469 1.180000
 470 1.200000
 471 1.180000
 472 1.200000
 473 1.190000
 474 1.190000
 475 1.180000
 476 1.170000
 477 1.210000
 478 1.220000
 479 2.320000
 480 2.330000
 481 2.310000
 482 2.330000
 483 2.330000
 484 2.330000
 485 2.310000
 486 2.310000
 487 2.310000
 488 2.310000
 489 2.310000
 490 2.310000
 491 2.310000
 492 2.260000
 493 1.120000
 494 1.080000
 495 1.120000
 496 1.090000
 497 1.110000
 498 1.100000
 499 2.410000
 500 2.380000
 501 2.360000
 502 2.360000
 503 2.340000
 504 2.360000
 505 2.340000
 506 2.340000
 507 2.330000
 508 2.340000
 509 2.310000
 510 2.340000
 511 2.330000
 512 2.330000
 513 2.360000
 514 2.360000
 515 2.360000
 516 2.360000
 517 2.390000
 518 2.410000
 519 2.360000
 520 2.390000
 521 2.410000
 522 2.420000
 523 2.400000
 524 2.420000
 525 2.370000
 526 2.430000
 527 2.430000
 528 2.430000
 529 2.430000
 530 2.440000
 531 2.440000
 532 2.440000
 533 2.440000
 534 2.440000
 535 2.430000
 536 2.480000
 537 2.490000
 538 2.480000
 539 2.110000
 540 2.150000
 541 2.150000
 542 2.460000
 543 1.920000
 544 1.850000
 545 1.920000
 546 1.860000
 547 1.860000
 548 1.930000
 549 1.880000
 550 1.900000
 551 1.950000
 552 2.050000
 553 2.270000
 554 2.470000
 555 2.500000
 556 2.480000
 557 2.470000
 558 2.480000
 559 2.450000
 560 2.480000
 561 2.450000
 562 2.430000
 563 2.430000
 564 2.400000
 565 2.400000
 566 2.380000
 567 2.380000
 568 2.380000
 569 2.380000
 570 2.360000
 571 2.360000
 572 2.360000
 573 2.330000
 574 2.310000
 575 2.330000
 576 2.310000
 577 2.310000
 578 2.280000
 579 2.310000
 580 2.280000
 581 2.280000
 582 2.280000
 583 2.280000
 584 2.290000
 585 2.280000
 586 2.270000
 587 2.290000
 588 2.350000
 589 2.350000
 590 2.380000
 591 2.420000
 592 2.390000
 593 2.390000
 594 2.380000
 595 2.420000
 596 2.430000
 597 2.480000
 598 2.490000
 599 1.500000
 600 1.520000
 601 1.490000
 602 1.530000
 603 1.510000
 604 1.490000
 605 1.510000
 606 1.540000
 607 1.540000
 608 1.560000
 609 1.560000
 610 1.560000
 611 1.590000
 612 1.610000
 613 1.610000
 614 1.600000
 615 1.630000
 616 1.640000
 617 1.650000
 618 1.680000
 619 1.680000
 620 1.700000
 621 1.700000
 622 1.730000
 623 1.750000
 624 1.780000
 625 1.770000
 626 1.800000
 627 1.820000
 628 1.860000
 629 1.890000
 630 1.910000
 631 1.930000
 632 1.960000
 633 1.980000
 634 1.950000
 635 2.040000
 636 2.010000
 637 2.020000
 638 2.590000
 639 2.640000
 640 2.640000
 641 2.660000
 642 2.670000
 643 2.640000
 644 2.660000
 645 2.660000
 646 2.650000
 647 2.700000
 648 2.670000
 649 2.690000
 650 2.670000
 651 2.700000
 652 2.700000
 653 2.700000
 654 2.700000
 655 2.700000
 656 2.690000
 657 2.720000
 658 2.730000
 659 2.720000
 660 2.720000
 661 2.750000
 662 2.740000
 663 2.710000
 664 2.740000
 665 2.740000
 666 2.750000
 667 2.740000
 668 2.740000
 669 2.750000
 670 2.760000
 671 2.760000
 672 2.790000
 673 2.790000
 674 2.760000
 675 2.790000
 676 2.790000
 677 2.790000
 678 2.810000
 679 2.810000
 680 2.840000
 681 2.810000
 682 2.810000
 683 2.830000
 684 2.840000
 685 2.830000
 686 2.830000
 687 2.860000
 688 2.880000
 689 2.880000
 690 2.890000
 691 2.890000
 692 2.910000
 693 2.910000
 694 2.880000
 695 2.910000
 696 2.930000
 697 2.930000
 698 2.980000
 699 2.980000
 700 3.010000
 701 3.010000
 702 3.030000
 703 3.050000
 704 3.050000
 705 3.080000
 706 3.080000
 707 3.080000
 708 3.060000
 709 3.080000
 710 3.110000
 711 3.120000
 712 3.120000
 713 3.150000
 714 3.150000
 715 3.150000
 716 3.170000
 717 3.190000
 718 3.030000
 719 2.990000
 720 3.190000
 721 3.240000
 722 3.270000
 723 3.270000
 724 3.270000
 725 3.270000
 726 3.270000
 727 3.290000
 728 3.290000
 729 3.320000
 730 3.320000
 731 3.340000
 732 3.340000
 733 3.340000
 734 3.340000
 735 3.340000
 736 3.370000
 737 3.390000
 738 3.420000
 739 3.440000
 740 3.440000
 741 3.470000
 742 1.510000
 743 1.530000
 744 1.510000
 745 1.510000
 746 1.520000
 747 1.540000
 748 1.530000
 749 1.530000
 750 1.540000
 751 1.540000
 752 1.530000
 753 1.540000
 754 2.650000
 755 2.550000
 756 2.470000
 757 2.390000
 758 2.300000
 759 2.230000
 760 2.150000
 0 3.000000
 1 3.080000
 2 3.080000
 3 3.080000
 4 3.110000
 5 3.080000
 6 3.060000
 7 2.950000
 8 3.080000
 9 3.080000
 10 2.950000
 11 2.950000
 12 2.950000
 13 2.920000
 14 2.740000
 15 2.680000
 16 2.620000
 17 2.210000
 18 2.100000
 19 2.110000
 20 2.090000
 21 2.090000
 22 2.100000
 23 2.120000
 24 2.090000
 25 2.110000
 26 2.100000
 27 2.100000
 28 2.100000
 29 2.080000
 30 2.100000
 31 2.120000
 32 2.140000
 33 2.130000
 34 2.130000
 35 2.130000
 36 2.160000
 37 2.160000
 38 2.160000
 39 2.200000
 40 2.200000
 41 2.180000
 42 2.160000
 43 2.150000
 44 2.160000
 45 2.150000
 46 2.140000
 47 2.160000
 48 2.150000
 49 2.200000
 50 2.200000
 51 2.200000
 52 2.180000
 53 2.180000
 54 2.160000
 55 2.180000
 56 2.260000
 57 2.290000
 58 2.150000
 59 2.170000
 60 2.180000
 61 2.140000
 62 2.200000
 63 2.190000
 64 2.200000
 65 2.220000
 66 2.210000
 67 2.200000
 68 2.210000
 69 2.180000
 70 2.210000
 71 2.230000
 72 2.240000
 73 2.230000
 74 2.210000
 75 2.230000
 76 2.210000
 77 2.210000
 78 2.190000
 79 2.220000
 80 2.210000
 81 2.250000
 82 2.250000
 83 2.280000
 84 2.250000
 85 2.270000
 86 2.290000
 87 2.270000
 88 2.260000
 89 2.280000
 90 2.280000
 91 2.280000
 92 2.280000
 93 2.290000
 94 2.300000
 95 2.290000
 96 2.310000
 97 2.300000
 98 2.290000
 99 2.290000
 100 2.430000
 101 2.360000
 102 2.310000
 103 2.310000
 104 2.320000
 105 2.280000
 106 2.300000
 107 2.340000
 108 2.370000
 109 2.370000
 110 2.380000
 111 2.380000
 112 2.370000
 113 2.380000
 114 2.390000
 115 2.380000
 116 2.360000
 117 2.380000
 118 2.380000
 119 2.370000
 120 2.390000
 121 2.360000
 122 2.400000
 123 2.400000
 124 2.390000
 125 2.420000
 126 2.410000
 127 3.600000
 128 3.390000
 129 3.530000
 130 3.540000
 131 3.520000
 132 3.520000
 133 3.540000
 134 3.540000
 135 3.550000
 136 3.580000
 137 3.600000
 138 3.560000
 139 3.480000
 140 3.480000
 141 3.490000
 142 3.490000
 143 3.500000
 144 3.500000
 145 3.500000
 146 3.600000
 147 3.600000
 148 3.580000
 149 3.650000
 150 3.600000
 151 3.610000
 152 3.660000
 153 3.680000
 154 3.710000
 155 3.700000
 156 3.740000
 157 3.760000
 158 3.790000
 159 3.780000
 160 3.810000
 161 3.820000
 162 3.800000
 163 3.830000
 164 3.800000
 165 3.830000
 166 3.870000
 167 3.900000
 168 3.880000
 169 3.880000
 170 3.900000
 171 3.930000
 172 3.890000
 173 3.940000
 174 3.960000
 175 4.000000
 176 4.020000
 177 3.990000
 178 4.070000
 179 4.030000
 180 4.080000
 181 4.000000
 182 4.030000
 183 4.150000
 184 4.050000
 185 4.070000
 186 4.080000
 187 4.080000
 188 4.130000
 189 4.180000
 190 4.130000
 191 4.150000
 192 1.170000
 193 1.200000
 194 1.200000
 195 1.180000
 196 4.270000
 197 4.280000
 198 4.300000
 199 4.300000
 200 4.400000
 201 4.350000
 202 4.350000
 203 4.480000
 204 4.430000
 205 4.450000
 206 4.160000
 207 4.260000
 208 4.450000
 209 4.430000
 210 4.280000
 211 4.310000
 212 4.550000
 213 4.690000
 214 4.740000
 215 4.740000
 216 4.760000
 217 4.810000
 218 4.740000
 219 4.700000
 220 4.730000
 221 4.750000
 222 4.780000
 223 4.850000
 224 4.920000
 225 4.950000
 226 4.960000
 227 4.920000
 228 4.980000
 229 4.980000
 230 4.990000
 231 4.950000
 232 4.980000
 233 4.930000
 234 4.900000
 235 4.900000
 236 4.860000
 237 4.830000
 238 4.810000
 239 4.780000
 240 4.740000
 241 4.770000
 242 4.760000
 243 4.760000
 244 4.760000
 245 4.650000
 246 4.680000
 247 4.600000
 248 4.620000
 249 4.620000
 250 4.590000
 251 4.570000
 252 4.560000
 253 4.620000
 254 4.640000
 255 4.650000
 256 4.590000
 257 4.590000
 258 4.570000
 259 4.650000
 260 4.470000
 261 4.450000
 262 4.700000
 263 4.750000
 264 5.140000
 265 4.830000
 266 5.080000
 267 5.210000
 268 5.210000
 269 5.190000
 270 5.170000
 271 5.170000
 272 5.170000
 273 4.650000
 274 4.480000
 275 4.350000
 276 4.340000
 277 4.330000
 278 4.430000
 279 4.390000
 280 4.380000
 281 3.250000
 282 1.900000
 283 1.880000
 284 1.860000
 285 1.860000
 286 1.830000
 287 1.830000
 288 1.830000
 289 1.810000
 290 1.800000
 291 1.780000
 292 1.750000
 293 1.750000
 294 1.750000
 295 1.720000
 296 1.700000
 297 1.700000
 298 1.730000
 299 1.700000
 300 1.700000
 301 1.680000
 302 1.680000
 303 1.650000
 304 1.680000
 305 1.650000
 306 1.600000
 307 1.630000
 308 1.630000
 309 1.630000
 310 1.600000
 311 1.590000
 312 1.600000
 313 1.600000
 314 1.600000
 315 1.630000
 316 1.640000
 317 1.650000
 318 1.660000
 319 1.680000
 320 1.630000
 321 1.630000
 322 1.650000
 323 1.650000
 324 1.650000
 325 1.680000
 326 1.650000
 327 1.680000
 328 1.700000
 329 1.680000
 330 1.700000
 331 1.700000
 332 1.740000
 333 1.720000
 334 1.770000
 335 1.780000
 336 1.770000
 337 1.800000
 338 1.810000
 339 1.820000
 340 1.840000
 341 2.190000
 342 2.290000
 343 3.020000
 344 2.930000
 345 2.890000
 346 2.860000
 347 2.880000
 348 2.850000
 349 2.880000
 350 2.850000
 351 2.830000
 352 2.810000
 353 2.780000
 354 2.780000
 355 2.730000
 356 2.710000
 357 2.710000
 358 2.580000
 359 2.290000
 360 2.310000
 361 2.550000
 362 2.590000
 363 2.570000
 364 2.410000
 365 2.410000
 366 2.370000
 367 2.370000
 368 2.370000
 369 2.380000
 370 2.380000
 371 2.390000
 372 2.390000
 373 2.380000
 374 2.390000
 375 3.210000
 376 3.210000
 377 3.160000
 378 3.130000
 379 3.120000
 380 3.110000
 381 3.100000
 382 3.080000
 383 3.080000
 384 3.080000
 385 3.060000
 386 3.020000
 387 3.050000
 388 3.020000
 389 2.990000
 390 2.990000
 391 3.000000
 392 2.970000
 393 2.940000
 394 2.940000
 395 2.890000
 396 2.720000
 397 2.730000
 398 2.710000
 399 2.830000
 400 2.830000
 401 2.780000
 402 2.780000
 403 2.780000
 404 2.750000
 405 2.760000
 406 2.720000
 407 2.730000
 408 2.700000
 409 2.720000
 410 2.720000
 411 2.700000
 412 2.730000
 413 2.700000
 414 2.730000
 415 2.720000
 416 1.100000
 417 1.100000
 418 1.090000
 419 1.080000
 420 1.150000
 421 1.110000
 422 2.620000
 423 2.590000
 424 2.580000
 425 2.620000
 426 2.570000
 427 2.570000
 428 2.570000
 429 2.580000
 430 2.560000
 431 2.550000
 432 2.540000
 433 2.560000
 434 1.250000
 435 1.250000
 436 1.250000
 437 1.200000
 438 1.250000
 439 1.200000
 440 1.200000
 441 1.200000
 442 1.220000
 443 1.190000
 444 1.180000
 445 1.170000
 446 1.200000
 447 1.190000
 448 1.160000
 449 1.180000
 450 1.170000
 451 1.160000
 452 1.180000
 453 1.190000
 454 1.180000
 455 1.170000
 456 1.190000
 457 1.180000
 458 1.180000
 459 1.180000
 460 1.180000
 461 1.140000
 462 1.160000
 463 1.180000
 464 1.150000
 465 1.200000
 466 1.170000
 467 1.180000
 468 1.190000
 469 1.180000
 470 1.170000
 471 1.180000
 472 1.170000
 473 1.170000
 474 1.200000
 475 1.170000
 476 1.170000
 477 1.210000
 478 1.250000
 479 2.320000
 480 2.330000
 481 2.330000
 482 2.320000
 483 2.330000
 484 2.310000
 485 2.310000
 486 2.310000
 487 2.310000
 488 2.280000
 489 2.310000
 490 2.310000
 491 2.310000
 492 2.260000
 493 1.110000
 494 1.080000
 495 1.090000
 496 1.070000
 497 1.110000
 498 1.070000
 499 2.410000
 500 2.410000
 501 2.360000
 502 2.360000
 503 2.360000
 504 2.360000
 505 2.360000
 506 2.360000
 507 2.330000
 508 2.310000
 509 2.310000
 510 2.340000
 511 2.360000
 512 2.340000
 513 2.360000
 514 2.360000
 515 2.360000
 516 2.360000
 517 2.390000
 518 2.390000
 519 2.390000
 520 2.410000
 521 2.440000
 522 2.420000
 523 2.400000
 524 2.420000
 525 2.400000
 526 2.400000
 527 2.400000
 528 2.430000
 529 2.430000
 530 2.440000
 531 2.410000
 532 2.410000
 533 2.440000
 534 2.440000
 535 2.450000
 536 2.480000
 537 2.490000
 538 2.480000
 539 2.110000
 540 2.130000
 541 2.190000
 542 2.470000
 543 1.920000
 544 1.870000
 545 1.920000
 546 1.860000
 547 1.850000
 548 1.960000
 549 1.900000
 550 1.900000
 551 1.950000
 552 2.030000
 553 2.300000
 554 2.450000
 555 2.470000
 556 2.480000
 557 2.470000
 558 2.450000
 559 2.450000
 560 2.480000
 561 2.450000
 562 2.430000
 563 2.430000
 564 2.400000
 565 2.400000
 566 2.400000
 567 2.380000
 568 2.380000
 569 2.380000
 570 2.330000
 571 2.360000
 572 2.330000
 573 2.360000
 574 2.310000
 575 2.330000
 576 2.330000
 577 2.280000
 578 2.310000
 579 2.280000
 580 2.310000
 581 2.280000
 582 2.280000
 583 2.280000
 584 2.290000
 585 2.270000
 586 2.280000
 587 2.270000
 588 2.350000
 589 2.380000
 590 2.400000
 591 2.420000
 592 2.410000
 593 2.390000
 594 2.380000
 595 2.420000
 596 2.460000
 597 2.460000
 598 2.480000
 599 1.530000
 600 1.530000
 601 1.510000
 602 1.520000
 603 1.500000
 604 1.490000
 605 1.510000
 606 1.540000
 607 1.540000
 608 1.540000
 609 1.560000
 610 1.590000
 611 1.590000
 612 1.610000
 613 1.640000
 614 1.640000
 615 1.630000
 616 1.650000
 617 1.650000
 618 1.680000
 619 1.680000
 620 1.700000
 621 1.700000
 622 1.750000
 623 1.750000
 624 1.770000
 625 1.800000
 626 1.820000
 627 1.810000
 628 1.860000
 629 1.860000
 630 1.890000
 631 1.930000
 632 1.960000
 633 2.010000
 634 1.920000
 635 2.040000
 636 2.010000
 637 2.020000
 638 2.560000
 639 2.610000
 640 2.640000
 641 2.660000
 642 2.670000
 643 2.660000
 644 2.660000
 645 2.660000
 646 2.650000
 647 2.700000
 648 2.670000
 649 2.660000
 650 2.670000
 651 2.660000
 652 2.670000
 653 2.700000
 654 2.700000
 655 2.700000
 656 2.720000
 657 2.720000
 658 2.720000
 659 2.750000
 660 2.750000
 661 2.750000
 662 2.750000
 663 2.740000
 664 2.740000
 665 2.750000
 666 2.750000
 667 2.740000
 668 2.760000
 669 2.760000
 670 2.790000
 671 2.760000
 672 2.760000
 673 2.760000
 674 2.790000
 675 2.790000
 676 2.790000
 677 2.790000
 678 2.790000
 679 2.810000
 680 2.810000
 681 2.810000
 682 2.810000
 683 2.840000
 684 2.840000
 685 2.840000
 686 2.830000
 687 2.860000
 688 2.880000
 689 2.860000
 690 2.880000
 691 2.890000
 692 2.910000
 693 2.910000
 694 2.910000
 695 2.930000
 696 2.930000
 697 2.960000
 698 2.950000
 699 2.980000
 700 3.010000
 701 3.020000
 702 3.030000
 703 3.040000
 704 3.020000
 705 3.070000
 706 3.080000
 707 3.110000
 708 3.060000
 709 3.080000
 710 3.110000
 711 3.100000
 712 3.120000
 713 3.120000
 714 3.140000
 715 3.140000
 716 3.170000
 717 3.200000
 718 3.030000
 719 2.970000
 720 3.170000
 721 3.240000
 722 3.250000
 723 3.250000
 724 3.270000
 725 3.290000
 726 3.290000
 727 3.290000
 728 3.300000
 729 3.320000
 730 3.340000
 731 3.340000
 732 3.340000
 733 3.340000
 734 3.340000
 735 3.370000
 736 3.390000
 737 3.390000
 738 3.390000
 739 3.410000
 740 3.440000
 741 3.470000
 742 1.540000
 743 1.530000
 744 1.530000
 745 1.510000
 746 1.540000
 747 1.520000
 748 1.510000
 749 1.510000
 750 1.520000
 751 1.520000
 752 1.530000
 753 1.490000
 754 2.630000
 755 2.550000
 756 2.450000
 757 2.390000
 758 2.300000
 759 2.230000
 760 2.180000
 0 2.970000
 1 3.090000
 2 3.060000
 3 3.110000
 4 3.110000
 5 3.090000
 6 3.090000
 7 2.950000
 8 3.090000
 9 3.060000
 10 2.930000
 11 2.920000
 12 2.920000
 13 2.920000
 14 2.750000
 15 2.680000
 16 2.650000
 17 2.220000
 18 2.100000
 19 2.110000
 20 2.120000
 21 2.120000
 22 2.100000
 23 2.120000
 24 2.100000
 25 2.110000
 26 2.110000
 27 2.130000
 28 2.110000
 29 2.110000
 30 2.130000
 31 2.100000
 32 2.150000
 33 2.130000
 34 2.110000
 35 2.150000
 36 2.140000
 37 2.160000
 38 2.160000
 39 2.180000
 40 2.150000
 41 2.180000
 42 2.190000
 43 2.150000
 44 2.140000
 45 2.150000
 46 2.150000
 47 2.160000
 48 2.180000
 49 2.190000
 50 2.200000
 51 2.200000
 52 2.190000
 53 2.190000
 54 2.190000
 55 2.190000
 56 2.270000
 57 2.290000
 58 2.150000
 59 2.140000
 60 2.170000
 61 2.140000
 62 2.200000
 63 2.190000
 64 2.230000
 65 2.220000
 66 2.210000
 67 2.200000
 68 2.190000
 69 2.190000
 70 2.210000
 71 2.240000
 72 2.240000
 73 2.240000
 74 2.240000
 75 2.230000
 76 2.210000
 77 2.210000
 78 2.190000
 79 2.220000
 80 2.210000
 81 2.250000
 82 2.250000
 83 2.250000
 84 2.250000
 85 2.270000
 86 2.300000
 87 2.290000
 88 2.290000
 89 2.300000
 90 2.280000
 91 2.280000
 92 2.310000
 93 2.290000
 94 2.320000
 95 2.320000
 96 2.310000
 97 2.300000
 98 2.330000
 99 2.320000
 100 2.430000
 101 2.360000
 102 2.340000
 103 2.290000
 104 2.290000
 105 2.290000
 106 2.330000
 107 2.340000
 108 2.370000
 109 2.370000
 110 2.390000
 111 2.390000
 112 2.390000
 113 2.390000
 114 2.390000
 115 2.390000
 116 2.390000
 117 2.360000
 118 2.390000
 119 2.370000
 120 2.370000
 121 2.360000
 122 2.410000
 123 2.400000
 124 2.390000
 125 2.420000
 126 2.410000
 127 3.600000
 128 3.420000
 129 3.550000
 130 3.550000
 131 3.550000
 132 3.540000
 133 3.520000
 134 3.540000
 135 3.580000
 136 3.580000
 137 3.600000
 138 3.560000
 139 3.480000
 140 3.470000
 141 3.520000
 142 3.520000
 143 3.520000
 144 3.500000
 145 3.500000
 146 3.620000
 147 3.580000
 148 3.610000
 149 3.650000
 150 3.600000
 151 3.630000
 152 3.670000
 153 3.680000
 154 3.690000
 155 3.730000
 156 3.740000
 157 3.760000
 158 3.770000
 159 3.810000
 160 3.820000
 161 3.820000
 162 3.800000
 163 3.840000
 164 3.830000
 165 3.850000
 166 3.870000
 167 3.870000
 168 3.880000
 169 3.880000
 170 3.890000
 171 3.930000
 172 3.900000
 173 3.900000
 174 3.970000
 175 4.000000
 176 4.050000
 177 4.000000
 178 4.050000
 179 4.040000
 180 4.080000
 181 4.030000
 182 4.030000
 183 4.030000
 184 4.080000
 185 4.100000
 186 4.080000
 187 4.100000
 188 4.130000
 189 4.100000
 190 4.150000
 191 4.150000
 192 1.200000
 193 1.210000
 194 1.200000
 195 1.180000
 196 4.270000
 197 4.300000
 198 4.280000
 199 4.300000
 200 4.410000
 201 4.330000
 202 4.350000
 203 4.480000
 204 4.430000
 205 4.420000
 206 4.160000
 207 4.260000
 208 4.450000
 209 4.430000
 210 4.280000
 211 4.330000
 212 4.550000
 213 4.580000
 214 4.720000
 215 4.740000
 216 4.770000
 217 4.810000
 218 4.680000
 219 4.720000
 220 4.730000
 221 4.780000
 222 4.800000
 223 4.900000
 224 4.920000
 225 4.960000
 226 4.970000
 227 4.940000
 228 5.000000
 229 5.010000
 230 4.980000
 231 4.930000
 232 4.980000
 233 4.930000
 234 4.910000
 235 4.870000
 236 4.870000
 237 4.810000
 238 4.810000
 239 4.770000
 240 4.770000
 241 4.780000
 242 4.760000
 243 4.760000
 244 4.760000
 245 4.650000
 246 4.680000
 247 4.620000
 248 4.620000
 249 4.600000
 250 4.620000
 251 4.570000
 252 4.560000
 253 4.620000
 254 4.620000
 255 4.650000
 256 4.540000
 257 4.540000
 258 4.570000
 259 4.620000
 260 4.470000
 261 4.510000
 262 4.670000
 263 4.910000
 264 5.150000
 265 4.800000
 266 5.110000
 267 5.210000
 268 5.210000
 269 5.200000
 270 5.200000
 271 5.200000
 272 5.170000
 273 4.650000
 274 4.550000
 275 4.390000
 276 4.340000
 277 4.360000
 278 4.430000
 279 4.410000
 280 4.380000
 281 3.280000
 282 1.910000
 283 1.880000
 284 1.860000
 285 1.860000
 286 1.830000
 287 1.840000
 288 1.830000
 289 1.840000
 290 1.810000
 291 1.800000
 292 1.750000
 293 1.750000
 294 1.750000
 295 1.750000
 296 1.720000
 297 1.730000
 298 1.700000
 299 1.700000
 300 1.680000
 301 1.680000
 302 1.680000
 303 1.680000
 304 1.680000
 305 1.650000
 306 1.650000
 307 1.630000
 308 1.630000
 309 1.630000
 310 1.580000
 311 1.590000
 312 1.590000
 313 1.600000
 314 1.610000
 315 1.610000
 316 1.630000
 317 1.630000
 318 1.640000
 319 1.650000
 320 1.630000
 321 1.630000
 322 1.660000
 323 1.650000
 324 1.650000
 325 1.680000
 326 1.650000
 327 1.650000
 328 1.680000
 329 1.700000
 330 1.680000
 331 1.730000
 332 1.750000
 333 1.750000
 334 1.800000
 335 1.790000
 336 1.780000
 337 1.770000
 338 1.820000
 339 1.820000
 340 1.830000
 341 2.200000
 342 2.270000
 343 3.020000
 344 2.930000
 345 2.910000
 346 2.890000
 347 2.850000
 348 2.880000
 349 2.880000
 350 2.850000
 351 2.850000
 352 2.820000
 353 2.780000
 354 2.750000
 355 2.730000
 356 2.720000
 357 2.680000
 358 2.530000
 359 2.270000
 360 2.280000
 361 2.600000
 362 2.570000
 363 2.550000
 364 2.380000
 365 2.410000
 366 2.400000
 367 2.370000
 368 2.370000
 369 2.350000
 370 2.350000
 371 2.400000
 372 2.420000
 373 2.380000
 374 2.370000
 375 3.200000
 376 3.180000
 377 3.160000
 378 3.130000
 379 3.130000
 380 3.110000
 381 3.110000
 382 3.080000
 383 3.060000
 384 3.080000
 385 3.050000
 386 3.060000
 387 3.040000
 388 3.020000
 389 3.020000
 390 3.020000
 391 2.980000
 392 2.970000
 393 2.950000
 394 2.920000
 395 2.890000
 396 2.750000
 397 2.710000
 398 2.690000
 399 2.830000
 400 2.830000
 401 2.780000
 402 2.780000
 403 2.760000
 404 2.770000
 405 2.760000
 406 2.730000
 407 2.720000
 408 2.700000
 409 2.720000
 410 2.700000
 411 2.730000
 412 2.700000
 413 2.710000
 414 2.720000
 415 2.720000
 416 1.080000
 417 1.080000
 418 1.100000
 419 1.080000
 420 1.140000
 421 1.110000
 422 2.620000
 423 2.600000
 424 2.620000
 425 2.620000
 426 2.600000
 427 2.570000
 428 2.590000
 429 2.570000
 430 2.570000
 431 2.560000
 432 2.570000
 433 2.570000
 434 1.230000
 435 1.250000
 436 1.250000
 437 1.200000
 438 1.230000
 439 1.230000
 440 1.230000
 441 1.230000
 442 1.200000
 443 1.190000
 444 1.180000
 445 1.200000
 446 1.190000
 447 1.190000
 448 1.160000
 449 1.170000
 450 1.190000
 451 1.170000
 452 1.180000
 453 1.170000
 454 1.150000
 455 1.170000
 456 1.170000
 457 1.170000
 458 1.180000
 459 1.180000
 460 1.180000
 461 1.170000
 462 1.140000
 463 1.190000
 464 1.150000
 465 1.200000
 466 1.170000
 467 1.180000
 468 1.170000
 469 1.180000
 470 1.190000
 471 1.180000
 472 1.210000
 473 1.190000
 474 1.160000
 475 1.200000
 476 1.200000
 477 1.210000
 478 1.220000
 479 2.320000
 480 2.330000
 481 2.330000
 482 2.330000
 483 2.330000
 484 2.330000
 485 2.310000
 486 2.330000
 487 2.310000
 488 2.310000
 489 2.310000
 490 2.310000
 491 2.310000
 492 2.260000
 493 1.110000
 494 1.100000
 495 1.090000
 496 1.090000
 497 1.080000
 498 1.070000
 499 2.400000
 500 2.410000
 501 2.390000
 502 2.370000
 503 2.370000
 504 2.340000
 505 2.340000
 506 2.340000
 507 2.310000
 508 2.340000
 509 2.330000
 510 2.320000
 511 2.340000
 512 2.330000
 513 2.340000
 514 2.340000
 515 2.340000
 516 2.370000
 517 2.390000
 518 2.390000
 519 2.390000
 520 2.420000
 521 2.420000
 522 2.400000
 523 2.420000
 524 2.420000
 525 2.410000
 526 2.410000
 527 2.430000
 528 2.430000
 529 2.430000
 530 2.440000
 531 2.410000
 532 2.410000
 533 2.450000
 534 2.450000
 535 2.450000
 536 2.480000
 537 2.490000
 538 2.460000
 539 2.140000
 540 2.130000
 541 2.160000
 542 2.470000
 543 1.920000
 544 1.850000
 545 1.920000
 546 1.860000
 547 1.870000
 548 1.930000
 549 1.850000
 550 1.920000
 551 1.920000
 552 2.200000
 553 2.320000
 554 2.480000
 555 2.470000
 556 2.480000
 557 2.470000
 558 2.480000
 559 2.450000
 560 2.480000
 561 2.430000
 562 2.400000
 563 2.430000
 564 2.400000
 565 2.400000
 566 2.380000
 567 2.380000
 568 2.350000
 569 2.350000
 570 2.330000
 571 2.340000
 572 2.360000
 573 2.360000
 574 2.330000
 575 2.310000
 576 2.310000
 577 2.340000
 578 2.290000
 579 2.290000
 580 2.290000
 581 2.260000
 582 2.250000
 583 2.280000
 584 2.300000
 585 2.270000
 586 2.270000
 587 2.270000
 588 2.350000
 589 2.380000
 590 2.380000
 591 2.400000
 592 2.390000
 593 2.370000
 594 2.390000
 595 2.390000
 596 2.460000
 597 2.460000
 598 2.480000
 599 1.510000
 600 1.500000
 601 1.510000
 602 1.530000
 603 1.530000
 604 1.510000
 605 1.510000
 606 1.510000
 607 1.540000
 608 1.560000
 609 1.560000
 610 1.560000
 611 1.590000
 612 1.610000
 613 1.610000
 614 1.640000
 615 1.640000
 616 1.630000
 617 1.660000
 618 1.680000
 619 1.710000
 620 1.710000
 621 1.730000
 622 1.760000
 623 1.760000
 624 1.770000
 625 1.800000
 626 1.820000
 627 1.820000
 628 1.840000
 629 1.890000
 630 1.890000
 631 1.930000
 632 1.980000
 633 2.030000
 634 1.950000
 635 2.020000
 636 2.010000
 637 2.020000
 638 2.570000
 639 2.640000
 640 2.640000
 641 2.640000
 642 2.670000
 643 2.670000
 644 2.670000
 645 2.670000
 646 2.650000
 647 2.670000
 648 2.670000
 649 2.670000
 650 2.670000
 651 2.700000
 652 2.700000
 653 2.700000
 654 2.700000
 655 2.700000
 656 2.720000
 657 2.720000
 658 2.730000
 659 2.720000
 660 2.750000
 661 2.720000
 662 2.750000
 663 2.740000
 664 2.750000
 665 2.750000
 666 2.740000
 667 2.770000
 668 2.770000
 669 2.770000
 670 2.770000
 671 2.790000
 672 2.790000
 673 2.790000
 674 2.790000
 675 2.790000
 676 2.820000
 677 2.800000
 678 2.820000
 679 2.820000
 680 2.820000
 681 2.820000
 682 2.820000
 683 2.830000
 684 2.810000
 685 2.830000
 686 2.870000
 687 2.870000
 688 2.860000
 689 2.860000
 690 2.880000
 691 2.880000
 692 2.910000
 693 2.930000
 694 2.930000
 695 2.910000
 696 2.930000
 697 2.930000
 698 2.970000
 699 2.980000
 700 2.980000
 701 3.000000
 702 3.020000
 703 3.030000
 704 3.040000
 705 3.080000
 706 3.080000
 707 3.080000
 708 3.060000
 709 3.070000
 710 3.090000
 711 3.120000
 712 3.120000
 713 3.120000
 714 3.120000
 715 3.150000
 716 3.190000
 717 3.190000
 718 3.040000
 719 2.970000
 720 3.140000
 721 3.220000
 722 3.240000
 723 3.270000
 724 3.270000
 725 3.300000
 726 3.290000
 727 3.270000
 728 3.310000
 729 3.290000
 730 3.340000
 731 3.340000
 732 3.340000
 733 3.340000
 734 3.340000
 735 3.370000
 736 3.370000
 737 3.370000
 738 3.390000
 739 3.390000
 740 3.440000
 741 3.470000
 742 1.540000
 743 1.510000
 744 1.510000
 745 1.510000
 746 1.520000
 747 1.520000
 748 1.540000
 749 1.540000
 750 1.540000
 751 1.540000
 752 1.530000
 753 1.520000
 754 2.630000
 755 2.560000
 756 2.470000
 757 2.360000
 758 2.300000
 759 2.200000
 760 2.150000
 0 2.970000
 1 3.090000
 2 3.090000
 3 3.090000
 4 3.110000
 5 3.060000
 6 3.060000
 7 2.950000
 8 3.060000
 9 3.060000
 10 2.950000
 11 2.950000
 12 2.950000
 13 2.940000
 14 2.750000
 15 2.680000
 16 2.650000
 17 2.220000
 18 2.130000
 19 2.110000
 20 2.100000
 21 2.100000
 22 2.130000
 23 2.100000
 24 2.100000
 25 2.110000
 26 2.130000
 27 2.110000
 28 2.130000
 29 2.110000
 30 2.110000
 31 2.120000
 32 2.150000
 33 2.130000
 34 2.130000
 35 2.150000
 36 2.160000
 37 2.140000
 38 2.190000
 39 2.180000
 40 2.180000
 41 2.180000
 42 2.160000
 43 2.150000
 44 2.140000
 45 2.180000
 46 2.150000
 47 2.160000
 48 2.180000
 49 2.190000
 50 2.180000
 51 2.200000
 52 2.190000
 53 2.190000
 54 2.190000
 55 2.190000
 56 2.240000
 57 2.270000
 58 2.150000
 59 2.140000
 60 2.150000
 61 2.140000
 62 2.200000
 63 2.190000
 64 2.230000
 65 2.200000
 66 2.240000
 67 2.200000
 68 2.190000
 69 2.210000
 70 2.210000
 71 2.210000
 72 2.220000
 73 2.220000
 74 2.210000
 75 2.200000
 76 2.210000
 77 2.210000
 78 2.190000
 79 2.220000
 80 2.210000
 81 2.250000
 82 2.250000
 83 2.250000
 84 2.280000
 85 2.270000
 86 2.290000
 87 2.290000
 88 2.290000
 89 2.280000
 90 2.280000
 91 2.280000
 92 2.310000
 93 2.290000
 94 2.290000
 95 2.320000
 96 2.310000
 97 2.300000
 98 2.330000
 99 2.320000
 100 2.400000
 101 2.360000
 102 2.320000
 103 2.290000
 104 2.290000
 105 2.290000
 106 2.300000
 107 2.340000
 108 2.370000
 109 2.370000
 110 2.390000
 111 2.390000
 112 2.390000
 113 2.390000
 114 2.390000
 115 2.410000
 116 2.390000
 117 2.360000
 118 2.360000
 119 2.370000
 120 2.370000
 121 2.360000
 122 2.410000
 123 2.420000
 124 2.390000
 125 2.440000
 126 3.510000
 127 3.600000
 128 3.420000
 129 3.550000
 130 3.550000
 131 3.520000
 132 3.540000
 133 3.520000
 134 3.510000
 135 3.550000
 136 3.580000
 137 3.600000
 138 3.560000
 139 3.480000
 140 3.500000
 141 3.520000
 142 3.520000
 143 3.500000
 144 3.500000
 145 3.530000
 146 3.610000
 147 3.600000
 148 3.580000
 149 3.650000
 150 3.600000
 151 3.620000
 152 3.640000
 153 3.680000
 154 3.700000
 155 3.730000
 156 3.720000
 157 3.760000
 158 3.770000
 159 3.810000
 160 3.810000
 161 3.820000
 162 3.800000
 163 3.820000
 164 3.830000
 165 3.830000
 166 3.860000
 167 3.870000
 168 3.880000
 169 3.880000
 170 3.900000
 171 3.930000
 172 3.910000
 173 3.940000
 174 3.940000
 175 4.000000
 176 4.020000
 177 4.000000
 178 4.050000
 179 4.030000
 180 4.080000
 181 4.000000
 182 4.030000
 183 4.050000
 184 4.080000
 185 4.100000
 186 4.100000
 187 4.100000
 188 4.130000
 189 4.180000
 190 4.150000
 191 4.150000
 192 1.230000
 193 1.210000
 194 1.180000
 195 1.210000
 196 4.270000
 197 4.300000
 198 4.280000
 199 4.300000
 200 4.300000
 201 4.350000
 202 4.350000
 203 4.510000
 204 4.400000
 205 4.480000
 206 4.170000
 207 4.260000
 208 4.480000
 209 4.430000
 210 4.280000
 211 4.330000
 212 4.550000
 213 4.690000
 214 4.710000
 215 4.720000
 216 4.770000
 217 4.780000
 218 4.680000
 219 4.700000
 220 4.750000
 221 4.750000
 222 4.800000
 223 4.890000
 224 4.890000
 225 4.950000
 226 4.960000
 227 4.940000
 228 5.010000
 229 4.980000
 230 4.960000
 231 4.960000
 232 4.960000
 233 4.930000
 234 4.910000
 235 4.870000
 236 4.870000
 237 4.830000
 238 4.810000
 239 4.810000
 240 4.770000
 241 4.780000
 242 4.760000
 243 4.760000
 244 4.760000
 245 4.650000
 246 4.650000
 247 4.620000
 248 4.590000
 249 4.620000
 250 4.640000
 251 4.570000
 252 4.590000
 253 4.620000
 254 4.620000
 255 4.620000
 256 4.540000
 257 4.570000
 258 4.570000
 259 4.620000
 260 4.490000
 261 4.510000
 262 4.650000
 263 4.930000
 264 5.150000
 265 4.820000
 266 5.110000
 267 5.210000
 268 5.210000
 269 5.200000
 270 5.200000
 271 5.190000
 272 5.170000
 273 4.570000
 274 4.520000
 275 4.390000
 276 4.340000
 277 4.360000
 278 4.430000
 279 4.390000
 280 4.380000
 281 3.310000
 282 1.930000
 283 1.850000
 284 1.860000
 285 1.860000
 286 1.860000
 287 1.840000
 288 1.830000
 289 1.810000
 290 1.810000
 291 1.780000
 292 1.750000
 293 1.750000
 294 1.750000
 295 1.720000
 296 1.720000
 297 1.730000
 298 1.700000
 299 1.700000
 300 1.700000
 301 1.700000
 302 1.680000
 303 1.680000
 304 1.680000
 305 1.650000
 306 1.630000
 307 1.630000
 308 1.650000
 309 1.630000
 310 1.600000
 311 1.620000
 312 1.600000
 313 1.610000
 314 1.600000
 315 1.630000
 316 1.610000
 317 1.620000
 318 1.620000
 319 1.650000
 320 1.650000
 321 1.630000
 322 1.680000
 323 1.650000
 324 1.650000
 325 1.680000
 326 1.650000
 327 1.680000
 328 1.700000
 329 1.680000
 330 1.700000
 331 1.730000
 332 1.720000
 333 1.750000
 334 1.760000
 335 1.780000
 336 1.820000
 337 1.810000
 338 1.820000
 339 1.820000
 340 1.840000
 341 2.200000
 342 2.290000
 343 3.000000
 344 2.930000
 345 2.890000
 346 2.890000
 347 2.850000
 348 2.850000
 349 2.850000
 350 2.850000
 351 2.850000
 352 2.800000
 353 2.780000
 354 2.760000
 355 2.730000
 356 2.730000
 357 2.720000
 358 2.580000
 359 2.290000
 360 2.310000
 361 2.570000
 362 2.570000
 363 2.550000
 364 2.410000
 365 2.390000
 366 2.390000
 367 2.370000
 368 2.370000
 369 2.350000
 370 2.380000
 371 2.370000
 372 2.400000
 373 2.380000
 374 2.400000
 375 3.200000
 376 3.170000
 377 3.160000
 378 3.130000
 379 3.120000
 380 3.110000
 381 3.110000
 382 3.080000
 383 3.080000
 384 3.060000
 385 3.060000
 386 3.030000
 387 3.020000
 388 3.020000
 389 3.020000
 390 2.990000
 391 2.970000
 392 2.970000
 393 2.970000
 394 2.920000
 395 2.920000
 396 2.720000
 397 2.710000
 398 2.690000
 399 2.800000
 400 2.830000
 401 2.810000
 402 2.780000
 403 2.760000
 404 2.780000
 405 2.730000
 406 2.750000
 407 2.720000
 408 2.710000
 409 2.720000
 410 2.720000
 411 2.730000
 412 2.730000
 413 2.710000
 414 2.720000
 415 2.760000
 416 1.070000
 417 1.110000
 418 1.100000
 419 1.080000
 420 1.120000
 421 1.090000
 422 2.620000
 423 2.590000
 424 2.620000
 425 2.590000
 426 2.590000
 427 2.570000
 428 2.570000
 429 2.570000
 430 2.550000
 431 2.570000
 432 2.560000
 433 2.540000
 434 1.230000
 435 1.220000
 436 1.220000
 437 1.200000
 438 1.200000
 439 1.230000
 440 1.230000
 441 1.230000
 442 1.220000
 443 1.190000
 444 1.200000
 445 1.200000
 446 1.190000
 447 1.180000
 448 1.200000
 449 1.180000
 450 1.170000
 451 1.180000
 452 1.170000
 453 1.170000
 454 1.170000
 455 1.170000
 456 1.170000
 457 1.180000
 458 1.150000
 459 1.180000
 460 1.180000
 461 1.170000
 462 1.160000
 463 1.160000
 464 1.180000
 465 1.150000
 466 1.200000
 467 1.200000
 468 1.170000
 469 1.180000
 470 1.190000
 471 1.190000
 472 1.180000
 473 1.190000
 474 1.170000
 475 1.170000
 476 1.170000
 477 1.210000
 478 1.250000
 479 2.320000
 480 2.330000
 481 2.330000
 482 2.330000
 483 2.330000
 484 2.320000
 485 2.310000
 486 2.320000
 487 2.280000
 488 2.310000
 489 2.330000
 490 2.310000
 491 2.310000
 492 2.250000
 493 1.090000
 494 1.080000
 495 1.090000
 496 1.090000
 497 1.110000
 498 1.070000
 499 2.410000
 500 2.380000
 501 2.370000
 502 2.370000
 503 2.370000
 504 2.340000
 505 2.340000
 506 2.370000
 507 2.330000
 508 2.330000
 509 2.330000
 510 2.340000
 511 2.360000
 512 2.370000
 513 2.370000
 514 2.370000
 515 2.370000
 516 2.370000
 517 2.370000
 518 2.390000
 519 2.400000
 520 2.420000
 521 2.390000
 522 2.420000
 523 2.420000
 524 2.400000
 525 2.400000
 526 2.430000
 527 2.410000
 528 2.430000
 529 2.460000
 530 2.440000
 531 2.440000
 532 2.440000
 533 2.450000
 534 2.450000
 535 2.450000
 536 2.450000
 537 2.470000
 538 2.460000
 539 2.110000
 540 2.130000
 541 2.160000
 542 2.470000
 543 1.920000
 544 1.850000
 545 1.890000
 546 1.860000
 547 1.870000
 548 1.930000
 549 1.850000
 550 1.870000
 551 1.950000
 552 2.050000
 553 2.300000
 554 2.500000
 555 2.500000
 556 2.480000
 557 2.470000
 558 2.480000
 559 2.450000
 560 2.450000
 561 2.450000
 562 2.450000
 563 2.410000
 564 2.400000
 565 2.400000
 566 2.400000
 567 2.380000
 568 2.350000
 569 2.380000
 570 2.350000
 571 2.360000
 572 2.360000
 573 2.340000
 574 2.310000
 575 2.340000
 576 2.340000
 577 2.310000
 578 2.310000
 579 2.310000
 580 2.290000
 581 2.290000
 582 2.280000
 583 2.300000
 584 2.300000
 585 2.270000
 586 2.280000
 587 2.290000
 588 2.350000
 589 2.380000
 590 2.380000
 591 2.400000
 592 2.380000
 593 2.370000
 594 2.390000
 595 2.390000
 596 2.430000
 597 2.460000
 598 2.490000
 599 1.510000
 600 1.500000
 601 1.490000
 602 1.520000
 603 1.500000
 604 1.510000
 605 1.510000
 606 1.510000
 607 1.540000
 608 1.560000
 609 1.560000
 610 1.560000
 611 1.590000
 612 1.590000
 613 1.610000
 614 1.630000
 615 1.640000
 616 1.660000
 617 1.660000
 618 1.680000
 619 1.710000
 620 1.710000
 621 1.730000
 622 1.730000
 623 1.760000
 624 1.770000
 625 1.800000
 626 1.800000
 627 1.820000
 628 1.840000
 629 1.870000
 630 1.890000
 631 1.910000
 632 1.960000
 633 2.010000
 634 1.950000
 635 2.040000
 636 2.010000
 637 2.050000
 638 2.590000
 639 2.640000
 640 2.640000
 641 2.670000
 642 2.650000
 643 2.650000
 644 2.640000
 645 2.670000
 646 2.650000
 647 2.670000
 648 2.700000
 649 2.690000
 650 2.690000
 651 2.670000
 652 2.700000
 653 2.700000
 654 2.700000
 655 2.700000
 656 2.700000
 657 2.720000
 658 2.700000
 659 2.720000
 660 2.750000
 661 2.720000
 662 2.750000
 663 2.750000
 664 2.750000
 665 2.750000
 666 2.770000
 667 2.770000
 668 2.770000
 669 2.770000
 670 2.770000
 671 2.770000
 672 2.770000
 673 2.770000
 674 2.790000
 675 2.790000
 676 2.820000
 677 2.820000
 678 2.820000
 679 2.790000
 680 2.820000
 681 2.820000
 682 2.840000
 683 2.840000
 684 2.820000
 685 2.840000
 686 2.870000
 687 2.870000
 688 2.860000
 689 2.880000
 690 2.890000
 691 2.880000
 692 2.910000
 693 2.910000
 694 2.910000
 695 2.930000
 696 2.930000
 697 2.960000
 698 2.980000
 699 2.980000
 700 2.980000
 701 3.000000
 702 3.010000
 703 3.020000
 704 3.040000
 705 3.060000
 706 3.080000
 707 3.080000
 708 3.080000
 709 3.080000
 710 3.090000
 711 3.130000
 712 3.120000
 713 3.120000
 714 3.120000
 715 3.140000
 716 3.150000
 717 3.190000
 718 3.010000
 719 2.970000
 720 3.170000
 721 3.240000
 722 3.270000
 723 3.270000
 724 3.270000
 725 3.270000
 726 3.270000
 727 3.300000
 728 3.290000
 729 3.300000
 730 3.310000
 731 3.340000
 732 3.340000
 733 3.340000
 734 3.340000
 735 3.370000
 736 3.370000
 737 3.390000
 738 3.380000
 739 3.420000
 740 3.440000
 741 3.470000
 742 1.510000
 743 1.540000
 744 1.510000
 745 1.510000
 746 1.520000
 747 1.540000
 748 1.540000
 749 1.510000
 750 1.520000
 751 1.520000
 752 1.540000
 753 1.520000
 754 2.650000
 755 2.530000
 756 2.470000
 757 2.350000
 758 2.290000
 759 2.230000
 760 2.150000