
 0 2.130000
 1 2.110000
 2 2.100000
 3 2.100000
 4 2.100000
 5 2.120000
 6 2.140000
 7 2.110000
 8 2.110000
 9 2.130000
 10 2.110000
 11 2.130000
 12 2.100000
 13 2.110000
 14 2.110000
 15 2.110000
 16 2.110000
 17 2.110000
 18 2.120000
 19 2.160000
 20 2.150000
 21 2.190000
 22 2.180000
 23 2.190000
 24 2.160000
 25 2.180000
 26 2.140000
 27 2.150000
 28 2.150000
 29 2.150000
 30 2.140000
 31 2.160000
 32 2.170000
 33 2.180000
 34 2.200000
 35 2.190000
 36 2.180000
 37 2.190000
 38 2.180000
 39 2.280000
 40 2.240000
 41 2.160000
 42 2.150000
 43 2.150000
 44 2.160000
 45 2.190000
 46 2.230000
 47 2.230000
 48 2.220000
 49 2.200000
 50 2.190000
 51 2.200000
 52 2.200000
 53 2.210000
 54 2.250000
 55 2.220000
 56 2.250000
 57 2.210000
 58 2.240000
 59 2.210000
 60 2.200000
 61 2.220000
 62 2.200000
 63 2.210000
 64 2.250000
 65 2.250000
 66 2.280000
 67 2.260000
 68 2.300000
 69 2.270000
 70 2.290000
 71 2.280000
 72 2.250000
 73 2.290000
 74 2.260000
 75 2.290000
 76 2.300000
 77 2.320000
 78 2.320000
 79 2.310000
 80 2.300000
 81 2.300000
 82 2.330000
 83 2.410000
 84 2.360000
 85 2.300000
 86 2.300000
 87 2.320000
 88 2.310000
 89 2.340000
 90 2.350000
 91 2.370000
 92 2.360000
 93 2.350000
 94 2.380000
 95 2.400000
 96 2.400000
 97 2.400000
 98 2.390000
 99 2.360000
 100 2.390000
 101 2.360000
 102 2.370000
 103 2.370000
 104 2.390000
 105 2.420000
 106 2.400000
 107 2.430000
 108 2.510000
 109 2.420000
 110 2.440000
 111 3.430000
 112 3.480000
 113 3.580000
 114 3.550000
 115 3.550000
 116 3.520000
 117 3.520000
 118 3.460000
 119 3.460000
 120 3.480000
 121 3.460000
 122 3.480000
 123 3.480000
 124 3.480000
 125 3.510000
 126 3.550000
 127 3.530000
 128 3.630000
 129 3.620000
 130 3.600000
 131 3.630000
 132 3.650000
 133 3.660000
 134 3.660000
 135 3.660000
 136 3.680000
 137 3.700000
 138 3.790000
 139 3.830000
 140 3.790000
 141 3.820000
 142 3.820000
 143 3.830000
 144 3.810000
 145 3.800000
 146 3.830000
 147 3.830000
 148 3.850000
 149 3.860000
 150 3.870000
 151 3.880000
 152 3.900000
 153 3.900000
 154 3.930000
 155 3.930000
 156 3.910000
 157 3.970000
 158 4.030000
 159 4.020000
 160 4.030000
 161 4.040000
 162 4.040000
 163 4.110000
 164 4.010000
 165 4.160000
 166 4.060000
 167 4.080000
 168 4.110000
 169 4.110000
 170 4.130000
 171 4.130000
 172 4.160000
 173 4.160000
 174 4.180000
 175 4.180000
 176 4.230000
 177 4.260000
 178 4.280000
 179 4.260000
 180 4.280000
 181 4.270000
 182 4.310000
 183 4.360000
 184 4.330000
 185 4.480000
 186 4.370000
 187 4.410000
 188 4.460000
 189 4.140000
 190 4.480000
 191 4.480000
 192 4.460000
 193 4.360000
 194 4.570000
 195 4.560000
 196 4.690000
 197 3.400000
 198 3.350000
 199 3.370000
 200 3.280000
 201 3.270000
 202 3.250000
 203 3.220000
 204 3.220000
 205 3.230000
 206 3.210000
 207 3.150000
 208 3.160000
 209 3.160000
 210 3.130000
 211 3.130000
 212 3.090000
 213 3.090000
 214 3.090000
 215 3.110000
 216 3.110000
 217 3.110000
 218 3.160000
 219 3.160000
 220 3.180000
 221 3.180000
 222 3.210000
 223 3.210000
 224 3.200000
 225 3.240000
 226 3.240000
 227 3.260000
 228 3.280000
 229 3.330000
 230 3.330000
 231 4.620000
 232 4.620000
 233 4.590000
 234 4.590000
 235 1.920000
 236 1.880000
 237 1.840000
 238 1.870000
 239 1.860000
 240 1.890000
 241 1.850000
 242 1.860000
 243 1.860000
 244 1.820000
 245 1.870000
 246 1.630000
 247 1.660000
 248 1.740000
 249 1.870000
 250 1.870000
 251 1.840000
 252 1.870000
 253 1.900000
 254 1.910000
 255 1.910000
 256 1.930000
 257 1.910000
 258 1.930000
 259 1.980000
 260 4.360000
 261 4.390000
 262 4.360000
 263 4.380000
 264 4.410000
 265 4.410000
 266 4.310000
 267 4.380000
 268 4.360000
 269 4.360000
 270 4.330000
 271 4.340000
 272 4.310000
 273 4.320000
 274 4.320000
 275 4.290000
 276 4.310000
 277 4.290000
 278 4.320000
 279 4.320000
 280 4.330000
 281 4.230000
 282 4.210000
 283 4.230000
 284 4.230000
 285 4.350000
 286 4.210000
 287 4.310000
 288 4.310000
 289 4.290000
 290 4.310000
 291 4.310000
 292 4.290000
 293 4.300000
 294 4.250000
 295 4.250000
 296 4.270000
 297 4.250000
 298 4.200000
 299 4.200000
 300 4.150000
 301 4.090000
 302 4.060000
 303 4.040000
 304 4.030000
 305 4.010000
 306 3.970000
 307 3.930000
 308 3.920000
 309 3.900000
 310 3.910000
 311 3.910000
 312 3.880000
 313 3.860000
 314 3.850000
 315 3.870000
 316 3.850000
 317 3.810000
 318 3.230000
 319 3.260000
 320 3.240000
 321 3.240000
 322 3.240000
 323 3.210000
 324 3.240000
 325 3.210000
 326 3.210000
 327 3.210000
 328 3.190000
 329 3.210000
 330 3.210000
 331 3.210000
 332 3.190000
 333 3.190000
 334 3.190000
 335 3.190000
 336 3.160000
 337 3.160000
 338 2.230000
 339 2.250000
 340 2.240000
 341 2.240000
 342 2.210000
 343 2.240000
 344 2.230000
 345 2.380000
 346 3.130000
 347 3.150000
 348 3.130000
 349 3.130000
 350 3.150000
 351 3.150000
 352 3.130000
 353 3.130000
 354 3.100000
 355 3.100000
 356 3.080000
 357 3.080000
 358 3.050000
 359 3.030000
 360 3.050000
 361 3.030000
 362 3.030000
 363 3.020000
 364 3.030000
 365 2.970000
 366 2.930000
 367 2.940000
 368 2.960000
 369 2.930000
 370 2.920000
 371 2.910000
 372 2.880000
 373 2.850000
 374 2.810000
 375 2.830000
 376 2.780000
 377 2.760000
 378 2.730000
 379 2.680000
 380 2.660000
 381 2.660000
 382 2.670000
 383 2.650000
 384 2.620000
 385 2.590000
 386 2.600000
 387 2.590000
 388 2.590000
 389 2.590000
 390 2.570000
 391 2.570000
 392 2.590000
 393 2.570000
 394 2.570000
 395 2.560000
 396 2.530000
 397 2.560000
 398 2.530000
 399 2.530000
 400 2.530000
 401 2.510000
 402 2.480000
 403 2.480000
 404 2.480000
 405 2.480000
 406 2.430000
 407 2.430000
 408 2.430000
 409 2.430000
 410 2.420000
 411 2.390000
 412 2.390000
 413 2.430000
 414 2.400000
 415 2.390000
 416 2.390000
 417 2.390000
 418 2.370000
 419 2.370000
 420 2.340000
 421 2.340000
 422 2.320000
 423 2.330000
 424 2.330000
 425 2.330000
 426 2.310000
 427 2.330000
 428 2.290000
 429 2.290000
 430 1.140000
 431 1.130000
 432 1.130000
 433 1.100000
 434 1.120000
 435 1.100000
 436 1.050000
 437 1.070000
 438 1.070000
 439 1.100000
 440 1.100000
 441 1.100000
 442 1.070000
 443 1.040000
 444 1.070000
 445 1.040000
 446 1.050000
 447 1.050000
 448 1.040000
 449 1.070000
 450 1.020000
 451 1.020000
 452 1.020000
 453 1.000000
 454 1.000000
 455 1.030000
 456 1.010000
 457 1.010000
 458 1.010000
 459 1.020000
 460 1.000000
 461 0.990000
 462 0.990000
 463 0.970000
 464 0.980000
 465 0.990000
 466 0.990000
 467 0.960000
 468 0.960000
 469 0.960000
 470 0.940000
 471 0.950000
 472 0.930000
 473 0.940000
 474 0.940000
 475 0.950000
 476 0.950000
 477 0.930000
 478 0.910000
 479 0.910000
 480 0.910000
 481 0.910000
 482 0.910000
 483 0.900000
 484 0.920000
 485 0.940000
 486 0.930000
 487 0.940000
 488 0.950000
 489 0.960000
 490 0.950000
 491 0.990000
 492 0.990000
 493 0.990000
 494 1.000000
 495 0.990000
 496 1.010000
 497 1.040000
 498 1.010000
 499 1.030000
 500 1.040000
 501 1.040000
 502 1.060000
 503 1.060000
 504 1.080000
 505 1.090000
 506 1.090000
 507 1.090000
 508 1.090000
 509 1.100000
 510 1.110000
 511 1.110000
 512 1.150000
 513 1.140000
 514 1.160000
 515 1.160000
 516 1.190000
 517 1.180000
 518 1.180000
 519 1.180000
 520 1.200000
 521 1.200000
 522 1.220000
 523 1.210000
 524 2.300000
 525 2.290000
 526 2.280000
 527 1.920000
 528 1.870000
 529 1.870000
 530 1.900000
 531 2.320000
 532 2.350000
 533 2.370000
 534 2.370000
 535 2.360000
 536 2.380000
 537 2.380000
 538 2.380000
 539 2.410000
 540 2.360000
 541 2.420000
 542 2.420000
 543 2.420000
 544 2.400000
 545 2.400000
 546 2.400000
 547 2.400000
 548 2.380000
 549 2.380000
 550 2.380000
 551 2.380000
 552 2.350000
 553 2.350000
 554 2.350000
 555 2.350000
 556 2.330000
 557 2.330000
 558 2.310000
 559 2.310000
 560 2.310000
 561 2.310000
 562 2.290000
 563 2.280000
 564 2.300000
 565 2.300000
 566 2.300000
 567 2.280000
 568 2.260000
 569 2.270000
 570 2.330000
 571 2.380000
 572 2.400000
 573 2.400000
 574 2.420000
 575 2.370000
 576 2.390000
 577 2.420000
 578 2.430000
 579 2.460000
 580 2.440000
 581 1.500000
 582 1.560000
 583 1.530000
 584 1.510000
 585 1.500000
 586 1.510000
 587 1.520000
 588 1.510000
 589 1.540000
 590 1.540000
 591 1.560000
 592 1.560000
 593 1.610000
 594 1.590000
 595 1.610000
 596 1.640000
 597 1.630000
 598 1.660000
 599 1.660000
 600 1.710000
 601 1.710000
 602 1.720000
 603 1.720000
 604 1.740000
 605 1.790000
 606 1.790000
 607 1.820000
 608 1.840000
 609 1.890000
 610 1.860000
 611 1.910000
 612 2.180000
 613 2.330000
 614 2.440000
 615 2.440000
 616 2.440000
 617 2.070000
 618 2.010000
 619 2.030000
 620 2.120000
 621 2.490000
 622 2.470000
 623 2.470000
 624 2.490000
 625 2.500000
 626 2.500000
 627 2.500000
 628 2.490000
 629 2.520000
 630 2.520000
 631 2.520000
 632 2.520000
 633 2.520000
 634 2.550000
 635 2.560000
 636 2.550000
 637 2.560000
 638 2.550000
 639 2.570000
 640 2.570000
 641 2.570000
 642 2.570000
 643 2.570000
 644 2.570000
 645 2.570000
 646 2.570000
 647 2.600000
 648 2.590000
 649 2.600000
 650 2.590000
 651 2.620000
 652 2.600000
 653 2.590000
 654 2.620000
 655 2.620000
 656 2.620000
 657 2.620000
 658 2.650000
 659 2.620000
 660 2.620000
 661 2.650000
 662 2.640000
 663 2.650000
 664 2.670000
 665 2.670000
 666 2.680000
 667 2.670000
 668 2.670000
 669 2.670000
 670 2.700000
 671 2.720000
 672 2.720000
 673 2.720000
 674 2.750000
 675 2.740000
 676 2.720000
 677 2.740000
 678 2.770000
 679 2.740000
 680 2.760000
 681 2.770000
 682 2.780000
 683 2.780000
 684 2.810000
 685 2.810000
 686 2.810000
 687 2.840000
 688 2.860000
 689 2.830000
 690 2.840000
 691 2.870000
 692 2.870000
 693 2.870000
 694 2.880000
 695 2.880000
 696 2.910000
 697 2.910000
 698 2.910000
 699 2.960000
 700 2.960000
 701 2.930000
 702 2.950000
 703 3.010000
 704 3.010000
 705 3.030000
 706 3.030000
 707 3.030000
 708 3.030000
 709 3.060000
 710 3.060000
 711 3.080000
 712 3.100000
 713 3.110000
 714 3.090000
 715 3.090000
 716 3.130000
 717 3.140000
 718 3.140000
 719 3.170000
 720 3.170000
 721 3.220000
 722 3.240000
 723 1.510000
 724 1.500000
 725 1.510000
 726 1.510000
 727 1.490000
 728 1.510000
 729 1.510000
 730 1.510000
 731 1.490000
 732 1.500000
 733 1.500000
 734 1.510000
 735 1.490000
 736 1.520000
 737 2.580000
 738 2.480000
 739 2.380000
 740 2.320000
 741 2.260000
 742 2.140000
 743 2.130000
 744 1.510000
 745 1.480000
 746 1.460000
 747 1.540000
 748 1.480000
 749 1.500000
 750 1.490000
 751 3.810000
 752 3.790000
 753 3.790000
 754 3.790000
 755 3.820000
 756 3.790000
 757 3.820000
 758 3.850000
 759 3.920000
 760 3.940000
 0 2.120000
 1 2.120000
 2 2.100000
 3 2.100000
 4 2.100000
 5 2.120000
 6 2.090000
 7 2.110000
 8 2.110000
 9 2.110000
 10 2.110000
 11 2.110000
 12 2.120000
 13 2.130000
 14 2.110000
 15 2.110000
 16 2.110000
 17 2.130000
 18 2.150000
 19 2.160000
 20 2.160000
 21 2.190000
 22 2.180000
 23 2.190000
 24 2.160000
 25 2.180000
 26 2.140000
 27 2.170000
 28 2.150000
 29 2.150000
 30 2.140000
 31 2.160000
 32 2.200000
 33 2.200000
 34 2.200000
 35 2.190000
 36 2.180000
 37 2.190000
 38 2.180000
 39 2.270000
 40 2.240000
 41 2.160000
 42 2.150000
 43 2.150000
 44 2.160000
 45 2.210000
 46 2.230000
 47 2.230000
 48 2.220000
 49 2.200000
 50 2.190000
 51 2.220000
 52 2.230000
 53 2.210000
 54 2.250000
 55 2.250000
 56 2.220000
 57 2.210000
 58 2.240000
 59 2.210000
 60 2.220000
 61 2.220000
 62 2.200000
 63 2.240000
 64 2.250000
 65 2.280000
 66 2.280000
 67 2.260000
 68 2.280000
 69 2.300000
 70 2.260000
 71 2.280000
 72 2.280000
 73 2.290000
 74 2.260000
 75 2.290000
 76 2.320000
 77 2.330000
 78 2.320000
 79 2.310000
 80 2.300000
 81 2.300000
 82 2.330000
 83 2.410000
 84 2.360000
 85 2.300000
 86 2.320000
 87 2.300000
 88 2.310000
 89 2.340000
 90 2.370000
 91 2.380000
 92 2.360000
 93 2.380000
 94 2.390000
 95 2.400000
 96 2.400000
 97 2.400000
 98 2.390000
 99 2.390000
 100 2.360000
 101 2.360000
 102 2.370000
 103 2.400000
 104 2.390000
 105 2.420000
 106 2.400000
 107 2.440000
 108 2.510000
 109 2.470000
 110 2.440000
 111 3.410000
 112 3.460000
 113 3.580000
 114 3.550000
 115 3.550000
 116 3.550000
 117 3.550000
 118 3.460000
 119 3.460000
 120 3.460000
 121 3.480000
 122 3.510000
 123 3.510000
 124 3.480000
 125 3.530000
 126 3.560000
 127 3.530000
 128 3.630000
 129 3.640000
 130 3.600000
 131 3.610000
 132 3.680000
 133 3.580000
 134 3.660000
 135 3.680000
 136 3.690000
 137 3.730000
 138 3.750000
 139 3.810000
 140 3.810000
 141 3.830000
 142 3.820000
 143 3.820000
 144 3.820000
 145 3.800000
 146 3.800000
 147 3.840000
 148 3.850000
 149 3.860000
 150 3.860000
 151 3.900000
 152 3.880000
 153 3.900000
 154 3.900000
 155 3.910000
 156 3.910000
 157 3.970000
 158 4.030000
 159 4.030000
 160 4.060000
 161 4.040000
 162 4.040000
 163 4.110000
 164 4.010000
 165 4.160000
 166 4.060000
 167 4.080000
 168 4.110000
 169 4.110000
 170 4.130000
 171 4.130000
 172 4.160000
 173 4.160000
 174 4.180000
 175 4.210000
 176 4.230000
 177 4.230000
 178 4.250000
 179 4.260000
 180 4.280000
 181 4.330000
 182 4.310000
 183 4.330000
 184 4.430000
 185 4.440000
 186 4.370000
 187 4.410000
 188 4.430000
 189 4.140000
 190 4.460000
 191 4.480000
 192 4.480000
 193 4.360000
 194 4.580000
 195 4.580000
 196 4.690000
 197 3.400000
 198 3.350000
 199 3.350000
 200 3.280000
 201 3.250000
 202 3.250000
 203 3.220000
 204 3.220000
 205 3.210000
 206 3.210000
 207 3.150000
 208 3.160000
 209 3.130000
 210 3.130000
 211 3.110000
 212 3.110000
 213 3.090000
 214 3.090000
 215 3.120000
 216 3.110000
 217 3.130000
 218 3.130000
 219 3.160000
 220 3.180000
 221 3.180000
 222 3.160000
 223 3.180000
 224 3.200000
 225 3.240000
 226 3.250000
 227 3.260000
 228 3.280000
 229 3.330000
 230 3.330000
 231 4.620000
 232 4.620000
 233 4.620000
 234 4.590000
 235 1.920000
 236 1.880000
 237 1.870000
 238 1.900000
 239 1.840000
 240 1.860000
 241 1.850000
 242 1.870000
 243 1.860000
 244 1.850000
 245 1.820000
 246 1.630000
 247 1.660000
 248 1.780000
 249 1.860000
 250 1.870000
 251 1.900000
 252 1.900000
 253 1.890000
 254 1.860000
 255 1.910000
 256 1.920000
 257 1.940000
 258 1.930000
 259 1.980000
 260 4.390000
 261 4.390000
 262 4.390000
 263 4.380000
 264 4.380000
 265 4.390000
 266 4.310000
 267 4.380000
 268 4.360000
 269 4.380000
 270 4.330000
 271 4.340000
 272 4.310000
 273 4.320000
 274 4.320000
 275 4.290000
 276 4.280000
 277 4.290000
 278 4.320000
 279 4.320000
 280 4.330000
 281 4.230000
 282 4.210000
 283 4.210000
 284 4.230000
 285 4.350000
 286 4.230000
 287 4.310000
 288 4.310000
 289 4.290000
 290 4.310000
 291 4.310000
 292 4.290000
 293 4.320000
 294 4.270000
 295 4.270000
 296 4.250000
 297 4.250000
 298 4.220000
 299 4.200000
 300 4.170000
 301 4.090000
 302 4.060000
 303 4.030000
 304 4.010000
 305 4.010000
 306 3.970000
 307 3.930000
 308 3.920000
 309 3.900000
 310 3.910000
 311 3.910000
 312 3.910000
 313 3.860000
 314 3.850000
 315 3.870000
 316 3.850000
 317 3.810000
 318 3.250000
 319 3.240000
 320 3.260000
 321 3.240000
 322 3.240000
 323 3.240000
 324 3.200000
 325 3.210000
 326 3.190000
 327 3.210000
 328 3.190000
 329 3.210000
 330 3.190000
 331 3.190000
 332 3.210000
 333 3.190000
 334 3.190000
 335 3.190000
 336 3.190000
 337 3.160000
 338 2.230000
 339 2.250000
 340 2.240000
 341 2.240000
 342 2.240000
 343 2.240000
 344 2.230000
 345 2.380000
 346 3.130000
 347 3.160000
 348 3.150000
 349 3.130000
 350 3.150000
 351 3.130000
 352 3.130000
 353 3.100000
 354 3.100000
 355 3.080000
 356 3.050000
 357 3.050000
 358 3.050000
 359 3.050000
 360 3.050000
 361 3.030000
 362 3.030000
 363 3.020000
 364 3.000000
 365 2.990000
 366 2.930000
 367 2.960000
 368 2.930000
 369 2.930000
 370 2.920000
 371 2.910000
 372 2.880000
 373 2.880000
 374 2.830000
 375 2.810000
 376 2.760000
 377 2.730000
 378 2.710000
 379 2.680000
 380 2.690000
 381 2.660000
 382 2.650000
 383 2.620000
 384 2.620000
 385 2.620000
 386 2.590000
 387 2.590000
 388 2.590000
 389 2.570000
 390 2.590000
 391 2.570000
 392 2.590000
 393 2.570000
 394 2.560000
 395 2.560000
 396 2.560000
 397 2.530000
 398 2.530000
 399 2.530000
 400 2.530000
 401 2.510000
 402 2.480000
 403 2.480000
 404 2.480000
 405 2.450000
 406 2.460000
 407 2.430000
 408 2.430000
 409 2.430000
 410 2.420000
 411 2.420000
 412 2.410000
 413 2.390000
 414 2.380000
 415 2.400000
 416 2.380000
 417 2.370000
 418 2.370000
 419 2.340000
 420 2.340000
 421 2.330000
 422 2.350000
 423 2.330000
 424 2.350000
 425 2.330000
 426 2.300000
 427 2.330000
 428 2.300000
 429 2.290000
 430 1.110000
 431 1.160000
 432 1.130000
 433 1.100000
 434 1.100000
 435 1.070000
 436 1.080000
 437 1.070000
 438 1.100000
 439 1.070000
 440 1.070000
 441 1.100000
 442 1.100000
 443 1.040000
 444 1.040000
 445 1.070000
 446 1.070000
 447 1.070000
 448 1.020000
 449 1.020000
 450 0.990000
 451 1.040000
 452 0.990000
 453 1.020000
 454 1.020000
 455 1.030000
 456 1.010000
 457 0.980000
 458 0.990000
 459 0.990000
 460 1.020000
 461 1.010000
 462 0.990000
 463 0.990000
 464 0.980000
 465 0.990000
 466 0.960000
 467 0.990000
 468 0.960000
 469 0.960000
 470 0.960000
 471 0.930000
 472 0.930000
 473 0.960000
 474 0.940000
 475 0.930000
 476 0.920000
 477 0.900000
 478 0.910000
 479 0.910000
 480 0.910000
 481 0.910000
 482 0.910000
 483 0.930000
 484 0.950000
 485 0.960000
 486 0.950000
 487 0.940000
 488 0.980000
 489 0.990000
 490 0.950000
 491 0.980000
 492 0.990000
 493 0.990000
 494 1.000000
 495 1.010000
 496 1.010000
 497 1.040000
 498 1.040000
 499 1.000000
 500 1.040000
 501 1.040000
 502 1.060000
 503 1.060000
 504 1.050000
 505 1.060000
 506 1.090000
 507 1.090000
 508 1.090000
 509 1.110000
 510 1.110000
 511 1.140000
 512 1.150000
 513 1.140000
 514 1.140000
 515 1.160000
 516 1.160000
 517 1.180000
 518 1.180000
 519 1.180000
 520 1.200000
 521 1.210000
 522 1.220000
 523 1.210000
 524 2.290000
 525 2.320000
 526 2.270000
 527 1.930000
 528 1.850000
 529 1.870000
 530 1.920000
 531 2.320000
 532 2.350000
 533 2.380000
 534 2.380000
 535 2.360000
 536 2.380000
 537 2.380000
 538 2.390000
 539 2.410000
 540 2.360000
 541 2.400000
 542 2.420000
 543 2.420000
 544 2.430000
 545 2.430000
 546 2.430000
 547 2.400000
 548 2.380000
 549 2.380000
 550 2.380000
 551 2.380000
 552 2.350000
 553 2.380000
 554 2.350000
 555 2.330000
 556 2.330000
 557 2.330000
 558 2.310000
 559 2.310000
 560 2.310000
 561 2.310000
 562 2.290000
 563 2.280000
 564 2.280000
 565 2.280000
 566 2.300000
 567 2.280000
 568 2.280000
 569 2.260000
 570 2.330000
 571 2.380000
 572 2.380000
 573 2.400000
 574 2.410000
 575 2.410000
 576 2.390000
 577 2.400000
 578 2.410000
 579 2.430000
 580 2.430000
 581 1.500000
 582 1.550000
 583 1.520000
 584 1.520000
 585 1.490000
 586 1.510000
 587 1.520000
 588 1.520000
 589 1.550000
 590 1.540000
 591 1.560000
 592 1.590000
 593 1.560000
 594 1.610000
 595 1.610000
 596 1.640000
 597 1.640000
 598 1.630000
 599 1.660000
 600 1.680000
 601 1.700000
 602 1.720000
 603 1.720000
 604 1.740000
 605 1.770000
 606 1.790000
 607 1.820000
 608 1.870000
 609 1.910000
 610 1.830000
 611 1.870000
 612 2.010000
 613 2.380000
 614 2.440000
 615 2.440000
 616 2.440000
 617 2.040000
 618 2.040000
 619 2.010000
 620 2.110000
 621 2.470000
 622 2.490000
 623 2.490000
 624 2.490000
 625 2.500000
 626 2.520000
 627 2.520000
 628 2.500000
 629 2.500000
 630 2.520000
 631 2.520000
 632 2.520000
 633 2.520000
 634 2.550000
 635 2.560000
 636 2.550000
 637 2.580000
 638 2.550000
 639 2.540000
 640 2.570000
 641 2.570000
 642 2.570000
 643 2.570000
 644 2.570000
 645 2.600000
 646 2.570000
 647 2.600000
 648 2.570000
 649 2.590000
 650 2.620000
 651 2.600000
 652 2.600000
 653 2.600000
 654 2.620000
 655 2.620000
 656 2.620000
 657 2.620000
 658 2.620000
 659 2.620000
 660 2.640000
 661 2.650000
 662 2.640000
 663 2.650000
 664 2.650000
 665 2.670000
 666 2.680000
 667 2.680000
 668 2.670000
 669 2.670000
 670 2.700000
 671 2.700000
 672 2.700000
 673 2.720000
 674 2.720000
 675 2.720000
 676 2.740000
 677 2.740000
 678 2.740000
 679 2.760000
 680 2.760000
 681 2.770000
 682 2.780000
 683 2.780000
 684 2.810000
 685 2.810000
 686 2.810000
 687 2.810000
 688 2.840000
 689 2.870000
 690 2.870000
 691 2.890000
 692 2.870000
 693 2.870000
 694 2.880000
 695 2.890000
 696 2.880000
 697 2.910000
 698 2.920000
 699 2.960000
 700 2.960000
 701 2.930000
 702 2.950000
 703 3.010000
 704 3.010000
 705 3.030000
 706 3.030000
 707 3.030000
 708 3.030000
 709 3.060000
 710 3.060000
 711 3.080000
 712 3.080000
 713 3.070000
 714 3.100000
 715 3.110000
 716 3.130000
 717 3.140000
 718 3.170000
 719 3.170000
 720 3.190000
 721 3.220000
 722 3.220000
 723 1.510000
 724 1.500000
 725 1.490000
 726 1.490000
 727 1.490000
 728 1.510000
 729 1.490000
 730 1.510000
 731 1.490000
 732 1.500000
 733 1.530000
 734 1.510000
 735 1.520000
 736 1.540000
 737 2.580000
 738 2.510000
 739 2.410000
 740 2.320000
 741 2.230000
 742 2.170000
 743 2.110000
 744 1.510000
 745 1.470000
 746 1.460000
 747 1.550000
 748 1.510000
 749 1.500000
 750 1.470000
 751 3.810000
 752 3.790000
 753 3.790000
 754 3.790000
 755 3.790000
 756 3.810000
 757 3.820000
 758 3.870000
 759 3.890000
 760 3.940000
 0 2.150000
 1 2.100000
 2 2.120000
 3 2.100000
 4 2.100000
 5 2.100000
 6 2.110000
 7 2.110000
 8 2.110000
 9 2.110000
 10 2.110000
 11 2.130000
 12 2.120000
 13 2.110000
 14 2.140000
 15 2.110000
 16 2.110000
 17 2.110000
 18 2.150000
 19 2.160000
 20 2.190000
 21 2.160000
 22 2.180000
 23 2.180000
 24 2.160000
 25 2.150000
 26 2.140000
 27 2.150000
 28 2.150000
 29 2.150000
 30 2.160000
 31 2.160000
 32 2.180000
 33 2.200000
 34 2.190000
 35 2.160000
 36 2.190000
 37 2.190000
 38 2.180000
 39 2.290000
 40 2.240000
 41 2.160000
 42 2.140000
 43 2.180000
 44 2.190000
 45 2.210000
 46 2.230000
 47 2.230000
 48 2.220000
 49 2.230000
 50 2.190000
 51 2.190000
 52 2.230000
 53 2.210000
 54 2.240000
 55 2.240000
 56 2.240000
 57 2.240000
 58 2.210000
 59 2.210000
 60 2.220000
 61 2.220000
 62 2.220000
 63 2.240000
 64 2.250000
 65 2.250000
 66 2.280000
 67 2.260000
 68 2.290000
 69 2.290000
 70 2.290000
 71 2.280000
 72 2.280000
 73 2.290000
 74 2.260000
 75 2.290000
 76 2.290000
 77 2.320000
 78 2.320000
 79 2.290000
 80 2.330000
 81 2.330000
 82 2.330000
 83 2.410000
 84 2.360000
 85 2.300000
 86 2.290000
 87 2.290000
 88 2.310000
 89 2.360000
 90 2.370000
 91 2.380000
 92 2.390000
 93 2.350000
 94 2.360000
 95 2.390000
 96 2.390000
 97 2.400000
 98 2.390000
 99 2.360000
 100 2.360000
 101 2.360000
 102 2.370000
 103 2.370000
 104 2.390000
 105 2.420000
 106 2.400000
 107 2.410000
 108 2.510000
 109 2.440000
 110 2.460000
 111 3.430000
 112 3.430000
 113 3.550000
 114 3.520000
 115 3.520000
 116 3.550000
 117 3.550000
 118 3.450000
 119 3.450000
 120 3.480000
 121 3.480000
 122 3.500000
 123 3.500000
 124 3.480000
 125 3.500000
 126 3.550000
 127 3.530000
 128 3.600000
 129 3.620000
 130 3.600000
 131 3.610000
 132 3.680000
 133 3.630000
 134 3.650000
 135 3.670000
 136 3.710000
 137 3.730000
 138 3.730000
 139 3.810000
 140 3.800000
 141 3.820000
 142 3.820000
 143 3.820000
 144 3.810000
 145 3.800000
 146 3.790000
 147 3.830000
 148 3.840000
 149 3.880000
 150 3.890000
 151 3.880000
 152 3.900000
 153 3.890000
 154 3.920000
 155 3.930000
 156 3.930000
 157 3.970000
 158 4.010000
 159 4.030000
 160 4.060000
 161 4.040000
 162 4.040000
 163 4.140000
 164 4.030000
 165 4.030000
 166 4.050000
 167 4.080000
 168 4.080000
 169 4.100000
 170 4.130000
 171 4.100000
 172 4.150000
 173 4.130000
 174 4.180000
 175 4.180000
 176 4.230000
 177 4.230000
 178 4.280000
 179 4.250000
 180 4.300000
 181 4.270000
 182 4.300000
 183 4.330000
 184 4.460000
 185 4.460000
 186 4.430000
 187 4.430000
 188 4.450000
 189 4.140000
 190 4.480000
 191 4.480000
 192 4.450000
 193 4.380000
 194 4.570000
 195 4.550000
 196 4.690000
 197 3.370000
 198 3.330000
 199 3.350000
 200 3.300000
 201 3.270000
 202 3.250000
 203 3.250000
 204 3.200000
 205 3.170000
 206 3.200000
 207 3.150000
 208 3.150000
 209 3.150000
 210 3.130000
 211 3.130000
 212 3.110000
 213 3.090000
 214 3.090000
 215 3.090000
 216 3.100000
 217 3.130000
 218 3.130000
 219 3.150000
 220 3.200000
 221 3.180000
 222 3.180000
 223 3.200000
 224 3.210000
 225 3.230000
 226 3.250000
 227 3.250000
 228 3.280000
 229 3.300000
 230 3.330000
 231 4.620000
 232 4.620000
 233 4.590000
 234 4.610000
 235 1.890000
 236 1.940000
 237 1.840000
 238 1.870000
 239 1.890000
 240 1.860000
 241 1.850000
 242 1.830000
 243 1.850000
 244 1.820000
 245 1.850000
 246 1.630000
 247 1.660000
 248 1.750000
 249 1.840000
 250 1.900000
 251 1.900000
 252 1.900000
 253 1.870000
 254 1.900000
 255 1.910000
 256 1.910000
 257 1.940000
 258 1.990000
 259 2.010000
 260 4.360000
 261 4.390000
 262 4.390000
 263 4.380000
 264 4.410000
 265 4.410000
 266 4.300000
 267 4.360000
 268 4.360000
 269 4.360000
 270 4.330000
 271 4.340000
 272 4.290000
 273 4.320000
 274 4.320000
 275 4.290000
 276 4.280000
 277 4.320000
 278 4.320000
 279 4.320000
 280 4.330000
 281 4.230000
 282 4.230000
 283 4.230000
 284 4.230000
 285 4.200000
 286 4.230000
 287 4.310000
 288 4.310000
 289 4.290000
 290 4.290000
 291 4.310000
 292 4.310000
 293 4.300000
 294 4.270000
 295 4.250000
 296 4.270000
 297 4.250000
 298 4.220000
 299 4.170000
 300 4.150000
 301 4.090000
 302 4.040000
 303 4.040000
 304 4.030000
 305 4.010000
 306 3.970000
 307 3.960000
 308 3.920000
 309 3.900000
 310 3.910000
 311 3.910000
 312 3.880000
 313 3.880000
 314 3.850000
 315 3.850000
 316 3.850000
 317 3.810000
 318 3.250000
 319 3.240000
 320 3.260000
 321 3.240000
 322 3.230000
 323 3.240000
 324 3.240000
 325 3.210000
 326 3.210000
 327 3.210000
 328 3.210000
 329 3.210000
 330 3.210000
 331 3.210000
 332 3.190000
 333 3.190000
 334 3.190000
 335 3.190000
 336 3.190000
 337 3.190000
 338 2.230000
 339 2.280000
 340 2.240000
 341 2.240000
 342 2.210000
 343 2.240000
 344 2.230000
 345 2.400000
 346 3.150000
 347 3.130000
 348 3.130000
 349 3.130000
 350 3.130000
 351 3.130000
 352 3.130000
 353 3.130000
 354 3.100000
 355 3.080000
 356 3.080000
 357 3.050000
 358 3.050000
 359 3.050000
 360 3.030000
 361 3.030000
 362 3.050000
 363 3.020000
 364 3.000000
 365 2.970000
 366 2.940000
 367 2.960000
 368 2.960000
 369 2.930000
 370 2.960000
 371 2.910000
 372 2.910000
 373 2.880000
 374 2.810000
 375 2.830000
 376 2.780000
 377 2.760000
 378 2.710000
 379 2.680000
 380 2.660000
 381 2.660000
 382 2.650000
 383 2.620000
 384 2.620000
 385 2.620000
 386 2.620000
 387 2.600000
 388 2.590000
 389 2.590000
 390 2.570000
 391 2.590000
 392 2.570000
 393 2.570000
 394 2.570000
 395 2.560000
 396 2.560000
 397 2.560000
 398 2.530000
 399 2.530000
 400 2.530000
 401 2.530000
 402 2.510000
 403 2.510000
 404 2.480000
 405 2.450000
 406 2.450000
 407 2.450000
 408 2.440000
 409 2.430000
 410 2.420000
 411 2.390000
 412 2.400000
 413 2.390000
 414 2.410000
 415 2.390000
 416 2.390000
 417 2.370000
 418 2.390000
 419 2.370000
 420 2.340000
 421 2.320000
 422 2.320000
 423 2.320000
 424 2.320000
 425 2.330000
 426 2.320000
 427 2.320000
 428 2.320000
 429 2.310000
 430 1.110000
 431 1.130000
 432 1.130000
 433 1.100000
 434 1.100000
 435 1.100000
 436 1.070000
 437 1.070000
 438 1.070000
 439 1.100000
 440 1.070000
 441 1.070000
 442 1.070000
 443 1.040000
 444 1.040000
 445 1.040000
 446 1.050000
 447 1.070000
 448 1.020000
 449 1.020000
 450 1.040000
 451 1.040000
 452 1.020000
 453 1.020000
 454 1.000000
 455 1.030000
 456 1.000000
 457 1.000000
 458 0.990000
 459 0.990000
 460 0.990000
 461 1.000000
 462 0.990000
 463 0.960000
 464 0.980000
 465 0.990000
 466 0.960000
 467 0.960000
 468 0.960000
 469 0.960000
 470 0.960000
 471 0.950000
 472 0.960000
 473 0.940000
 474 0.940000
 475 0.930000
 476 0.950000
 477 0.930000
 478 0.900000
 479 0.910000
 480 0.910000
 481 0.910000
 482 0.910000
 483 0.930000
 484 0.950000
 485 0.940000
 486 0.950000
 487 0.960000
 488 0.950000
 489 0.960000
 490 0.980000
 491 0.980000
 492 0.990000
 493 0.990000
 494 1.000000
 495 1.010000
 496 1.040000
 497 1.040000
 498 1.040000
 499 1.030000
 500 1.040000
 501 1.040000
 502 1.060000
 503 1.060000
 504 1.050000
 505 1.060000
 506 1.090000
 507 1.110000
 508 1.110000
 509 1.110000
 510 1.110000
 511 1.140000
 512 1.130000
 513 1.160000
 514 1.160000
 515 1.190000
 516 1.160000
 517 1.180000
 518 1.180000
 519 1.180000
 520 1.200000
 521 1.210000
 522 1.200000
 523 1.230000
 524 2.320000
 525 2.320000
 526 2.280000
 527 1.920000
 528 1.850000
 529 1.870000
 530 1.920000
 531 2.320000
 532 2.350000
 533 2.370000
 534 2.380000
 535 2.360000
 536 2.380000
 537 2.380000
 538 2.380000
 539 2.410000
 540 2.390000
 541 2.420000
 542 2.420000
 543 2.420000
 544 2.430000
 545 2.430000
 546 2.400000
 547 2.400000
 548 2.400000
 549 2.380000
 550 2.380000
 551 2.380000
 552 2.350000
 553 2.360000
 554 2.330000
 555 2.330000
 556 2.330000
 557 2.340000
 558 2.310000
 559 2.310000
 560 2.300000
 561 2.290000
 562 2.310000
 563 2.280000
 564 2.280000
 565 2.300000
 566 2.300000
 567 2.260000
 568 2.280000
 569 2.260000
 570 2.330000
 571 2.380000
 572 2.380000
 573 2.400000
 574 2.400000
 575 2.410000
 576 2.390000
 577 2.420000
 578 2.430000
 579 2.440000
 580 2.460000
 581 1.550000
 582 1.540000
 583 1.520000
 584 1.520000
 585 1.490000
 586 1.510000
 587 1.510000
 588 1.550000
 589 1.540000
 590 1.540000
 591 1.560000
 592 1.590000
 593 1.590000
 594 1.610000
 595 1.610000
 596 1.610000
 597 1.640000
 598 1.660000
 599 1.660000
 600 1.680000
 601 1.710000
 602 1.720000
 603 1.750000
 604 1.750000
 605 1.790000
 606 1.790000
 607 1.820000
 608 1.840000
 609 1.880000
 610 1.930000
 611 1.880000
 612 1.980000
 613 2.310000
 614 2.470000
 615 2.440000
 616 2.440000
 617 2.070000
 618 2.040000
 619 2.030000
 620 2.120000
 621 2.490000
 622 2.490000
 623 2.490000
 624 2.490000
 625 2.500000
 626 2.520000
 627 2.520000
 628 2.520000
 629 2.520000
 630 2.520000
 631 2.520000
 632 2.550000
 633 2.550000
 634 2.550000
 635 2.560000
 636 2.550000
 637 2.550000
 638 2.570000
 639 2.570000
 640 2.570000
 641 2.570000
 642 2.600000
 643 2.600000
 644 2.600000
 645 2.600000
 646 2.570000
 647 2.620000
 648 2.570000
 649 2.590000
 650 2.620000
 651 2.620000
 652 2.620000
 653 2.620000
 654 2.620000
 655 2.620000
 656 2.640000
 657 2.620000
 658 2.650000
 659 2.650000
 660 2.670000
 661 2.650000
 662 2.670000
 663 2.650000
 664 2.670000
 665 2.670000
 666 2.680000
 667 2.680000
 668 2.700000
 669 2.700000
 670 2.720000
 671 2.720000
 672 2.740000
 673 2.720000
 674 2.740000
 675 2.720000
 676 2.740000
 677 2.740000
 678 2.770000
 679 2.760000
 680 2.760000
 681 2.780000
 682 2.780000
 683 2.820000
 684 2.810000
 685 2.810000
 686 2.830000
 687 2.830000
 688 2.860000
 689 2.870000
 690 2.870000
 691 2.870000
 692 2.890000
 693 2.880000
 694 2.910000
 695 2.910000
 696 2.910000
 697 2.920000
 698 2.940000
 699 2.960000
 700 2.960000
 701 2.960000
 702 2.970000
 703 3.030000
 704 3.030000
 705 3.030000
 706 3.060000
 707 3.030000
 708 3.060000
 709 3.060000
 710 3.060000
 711 3.060000
 712 3.070000
 713 3.110000
 714 3.120000
 715 3.130000
 716 3.120000
 717 3.170000
 718 3.170000
 719 3.170000
 720 3.190000
 721 3.220000
 722 3.230000
 723 1.530000
 724 1.500000
 725 1.510000
 726 1.510000
 727 1.510000
 728 1.510000
 729 1.510000
 730 1.490000
 731 1.490000
 732 1.500000
 733 1.500000
 734 1.530000
 735 1.490000
 736 1.520000
 737 2.550000
 738 2.500000
 739 2.380000
 740 2.320000
 741 2.230000
 742 2.200000
 743 2.130000
 744 1.500000
 745 1.460000
 746 1.460000
 747 1.540000
 748 1.480000
 749 1.480000
 750 1.490000
 751 3.840000
 752 3.820000
 753 3.820000
 754 3.780000
 755 3.820000
 756 3.840000
 757 3.870000
 758 3.910000
 759 3.920000
 760 3.960000
 0 2.130000
 1 2.120000
 2 2.100000
 3 2.100000
 4 2.100000
 5 2.100000
 6 2.090000
 7 2.110000
 8 2.110000
 9 2.110000
 10 2.130000
 11 2.110000
 12 2.100000
 13 2.100000
 14 2.110000
 15 2.110000
 16 2.130000
 17 2.110000
 18 2.150000
 19 2.140000
 20 2.160000
 21 2.160000
 22 2.180000
 23 2.160000
 24 2.160000
 25 2.150000
 26 2.140000
 27 2.140000
 28 2.150000
 29 2.180000
 30 2.160000
 31 2.160000
 32 2.170000
 33 2.200000
 34 2.190000
 35 2.190000
 36 2.190000
 37 2.210000
 38 2.180000
 39 2.280000
 40 2.210000
 41 2.160000
 42 2.150000
 43 2.150000
 44 2.160000
 45 2.190000
 46 2.200000
 47 2.200000
 48 2.220000
 49 2.200000
 50 2.190000
 51 2.190000
 52 2.220000
 53 2.210000
 54 2.240000
 55 2.220000
 56 2.220000
 57 2.210000
 58 2.210000
 59 2.210000
 60 2.220000
 61 2.190000
 62 2.190000
 63 2.210000
 64 2.250000
 65 2.250000
 66 2.250000
 67 2.290000
 68 2.280000
 69 2.270000
 70 2.290000
 71 2.280000
 72 2.280000
 73 2.260000
 74 2.290000
 75 2.310000
 76 2.290000
 77 2.320000
 78 2.320000
 79 2.310000
 80 2.300000
 81 2.300000
 82 2.330000
 83 2.440000
 84 2.360000
 85 2.300000
 86 2.290000
 87 2.290000
 88 2.310000
 89 2.340000
 90 2.340000
 91 2.380000
 92 2.360000
 93 2.380000
 94 2.390000
 95 2.370000
 96 2.390000
 97 2.400000
 98 2.390000
 99 2.390000
 100 2.390000
 101 2.360000
 102 2.370000
 103 2.370000
 104 2.390000
 105 2.410000
 106 2.400000
 107 2.410000
 108 2.510000
 109 2.440000
 110 2.430000
 111 3.430000
 112 3.450000
 113 3.600000
 114 3.550000
 115 3.520000
 116 3.520000
 117 3.550000
 118 3.450000
 119 3.450000
 120 3.480000
 121 3.480000
 122 3.480000
 123 3.500000
 124 3.500000
 125 3.500000
 126 3.550000
 127 3.530000
 128 3.590000
 129 3.620000
 130 3.590000
 131 3.600000
 132 3.670000
 133 3.620000
 134 3.690000
 135 3.680000
 136 3.680000
 137 3.730000
 138 3.730000
 139 3.810000
 140 3.810000
 141 3.820000
 142 3.840000
 143 3.820000
 144 3.810000
 145 3.830000
 146 3.800000
 147 3.830000
 148 3.840000
 149 3.860000
 150 3.870000
 151 3.900000
 152 3.900000
 153 3.930000
 154 3.930000
 155 3.910000
 156 3.930000
 157 3.960000
 158 4.030000
 159 4.020000
 160 4.060000
 161 4.040000
 162 4.070000
 163 4.140000
 164 4.030000
 165 4.190000
 166 4.050000
 167 4.080000
 168 4.100000
 169 4.130000
 170 4.130000
 171 4.130000
 172 4.130000
 173 4.150000
 174 4.180000
 175 4.200000
 176 4.230000
 177 4.230000
 178 4.280000
 179 4.250000
 180 4.300000
 181 4.330000
 182 4.300000
 183 4.330000
 184 4.430000
 185 4.470000
 186 4.400000
 187 4.430000
 188 4.430000
 189 4.140000
 190 4.480000
 191 4.480000
 192 4.430000
 193 4.360000
 194 4.570000
 195 4.550000
 196 4.690000
 197 3.400000
 198 3.350000
 199 3.350000
 200 3.300000
 201 3.270000
 202 3.250000
 203 3.250000
 204 3.220000
 205 3.230000
 206 3.200000
 207 3.180000
 208 3.130000
 209 3.130000
 210 3.130000
 211 3.100000
 212 3.090000
 213 3.100000
 214 3.100000
 215 3.110000
 216 3.100000
 217 3.100000
 218 3.130000
 219 3.150000
 220 3.180000
 221 3.200000
 222 3.200000
 223 3.180000
 224 3.230000
 225 3.220000
 226 3.250000
 227 3.250000
 228 3.280000
 229 3.300000
 230 3.360000
 231 4.640000
 232 4.590000
 233 4.620000
 234 4.590000
 235 1.890000
 236 1.880000
 237 1.840000
 238 1.900000
 239 1.860000
 240 1.830000
 241 1.840000
 242 1.830000
 243 1.850000
 244 1.850000
 245 1.850000
 246 1.630000
 247 1.640000
 248 1.740000
 249 1.840000
 250 1.900000
 251 1.870000
 252 1.870000
 253 1.870000
 254 1.880000
 255 1.920000
 256 1.900000
 257 1.940000
 258 1.960000
 259 2.000000
 260 4.360000
 261 4.410000
 262 4.390000
 263 4.380000
 264 4.420000
 265 4.420000
 266 4.300000
 267 4.380000
 268 4.360000
 269 4.360000
 270 4.330000
 271 4.340000
 272 4.310000
 273 4.320000
 274 4.320000
 275 4.290000
 276 4.310000
 277 4.320000
 278 4.320000
 279 4.320000
 280 4.330000
 281 4.230000
 282 4.200000
 283 4.230000
 284 4.250000
 285 4.200000
 286 4.230000
 287 4.340000
 288 4.310000
 289 4.290000
 290 4.310000
 291 4.310000
 292 4.310000
 293 4.300000
 294 4.270000
 295 4.250000
 296 4.250000
 297 4.250000
 298 4.220000
 299 4.170000
 300 4.140000
 301 4.110000
 302 4.060000
 303 4.010000
 304 4.010000
 305 4.010000
 306 3.950000
 307 3.960000
 308 3.920000
 309 3.900000
 310 3.930000
 311 3.910000
 312 3.910000
 313 3.860000
 314 3.860000
 315 3.850000
 316 3.820000
 317 3.810000
 318 3.250000
 319 3.240000
 320 3.240000
 321 3.240000
 322 3.240000
 323 3.240000
 324 3.210000
 325 3.210000
 326 3.210000
 327 3.210000
 328 3.210000
 329 3.190000
 330 3.190000
 331 3.190000
 332 3.190000
 333 3.190000
 334 3.210000
 335 3.160000
 336 3.160000
 337 3.160000
 338 2.230000
 339 2.250000
 340 2.240000
 341 2.240000
 342 2.240000
 343 2.240000
 344 2.230000
 345 2.230000
 346 3.150000
 347 3.130000
 348 3.150000
 349 3.150000
 350 3.150000
 351 3.150000
 352 3.130000
 353 3.130000
 354 3.130000
 355 3.100000
 356 3.080000
 357 3.070000
 358 3.050000
 359 3.030000
 360 3.050000
 361 3.030000
 362 3.050000
 363 3.030000
 364 3.000000
 365 3.000000
 366 2.990000
 367 2.960000
 368 2.930000
 369 2.930000
 370 2.920000
 371 2.910000
 372 2.880000
 373 2.860000
 374 2.830000
 375 2.810000
 376 2.760000
 377 2.760000
 378 2.710000
 379 2.680000
 380 2.660000
 381 2.680000
 382 2.650000
 383 2.640000
 384 2.620000
 385 2.590000
 386 2.620000
 387 2.620000
 388 2.590000
 389 2.590000
 390 2.570000
 391 2.590000
 392 2.590000
 393 2.570000
 394 2.590000
 395 2.530000
 396 2.570000
 397 2.560000
 398 2.530000
 399 2.560000
 400 2.530000
 401 2.530000
 402 2.510000
 403 2.480000
 404 2.480000
 405 2.460000
 406 2.460000
 407 2.450000
 408 2.420000
 409 2.430000
 410 2.400000
 411 2.420000
 412 2.420000
 413 2.420000
 414 2.370000
 415 2.390000
 416 2.390000
 417 2.390000
 418 2.370000
 419 2.370000
 420 2.340000
 421 2.320000
 422 2.330000
 423 2.320000
 424 2.340000
 425 2.320000
 426 2.320000
 427 2.320000
 428 2.320000
 429 2.310000
 430 1.110000
 431 1.130000
 432 1.130000
 433 1.100000
 434 1.100000
 435 1.100000
 436 1.070000
 437 1.070000
 438 1.100000
 439 1.070000
 440 1.100000
 441 1.070000
 442 1.070000
 443 1.040000
 444 1.040000
 445 1.070000
 446 1.070000
 447 1.070000
 448 1.050000
 449 1.070000
 450 1.040000
 451 1.040000
 452 1.020000
 453 1.020000
 454 1.000000
 455 1.000000
 456 1.000000
 457 1.000000
 458 1.000000
 459 0.990000
 460 0.990000
 461 0.990000
 462 0.990000
 463 0.960000
 464 0.980000
 465 0.950000
 466 0.960000
 467 0.960000
 468 0.960000
 469 0.960000
 470 0.960000
 471 0.950000
 472 0.950000
 473 0.940000
 474 0.940000
 475 0.950000
 476 0.950000
 477 0.930000
 478 0.940000
 479 0.910000
 480 0.890000
 481 0.910000
 482 0.910000
 483 0.930000
 484 0.950000
 485 0.950000
 486 0.950000
 487 0.960000
 488 0.980000
 489 0.960000
 490 0.950000
 491 0.980000
 492 0.990000
 493 0.990000
 494 1.000000
 495 1.010000
 496 1.010000
 497 1.040000
 498 1.010000
 499 1.030000
 500 1.040000
 501 1.040000
 502 1.060000
 503 1.060000
 504 1.080000
 505 1.060000
 506 1.090000
 507 1.090000
 508 1.110000
 509 1.110000
 510 1.140000
 511 1.110000
 512 1.130000
 513 1.140000
 514 1.140000
 515 1.150000
 516 1.190000
 517 1.180000
 518 1.180000
 519 1.200000
 520 1.200000
 521 1.200000
 522 1.200000
 523 1.230000
 524 2.320000
 525 2.300000
 526 2.290000
 527 1.920000
 528 1.860000
 529 1.870000
 530 1.920000
 531 2.320000
 532 2.370000
 533 2.370000
 534 2.380000
 535 2.360000
 536 2.410000
 537 2.380000
 538 2.410000
 539 2.410000
 540 2.410000
 541 2.400000
 542 2.450000
 543 2.420000
 544 2.430000
 545 2.400000
 546 2.400000
 547 2.400000
 548 2.380000
 549 2.390000
 550 2.380000
 551 2.350000
 552 2.350000
 553 2.360000
 554 2.350000
 555 2.330000
 556 2.330000
 557 2.300000
 558 2.340000
 559 2.310000
 560 2.290000
 561 2.310000
 562 2.290000
 563 2.280000
 564 2.280000
 565 2.280000
 566 2.270000
 567 2.280000
 568 2.270000
 569 2.260000
 570 2.340000
 571 2.380000
 572 2.400000
 573 2.400000
 574 2.400000
 575 2.400000
 576 2.390000
 577 2.420000
 578 2.430000
 579 2.430000
 580 2.460000
 581 1.550000
 582 1.550000
 583 1.510000
 584 1.490000
 585 1.490000
 586 1.510000
 587 1.520000
 588 1.550000
 589 1.550000
 590 1.540000
 591 1.570000
 592 1.560000
 593 1.590000
 594 1.590000
 595 1.610000
 596 1.610000
 597 1.640000
 598 1.660000
 599 1.660000
 600 1.680000
 601 1.700000
 602 1.700000
 603 1.720000
 604 1.740000
 605 1.770000
 606 1.790000
 607 1.810000
 608 1.830000
 609 1.880000
 610 1.930000
 611 1.850000
 612 1.980000
 613 2.280000
 614 2.440000
 615 2.470000
 616 2.440000
 617 2.040000
 618 2.010000
 619 2.030000
 620 2.120000
 621 2.490000
 622 2.520000
 623 2.490000
 624 2.490000
 625 2.520000
 626 2.520000
 627 2.520000
 628 2.520000
 629 2.540000
 630 2.550000
 631 2.550000
 632 2.520000
 633 2.550000
 634 2.550000
 635 2.560000
 636 2.550000
 637 2.570000
 638 2.550000
 639 2.570000
 640 2.570000
 641 2.570000
 642 2.600000
 643 2.570000
 644 2.570000
 645 2.600000
 646 2.600000
 647 2.600000
 648 2.590000
 649 2.590000
 650 2.620000
 651 2.620000
 652 2.620000
 653 2.590000
 654 2.640000
 655 2.640000
 656 2.620000
 657 2.640000
 658 2.650000
 659 2.620000
 660 2.650000
 661 2.670000
 662 2.650000
 663 2.650000
 664 2.670000
 665 2.670000
 666 2.710000
 667 2.700000
 668 2.700000
 669 2.700000
 670 2.700000
 671 2.720000
 672 2.720000
 673 2.750000
 674 2.740000
 675 2.720000
 676 2.770000
 677 2.740000
 678 2.740000
 679 2.760000
 680 2.790000
 681 2.780000
 682 2.780000
 683 2.810000
 684 2.810000
 685 2.810000
 686 2.810000
 687 2.830000
 688 2.840000
 689 2.890000
 690 2.870000
 691 2.890000
 692 2.890000
 693 2.860000
 694 2.910000
 695 2.880000
 696 2.910000
 697 2.910000
 698 2.930000
 699 2.960000
 700 2.980000
 701 2.960000
 702 2.970000
 703 3.010000
 704 3.030000
 705 3.030000
 706 3.030000
 707 3.030000
 708 3.030000
 709 3.080000
 710 3.080000
 711 3.080000
 712 3.100000
 713 3.100000
 714 3.090000
 715 3.120000
 716 3.150000
 717 3.140000
 718 3.170000
 719 3.190000
 720 3.220000
 721 3.240000
 722 3.240000
 723 1.480000
 724 1.500000
 725 1.490000
 726 1.510000
 727 1.510000
 728 1.510000
 729 1.510000
 730 1.490000
 731 1.490000
 732 1.500000
 733 1.500000
 734 1.510000
 735 1.490000
 736 1.540000
 737 2.580000
 738 2.500000
 739 2.380000
 740 2.330000
 741 2.230000
 742 2.200000
 743 2.130000
 744 1.500000
 745 1.460000
 746 1.460000
 747 1.540000
 748 1.480000
 749 1.500000
 750 1.490000
 751 3.820000
 752 3.790000
 753 3.820000
 754 3.820000
 755 3.820000
 756 3.840000
 757 3.840000
 758 3.900000
 759 3.940000
 760 3.940000