
 0 3.370000
 1 3.320000
 2 3.260000
 3 3.300000
 4 3.330000
 5 3.350000
 6 3.400000
 7 3.380000
 8 3.380000
 9 3.450000
 10 3.400000
 11 3.300000
 12 3.400000
 13 3.440000
 14 3.480000
 15 3.490000
 16 3.600000
 17 3.590000
 18 3.580000
 19 3.690000
 20 3.800000
 21 3.830000
 22 3.830000
 23 3.800000
 24 3.830000
 25 3.840000
 26 3.840000
 27 3.880000
 28 3.880000
 29 3.870000
 30 3.930000
 31 3.800000
 32 3.830000
 33 3.850000
 34 4.000000
 35 4.000000
 36 4.000000
 37 4.030000
 38 4.050000
 39 4.050000
 40 4.080000
 41 4.050000
 42 4.040000
 43 4.000000
 44 3.990000
 45 3.990000
 46 3.950000
 47 4.020000
 48 4.040000
 49 3.940000
 50 4.040000
 51 3.900000
 52 3.930000
 53 3.930000
 54 3.880000
 55 3.990000
 56 4.010000
 57 3.880000
 58 3.990000
 59 3.850000
 60 3.850000
 61 3.850000
 62 3.800000
 63 3.830000
 64 3.830000
 65 2.900000
 66 2.890000
 67 2.890000
 68 2.870000
 69 2.810000
 70 2.800000
 71 2.810000
 72 1.420000
 73 1.440000
 74 1.450000
 75 1.430000
 76 1.400000
 77 1.380000
 78 1.400000
 79 1.370000
 80 1.380000
 81 1.390000
 82 1.430000
 83 1.490000
 84 2.780000
 85 2.750000
 86 2.740000
 87 2.780000
 88 3.330000
 89 2.700000
 90 2.680000
 91 2.700000
 92 2.700000
 93 2.670000
 94 2.680000
 95 2.700000
 96 2.700000
 97 2.680000
 98 2.700000
 99 2.670000
 100 2.680000
 101 2.640000
 102 2.640000
 103 2.640000
 104 2.660000
 105 2.720000
 106 3.180000
 107 3.170000
 108 3.160000
 109 3.160000
 110 2.680000
 111 2.660000
 112 2.650000
 113 2.630000
 114 2.660000
 115 2.660000
 116 2.660000
 117 2.660000
 118 2.630000
 119 2.630000
 120 2.630000
 121 2.630000
 122 2.630000
 123 2.630000
 124 2.700000
 125 3.140000
 126 3.170000
 127 3.080000
 128 2.580000
 129 2.600000
 130 2.570000
 131 2.580000
 132 1.830000
 133 1.870000
 134 1.840000
 135 1.830000
 136 1.780000
 137 1.760000
 138 1.750000
 139 1.790000
 140 1.780000
 141 1.740000
 142 1.740000
 143 1.740000
 144 1.740000
 145 1.730000
 146 0.960000
 147 0.950000
 148 0.960000
 149 0.940000
 150 0.960000
 151 0.930000
 152 0.950000
 153 0.950000
 154 0.890000
 155 0.880000
 156 0.890000
 157 0.890000
 158 0.880000
 159 0.880000
 160 0.900000
 161 0.900000
 162 0.900000
 163 0.910000
 164 0.910000
 165 0.880000
 166 0.880000
 167 0.880000
 168 0.850000
 169 0.850000
 170 0.880000
 171 0.880000
 172 0.880000
 173 0.880000
 174 0.900000
 175 0.970000
 176 3.550000
 177 3.550000
 178 3.530000
 179 3.560000
 180 3.560000
 181 3.530000
 182 3.580000
 183 3.560000
 184 3.580000
 185 3.580000
 186 3.610000
 187 3.560000
 188 3.550000
 189 3.550000
 190 3.400000
 191 3.500000
 192 3.490000
 193 3.380000
 194 3.400000
 195 3.460000
 196 3.450000
 197 3.450000
 198 3.380000
 199 3.440000
 200 3.470000
 201 3.460000
 202 3.470000
 203 3.430000
 204 3.430000
 205 3.400000
 206 3.470000
 207 3.430000
 208 3.420000
 209 1.410000
 210 1.410000
 211 1.390000
 212 1.420000
 213 1.390000
 214 1.420000
 215 1.410000
 216 1.400000
 217 1.390000
 218 1.380000
 219 1.370000
 220 1.390000
 221 1.390000
 222 1.370000
 223 1.390000
 224 1.370000
 225 1.360000
 226 1.350000
 227 1.350000
 228 1.350000
 229 1.370000
 230 4.740000
 231 4.740000
 232 4.750000
 233 4.750000
 234 4.750000
 235 4.740000
 236 4.750000
 237 4.780000
 238 4.780000
 239 4.780000
 240 4.780000
 241 4.780000
 242 4.780000
 243 4.800000
 244 4.780000
 245 4.800000
 246 4.800000
 247 4.800000
 248 4.800000
 249 4.800000
 250 4.590000
 251 4.800000
 252 4.830000
 253 4.620000
 254 4.180000
 255 4.850000
 256 4.850000
 257 4.850000
 258 4.740000
 259 4.640000
 260 4.600000
 261 4.690000
 262 4.870000
 263 4.900000
 264 4.900000
 265 4.890000
 266 4.900000
 267 4.890000
 268 4.930000
 269 4.020000
 270 4.040000
 271 4.030000
 272 4.020000
 273 4.940000
 274 4.950000
 275 1.270000
 276 1.260000
 277 1.250000
 278 1.240000
 279 1.260000
 280 1.230000
 281 1.240000
 282 1.260000
 283 1.260000
 284 1.260000
 285 1.230000
 286 1.230000
 287 1.230000
 288 1.240000
 289 1.250000
 290 1.270000
 291 1.240000
 292 1.240000
 293 1.230000
 294 1.250000
 295 1.250000
 296 1.230000
 297 1.230000
 298 1.250000
 299 1.240000
 300 1.220000
 301 1.240000
 302 1.250000
 303 1.230000
 304 1.230000
 305 1.240000
 306 1.220000
 307 1.230000
 308 1.220000
 309 1.220000
 310 1.220000
 311 1.240000
 312 1.220000
 313 1.210000
 314 1.240000
 315 1.220000
 316 1.220000
 317 1.210000
 318 1.240000
 319 1.270000
 320 1.360000
 321 1.760000
 322 1.760000
 323 1.780000
 324 1.760000
 325 1.760000
 326 1.730000
 327 1.760000
 328 1.680000
 329 1.150000
 330 1.140000
 331 1.130000
 332 1.140000
 333 1.160000
 334 1.170000
 335 1.170000
 336 1.140000
 337 1.140000
 338 1.170000
 339 1.140000
 340 1.140000
 341 1.140000
 342 1.140000
 343 1.140000
 344 1.140000
 345 1.140000
 346 1.140000
 347 1.140000
 348 1.140000
 349 1.140000
 350 1.140000
 351 1.140000
 352 1.130000
 353 1.140000
 354 1.140000
 355 1.140000
 356 1.150000
 357 3.620000
 358 3.600000
 359 3.580000
 360 3.580000
 361 2.380000
 362 2.310000
 363 2.330000
 364 1.840000
 365 1.780000
 366 1.780000
 367 1.780000
 368 1.780000
 369 1.480000
 370 1.300000
 371 1.230000
 372 1.200000
 373 1.210000
 374 1.210000
 375 1.180000
 376 1.210000
 377 1.210000
 378 1.220000
 379 1.220000
 380 1.220000
 381 1.220000
 382 1.220000
 383 1.220000
 384 1.230000
 385 1.230000
 386 1.290000
 387 4.360000
 388 4.340000
 389 4.320000
 390 4.340000
 391 4.340000
 392 4.090000
 393 1.230000
 394 1.200000
 395 1.200000
 396 1.200000
 397 1.200000
 398 1.200000
 399 1.200000
 400 1.180000
 401 1.180000
 402 1.200000
 403 1.200000
 404 1.200000
 405 1.200000
 406 1.200000
 407 1.200000
 408 1.200000
 409 1.200000
 410 1.200000
 411 1.200000
 412 1.200000
 413 1.200000
 414 1.230000
 415 1.230000
 416 1.230000
 417 1.230000
 418 1.230000
 419 1.230000
 420 1.200000
 421 1.200000
 422 1.230000
 423 1.230000
 424 1.220000
 425 1.250000
 426 1.240000
 427 1.250000
 428 1.250000
 429 1.230000
 430 1.230000
 431 1.230000
 432 1.250000
 433 1.240000
 434 1.300000
 435 1.310000
 436 1.310000
 437 1.320000
 438 1.320000
 439 1.320000
 440 1.320000
 441 1.320000
 442 1.330000
 443 1.330000
 444 1.310000
 445 1.310000
 446 1.330000
 447 1.330000
 448 1.350000
 449 1.370000
 450 1.350000
 451 1.350000
 452 1.310000
 453 1.320000
 454 1.320000
 455 1.320000
 456 1.320000
 457 1.330000
 458 1.350000
 459 1.350000
 460 1.330000
 461 1.350000
 462 1.350000
 463 1.380000
 464 1.380000
 465 1.370000
 466 1.350000
 467 1.350000
 468 1.350000
 469 1.350000
 470 1.350000
 471 1.350000
 472 1.400000
 473 1.370000
 474 1.400000
 475 1.400000
 476 1.410000
 477 1.400000
 478 1.370000
 479 1.380000
 480 1.400000
 481 1.420000
 482 1.400000
 483 1.400000
 484 1.440000
 485 1.420000
 486 1.430000
 487 1.420000
 488 1.420000
 489 1.420000
 490 1.440000
 491 1.430000
 492 1.450000
 493 1.440000
 494 1.460000
 495 1.460000
 496 1.480000
 497 1.480000
 498 3.250000
 499 3.260000
 500 3.250000
 501 3.300000
 502 3.260000
 503 3.260000
 504 3.310000
 505 3.280000
 506 3.280000
 507 3.310000
 508 3.260000
 509 3.310000
 510 3.340000
 511 3.400000
 512 3.280000
 513 3.300000
 514 3.290000
 515 3.330000
 516 3.350000
 517 6.190000
 518 6.190000
 519 6.210000
 520 6.190000
 521 6.240000
 522 6.240000
 523 6.240000
 524 6.240000
 525 6.230000
 526 6.240000
 527 4.610000
 528 4.330000
 529 4.250000
 530 4.260000
 531 6.300000
 532 3.270000
 533 3.220000
 534 3.190000
 535 3.270000
 536 3.480000
 537 3.760000
 538 3.740000
 539 3.680000
 540 3.660000
 541 3.680000
 542 3.680000
 543 3.680000
 544 3.680000
 545 3.680000
 546 3.680000
 547 3.300000
 548 3.680000
 549 3.710000
 550 3.680000
 551 3.710000
 552 3.730000
 553 3.710000
 554 3.680000
 555 3.670000
 556 3.660000
 557 3.670000
 558 3.680000
 559 3.660000
 560 3.680000
 561 3.680000
 562 3.710000
 563 3.680000
 564 3.710000
 565 3.710000
 566 3.710000
 567 3.730000
 568 3.710000
 569 3.710000
 570 3.730000
 571 3.730000
 572 3.760000
 573 3.760000
 574 3.760000
 575 3.760000
 576 3.740000
 577 3.710000
 578 3.660000
 579 3.630000
 580 3.300000
 581 3.180000
 582 3.270000
 583 3.480000
 584 3.450000
 585 3.420000
 586 3.400000
 587 3.070000
 588 3.070000
 589 3.100000
 590 3.050000
 591 3.050000
 592 3.040000
 593 3.050000
 594 3.050000
 595 2.980000
 596 2.930000
 597 3.000000
 598 2.990000
 599 3.020000
 600 3.040000
 601 3.070000
 602 3.010000
 603 3.010000
 604 3.070000
 605 3.120000
 606 3.090000
 607 3.090000
 608 3.160000
 609 3.160000
 610 3.120000
 611 3.170000
 612 3.120000
 613 3.090000
 614 3.090000
 615 2.800000
 616 2.730000
 617 2.750000
 618 2.770000
 619 2.720000
 620 2.690000
 621 2.690000
 622 2.690000
 623 2.660000
 624 2.650000
 625 2.640000
 626 2.590000
 627 2.590000
 628 2.540000
 629 2.490000
 630 2.490000
 631 2.440000
 632 2.410000
 633 2.390000
 634 2.350000
 635 2.340000
 636 2.340000
 637 2.320000
 638 2.260000
 639 2.270000
 640 2.240000
 641 2.220000
 642 2.180000
 643 2.210000
 644 2.190000
 645 2.180000
 646 2.110000
 647 2.200000
 648 2.170000
 649 2.120000
 650 2.180000
 651 2.140000
 652 2.120000
 653 2.000000
 654 2.140000
 655 2.090000
 656 2.070000
 657 1.950000
 658 2.090000
 659 2.080000
 660 2.050000
 661 2.020000
 662 2.380000
 663 2.020000
 664 1.990000
 665 2.000000
 666 1.980000
 667 1.830000
 668 1.800000
 669 1.820000
 670 1.890000
 671 1.770000
 672 1.870000
 673 1.750000
 674 1.720000
 675 1.730000
 676 1.820000
 677 1.680000
 678 1.800000
 679 1.800000
 680 1.680000
 681 1.750000
 682 1.760000
 683 1.710000
 684 1.660000
 685 1.640000
 686 1.670000
 687 1.650000
 688 1.650000
 689 1.500000
 690 1.500000
 691 1.470000
 692 1.450000
 693 1.480000
 694 1.450000
 695 1.480000
 696 1.520000
 697 1.430000
 698 1.430000
 699 1.420000
 700 1.420000
 701 1.370000
 702 2.090000
 703 1.480000
 704 1.620000
 705 1.350000
 706 1.700000
 707 1.350000
 708 1.350000
 709 1.370000
 710 1.440000
 711 1.440000
 712 1.330000
 713 1.410000
 714 1.440000
 715 1.330000
 716 1.410000
 717 1.420000
 718 1.350000
 719 1.410000
 720 1.410000
 721 1.410000
 722 1.410000
 723 1.440000
 724 1.410000
 725 1.410000
 726 1.410000
 727 1.410000
 728 1.330000
 729 2.340000
 730 1.300000
 731 1.390000
 732 1.390000
 733 1.380000
 734 1.450000
 735 1.390000
 736 1.330000
 737 1.350000
 738 1.350000
 739 1.310000
 740 1.310000
 741 1.230000
 742 1.200000
 743 1.210000
 744 1.230000
 745 6.550000
 746 6.530000
 747 6.530000
 748 2.900000
 749 2.860000
 750 6.630000
 751 6.670000
 752 6.720000
 753 6.770000
 754 6.830000
 755 6.840000
 756 6.800000
 757 5.550000
 758 0.850000
 759 0.850000
 760 0.850000
 0 3.340000
 1 3.340000
 2 3.260000
 3 3.330000
 4 3.330000
 5 3.350000
 6 3.400000
 7 3.400000
 8 3.380000
 9 3.430000
 10 3.430000
 11 3.320000
 12 3.410000
 13 3.440000
 14 3.460000
 15 3.500000
 16 3.570000
 17 3.610000
 18 3.580000
 19 3.700000
 20 3.800000
 21 3.800000
 22 3.770000
 23 3.800000
 24 3.800000
 25 3.840000
 26 3.840000
 27 3.880000
 28 3.880000
 29 3.870000
 30 3.900000
 31 3.800000
 32 3.830000
 33 3.850000
 34 3.980000
 35 4.030000
 36 4.000000
 37 4.030000
 38 4.050000
 39 4.050000
 40 4.050000
 41 4.080000
 42 4.040000
 43 3.990000
 44 3.930000
 45 3.930000
 46 3.950000
 47 4.010000
 48 4.040000
 49 3.950000
 50 4.040000
 51 3.900000
 52 3.900000
 53 3.930000
 54 3.900000
 55 3.990000
 56 3.990000
 57 3.880000
 58 3.990000
 59 3.850000
 60 3.850000
 61 3.830000
 62 3.850000
 63 3.830000
 64 3.800000
 65 2.850000
 66 2.890000
 67 2.890000
 68 2.850000
 69 2.780000
 70 2.800000
 71 2.810000
 72 1.420000
 73 1.450000
 74 1.410000
 75 1.400000
 76 1.400000
 77 1.400000
 78 1.380000
 79 1.370000
 80 1.380000
 81 1.390000
 82 1.450000
 83 1.490000
 84 2.780000
 85 2.750000
 86 2.740000
 87 2.780000
 88 3.330000
 89 2.700000
 90 2.680000
 91 2.700000
 92 2.670000
 93 2.690000
 94 2.680000
 95 2.680000
 96 2.700000
 97 2.680000
 98 2.680000
 99 2.690000
 100 2.680000
 101 2.660000
 102 2.640000
 103 2.640000
 104 2.630000
 105 2.740000
 106 3.210000
 107 3.170000
 108 3.170000
 109 3.160000
 110 2.680000
 111 2.660000
 112 2.680000
 113 2.660000
 114 2.660000
 115 2.630000
 116 2.660000
 117 2.660000
 118 2.660000
 119 2.650000
 120 2.650000
 121 2.630000
 122 2.630000
 123 2.650000
 124 2.700000
 125 3.140000
 126 3.160000
 127 3.080000
 128 2.560000
 129 2.570000
 130 2.590000
 131 2.570000
 132 1.830000
 133 1.870000
 134 1.840000
 135 1.850000
 136 1.810000
 137 1.780000
 138 1.750000
 139 1.790000
 140 1.780000
 141 1.740000
 142 1.740000
 143 1.740000
 144 1.760000
 145 1.730000
 146 0.960000
 147 0.950000
 148 0.960000
 149 0.970000
 150 0.940000
 151 0.930000
 152 0.930000
 153 0.920000
 154 0.910000
 155 0.880000
 156 0.890000
 157 0.860000
 158 0.880000
 159 0.880000
 160 0.890000
 161 0.900000
 162 0.900000
 163 0.900000
 164 0.910000
 165 0.900000
 166 0.880000
 167 0.880000
 168 0.850000
 169 0.890000
 170 0.850000
 171 0.880000
 172 0.880000
 173 0.900000
 174 0.900000
 175 0.990000
 176 3.550000
 177 3.550000
 178 3.550000
 179 3.560000
 180 3.560000
 181 3.560000
 182 3.560000
 183 3.580000
 184 3.610000
 185 3.610000
 186 3.610000
 187 3.580000
 188 3.550000
 189 3.530000
 190 3.510000
 191 3.470000
 192 3.510000
 193 3.500000
 194 3.380000
 195 3.480000
 196 3.450000
 197 3.450000
 198 3.400000
 199 3.440000
 200 3.420000
 201 3.450000
 202 3.460000
 203 3.380000
 204 3.430000
 205 3.430000
 206 3.400000
 207 3.430000
 208 3.420000
 209 1.430000
 210 1.410000
 211 1.410000
 212 1.440000
 213 1.420000
 214 1.420000
 215 1.390000
 216 1.380000
 217 1.390000
 218 1.390000
 219 1.370000
 220 1.390000
 221 1.370000
 222 1.370000
 223 1.390000
 224 1.370000
 225 1.370000
 226 1.350000
 227 1.330000
 228 1.370000
 229 1.400000
 230 4.740000
 231 4.740000
 232 4.750000
 233 4.750000
 234 4.780000
 235 4.780000
 236 4.750000
 237 4.750000
 238 4.750000
 239 4.750000
 240 4.780000
 241 4.780000
 242 4.780000
 243 4.780000
 244 4.780000
 245 4.800000
 246 4.800000
 247 4.830000
 248 4.800000
 249 4.830000
 250 4.600000
 251 4.800000
 252 4.830000
 253 4.590000
 254 4.160000
 255 4.850000
 256 4.850000
 257 4.850000
 258 4.720000
 259 4.610000
 260 4.600000
 261 4.690000
 262 4.890000
 263 4.880000
 264 4.900000
 265 4.900000
 266 4.920000
 267 4.920000
 268 4.900000
 269 4.010000
 270 4.040000
 271 4.030000
 272 3.990000
 273 4.940000
 274 4.950000
 275 1.240000
 276 1.280000
 277 1.250000
 278 1.240000
 279 1.260000
 280 1.260000
 281 1.240000
 282 1.260000
 283 1.260000
 284 1.260000
 285 1.250000
 286 1.230000
 287 1.260000
 288 1.240000
 289 1.230000
 290 1.240000
 291 1.240000
 292 1.220000
 293 1.250000
 294 1.240000
 295 1.250000
 296 1.210000
 297 1.230000
 298 1.250000
 299 1.240000
 300 1.250000
 301 1.240000
 302 1.220000
 303 1.250000
 304 1.230000
 305 1.220000
 306 1.250000
 307 1.250000
 308 1.220000
 309 1.220000
 310 1.240000
 311 1.220000
 312 1.240000
 313 1.220000
 314 1.240000
 315 1.220000
 316 1.220000
 317 1.210000
 318 1.240000
 319 1.270000
 320 1.330000
 321 1.760000
 322 1.760000
 323 1.760000
 324 1.760000
 325 1.760000
 326 1.730000
 327 1.760000
 328 1.750000
 329 1.150000
 330 1.170000
 331 1.170000
 332 1.170000
 333 1.130000
 334 1.140000
 335 1.160000
 336 1.140000
 337 1.160000
 338 1.170000
 339 1.140000
 340 1.170000
 341 1.170000
 342 1.140000
 343 1.140000
 344 1.140000
 345 1.140000
 346 1.140000
 347 1.140000
 348 1.140000
 349 1.140000
 350 1.140000
 351 1.170000
 352 1.140000
 353 1.140000
 354 1.140000
 355 1.140000
 356 1.150000
 357 3.620000
 358 3.600000
 359 3.610000
 360 3.580000
 361 2.380000
 362 2.330000
 363 2.330000
 364 1.840000
 365 1.780000
 366 1.780000
 367 1.760000
 368 1.780000
 369 1.460000
 370 1.300000
 371 1.230000
 372 1.200000
 373 1.210000
 374 1.210000
 375 1.230000
 376 1.210000
 377 1.210000
 378 1.210000
 379 1.190000
 380 1.220000
 381 1.220000
 382 1.220000
 383 1.220000
 384 1.210000
 385 1.210000
 386 1.270000
 387 4.360000
 388 4.370000
 389 4.340000
 390 4.340000
 391 4.320000
 392 4.110000
 393 1.250000
 394 1.200000
 395 1.170000
 396 1.180000
 397 1.200000
 398 1.200000
 399 1.170000
 400 1.200000
 401 1.200000
 402 1.210000
 403 1.200000
 404 1.200000
 405 1.220000
 406 1.220000
 407 1.200000
 408 1.200000
 409 1.200000
 410 1.200000
 411 1.220000
 412 1.220000
 413 1.200000
 414 1.200000
 415 1.200000
 416 1.200000
 417 1.200000
 418 1.200000
 419 1.200000
 420 1.220000
 421 1.220000
 422 1.220000
 423 1.220000
 424 1.220000
 425 1.220000
 426 1.240000
 427 1.250000
 428 1.220000
 429 1.220000
 430 1.220000
 431 1.220000
 432 1.250000
 433 1.240000
 434 1.300000
 435 1.310000
 436 1.310000
 437 1.320000
 438 1.320000
 439 1.320000
 440 1.320000
 441 1.320000
 442 1.310000
 443 1.330000
 444 1.310000
 445 1.310000
 446 1.330000
 447 1.330000
 448 1.390000
 449 1.330000
 450 1.330000
 451 1.340000
 452 1.340000
 453 1.310000
 454 1.320000
 455 1.310000
 456 1.310000
 457 1.330000
 458 1.330000
 459 1.330000
 460 1.340000
 461 1.350000
 462 1.350000
 463 1.350000
 464 1.360000
 465 1.350000
 466 1.370000
 467 1.380000
 468 1.360000
 469 1.350000
 470 1.380000
 471 1.350000
 472 1.380000
 473 1.390000
 474 1.380000
 475 1.380000
 476 1.390000
 477 1.400000
 478 1.380000
 479 1.400000
 480 1.400000
 481 1.400000
 482 1.400000
 483 1.400000
 484 1.410000
 485 1.410000
 486 1.420000
 487 1.430000
 488 1.450000
 489 1.480000
 490 1.430000
 491 1.430000
 492 1.450000
 493 1.460000
 494 1.470000
 495 1.480000
 496 1.480000
 497 1.480000
 498 3.250000
 499 3.250000
 500 3.250000
 501 3.300000
 502 3.270000
 503 3.290000
 504 3.290000
 505 3.280000
 506 3.280000
 507 3.290000
 508 3.260000
 509 3.310000
 510 3.340000
 511 3.400000
 512 3.280000
 513 3.330000
 514 3.280000
 515 3.310000
 516 3.340000
 517 6.190000
 518 6.190000
 519 6.190000
 520 6.210000
 521 6.210000
 522 6.240000
 523 6.240000
 524 6.240000
 525 6.240000
 526 6.240000
 527 4.610000
 528 4.330000
 529 4.250000
 530 4.260000
 531 6.300000
 532 3.280000
 533 3.210000
 534 3.210000
 535 3.240000
 536 3.460000
 537 3.760000
 538 3.730000
 539 3.680000
 540 3.680000
 541 3.660000
 542 3.680000
 543 3.680000
 544 3.680000
 545 3.710000
 546 3.680000
 547 3.280000
 548 3.710000
 549 3.680000
 550 3.680000
 551 3.710000
 552 3.680000
 553 3.730000
 554 3.680000
 555 3.630000
 556 3.660000
 557 3.670000
 558 3.680000
 559 3.680000
 560 3.680000
 561 3.680000
 562 3.680000
 563 3.680000
 564 3.710000
 565 3.710000
 566 3.710000
 567 3.730000
 568 3.730000
 569 3.730000
 570 3.730000
 571 3.760000
 572 3.730000
 573 3.760000
 574 3.780000
 575 3.780000
 576 3.740000
 577 3.710000
 578 3.660000
 579 3.640000
 580 3.330000
 581 3.180000
 582 3.260000
 583 3.480000
 584 3.450000
 585 3.420000
 586 3.380000
 587 3.070000
 588 3.070000
 589 3.100000
 590 3.050000
 591 3.050000
 592 3.020000
 593 3.040000
 594 3.050000
 595 2.980000
 596 2.900000
 597 3.000000
 598 2.990000
 599 2.990000
 600 3.040000
 601 3.070000
 602 3.010000
 603 3.040000
 604 3.070000
 605 3.120000
 606 3.090000
 607 3.090000
 608 3.190000
 609 3.160000
 610 3.120000
 611 3.140000
 612 3.120000
 613 3.090000
 614 3.060000
 615 2.800000
 616 2.730000
 617 2.750000
 618 2.770000
 619 2.740000
 620 2.690000
 621 2.690000
 622 2.690000
 623 2.640000
 624 2.640000
 625 2.620000
 626 2.620000
 627 2.590000
 628 2.540000
 629 2.480000
 630 2.490000
 631 2.440000
 632 2.410000
 633 2.390000
 634 2.360000
 635 2.340000
 636 2.340000
 637 2.290000
 638 2.290000
 639 2.270000
 640 2.270000
 641 2.220000
 642 2.150000
 643 2.210000
 644 2.220000
 645 2.180000
 646 2.130000
 647 2.200000
 648 2.170000
 649 2.140000
 650 2.180000
 651 2.120000
 652 2.120000
 653 2.000000
 654 2.120000
 655 2.090000
 656 2.040000
 657 2.080000
 658 2.090000
 659 2.040000
 660 1.930000
 661 2.020000
 662 2.450000
 663 2.020000
 664 1.990000
 665 1.990000
 666 1.850000
 667 1.830000
 668 1.800000
 669 1.790000
 670 1.870000
 671 1.770000
 672 1.870000
 673 1.780000
 674 1.750000
 675 1.730000
 676 1.790000
 677 1.700000
 678 1.800000
 679 1.770000
 680 1.650000
 681 1.750000
 682 1.730000
 683 1.710000
 684 1.630000
 685 1.660000
 686 1.640000
 687 1.650000
 688 1.680000
 689 1.530000
 690 1.500000
 691 1.500000
 692 1.480000
 693 1.480000
 694 1.450000
 695 1.560000
 696 1.570000
 697 1.480000
 698 1.450000
 699 1.450000
 700 1.390000
 701 1.390000
 702 2.090000
 703 1.480000
 704 1.730000
 705 1.420000
 706 1.550000
 707 1.350000
 708 1.350000
 709 1.340000
 710 1.440000
 711 1.410000
 712 1.350000
 713 1.410000
 714 1.440000
 715 1.330000
 716 1.410000
 717 1.410000
 718 1.330000
 719 1.410000
 720 1.410000
 721 1.410000
 722 1.410000
 723 1.440000
 724 1.440000
 725 1.400000
 726 1.390000
 727 1.410000
 728 1.300000
 729 2.340000
 730 1.330000
 731 1.360000
 732 1.390000
 733 1.400000
 734 1.450000
 735 1.390000
 736 1.360000
 737 1.310000
 738 1.350000
 739 1.340000
 740 1.310000
 741 1.260000
 742 1.230000
 743 1.220000
 744 1.230000
 745 6.550000
 746 6.530000
 747 6.530000
 748 2.900000
 749 2.880000
 750 6.610000
 751 6.640000
 752 6.710000
 753 6.760000
 754 6.830000
 755 6.840000
 756 6.800000
 757 5.530000
 758 0.880000
 759 0.850000
 760 0.850000
 0 3.340000
 1 3.320000
 2 3.260000
 3 3.330000
 4 3.330000
 5 3.380000
 6 3.430000
 7 3.400000
 8 3.400000
 9 3.430000
 10 3.400000
 11 3.320000
 12 3.410000
 13 3.460000
 14 3.460000
 15 3.490000
 16 3.570000
 17 3.610000
 18 3.610000
 19 3.690000
 20 3.800000
 21 3.800000
 22 3.830000
 23 3.800000
 24 3.810000
 25 3.840000
 26 3.840000
 27 3.880000
 28 3.870000
 29 3.870000
 30 3.920000
 31 3.800000
 32 3.800000
 33 3.850000
 34 4.000000
 35 4.000000
 36 4.000000
 37 4.030000
 38 4.030000
 39 4.030000
 40 4.080000
 41 4.050000
 42 4.010000
 43 4.000000
 44 3.990000
 45 3.950000
 46 3.950000
 47 3.990000
 48 4.040000
 49 3.960000
 50 4.030000
 51 3.900000
 52 3.930000
 53 3.900000
 54 4.010000
 55 4.010000
 56 4.010000
 57 3.880000
 58 3.990000
 59 3.850000
 60 3.850000
 61 3.830000
 62 3.830000
 63 3.830000
 64 3.800000
 65 2.850000
 66 2.890000
 67 2.880000
 68 2.860000
 69 2.810000
 70 2.800000
 71 2.810000
 72 1.440000
 73 1.450000
 74 1.450000
 75 1.430000
 76 1.400000
 77 1.400000
 78 1.380000
 79 1.400000
 80 1.400000
 81 1.390000
 82 1.450000
 83 1.520000
 84 2.780000
 85 2.750000
 86 2.770000
 87 2.780000
 88 3.330000
 89 2.730000
 90 2.680000
 91 2.700000
 92 2.690000
 93 2.690000
 94 2.710000
 95 2.680000
 96 2.680000
 97 2.680000
 98 2.700000
 99 2.670000
 100 2.680000
 101 2.670000
 102 2.640000
 103 2.640000
 104 2.630000
 105 2.740000
 106 3.210000
 107 3.170000
 108 3.170000
 109 3.160000
 110 2.680000
 111 2.660000
 112 2.660000
 113 2.660000
 114 2.660000
 115 2.660000
 116 2.630000
 117 2.660000
 118 2.630000
 119 2.630000
 120 2.630000
 121 2.660000
 122 2.630000
 123 2.630000
 124 2.700000
 125 3.140000
 126 3.130000
 127 3.080000
 128 2.580000
 129 2.600000
 130 2.570000
 131 2.570000
 132 1.830000
 133 1.840000
 134 1.860000
 135 1.830000
 136 1.810000
 137 1.760000
 138 1.780000
 139 1.790000
 140 1.780000
 141 1.740000
 142 1.740000
 143 1.740000
 144 1.740000
 145 1.480000
 146 0.960000
 147 0.930000
 148 0.940000
 149 0.970000
 150 0.960000
 151 0.930000
 152 0.930000
 153 0.920000
 154 0.890000
 155 0.910000
 156 0.890000
 157 0.890000
 158 0.880000
 159 0.910000
 160 0.900000
 161 0.900000
 162 0.900000
 163 0.910000
 164 0.900000
 165 0.900000
 166 0.900000
 167 0.880000
 168 0.850000
 169 0.860000
 170 0.880000
 171 0.880000
 172 0.850000
 173 0.880000
 174 0.900000
 175 0.970000
 176 3.550000
 177 3.550000
 178 3.550000
 179 3.560000
 180 3.560000
 181 3.560000
 182 3.580000
 183 3.580000
 184 3.580000
 185 3.610000
 186 3.610000
 187 3.560000
 188 3.550000
 189 3.580000
 190 3.400000
 191 3.500000
 192 3.510000
 193 3.380000
 194 3.380000
 195 3.460000
 196 3.450000
 197 3.450000
 198 3.400000
 199 3.440000
 200 3.440000
 201 3.460000
 202 3.460000
 203 3.430000
 204 3.430000
 205 3.430000
 206 3.490000
 207 3.430000
 208 3.450000
 209 1.430000
 210 1.410000
 211 1.390000
 212 1.420000
 213 1.420000
 214 1.410000
 215 1.390000
 216 1.400000
 217 1.390000
 218 1.390000
 219 1.370000
 220 1.390000
 221 1.390000
 222 1.390000
 223 1.390000
 224 1.370000
 225 1.360000
 226 1.350000
 227 1.350000
 228 1.350000
 229 1.370000
 230 4.740000
 231 4.750000
 232 4.750000
 233 4.750000
 234 4.750000
 235 4.740000
 236 4.750000
 237 4.750000
 238 4.780000
 239 4.780000
 240 4.780000
 241 4.780000
 242 4.780000
 243 4.780000
 244 4.780000
 245 4.780000
 246 4.800000
 247 4.800000
 248 4.800000
 249 4.830000
 250 4.600000
 251 4.830000
 252 4.830000
 253 4.620000
 254 4.180000
 255 4.850000
 256 4.850000
 257 4.850000
 258 4.740000
 259 4.610000
 260 4.600000
 261 4.690000
 262 4.890000
 263 4.900000
 264 4.870000
 265 4.890000
 266 4.890000
 267 4.890000
 268 4.930000
 269 4.010000
 270 4.040000
 271 4.050000
 272 4.010000
 273 4.940000
 274 4.950000
 275 1.270000
 276 1.260000
 277 1.280000
 278 1.230000
 279 1.230000
 280 1.260000
 281 1.250000
 282 1.260000
 283 1.260000
 284 1.260000
 285 1.230000
 286 1.240000
 287 1.260000
 288 1.240000
 289 1.230000
 290 1.220000
 291 1.240000
 292 1.240000
 293 1.250000
 294 1.250000
 295 1.250000
 296 1.210000
 297 1.230000
 298 1.250000
 299 1.240000
 300 1.220000
 301 1.240000
 302 1.220000
 303 1.250000
 304 1.230000
 305 1.240000
 306 1.250000
 307 1.220000
 308 1.250000
 309 1.220000
 310 1.220000
 311 1.220000
 312 1.220000
 313 1.210000
 314 1.220000
 315 1.220000
 316 1.220000
 317 1.210000
 318 1.240000
 319 1.270000
 320 1.350000
 321 1.760000
 322 1.760000
 323 1.780000
 324 1.760000
 325 1.760000
 326 1.730000
 327 1.760000
 328 1.750000
 329 1.180000
 330 1.170000
 331 1.160000
 332 1.140000
 333 1.170000
 334 1.140000
 335 1.160000
 336 1.170000
 337 1.170000
 338 1.140000
 339 1.140000
 340 1.140000
 341 1.170000
 342 1.140000
 343 1.140000
 344 1.140000
 345 1.140000
 346 1.140000
 347 1.170000
 348 1.140000
 349 1.140000
 350 1.140000
 351 1.140000
 352 1.140000
 353 1.140000
 354 1.140000
 355 1.140000
 356 1.150000
 357 3.620000
 358 3.600000
 359 3.580000
 360 3.580000
 361 2.350000
 362 2.330000
 363 2.330000
 364 1.840000
 365 1.780000
 366 1.760000
 367 1.760000
 368 1.760000
 369 1.460000
 370 1.330000
 371 1.250000
 372 1.200000
 373 1.180000
 374 1.210000
 375 1.210000
 376 1.210000
 377 1.210000
 378 1.220000
 379 1.220000
 380 1.220000
 381 1.220000
 382 1.220000
 383 1.220000
 384 1.230000
 385 1.230000
 386 1.290000
 387 4.360000
 388 4.340000
 389 4.320000
 390 4.320000
 391 4.320000
 392 4.090000
 393 1.230000
 394 1.170000
 395 1.170000
 396 1.200000
 397 1.170000
 398 1.200000
 399 1.200000
 400 1.200000
 401 1.200000
 402 1.200000
 403 1.200000
 404 1.200000
 405 1.200000
 406 1.200000
 407 1.220000
 408 1.200000
 409 1.220000
 410 1.200000
 411 1.220000
 412 1.220000
 413 1.220000
 414 1.220000
 415 1.220000
 416 1.220000
 417 1.220000
 418 1.220000
 419 1.220000
 420 1.220000
 421 1.220000
 422 1.220000
 423 1.220000
 424 1.220000
 425 1.220000
 426 1.220000
 427 1.220000
 428 1.250000
 429 1.220000
 430 1.250000
 431 1.250000
 432 1.250000
 433 1.240000
 434 1.300000
 435 1.310000
 436 1.280000
 437 1.290000
 438 1.320000
 439 1.320000
 440 1.320000
 441 1.320000
 442 1.310000
 443 1.310000
 444 1.310000
 445 1.320000
 446 1.310000
 447 1.330000
 448 1.390000
 449 1.350000
 450 1.330000
 451 1.340000
 452 1.310000
 453 1.340000
 454 1.320000
 455 1.340000
 456 1.310000
 457 1.320000
 458 1.340000
 459 1.340000
 460 1.340000
 461 1.350000
 462 1.340000
 463 1.380000
 464 1.360000
 465 1.350000
 466 1.390000
 467 1.350000
 468 1.370000
 469 1.350000
 470 1.350000
 471 1.380000
 472 1.370000
 473 1.380000
 474 1.380000
 475 1.380000
 476 1.380000
 477 1.380000
 478 1.400000
 479 1.370000
 480 1.400000
 481 1.400000
 482 1.400000
 483 1.400000
 484 1.430000
 485 1.420000
 486 1.400000
 487 1.420000
 488 1.450000
 489 1.400000
 490 1.440000
 491 1.430000
 492 1.450000
 493 1.480000
 494 1.470000
 495 1.480000
 496 1.470000
 497 1.480000
 498 3.280000
 499 3.250000
 500 3.250000
 501 3.270000
 502 3.260000
 503 3.290000
 504 3.270000
 505 3.260000
 506 3.280000
 507 3.290000
 508 3.280000
 509 3.290000
 510 3.340000
 511 3.370000
 512 3.280000
 513 3.300000
 514 3.290000
 515 3.310000
 516 3.320000
 517 6.190000
 518 6.190000
 519 6.210000
 520 6.190000
 521 6.210000
 522 6.210000
 523 6.240000
 524 6.240000
 525 6.240000
 526 6.260000
 527 4.610000
 528 4.330000
 529 4.270000
 530 4.260000
 531 6.300000
 532 3.260000
 533 3.210000
 534 3.210000
 535 3.260000
 536 3.480000
 537 3.760000
 538 3.740000
 539 3.680000
 540 3.680000
 541 3.680000
 542 3.680000
 543 3.680000
 544 3.680000
 545 3.680000
 546 3.680000
 547 3.280000
 548 3.680000
 549 3.680000
 550 3.710000
 551 3.710000
 552 3.710000
 553 3.710000
 554 3.680000
 555 3.660000
 556 3.660000
 557 3.660000
 558 3.660000
 559 3.680000
 560 3.660000
 561 3.710000
 562 3.680000
 563 3.710000
 564 3.710000
 565 3.710000
 566 3.710000
 567 3.710000
 568 3.710000
 569 3.730000
 570 3.760000
 571 3.730000
 572 3.760000
 573 3.760000
 574 3.780000
 575 3.760000
 576 3.740000
 577 3.710000
 578 3.660000
 579 3.610000
 580 3.300000
 581 3.180000
 582 3.270000
 583 3.500000
 584 3.450000
 585 3.420000
 586 3.380000
 587 3.090000
 588 3.070000
 589 3.130000
 590 3.050000
 591 3.030000
 592 3.040000
 593 3.050000
 594 3.070000
 595 2.980000
 596 2.930000
 597 3.000000
 598 2.990000
 599 2.990000
 600 3.070000
 601 3.070000
 602 3.010000
 603 3.040000
 604 3.070000
 605 3.120000
 606 3.090000
 607 3.090000
 608 3.190000
 609 3.140000
 610 3.120000
 611 3.170000
 612 3.120000
 613 3.120000
 614 3.060000
 615 2.820000
 616 2.730000
 617 2.730000
 618 2.740000
 619 2.740000
 620 2.720000
 621 2.690000
 622 2.690000
 623 2.660000
 624 2.640000
 625 2.620000
 626 2.590000
 627 2.560000
 628 2.540000
 629 2.490000
 630 2.490000
 631 2.440000
 632 2.410000
 633 2.390000
 634 2.350000
 635 2.330000
 636 2.340000
 637 2.290000
 638 2.260000
 639 2.290000
 640 2.270000
 641 2.210000
 642 2.130000
 643 2.190000
 644 2.190000
 645 2.180000
 646 2.130000
 647 2.200000
 648 2.140000
 649 2.140000
 650 2.180000
 651 2.140000
 652 2.090000
 653 2.150000
 654 2.100000
 655 2.090000
 656 2.070000
 657 2.080000
 658 2.070000
 659 2.080000
 660 1.930000
 661 2.040000
 662 2.200000
 663 2.020000
 664 1.990000
 665 2.000000
 666 1.970000
 667 1.970000
 668 1.830000
 669 1.820000
 670 1.890000
 671 1.800000
 672 1.890000
 673 1.750000
 674 1.720000
 675 1.730000
 676 1.820000
 677 1.680000
 678 1.790000
 679 1.760000
 680 1.650000
 681 1.730000
 682 1.740000
 683 1.700000
 684 1.650000
 685 1.640000
 686 1.640000
 687 1.660000
 688 1.530000
 689 1.530000
 690 1.480000
 691 1.520000
 692 1.450000
 693 1.480000
 694 1.540000
 695 1.510000
 696 1.540000
 697 1.480000
 698 1.400000
 699 1.450000
 700 1.390000
 701 1.360000
 702 2.090000
 703 1.380000
 704 1.700000
 705 1.420000
 706 1.580000
 707 1.350000
 708 1.350000
 709 1.340000
 710 1.460000
 711 1.440000
 712 1.350000
 713 1.410000
 714 1.440000
 715 1.330000
 716 1.410000
 717 1.410000
 718 1.350000
 719 1.440000
 720 1.410000
 721 1.410000
 722 1.390000
 723 1.410000
 724 1.410000
 725 1.390000
 726 1.410000
 727 1.440000
 728 1.300000
 729 2.340000
 730 1.330000
 731 1.390000
 732 1.390000
 733 1.380000
 734 1.450000
 735 1.410000
 736 1.340000
 737 1.310000
 738 1.320000
 739 1.340000
 740 1.310000
 741 1.260000
 742 1.240000
 743 1.220000
 744 1.220000
 745 1.200000
 746 6.530000
 747 6.470000
 748 2.870000
 749 2.910000
 750 6.580000
 751 6.670000
 752 6.710000
 753 6.760000
 754 6.800000
 755 6.810000
 756 6.800000
 757 5.530000
 758 0.880000
 759 0.850000
 760 0.850000
 0 3.320000
 1 3.340000
 2 3.280000
 3 3.300000
 4 3.330000
 5 3.350000
 6 3.400000
 7 3.400000
 8 3.380000
 9 3.400000
 10 3.400000
 11 3.320000
 12 3.430000
 13 3.470000
 14 3.460000
 15 3.510000
 16 3.570000
 17 3.590000
 18 3.590000
 19 3.690000
 20 3.800000
 21 3.800000
 22 3.820000
 23 3.820000
 24 3.830000
 25 3.840000
 26 3.840000
 27 3.880000
 28 3.880000
 29 3.870000
 30 3.900000
 31 3.800000
 32 3.830000
 33 3.880000
 34 3.980000
 35 4.000000
 36 4.030000
 37 4.050000
 38 4.030000
 39 4.050000
 40 4.050000
 41 4.050000
 42 4.040000
 43 4.000000
 44 3.990000
 45 3.930000
 46 3.930000
 47 4.020000
 48 4.040000
 49 3.940000
 50 4.040000
 51 3.930000
 52 3.900000
 53 3.930000
 54 3.900000
 55 4.010000
 56 4.010000
 57 3.880000
 58 3.990000
 59 3.830000
 60 3.880000
 61 3.830000
 62 3.830000
 63 3.800000
 64 3.800000
 65 2.850000
 66 2.890000
 67 2.890000
 68 2.860000
 69 2.780000
 70 2.800000
 71 2.790000
 72 1.440000
 73 1.450000
 74 1.450000
 75 1.430000
 76 1.400000
 77 1.400000
 78 1.380000
 79 1.400000
 80 1.380000
 81 1.390000
 82 1.430000
 83 1.490000
 84 2.750000
 85 2.750000
 86 2.770000
 87 2.800000
 88 3.330000
 89 2.700000
 90 2.680000
 91 2.690000
 92 2.690000
 93 2.690000
 94 2.660000
 95 2.700000
 96 2.700000
 97 2.700000
 98 2.680000
 99 2.670000
 100 2.650000
 101 2.660000
 102 2.670000
 103 2.640000
 104 2.630000
 105 2.740000
 106 3.180000
 107 3.170000
 108 3.180000
 109 3.160000
 110 2.680000
 111 2.660000
 112 2.660000
 113 2.660000
 114 2.660000
 115 2.660000
 116 2.660000
 117 2.660000
 118 2.630000
 119 2.630000
 120 2.630000
 121 2.630000
 122 2.630000
 123 2.630000
 124 2.700000
 125 3.120000
 126 3.170000
 127 3.060000
 128 2.580000
 129 2.580000
 130 2.570000
 131 2.580000
 132 1.830000
 133 1.870000
 134 1.860000
 135 1.830000
 136 1.800000
 137 1.780000
 138 1.780000
 139 1.790000
 140 1.780000
 141 1.740000
 142 1.720000
 143 1.760000
 144 1.760000
 145 1.730000
 146 0.940000
 147 0.930000
 148 0.960000
 149 0.940000
 150 0.940000
 151 0.930000
 152 0.930000
 153 0.920000
 154 0.910000
 155 0.880000
 156 0.890000
 157 0.890000
 158 0.880000
 159 0.880000
 160 0.900000
 161 0.900000
 162 0.900000
 163 0.900000
 164 0.880000
 165 0.900000
 166 0.900000
 167 0.880000
 168 0.850000
 169 0.860000
 170 0.880000
 171 0.850000
 172 0.880000
 173 0.880000
 174 0.900000
 175 0.970000
 176 3.550000
 177 3.550000
 178 3.550000
 179 3.530000
 180 3.560000
 181 3.560000
 182 3.560000
 183 3.560000
 184 3.580000
 185 3.610000
 186 3.630000
 187 3.560000
 188 3.550000
 189 3.580000
 190 3.400000
 191 3.500000
 192 3.510000
 193 3.380000
 194 3.400000
 195 3.470000
 196 3.440000
 197 3.450000
 198 3.380000
 199 3.440000
 200 3.440000
 201 3.450000
 202 3.490000
 203 3.400000
 204 3.430000
 205 3.430000
 206 3.400000
 207 3.400000
 208 3.420000
 209 1.410000
 210 1.410000
 211 1.420000
 212 1.420000
 213 1.420000
 214 1.420000
 215 1.410000
 216 1.400000
 217 1.360000
 218 1.390000
 219 1.370000
 220 1.390000
 221 1.390000
 222 1.390000
 223 1.370000
 224 1.390000
 225 1.360000
 226 1.350000
 227 1.350000
 228 1.370000
 229 1.370000
 230 4.740000
 231 4.740000
 232 4.750000
 233 4.750000
 234 4.750000
 235 4.740000
 236 4.750000
 237 4.750000
 238 4.750000
 239 4.780000
 240 4.780000
 241 4.780000
 242 4.780000
 243 4.780000
 244 4.780000
 245 4.800000
 246 4.800000
 247 4.800000
 248 4.800000
 249 4.830000
 250 4.600000
 251 4.800000
 252 4.800000
 253 4.590000
 254 4.180000
 255 4.850000
 256 4.850000
 257 4.850000
 258 4.720000
 259 4.640000
 260 4.630000
 261 4.690000
 262 4.870000
 263 4.870000
 264 4.880000
 265 4.920000
 266 4.920000
 267 4.890000
 268 4.900000
 269 4.040000
 270 4.040000
 271 4.030000
 272 4.020000
 273 4.940000
 274 4.950000
 275 1.270000
 276 1.260000
 277 1.250000
 278 1.260000
 279 1.260000
 280 1.260000
 281 1.260000
 282 1.240000
 283 1.260000
 284 1.260000
 285 1.250000
 286 1.240000
 287 1.260000
 288 1.240000
 289 1.250000
 290 1.240000
 291 1.240000
 292 1.240000
 293 1.250000
 294 1.240000
 295 1.230000
 296 1.240000
 297 1.230000
 298 1.220000
 299 1.240000
 300 1.250000
 301 1.240000
 302 1.220000
 303 1.230000
 304 1.230000
 305 1.240000
 306 1.250000
 307 1.230000
 308 1.220000
 309 1.220000
 310 1.220000
 311 1.240000
 312 1.240000
 313 1.230000
 314 1.220000
 315 1.220000
 316 1.240000
 317 1.230000
 318 1.240000
 319 1.270000
 320 1.350000
 321 1.780000
 322 1.780000
 323 1.760000
 324 1.730000
 325 1.760000
 326 1.760000
 327 1.760000
 328 1.750000
 329 1.180000
 330 1.170000
 331 1.170000
 332 1.170000
 333 1.160000
 334 1.140000
 335 1.160000
 336 1.130000
 337 1.140000
 338 1.170000
 339 1.140000
 340 1.140000
 341 1.170000
 342 1.170000
 343 1.140000
 344 1.170000
 345 1.140000
 346 1.140000
 347 1.170000
 348 1.140000
 349 1.170000
 350 1.140000
 351 1.140000
 352 1.170000
 353 1.140000
 354 1.140000
 355 1.140000
 356 1.150000
 357 3.620000
 358 3.600000
 359 3.610000
 360 3.580000
 361 2.350000
 362 2.330000
 363 2.330000
 364 1.840000
 365 1.780000
 366 1.780000
 367 1.780000
 368 1.780000
 369 1.480000
 370 1.300000
 371 1.230000
 372 1.200000
 373 1.210000
 374 1.210000
 375 1.180000
 376 1.210000
 377 1.210000
 378 1.220000
 379 1.220000
 380 1.220000
 381 1.220000
 382 1.220000
 383 1.220000
 384 1.230000
 385 1.230000
 386 1.290000
 387 4.360000
 388 4.370000
 389 4.340000
 390 4.320000
 391 4.340000
 392 4.110000
 393 1.230000
 394 1.180000
 395 1.200000
 396 1.180000
 397 1.210000
 398 1.200000
 399 1.200000
 400 1.200000
 401 1.200000
 402 1.200000
 403 1.200000
 404 1.200000
 405 1.200000
 406 1.180000
 407 1.200000
 408 1.230000
 409 1.200000
 410 1.200000
 411 1.230000
 412 1.200000
 413 1.230000
 414 1.230000
 415 1.230000
 416 1.230000
 417 1.230000
 418 1.230000
 419 1.230000
 420 1.230000
 421 1.230000
 422 1.230000
 423 1.230000
 424 1.250000
 425 1.220000
 426 1.250000
 427 1.230000
 428 1.230000
 429 1.250000
 430 1.230000
 431 1.230000
 432 1.230000
 433 1.240000
 434 1.330000
 435 1.310000
 436 1.310000
 437 1.320000
 438 1.290000
 439 1.290000
 440 1.320000
 441 1.320000
 442 1.310000
 443 1.310000
 444 1.310000
 445 1.310000
 446 1.330000
 447 1.340000
 448 1.350000
 449 1.330000
 450 1.330000
 451 1.330000
 452 1.340000
 453 1.320000
 454 1.330000
 455 1.340000
 456 1.330000
 457 1.350000
 458 1.340000
 459 1.330000
 460 1.340000
 461 1.350000
 462 1.330000
 463 1.340000
 464 1.370000
 465 1.370000
 466 1.350000
 467 1.350000
 468 1.390000
 469 1.350000
 470 1.390000
 471 1.350000
 472 1.360000
 473 1.380000
 474 1.400000
 475 1.390000
 476 1.390000
 477 1.380000
 478 1.390000
 479 1.390000
 480 1.400000
 481 1.390000
 482 1.420000
 483 1.430000
 484 1.430000
 485 1.430000
 486 1.430000
 487 1.420000
 488 1.420000
 489 1.420000
 490 1.420000
 491 1.430000
 492 1.450000
 493 1.450000
 494 1.480000
 495 1.450000
 496 1.480000
 497 1.480000
 498 3.250000
 499 3.250000
 500 3.280000
 501 3.270000
 502 3.290000
 503 3.290000
 504 3.300000
 505 3.280000
 506 3.280000
 507 3.280000
 508 3.280000
 509 3.310000
 510 3.340000
 511 3.370000
 512 3.400000
 513 3.330000
 514 3.320000
 515 3.310000
 516 3.350000
 517 6.190000
 518 6.190000
 519 6.190000
 520 6.210000
 521 6.210000
 522 6.210000
 523 6.210000
 524 6.240000
 525 6.260000
 526 6.250000
 527 4.610000
 528 4.330000
 529 4.240000
 530 4.260000
 531 6.280000
 532 3.280000
 533 3.220000
 534 3.220000
 535 3.270000
 536 3.480000
 537 3.740000
 538 3.740000
 539 3.680000
 540 3.660000
 541 3.680000
 542 3.680000
 543 3.680000
 544 3.710000
 545 3.680000
 546 3.680000
 547 3.280000
 548 3.710000
 549 3.710000
 550 3.710000
 551 3.710000
 552 3.710000
 553 3.730000
 554 3.680000
 555 3.660000
 556 3.660000
 557 3.670000
 558 3.660000
 559 3.680000
 560 3.680000
 561 3.680000
 562 3.680000
 563 3.680000
 564 3.680000
 565 3.710000
 566 3.730000
 567 3.710000
 568 3.710000
 569 3.730000
 570 3.730000
 571 3.760000
 572 3.760000
 573 3.760000
 574 3.760000
 575 3.760000
 576 3.740000
 577 3.710000
 578 3.660000
 579 3.610000
 580 3.330000
 581 3.180000
 582 3.290000
 583 3.500000
 584 3.450000
 585 3.420000
 586 3.400000
 587 3.070000
 588 3.070000
 589 3.100000
 590 3.050000
 591 3.030000
 592 3.040000
 593 3.020000
 594 3.070000
 595 2.980000
 596 2.930000
 597 3.030000
 598 3.010000
 599 2.990000
 600 3.070000
 601 3.040000
 602 3.040000
 603 3.040000
 604 3.070000
 605 3.120000
 606 3.090000
 607 3.070000
 608 3.190000
 609 3.160000
 610 3.120000
 611 3.170000
 612 3.120000
 613 3.090000
 614 3.090000
 615 2.820000
 616 2.730000
 617 2.750000
 618 2.770000
 619 2.740000
 620 2.690000
 621 2.670000
 622 2.660000
 623 2.660000
 624 2.650000
 625 2.620000
 626 2.590000
 627 2.560000
 628 2.540000
 629 2.490000
 630 2.460000
 631 2.460000
 632 2.410000
 633 2.390000
 634 2.340000
 635 2.340000
 636 2.310000
 637 2.290000
 638 2.290000
 639 2.150000
 640 2.270000
 641 2.240000
 642 2.140000
 643 2.200000
 644 2.190000
 645 2.170000
 646 2.120000
 647 2.170000
 648 2.170000
 649 2.140000
 650 2.150000
 651 2.140000
 652 2.120000
 653 2.130000
 654 2.120000
 655 2.120000
 656 2.070000
 657 2.050000
 658 2.090000
 659 2.070000
 660 1.930000
 661 1.900000
 662 1.960000
 663 1.880000
 664 1.850000
 665 1.980000
 666 1.850000
 667 1.940000
 668 1.970000
 669 1.830000
 670 1.890000
 671 1.770000
 672 1.890000
 673 1.870000
 674 1.720000
 675 1.700000
 676 1.820000
 677 1.700000
 678 1.810000
 679 1.770000
 680 1.740000
 681 1.720000
 682 1.710000
 683 1.650000
 684 1.650000
 685 1.640000
 686 1.640000
 687 1.680000
 688 1.500000
 689 1.530000
 690 1.660000
 691 1.500000
 692 1.480000
 693 1.560000
 694 1.520000
 695 1.510000
 696 1.570000
 697 1.480000
 698 1.540000
 699 1.450000
 700 1.400000
 701 1.400000
 702 2.090000
 703 1.380000
 704 2.050000
 705 1.400000
 706 1.850000
 707 1.350000
 708 1.380000
 709 1.340000
 710 1.460000
 711 1.410000
 712 1.330000
 713 1.410000
 714 1.440000
 715 1.330000
 716 1.410000
 717 1.440000
 718 1.330000
 719 1.440000
 720 1.410000
 721 1.410000
 722 1.410000
 723 1.410000
 724 1.410000
 725 1.410000
 726 1.390000
 727 1.410000
 728 1.300000
 729 2.340000
 730 1.330000
 731 1.360000
 732 1.390000
 733 1.390000
 734 1.430000
 735 1.390000
 736 1.340000
 737 1.320000
 738 1.350000
 739 1.340000
 740 1.310000
 741 1.230000
 742 1.230000
 743 1.230000
 744 1.230000
 745 1.240000
 746 6.550000
 747 6.530000
 748 2.870000
 749 2.880000
 750 6.610000
 751 6.640000
 752 6.720000
 753 6.770000
 754 6.800000
 755 6.810000
 756 6.800000
 757 5.530000
 758 0.880000
 759 0.870000
 760 0.820000