
 0 2.130000
 1 2.090000
 2 2.100000
 3 2.100000
 4 2.130000
 5 2.100000
 6 2.110000
 7 2.110000
 8 2.110000
 9 2.130000
 10 2.110000
 11 2.110000
 12 2.100000
 13 2.130000
 14 2.110000
 15 2.110000
 16 2.130000
 17 2.110000
 18 2.150000
 19 2.140000
 20 2.160000
 21 2.160000
 22 2.180000
 23 2.190000
 24 2.190000
 25 2.150000
 26 2.160000
 27 2.150000
 28 2.150000
 29 2.180000
 30 2.160000
 31 2.160000
 32 2.200000
 33 2.200000
 34 2.200000
 35 2.190000
 36 2.180000
 37 2.160000
 38 2.180000
 39 2.270000
 40 2.240000
 41 2.160000
 42 2.150000
 43 2.180000
 44 2.160000
 45 2.210000
 46 2.230000
 47 2.230000
 48 2.220000
 49 2.200000
 50 2.190000
 51 2.200000
 52 2.200000
 53 2.190000
 54 2.220000
 55 2.220000
 56 2.250000
 57 2.210000
 58 2.240000
 59 2.210000
 60 2.210000
 61 2.220000
 62 2.220000
 63 2.210000
 64 2.250000
 65 2.250000
 66 2.250000
 67 2.290000
 68 2.270000
 69 2.300000
 70 2.290000
 71 2.280000
 72 2.280000
 73 2.260000
 74 2.260000
 75 2.310000
 76 2.300000
 77 2.320000
 78 2.320000
 79 2.310000
 80 2.300000
 81 2.330000
 82 2.330000
 83 2.400000
 84 2.340000
 85 2.300000
 86 2.300000
 87 2.320000
 88 2.310000
 89 2.340000
 90 2.350000
 91 2.350000
 92 2.360000
 93 2.350000
 94 2.390000
 95 2.400000
 96 2.400000
 97 2.400000
 98 2.390000
 99 2.360000
 100 2.360000
 101 2.360000
 102 2.370000
 103 2.360000
 104 2.390000
 105 2.410000
 106 2.420000
 107 2.430000
 108 2.480000
 109 2.440000
 110 2.430000
 111 3.430000
 112 3.460000
 113 3.580000
 114 3.550000
 115 3.520000
 116 3.520000
 117 3.550000
 118 3.470000
 119 2.090000
 120 2.070000
 121 2.080000
 122 2.110000
 123 2.110000
 124 2.070000
 125 2.080000
 126 2.070000
 127 2.090000
 128 2.090000
 129 2.090000
 130 2.100000
 131 2.110000
 132 2.120000
 133 2.120000
 134 2.130000
 135 2.130000
 136 2.020000
 137 2.080000
 138 2.020000
 139 3.840000
 140 3.810000
 141 3.840000
 142 3.810000
 143 3.800000
 144 3.820000
 145 3.800000
 146 3.800000
 147 3.800000
 148 3.850000
 149 3.850000
 150 3.860000
 151 3.880000
 152 3.860000
 153 3.930000
 154 3.930000
 155 3.940000
 156 3.940000
 157 3.960000
 158 4.030000
 159 4.040000
 160 4.060000
 161 4.040000
 162 4.040000
 163 4.130000
 164 4.010000
 165 4.160000
 166 4.060000
 167 4.080000
 168 4.110000
 169 4.110000
 170 4.130000
 171 4.130000
 172 4.160000
 173 4.130000
 174 4.180000
 175 4.210000
 176 4.230000
 177 4.230000
 178 4.260000
 179 4.260000
 180 4.280000
 181 4.310000
 182 4.310000
 183 4.330000
 184 4.460000
 185 4.470000
 186 4.370000
 187 4.430000
 188 4.430000
 189 4.140000
 190 4.460000
 191 4.480000
 192 4.460000
 193 4.330000
 194 4.580000
 195 4.560000
 196 4.690000
 197 3.370000
 198 3.350000
 199 3.350000
 200 3.310000
 201 3.270000
 202 3.270000
 203 3.250000
 204 3.220000
 205 3.230000
 206 3.210000
 207 3.150000
 208 3.160000
 209 3.160000
 210 3.130000
 211 3.130000
 212 3.090000
 213 3.110000
 214 3.090000
 215 3.130000
 216 3.110000
 217 3.110000
 218 3.130000
 219 3.160000
 220 3.160000
 221 3.180000
 222 3.180000
 223 3.180000
 224 3.210000
 225 3.210000
 226 3.220000
 227 3.260000
 228 3.280000
 229 3.330000
 230 3.330000
 231 4.620000
 232 4.590000
 233 4.590000
 234 4.570000
 235 4.640000
 236 4.650000
 237 4.630000
 238 4.710000
 239 4.560000
 240 4.590000
 241 4.890000
 242 4.520000
 243 4.510000
 244 5.190000
 245 5.190000
 246 5.230000
 247 5.120000
 248 5.120000
 249 5.180000
 250 5.210000
 251 5.210000
 252 5.190000
 253 5.190000
 254 5.160000
 255 5.160000
 256 4.890000
 257 4.630000
 258 4.360000
 259 4.360000
 260 4.370000
 261 4.400000
 262 4.390000
 263 4.380000
 264 4.420000
 265 4.420000
 266 4.310000
 267 4.380000
 268 4.380000
 269 4.380000
 270 4.330000
 271 4.340000
 272 4.300000
 273 4.320000
 274 4.290000
 275 4.290000
 276 4.280000
 277 4.320000
 278 3.130000
 279 3.110000
 280 3.090000
 281 3.090000
 282 3.060000
 283 3.030000
 284 3.030000
 285 3.050000
 286 3.080000
 287 3.100000
 288 3.100000
 289 3.100000
 290 3.130000
 291 3.130000
 292 3.150000
 293 3.180000
 294 3.180000
 295 3.180000
 296 3.230000
 297 3.230000
 298 3.250000
 299 3.250000
 300 3.280000
 301 3.300000
 302 3.300000
 303 3.330000
 304 3.330000
 305 3.350000
 306 3.350000
 307 3.380000
 308 3.420000
 309 1.850000
 310 1.850000
 311 1.800000
 312 1.820000
 313 1.820000
 314 1.820000
 315 1.800000
 316 1.750000
 317 1.750000
 318 1.780000
 319 1.760000
 320 1.740000
 321 1.760000
 322 1.750000
 323 1.730000
 324 1.730000
 325 1.710000
 326 1.710000
 327 1.700000
 328 1.690000
 329 1.690000
 330 1.660000
 331 1.660000
 332 1.660000
 333 1.660000
 334 1.650000
 335 1.610000
 336 1.620000
 337 1.610000
 338 1.630000
 339 1.650000
 340 1.640000
 341 1.660000
 342 1.660000
 343 1.690000
 344 1.690000
 345 1.710000
 346 1.690000
 347 1.710000
 348 1.710000
 349 1.710000
 350 1.740000
 351 1.740000
 352 1.740000
 353 1.760000
 354 1.790000
 355 1.790000
 356 1.790000
 357 1.810000
 358 1.800000
 359 1.830000
 360 1.800000
 361 1.850000
 362 1.850000
 363 1.850000
 364 1.860000
 365 1.880000
 366 1.910000
 367 2.930000
 368 2.900000
 369 2.890000
 370 2.890000
 371 2.870000
 372 2.870000
 373 2.840000
 374 2.810000
 375 2.780000
 376 2.760000
 377 2.730000
 378 2.680000
 379 2.670000
 380 2.680000
 381 2.650000
 382 2.660000
 383 2.630000
 384 2.610000
 385 2.610000
 386 2.610000
 387 2.580000
 388 2.580000
 389 2.580000
 390 2.580000
 391 2.580000
 392 2.580000
 393 2.540000
 394 2.580000
 395 2.560000
 396 2.540000
 397 2.550000
 398 2.550000
 399 2.530000
 400 2.530000
 401 2.510000
 402 2.500000
 403 2.480000
 404 2.480000
 405 2.450000
 406 2.460000
 407 2.450000
 408 2.440000
 409 2.460000
 410 2.430000
 411 2.420000
 412 2.390000
 413 2.400000
 414 2.400000
 415 2.400000
 416 2.360000
 417 2.370000
 418 2.390000
 419 2.370000
 420 2.340000
 421 2.370000
 422 2.350000
 423 2.350000
 424 2.340000
 425 2.320000
 426 2.330000
 427 2.330000
 428 2.330000
 429 2.320000
 430 2.290000
 431 2.290000
 432 2.290000
 433 2.280000
 434 2.310000
 435 2.290000
 436 2.280000
 437 2.280000
 438 2.280000
 439 2.260000
 440 2.260000
 441 2.260000
 442 2.260000
 443 2.260000
 444 2.260000
 445 2.260000
 446 2.270000
 447 2.270000
 448 2.260000
 449 2.260000
 450 2.260000
 451 2.250000
 452 2.230000
 453 2.240000
 454 2.230000
 455 2.230000
 456 2.230000
 457 2.230000
 458 2.210000
 459 2.230000
 460 2.230000
 461 2.210000
 462 2.210000
 463 2.210000
 464 2.200000
 465 2.210000
 466 2.220000
 467 2.210000
 468 2.210000
 469 2.210000
 470 2.210000
 471 2.210000
 472 2.180000
 473 2.180000
 474 2.120000
 475 2.090000
 476 2.120000
 477 2.190000
 478 2.160000
 479 2.200000
 480 2.170000
 481 2.170000
 482 2.180000
 483 2.160000
 484 2.170000
 485 2.180000
 486 2.180000
 487 2.180000
 488 2.180000
 489 2.210000
 490 2.210000
 491 2.230000
 492 2.210000
 493 2.210000
 494 2.230000
 495 2.230000
 496 2.260000
 497 2.240000
 498 2.220000
 499 2.240000
 500 2.270000
 501 2.270000
 502 2.270000
 503 2.270000
 504 2.290000
 505 2.270000
 506 2.290000
 507 2.290000
 508 2.290000
 509 2.320000
 510 2.300000
 511 2.290000
 512 2.320000
 513 2.300000
 514 2.310000
 515 2.310000
 516 2.330000
 517 2.330000
 518 2.340000
 519 2.350000
 520 2.360000
 521 2.320000
 522 2.110000
 523 2.120000
 524 2.320000
 525 2.290000
 526 2.270000
 527 1.930000
 528 1.870000
 529 1.870000
 530 1.930000
 531 2.340000
 532 2.350000
 533 2.370000
 534 2.380000
 535 2.380000
 536 2.410000
 537 2.380000
 538 2.380000
 539 2.410000
 540 2.390000
 541 2.400000
 542 2.450000
 543 2.420000
 544 2.430000
 545 2.430000
 546 2.400000
 547 2.400000
 548 2.400000
 549 2.380000
 550 2.380000
 551 2.350000
 552 2.350000
 553 2.350000
 554 2.350000
 555 2.350000
 556 2.350000
 557 2.330000
 558 2.310000
 559 2.340000
 560 2.300000
 561 2.290000
 562 2.290000
 563 2.280000
 564 2.280000
 565 2.280000
 566 2.300000
 567 2.280000
 568 2.240000
 569 2.260000
 570 2.330000
 571 2.350000
 572 2.380000
 573 2.400000
 574 2.410000
 575 2.400000
 576 2.370000
 577 2.420000
 578 2.430000
 579 2.430000
 580 2.460000
 581 1.530000
 582 1.550000
 583 1.510000
 584 1.500000
 585 1.490000
 586 1.510000
 587 1.510000
 588 1.540000
 589 1.540000
 590 1.540000
 591 1.560000
 592 1.590000
 593 1.590000
 594 1.590000
 595 1.610000
 596 1.610000
 597 1.640000
 598 1.640000
 599 1.660000
 600 1.680000
 601 1.670000
 602 1.720000
 603 1.720000
 604 1.770000
 605 1.770000
 606 1.790000
 607 1.820000
 608 1.860000
 609 1.860000
 610 1.930000
 611 1.880000
 612 1.920000
 613 2.280000
 614 2.430000
 615 2.470000
 616 2.440000
 617 2.030000
 618 2.010000
 619 2.030000
 620 2.110000
 621 2.490000
 622 2.500000
 623 2.490000
 624 2.490000
 625 2.520000
 626 2.520000
 627 2.520000
 628 2.520000
 629 2.540000
 630 2.520000
 631 2.520000
 632 2.550000
 633 2.550000
 634 2.550000
 635 2.580000
 636 2.570000
 637 2.570000
 638 2.570000
 639 2.570000
 640 2.600000
 641 2.570000
 642 2.570000
 643 2.570000
 644 2.600000
 645 2.570000
 646 2.570000
 647 2.590000
 648 2.590000
 649 2.590000
 650 2.620000
 651 2.620000
 652 2.620000
 653 2.620000
 654 2.640000
 655 2.620000
 656 2.620000
 657 2.640000
 658 2.640000
 659 2.620000
 660 2.650000
 661 2.670000
 662 2.670000
 663 2.650000
 664 2.670000
 665 2.670000
 666 2.710000
 667 2.700000
 668 2.700000
 669 2.700000
 670 2.720000
 671 2.700000
 672 2.700000
 673 2.750000
 674 2.720000
 675 2.740000
 676 2.770000
 677 2.770000
 678 2.770000
 679 2.760000
 680 2.760000
 681 2.790000
 682 2.780000
 683 2.780000
 684 2.810000
 685 2.810000
 686 2.810000
 687 2.830000
 688 2.860000
 689 2.860000
 690 2.870000
 691 2.880000
 692 2.860000
 693 2.880000
 694 2.910000
 695 2.910000
 696 2.910000
 697 2.910000
 698 2.960000
 699 2.960000
 700 2.980000
 701 2.930000
 702 2.980000
 703 3.030000
 704 3.030000
 705 3.030000
 706 3.030000
 707 3.060000
 708 3.060000
 709 3.080000
 710 3.080000
 711 3.080000
 712 3.100000
 713 3.090000
 714 3.120000
 715 3.120000
 716 3.140000
 717 3.170000
 718 3.170000
 719 3.190000
 720 3.220000
 721 3.220000
 722 3.240000
 723 1.480000
 724 1.500000
 725 1.490000
 726 1.510000
 727 1.510000
 728 1.510000
 729 1.510000
 730 1.490000
 731 1.510000
 732 1.500000
 733 1.500000
 734 1.510000
 735 1.520000
 736 1.520000
 737 2.580000
 738 2.480000
 739 2.410000
 740 2.320000
 741 2.230000
 742 2.170000
 743 2.110000
 744 1.510000
 745 1.480000
 746 1.490000
 747 1.550000
 748 1.510000
 749 1.500000
 750 1.520000
 751 3.840000
 752 3.820000
 753 3.820000
 754 3.790000
 755 3.820000
 756 3.840000
 757 3.860000
 758 3.890000
 759 3.910000
 760 3.940000
 0 2.100000
 1 2.090000
 2 2.120000
 3 2.110000
 4 2.110000
 5 2.100000
 6 2.120000
 7 2.130000
 8 2.110000
 9 2.110000
 10 2.110000
 11 2.110000
 12 2.130000
 13 2.110000
 14 2.110000
 15 2.120000
 16 2.110000
 17 2.130000
 18 2.150000
 19 2.160000
 20 2.160000
 21 2.190000
 22 2.180000
 23 2.190000
 24 2.160000
 25 2.160000
 26 2.140000
 27 2.150000
 28 2.180000
 29 2.150000
 30 2.140000
 31 2.190000
 32 2.170000
 33 2.180000
 34 2.200000
 35 2.160000
 36 2.180000
 37 2.190000
 38 2.180000
 39 2.300000
 40 2.240000
 41 2.160000
 42 2.150000
 43 2.150000
 44 2.160000
 45 2.190000
 46 2.230000
 47 2.230000
 48 2.220000
 49 2.210000
 50 2.210000
 51 2.190000
 52 2.200000
 53 2.190000
 54 2.250000
 55 2.220000
 56 2.250000
 57 2.240000
 58 2.240000
 59 2.210000
 60 2.220000
 61 2.220000
 62 2.200000
 63 2.210000
 64 2.260000
 65 2.280000
 66 2.280000
 67 2.260000
 68 2.270000
 69 2.300000
 70 2.290000
 71 2.280000
 72 2.280000
 73 2.290000
 74 2.290000
 75 2.290000
 76 2.320000
 77 2.300000
 78 2.320000
 79 2.310000
 80 2.310000
 81 2.330000
 82 2.330000
 83 2.440000
 84 2.370000
 85 2.310000
 86 2.300000
 87 2.320000
 88 2.310000
 89 2.340000
 90 2.370000
 91 2.380000
 92 2.360000
 93 2.380000
 94 2.380000
 95 2.370000
 96 2.390000
 97 2.400000
 98 2.390000
 99 2.390000
 100 2.390000
 101 2.360000
 102 2.370000
 103 2.370000
 104 2.390000
 105 2.390000
 106 2.400000
 107 2.410000
 108 2.510000
 109 2.440000
 110 2.460000
 111 3.430000
 112 3.480000
 113 3.610000
 114 3.550000
 115 3.520000
 116 3.520000
 117 3.550000
 118 3.480000
 119 2.120000
 120 2.100000
 121 2.080000
 122 2.080000
 123 2.110000
 124 2.100000
 125 2.080000
 126 2.070000
 127 2.090000
 128 2.070000
 129 2.090000
 130 2.100000
 131 2.110000
 132 2.130000
 133 2.130000
 134 2.130000
 135 2.150000
 136 2.060000
 137 2.060000
 138 2.030000
 139 3.810000
 140 3.790000
 141 3.810000
 142 3.820000
 143 3.790000
 144 3.810000
 145 3.800000
 146 3.820000
 147 3.830000
 148 3.820000
 149 3.860000
 150 3.870000
 151 3.880000
 152 3.880000
 153 3.900000
 154 3.910000
 155 3.910000
 156 3.950000
 157 3.960000
 158 4.030000
 159 4.010000
 160 4.060000
 161 4.050000
 162 4.040000
 163 4.120000
 164 4.010000
 165 4.170000
 166 4.060000
 167 4.060000
 168 4.110000
 169 4.110000
 170 4.130000
 171 4.130000
 172 4.160000
 173 4.160000
 174 4.180000
 175 4.180000
 176 4.210000
 177 4.230000
 178 4.250000
 179 4.280000
 180 4.310000
 181 4.300000
 182 4.310000
 183 4.360000
 184 4.450000
 185 4.480000
 186 4.410000
 187 4.410000
 188 4.430000
 189 4.140000
 190 4.480000
 191 4.480000
 192 4.460000
 193 4.360000
 194 4.570000
 195 4.580000
 196 4.690000
 197 3.400000
 198 3.360000
 199 3.390000
 200 3.310000
 201 3.280000
 202 3.250000
 203 3.230000
 204 3.230000
 205 3.230000
 206 3.230000
 207 3.150000
 208 3.160000
 209 3.160000
 210 3.160000
 211 3.110000
 212 3.120000
 213 3.090000
 214 3.090000
 215 3.120000
 216 3.110000
 217 3.130000
 218 3.160000
 219 3.180000
 220 3.160000
 221 3.180000
 222 3.180000
 223 3.180000
 224 3.240000
 225 3.200000
 226 3.250000
 227 3.260000
 228 3.280000
 229 3.310000
 230 3.330000
 231 4.640000
 232 4.620000
 233 4.590000
 234 4.580000
 235 4.670000
 236 4.650000
 237 4.630000
 238 4.710000
 239 4.590000
 240 4.590000
 241 4.890000
 242 4.520000
 243 4.510000
 244 4.970000
 245 5.220000
 246 5.230000
 247 5.100000
 248 5.100000
 249 5.180000
 250 5.220000
 251 5.220000
 252 5.220000
 253 5.200000
 254 5.170000
 255 5.170000
 256 5.140000
 257 4.660000
 258 4.380000
 259 4.340000
 260 4.370000
 261 4.420000
 262 4.390000
 263 4.390000
 264 4.390000
 265 4.420000
 266 4.310000
 267 4.360000
 268 4.360000
 269 4.360000
 270 4.360000
 271 4.340000
 272 4.290000
 273 4.290000
 274 4.320000
 275 4.260000
 276 4.290000
 277 4.290000
 278 3.110000
 279 3.110000
 280 3.090000
 281 3.060000
 282 3.060000
 283 3.030000
 284 3.060000
 285 3.060000
 286 3.080000
 287 3.070000
 288 3.100000
 289 3.110000
 290 3.130000
 291 3.130000
 292 3.160000
 293 3.160000
 294 3.180000
 295 3.210000
 296 3.210000
 297 3.230000
 298 3.260000
 299 3.260000
 300 3.280000
 301 3.310000
 302 3.310000
 303 3.330000
 304 3.330000
 305 3.360000
 306 3.380000
 307 3.410000
 308 3.400000
 309 1.850000
 310 1.850000
 311 1.800000
 312 1.850000
 313 1.800000
 314 1.830000
 315 1.780000
 316 1.780000
 317 1.780000
 318 1.780000
 319 1.770000
 320 1.750000
 321 1.770000
 322 1.720000
 323 1.760000
 324 1.730000
 325 1.710000
 326 1.710000
 327 1.710000
 328 1.690000
 329 1.690000
 330 1.690000
 331 1.690000
 332 1.640000
 333 1.660000
 334 1.620000
 335 1.610000
 336 1.610000
 337 1.640000
 338 1.630000
 339 1.650000
 340 1.640000
 341 1.660000
 342 1.660000
 343 1.690000
 344 1.690000
 345 1.710000
 346 1.710000
 347 1.710000
 348 1.710000
 349 1.740000
 350 1.740000
 351 1.740000
 352 1.740000
 353 1.760000
 354 1.760000
 355 1.810000
 356 1.790000
 357 1.810000
 358 1.830000
 359 1.830000
 360 1.830000
 361 1.860000
 362 1.830000
 363 1.880000
 364 1.860000
 365 1.880000
 366 1.940000
 367 2.940000
 368 2.940000
 369 2.890000
 370 2.890000
 371 2.870000
 372 2.870000
 373 2.820000
 374 2.810000
 375 2.810000
 376 2.750000
 377 2.740000
 378 2.710000
 379 2.680000
 380 2.680000
 381 2.640000
 382 2.660000
 383 2.640000
 384 2.610000
 385 2.610000
 386 2.610000
 387 2.590000
 388 2.590000
 389 2.580000
 390 2.560000
 391 2.590000
 392 2.580000
 393 2.590000
 394 2.560000
 395 2.560000
 396 2.560000
 397 2.540000
 398 2.550000
 399 2.520000
 400 2.540000
 401 2.510000
 402 2.500000
 403 2.510000
 404 2.480000
 405 2.470000
 406 2.490000
 407 2.450000
 408 2.440000
 409 2.450000
 410 2.420000
 411 2.430000
 412 2.430000
 413 2.430000
 414 2.400000
 415 2.390000
 416 2.390000
 417 2.420000
 418 2.390000
 419 2.360000
 420 2.370000
 421 2.340000
 422 2.360000
 423 2.340000
 424 2.320000
 425 2.350000
 426 2.330000
 427 2.290000
 428 2.320000
 429 2.320000
 430 2.290000
 431 2.290000
 432 2.290000
 433 2.310000
 434 2.290000
 435 2.280000
 436 2.270000
 437 2.290000
 438 2.290000
 439 2.290000
 440 2.290000
 441 2.290000
 442 2.290000
 443 2.290000
 444 2.260000
 445 2.240000
 446 2.270000
 447 2.270000
 448 2.290000
 449 2.260000
 450 2.260000
 451 2.260000
 452 2.240000
 453 2.270000
 454 2.240000
 455 2.240000
 456 2.240000
 457 2.240000
 458 2.200000
 459 2.240000
 460 2.240000
 461 2.240000
 462 2.210000
 463 2.210000
 464 2.210000
 465 2.210000
 466 2.210000
 467 2.190000
 468 2.210000
 469 2.210000
 470 2.190000
 471 2.210000
 472 2.210000
 473 2.190000
 474 2.120000
 475 2.120000
 476 2.120000
 477 2.170000
 478 2.190000
 479 2.180000
 480 2.170000
 481 2.190000
 482 2.190000
 483 2.160000
 484 2.170000
 485 2.190000
 486 2.190000
 487 2.190000
 488 2.190000
 489 2.210000
 490 2.240000
 491 2.210000
 492 2.210000
 493 2.240000
 494 2.260000
 495 2.240000
 496 2.240000
 497 2.240000
 498 2.240000
 499 2.240000
 500 2.270000
 501 2.240000
 502 2.240000
 503 2.270000
 504 2.280000
 505 2.280000
 506 2.300000
 507 2.290000
 508 2.290000
 509 2.290000
 510 2.300000
 511 2.280000
 512 2.300000
 513 2.300000
 514 2.310000
 515 2.310000
 516 2.310000
 517 2.330000
 518 2.320000
 519 2.360000
 520 2.340000
 521 2.320000
 522 2.120000
 523 2.120000
 524 2.330000
 525 2.300000
 526 2.290000
 527 1.920000
 528 1.850000
 529 1.860000
 530 1.930000
 531 2.330000
 532 2.350000
 533 2.350000
 534 2.410000
 535 2.380000
 536 2.380000
 537 2.380000
 538 2.410000
 539 2.420000
 540 2.390000
 541 2.400000
 542 2.420000
 543 2.420000
 544 2.430000
 545 2.430000
 546 2.410000
 547 2.430000
 548 2.410000
 549 2.380000
 550 2.360000
 551 2.380000
 552 2.380000
 553 2.360000
 554 2.330000
 555 2.330000
 556 2.330000
 557 2.330000
 558 2.310000
 559 2.310000
 560 2.280000
 561 2.290000
 562 2.290000
 563 2.280000
 564 2.280000
 565 2.280000
 566 2.300000
 567 2.260000
 568 2.280000
 569 2.290000
 570 2.330000
 571 2.380000
 572 2.380000
 573 2.410000
 574 2.390000
 575 2.400000
 576 2.390000
 577 2.430000
 578 2.460000
 579 2.430000
 580 2.460000
 581 1.530000
 582 1.550000
 583 1.500000
 584 1.510000
 585 1.490000
 586 1.520000
 587 1.540000
 588 1.520000
 589 1.540000
 590 1.570000
 591 1.570000
 592 1.590000
 593 1.590000
 594 1.590000
 595 1.620000
 596 1.610000
 597 1.630000
 598 1.660000
 599 1.680000
 600 1.680000
 601 1.700000
 602 1.730000
 603 1.730000
 604 1.780000
 605 1.770000
 606 1.790000
 607 1.820000
 608 1.870000
 609 1.910000
 610 1.940000
 611 1.850000
 612 1.980000
 613 2.260000
 614 2.460000
 615 2.470000
 616 2.440000
 617 2.040000
 618 2.010000
 619 2.010000
 620 2.120000
 621 2.490000
 622 2.490000
 623 2.490000
 624 2.520000
 625 2.520000
 626 2.500000
 627 2.500000
 628 2.530000
 629 2.520000
 630 2.540000
 631 2.550000
 632 2.530000
 633 2.550000
 634 2.550000
 635 2.560000
 636 2.580000
 637 2.550000
 638 2.580000
 639 2.580000
 640 2.580000
 641 2.600000
 642 2.600000
 643 2.600000
 644 2.580000
 645 2.600000
 646 2.580000
 647 2.600000
 648 2.600000
 649 2.590000
 650 2.620000
 651 2.630000
 652 2.620000
 653 2.620000
 654 2.640000
 655 2.620000
 656 2.620000
 657 2.640000
 658 2.640000
 659 2.630000
 660 2.650000
 661 2.650000
 662 2.680000
 663 2.650000
 664 2.680000
 665 2.680000
 666 2.700000
 667 2.700000
 668 2.700000
 669 2.700000
 670 2.700000
 671 2.730000
 672 2.720000
 673 2.730000
 674 2.740000
 675 2.740000
 676 2.740000
 677 2.740000
 678 2.770000
 679 2.790000
 680 2.790000
 681 2.790000
 682 2.790000
 683 2.790000
 684 2.810000
 685 2.840000
 686 2.810000
 687 2.840000
 688 2.840000
 689 2.870000
 690 2.870000
 691 2.870000
 692 2.890000
 693 2.890000
 694 2.890000
 695 2.890000
 696 2.910000
 697 2.940000
 698 2.940000
 699 2.960000
 700 2.950000
 701 2.960000
 702 2.980000
 703 3.010000
 704 3.040000
 705 3.060000
 706 3.040000
 707 3.060000
 708 3.060000
 709 3.060000
 710 3.090000
 711 3.080000
 712 3.100000
 713 3.090000
 714 3.120000
 715 3.140000
 716 3.120000
 717 3.180000
 718 3.170000
 719 3.190000
 720 3.190000
 721 3.220000
 722 3.240000
 723 1.510000
 724 1.500000
 725 1.490000
 726 1.490000
 727 1.510000
 728 1.510000
 729 1.490000
 730 1.510000
 731 1.510000
 732 1.510000
 733 1.510000
 734 1.510000
 735 1.520000
 736 1.520000
 737 2.580000
 738 2.510000
 739 2.380000
 740 2.360000
 741 2.260000
 742 2.180000
 743 2.110000
 744 1.510000
 745 1.480000
 746 1.490000
 747 1.520000
 748 1.530000
 749 1.490000
 750 1.470000
 751 3.840000
 752 3.820000
 753 3.790000
 754 3.790000
 755 3.790000
 756 3.840000
 757 3.860000
 758 3.890000
 759 3.940000
 760 3.940000
 0 2.130000
 1 2.090000
 2 2.120000
 3 2.110000
 4 2.110000
 5 2.120000
 6 2.120000
 7 2.110000
 8 2.110000
 9 2.110000
 10 2.110000
 11 2.110000
 12 2.130000
 13 2.110000
 14 2.110000
 15 2.120000
 16 2.110000
 17 2.130000
 18 2.120000
 19 2.140000
 20 2.160000
 21 2.190000
 22 2.180000
 23 2.190000
 24 2.160000
 25 2.180000
 26 2.140000
 27 2.150000
 28 2.150000
 29 2.180000
 30 2.160000
 31 2.160000
 32 2.170000
 33 2.200000
 34 2.200000
 35 2.160000
 36 2.180000
 37 2.210000
 38 2.180000
 39 2.300000
 40 2.240000
 41 2.160000
 42 2.150000
 43 2.180000
 44 2.160000
 45 2.190000
 46 2.230000
 47 2.230000
 48 2.200000
 49 2.210000
 50 2.190000
 51 2.200000
 52 2.230000
 53 2.210000
 54 2.250000
 55 2.250000
 56 2.250000
 57 2.240000
 58 2.210000
 59 2.210000
 60 2.220000
 61 2.200000
 62 2.220000
 63 2.240000
 64 2.260000
 65 2.260000
 66 2.260000
 67 2.290000
 68 2.300000
 69 2.270000
 70 2.290000
 71 2.310000
 72 2.260000
 73 2.290000
 74 2.290000
 75 2.290000
 76 2.300000
 77 2.320000
 78 2.320000
 79 2.310000
 80 2.310000
 81 2.330000
 82 2.310000
 83 2.440000
 84 2.370000
 85 2.310000
 86 2.300000
 87 2.320000
 88 2.310000
 89 2.360000
 90 2.370000
 91 2.370000
 92 2.360000
 93 2.380000
 94 2.410000
 95 2.400000
 96 2.400000
 97 2.380000
 98 2.390000
 99 2.390000
 100 2.390000
 101 2.360000
 102 2.370000
 103 2.370000
 104 2.390000
 105 2.420000
 106 2.400000
 107 2.410000
 108 2.510000
 109 2.470000
 110 2.460000
 111 3.460000
 112 3.480000
 113 3.580000
 114 3.550000
 115 3.520000
 116 3.520000
 117 3.530000
 118 3.480000
 119 2.120000
 120 2.100000
 121 2.080000
 122 2.110000
 123 2.080000
 124 2.080000
 125 2.080000
 126 2.070000
 127 2.090000
 128 2.070000
 129 2.090000
 130 2.090000
 131 2.130000
 132 2.130000
 133 2.130000
 134 2.130000
 135 2.120000
 136 2.060000
 137 2.070000
 138 2.000000
 139 3.810000
 140 3.810000
 141 3.810000
 142 3.810000
 143 3.820000
 144 3.820000
 145 3.800000
 146 3.780000
 147 3.820000
 148 3.850000
 149 3.850000
 150 3.880000
 151 3.880000
 152 3.880000
 153 3.930000
 154 3.900000
 155 3.930000
 156 3.920000
 157 3.940000
 158 4.030000
 159 4.040000
 160 4.060000
 161 4.070000
 162 4.040000
 163 4.130000
 164 4.030000
 165 4.170000
 166 4.060000
 167 4.080000
 168 4.080000
 169 4.110000
 170 4.110000
 171 4.130000
 172 4.160000
 173 4.180000
 174 4.180000
 175 4.180000
 176 4.210000
 177 4.230000
 178 4.280000
 179 4.260000
 180 4.310000
 181 4.310000
 182 4.410000
 183 4.360000
 184 4.330000
 185 4.440000
 186 4.380000
 187 4.430000
 188 4.430000
 189 4.140000
 190 4.460000
 191 4.460000
 192 4.460000
 193 4.360000
 194 4.580000
 195 4.580000
 196 4.710000
 197 3.380000
 198 3.360000
 199 3.340000
 200 3.310000
 201 3.250000
 202 3.250000
 203 3.220000
 204 3.230000
 205 3.230000
 206 3.210000
 207 3.150000
 208 3.180000
 209 3.130000
 210 3.160000
 211 3.110000
 212 3.110000
 213 3.110000
 214 3.090000
 215 3.110000
 216 3.110000
 217 3.110000
 218 3.130000
 219 3.160000
 220 3.180000
 221 3.180000
 222 3.180000
 223 3.180000
 224 3.200000
 225 3.230000
 226 3.230000
 227 3.260000
 228 3.280000
 229 3.330000
 230 3.330000
 231 4.620000
 232 4.620000
 233 4.590000
 234 4.600000
 235 4.670000
 236 4.620000
 237 4.610000
 238 4.710000
 239 4.590000
 240 4.590000
 241 4.890000
 242 4.520000
 243 4.510000
 244 4.940000
 245 5.220000
 246 5.230000
 247 5.100000
 248 5.100000
 249 5.180000
 250 5.220000
 251 5.220000
 252 5.200000
 253 5.200000
 254 5.190000
 255 5.190000
 256 5.140000
 257 4.540000
 258 4.380000
 259 4.360000
 260 4.370000
 261 4.400000
 262 4.390000
 263 4.390000
 264 4.410000
 265 4.390000
 266 4.280000
 267 4.390000
 268 4.360000
 269 4.360000
 270 4.340000
 271 4.320000
 272 4.310000
 273 4.330000
 274 4.320000
 275 4.290000
 276 4.310000
 277 4.310000
 278 3.110000
 279 3.090000
 280 3.090000
 281 3.060000
 282 3.060000
 283 3.030000
 284 3.060000
 285 3.060000
 286 3.080000
 287 3.080000
 288 3.100000
 289 3.110000
 290 3.110000
 291 3.130000
 292 3.160000
 293 3.180000
 294 3.180000
 295 3.210000
 296 3.210000
 297 3.230000
 298 3.230000
 299 3.260000
 300 3.260000
 301 3.310000
 302 3.330000
 303 3.330000
 304 3.330000
 305 3.360000
 306 3.380000
 307 3.380000
 308 3.400000
 309 1.850000
 310 1.830000
 311 1.830000
 312 1.830000
 313 1.830000
 314 1.800000
 315 1.780000
 316 1.780000
 317 1.780000
 318 1.780000
 319 1.760000
 320 1.780000
 321 1.770000
 322 1.750000
 323 1.730000
 324 1.730000
 325 1.710000
 326 1.710000
 327 1.710000
 328 1.690000
 329 1.690000
 330 1.690000
 331 1.660000
 332 1.660000
 333 1.660000
 334 1.620000
 335 1.610000
 336 1.610000
 337 1.640000
 338 1.630000
 339 1.650000
 340 1.660000
 341 1.690000
 342 1.660000
 343 1.690000
 344 1.710000
 345 1.690000
 346 1.710000
 347 1.710000
 348 1.740000
 349 1.740000
 350 1.740000
 351 1.760000
 352 1.740000
 353 1.760000
 354 1.790000
 355 1.790000
 356 1.790000
 357 1.790000
 358 1.830000
 359 1.830000
 360 1.860000
 361 1.860000
 362 1.860000
 363 1.860000
 364 1.890000
 365 1.880000
 366 1.940000
 367 2.940000
 368 2.940000
 369 2.890000
 370 2.890000
 371 2.890000
 372 2.870000
 373 2.820000
 374 2.840000
 375 2.800000
 376 2.760000
 377 2.710000
 378 2.690000
 379 2.680000
 380 2.680000
 381 2.670000
 382 2.660000
 383 2.610000
 384 2.610000
 385 2.610000
 386 2.590000
 387 2.590000
 388 2.590000
 389 2.590000
 390 2.590000
 391 2.590000
 392 2.560000
 393 2.560000
 394 2.590000
 395 2.560000
 396 2.550000
 397 2.550000
 398 2.530000
 399 2.530000
 400 2.540000
 401 2.510000
 402 2.470000
 403 2.500000
 404 2.450000
 405 2.480000
 406 2.460000
 407 2.440000
 408 2.450000
 409 2.450000
 410 2.420000
 411 2.400000
 412 2.390000
 413 2.400000
 414 2.400000
 415 2.390000
 416 2.390000
 417 2.370000
 418 2.390000
 419 2.390000
 420 2.340000
 421 2.350000
 422 2.340000
 423 2.330000
 424 2.320000
 425 2.350000
 426 2.330000
 427 2.320000
 428 2.290000
 429 2.320000
 430 2.320000
 431 2.290000
 432 2.320000
 433 2.290000
 434 2.310000
 435 2.290000
 436 2.290000
 437 2.310000
 438 2.260000
 439 2.290000
 440 2.290000
 441 2.260000
 442 2.260000
 443 2.290000
 444 2.290000
 445 2.260000
 446 2.270000
 447 2.270000
 448 2.260000
 449 2.250000
 450 2.290000
 451 2.260000
 452 2.260000
 453 2.240000
 454 2.240000
 455 2.240000
 456 2.240000
 457 2.230000
 458 2.210000
 459 2.240000
 460 2.210000
 461 2.210000
 462 2.210000
 463 2.210000
 464 2.210000
 465 2.210000
 466 2.210000
 467 2.210000
 468 2.190000
 469 2.210000
 470 2.220000
 471 2.190000
 472 2.210000
 473 2.190000
 474 2.120000
 475 2.120000
 476 2.120000
 477 2.190000
 478 2.190000
 479 2.180000
 480 2.170000
 481 2.190000
 482 2.170000
 483 2.160000
 484 2.190000
 485 2.190000
 486 2.190000
 487 2.190000
 488 2.210000
 489 2.190000
 490 2.220000
 491 2.240000
 492 2.240000
 493 2.240000
 494 2.240000
 495 2.240000
 496 2.260000
 497 2.240000
 498 2.240000
 499 2.240000
 500 2.240000
 501 2.270000
 502 2.270000
 503 2.270000
 504 2.290000
 505 2.280000
 506 2.300000
 507 2.290000
 508 2.270000
 509 2.300000
 510 2.290000
 511 2.330000
 512 2.330000
 513 2.300000
 514 2.300000
 515 2.310000
 516 2.310000
 517 2.310000
 518 2.340000
 519 2.360000
 520 2.360000
 521 2.350000
 522 2.120000
 523 2.130000
 524 2.330000
 525 2.320000
 526 2.290000
 527 1.920000
 528 1.880000
 529 1.870000
 530 1.890000
 531 2.320000
 532 2.350000
 533 2.380000
 534 2.380000
 535 2.380000
 536 2.380000
 537 2.410000
 538 2.410000
 539 2.420000
 540 2.390000
 541 2.420000
 542 2.420000
 543 2.420000
 544 2.410000
 545 2.430000
 546 2.410000
 547 2.410000
 548 2.410000
 549 2.380000
 550 2.360000
 551 2.380000
 552 2.360000
 553 2.360000
 554 2.360000
 555 2.330000
 556 2.330000
 557 2.330000
 558 2.310000
 559 2.310000
 560 2.310000
 561 2.290000
 562 2.280000
 563 2.280000
 564 2.280000
 565 2.310000
 566 2.300000
 567 2.290000
 568 2.250000
 569 2.260000
 570 2.330000
 571 2.380000
 572 2.380000
 573 2.410000
 574 2.400000
 575 2.400000
 576 2.390000
 577 2.390000
 578 2.430000
 579 2.460000
 580 2.430000
 581 1.530000
 582 1.550000
 583 1.500000
 584 1.500000
 585 1.520000
 586 1.520000
 587 1.520000
 588 1.550000
 589 1.540000
 590 1.570000
 591 1.570000
 592 1.570000
 593 1.590000
 594 1.620000
 595 1.620000
 596 1.620000
 597 1.630000
 598 1.660000
 599 1.660000
 600 1.680000
 601 1.680000
 602 1.730000
 603 1.730000
 604 1.740000
 605 1.770000
 606 1.790000
 607 1.840000
 608 1.840000
 609 1.860000
 610 1.940000
 611 1.850000
 612 1.930000
 613 2.260000
 614 2.440000
 615 2.470000
 616 2.440000
 617 2.070000
 618 2.030000
 619 2.030000
 620 2.110000
 621 2.490000
 622 2.490000
 623 2.490000
 624 2.520000
 625 2.490000
 626 2.530000
 627 2.520000
 628 2.520000
 629 2.520000
 630 2.540000
 631 2.530000
 632 2.550000
 633 2.550000
 634 2.560000
 635 2.560000
 636 2.550000
 637 2.550000
 638 2.580000
 639 2.580000
 640 2.580000
 641 2.580000
 642 2.580000
 643 2.580000
 644 2.580000
 645 2.600000
 646 2.580000
 647 2.600000
 648 2.630000
 649 2.590000
 650 2.620000
 651 2.630000
 652 2.620000
 653 2.630000
 654 2.620000
 655 2.620000
 656 2.640000
 657 2.640000
 658 2.680000
 659 2.630000
 660 2.680000
 661 2.650000
 662 2.680000
 663 2.680000
 664 2.680000
 665 2.680000
 666 2.700000
 667 2.680000
 668 2.680000
 669 2.730000
 670 2.730000
 671 2.700000
 672 2.720000
 673 2.730000
 674 2.740000
 675 2.720000
 676 2.770000
 677 2.770000
 678 2.740000
 679 2.760000
 680 2.760000
 681 2.790000
 682 2.790000
 683 2.790000
 684 2.810000
 685 2.810000
 686 2.810000
 687 2.840000
 688 2.840000
 689 2.860000
 690 2.870000
 691 2.870000
 692 2.870000
 693 2.890000
 694 2.890000
 695 2.910000
 696 2.910000
 697 2.940000
 698 2.940000
 699 2.960000
 700 2.990000
 701 2.960000
 702 2.980000
 703 3.010000
 704 3.040000
 705 3.060000
 706 3.040000
 707 3.060000
 708 3.040000
 709 3.060000
 710 3.090000
 711 3.090000
 712 3.080000
 713 3.090000
 714 3.120000
 715 3.140000
 716 3.120000
 717 3.170000
 718 3.190000
 719 3.190000
 720 3.220000
 721 3.240000
 722 3.240000
 723 1.510000
 724 1.500000
 725 1.510000
 726 1.510000
 727 1.490000
 728 1.510000
 729 1.510000
 730 1.510000
 731 1.540000
 732 1.510000
 733 1.510000
 734 1.530000
 735 1.520000
 736 1.520000
 737 2.560000
 738 2.510000
 739 2.380000
 740 2.330000
 741 2.260000
 742 2.180000
 743 2.110000
 744 1.510000
 745 1.490000
 746 1.490000
 747 1.550000
 748 1.480000
 749 1.490000
 750 1.490000
 751 3.810000
 752 3.820000
 753 3.820000
 754 3.810000
 755 3.810000
 756 3.840000
 757 3.830000
 758 3.910000
 759 3.920000
 760 3.940000
 0 2.130000
 1 2.110000
 2 2.120000
 3 2.110000
 4 2.110000
 5 2.120000
 6 2.120000
 7 2.110000
 8 2.110000
 9 2.110000
 10 2.130000
 11 2.110000
 12 2.100000
 13 2.110000
 14 2.120000
 15 2.140000
 16 2.130000
 17 2.110000
 18 2.150000
 19 2.160000
 20 2.160000
 21 2.160000
 22 2.180000
 23 2.190000
 24 2.160000
 25 2.180000
 26 2.140000
 27 2.150000
 28 2.180000
 29 2.150000
 30 2.140000
 31 2.190000
 32 2.170000
 33 2.170000
 34 2.200000
 35 2.190000
 36 2.180000
 37 2.160000
 38 2.210000
 39 2.300000
 40 2.230000
 41 2.140000
 42 2.150000
 43 2.150000
 44 2.190000
 45 2.210000
 46 2.200000
 47 2.230000
 48 2.210000
 49 2.230000
 50 2.210000
 51 2.220000
 52 2.200000
 53 2.210000
 54 2.250000
 55 2.250000
 56 2.250000
 57 2.240000
 58 2.210000
 59 2.210000
 60 2.220000
 61 2.200000
 62 2.220000
 63 2.240000
 64 2.260000
 65 2.280000
 66 2.260000
 67 2.290000
 68 2.280000
 69 2.270000
 70 2.290000
 71 2.280000
 72 2.280000
 73 2.260000
 74 2.290000
 75 2.290000
 76 2.320000
 77 2.300000
 78 2.320000
 79 2.310000
 80 2.310000
 81 2.310000
 82 2.330000
 83 2.440000
 84 2.340000
 85 2.310000
 86 2.300000
 87 2.300000
 88 2.290000
 89 2.340000
 90 2.350000
 91 2.370000
 92 2.390000
 93 2.380000
 94 2.360000
 95 2.400000
 96 2.400000
 97 2.400000
 98 2.390000
 99 2.360000
 100 2.390000
 101 2.360000
 102 2.390000
 103 2.370000
 104 2.380000
 105 2.440000
 106 2.430000
 107 2.440000
 108 2.490000
 109 2.470000
 110 2.460000
 111 3.430000
 112 3.460000
 113 3.580000
 114 3.550000
 115 3.520000
 116 3.520000
 117 3.530000
 118 3.480000
 119 2.120000
 120 2.100000
 121 2.080000
 122 2.080000
 123 2.110000
 124 2.100000
 125 2.080000
 126 2.070000
 127 2.070000
 128 2.070000
 129 2.090000
 130 2.100000
 131 2.110000
 132 2.130000
 133 2.130000
 134 2.130000
 135 2.100000
 136 2.030000
 137 2.060000
 138 2.030000
 139 3.840000
 140 3.810000
 141 3.840000
 142 3.810000
 143 3.820000
 144 3.820000
 145 3.800000
 146 3.800000
 147 3.800000
 148 3.850000
 149 3.860000
 150 3.900000
 151 3.880000
 152 3.880000
 153 3.920000
 154 3.900000
 155 3.910000
 156 3.930000
 157 3.990000
 158 4.030000
 159 4.020000
 160 4.060000
 161 4.040000
 162 4.040000
 163 4.110000
 164 4.030000
 165 4.170000
 166 4.060000
 167 4.080000
 168 4.080000
 169 4.110000
 170 4.110000
 171 4.130000
 172 4.160000
 173 4.160000
 174 4.180000
 175 4.180000
 176 4.230000
 177 4.260000
 178 4.250000
 179 4.280000
 180 4.280000
 181 4.330000
 182 4.310000
 183 4.360000
 184 4.440000
 185 4.480000
 186 4.430000
 187 4.410000
 188 4.460000
 189 4.140000
 190 4.480000
 191 4.480000
 192 4.480000
 193 4.360000
 194 4.570000
 195 4.560000
 196 4.710000
 197 3.400000
 198 3.330000
 199 3.340000
 200 3.310000
 201 3.280000
 202 3.250000
 203 3.250000
 204 3.250000
 205 3.230000
 206 3.210000
 207 3.150000
 208 3.160000
 209 3.130000
 210 3.130000
 211 3.130000
 212 3.100000
 213 3.090000
 214 3.090000
 215 3.100000
 216 3.110000
 217 3.110000
 218 3.130000
 219 3.180000
 220 3.180000
 221 3.180000
 222 3.180000
 223 3.210000
 224 3.180000
 225 3.200000
 226 3.240000
 227 3.260000
 228 3.280000
 229 3.330000
 230 3.360000
 231 4.620000
 232 4.590000
 233 4.590000
 234 4.580000
 235 4.670000
 236 4.620000
 237 4.630000
 238 4.710000
 239 4.590000
 240 4.570000
 241 4.890000
 242 4.520000
 243 4.540000
 244 4.920000
 245 5.220000
 246 5.230000
 247 5.120000
 248 5.100000
 249 5.210000
 250 5.220000
 251 5.220000
 252 5.220000
 253 5.200000
 254 5.190000
 255 5.170000
 256 5.140000
 257 4.540000
 258 4.410000
 259 4.360000
 260 4.370000
 261 4.400000
 262 4.390000
 263 4.390000
 264 4.410000
 265 4.420000
 266 4.310000
 267 4.390000
 268 4.360000
 269 4.350000
 270 4.340000
 271 4.340000
 272 4.310000
 273 4.320000
 274 4.320000
 275 4.290000
 276 4.310000
 277 4.290000
 278 3.130000
 279 3.110000
 280 3.090000
 281 3.060000
 282 3.060000
 283 3.030000
 284 3.030000
 285 3.060000
 286 3.080000
 287 3.080000
 288 3.100000
 289 3.130000
 290 3.130000
 291 3.160000
 292 3.160000
 293 3.160000
 294 3.180000
 295 3.180000
 296 3.210000
 297 3.230000
 298 3.260000
 299 3.280000
 300 3.280000
 301 3.280000
 302 3.310000
 303 3.310000
 304 3.360000
 305 3.360000
 306 3.410000
 307 3.380000
 308 3.420000
 309 1.850000
 310 1.850000
 311 1.830000
 312 1.830000
 313 1.830000
 314 1.800000
 315 1.800000
 316 1.800000
 317 1.780000
 318 1.780000
 319 1.770000
 320 1.750000
 321 1.740000
 322 1.750000
 323 1.730000
 324 1.730000
 325 1.710000
 326 1.710000
 327 1.710000
 328 1.690000
 329 1.690000
 330 1.660000
 331 1.660000
 332 1.660000
 333 1.660000
 334 1.650000
 335 1.640000
 336 1.610000
 337 1.640000
 338 1.630000
 339 1.660000
 340 1.660000
 341 1.660000
 342 1.660000
 343 1.690000
 344 1.660000
 345 1.710000
 346 1.710000
 347 1.710000
 348 1.710000
 349 1.710000
 350 1.740000
 351 1.740000
 352 1.760000
 353 1.760000
 354 1.760000
 355 1.790000
 356 1.810000
 357 1.780000
 358 1.810000
 359 1.830000
 360 1.830000
 361 1.860000
 362 1.830000
 363 1.860000
 364 1.890000
 365 1.880000
 366 1.940000
 367 2.940000
 368 2.900000
 369 2.890000
 370 2.890000
 371 2.890000
 372 2.870000
 373 2.820000
 374 2.800000
 375 2.780000
 376 2.760000
 377 2.740000
 378 2.690000
 379 2.680000
 380 2.660000
 381 2.650000
 382 2.640000
 383 2.640000
 384 2.610000
 385 2.590000
 386 2.590000
 387 2.590000
 388 2.590000
 389 2.590000
 390 2.590000
 391 2.590000
 392 2.590000
 393 2.590000
 394 2.560000
 395 2.560000
 396 2.550000
 397 2.550000
 398 2.560000
 399 2.530000
 400 2.530000
 401 2.530000
 402 2.480000
 403 2.500000
 404 2.480000
 405 2.460000
 406 2.440000
 407 2.420000
 408 2.430000
 409 2.440000
 410 2.420000
 411 2.420000
 412 2.420000
 413 2.430000
 414 2.390000
 415 2.390000
 416 2.390000
 417 2.390000
 418 2.390000
 419 2.390000
 420 2.340000
 421 2.340000
 422 2.340000
 423 2.350000
 424 2.320000
 425 2.330000
 426 2.300000
 427 2.320000
 428 2.290000
 429 2.300000
 430 2.290000
 431 2.290000
 432 2.290000
 433 2.290000
 434 2.290000
 435 2.290000
 436 2.270000
 437 2.290000
 438 2.290000
 439 2.290000
 440 2.290000
 441 2.290000
 442 2.290000
 443 2.260000
 444 2.260000
 445 2.260000
 446 2.240000
 447 2.270000
 448 2.260000
 449 2.260000
 450 2.260000
 451 2.260000
 452 2.260000
 453 2.240000
 454 2.240000
 455 2.260000
 456 2.260000
 457 2.240000
 458 2.240000
 459 2.240000
 460 2.240000
 461 2.210000
 462 2.220000
 463 2.210000
 464 2.210000
 465 2.210000
 466 2.210000
 467 2.210000
 468 2.190000
 469 2.210000
 470 2.190000
 471 2.190000
 472 2.190000
 473 2.190000
 474 2.130000
 475 2.120000
 476 2.120000
 477 2.160000
 478 2.160000
 479 2.180000
 480 2.170000
 481 2.190000
 482 2.170000
 483 2.170000
 484 2.140000
 485 2.190000
 486 2.160000
 487 2.170000
 488 2.190000
 489 2.210000
 490 2.210000
 491 2.210000
 492 2.240000
 493 2.210000
 494 2.240000
 495 2.240000
 496 2.240000
 497 2.240000
 498 2.240000
 499 2.240000
 500 2.270000
 501 2.240000
 502 2.240000
 503 2.270000
 504 2.270000
 505 2.280000
 506 2.270000
 507 2.290000
 508 2.320000
 509 2.290000
 510 2.300000
 511 2.330000
 512 2.300000
 513 2.300000
 514 2.310000
 515 2.310000
 516 2.310000
 517 2.330000
 518 2.340000
 519 2.360000
 520 2.360000
 521 2.320000
 522 2.120000
 523 2.150000
 524 2.330000
 525 2.290000
 526 2.290000
 527 1.940000
 528 1.850000
 529 1.840000
 530 1.920000
 531 2.330000
 532 2.380000
 533 2.350000
 534 2.380000
 535 2.380000
 536 2.380000
 537 2.410000
 538 2.380000
 539 2.420000
 540 2.370000
 541 2.420000
 542 2.420000
 543 2.400000
 544 2.430000
 545 2.410000
 546 2.410000
 547 2.410000
 548 2.410000
 549 2.410000
 550 2.380000
 551 2.380000
 552 2.360000
 553 2.360000
 554 2.360000
 555 2.360000
 556 2.330000
 557 2.330000
 558 2.310000
 559 2.340000
 560 2.330000
 561 2.280000
 562 2.290000
 563 2.280000
 564 2.280000
 565 2.280000
 566 2.300000
 567 2.290000
 568 2.290000
 569 2.260000
 570 2.330000
 571 2.360000
 572 2.380000
 573 2.410000
 574 2.420000
 575 2.380000
 576 2.390000
 577 2.390000
 578 2.430000
 579 2.460000
 580 2.440000
 581 1.550000
 582 1.550000
 583 1.510000
 584 1.510000
 585 1.520000
 586 1.490000
 587 1.520000
 588 1.540000
 589 1.540000
 590 1.540000
 591 1.570000
 592 1.570000
 593 1.590000
 594 1.620000
 595 1.620000
 596 1.640000
 597 1.630000
 598 1.660000
 599 1.660000
 600 1.680000
 601 1.700000
 602 1.700000
 603 1.730000
 604 1.740000
 605 1.770000
 606 1.790000
 607 1.820000
 608 1.860000
 609 1.890000
 610 1.960000
 611 1.880000
 612 1.980000
 613 2.360000
 614 2.440000
 615 2.470000
 616 2.420000
 617 2.070000
 618 2.040000
 619 2.010000
 620 2.120000
 621 2.490000
 622 2.490000
 623 2.490000
 624 2.520000
 625 2.490000
 626 2.520000
 627 2.520000
 628 2.530000
 629 2.520000
 630 2.530000
 631 2.530000
 632 2.530000
 633 2.550000
 634 2.580000
 635 2.550000
 636 2.580000
 637 2.580000
 638 2.550000
 639 2.580000
 640 2.580000
 641 2.580000
 642 2.580000
 643 2.580000
 644 2.570000
 645 2.580000
 646 2.600000
 647 2.600000
 648 2.600000
 649 2.590000
 650 2.590000
 651 2.620000
 652 2.590000
 653 2.620000
 654 2.620000
 655 2.620000
 656 2.640000
 657 2.640000
 658 2.650000
 659 2.630000
 660 2.650000
 661 2.650000
 662 2.650000
 663 2.650000
 664 2.680000
 665 2.680000
 666 2.680000
 667 2.680000
 668 2.680000
 669 2.730000
 670 2.730000
 671 2.730000
 672 2.700000
 673 2.730000
 674 2.720000
 675 2.720000
 676 2.740000
 677 2.770000
 678 2.770000
 679 2.760000
 680 2.760000
 681 2.790000
 682 2.790000
 683 2.810000
 684 2.810000
 685 2.810000
 686 2.810000
 687 2.810000
 688 2.840000
 689 2.870000
 690 2.870000
 691 2.860000
 692 2.870000
 693 2.890000
 694 2.910000
 695 2.890000
 696 2.910000
 697 2.940000
 698 2.940000
 699 2.960000
 700 2.950000
 701 2.960000
 702 2.990000
 703 3.010000
 704 3.010000
 705 3.010000
 706 3.040000
 707 3.040000
 708 3.040000
 709 3.060000
 710 3.060000
 711 3.090000
 712 3.090000
 713 3.090000
 714 3.100000
 715 3.130000
 716 3.140000
 717 3.180000
 718 3.140000
 719 3.170000
 720 3.190000
 721 3.220000
 722 3.220000
 723 1.510000
 724 1.500000
 725 1.490000
 726 1.490000
 727 1.510000
 728 1.510000
 729 1.510000
 730 1.510000
 731 1.510000
 732 1.510000
 733 1.530000
 734 1.510000
 735 1.520000
 736 1.520000
 737 2.580000
 738 2.480000
 739 2.410000
 740 2.310000
 741 2.230000
 742 2.140000
 743 2.130000
 744 1.510000
 745 1.490000
 746 1.490000
 747 1.520000
 748 1.480000
 749 1.500000
 750 1.500000
 751 3.810000
 752 3.820000
 753 3.790000
 754 3.790000
 755 3.790000
 756 3.840000
 757 3.840000
 758 3.890000
 759 3.920000
 760 3.910000