
 0 2.120000
 1 2.100000
 2 2.100000
 3 2.100000
 4 2.130000
 5 2.120000
 6 2.110000
 7 2.130000
 8 2.110000
 9 2.130000
 10 2.110000
 11 2.120000
 12 2.120000
 13 2.100000
 14 2.110000
 15 2.110000
 16 2.110000
 17 2.130000
 18 2.120000
 19 2.140000
 20 2.160000
 21 2.190000
 22 2.200000
 23 2.190000
 24 2.160000
 25 2.150000
 26 2.150000
 27 2.150000
 28 2.180000
 29 2.180000
 30 2.170000
 31 2.160000
 32 2.200000
 33 2.200000
 34 2.200000
 35 2.190000
 36 2.190000
 37 2.210000
 38 2.200000
 39 2.270000
 40 2.240000
 41 2.170000
 42 2.150000
 43 2.150000
 44 2.150000
 45 2.210000
 46 2.230000
 47 2.230000
 48 2.210000
 49 2.200000
 50 2.190000
 51 2.200000
 52 2.200000
 53 2.220000
 54 2.250000
 55 2.250000
 56 2.250000
 57 2.240000
 58 2.210000
 59 2.210000
 60 2.220000
 61 2.220000
 62 2.220000
 63 2.210000
 64 2.250000
 65 2.250000
 66 2.250000
 67 2.290000
 68 2.280000
 69 2.300000
 70 2.290000
 71 2.300000
 72 2.280000
 73 2.290000
 74 2.260000
 75 2.290000
 76 2.320000
 77 2.300000
 78 2.320000
 79 2.310000
 80 2.300000
 81 2.330000
 82 2.330000
 83 2.410000
 84 2.340000
 85 2.300000
 86 2.300000
 87 2.320000
 88 2.310000
 89 2.340000
 90 2.370000
 91 2.370000
 92 2.360000
 93 2.380000
 94 2.380000
 95 2.360000
 96 2.400000
 97 2.400000
 98 2.390000
 99 2.360000
 100 2.360000
 101 2.360000
 102 2.370000
 103 2.370000
 104 2.390000
 105 2.400000
 106 2.400000
 107 2.410000
 108 2.480000
 109 2.460000
 110 2.450000
 111 3.410000
 112 3.420000
 113 3.550000
 114 3.550000
 115 3.550000
 116 3.520000
 117 3.530000
 118 3.460000
 119 3.480000
 120 3.480000
 121 3.480000
 122 3.480000
 123 3.480000
 124 3.530000
 125 3.530000
 126 3.510000
 127 3.530000
 128 3.630000
 129 3.560000
 130 3.560000
 131 3.650000
 132 3.640000
 133 3.610000
 134 3.660000
 135 3.680000
 136 3.690000
 137 3.700000
 138 3.740000
 139 3.830000
 140 3.800000
 141 3.830000
 142 3.820000
 143 3.850000
 144 1.420000
 145 1.370000
 146 1.370000
 147 1.370000
 148 1.360000
 149 1.330000
 150 1.360000
 151 1.360000
 152 1.360000
 153 1.360000
 154 1.330000
 155 1.380000
 156 1.390000
 157 1.370000
 158 1.370000
 159 1.360000
 160 1.360000
 161 1.400000
 162 1.400000
 163 1.410000
 164 1.390000
 165 1.420000
 166 1.420000
 167 1.410000
 168 1.430000
 169 1.460000
 170 1.480000
 171 1.530000
 172 4.160000
 173 4.180000
 174 4.170000
 175 4.200000
 176 1.370000
 177 1.360000
 178 1.370000
 179 1.340000
 180 1.300000
 181 1.340000
 182 1.350000
 183 1.340000
 184 1.330000
 185 1.370000
 186 4.400000
 187 4.410000
 188 1.320000
 189 1.320000
 190 1.310000
 191 1.320000
 192 1.290000
 193 4.310000
 194 4.510000
 195 4.610000
 196 4.580000
 197 3.140000
 198 3.120000
 199 3.070000
 200 3.050000
 201 3.010000
 202 2.990000
 203 2.960000
 204 2.960000
 205 2.930000
 206 2.930000
 207 2.930000
 208 2.890000
 209 2.880000
 210 2.910000
 211 2.910000
 212 2.930000
 213 2.950000
 214 2.960000
 215 2.930000
 216 2.940000
 217 2.980000
 218 2.960000
 219 2.920000
 220 2.950000
 221 2.950000
 222 3.000000
 223 2.980000
 224 3.000000
 225 3.010000
 226 2.980000
 227 3.010000
 228 3.030000
 229 3.060000
 230 3.060000
 231 3.070000
 232 4.590000
 233 4.620000
 234 4.570000
 235 4.660000
 236 4.620000
 237 4.630000
 238 4.710000
 239 4.560000
 240 4.620000
 241 4.860000
 242 4.520000
 243 4.510000
 244 4.940000
 245 5.190000
 246 5.240000
 247 5.120000
 248 5.100000
 249 5.190000
 250 5.210000
 251 5.220000
 252 5.200000
 253 5.200000
 254 5.160000
 255 5.170000
 256 4.910000
 257 4.570000
 258 4.410000
 259 4.390000
 260 4.390000
 261 4.400000
 262 4.390000
 263 4.380000
 264 4.420000
 265 4.410000
 266 4.280000
 267 4.380000
 268 4.360000
 269 4.380000
 270 4.330000
 271 4.370000
 272 4.310000
 273 4.330000
 274 4.320000
 275 4.270000
 276 4.280000
 277 4.320000
 278 2.430000
 279 2.400000
 280 2.360000
 281 2.340000
 282 2.310000
 283 2.250000
 284 2.260000
 285 2.170000
 286 2.180000
 287 2.120000
 288 2.100000
 289 2.040000
 290 2.050000
 291 2.020000
 292 1.970000
 293 1.960000
 294 1.920000
 295 1.910000
 296 1.860000
 297 1.850000
 298 1.830000
 299 1.800000
 300 1.800000
 301 1.760000
 302 1.760000
 303 1.710000
 304 1.700000
 305 1.660000
 306 1.690000
 307 1.660000
 308 1.630000
 309 1.630000
 310 1.580000
 311 1.560000
 312 1.560000
 313 1.530000
 314 1.530000
 315 1.480000
 316 1.490000
 317 1.490000
 318 1.460000
 319 1.440000
 320 1.440000
 321 1.440000
 322 1.410000
 323 1.420000
 324 1.400000
 325 1.360000
 326 1.370000
 327 1.350000
 328 1.350000
 329 1.320000
 330 1.330000
 331 1.300000
 332 1.310000
 333 1.330000
 334 1.350000
 335 1.340000
 336 1.350000
 337 1.350000
 338 1.350000
 339 1.370000
 340 1.350000
 341 1.350000
 342 1.350000
 343 1.350000
 344 1.370000
 345 1.370000
 346 1.360000
 347 1.390000
 348 1.390000
 349 3.240000
 350 3.210000
 351 3.180000
 352 3.130000
 353 3.080000
 354 3.060000
 355 3.010000
 356 3.010000
 357 3.010000
 358 2.980000
 359 2.980000
 360 3.010000
 361 2.980000
 362 2.980000
 363 2.960000
 364 2.960000
 365 2.910000
 366 2.880000
 367 2.910000
 368 2.910000
 369 2.870000
 370 2.870000
 371 2.820000
 372 2.820000
 373 2.770000
 374 2.780000
 375 2.610000
 376 2.500000
 377 2.480000
 378 2.450000
 379 2.430000
 380 2.400000
 381 2.350000
 382 2.350000
 383 2.330000
 384 2.290000
 385 2.280000
 386 2.260000
 387 2.250000
 388 2.200000
 389 2.210000
 390 2.190000
 391 2.220000
 392 2.220000
 393 2.220000
 394 2.210000
 395 2.240000
 396 2.250000
 397 2.250000
 398 2.270000
 399 2.270000
 400 2.240000
 401 2.270000
 402 2.260000
 403 2.260000
 404 2.290000
 405 2.290000
 406 2.290000
 407 2.290000
 408 2.290000
 409 2.310000
 410 2.310000
 411 2.330000
 412 2.300000
 413 2.330000
 414 2.330000
 415 2.330000
 416 2.350000
 417 2.330000
 418 2.340000
 419 2.340000
 420 2.330000
 421 2.300000
 422 2.290000
 423 2.300000
 424 2.300000
 425 2.320000
 426 2.290000
 427 2.310000
 428 2.290000
 429 2.280000
 430 2.270000
 431 2.290000
 432 2.260000
 433 2.260000
 434 2.270000
 435 2.260000
 436 2.260000
 437 2.260000
 438 2.230000
 439 2.260000
 440 2.230000
 441 2.260000
 442 2.230000
 443 2.230000
 444 2.230000
 445 2.230000
 446 2.240000
 447 2.240000
 448 2.230000
 449 2.230000
 450 2.260000
 451 2.230000
 452 2.210000
 453 2.240000
 454 2.230000
 455 2.210000
 456 2.180000
 457 2.180000
 458 2.210000
 459 2.180000
 460 2.160000
 461 2.190000
 462 2.170000
 463 2.170000
 464 2.190000
 465 2.180000
 466 2.160000
 467 2.180000
 468 2.160000
 469 2.160000
 470 2.160000
 471 2.130000
 472 2.160000
 473 2.160000
 474 2.170000
 475 2.160000
 476 2.140000
 477 2.160000
 478 2.160000
 479 2.140000
 480 2.110000
 481 2.130000
 482 2.120000
 483 2.130000
 484 2.140000
 485 2.140000
 486 2.140000
 487 2.130000
 488 2.130000
 489 2.160000
 490 2.170000
 491 2.190000
 492 2.180000
 493 2.180000
 494 2.210000
 495 2.220000
 496 2.220000
 497 2.220000
 498 2.190000
 499 2.220000
 500 2.220000
 501 2.250000
 502 2.220000
 503 2.250000
 504 2.220000
 505 2.250000
 506 2.250000
 507 2.240000
 508 2.270000
 509 2.270000
 510 2.270000
 511 2.270000
 512 2.270000
 513 2.270000
 514 2.270000
 515 2.250000
 516 2.280000
 517 2.270000
 518 2.280000
 519 2.320000
 520 2.300000
 521 2.270000
 522 2.090000
 523 2.120000
 524 2.270000
 525 2.270000
 526 2.230000
 527 1.920000
 528 1.840000
 529 1.860000
 530 1.920000
 531 2.240000
 532 2.300000
 533 2.320000
 534 2.350000
 535 2.330000
 536 2.330000
 537 2.360000
 538 2.330000
 539 2.360000
 540 2.330000
 541 2.340000
 542 2.360000
 543 2.400000
 544 2.400000
 545 2.400000
 546 2.400000
 547 2.380000
 548 2.380000
 549 2.380000
 550 2.380000
 551 2.380000
 552 2.350000
 553 2.350000
 554 2.350000
 555 2.350000
 556 2.330000
 557 2.330000
 558 2.330000
 559 2.310000
 560 2.300000
 561 2.290000
 562 2.280000
 563 2.280000
 564 2.280000
 565 2.280000
 566 2.300000
 567 2.280000
 568 2.260000
 569 2.270000
 570 2.310000
 571 2.350000
 572 2.380000
 573 2.400000
 574 2.400000
 575 2.380000
 576 2.370000
 577 2.380000
 578 2.410000
 579 2.410000
 580 2.430000
 581 1.520000
 582 1.550000
 583 1.530000
 584 1.480000
 585 1.520000
 586 1.510000
 587 1.550000
 588 1.540000
 589 1.540000
 590 1.560000
 591 1.560000
 592 1.590000
 593 1.590000
 594 1.590000
 595 1.610000
 596 1.630000
 597 1.660000
 598 1.660000
 599 1.680000
 600 1.700000
 601 1.700000
 602 1.720000
 603 1.720000
 604 1.740000
 605 1.790000
 606 1.820000
 607 1.840000
 608 1.880000
 609 1.830000
 610 1.910000
 611 2.130000
 612 2.360000
 613 2.380000
 614 2.410000
 615 2.420000
 616 2.370000
 617 2.060000
 618 2.010000
 619 2.030000
 620 2.080000
 621 2.440000
 622 2.440000
 623 2.440000
 624 2.470000
 625 2.440000
 626 2.470000
 627 2.470000
 628 2.470000
 629 2.470000
 630 2.470000
 631 2.500000
 632 2.500000
 633 2.500000
 634 2.520000
 635 2.500000
 636 2.500000
 637 2.520000
 638 2.520000
 639 2.540000
 640 2.550000
 641 2.550000
 642 2.540000
 643 2.550000
 644 2.550000
 645 2.570000
 646 2.550000
 647 2.570000
 648 2.540000
 649 2.540000
 650 2.590000
 651 2.570000
 652 2.570000
 653 2.570000
 654 2.570000
 655 2.590000
 656 2.590000
 657 2.590000
 658 2.590000
 659 2.600000
 660 2.620000
 661 2.620000
 662 2.600000
 663 2.620000
 664 2.620000
 665 2.620000
 666 2.630000
 667 2.650000
 668 2.650000
 669 2.670000
 670 2.670000
 671 2.640000
 672 2.670000
 673 2.670000
 674 2.670000
 675 2.720000
 676 2.700000
 677 2.720000
 678 2.690000
 679 2.710000
 680 2.730000
 681 2.730000
 682 2.740000
 683 2.770000
 684 2.760000
 685 2.760000
 686 2.780000
 687 2.760000
 688 2.790000
 689 2.820000
 690 2.790000
 691 2.790000
 692 2.820000
 693 2.840000
 694 2.810000
 695 2.810000
 696 2.840000
 697 2.870000
 698 2.870000
 699 1.620000
 700 1.570000
 701 1.590000
 702 1.570000
 703 1.580000
 704 1.580000
 705 1.580000
 706 1.590000
 707 1.590000
 708 1.560000
 709 1.590000
 710 1.550000
 711 1.540000
 712 1.550000
 713 1.580000
 714 3.040000
 715 3.060000
 716 3.080000
 717 3.090000
 718 3.100000
 719 3.120000
 720 3.120000
 721 3.140000
 722 3.160000
 723 3.190000
 724 1.500000
 725 1.530000
 726 1.510000
 727 1.480000
 728 1.490000
 729 3.280000
 730 3.290000
 731 3.320000
 732 3.300000
 733 3.330000
 734 3.320000
 735 2.760000
 736 2.670000
 737 2.560000
 738 2.510000
 739 2.380000
 740 2.330000
 741 2.230000
 742 2.170000
 743 2.110000
 744 2.030000
 745 2.030000
 746 2.050000
 747 2.060000
 748 2.050000
 749 3.760000
 750 3.740000
 751 3.740000
 752 3.740000
 753 3.720000
 754 3.720000
 755 3.690000
 756 3.720000
 757 3.690000
 758 3.740000
 759 3.790000
 760 3.790000
 0 2.130000
 1 2.130000
 2 2.130000
 3 2.100000
 4 2.100000
 5 2.120000
 6 2.080000
 7 2.110000
 8 2.110000
 9 2.110000
 10 2.110000
 11 2.120000
 12 2.100000
 13 2.120000
 14 2.110000
 15 2.110000
 16 2.110000
 17 2.110000
 18 2.150000
 19 2.160000
 20 2.150000
 21 2.160000
 22 2.200000
 23 2.190000
 24 2.160000
 25 2.150000
 26 2.150000
 27 2.150000
 28 2.150000
 29 2.150000
 30 2.150000
 31 2.190000
 32 2.200000
 33 2.200000
 34 2.200000
 35 2.160000
 36 2.190000
 37 2.190000
 38 2.180000
 39 2.270000
 40 2.240000
 41 2.140000
 42 2.150000
 43 2.150000
 44 2.150000
 45 2.190000
 46 2.230000
 47 2.230000
 48 2.210000
 49 2.200000
 50 2.190000
 51 2.200000
 52 2.200000
 53 2.190000
 54 2.240000
 55 2.250000
 56 2.220000
 57 2.210000
 58 2.210000
 59 2.210000
 60 2.220000
 61 2.200000
 62 2.220000
 63 2.210000
 64 2.250000
 65 2.250000
 66 2.280000
 67 2.260000
 68 2.300000
 69 2.300000
 70 2.260000
 71 2.280000
 72 2.280000
 73 2.260000
 74 2.290000
 75 2.290000
 76 2.320000
 77 2.320000
 78 2.320000
 79 2.290000
 80 2.300000
 81 2.300000
 82 2.330000
 83 2.410000
 84 2.360000
 85 2.300000
 86 2.320000
 87 2.320000
 88 2.310000
 89 2.360000
 90 2.350000
 91 2.370000
 92 2.360000
 93 2.380000
 94 2.380000
 95 2.390000
 96 2.400000
 97 2.400000
 98 2.390000
 99 2.390000
 100 2.360000
 101 2.390000
 102 2.370000
 103 2.370000
 104 2.390000
 105 2.400000
 106 2.390000
 107 2.410000
 108 2.510000
 109 2.480000
 110 2.450000
 111 3.410000
 112 3.400000
 113 3.580000
 114 3.550000
 115 3.550000
 116 3.550000
 117 3.560000
 118 3.460000
 119 3.460000
 120 3.460000
 121 3.480000
 122 3.460000
 123 3.510000
 124 3.510000
 125 3.560000
 126 3.510000
 127 3.530000
 128 3.630000
 129 3.530000
 130 3.560000
 131 3.640000
 132 3.670000
 133 3.610000
 134 3.650000
 135 3.680000
 136 3.700000
 137 3.730000
 138 3.750000
 139 3.810000
 140 3.810000
 141 3.830000
 142 3.820000
 143 3.830000
 144 1.420000
 145 1.400000
 146 1.370000
 147 1.370000
 148 1.380000
 149 1.360000
 150 1.360000
 151 1.360000
 152 1.360000
 153 1.360000
 154 1.330000
 155 1.380000
 156 1.390000
 157 1.370000
 158 1.360000
 159 1.360000
 160 1.360000
 161 1.400000
 162 1.410000
 163 1.410000
 164 1.390000
 165 1.420000
 166 1.390000
 167 1.430000
 168 1.450000
 169 1.450000
 170 1.460000
 171 1.500000
 172 4.160000
 173 4.160000
 174 4.180000
 175 4.170000
 176 1.400000
 177 1.380000
 178 1.370000
 179 1.370000
 180 1.300000
 181 1.340000
 182 1.340000
 183 1.360000
 184 1.360000
 185 1.310000
 186 4.400000
 187 4.410000
 188 1.290000
 189 1.320000
 190 1.310000
 191 1.320000
 192 1.270000
 193 4.310000
 194 4.530000
 195 4.580000
 196 4.580000
 197 3.170000
 198 3.120000
 199 3.100000
 200 3.050000
 201 3.010000
 202 3.010000
 203 2.950000
 204 2.930000
 205 2.930000
 206 2.900000
 207 2.910000
 208 2.910000
 209 2.910000
 210 2.910000
 211 2.930000
 212 2.930000
 213 2.950000
 214 2.960000
 215 2.930000
 216 2.970000
 217 2.990000
 218 2.960000
 219 2.950000
 220 2.960000
 221 2.960000
 222 2.970000
 223 3.010000
 224 2.980000
 225 2.980000
 226 3.010000
 227 3.010000
 228 3.030000
 229 3.030000
 230 3.080000
 231 3.070000
 232 4.590000
 233 4.590000
 234 4.570000
 235 4.660000
 236 4.620000
 237 4.630000
 238 4.710000
 239 4.560000
 240 4.590000
 241 4.710000
 242 4.520000
 243 4.510000
 244 4.910000
 245 5.190000
 246 5.230000
 247 5.100000
 248 5.100000
 249 5.180000
 250 5.210000
 251 5.210000
 252 5.190000
 253 5.200000
 254 5.200000
 255 5.170000
 256 5.140000
 257 4.600000
 258 4.380000
 259 4.390000
 260 4.370000
 261 4.400000
 262 4.390000
 263 4.380000
 264 4.420000
 265 4.420000
 266 4.310000
 267 4.380000
 268 4.370000
 269 4.360000
 270 4.330000
 271 4.370000
 272 4.310000
 273 4.320000
 274 4.320000
 275 4.290000
 276 4.310000
 277 4.320000
 278 2.430000
 279 2.400000
 280 2.360000
 281 2.330000
 282 2.280000
 283 2.250000
 284 2.220000
 285 2.200000
 286 2.160000
 287 2.120000
 288 2.100000
 289 2.050000
 290 2.050000
 291 2.000000
 292 2.000000
 293 1.960000
 294 1.930000
 295 1.920000
 296 1.880000
 297 1.850000
 298 1.830000
 299 1.820000
 300 1.770000
 301 1.780000
 302 1.760000
 303 1.720000
 304 1.700000
 305 1.660000
 306 1.660000
 307 1.660000
 308 1.610000
 309 1.610000
 310 1.580000
 311 1.580000
 312 1.560000
 313 1.530000
 314 1.530000
 315 1.510000
 316 1.490000
 317 1.490000
 318 1.490000
 319 1.460000
 320 1.430000
 321 1.410000
 322 1.410000
 323 1.420000
 324 1.400000
 325 1.360000
 326 1.360000
 327 1.350000
 328 1.350000
 329 1.320000
 330 1.330000
 331 1.310000
 332 1.310000
 333 1.330000
 334 1.330000
 335 1.320000
 336 1.350000
 337 1.350000
 338 1.320000
 339 1.350000
 340 1.350000
 341 1.370000
 342 1.370000
 343 1.350000
 344 1.350000
 345 1.350000
 346 1.360000
 347 1.360000
 348 1.420000
 349 3.220000
 350 3.230000
 351 3.170000
 352 3.160000
 353 3.080000
 354 3.060000
 355 3.030000
 356 3.010000
 357 3.010000
 358 3.010000
 359 3.010000
 360 3.010000
 361 2.960000
 362 2.980000
 363 2.960000
 364 2.930000
 365 2.910000
 366 2.910000
 367 2.880000
 368 2.880000
 369 2.880000
 370 2.870000
 371 2.860000
 372 2.820000
 373 2.790000
 374 2.780000
 375 2.610000
 376 2.520000
 377 2.450000
 378 2.450000
 379 2.400000
 380 2.380000
 381 2.380000
 382 2.350000
 383 2.300000
 384 2.310000
 385 2.280000
 386 2.260000
 387 2.230000
 388 2.200000
 389 2.210000
 390 2.210000
 391 2.220000
 392 2.220000
 393 2.220000
 394 2.250000
 395 2.240000
 396 2.250000
 397 2.270000
 398 2.270000
 399 2.270000
 400 2.250000
 401 2.260000
 402 2.270000
 403 2.260000
 404 2.290000
 405 2.290000
 406 2.290000
 407 2.290000
 408 2.310000
 409 2.310000
 410 2.310000
 411 2.340000
 412 2.300000
 413 2.300000
 414 2.330000
 415 2.330000
 416 2.350000
 417 2.360000
 418 2.340000
 419 2.320000
 420 2.290000
 421 2.310000
 422 2.330000
 423 2.300000
 424 2.300000
 425 2.320000
 426 2.320000
 427 2.280000
 428 2.280000
 429 2.280000
 430 2.270000
 431 2.270000
 432 2.260000
 433 2.260000
 434 2.270000
 435 2.260000
 436 2.260000
 437 2.260000
 438 2.270000
 439 2.260000
 440 2.260000
 441 2.230000
 442 2.260000
 443 2.230000
 444 2.260000
 445 2.230000
 446 2.240000
 447 2.230000
 448 2.230000
 449 2.250000
 450 2.230000
 451 2.230000
 452 2.230000
 453 2.210000
 454 2.230000
 455 2.230000
 456 2.180000
 457 2.180000
 458 2.180000
 459 2.180000
 460 2.180000
 461 2.180000
 462 2.190000
 463 2.190000
 464 2.180000
 465 2.160000
 466 2.160000
 467 2.170000
 468 2.160000
 469 2.160000
 470 2.170000
 471 2.160000
 472 2.160000
 473 2.160000
 474 2.160000
 475 2.160000
 476 2.140000
 477 2.140000
 478 2.130000
 479 2.130000
 480 2.130000
 481 2.130000
 482 2.110000
 483 2.130000
 484 2.130000
 485 2.130000
 486 2.160000
 487 2.160000
 488 2.130000
 489 2.160000
 490 2.170000
 491 2.160000
 492 2.180000
 493 2.190000
 494 2.180000
 495 2.220000
 496 2.220000
 497 2.220000
 498 2.220000
 499 2.220000
 500 2.220000
 501 2.220000
 502 2.240000
 503 2.220000
 504 2.240000
 505 2.220000
 506 2.240000
 507 2.240000
 508 2.240000
 509 2.240000
 510 2.270000
 511 2.270000
 512 2.270000
 513 2.270000
 514 2.270000
 515 2.270000
 516 2.270000
 517 2.310000
 518 2.310000
 519 2.290000
 520 2.320000
 521 2.280000
 522 2.110000
 523 2.120000
 524 2.270000
 525 2.270000
 526 2.240000
 527 1.910000
 528 1.870000
 529 1.860000
 530 1.920000
 531 2.250000
 532 2.320000
 533 2.350000
 534 2.360000
 535 2.360000
 536 2.330000
 537 2.330000
 538 2.360000
 539 2.330000
 540 2.330000
 541 2.360000
 542 2.360000
 543 2.400000
 544 2.370000
 545 2.400000
 546 2.400000
 547 2.380000
 548 2.380000
 549 2.380000
 550 2.350000
 551 2.350000
 552 2.350000
 553 2.350000
 554 2.350000
 555 2.330000
 556 2.350000
 557 2.330000
 558 2.340000
 559 2.300000
 560 2.300000
 561 2.280000
 562 2.300000
 563 2.280000
 564 2.280000
 565 2.280000
 566 2.300000
 567 2.280000
 568 2.260000
 569 2.270000
 570 2.330000
 571 2.350000
 572 2.400000
 573 2.380000
 574 2.420000
 575 2.370000
 576 2.370000
 577 2.400000
 578 2.410000
 579 2.410000
 580 2.410000
 581 1.520000
 582 1.550000
 583 1.510000
 584 1.510000
 585 1.500000
 586 1.490000
 587 1.550000
 588 1.520000
 589 1.550000
 590 1.560000
 591 1.560000
 592 1.590000
 593 1.590000
 594 1.590000
 595 1.610000
 596 1.640000
 597 1.630000
 598 1.630000
 599 1.660000
 600 1.680000
 601 1.700000
 602 1.720000
 603 1.750000
 604 1.770000
 605 1.790000
 606 1.820000
 607 1.870000
 608 1.880000
 609 1.830000
 610 1.930000
 611 2.160000
 612 2.330000
 613 2.380000
 614 2.410000
 615 2.420000
 616 2.370000
 617 2.070000
 618 2.030000
 619 2.030000
 620 2.090000
 621 2.440000
 622 2.470000
 623 2.470000
 624 2.470000
 625 2.470000
 626 2.470000
 627 2.470000
 628 2.470000
 629 2.470000
 630 2.470000
 631 2.490000
 632 2.500000
 633 2.500000
 634 2.520000
 635 2.500000
 636 2.520000
 637 2.520000
 638 2.520000
 639 2.520000
 640 2.520000
 641 2.520000
 642 2.540000
 643 2.520000
 644 2.570000
 645 2.540000
 646 2.570000
 647 2.570000
 648 2.540000
 649 2.570000
 650 2.570000
 651 2.570000
 652 2.570000
 653 2.570000
 654 2.590000
 655 2.590000
 656 2.590000
 657 2.600000
 658 2.600000
 659 2.600000
 660 2.620000
 661 2.620000
 662 2.620000
 663 2.620000
 664 2.620000
 665 2.620000
 666 2.630000
 667 2.660000
 668 2.650000
 669 2.680000
 670 2.670000
 671 2.670000
 672 2.670000
 673 2.670000
 674 2.670000
 675 2.670000
 676 2.690000
 677 2.720000
 678 2.690000
 679 2.710000
 680 2.730000
 681 2.730000
 682 2.710000
 683 2.730000
 684 2.760000
 685 2.760000
 686 2.760000
 687 2.770000
 688 2.760000
 689 2.790000
 690 2.820000
 691 2.820000
 692 2.820000
 693 2.810000
 694 2.810000
 695 2.840000
 696 2.840000
 697 2.870000
 698 2.870000
 699 1.640000
 700 1.570000
 701 1.590000
 702 1.570000
 703 1.580000
 704 1.580000
 705 1.550000
 706 1.560000
 707 1.560000
 708 1.560000
 709 1.560000
 710 1.570000
 711 1.570000
 712 1.570000
 713 1.550000
 714 3.080000
 715 3.040000
 716 3.080000
 717 3.080000
 718 3.090000
 719 3.130000
 720 3.140000
 721 3.170000
 722 3.170000
 723 3.190000
 724 1.480000
 725 1.510000
 726 1.500000
 727 1.510000
 728 1.510000
 729 3.300000
 730 3.290000
 731 3.290000
 732 3.320000
 733 3.330000
 734 3.320000
 735 2.760000
 736 2.670000
 737 2.580000
 738 2.510000
 739 2.410000
 740 2.320000
 741 2.260000
 742 2.170000
 743 2.070000
 744 2.050000
 745 2.060000
 746 2.050000
 747 2.060000
 748 2.060000
 749 3.740000
 750 3.770000
 751 3.770000
 752 3.750000
 753 3.720000
 754 3.720000
 755 3.690000
 756 3.720000
 757 3.720000
 758 3.740000
 759 3.770000
 760 3.790000
 0 2.120000
 1 2.120000
 2 2.100000
 3 2.100000
 4 2.100000
 5 2.100000
 6 2.090000
 7 2.110000
 8 2.110000
 9 2.130000
 10 2.140000
 11 2.120000
 12 2.100000
 13 2.120000
 14 2.110000
 15 2.110000
 16 2.110000
 17 2.110000
 18 2.150000
 19 2.140000
 20 2.160000
 21 2.190000
 22 2.180000
 23 2.190000
 24 2.160000
 25 2.180000
 26 2.170000
 27 2.150000
 28 2.150000
 29 2.150000
 30 2.170000
 31 2.190000
 32 2.200000
 33 2.180000
 34 2.200000
 35 2.190000
 36 2.190000
 37 2.190000
 38 2.200000
 39 2.300000
 40 2.230000
 41 2.140000
 42 2.150000
 43 2.180000
 44 2.180000
 45 2.190000
 46 2.230000
 47 2.200000
 48 2.220000
 49 2.200000
 50 2.210000
 51 2.220000
 52 2.200000
 53 2.220000
 54 2.250000
 55 2.220000
 56 2.250000
 57 2.240000
 58 2.210000
 59 2.210000
 60 2.200000
 61 2.200000
 62 2.200000
 63 2.210000
 64 2.280000
 65 2.250000
 66 2.280000
 67 2.260000
 68 2.270000
 69 2.300000
 70 2.290000
 71 2.280000
 72 2.280000
 73 2.260000
 74 2.290000
 75 2.260000
 76 2.320000
 77 2.320000
 78 2.320000
 79 2.310000
 80 2.300000
 81 2.330000
 82 2.330000
 83 2.410000
 84 2.340000
 85 2.300000
 86 2.300000
 87 2.300000
 88 2.310000
 89 2.340000
 90 2.370000
 91 2.370000
 92 2.360000
 93 2.380000
 94 2.380000
 95 2.360000
 96 2.400000
 97 2.400000
 98 2.360000
 99 2.390000
 100 2.360000
 101 2.360000
 102 2.400000
 103 2.370000
 104 2.390000
 105 2.420000
 106 2.420000
 107 2.410000
 108 2.480000
 109 2.480000
 110 2.420000
 111 3.410000
 112 3.400000
 113 3.580000
 114 3.550000
 115 3.550000
 116 3.550000
 117 3.560000
 118 3.460000
 119 3.480000
 120 3.480000
 121 3.460000
 122 3.480000
 123 3.530000
 124 3.520000
 125 3.530000
 126 3.530000
 127 3.530000
 128 3.630000
 129 3.650000
 130 3.560000
 131 3.580000
 132 3.670000
 133 3.610000
 134 3.640000
 135 3.680000
 136 3.710000
 137 3.700000
 138 3.760000
 139 3.810000
 140 3.800000
 141 3.800000
 142 3.810000
 143 3.850000
 144 1.420000
 145 1.370000
 146 1.370000
 147 1.370000
 148 1.380000
 149 1.360000
 150 1.360000
 151 1.370000
 152 1.360000
 153 1.360000
 154 1.330000
 155 1.380000
 156 1.370000
 157 1.370000
 158 1.360000
 159 1.370000
 160 1.390000
 161 1.370000
 162 1.390000
 163 1.410000
 164 1.390000
 165 1.420000
 166 1.390000
 167 1.450000
 168 1.430000
 169 1.430000
 170 1.460000
 171 1.530000
 172 4.180000
 173 4.180000
 174 4.210000
 175 4.200000
 176 1.370000
 177 1.360000
 178 1.370000
 179 1.340000
 180 1.300000
 181 1.310000
 182 1.350000
 183 1.340000
 184 1.330000
 185 1.310000
 186 4.400000
 187 4.430000
 188 1.320000
 189 1.320000
 190 1.280000
 191 1.330000
 192 1.300000
 193 4.330000
 194 4.510000
 195 4.610000
 196 4.610000
 197 3.120000
 198 3.100000
 199 3.100000
 200 3.020000
 201 2.980000
 202 2.990000
 203 2.960000
 204 2.980000
 205 2.930000
 206 2.900000
 207 2.900000
 208 2.860000
 209 2.890000
 210 2.910000
 211 2.930000
 212 2.920000
 213 2.950000
 214 2.950000
 215 2.960000
 216 2.970000
 217 2.970000
 218 2.940000
 219 2.950000
 220 2.950000
 221 2.950000
 222 2.970000
 223 3.010000
 224 2.980000
 225 3.030000
 226 3.010000
 227 3.010000
 228 3.030000
 229 3.030000
 230 3.060000
 231 3.040000
 232 4.620000
 233 4.590000
 234 4.570000
 235 4.630000
 236 4.620000
 237 4.630000
 238 4.710000
 239 4.590000
 240 4.570000
 241 4.870000
 242 4.540000
 243 4.510000
 244 4.990000
 245 5.210000
 246 5.210000
 247 5.100000
 248 5.100000
 249 5.180000
 250 5.210000
 251 5.220000
 252 5.200000
 253 5.190000
 254 5.200000
 255 5.160000
 256 5.140000
 257 4.600000
 258 4.380000
 259 4.390000
 260 4.370000
 261 4.400000
 262 4.390000
 263 4.380000
 264 4.390000
 265 4.390000
 266 4.310000
 267 4.360000
 268 4.380000
 269 4.360000
 270 4.360000
 271 4.330000
 272 4.290000
 273 4.290000
 274 4.320000
 275 4.290000
 276 4.310000
 277 4.320000
 278 2.460000
 279 2.420000
 280 2.360000
 281 2.330000
 282 2.310000
 283 2.260000
 284 2.220000
 285 2.200000
 286 2.160000
 287 2.120000
 288 2.100000
 289 2.070000
 290 2.020000
 291 2.000000
 292 1.970000
 293 1.960000
 294 1.920000
 295 1.910000
 296 1.880000
 297 1.850000
 298 1.830000
 299 1.800000
 300 1.780000
 301 1.760000
 302 1.760000
 303 1.710000
 304 1.700000
 305 1.690000
 306 1.660000
 307 1.660000
 308 1.630000
 309 1.610000
 310 1.580000
 311 1.580000
 312 1.560000
 313 1.530000
 314 1.510000
 315 1.510000
 316 1.490000
 317 1.490000
 318 1.460000
 319 1.460000
 320 1.440000
 321 1.440000
 322 1.410000
 323 1.400000
 324 1.400000
 325 1.390000
 326 1.370000
 327 1.350000
 328 1.350000
 329 1.320000
 330 1.330000
 331 1.310000
 332 1.310000
 333 1.330000
 334 1.350000
 335 1.340000
 336 1.320000
 337 1.350000
 338 1.350000
 339 1.350000
 340 1.350000
 341 1.350000
 342 1.350000
 343 1.370000
 344 1.350000
 345 1.370000
 346 1.360000
 347 1.360000
 348 1.360000
 349 3.220000
 350 3.230000
 351 3.180000
 352 3.160000
 353 3.110000
 354 3.080000
 355 3.030000
 356 3.010000
 357 3.010000
 358 2.980000
 359 3.010000
 360 2.980000
 361 2.980000
 362 2.980000
 363 2.960000
 364 2.950000
 365 2.910000
 366 2.910000
 367 2.910000
 368 2.900000
 369 2.880000
 370 2.840000
 371 2.840000
 372 2.820000
 373 2.790000
 374 2.740000
 375 2.610000
 376 2.500000
 377 2.480000
 378 2.450000
 379 2.430000
 380 2.380000
 381 2.380000
 382 2.330000
 383 2.330000
 384 2.290000
 385 2.280000
 386 2.260000
 387 2.230000
 388 2.200000
 389 2.210000
 390 2.210000
 391 2.220000
 392 2.220000
 393 2.220000
 394 2.250000
 395 2.240000
 396 2.250000
 397 2.270000
 398 2.250000
 399 2.250000
 400 2.270000
 401 2.270000
 402 2.260000
 403 2.260000
 404 2.290000
 405 2.290000
 406 2.290000
 407 2.310000
 408 2.290000
 409 2.310000
 410 2.310000
 411 2.310000
 412 2.310000
 413 2.330000
 414 2.330000
 415 2.330000
 416 2.350000
 417 2.340000
 418 2.340000
 419 2.340000
 420 2.320000
 421 2.300000
 422 2.300000
 423 2.310000
 424 2.280000
 425 2.320000
 426 2.320000
 427 2.280000
 428 2.290000
 429 2.280000
 430 2.270000
 431 2.270000
 432 2.260000
 433 2.260000
 434 2.270000
 435 2.260000
 436 2.260000
 437 2.230000
 438 2.270000
 439 2.230000
 440 2.260000
 441 2.230000
 442 2.260000
 443 2.230000
 444 2.230000
 445 2.230000
 446 2.240000
 447 2.230000
 448 2.230000
 449 2.230000
 450 2.250000
 451 2.230000
 452 2.210000
 453 2.230000
 454 2.210000
 455 2.230000
 456 2.210000
 457 2.210000
 458 2.210000
 459 2.180000
 460 2.180000
 461 2.180000
 462 2.170000
 463 2.170000
 464 2.190000
 465 2.180000
 466 2.170000
 467 2.180000
 468 2.160000
 469 2.160000
 470 2.160000
 471 2.160000
 472 2.160000
 473 2.160000
 474 2.160000
 475 2.190000
 476 2.130000
 477 2.140000
 478 2.130000
 479 2.140000
 480 2.130000
 481 2.130000
 482 2.120000
 483 2.130000
 484 2.110000
 485 2.130000
 486 2.130000
 487 2.130000
 488 2.170000
 489 2.160000
 490 2.160000
 491 2.180000
 492 2.180000
 493 2.180000
 494 2.180000
 495 2.220000
 496 2.220000
 497 2.220000
 498 2.220000
 499 2.220000
 500 2.220000
 501 2.220000
 502 2.220000
 503 2.220000
 504 2.220000
 505 2.250000
 506 2.250000
 507 2.270000
 508 2.270000
 509 2.270000
 510 2.270000
 511 2.240000
 512 2.270000
 513 2.270000
 514 2.270000
 515 2.270000
 516 2.270000
 517 2.280000
 518 2.280000
 519 2.290000
 520 2.310000
 521 2.280000
 522 2.110000
 523 2.120000
 524 2.290000
 525 2.270000
 526 2.260000
 527 1.920000
 528 1.870000
 529 1.860000
 530 1.920000
 531 2.270000
 532 2.350000
 533 2.320000
 534 2.330000
 535 2.360000
 536 2.330000
 537 2.360000
 538 2.360000
 539 2.360000
 540 2.310000
 541 2.360000
 542 2.360000
 543 2.390000
 544 2.400000
 545 2.400000
 546 2.400000
 547 2.380000
 548 2.380000
 549 2.350000
 550 2.350000
 551 2.350000
 552 2.350000
 553 2.350000
 554 2.350000
 555 2.330000
 556 2.330000
 557 2.300000
 558 2.340000
 559 2.300000
 560 2.300000
 561 2.290000
 562 2.290000
 563 2.280000
 564 2.280000
 565 2.300000
 566 2.300000
 567 2.260000
 568 2.260000
 569 2.240000
 570 2.310000
 571 2.380000
 572 2.380000
 573 2.380000
 574 2.400000
 575 2.410000
 576 2.370000
 577 2.400000
 578 2.430000
 579 2.430000
 580 2.410000
 581 1.540000
 582 1.580000
 583 1.510000
 584 1.520000
 585 1.490000
 586 1.510000
 587 1.510000
 588 1.520000
 589 1.540000
 590 1.540000
 591 1.600000
 592 1.560000
 593 1.590000
 594 1.610000
 595 1.610000
 596 1.630000
 597 1.660000
 598 1.630000
 599 1.680000
 600 1.700000
 601 1.700000
 602 1.720000
 603 1.750000
 604 1.770000
 605 1.790000
 606 1.820000
 607 1.870000
 608 1.860000
 609 1.830000
 610 1.930000
 611 2.160000
 612 2.360000
 613 2.420000
 614 2.420000
 615 2.420000
 616 2.340000
 617 2.030000
 618 2.010000
 619 2.010000
 620 2.090000
 621 2.470000
 622 2.470000
 623 2.470000
 624 2.470000
 625 2.440000
 626 2.470000
 627 2.470000
 628 2.470000
 629 2.470000
 630 2.500000
 631 2.490000
 632 2.500000
 633 2.500000
 634 2.520000
 635 2.500000
 636 2.520000
 637 2.520000
 638 2.520000
 639 2.520000
 640 2.550000
 641 2.550000
 642 2.540000
 643 2.550000
 644 2.540000
 645 2.550000
 646 2.520000
 647 2.550000
 648 2.570000
 649 2.570000
 650 2.590000
 651 2.570000
 652 2.570000
 653 2.570000
 654 2.570000
 655 2.590000
 656 2.590000
 657 2.590000
 658 2.590000
 659 2.620000
 660 2.600000
 661 2.620000
 662 2.620000
 663 2.620000
 664 2.620000
 665 2.650000
 666 2.650000
 667 2.660000
 668 2.670000
 669 2.670000
 670 2.650000
 671 2.650000
 672 2.690000
 673 2.670000
 674 2.670000
 675 2.690000
 676 2.690000
 677 2.690000
 678 2.670000
 679 2.710000
 680 2.710000
 681 2.730000
 682 2.760000
 683 2.730000
 684 2.760000
 685 2.760000
 686 2.760000
 687 2.760000
 688 2.760000
 689 2.820000
 690 2.820000
 691 2.820000
 692 2.820000
 693 2.820000
 694 2.830000
 695 2.840000
 696 2.830000
 697 2.870000
 698 2.870000
 699 1.620000
 700 1.570000
 701 1.560000
 702 1.570000
 703 1.580000
 704 1.580000
 705 1.580000
 706 1.560000
 707 1.560000
 708 1.560000
 709 1.560000
 710 1.570000
 711 1.540000
 712 1.570000
 713 1.550000
 714 3.040000
 715 3.050000
 716 3.080000
 717 3.100000
 718 3.100000
 719 3.100000
 720 3.140000
 721 3.170000
 722 3.170000
 723 3.190000
 724 1.500000
 725 1.530000
 726 1.500000
 727 1.510000
 728 1.490000
 729 3.300000
 730 3.320000
 731 3.290000
 732 3.290000
 733 3.300000
 734 3.340000
 735 2.760000
 736 2.670000
 737 2.580000
 738 2.510000
 739 2.380000
 740 2.320000
 741 2.230000
 742 2.150000
 743 2.110000
 744 2.050000
 745 2.030000
 746 2.050000
 747 2.030000
 748 2.050000
 749 3.720000
 750 3.770000
 751 3.740000
 752 3.750000
 753 3.720000
 754 3.690000
 755 3.690000
 756 3.690000
 757 3.690000
 758 3.740000
 759 3.790000
 760 3.820000
 0 2.080000
 1 2.090000
 2 2.100000
 3 2.100000
 4 2.100000
 5 2.100000
 6 2.110000
 7 2.110000
 8 2.130000
 9 2.130000
 10 2.110000
 11 2.120000
 12 2.120000
 13 2.100000
 14 2.110000
 15 2.110000
 16 2.130000
 17 2.130000
 18 2.150000
 19 2.160000
 20 2.160000
 21 2.160000
 22 2.180000
 23 2.160000
 24 2.160000
 25 2.180000
 26 2.170000
 27 2.150000
 28 2.150000
 29 2.150000
 30 2.170000
 31 2.190000
 32 2.170000
 33 2.170000
 34 2.200000
 35 2.190000
 36 2.190000
 37 2.190000
 38 2.180000
 39 2.300000
 40 2.230000
 41 2.150000
 42 2.150000
 43 2.180000
 44 2.150000
 45 2.210000
 46 2.230000
 47 2.230000
 48 2.210000
 49 2.200000
 50 2.190000
 51 2.200000
 52 2.200000
 53 2.220000
 54 2.240000
 55 2.250000
 56 2.250000
 57 2.240000
 58 2.210000
 59 2.210000
 60 2.190000
 61 2.200000
 62 2.200000
 63 2.210000
 64 2.250000
 65 2.250000
 66 2.280000
 67 2.290000
 68 2.300000
 69 2.300000
 70 2.290000
 71 2.280000
 72 2.280000
 73 2.260000
 74 2.260000
 75 2.290000
 76 2.320000
 77 2.330000
 78 2.320000
 79 2.310000
 80 2.330000
 81 2.330000
 82 2.330000
 83 2.440000
 84 2.340000
 85 2.300000
 86 2.300000
 87 2.300000
 88 2.310000
 89 2.340000
 90 2.370000
 91 2.370000
 92 2.360000
 93 2.380000
 94 2.350000
 95 2.370000
 96 2.400000
 97 2.400000
 98 2.390000
 99 2.390000
 100 2.360000
 101 2.360000
 102 2.400000
 103 2.400000
 104 2.390000
 105 2.420000
 106 2.420000
 107 2.410000
 108 2.480000
 109 2.480000
 110 2.450000
 111 3.410000
 112 3.400000
 113 3.580000
 114 3.570000
 115 3.550000
 116 3.550000
 117 3.560000
 118 3.460000
 119 3.460000
 120 3.480000
 121 3.480000
 122 3.480000
 123 3.530000
 124 3.550000
 125 3.530000
 126 3.510000
 127 3.530000
 128 3.530000
 129 3.630000
 130 3.560000
 131 3.650000
 132 3.690000
 133 3.580000
 134 3.660000
 135 3.660000
 136 3.690000
 137 3.730000
 138 3.740000
 139 3.810000
 140 3.800000
 141 3.810000
 142 3.810000
 143 3.830000
 144 1.390000
 145 1.370000
 146 1.390000
 147 1.370000
 148 1.360000
 149 1.360000
 150 1.380000
 151 1.350000
 152 1.360000
 153 1.360000
 154 1.370000
 155 1.350000
 156 1.370000
 157 1.370000
 158 1.360000
 159 1.360000
 160 1.390000
 161 1.370000
 162 1.370000
 163 1.400000
 164 1.390000
 165 1.420000
 166 1.420000
 167 1.460000
 168 1.440000
 169 1.460000
 170 1.460000
 171 1.500000
 172 4.120000
 173 4.180000
 174 4.210000
 175 4.200000
 176 1.380000
 177 1.360000
 178 1.370000
 179 1.310000
 180 1.300000
 181 1.320000
 182 1.350000
 183 1.360000
 184 1.330000
 185 1.310000
 186 4.370000
 187 4.430000
 188 1.300000
 189 1.320000
 190 1.280000
 191 1.350000
 192 1.240000
 193 4.310000
 194 4.530000
 195 4.580000
 196 4.610000
 197 3.150000
 198 3.120000
 199 3.070000
 200 3.020000
 201 3.010000
 202 2.950000
 203 2.970000
 204 2.960000
 205 2.960000
 206 2.900000
 207 2.930000
 208 2.890000
 209 2.890000
 210 2.910000
 211 2.930000
 212 2.900000
 213 2.920000
 214 2.960000
 215 2.960000
 216 2.950000
 217 2.980000
 218 2.960000
 219 2.970000
 220 2.970000
 221 2.960000
 222 2.950000
 223 2.990000
 224 3.010000
 225 2.980000
 226 3.010000
 227 3.010000
 228 3.030000
 229 3.030000
 230 3.060000
 231 3.070000
 232 4.590000
 233 4.590000
 234 4.600000
 235 4.640000
 236 4.620000
 237 4.610000
 238 4.710000
 239 4.560000
 240 4.590000
 241 4.730000
 242 4.520000
 243 4.490000
 244 5.190000
 245 5.190000
 246 5.210000
 247 5.120000
 248 5.100000
 249 5.210000
 250 5.210000
 251 5.190000
 252 5.200000
 253 5.160000
 254 5.200000
 255 5.170000
 256 5.140000
 257 4.630000
 258 4.410000
 259 4.360000
 260 4.370000
 261 4.400000
 262 4.390000
 263 4.380000
 264 4.390000
 265 4.420000
 266 4.310000
 267 4.410000
 268 4.370000
 269 4.360000
 270 4.360000
 271 4.340000
 272 4.310000
 273 4.310000
 274 4.320000
 275 4.290000
 276 4.310000
 277 4.320000
 278 2.430000
 279 2.400000
 280 2.360000
 281 2.340000
 282 2.300000
 283 2.260000
 284 2.220000
 285 2.170000
 286 2.160000
 287 2.120000
 288 2.070000
 289 2.050000
 290 2.020000
 291 2.000000
 292 1.970000
 293 1.960000
 294 1.930000
 295 1.910000
 296 1.880000
 297 1.850000
 298 1.830000
 299 1.820000
 300 1.780000
 301 1.760000
 302 1.730000
 303 1.720000
 304 1.700000
 305 1.660000
 306 1.660000
 307 1.660000
 308 1.630000
 309 1.630000
 310 1.580000
 311 1.580000
 312 1.560000
 313 1.530000
 314 1.530000
 315 1.510000
 316 1.480000
 317 1.460000
 318 1.490000
 319 1.460000
 320 1.440000
 321 1.440000
 322 1.410000
 323 1.420000
 324 1.400000
 325 1.370000
 326 1.360000
 327 1.350000
 328 1.350000
 329 1.320000
 330 1.330000
 331 1.300000
 332 1.340000
 333 1.330000
 334 1.330000
 335 1.340000
 336 1.350000
 337 1.350000
 338 1.350000
 339 1.350000
 340 1.350000
 341 1.350000
 342 1.350000
 343 1.370000
 344 1.370000
 345 1.350000
 346 1.360000
 347 1.360000
 348 1.390000
 349 3.220000
 350 3.230000
 351 3.180000
 352 3.160000
 353 3.110000
 354 3.060000
 355 3.030000
 356 3.010000
 357 3.010000
 358 2.980000
 359 2.980000
 360 2.980000
 361 2.980000
 362 2.980000
 363 2.960000
 364 2.960000
 365 2.930000
 366 2.910000
 367 2.910000
 368 2.880000
 369 2.850000
 370 2.870000
 371 2.850000
 372 2.830000
 373 2.780000
 374 2.780000
 375 2.610000
 376 2.520000
 377 2.480000
 378 2.450000
 379 2.450000
 380 2.400000
 381 2.380000
 382 2.330000
 383 2.300000
 384 2.290000
 385 2.280000
 386 2.260000
 387 2.230000
 388 2.200000
 389 2.210000
 390 2.210000
 391 2.220000
 392 2.250000
 393 2.220000
 394 2.220000
 395 2.240000
 396 2.240000
 397 2.270000
 398 2.250000
 399 2.270000
 400 2.270000
 401 2.270000
 402 2.260000
 403 2.260000
 404 2.290000
 405 2.290000
 406 2.290000
 407 2.290000
 408 2.310000
 409 2.310000
 410 2.310000
 411 2.310000
 412 2.310000
 413 2.330000
 414 2.330000
 415 2.330000
 416 2.350000
 417 2.340000
 418 2.340000
 419 2.340000
 420 2.320000
 421 2.330000
 422 2.300000
 423 2.300000
 424 2.290000
 425 2.320000
 426 2.320000
 427 2.280000
 428 2.270000
 429 2.280000
 430 2.270000
 431 2.270000
 432 2.280000
 433 2.260000
 434 2.240000
 435 2.260000
 436 2.260000
 437 2.260000
 438 2.260000
 439 2.260000
 440 2.260000
 441 2.260000
 442 2.230000
 443 2.230000
 444 2.230000
 445 2.230000
 446 2.240000
 447 2.240000
 448 2.230000
 449 2.230000
 450 2.230000
 451 2.210000
 452 2.210000
 453 2.220000
 454 2.230000
 455 2.210000
 456 2.210000
 457 2.180000
 458 2.210000
 459 2.180000
 460 2.180000
 461 2.180000
 462 2.190000
 463 2.180000
 464 2.190000
 465 2.180000
 466 2.180000
 467 2.160000
 468 2.160000
 469 2.170000
 470 2.190000
 471 2.170000
 472 2.160000
 473 2.160000
 474 2.160000
 475 2.160000
 476 2.140000
 477 2.170000
 478 2.130000
 479 2.110000
 480 2.130000
 481 2.130000
 482 2.140000
 483 2.110000
 484 2.140000
 485 2.140000
 486 2.130000
 487 2.160000
 488 2.170000
 489 2.160000
 490 2.170000
 491 2.180000
 492 2.190000
 493 2.190000
 494 2.180000
 495 2.190000
 496 2.220000
 497 2.220000
 498 2.220000
 499 2.220000
 500 2.220000
 501 2.220000
 502 2.220000
 503 2.220000
 504 2.250000
 505 2.220000
 506 2.240000
 507 2.270000
 508 2.240000
 509 2.270000
 510 2.270000
 511 2.270000
 512 2.270000
 513 2.270000
 514 2.270000
 515 2.280000
 516 2.270000
 517 2.280000
 518 2.280000
 519 2.300000
 520 2.300000
 521 2.280000
 522 2.110000
 523 2.120000
 524 2.270000
 525 2.270000
 526 2.230000
 527 1.920000
 528 1.840000
 529 1.860000
 530 1.920000
 531 2.270000
 532 2.320000
 533 2.320000
 534 2.360000
 535 2.360000
 536 2.330000
 537 2.360000
 538 2.360000
 539 2.330000
 540 2.310000
 541 2.360000
 542 2.400000
 543 2.390000
 544 2.400000
 545 2.400000
 546 2.380000
 547 2.400000
 548 2.380000
 549 2.380000
 550 2.350000
 551 2.350000
 552 2.350000
 553 2.350000
 554 2.330000
 555 2.350000
 556 2.330000
 557 2.300000
 558 2.300000
 559 2.300000
 560 2.300000
 561 2.300000
 562 2.280000
 563 2.280000
 564 2.280000
 565 2.300000
 566 2.300000
 567 2.280000
 568 2.260000
 569 2.270000
 570 2.310000
 571 2.380000
 572 2.380000
 573 2.380000
 574 2.400000
 575 2.410000
 576 2.370000
 577 2.400000
 578 2.430000
 579 2.430000
 580 2.410000
 581 1.550000
 582 1.550000
 583 1.530000
 584 1.510000
 585 1.520000
 586 1.490000
 587 1.520000
 588 1.540000
 589 1.540000
 590 1.540000
 591 1.560000
 592 1.560000
 593 1.590000
 594 1.610000
 595 1.610000
 596 1.630000
 597 1.630000
 598 1.660000
 599 1.680000
 600 1.670000
 601 1.700000
 602 1.720000
 603 1.750000
 604 1.770000
 605 1.790000
 606 1.820000
 607 1.860000
 608 1.880000
 609 1.860000
 610 1.910000
 611 2.130000
 612 2.370000
 613 2.380000
 614 2.430000
 615 2.420000
 616 2.370000
 617 2.030000
 618 2.010000
 619 2.030000
 620 2.090000
 621 2.440000
 622 2.470000
 623 2.440000
 624 2.470000
 625 2.470000
 626 2.470000
 627 2.470000
 628 2.490000
 629 2.500000
 630 2.470000
 631 2.500000
 632 2.500000
 633 2.500000
 634 2.500000
 635 2.520000
 636 2.520000
 637 2.520000
 638 2.520000
 639 2.520000
 640 2.550000
 641 2.550000
 642 2.550000
 643 2.540000
 644 2.550000
 645 2.540000
 646 2.550000
 647 2.550000
 648 2.540000
 649 2.570000
 650 2.570000
 651 2.570000
 652 2.600000
 653 2.570000
 654 2.590000
 655 2.570000
 656 2.620000
 657 2.600000
 658 2.590000
 659 2.620000
 660 2.620000
 661 2.620000
 662 2.600000
 663 2.620000
 664 2.620000
 665 2.620000
 666 2.620000
 667 2.650000
 668 2.650000
 669 2.670000
 670 2.650000
 671 2.650000
 672 2.650000
 673 2.670000
 674 2.670000
 675 2.670000
 676 2.690000
 677 2.690000
 678 2.690000
 679 2.720000
 680 2.730000
 681 2.740000
 682 2.730000
 683 2.760000
 684 2.760000
 685 2.760000
 686 2.760000
 687 2.760000
 688 2.780000
 689 2.790000
 690 2.790000
 691 2.820000
 692 2.820000
 693 2.820000
 694 2.810000
 695 2.840000
 696 2.830000
 697 2.840000
 698 2.870000
 699 1.620000
 700 1.570000
 701 1.590000
 702 1.570000
 703 1.580000
 704 1.580000
 705 1.550000
 706 1.560000
 707 1.560000
 708 1.560000
 709 1.560000
 710 1.550000
 711 1.540000
 712 1.540000
 713 1.550000
 714 3.050000
 715 3.050000
 716 3.080000
 717 3.100000
 718 3.100000
 719 3.120000
 720 3.120000
 721 3.140000
 722 3.170000
 723 3.190000
 724 1.500000
 725 1.530000
 726 1.510000
 727 1.510000
 728 1.490000
 729 3.300000
 730 3.310000
 731 3.290000
 732 3.290000
 733 3.350000
 734 3.320000
 735 2.760000
 736 2.680000
 737 2.560000
 738 2.510000
 739 2.410000
 740 2.320000
 741 2.260000
 742 2.170000
 743 2.100000
 744 2.030000
 745 2.060000
 746 2.050000
 747 2.030000
 748 2.090000
 749 3.740000
 750 3.740000
 751 3.740000
 752 3.720000
 753 3.730000
 754 3.720000
 755 3.690000
 756 3.690000
 757 3.740000
 758 3.740000
 759 3.820000
 760 3.790000