
 0 2.130000
 1 2.110000
 2 2.100000
 3 2.100000
 4 2.100000
 5 2.120000
 6 2.110000
 7 2.110000
 8 2.110000
 9 2.110000
 10 2.110000
 11 2.110000
 12 2.100000
 13 2.130000
 14 2.110000
 15 2.110000
 16 2.110000
 17 2.110000
 18 2.150000
 19 2.160000
 20 2.160000
 21 2.160000
 22 2.180000
 23 2.180000
 24 2.160000
 25 2.180000
 26 2.140000
 27 2.140000
 28 2.150000
 29 2.150000
 30 2.140000
 31 2.160000
 32 2.190000
 33 2.200000
 34 2.170000
 35 2.190000
 36 2.180000
 37 2.190000
 38 2.200000
 39 2.270000
 40 2.230000
 41 2.160000
 42 2.150000
 43 2.180000
 44 2.160000
 45 2.190000
 46 2.230000
 47 2.230000
 48 2.220000
 49 2.200000
 50 2.210000
 51 2.220000
 52 2.200000
 53 2.210000
 54 2.240000
 55 2.240000
 56 2.240000
 57 2.210000
 58 2.210000
 59 2.210000
 60 2.220000
 61 2.220000
 62 2.220000
 63 2.210000
 64 2.250000
 65 2.250000
 66 2.280000
 67 2.290000
 68 2.280000
 69 2.290000
 70 2.290000
 71 2.300000
 72 2.280000
 73 2.260000
 74 2.260000
 75 2.310000
 76 2.320000
 77 2.320000
 78 2.320000
 79 2.310000
 80 2.300000
 81 2.330000
 82 2.330000
 83 2.410000
 84 2.340000
 85 2.300000
 86 2.290000
 87 2.290000
 88 2.310000
 89 2.340000
 90 2.340000
 91 2.350000
 92 2.360000
 93 2.380000
 94 2.380000
 95 2.390000
 96 2.390000
 97 2.400000
 98 2.390000
 99 2.390000
 100 2.360000
 101 2.360000
 102 2.370000
 103 2.370000
 104 2.390000
 105 2.410000
 106 2.400000
 107 2.410000
 108 2.480000
 109 2.470000
 110 2.460000
 111 3.420000
 112 3.450000
 113 3.580000
 114 3.550000
 115 3.520000
 116 3.520000
 117 3.540000
 118 3.450000
 119 3.450000
 120 3.480000
 121 3.450000
 122 3.480000
 123 3.500000
 124 3.500000
 125 3.530000
 126 3.560000
 127 3.530000
 128 3.620000
 129 3.640000
 130 3.620000
 131 3.640000
 132 3.660000
 133 3.630000
 134 3.650000
 135 3.670000
 136 3.680000
 137 3.700000
 138 3.770000
 139 3.810000
 140 3.800000
 141 3.820000
 142 3.820000
 143 3.820000
 144 3.820000
 145 3.820000
 146 3.800000
 147 3.800000
 148 3.840000
 149 3.860000
 150 3.870000
 151 3.880000
 152 3.880000
 153 3.900000
 154 3.930000
 155 3.930000
 156 3.930000
 157 3.960000
 158 4.030000
 159 4.040000
 160 4.060000
 161 4.040000
 162 4.030000
 163 4.110000
 164 4.000000
 165 4.160000
 166 4.030000
 167 4.080000
 168 4.100000
 169 4.100000
 170 4.100000
 171 4.130000
 172 4.150000
 173 4.150000
 174 4.180000
 175 4.200000
 176 4.200000
 177 4.230000
 178 4.220000
 179 4.250000
 180 4.280000
 181 4.270000
 182 4.300000
 183 4.350000
 184 4.450000
 185 4.440000
 186 4.430000
 187 4.430000
 188 4.450000
 189 4.140000
 190 4.480000
 191 4.480000
 192 4.450000
 193 4.360000
 194 4.570000
 195 4.550000
 196 4.690000
 197 3.370000
 198 3.350000
 199 3.340000
 200 3.300000
 201 3.250000
 202 3.270000
 203 3.250000
 204 3.220000
 205 3.230000
 206 3.200000
 207 3.170000
 208 3.180000
 209 3.150000
 210 3.130000
 211 3.130000
 212 3.080000
 213 3.090000
 214 3.090000
 215 3.120000
 216 3.130000
 217 3.130000
 218 3.130000
 219 3.150000
 220 3.180000
 221 3.180000
 222 3.180000
 223 3.200000
 224 3.220000
 225 3.200000
 226 3.230000
 227 3.250000
 228 3.280000
 229 3.330000
 230 3.330000
 231 4.620000
 232 4.620000
 233 4.590000
 234 4.590000
 235 1.890000
 236 1.880000
 237 1.870000
 238 1.870000
 239 1.860000
 240 1.860000
 241 1.830000
 242 1.830000
 243 1.850000
 244 1.850000
 245 1.850000
 246 1.600000
 247 1.650000
 248 1.780000
 249 1.850000
 250 1.850000
 251 1.900000
 252 1.900000
 253 1.870000
 254 1.900000
 255 1.920000
 256 1.920000
 257 1.940000
 258 1.960000
 259 1.970000
 260 4.330000
 261 4.390000
 262 4.390000
 263 4.380000
 264 3.300000
 265 3.290000
 266 3.290000
 267 3.290000
 268 3.290000
 269 3.260000
 270 3.260000
 271 3.260000
 272 3.260000
 273 3.240000
 274 3.240000
 275 3.240000
 276 3.210000
 277 3.240000
 278 3.210000
 279 3.210000
 280 3.190000
 281 3.190000
 282 3.190000
 283 3.170000
 284 3.170000
 285 3.190000
 286 3.170000
 287 3.170000
 288 3.170000
 289 3.170000
 290 3.170000
 291 3.140000
 292 3.140000
 293 3.140000
 294 3.130000
 295 3.140000
 296 3.110000
 297 3.140000
 298 3.140000
 299 3.110000
 300 3.140000
 301 3.110000
 302 3.110000
 303 3.110000
 304 3.110000
 305 3.110000
 306 3.110000
 307 3.090000
 308 3.090000
 309 3.090000
 310 3.090000
 311 3.090000
 312 3.090000
 313 3.070000
 314 3.090000
 315 3.070000
 316 3.070000
 317 3.070000
 318 3.090000
 319 3.070000
 320 3.070000
 321 3.080000
 322 3.080000
 323 3.070000
 324 3.080000
 325 3.040000
 326 3.040000
 327 3.050000
 328 3.070000
 329 3.080000
 330 3.050000
 331 3.040000
 332 3.070000
 333 3.040000
 334 3.040000
 335 3.040000
 336 3.070000
 337 3.040000
 338 2.280000
 339 2.260000
 340 2.240000
 341 2.210000
 342 2.240000
 343 2.210000
 344 2.230000
 345 2.390000
 346 3.040000
 347 3.040000
 348 3.020000
 349 3.040000
 350 3.050000
 351 3.220000
 352 3.170000
 353 3.130000
 354 3.080000
 355 3.060000
 356 3.060000
 357 3.010000
 358 3.010000
 359 3.010000
 360 2.980000
 361 2.980000
 362 2.980000
 363 2.960000
 364 2.960000
 365 2.930000
 366 2.930000
 367 2.910000
 368 2.910000
 369 2.900000
 370 2.890000
 371 2.870000
 372 2.840000
 373 2.840000
 374 2.810000
 375 2.770000
 376 2.760000
 377 2.730000
 378 2.720000
 379 2.670000
 380 2.660000
 381 2.650000
 382 2.630000
 383 2.610000
 384 2.610000
 385 2.580000
 386 2.580000
 387 2.560000
 388 2.580000
 389 2.580000
 390 2.560000
 391 2.560000
 392 2.560000
 393 2.580000
 394 2.560000
 395 2.560000
 396 2.540000
 397 2.560000
 398 2.550000
 399 2.520000
 400 2.500000
 401 2.520000
 402 2.470000
 403 2.510000
 404 2.470000
 405 2.450000
 406 2.460000
 407 2.440000
 408 2.420000
 409 2.430000
 410 2.420000
 411 2.400000
 412 2.390000
 413 2.410000
 414 2.370000
 415 2.390000
 416 2.370000
 417 2.380000
 418 2.370000
 419 2.370000
 420 2.340000
 421 2.360000
 422 2.320000
 423 2.320000
 424 2.320000
 425 2.320000
 426 2.310000
 427 2.290000
 428 2.290000
 429 2.310000
 430 1.140000
 431 1.100000
 432 1.130000
 433 1.100000
 434 1.100000
 435 1.100000
 436 1.070000
 437 1.100000
 438 1.070000
 439 1.070000
 440 1.070000
 441 1.070000
 442 1.100000
 443 1.040000
 444 1.040000
 445 1.040000
 446 1.050000
 447 1.050000
 448 1.020000
 449 1.020000
 450 1.040000
 451 1.040000
 452 1.020000
 453 1.020000
 454 1.020000
 455 1.000000
 456 1.000000
 457 1.000000
 458 1.010000
 459 0.980000
 460 0.990000
 461 1.010000
 462 0.990000
 463 0.990000
 464 0.980000
 465 0.990000
 466 0.990000
 467 0.990000
 468 0.960000
 469 0.960000
 470 0.960000
 471 0.950000
 472 0.930000
 473 0.940000
 474 0.940000
 475 0.930000
 476 0.920000
 477 0.900000
 478 0.910000
 479 0.910000
 480 0.890000
 481 0.890000
 482 0.910000
 483 0.900000
 484 0.920000
 485 0.940000
 486 0.930000
 487 0.940000
 488 0.950000
 489 0.960000
 490 0.980000
 491 0.990000
 492 0.990000
 493 0.990000
 494 1.000000
 495 1.010000
 496 1.040000
 497 1.010000
 498 1.010000
 499 1.030000
 500 1.060000
 501 1.060000
 502 1.060000
 503 1.060000
 504 1.050000
 505 1.060000
 506 1.090000
 507 1.110000
 508 1.110000
 509 1.100000
 510 1.110000
 511 1.110000
 512 1.130000
 513 1.140000
 514 1.190000
 515 1.150000
 516 1.190000
 517 1.180000
 518 1.180000
 519 1.180000
 520 1.190000
 521 1.210000
 522 1.200000
 523 1.210000
 524 2.320000
 525 2.290000
 526 2.290000
 527 1.920000
 528 1.870000
 529 1.870000
 530 1.920000
 531 2.320000
 532 2.350000
 533 2.370000
 534 2.370000
 535 2.380000
 536 2.380000
 537 2.380000
 538 2.390000
 539 2.390000
 540 2.390000
 541 2.420000
 542 2.420000
 543 2.420000
 544 2.400000
 545 2.430000
 546 2.400000
 547 2.400000
 548 2.380000
 549 2.380000
 550 2.380000
 551 2.380000
 552 2.350000
 553 2.360000
 554 2.350000
 555 2.330000
 556 2.330000
 557 2.330000
 558 2.310000
 559 2.310000
 560 2.330000
 561 2.290000
 562 2.290000
 563 2.280000
 564 2.280000
 565 2.300000
 566 2.300000
 567 2.280000
 568 2.260000
 569 2.260000
 570 2.330000
 571 2.380000
 572 2.400000
 573 2.400000
 574 2.420000
 575 2.400000
 576 2.420000
 577 2.400000
 578 2.430000
 579 2.460000
 580 2.460000
 581 1.500000
 582 1.550000
 583 1.530000
 584 1.500000
 585 1.490000
 586 1.490000
 587 1.540000
 588 1.540000
 589 1.540000
 590 1.550000
 591 1.560000
 592 1.560000
 593 1.590000
 594 1.590000
 595 1.610000
 596 1.610000
 597 1.640000
 598 1.630000
 599 1.660000
 600 1.680000
 601 1.710000
 602 1.720000
 603 1.720000
 604 1.740000
 605 1.770000
 606 1.790000
 607 1.820000
 608 1.860000
 609 1.910000
 610 1.830000
 611 1.900000
 612 1.980000
 613 2.310000
 614 2.440000
 615 2.440000
 616 2.440000
 617 2.070000
 618 2.010000
 619 2.030000
 620 2.090000
 621 2.500000
 622 2.490000
 623 2.490000
 624 2.490000
 625 2.500000
 626 2.520000
 627 2.500000
 628 2.520000
 629 2.520000
 630 2.520000
 631 2.520000
 632 2.520000
 633 2.520000
 634 2.550000
 635 2.550000
 636 2.550000
 637 2.560000
 638 2.550000
 639 2.570000
 640 2.570000
 641 2.600000
 642 2.570000
 643 2.570000
 644 2.600000
 645 2.570000
 646 2.570000
 647 2.600000
 648 2.570000
 649 2.600000
 650 2.620000
 651 2.590000
 652 2.600000
 653 2.620000
 654 2.620000
 655 2.620000
 656 2.640000
 657 2.640000
 658 2.620000
 659 2.620000
 660 2.650000
 661 2.650000
 662 2.670000
 663 2.650000
 664 2.670000
 665 2.670000
 666 2.680000
 667 2.670000
 668 2.670000
 669 2.700000
 670 2.700000
 671 2.700000
 672 2.720000
 673 2.720000
 674 2.720000
 675 2.740000
 676 2.740000
 677 2.740000
 678 2.770000
 679 2.790000
 680 2.760000
 681 2.780000
 682 2.770000
 683 2.780000
 684 2.810000
 685 2.810000
 686 2.810000
 687 2.830000
 688 2.830000
 689 2.830000
 690 2.840000
 691 2.870000
 692 2.870000
 693 2.890000
 694 2.880000
 695 2.880000
 696 2.910000
 697 2.910000
 698 2.940000
 699 2.960000
 700 2.960000
 701 2.960000
 702 2.970000
 703 3.010000
 704 3.010000
 705 3.060000
 706 3.030000
 707 3.030000
 708 3.060000
 709 3.060000
 710 3.060000
 711 3.060000
 712 3.070000
 713 3.070000
 714 3.100000
 715 3.120000
 716 3.150000
 717 3.140000
 718 3.140000
 719 3.190000
 720 3.220000
 721 3.220000
 722 3.240000
 723 1.510000
 724 1.500000
 725 1.510000
 726 1.510000
 727 1.510000
 728 1.510000
 729 1.510000
 730 1.490000
 731 1.510000
 732 1.500000
 733 1.500000
 734 1.510000
 735 1.490000
 736 1.520000
 737 2.580000
 738 2.480000
 739 2.400000
 740 2.340000
 741 2.230000
 742 2.170000
 743 2.130000
 744 1.480000
 745 1.460000
 746 1.460000
 747 1.550000
 748 1.480000
 749 1.470000
 750 1.490000
 751 3.820000
 752 3.790000
 753 3.820000
 754 3.790000
 755 3.820000
 756 3.820000
 757 3.840000
 758 3.860000
 759 3.890000
 760 3.930000
 0 2.130000
 1 2.100000
 2 2.120000
 3 2.100000
 4 2.100000
 5 2.120000
 6 2.110000
 7 2.110000
 8 2.110000
 9 2.110000
 10 2.110000
 11 2.110000
 12 2.100000
 13 2.120000
 14 2.140000
 15 2.110000
 16 2.110000
 17 2.130000
 18 2.120000
 19 2.140000
 20 2.150000
 21 2.160000
 22 2.180000
 23 2.180000
 24 2.160000
 25 2.150000
 26 2.140000
 27 2.140000
 28 2.150000
 29 2.180000
 30 2.140000
 31 2.190000
 32 2.170000
 33 2.200000
 34 2.170000
 35 2.190000
 36 2.180000
 37 2.190000
 38 2.180000
 39 2.290000
 40 2.240000
 41 2.140000
 42 2.140000
 43 2.180000
 44 2.160000
 45 2.210000
 46 2.200000
 47 2.200000
 48 2.240000
 49 2.200000
 50 2.210000
 51 2.190000
 52 2.190000
 53 2.190000
 54 2.220000
 55 2.220000
 56 2.240000
 57 2.210000
 58 2.240000
 59 2.210000
 60 2.190000
 61 2.190000
 62 2.190000
 63 2.240000
 64 2.250000
 65 2.250000
 66 2.280000
 67 2.260000
 68 2.280000
 69 2.300000
 70 2.260000
 71 2.300000
 72 2.280000
 73 2.260000
 74 2.290000
 75 2.290000
 76 2.320000
 77 2.320000
 78 2.320000
 79 2.310000
 80 2.300000
 81 2.300000
 82 2.350000
 83 2.440000
 84 2.340000
 85 2.300000
 86 2.290000
 87 2.290000
 88 2.310000
 89 2.340000
 90 2.370000
 91 2.380000
 92 2.360000
 93 2.380000
 94 2.390000
 95 2.390000
 96 2.390000
 97 2.400000
 98 2.390000
 99 2.360000
 100 2.390000
 101 2.360000
 102 2.370000
 103 2.390000
 104 2.390000
 105 2.420000
 106 2.420000
 107 2.410000
 108 2.530000
 109 2.500000
 110 2.440000
 111 3.430000
 112 3.450000
 113 3.580000
 114 3.520000
 115 3.520000
 116 3.550000
 117 3.520000
 118 3.450000
 119 3.480000
 120 3.450000
 121 3.480000
 122 3.480000
 123 3.500000
 124 3.500000
 125 3.500000
 126 3.530000
 127 3.530000
 128 3.620000
 129 3.620000
 130 3.600000
 131 3.620000
 132 3.680000
 133 3.620000
 134 3.650000
 135 3.660000
 136 3.680000
 137 3.730000
 138 3.770000
 139 3.810000
 140 3.810000
 141 3.830000
 142 3.820000
 143 3.790000
 144 3.820000
 145 3.830000
 146 3.800000
 147 3.830000
 148 3.850000
 149 3.880000
 150 3.900000
 151 3.880000
 152 3.900000
 153 3.920000
 154 3.930000
 155 3.910000
 156 3.920000
 157 3.960000
 158 4.010000
 159 4.040000
 160 4.060000
 161 4.070000
 162 4.040000
 163 4.110000
 164 4.000000
 165 4.160000
 166 4.050000
 167 4.100000
 168 4.080000
 169 4.080000
 170 4.130000
 171 4.130000
 172 4.150000
 173 4.150000
 174 4.180000
 175 4.200000
 176 4.230000
 177 4.250000
 178 4.250000
 179 4.280000
 180 4.280000
 181 4.300000
 182 4.300000
 183 4.350000
 184 4.350000
 185 4.470000
 186 4.400000
 187 4.400000
 188 4.430000
 189 4.140000
 190 4.480000
 191 4.480000
 192 4.450000
 193 4.360000
 194 4.570000
 195 4.550000
 196 4.690000
 197 3.400000
 198 3.350000
 199 3.350000
 200 3.330000
 201 3.270000
 202 3.250000
 203 3.250000
 204 3.220000
 205 3.230000
 206 3.200000
 207 3.170000
 208 3.150000
 209 3.130000
 210 3.130000
 211 3.100000
 212 3.110000
 213 3.090000
 214 3.090000
 215 3.100000
 216 3.100000
 217 3.100000
 218 3.150000
 219 3.150000
 220 3.180000
 221 3.150000
 222 3.180000
 223 3.200000
 224 3.200000
 225 3.210000
 226 3.230000
 227 3.230000
 228 3.280000
 229 3.300000
 230 3.330000
 231 4.620000
 232 4.620000
 233 4.620000
 234 4.590000
 235 1.890000
 236 1.860000
 237 1.870000
 238 1.870000
 239 1.860000
 240 1.890000
 241 1.850000
 242 1.830000
 243 1.850000
 244 1.850000
 245 1.850000
 246 1.600000
 247 1.640000
 248 1.770000
 249 1.860000
 250 1.870000
 251 1.900000
 252 1.900000
 253 1.910000
 254 1.900000
 255 1.900000
 256 1.930000
 257 1.940000
 258 1.990000
 259 2.010000
 260 4.360000
 261 4.390000
 262 4.390000
 263 4.410000
 264 3.290000
 265 3.290000
 266 3.290000
 267 3.290000
 268 3.260000
 269 3.260000
 270 3.260000
 271 3.240000
 272 3.240000
 273 3.210000
 274 3.210000
 275 3.240000
 276 3.210000
 277 3.240000
 278 3.210000
 279 3.190000
 280 3.190000
 281 3.190000
 282 3.190000
 283 3.190000
 284 3.190000
 285 3.190000
 286 3.170000
 287 3.170000
 288 3.170000
 289 3.170000
 290 3.170000
 291 3.160000
 292 3.170000
 293 3.160000
 294 3.130000
 295 3.140000
 296 3.140000
 297 3.140000
 298 3.110000
 299 3.110000
 300 3.110000
 301 3.110000
 302 3.110000
 303 3.110000
 304 3.090000
 305 3.090000
 306 3.090000
 307 3.090000
 308 3.090000
 309 3.090000
 310 3.090000
 311 3.060000
 312 3.090000
 313 3.070000
 314 3.090000
 315 3.070000
 316 3.070000
 317 3.070000
 318 3.070000
 319 3.070000
 320 3.070000
 321 3.080000
 322 3.080000
 323 3.070000
 324 3.040000
 325 3.070000
 326 3.040000
 327 3.080000
 328 3.070000
 329 3.080000
 330 3.080000
 331 3.050000
 332 3.040000
 333 3.020000
 334 3.040000
 335 3.040000
 336 3.020000
 337 3.020000
 338 2.280000
 339 2.260000
 340 2.240000
 341 2.240000
 342 2.210000
 343 2.240000
 344 2.230000
 345 2.390000
 346 3.040000
 347 3.040000
 348 3.040000
 349 3.050000
 350 3.030000
 351 3.210000
 352 3.170000
 353 3.130000
 354 3.080000
 355 3.060000
 356 3.030000
 357 3.010000
 358 3.030000
 359 3.010000
 360 2.980000
 361 2.980000
 362 2.980000
 363 2.980000
 364 2.960000
 365 2.960000
 366 2.930000
 367 2.930000
 368 2.910000
 369 2.900000
 370 2.890000
 371 2.870000
 372 2.870000
 373 2.850000
 374 2.820000
 375 2.780000
 376 2.760000
 377 2.710000
 378 2.710000
 379 2.670000
 380 2.690000
 381 2.650000
 382 2.660000
 383 2.610000
 384 2.610000
 385 2.610000
 386 2.580000
 387 2.580000
 388 2.580000
 389 2.580000
 390 2.560000
 391 2.560000
 392 2.580000
 393 2.580000
 394 2.560000
 395 2.560000
 396 2.560000
 397 2.550000
 398 2.530000
 399 2.520000
 400 2.500000
 401 2.530000
 402 2.470000
 403 2.510000
 404 2.470000
 405 2.470000
 406 2.460000
 407 2.450000
 408 2.420000
 409 2.430000
 410 2.390000
 411 2.420000
 412 2.400000
 413 2.400000
 414 2.400000
 415 2.390000
 416 2.370000
 417 2.390000
 418 2.370000
 419 2.370000
 420 2.370000
 421 2.320000
 422 2.320000
 423 2.320000
 424 2.320000
 425 2.330000
 426 2.320000
 427 2.290000
 428 2.300000
 429 2.310000
 430 1.110000
 431 1.130000
 432 1.130000
 433 1.100000
 434 1.100000
 435 1.100000
 436 1.070000
 437 1.070000
 438 1.070000
 439 1.070000
 440 1.070000
 441 1.100000
 442 1.070000
 443 1.070000
 444 1.040000
 445 1.070000
 446 1.070000
 447 1.020000
 448 1.040000
 449 1.040000
 450 1.040000
 451 1.020000
 452 1.020000
 453 1.020000
 454 1.020000
 455 1.000000
 456 1.000000
 457 0.980000
 458 1.000000
 459 1.010000
 460 0.990000
 461 0.990000
 462 0.990000
 463 0.990000
 464 0.980000
 465 0.990000
 466 0.990000
 467 0.990000
 468 0.960000
 469 0.940000
 470 0.960000
 471 0.950000
 472 0.940000
 473 0.940000
 474 0.940000
 475 0.930000
 476 0.920000
 477 0.930000
 478 0.910000
 479 0.940000
 480 0.890000
 481 0.890000
 482 0.940000
 483 0.900000
 484 0.920000
 485 0.950000
 486 0.950000
 487 0.960000
 488 0.950000
 489 0.960000
 490 0.980000
 491 0.990000
 492 0.960000
 493 0.990000
 494 0.980000
 495 1.010000
 496 1.010000
 497 1.010000
 498 1.010000
 499 1.030000
 500 1.010000
 501 1.060000
 502 1.060000
 503 1.060000
 504 1.080000
 505 1.090000
 506 1.090000
 507 1.090000
 508 1.090000
 509 1.100000
 510 1.110000
 511 1.110000
 512 1.130000
 513 1.140000
 514 1.160000
 515 1.160000
 516 1.160000
 517 1.180000
 518 1.180000
 519 1.180000
 520 1.200000
 521 1.200000
 522 1.220000
 523 1.190000
 524 2.300000
 525 2.320000
 526 2.270000
 527 1.920000
 528 1.870000
 529 1.860000
 530 1.920000
 531 2.350000
 532 2.350000
 533 2.350000
 534 2.380000
 535 2.380000
 536 2.380000
 537 2.380000
 538 2.410000
 539 2.410000
 540 2.360000
 541 2.420000
 542 2.420000
 543 2.420000
 544 2.400000
 545 2.430000
 546 2.400000
 547 2.400000
 548 2.380000
 549 2.380000
 550 2.380000
 551 2.350000
 552 2.350000
 553 2.330000
 554 2.350000
 555 2.350000
 556 2.350000
 557 2.340000
 558 2.310000
 559 2.340000
 560 2.310000
 561 2.290000
 562 2.310000
 563 2.280000
 564 2.280000
 565 2.280000
 566 2.300000
 567 2.280000
 568 2.280000
 569 2.260000
 570 2.330000
 571 2.350000
 572 2.380000
 573 2.400000
 574 2.400000
 575 2.370000
 576 2.390000
 577 2.400000
 578 2.430000
 579 2.460000
 580 2.460000
 581 1.520000
 582 1.550000
 583 1.510000
 584 1.520000
 585 1.490000
 586 1.510000
 587 1.520000
 588 1.540000
 589 1.550000
 590 1.540000
 591 1.560000
 592 1.560000
 593 1.560000
 594 1.590000
 595 1.610000
 596 1.610000
 597 1.640000
 598 1.660000
 599 1.680000
 600 1.680000
 601 1.680000
 602 1.720000
 603 1.750000
 604 1.740000
 605 1.770000
 606 1.820000
 607 1.840000
 608 1.870000
 609 1.880000
 610 1.930000
 611 1.850000
 612 1.980000
 613 2.280000
 614 2.460000
 615 2.440000
 616 2.440000
 617 2.030000
 618 2.010000
 619 2.010000
 620 2.110000
 621 2.470000
 622 2.490000
 623 2.490000
 624 2.500000
 625 2.490000
 626 2.520000
 627 2.500000
 628 2.520000
 629 2.520000
 630 2.520000
 631 2.520000
 632 2.520000
 633 2.520000
 634 2.550000
 635 2.520000
 636 2.550000
 637 2.550000
 638 2.550000
 639 2.570000
 640 2.570000
 641 2.570000
 642 2.570000
 643 2.600000
 644 2.570000
 645 2.600000
 646 2.570000
 647 2.600000
 648 2.590000
 649 2.600000
 650 2.620000
 651 2.620000
 652 2.620000
 653 2.620000
 654 2.590000
 655 2.640000
 656 2.620000
 657 2.640000
 658 2.640000
 659 2.620000
 660 2.650000
 661 2.650000
 662 2.650000
 663 2.670000
 664 2.670000
 665 2.670000
 666 2.680000
 667 2.680000
 668 2.700000
 669 2.700000
 670 2.710000
 671 2.700000
 672 2.720000
 673 2.720000
 674 2.740000
 675 2.740000
 676 2.740000
 677 2.770000
 678 2.770000
 679 2.770000
 680 2.780000
 681 2.760000
 682 2.780000
 683 2.780000
 684 2.810000
 685 2.810000
 686 2.810000
 687 2.830000
 688 2.830000
 689 2.840000
 690 2.890000
 691 2.870000
 692 2.890000
 693 2.880000
 694 2.880000
 695 2.910000
 696 2.910000
 697 2.920000
 698 2.930000
 699 2.930000
 700 2.960000
 701 2.980000
 702 2.970000
 703 3.010000
 704 3.030000
 705 3.030000
 706 3.030000
 707 3.030000
 708 3.060000
 709 3.060000
 710 3.080000
 711 3.080000
 712 3.100000
 713 3.080000
 714 3.120000
 715 3.120000
 716 3.120000
 717 3.140000
 718 3.170000
 719 3.190000
 720 3.190000
 721 3.220000
 722 3.220000
 723 1.500000
 724 1.500000
 725 1.490000
 726 1.510000
 727 1.510000
 728 1.490000
 729 1.510000
 730 1.490000
 731 1.510000
 732 1.500000
 733 1.500000
 734 1.510000
 735 1.490000
 736 1.520000
 737 2.580000
 738 2.480000
 739 2.380000
 740 2.330000
 741 2.250000
 742 2.140000
 743 2.100000
 744 1.500000
 745 1.480000
 746 1.460000
 747 1.530000
 748 1.500000
 749 1.500000
 750 1.470000
 751 3.820000
 752 3.820000
 753 3.790000
 754 3.780000
 755 3.810000
 756 3.840000
 757 3.840000
 758 3.880000
 759 3.920000
 760 3.920000
 0 2.130000
 1 2.110000
 2 2.100000
 3 2.100000
 4 2.100000
 5 2.100000
 6 2.110000
 7 2.110000
 8 2.110000
 9 2.130000
 10 2.110000
 11 2.130000
 12 2.100000
 13 2.110000
 14 2.110000
 15 2.140000
 16 2.130000
 17 2.110000
 18 2.120000
 19 2.160000
 20 2.160000
 21 2.160000
 22 2.180000
 23 2.160000
 24 2.170000
 25 2.180000
 26 2.140000
 27 2.140000
 28 2.150000
 29 2.150000
 30 2.160000
 31 2.190000
 32 2.190000
 33 2.180000
 34 2.190000
 35 2.190000
 36 2.190000
 37 2.190000
 38 2.200000
 39 2.280000
 40 2.240000
 41 2.160000
 42 2.150000
 43 2.150000
 44 2.190000
 45 2.210000
 46 2.200000
 47 2.200000
 48 2.190000
 49 2.200000
 50 2.190000
 51 2.190000
 52 2.200000
 53 2.210000
 54 2.240000
 55 2.240000
 56 2.240000
 57 2.210000
 58 2.210000
 59 2.210000
 60 2.190000
 61 2.220000
 62 2.220000
 63 2.240000
 64 2.250000
 65 2.280000
 66 2.280000
 67 2.260000
 68 2.270000
 69 2.270000
 70 2.260000
 71 2.280000
 72 2.280000
 73 2.290000
 74 2.290000
 75 2.290000
 76 2.320000
 77 2.300000
 78 2.320000
 79 2.310000
 80 2.300000
 81 2.300000
 82 2.330000
 83 2.410000
 84 2.340000
 85 2.300000
 86 2.320000
 87 2.320000
 88 2.290000
 89 2.340000
 90 2.370000
 91 2.380000
 92 2.360000
 93 2.380000
 94 2.390000
 95 2.390000
 96 2.390000
 97 2.400000
 98 2.410000
 99 2.390000
 100 2.360000
 101 2.360000
 102 2.370000
 103 2.370000
 104 2.390000
 105 2.410000
 106 2.400000
 107 2.430000
 108 2.510000
 109 2.440000
 110 2.460000
 111 3.430000
 112 3.450000
 113 3.580000
 114 3.550000
 115 3.520000
 116 3.550000
 117 3.540000
 118 3.450000
 119 3.450000
 120 3.450000
 121 3.480000
 122 3.480000
 123 3.480000
 124 3.500000
 125 3.530000
 126 3.510000
 127 3.530000
 128 3.600000
 129 3.620000
 130 3.610000
 131 3.640000
 132 3.660000
 133 3.630000
 134 3.660000
 135 3.670000
 136 3.680000
 137 3.700000
 138 3.750000
 139 3.830000
 140 3.800000
 141 3.820000
 142 3.820000
 143 3.820000
 144 3.820000
 145 3.830000
 146 3.810000
 147 3.830000
 148 3.850000
 149 3.840000
 150 3.890000
 151 3.870000
 152 3.900000
 153 3.880000
 154 3.890000
 155 3.920000
 156 3.930000
 157 3.980000
 158 4.030000
 159 4.040000
 160 4.060000
 161 4.050000
 162 4.030000
 163 4.130000
 164 4.000000
 165 4.160000
 166 4.050000
 167 4.080000
 168 4.080000
 169 4.100000
 170 4.130000
 171 4.130000
 172 4.130000
 173 4.150000
 174 4.180000
 175 4.200000
 176 4.200000
 177 4.230000
 178 4.250000
 179 4.280000
 180 4.280000
 181 4.270000
 182 4.300000
 183 4.330000
 184 4.460000
 185 4.470000
 186 4.430000
 187 4.400000
 188 4.430000
 189 4.170000
 190 4.450000
 191 4.480000
 192 4.430000
 193 4.330000
 194 4.570000
 195 4.550000
 196 4.690000
 197 3.400000
 198 3.330000
 199 3.360000
 200 3.300000
 201 3.250000
 202 3.270000
 203 3.250000
 204 3.250000
 205 3.200000
 206 3.200000
 207 3.150000
 208 3.150000
 209 3.130000
 210 3.130000
 211 3.100000
 212 3.110000
 213 3.090000
 214 3.090000
 215 3.130000
 216 3.130000
 217 3.130000
 218 3.130000
 219 3.150000
 220 3.180000
 221 3.180000
 222 3.150000
 223 3.180000
 224 3.230000
 225 3.210000
 226 3.220000
 227 3.250000
 228 3.280000
 229 3.300000
 230 3.330000
 231 4.620000
 232 4.590000
 233 4.620000
 234 4.590000
 235 1.890000
 236 1.880000
 237 1.870000
 238 1.870000
 239 1.860000
 240 1.860000
 241 1.820000
 242 1.830000
 243 1.850000
 244 1.820000
 245 1.870000
 246 1.630000
 247 1.650000
 248 1.780000
 249 1.840000
 250 1.870000
 251 1.900000
 252 1.900000
 253 1.900000
 254 1.900000
 255 1.900000
 256 1.920000
 257 1.970000
 258 1.960000
 259 1.970000
 260 4.330000
 261 4.410000
 262 4.360000
 263 4.380000
 264 3.310000
 265 3.290000
 266 3.290000
 267 3.290000
 268 3.260000
 269 3.260000
 270 3.260000
 271 3.240000
 272 3.240000
 273 3.260000
 274 3.240000
 275 3.240000
 276 3.210000
 277 3.240000
 278 3.210000
 279 3.190000
 280 3.190000
 281 3.190000
 282 3.210000
 283 3.190000
 284 3.190000
 285 3.190000
 286 3.190000
 287 3.170000
 288 3.170000
 289 3.140000
 290 3.140000
 291 3.140000
 292 3.140000
 293 3.140000
 294 3.130000
 295 3.140000
 296 3.140000
 297 3.110000
 298 3.140000
 299 3.140000
 300 3.140000
 301 3.110000
 302 3.110000
 303 3.090000
 304 3.110000
 305 3.110000
 306 3.110000
 307 3.090000
 308 3.090000
 309 3.090000
 310 3.090000
 311 3.090000
 312 3.090000
 313 3.070000
 314 3.070000
 315 3.060000
 316 3.090000
 317 3.090000
 318 3.070000
 319 3.070000
 320 3.070000
 321 3.050000
 322 3.080000
 323 3.070000
 324 3.050000
 325 3.070000
 326 3.040000
 327 3.050000
 328 3.070000
 329 3.050000
 330 3.050000
 331 3.050000
 332 3.040000
 333 3.040000
 334 3.040000
 335 3.040000
 336 3.040000
 337 3.020000
 338 2.280000
 339 2.260000
 340 2.240000
 341 2.210000
 342 2.210000
 343 2.240000
 344 2.250000
 345 2.390000
 346 3.040000
 347 3.040000
 348 3.040000
 349 3.030000
 350 3.030000
 351 3.200000
 352 3.160000
 353 3.130000
 354 3.080000
 355 3.060000
 356 3.030000
 357 3.030000
 358 3.010000
 359 3.010000
 360 3.010000
 361 2.980000
 362 3.010000
 363 2.960000
 364 2.980000
 365 2.960000
 366 2.930000
 367 2.930000
 368 2.930000
 369 2.900000
 370 2.920000
 371 2.870000
 372 2.850000
 373 2.840000
 374 2.810000
 375 2.770000
 376 2.750000
 377 2.730000
 378 2.720000
 379 2.670000
 380 2.680000
 381 2.650000
 382 2.660000
 383 2.610000
 384 2.610000
 385 2.630000
 386 2.610000
 387 2.580000
 388 2.580000
 389 2.580000
 390 2.560000
 391 2.580000
 392 2.580000
 393 2.580000
 394 2.560000
 395 2.580000
 396 2.570000
 397 2.550000
 398 2.520000
 399 2.520000
 400 2.520000
 401 2.530000
 402 2.500000
 403 2.490000
 404 2.470000
 405 2.480000
 406 2.450000
 407 2.450000
 408 2.420000
 409 2.460000
 410 2.440000
 411 2.420000
 412 2.400000
 413 2.430000
 414 2.400000
 415 2.390000
 416 2.390000
 417 2.390000
 418 2.390000
 419 2.370000
 420 2.340000
 421 2.350000
 422 2.340000
 423 2.320000
 424 2.320000
 425 2.360000
 426 2.320000
 427 2.320000
 428 2.290000
 429 2.280000
 430 1.170000
 431 1.130000
 432 1.130000
 433 1.100000
 434 1.100000
 435 1.100000
 436 1.070000
 437 1.070000
 438 1.070000
 439 1.070000
 440 1.070000
 441 1.070000
 442 1.100000
 443 1.100000
 444 1.040000
 445 1.040000
 446 1.050000
 447 1.070000
 448 1.040000
 449 1.040000
 450 1.020000
 451 1.040000
 452 1.040000
 453 1.020000
 454 1.000000
 455 1.000000
 456 1.000000
 457 1.000000
 458 1.000000
 459 1.010000
 460 0.990000
 461 1.010000
 462 0.990000
 463 0.990000
 464 0.980000
 465 0.960000
 466 0.960000
 467 0.960000
 468 0.960000
 469 0.960000
 470 0.960000
 471 0.950000
 472 0.930000
 473 0.960000
 474 0.940000
 475 0.950000
 476 0.920000
 477 0.930000
 478 0.910000
 479 0.910000
 480 0.890000
 481 0.910000
 482 0.910000
 483 0.900000
 484 0.950000
 485 0.940000
 486 0.950000
 487 0.960000
 488 0.950000
 489 0.960000
 490 0.950000
 491 0.980000
 492 0.990000
 493 0.990000
 494 0.980000
 495 1.010000
 496 1.010000
 497 1.010000
 498 1.010000
 499 1.050000
 500 1.040000
 501 1.040000
 502 1.060000
 503 1.060000
 504 1.080000
 505 1.090000
 506 1.090000
 507 1.090000
 508 1.090000
 509 1.140000
 510 1.110000
 511 1.110000
 512 1.130000
 513 1.140000
 514 1.160000
 515 1.150000
 516 1.160000
 517 1.180000
 518 1.180000
 519 1.180000
 520 1.200000
 521 1.210000
 522 1.220000
 523 1.160000
 524 2.320000
 525 2.320000
 526 2.290000
 527 1.920000
 528 1.850000
 529 1.870000
 530 1.920000
 531 2.350000
 532 2.370000
 533 2.370000
 534 2.380000
 535 2.380000
 536 2.410000
 537 2.410000
 538 2.410000
 539 2.440000
 540 2.390000
 541 2.420000
 542 2.420000
 543 2.420000
 544 2.430000
 545 2.430000
 546 2.430000
 547 2.400000
 548 2.380000
 549 2.380000
 550 2.380000
 551 2.350000
 552 2.350000
 553 2.360000
 554 2.350000
 555 2.350000
 556 2.330000
 557 2.340000
 558 2.310000
 559 2.340000
 560 2.310000
 561 2.290000
 562 2.310000
 563 2.280000
 564 2.280000
 565 2.300000
 566 2.300000
 567 2.260000
 568 2.270000
 569 2.270000
 570 2.330000
 571 2.380000
 572 2.380000
 573 2.430000
 574 2.400000
 575 2.400000
 576 2.390000
 577 2.420000
 578 2.430000
 579 2.430000
 580 2.460000
 581 1.520000
 582 1.550000
 583 1.500000
 584 1.530000
 585 1.490000
 586 1.510000
 587 1.520000
 588 1.550000
 589 1.540000
 590 1.540000
 591 1.560000
 592 1.590000
 593 1.590000
 594 1.610000
 595 1.610000
 596 1.640000
 597 1.630000
 598 1.660000
 599 1.680000
 600 1.680000
 601 1.680000
 602 1.720000
 603 1.720000
 604 1.740000
 605 1.790000
 606 1.790000
 607 1.820000
 608 1.830000
 609 1.870000
 610 1.910000
 611 1.880000
 612 1.920000
 613 2.230000
 614 2.440000
 615 2.440000
 616 2.430000
 617 2.030000
 618 2.010000
 619 2.030000
 620 2.120000
 621 2.490000
 622 2.490000
 623 2.520000
 624 2.520000
 625 2.490000
 626 2.520000
 627 2.520000
 628 2.520000
 629 2.520000
 630 2.520000
 631 2.540000
 632 2.550000
 633 2.550000
 634 2.550000
 635 2.570000
 636 2.550000
 637 2.550000
 638 2.570000
 639 2.570000
 640 2.570000
 641 2.570000
 642 2.600000
 643 2.570000
 644 2.600000
 645 2.570000
 646 2.600000
 647 2.600000
 648 2.600000
 649 2.590000
 650 2.590000
 651 2.620000
 652 2.620000
 653 2.620000
 654 2.620000
 655 2.620000
 656 2.620000
 657 2.640000
 658 2.650000
 659 2.620000
 660 2.650000
 661 2.650000
 662 2.650000
 663 2.650000
 664 2.670000
 665 2.700000
 666 2.680000
 667 2.670000
 668 2.700000
 669 2.720000
 670 2.700000
 671 2.720000
 672 2.720000
 673 2.720000
 674 2.750000
 675 2.740000
 676 2.740000
 677 2.770000
 678 2.740000
 679 2.770000
 680 2.780000
 681 2.780000
 682 2.810000
 683 2.780000
 684 2.810000
 685 2.810000
 686 2.810000
 687 2.830000
 688 2.860000
 689 2.870000
 690 2.870000
 691 2.880000
 692 2.870000
 693 2.890000
 694 2.880000
 695 2.880000
 696 2.910000
 697 2.910000
 698 2.930000
 699 2.960000
 700 2.960000
 701 2.980000
 702 2.980000
 703 3.030000
 704 3.030000
 705 3.050000
 706 3.030000
 707 3.030000
 708 3.060000
 709 3.080000
 710 3.080000
 711 3.060000
 712 3.100000
 713 3.090000
 714 3.120000
 715 3.120000
 716 3.150000
 717 3.170000
 718 3.170000
 719 3.170000
 720 3.220000
 721 3.210000
 722 3.240000
 723 1.530000
 724 1.500000
 725 1.490000
 726 1.510000
 727 1.490000
 728 1.510000
 729 1.510000
 730 1.510000
 731 1.510000
 732 1.530000
 733 1.500000
 734 1.510000
 735 1.520000
 736 1.520000
 737 2.550000
 738 2.500000
 739 2.380000
 740 2.300000
 741 2.250000
 742 2.170000
 743 2.100000
 744 1.500000
 745 1.460000
 746 1.460000
 747 1.550000
 748 1.480000
 749 1.500000
 750 1.490000
 751 3.840000
 752 3.790000
 753 3.820000
 754 3.810000
 755 3.820000
 756 3.830000
 757 3.860000
 758 3.910000
 759 3.920000
 760 3.930000
 0 2.130000
 1 2.110000
 2 2.100000
 3 2.100000
 4 2.100000
 5 2.120000
 6 2.110000
 7 2.110000
 8 2.110000
 9 2.110000
 10 2.130000
 11 2.110000
 12 2.100000
 13 2.130000
 14 2.140000
 15 2.110000
 16 2.130000
 17 2.110000
 18 2.150000
 19 2.160000
 20 2.160000
 21 2.160000
 22 2.180000
 23 2.190000
 24 2.190000
 25 2.150000
 26 2.140000
 27 2.150000
 28 2.150000
 29 2.150000
 30 2.140000
 31 2.190000
 32 2.200000
 33 2.200000
 34 2.200000
 35 2.190000
 36 2.180000
 37 2.190000
 38 2.180000
 39 2.270000
 40 2.240000
 41 2.140000
 42 2.180000
 43 2.180000
 44 2.160000
 45 2.210000
 46 2.200000
 47 2.230000
 48 2.220000
 49 2.230000
 50 2.210000
 51 2.200000
 52 2.200000
 53 2.190000
 54 2.220000
 55 2.250000
 56 2.250000
 57 2.240000
 58 2.240000
 59 2.210000
 60 2.200000
 61 2.220000
 62 2.220000
 63 2.210000
 64 2.250000
 65 2.250000
 66 2.280000
 67 2.290000
 68 2.270000
 69 2.280000
 70 2.260000
 71 2.300000
 72 2.280000
 73 2.290000
 74 2.290000
 75 2.290000
 76 2.320000
 77 2.320000
 78 2.320000
 79 2.310000
 80 2.330000
 81 2.330000
 82 2.330000
 83 2.440000
 84 2.360000
 85 2.300000
 86 2.300000
 87 2.300000
 88 2.290000
 89 2.340000
 90 2.350000
 91 2.370000
 92 2.360000
 93 2.380000
 94 2.380000
 95 2.370000
 96 2.400000
 97 2.400000
 98 2.390000
 99 2.390000
 100 2.390000
 101 2.360000
 102 2.370000
 103 2.400000
 104 2.390000
 105 2.410000
 106 2.400000
 107 2.410000
 108 2.480000
 109 2.470000
 110 2.440000
 111 3.430000
 112 3.460000
 113 3.600000
 114 3.550000
 115 3.520000
 116 3.550000
 117 3.550000
 118 3.460000
 119 3.480000
 120 3.480000
 121 3.460000
 122 3.510000
 123 3.480000
 124 3.510000
 125 3.510000
 126 3.550000
 127 3.530000
 128 3.620000
 129 3.530000
 130 3.600000
 131 3.640000
 132 3.680000
 133 3.620000
 134 3.660000
 135 3.680000
 136 3.680000
 137 3.730000
 138 3.760000
 139 3.830000
 140 3.790000
 141 3.850000
 142 3.820000
 143 3.820000
 144 3.820000
 145 3.800000
 146 3.800000
 147 3.800000
 148 3.850000
 149 3.870000
 150 3.900000
 151 3.910000
 152 3.900000
 153 3.920000
 154 3.930000
 155 3.930000
 156 3.930000
 157 3.960000
 158 4.030000
 159 4.040000
 160 4.060000
 161 4.040000
 162 4.070000
 163 4.130000
 164 4.030000
 165 4.160000
 166 4.060000
 167 4.080000
 168 4.110000
 169 4.110000
 170 4.130000
 171 4.130000
 172 4.160000
 173 4.160000
 174 4.180000
 175 4.180000
 176 4.230000
 177 4.230000
 178 4.260000
 179 4.260000
 180 4.280000
 181 4.300000
 182 4.310000
 183 4.360000
 184 4.360000
 185 4.480000
 186 4.370000
 187 4.430000
 188 4.460000
 189 4.140000
 190 4.480000
 191 4.510000
 192 4.430000
 193 4.360000
 194 4.570000
 195 4.560000
 196 4.680000
 197 3.400000
 198 3.350000
 199 3.350000
 200 3.310000
 201 3.270000
 202 3.220000
 203 3.220000
 204 3.220000
 205 3.200000
 206 3.210000
 207 3.170000
 208 3.160000
 209 3.130000
 210 3.130000
 211 3.110000
 212 3.110000
 213 3.110000
 214 3.090000
 215 3.120000
 216 3.130000
 217 3.130000
 218 3.130000
 219 3.180000
 220 3.180000
 221 3.160000
 222 3.160000
 223 3.210000
 224 3.210000
 225 3.230000
 226 3.240000
 227 3.260000
 228 3.260000
 229 3.310000
 230 3.330000
 231 4.620000
 232 4.590000
 233 4.590000
 234 4.590000
 235 1.890000
 236 1.910000
 237 1.840000
 238 1.900000
 239 1.860000
 240 1.890000
 241 1.850000
 242 1.830000
 243 1.860000
 244 1.820000
 245 1.850000
 246 1.610000
 247 1.640000
 248 1.750000
 249 1.840000
 250 1.900000
 251 1.870000
 252 1.900000
 253 1.900000
 254 1.880000
 255 1.910000
 256 1.930000
 257 1.940000
 258 1.990000
 259 2.000000
 260 4.390000
 261 4.390000
 262 4.390000
 263 4.380000
 264 3.300000
 265 3.290000
 266 3.290000
 267 3.260000
 268 3.290000
 269 3.260000
 270 3.260000
 271 3.240000
 272 3.240000
 273 3.240000
 274 3.240000
 275 3.210000
 276 3.210000
 277 3.210000
 278 3.210000
 279 3.210000
 280 3.190000
 281 3.190000
 282 3.190000
 283 3.200000
 284 3.170000
 285 3.170000
 286 3.170000
 287 3.170000
 288 3.200000
 289 3.170000
 290 3.150000
 291 3.160000
 292 3.150000
 293 3.140000
 294 3.130000
 295 3.140000
 296 3.150000
 297 3.110000
 298 3.140000
 299 3.110000
 300 3.110000
 301 3.110000
 302 3.110000
 303 3.110000
 304 3.110000
 305 3.110000
 306 3.110000
 307 3.090000
 308 3.090000
 309 3.090000
 310 3.090000
 311 3.090000
 312 3.100000
 313 3.100000
 314 3.100000
 315 3.070000
 316 3.100000
 317 3.070000
 318 3.070000
 319 3.070000
 320 3.070000
 321 3.080000
 322 3.080000
 323 3.070000
 324 3.070000
 325 3.070000
 326 3.050000
 327 3.050000
 328 3.050000
 329 3.080000
 330 3.050000
 331 3.050000
 332 3.050000
 333 3.050000
 334 3.050000
 335 3.050000
 336 3.020000
 337 3.020000
 338 2.200000
 339 2.260000
 340 2.240000
 341 2.240000
 342 2.210000
 343 2.240000
 344 2.230000
 345 2.390000
 346 3.050000
 347 3.020000
 348 3.050000
 349 3.050000
 350 3.030000
 351 3.210000
 352 3.160000
 353 3.130000
 354 3.080000
 355 3.060000
 356 3.030000
 357 3.010000
 358 3.010000
 359 3.010000
 360 3.010000
 361 2.980000
 362 2.980000
 363 2.980000
 364 2.960000
 365 2.960000
 366 2.930000
 367 2.930000
 368 2.900000
 369 2.930000
 370 2.870000
 371 2.840000
 372 2.870000
 373 2.820000
 374 2.810000
 375 2.760000
 376 2.730000
 377 2.730000
 378 2.690000
 379 2.670000
 380 2.660000
 381 2.650000
 382 2.630000
 383 2.610000
 384 2.610000
 385 2.610000
 386 2.580000
 387 2.580000
 388 2.580000
 389 2.580000
 390 2.580000
 391 2.560000
 392 2.560000
 393 2.560000
 394 2.560000
 395 2.560000
 396 2.530000
 397 2.530000
 398 2.560000
 399 2.530000
 400 2.510000
 401 2.510000
 402 2.480000
 403 2.510000
 404 2.480000
 405 2.470000
 406 2.450000
 407 2.440000
 408 2.450000
 409 2.430000
 410 2.390000
 411 2.390000
 412 2.430000
 413 2.400000
 414 2.380000
 415 2.390000
 416 2.370000
 417 2.370000
 418 2.360000
 419 2.370000
 420 2.340000
 421 2.320000
 422 2.330000
 423 2.330000
 424 2.320000
 425 2.330000
 426 2.290000
 427 2.330000
 428 2.290000
 429 2.310000
 430 1.140000
 431 1.130000
 432 1.130000
 433 1.100000
 434 1.100000
 435 1.070000
 436 1.100000
 437 1.070000
 438 1.070000
 439 1.100000
 440 1.070000
 441 1.070000
 442 1.040000
 443 1.070000
 444 1.040000
 445 1.020000
 446 1.050000
 447 1.070000
 448 1.040000
 449 1.020000
 450 1.040000
 451 1.040000
 452 0.990000
 453 1.020000
 454 1.000000
 455 0.970000
 456 1.010000
 457 0.980000
 458 0.980000
 459 0.990000
 460 0.990000
 461 1.010000
 462 0.990000
 463 0.990000
 464 0.980000
 465 0.990000
 466 0.990000
 467 0.960000
 468 0.960000
 469 0.940000
 470 0.960000
 471 0.950000
 472 0.950000
 473 0.940000
 474 0.960000
 475 0.930000
 476 0.950000
 477 0.930000
 478 0.910000
 479 0.910000
 480 0.910000
 481 0.910000
 482 0.910000
 483 0.900000
 484 0.950000
 485 0.940000
 486 0.950000
 487 0.940000
 488 0.950000
 489 0.960000
 490 0.950000
 491 0.990000
 492 0.990000
 493 0.990000
 494 0.980000
 495 1.010000
 496 1.010000
 497 1.010000
 498 1.040000
 499 1.050000
 500 1.040000
 501 1.040000
 502 1.060000
 503 1.060000
 504 1.080000
 505 1.060000
 506 1.090000
 507 1.090000
 508 1.090000
 509 1.110000
 510 1.140000
 511 1.140000
 512 1.130000
 513 1.140000
 514 1.160000
 515 1.190000
 516 1.190000
 517 1.150000
 518 1.180000
 519 1.200000
 520 1.200000
 521 1.170000
 522 1.200000
 523 1.210000
 524 2.320000
 525 2.320000
 526 2.270000
 527 1.920000
 528 1.870000
 529 1.870000
 530 1.930000
 531 2.320000
 532 2.350000
 533 2.350000
 534 2.350000
 535 2.360000
 536 2.360000
 537 2.380000
 538 2.380000
 539 2.390000
 540 2.390000
 541 2.400000
 542 2.420000
 543 2.420000
 544 2.400000
 545 2.430000
 546 2.430000
 547 2.400000
 548 2.380000
 549 2.380000
 550 2.350000
 551 2.380000
 552 2.350000
 553 2.360000
 554 2.330000
 555 2.350000
 556 2.330000
 557 2.330000
 558 2.310000
 559 2.310000
 560 2.300000
 561 2.290000
 562 2.290000
 563 2.280000
 564 2.250000
 565 2.300000
 566 2.320000
 567 2.260000
 568 2.280000
 569 2.280000
 570 2.330000
 571 2.380000
 572 2.400000
 573 2.400000
 574 2.420000
 575 2.400000
 576 2.390000
 577 2.400000
 578 2.410000
 579 2.430000
 580 2.430000
 581 1.530000
 582 1.560000
 583 1.510000
 584 1.500000
 585 1.490000
 586 1.490000
 587 1.510000
 588 1.550000
 589 1.540000
 590 1.540000
 591 1.560000
 592 1.560000
 593 1.590000
 594 1.590000
 595 1.610000
 596 1.640000
 597 1.630000
 598 1.660000
 599 1.660000
 600 1.680000
 601 1.700000
 602 1.720000
 603 1.750000
 604 1.740000
 605 1.770000
 606 1.800000
 607 1.820000
 608 1.870000
 609 1.910000
 610 1.830000
 611 1.910000
 612 2.010000
 613 2.380000
 614 2.460000
 615 2.440000
 616 2.430000
 617 2.040000
 618 2.030000
 619 2.010000
 620 2.130000
 621 2.490000
 622 2.490000
 623 2.470000
 624 2.490000
 625 2.490000
 626 2.520000
 627 2.500000
 628 2.490000
 629 2.520000
 630 2.520000
 631 2.520000
 632 2.520000
 633 2.520000
 634 2.550000
 635 2.550000
 636 2.550000
 637 2.550000
 638 2.570000
 639 2.570000
 640 2.570000
 641 2.550000
 642 2.570000
 643 2.570000
 644 2.570000
 645 2.570000
 646 2.570000
 647 2.570000
 648 2.570000
 649 2.590000
 650 2.590000
 651 2.600000
 652 2.620000
 653 2.600000
 654 2.620000
 655 2.620000
 656 2.640000
 657 2.620000
 658 2.650000
 659 2.620000
 660 2.650000
 661 2.650000
 662 2.650000
 663 2.650000
 664 2.650000
 665 2.650000
 666 2.660000
 667 2.680000
 668 2.670000
 669 2.700000
 670 2.700000
 671 2.700000
 672 2.700000
 673 2.720000
 674 2.720000
 675 2.720000
 676 2.720000
 677 2.740000
 678 2.770000
 679 2.770000
 680 2.760000
 681 2.760000
 682 2.810000
 683 2.780000
 684 2.810000
 685 2.810000
 686 2.810000
 687 2.830000
 688 2.830000
 689 2.840000
 690 2.840000
 691 2.870000
 692 2.890000
 693 2.890000
 694 2.880000
 695 2.880000
 696 2.880000
 697 2.920000
 698 2.930000
 699 2.930000
 700 2.960000
 701 2.960000
 702 2.960000
 703 3.010000
 704 3.030000
 705 3.030000
 706 3.010000
 707 3.030000
 708 3.030000
 709 3.060000
 710 3.060000
 711 3.060000
 712 3.080000
 713 3.100000
 714 3.120000
 715 3.130000
 716 3.130000
 717 3.120000
 718 3.140000
 719 3.170000
 720 3.190000
 721 3.220000
 722 3.220000
 723 1.500000
 724 1.500000
 725 1.510000
 726 1.490000
 727 1.510000
 728 1.510000
 729 1.510000
 730 1.510000
 731 1.510000
 732 1.500000
 733 1.500000
 734 1.510000
 735 1.520000
 736 1.540000
 737 2.560000
 738 2.480000
 739 2.410000
 740 2.320000
 741 2.230000
 742 2.140000
 743 2.110000
 744 1.510000
 745 1.460000
 746 1.460000
 747 1.550000
 748 1.510000
 749 1.500000
 750 1.490000
 751 3.820000
 752 3.790000
 753 3.790000
 754 3.790000
 755 3.790000
 756 3.820000
 757 3.840000
 758 3.890000
 759 3.920000
 760 3.910000