
 0 2.130000
 1 2.120000
 2 2.100000
 3 2.100000
 4 2.080000
 5 2.120000
 6 2.090000
 7 2.110000
 8 2.110000
 9 2.100000
 10 2.100000
 11 2.140000
 12 1.020000
 13 0.980000
 14 0.950000
 15 0.950000
 16 0.950000
 17 0.930000
 18 0.920000
 19 0.920000
 20 0.920000
 21 0.920000
 22 0.920000
 23 0.920000
 24 0.920000
 25 0.920000
 26 0.950000
 27 0.920000
 28 0.920000
 29 0.930000
 30 0.900000
 31 0.930000
 32 0.900000
 33 0.930000
 34 0.900000
 35 0.930000
 36 0.900000
 37 0.950000
 38 0.980000
 39 1.000000
 40 1.030000
 41 1.050000
 42 1.020000
 43 0.990000
 44 0.950000
 45 0.930000
 46 0.910000
 47 0.910000
 48 0.930000
 49 0.910000
 50 0.920000
 51 0.900000
 52 0.900000
 53 0.900000
 54 0.900000
 55 0.900000
 56 0.900000
 57 0.880000
 58 0.880000
 59 0.880000
 60 0.880000
 61 0.880000
 62 0.850000
 63 0.880000
 64 0.880000
 65 0.880000
 66 0.880000
 67 0.880000
 68 0.880000
 69 0.850000
 70 0.880000
 71 0.870000
 72 0.870000
 73 0.900000
 74 0.890000
 75 0.890000
 76 0.890000
 77 0.920000
 78 1.000000
 79 0.930000
 80 2.310000
 81 2.340000
 82 2.350000
 83 2.400000
 84 2.360000
 85 2.300000
 86 2.290000
 87 2.290000
 88 2.310000
 89 2.360000
 90 2.370000
 91 2.360000
 92 2.360000
 93 2.380000
 94 2.380000
 95 2.360000
 96 2.390000
 97 2.380000
 98 2.390000
 99 2.390000
 100 2.390000
 101 2.360000
 102 2.390000
 103 2.390000
 104 2.390000
 105 2.420000
 106 2.420000
 107 2.410000
 108 2.510000
 109 2.470000
 110 2.440000
 111 3.430000
 112 3.450000
 113 3.580000
 114 3.550000
 115 3.550000
 116 3.520000
 117 3.550000
 118 3.470000
 119 2.120000
 120 2.100000
 121 2.100000
 122 2.080000
 123 2.080000
 124 2.070000
 125 2.100000
 126 2.070000
 127 2.090000
 128 2.070000
 129 2.090000
 130 2.120000
 131 2.100000
 132 2.120000
 133 2.120000
 134 2.130000
 135 2.150000
 136 2.120000
 137 2.110000
 138 2.120000
 139 3.820000
 140 3.810000
 141 2.090000
 142 2.070000
 143 2.060000
 144 3.810000
 145 3.820000
 146 3.800000
 147 3.820000
 148 3.840000
 149 3.850000
 150 3.870000
 151 3.880000
 152 3.880000
 153 3.890000
 154 3.930000
 155 3.910000
 156 3.930000
 157 3.970000
 158 4.010000
 159 4.070000
 160 4.060000
 161 4.070000
 162 4.060000
 163 4.140000
 164 4.000000
 165 4.160000
 166 2.370000
 167 2.360000
 168 2.350000
 169 2.350000
 170 2.340000
 171 2.370000
 172 2.350000
 173 2.340000
 174 2.360000
 175 2.340000
 176 2.350000
 177 2.340000
 178 2.350000
 179 2.340000
 180 1.220000
 181 1.360000
 182 2.340000
 183 2.340000
 184 2.370000
 185 2.380000
 186 2.350000
 187 2.350000
 188 2.360000
 189 2.360000
 190 2.330000
 191 2.360000
 192 2.360000
 193 2.330000
 194 2.330000
 195 2.360000
 196 2.360000
 197 2.360000
 198 2.360000
 199 2.360000
 200 2.360000
 201 2.360000
 202 2.360000
 203 2.380000
 204 2.360000
 205 2.380000
 206 2.380000
 207 2.360000
 208 2.360000
 209 2.360000
 210 2.360000
 211 2.360000
 212 2.360000
 213 2.380000
 214 2.380000
 215 2.360000
 216 2.380000
 217 2.380000
 218 2.380000
 219 2.380000
 220 2.350000
 221 2.380000
 222 2.340000
 223 2.370000
 224 2.370000
 225 2.370000
 226 2.360000
 227 2.390000
 228 2.370000
 229 2.370000
 230 2.390000
 231 2.390000
 232 2.390000
 233 2.390000
 234 2.370000
 235 2.380000
 236 2.400000
 237 2.400000
 238 2.400000
 239 2.400000
 240 2.380000
 241 2.400000
 242 2.430000
 243 2.400000
 244 2.430000
 245 2.430000
 246 2.430000
 247 2.400000
 248 2.430000
 249 2.430000
 250 2.420000
 251 2.430000
 252 2.440000
 253 2.440000
 254 2.440000
 255 2.440000
 256 2.440000
 257 2.440000
 258 2.440000
 259 2.470000
 260 2.440000
 261 2.440000
 262 2.470000
 263 2.470000
 264 2.470000
 265 2.470000
 266 2.470000
 267 2.490000
 268 2.490000
 269 2.490000
 270 2.490000
 271 2.520000
 272 2.520000
 273 2.520000
 274 2.490000
 275 2.510000
 276 2.510000
 277 2.510000
 278 2.510000
 279 2.500000
 280 4.330000
 281 4.230000
 282 4.230000
 283 4.230000
 284 4.250000
 285 4.350000
 286 4.200000
 287 4.310000
 288 4.310000
 289 4.290000
 290 4.310000
 291 4.310000
 292 4.310000
 293 4.300000
 294 4.270000
 295 4.270000
 296 4.270000
 297 4.250000
 298 4.220000
 299 4.200000
 300 4.150000
 301 4.110000
 302 4.040000
 303 4.060000
 304 4.030000
 305 4.030000
 306 3.970000
 307 3.980000
 308 3.960000
 309 3.920000
 310 3.940000
 311 3.910000
 312 3.910000
 313 3.880000
 314 3.870000
 315 3.880000
 316 3.850000
 317 3.830000
 318 3.810000
 319 3.760000
 320 3.710000
 321 3.700000
 322 3.670000
 323 3.670000
 324 3.670000
 325 3.640000
 326 3.620000
 327 3.590000
 328 3.570000
 329 3.530000
 330 3.510000
 331 3.480000
 332 3.480000
 333 3.480000
 334 3.460000
 335 3.460000
 336 3.410000
 337 3.430000
 338 2.240000
 339 2.260000
 340 2.230000
 341 2.240000
 342 2.210000
 343 2.240000
 344 2.230000
 345 2.290000
 346 3.310000
 347 3.280000
 348 3.260000
 349 3.230000
 350 3.220000
 351 3.220000
 352 3.210000
 353 3.130000
 354 3.110000
 355 3.060000
 356 3.030000
 357 3.030000
 358 3.010000
 359 3.010000
 360 3.010000
 361 2.980000
 362 3.010000
 363 2.980000
 364 2.980000
 365 2.960000
 366 2.930000
 367 2.930000
 368 2.930000
 369 2.920000
 370 2.890000
 371 2.870000
 372 2.870000
 373 2.850000
 374 2.830000
 375 2.770000
 376 2.780000
 377 2.730000
 378 2.690000
 379 2.700000
 380 2.680000
 381 2.650000
 382 2.630000
 383 2.640000
 384 2.630000
 385 2.610000
 386 2.610000
 387 2.580000
 388 2.580000
 389 2.580000
 390 2.580000
 391 2.580000
 392 2.580000
 393 2.580000
 394 2.560000
 395 2.560000
 396 2.550000
 397 2.550000
 398 2.560000
 399 2.530000
 400 2.540000
 401 2.550000
 402 2.530000
 403 2.500000
 404 2.520000
 405 2.470000
 406 2.470000
 407 2.470000
 408 2.450000
 409 2.450000
 410 2.450000
 411 2.440000
 412 2.420000
 413 2.450000
 414 2.400000
 415 2.420000
 416 2.420000
 417 2.440000
 418 2.420000
 419 2.390000
 420 2.390000
 421 2.370000
 422 2.370000
 423 2.330000
 424 2.330000
 425 2.330000
 426 2.330000
 427 2.330000
 428 2.330000
 429 2.320000
 430 2.320000
 431 2.300000
 432 2.320000
 433 2.310000
 434 2.290000
 435 2.290000
 436 2.270000
 437 2.280000
 438 2.280000
 439 2.260000
 440 2.280000
 441 2.280000
 442 2.260000
 443 2.260000
 444 2.260000
 445 2.260000
 446 2.240000
 447 2.270000
 448 2.260000
 449 2.260000
 450 2.280000
 451 2.260000
 452 2.260000
 453 2.240000
 454 2.230000
 455 2.230000
 456 2.230000
 457 2.210000
 458 2.210000
 459 2.210000
 460 2.240000
 461 2.210000
 462 2.210000
 463 2.210000
 464 2.180000
 465 2.210000
 466 2.210000
 467 2.180000
 468 2.220000
 469 2.220000
 470 2.190000
 471 2.210000
 472 2.210000
 473 2.160000
 474 2.120000
 475 2.120000
 476 2.120000
 477 2.190000
 478 2.180000
 479 2.200000
 480 2.170000
 481 2.190000
 482 2.160000
 483 2.170000
 484 2.170000
 485 2.190000
 486 2.220000
 487 2.190000
 488 2.190000
 489 2.210000
 490 2.210000
 491 2.210000
 492 2.230000
 493 2.230000
 494 2.230000
 495 2.230000
 496 2.240000
 497 2.240000
 498 2.270000
 499 2.240000
 500 2.240000
 501 2.240000
 502 2.250000
 503 2.270000
 504 2.290000
 505 2.270000
 506 2.300000
 507 2.300000
 508 2.290000
 509 2.320000
 510 2.300000
 511 2.290000
 512 2.300000
 513 2.300000
 514 2.310000
 515 2.310000
 516 2.330000
 517 2.330000
 518 2.340000
 519 2.350000
 520 2.360000
 521 2.320000
 522 2.110000
 523 2.120000
 524 2.300000
 525 2.320000
 526 2.290000
 527 1.920000
 528 1.850000
 529 1.870000
 530 1.920000
 531 2.320000
 532 2.350000
 533 2.370000
 534 2.370000
 535 2.380000
 536 2.380000
 537 2.380000
 538 2.410000
 539 2.410000
 540 2.360000
 541 2.420000
 542 2.450000
 543 2.420000
 544 2.400000
 545 2.430000
 546 2.400000
 547 2.400000
 548 2.380000
 549 2.380000
 550 2.380000
 551 2.380000
 552 2.350000
 553 2.360000
 554 2.350000
 555 2.330000
 556 2.330000
 557 2.340000
 558 2.340000
 559 2.340000
 560 2.300000
 561 2.290000
 562 2.290000
 563 2.290000
 564 2.280000
 565 2.280000
 566 2.300000
 567 2.280000
 568 2.280000
 569 2.260000
 570 2.330000
 571 2.380000
 572 2.380000
 573 2.400000
 574 2.400000
 575 2.400000
 576 2.390000
 577 2.400000
 578 2.430000
 579 2.430000
 580 2.440000
 581 1.520000
 582 1.550000
 583 1.510000
 584 1.520000
 585 1.500000
 586 1.510000
 587 1.520000
 588 1.510000
 589 1.550000
 590 1.540000
 591 1.560000
 592 1.590000
 593 1.590000
 594 1.590000
 595 1.610000
 596 1.640000
 597 1.630000
 598 1.660000
 599 1.660000
 600 1.680000
 601 1.710000
 602 1.700000
 603 1.720000
 604 1.740000
 605 1.770000
 606 1.790000
 607 1.840000
 608 1.840000
 609 1.880000
 610 1.930000
 611 1.880000
 612 1.980000
 613 2.230000
 614 2.430000
 615 2.470000
 616 2.440000
 617 2.040000
 618 2.010000
 619 2.030000
 620 2.120000
 621 2.490000
 622 2.490000
 623 2.520000
 624 2.490000
 625 2.500000
 626 2.500000
 627 2.520000
 628 2.520000
 629 2.520000
 630 2.520000
 631 2.550000
 632 2.550000
 633 2.550000
 634 2.550000
 635 2.560000
 636 2.550000
 637 2.580000
 638 2.550000
 639 2.570000
 640 2.570000
 641 2.570000
 642 2.600000
 643 2.570000
 644 2.570000
 645 2.570000
 646 2.600000
 647 2.600000
 648 2.600000
 649 2.600000
 650 2.620000
 651 2.600000
 652 2.620000
 653 2.620000
 654 2.620000
 655 2.620000
 656 2.640000
 657 2.620000
 658 2.650000
 659 2.650000
 660 2.650000
 661 2.650000
 662 2.670000
 663 2.650000
 664 2.670000
 665 2.670000
 666 2.680000
 667 2.680000
 668 2.670000
 669 2.700000
 670 2.720000
 671 2.690000
 672 2.720000
 673 2.720000
 674 2.740000
 675 2.740000
 676 2.740000
 677 2.770000
 678 2.740000
 679 2.770000
 680 2.760000
 681 2.780000
 682 2.780000
 683 2.790000
 684 2.830000
 685 2.810000
 686 2.810000
 687 2.830000
 688 2.840000
 689 2.870000
 690 2.870000
 691 2.890000
 692 2.880000
 693 2.880000
 694 2.880000
 695 2.910000
 696 2.880000
 697 2.930000
 698 2.940000
 699 2.960000
 700 2.960000
 701 2.980000
 702 2.980000
 703 3.010000
 704 3.030000
 705 3.030000
 706 3.030000
 707 3.030000
 708 3.060000
 709 3.080000
 710 3.060000
 711 3.080000
 712 3.110000
 713 3.100000
 714 3.100000
 715 3.130000
 716 3.120000
 717 3.170000
 718 3.200000
 719 3.190000
 720 3.190000
 721 3.210000
 722 3.240000
 723 1.500000
 724 1.500000
 725 1.510000
 726 1.490000
 727 1.510000
 728 1.490000
 729 1.510000
 730 1.510000
 731 1.490000
 732 1.530000
 733 1.500000
 734 1.510000
 735 1.520000
 736 1.520000
 737 2.580000
 738 2.500000
 739 2.380000
 740 2.300000
 741 2.230000
 742 2.200000
 743 2.100000
 744 1.500000
 745 1.470000
 746 1.490000
 747 1.550000
 748 1.500000
 749 1.490000
 750 1.500000
 751 3.830000
 752 3.820000
 753 3.790000
 754 3.780000
 755 3.780000
 756 3.840000
 757 3.860000
 758 3.910000
 759 3.940000
 760 3.930000
 0 2.100000
 1 2.100000
 2 2.090000
 3 2.100000
 4 2.100000
 5 2.120000
 6 2.110000
 7 2.100000
 8 2.130000
 9 2.100000
 10 2.110000
 11 0.960000
 12 0.990000
 13 0.950000
 14 0.970000
 15 0.940000
 16 0.920000
 17 0.920000
 18 0.940000
 19 0.920000
 20 0.940000
 21 0.920000
 22 0.920000
 23 0.920000
 24 0.940000
 25 0.920000
 26 0.920000
 27 0.920000
 28 0.920000
 29 0.890000
 30 0.900000
 31 0.930000
 32 0.900000
 33 0.930000
 34 0.900000
 35 0.900000
 36 0.930000
 37 0.950000
 38 1.000000
 39 1.000000
 40 1.020000
 41 1.040000
 42 1.020000
 43 0.950000
 44 0.920000
 45 0.950000
 46 0.930000
 47 0.930000
 48 0.930000
 49 0.890000
 50 0.890000
 51 0.930000
 52 0.930000
 53 0.900000
 54 0.900000
 55 0.890000
 56 0.900000
 57 0.900000
 58 0.880000
 59 0.880000
 60 0.880000
 61 0.850000
 62 0.880000
 63 0.880000
 64 0.880000
 65 0.850000
 66 0.880000
 67 0.850000
 68 0.850000
 69 0.880000
 70 0.840000
 71 0.870000
 72 0.870000
 73 0.870000
 74 0.890000
 75 0.860000
 76 0.910000
 77 0.940000
 78 0.980000
 79 0.910000
 80 2.310000
 81 2.310000
 82 2.340000
 83 2.430000
 84 2.350000
 85 2.300000
 86 2.280000
 87 2.310000
 88 2.310000
 89 2.360000
 90 2.360000
 91 2.380000
 92 2.380000
 93 2.380000
 94 2.380000
 95 2.380000
 96 2.380000
 97 2.400000
 98 2.380000
 99 2.360000
 100 2.380000
 101 2.380000
 102 2.370000
 103 2.360000
 104 2.380000
 105 2.410000
 106 2.400000
 107 2.410000
 108 2.510000
 109 2.440000
 110 2.430000
 111 3.430000
 112 3.450000
 113 3.580000
 114 3.540000
 115 3.520000
 116 3.520000
 117 3.520000
 118 3.470000
 119 2.120000
 120 2.100000
 121 2.100000
 122 2.080000
 123 2.100000
 124 2.070000
 125 2.050000
 126 2.070000
 127 2.090000
 128 2.090000
 129 2.120000
 130 2.100000
 131 2.100000
 132 2.120000
 133 2.120000
 134 2.130000
 135 2.130000
 136 2.130000
 137 2.110000
 138 2.120000
 139 3.820000
 140 3.800000
 141 2.090000
 142 2.070000
 143 2.090000
 144 3.800000
 145 3.800000
 146 3.820000
 147 3.830000
 148 3.840000
 149 3.860000
 150 3.860000
 151 3.880000
 152 3.880000
 153 3.920000
 154 3.920000
 155 3.900000
 156 3.910000
 157 3.970000
 158 4.000000
 159 4.040000
 160 4.030000
 161 4.070000
 162 4.040000
 163 4.140000
 164 4.000000
 165 4.160000
 166 2.390000
 167 2.360000
 168 2.350000
 169 2.350000
 170 2.340000
 171 2.370000
 172 2.350000
 173 2.330000
 174 2.370000
 175 2.340000
 176 2.340000
 177 2.340000
 178 2.350000
 179 2.370000
 180 1.220000
 181 1.330000
 182 2.360000
 183 2.330000
 184 2.370000
 185 2.380000
 186 2.350000
 187 2.350000
 188 2.360000
 189 2.330000
 190 2.330000
 191 2.360000
 192 2.360000
 193 2.360000
 194 2.360000
 195 2.360000
 196 2.360000
 197 2.330000
 198 2.360000
 199 2.360000
 200 2.360000
 201 2.360000
 202 2.360000
 203 2.360000
 204 2.360000
 205 2.360000
 206 2.360000
 207 2.380000
 208 2.360000
 209 2.360000
 210 2.360000
 211 2.360000
 212 2.360000
 213 2.360000
 214 2.380000
 215 2.360000
 216 2.360000
 217 2.350000
 218 2.370000
 219 2.380000
 220 2.350000
 221 2.380000
 222 2.370000
 223 2.360000
 224 2.370000
 225 2.390000
 226 2.390000
 227 2.370000
 228 2.370000
 229 2.370000
 230 2.370000
 231 2.390000
 232 2.390000
 233 2.400000
 234 2.390000
 235 2.400000
 236 2.390000
 237 2.390000
 238 2.400000
 239 2.400000
 240 2.400000
 241 2.400000
 242 2.400000
 243 2.430000
 244 2.430000
 245 2.430000
 246 2.430000
 247 2.430000
 248 2.420000
 249 2.430000
 250 2.450000
 251 2.420000
 252 2.420000
 253 2.420000
 254 2.440000
 255 2.420000
 256 2.440000
 257 2.440000
 258 2.440000
 259 2.440000
 260 2.440000
 261 2.440000
 262 2.470000
 263 2.470000
 264 2.470000
 265 2.470000
 266 2.470000
 267 2.470000
 268 2.470000
 269 2.470000
 270 2.490000
 271 2.490000
 272 2.480000
 273 2.490000
 274 2.490000
 275 2.510000
 276 2.510000
 277 2.510000
 278 2.530000
 279 2.500000
 280 4.350000
 281 4.230000
 282 4.230000
 283 4.230000
 284 4.230000
 285 4.340000
 286 4.230000
 287 4.310000
 288 4.310000
 289 4.310000
 290 4.310000
 291 4.310000
 292 4.290000
 293 4.290000
 294 4.270000
 295 4.270000
 296 4.240000
 297 4.240000
 298 4.220000
 299 4.190000
 300 4.170000
 301 4.090000
 302 4.060000
 303 4.060000
 304 4.030000
 305 4.030000
 306 3.970000
 307 3.930000
 308 3.950000
 309 3.900000
 310 3.900000
 311 3.900000
 312 3.900000
 313 3.880000
 314 3.880000
 315 3.880000
 316 3.850000
 317 3.830000
 318 3.780000
 319 3.780000
 320 3.680000
 321 3.700000
 322 3.710000
 323 3.660000
 324 3.640000
 325 3.610000
 326 3.590000
 327 3.590000
 328 3.560000
 329 3.560000
 330 3.510000
 331 3.510000
 332 3.510000
 333 3.480000
 334 3.460000
 335 3.460000
 336 3.430000
 337 3.430000
 338 2.210000
 339 2.250000
 340 2.230000
 341 2.230000
 342 2.230000
 343 2.230000
 344 2.250000
 345 2.280000
 346 3.280000
 347 3.280000
 348 3.260000
 349 3.230000
 350 3.260000
 351 3.220000
 352 3.180000
 353 3.160000
 354 3.110000
 355 3.080000
 356 3.060000
 357 3.010000
 358 3.010000
 359 3.010000
 360 3.010000
 361 3.010000
 362 3.010000
 363 2.980000
 364 2.960000
 365 2.960000
 366 2.930000
 367 2.910000
 368 2.930000
 369 2.890000
 370 2.890000
 371 2.870000
 372 2.870000
 373 2.820000
 374 2.810000
 375 2.790000
 376 2.760000
 377 2.710000
 378 2.690000
 379 2.680000
 380 2.680000
 381 2.640000
 382 2.660000
 383 2.630000
 384 2.630000
 385 2.610000
 386 2.610000
 387 2.580000
 388 2.580000
 389 2.580000
 390 2.580000
 391 2.580000
 392 2.580000
 393 2.560000
 394 2.560000
 395 2.560000
 396 2.530000
 397 2.550000
 398 2.560000
 399 2.550000
 400 2.540000
 401 2.550000
 402 2.530000
 403 2.520000
 404 2.500000
 405 2.500000
 406 2.470000
 407 2.470000
 408 2.450000
 409 2.460000
 410 2.450000
 411 2.410000
 412 2.420000
 413 2.420000
 414 2.420000
 415 2.410000
 416 2.420000
 417 2.420000
 418 2.410000
 419 2.390000
 420 2.360000
 421 2.360000
 422 2.340000
 423 2.360000
 424 2.360000
 425 2.330000
 426 2.330000
 427 2.330000
 428 2.330000
 429 2.330000
 430 2.310000
 431 2.320000
 432 2.320000
 433 2.310000
 434 2.310000
 435 2.270000
 436 2.300000
 437 2.280000
 438 2.280000
 439 2.280000
 440 2.260000
 441 2.260000
 442 2.260000
 443 2.280000
 444 2.260000
 445 2.260000
 446 2.260000
 447 2.260000
 448 2.280000
 449 2.280000
 450 2.260000
 451 2.260000
 452 2.230000
 453 2.260000
 454 2.230000
 455 2.230000
 456 2.220000
 457 2.230000
 458 2.230000
 459 2.230000
 460 2.210000
 461 2.230000
 462 2.230000
 463 2.210000
 464 2.210000
 465 2.210000
 466 2.180000
 467 2.210000
 468 2.180000
 469 2.210000
 470 2.190000
 471 2.180000
 472 2.210000
 473 2.180000
 474 2.110000
 475 2.120000
 476 2.120000
 477 2.190000
 478 2.180000
 479 2.200000
 480 2.190000
 481 2.190000
 482 2.160000
 483 2.160000
 484 2.190000
 485 2.190000
 486 2.190000
 487 2.190000
 488 2.180000
 489 2.210000
 490 2.210000
 491 2.210000
 492 2.210000
 493 2.230000
 494 2.230000
 495 2.240000
 496 2.240000
 497 2.240000
 498 2.240000
 499 2.240000
 500 2.240000
 501 2.260000
 502 2.270000
 503 2.260000
 504 2.300000
 505 2.300000
 506 2.290000
 507 2.260000
 508 2.300000
 509 2.300000
 510 2.300000
 511 2.300000
 512 2.320000
 513 2.300000
 514 2.300000
 515 2.300000
 516 2.330000
 517 2.300000
 518 2.340000
 519 2.350000
 520 2.360000
 521 2.340000
 522 2.120000
 523 2.120000
 524 2.300000
 525 2.320000
 526 2.290000
 527 1.940000
 528 1.870000
 529 1.860000
 530 1.920000
 531 2.320000
 532 2.350000
 533 2.370000
 534 2.380000
 535 2.380000
 536 2.380000
 537 2.400000
 538 2.380000
 539 2.410000
 540 2.390000
 541 2.420000
 542 2.420000
 543 2.420000
 544 2.430000
 545 2.400000
 546 2.400000
 547 2.400000
 548 2.380000
 549 2.380000
 550 2.380000
 551 2.380000
 552 2.350000
 553 2.350000
 554 2.350000
 555 2.330000
 556 2.330000
 557 2.330000
 558 2.310000
 559 2.310000
 560 2.310000
 561 2.280000
 562 2.280000
 563 2.280000
 564 2.280000
 565 2.280000
 566 2.290000
 567 2.310000
 568 2.270000
 569 2.270000
 570 2.300000
 571 2.380000
 572 2.400000
 573 2.400000
 574 2.420000
 575 2.400000
 576 2.390000
 577 2.400000
 578 2.430000
 579 2.430000
 580 2.450000
 581 1.550000
 582 1.550000
 583 1.510000
 584 1.480000
 585 1.490000
 586 1.490000
 587 1.520000
 588 1.520000
 589 1.540000
 590 1.540000
 591 1.540000
 592 1.590000
 593 1.590000
 594 1.610000
 595 1.610000
 596 1.640000
 597 1.640000
 598 1.650000
 599 1.650000
 600 1.680000
 601 1.700000
 602 1.700000
 603 1.750000
 604 1.740000
 605 1.760000
 606 1.800000
 607 1.810000
 608 1.840000
 609 1.880000
 610 1.930000
 611 1.850000
 612 1.950000
 613 2.310000
 614 2.460000
 615 2.460000
 616 2.460000
 617 2.040000
 618 2.010000
 619 2.030000
 620 2.110000
 621 2.460000
 622 2.490000
 623 2.490000
 624 2.510000
 625 2.500000
 626 2.520000
 627 2.520000
 628 2.520000
 629 2.510000
 630 2.550000
 631 2.510000
 632 2.550000
 633 2.550000
 634 2.550000
 635 2.550000
 636 2.570000
 637 2.570000
 638 2.570000
 639 2.570000
 640 2.570000
 641 2.570000
 642 2.600000
 643 2.600000
 644 2.600000
 645 2.590000
 646 2.600000
 647 2.600000
 648 2.570000
 649 2.600000
 650 2.590000
 651 2.610000
 652 2.590000
 653 2.610000
 654 2.640000
 655 2.610000
 656 2.610000
 657 2.610000
 658 2.650000
 659 2.650000
 660 2.650000
 661 2.670000
 662 2.670000
 663 2.680000
 664 2.670000
 665 2.670000
 666 2.680000
 667 2.700000
 668 2.700000
 669 2.700000
 670 2.700000
 671 2.710000
 672 2.710000
 673 2.720000
 674 2.740000
 675 2.740000
 676 2.740000
 677 2.740000
 678 2.740000
 679 2.760000
 680 2.780000
 681 2.790000
 682 2.780000
 683 2.780000
 684 2.810000
 685 2.810000
 686 2.810000
 687 2.830000
 688 2.830000
 689 2.840000
 690 2.860000
 691 2.860000
 692 2.890000
 693 2.860000
 694 2.910000
 695 2.910000
 696 2.910000
 697 2.910000
 698 2.930000
 699 2.960000
 700 2.960000
 701 2.960000
 702 2.970000
 703 3.030000
 704 3.030000
 705 3.030000
 706 3.030000
 707 3.060000
 708 3.060000
 709 3.060000
 710 3.060000
 711 3.080000
 712 3.070000
 713 3.090000
 714 3.120000
 715 3.140000
 716 3.160000
 717 3.140000
 718 3.170000
 719 3.190000
 720 3.190000
 721 3.240000
 722 3.240000
 723 1.500000
 724 1.490000
 725 1.480000
 726 1.480000
 727 1.510000
 728 1.510000
 729 1.510000
 730 1.510000
 731 1.510000
 732 1.500000
 733 1.530000
 734 1.500000
 735 1.490000
 736 1.520000
 737 2.580000
 738 2.480000
 739 2.400000
 740 2.310000
 741 2.230000
 742 2.170000
 743 2.100000
 744 1.500000
 745 1.470000
 746 1.480000
 747 1.540000
 748 1.500000
 749 1.500000
 750 1.470000
 751 3.840000
 752 3.820000
 753 3.820000
 754 3.790000
 755 3.820000
 756 3.810000
 757 3.860000
 758 3.910000
 759 3.920000
 760 3.940000
 0 2.100000
 1 2.080000
 2 2.100000
 3 2.130000
 4 2.100000
 5 2.100000
 6 2.110000
 7 2.110000
 8 2.110000
 9 2.120000
 10 2.120000
 11 0.980000
 12 0.990000
 13 0.940000
 14 0.950000
 15 0.950000
 16 0.950000
 17 0.950000
 18 0.930000
 19 0.950000
 20 0.920000
 21 0.950000
 22 0.950000
 23 0.920000
 24 0.920000
 25 0.920000
 26 0.950000
 27 0.920000
 28 0.900000
 29 0.930000
 30 0.930000
 31 0.900000
 32 0.900000
 33 0.900000
 34 0.900000
 35 0.900000
 36 0.900000
 37 0.950000
 38 1.000000
 39 1.000000
 40 1.020000
 41 1.050000
 42 1.000000
 43 0.980000
 44 0.950000
 45 0.930000
 46 0.930000
 47 0.940000
 48 0.940000
 49 0.920000
 50 0.900000
 51 0.900000
 52 0.930000
 53 0.900000
 54 0.900000
 55 0.900000
 56 0.900000
 57 0.880000
 58 0.880000
 59 0.880000
 60 0.880000
 61 0.880000
 62 0.880000
 63 0.880000
 64 0.880000
 65 0.880000
 66 0.880000
 67 0.850000
 68 0.880000
 69 0.880000
 70 0.870000
 71 0.870000
 72 0.870000
 73 0.870000
 74 0.890000
 75 0.890000
 76 0.890000
 77 0.920000
 78 0.980000
 79 0.920000
 80 2.290000
 81 2.330000
 82 2.350000
 83 2.430000
 84 2.360000
 85 2.300000
 86 2.310000
 87 2.290000
 88 2.300000
 89 2.350000
 90 2.360000
 91 2.360000
 92 2.350000
 93 2.380000
 94 2.380000
 95 2.390000
 96 2.390000
 97 2.400000
 98 2.390000
 99 2.390000
 100 2.390000
 101 2.360000
 102 2.370000
 103 2.390000
 104 2.390000
 105 2.410000
 106 2.420000
 107 2.410000
 108 2.510000
 109 2.470000
 110 2.490000
 111 3.430000
 112 3.450000
 113 3.580000
 114 3.550000
 115 3.550000
 116 3.520000
 117 3.520000
 118 3.470000
 119 2.120000
 120 2.070000
 121 2.080000
 122 2.080000
 123 2.080000
 124 2.070000
 125 2.080000
 126 2.070000
 127 2.090000
 128 2.090000
 129 2.120000
 130 2.100000
 131 2.130000
 132 2.120000
 133 2.100000
 134 2.130000
 135 2.150000
 136 2.140000
 137 2.110000
 138 2.120000
 139 3.820000
 140 3.810000
 141 2.090000
 142 2.090000
 143 2.110000
 144 3.800000
 145 3.800000
 146 3.830000
 147 3.830000
 148 3.850000
 149 3.860000
 150 3.870000
 151 3.870000
 152 3.870000
 153 3.890000
 154 3.900000
 155 3.910000
 156 3.900000
 157 3.960000
 158 4.010000
 159 4.040000
 160 4.060000
 161 4.040000
 162 4.040000
 163 4.130000
 164 4.000000
 165 4.160000
 166 2.370000
 167 2.390000
 168 2.350000
 169 2.380000
 170 2.370000
 171 2.370000
 172 2.350000
 173 2.360000
 174 2.370000
 175 2.340000
 176 2.350000
 177 2.340000
 178 2.340000
 179 2.370000
 180 1.200000
 181 1.340000
 182 2.360000
 183 2.360000
 184 2.340000
 185 2.340000
 186 2.380000
 187 2.350000
 188 2.360000
 189 2.330000
 190 2.360000
 191 2.360000
 192 2.360000
 193 2.360000
 194 2.360000
 195 2.360000
 196 2.360000
 197 2.360000
 198 2.360000
 199 2.360000
 200 2.360000
 201 2.360000
 202 2.360000
 203 2.360000
 204 2.360000
 205 2.360000
 206 2.360000
 207 2.360000
 208 2.360000
 209 2.360000
 210 2.360000
 211 2.360000
 212 2.360000
 213 2.380000
 214 2.380000
 215 2.380000
 216 2.380000
 217 2.380000
 218 2.380000
 219 2.380000
 220 2.350000
 221 2.380000
 222 2.340000
 223 2.370000
 224 2.370000
 225 2.370000
 226 2.360000
 227 2.370000
 228 2.370000
 229 2.390000
 230 2.370000
 231 2.390000
 232 2.370000
 233 2.400000
 234 2.400000
 235 2.400000
 236 2.400000
 237 2.390000
 238 2.400000
 239 2.400000
 240 2.400000
 241 2.400000
 242 2.400000
 243 2.430000
 244 2.430000
 245 2.400000
 246 2.430000
 247 2.430000
 248 2.430000
 249 2.430000
 250 2.420000
 251 2.450000
 252 2.440000
 253 2.420000
 254 2.440000
 255 2.440000
 256 2.440000
 257 2.440000
 258 2.470000
 259 2.440000
 260 2.440000
 261 2.440000
 262 2.470000
 263 2.470000
 264 2.470000
 265 2.470000
 266 2.470000
 267 2.490000
 268 2.470000
 269 2.490000
 270 2.490000
 271 2.490000
 272 2.490000
 273 2.520000
 274 2.520000
 275 2.490000
 276 2.510000
 277 2.510000
 278 2.540000
 279 2.500000
 280 4.330000
 281 4.370000
 282 4.230000
 283 4.230000
 284 4.250000
 285 4.350000
 286 4.200000
 287 4.310000
 288 4.310000
 289 4.290000
 290 4.290000
 291 4.310000
 292 4.290000
 293 4.300000
 294 4.250000
 295 4.270000
 296 4.270000
 297 4.250000
 298 4.220000
 299 4.220000
 300 4.170000
 301 4.110000
 302 4.070000
 303 4.040000
 304 4.030000
 305 4.010000
 306 3.970000
 307 3.960000
 308 3.930000
 309 3.920000
 310 3.910000
 311 3.910000
 312 3.930000
 313 3.880000
 314 3.870000
 315 3.880000
 316 3.850000
 317 3.860000
 318 3.830000
 319 3.760000
 320 3.710000
 321 3.720000
 322 3.690000
 323 3.670000
 324 3.640000
 325 3.620000
 326 3.620000
 327 3.590000
 328 3.560000
 329 3.560000
 330 3.510000
 331 3.480000
 332 3.510000
 333 3.460000
 334 3.460000
 335 3.460000
 336 3.430000
 337 3.430000
 338 2.240000
 339 2.260000
 340 2.230000
 341 2.240000
 342 2.210000
 343 2.240000
 344 2.230000
 345 2.270000
 346 3.310000
 347 3.310000
 348 3.260000
 349 3.230000
 350 3.230000
 351 3.230000
 352 3.180000
 353 3.160000
 354 3.080000
 355 3.080000
 356 3.030000
 357 3.020000
 358 3.030000
 359 2.980000
 360 3.010000
 361 3.010000
 362 3.010000
 363 2.980000
 364 2.980000
 365 2.960000
 366 2.930000
 367 2.930000
 368 2.900000
 369 2.890000
 370 2.890000
 371 2.880000
 372 2.850000
 373 2.850000
 374 2.800000
 375 2.800000
 376 2.760000
 377 2.730000
 378 2.680000
 379 2.680000
 380 2.680000
 381 2.670000
 382 2.660000
 383 2.630000
 384 2.610000
 385 2.610000
 386 2.610000
 387 2.580000
 388 2.580000
 389 2.610000
 390 2.580000
 391 2.580000
 392 2.560000
 393 2.580000
 394 2.560000
 395 2.560000
 396 2.550000
 397 2.540000
 398 2.550000
 399 2.560000
 400 2.570000
 401 2.520000
 402 2.530000
 403 2.520000
 404 2.500000
 405 2.500000
 406 2.470000
 407 2.480000
 408 2.450000
 409 2.470000
 410 2.450000
 411 2.420000
 412 2.420000
 413 2.460000
 414 2.420000
 415 2.420000
 416 2.420000
 417 2.420000
 418 2.420000
 419 2.390000
 420 2.390000
 421 2.340000
 422 2.370000
 423 2.330000
 424 2.330000
 425 2.330000
 426 2.330000
 427 2.330000
 428 2.310000
 429 2.330000
 430 2.320000
 431 2.290000
 432 2.320000
 433 2.310000
 434 2.320000
 435 2.300000
 436 2.310000
 437 2.280000
 438 2.280000
 439 2.280000
 440 2.260000
 441 2.280000
 442 2.250000
 443 2.260000
 444 2.280000
 445 2.260000
 446 2.270000
 447 2.270000
 448 2.260000
 449 2.260000
 450 2.260000
 451 2.260000
 452 2.260000
 453 2.270000
 454 2.230000
 455 2.230000
 456 2.230000
 457 2.210000
 458 2.230000
 459 2.230000
 460 2.240000
 461 2.210000
 462 2.210000
 463 2.210000
 464 2.210000
 465 2.180000
 466 2.210000
 467 2.220000
 468 2.190000
 469 2.190000
 470 2.190000
 471 2.180000
 472 2.180000
 473 2.180000
 474 2.120000
 475 2.120000
 476 2.120000
 477 2.190000
 478 2.190000
 479 2.190000
 480 2.190000
 481 2.170000
 482 2.160000
 483 2.170000
 484 2.190000
 485 2.160000
 486 2.190000
 487 2.220000
 488 2.180000
 489 2.210000
 490 2.230000
 491 2.210000
 492 2.230000
 493 2.210000
 494 2.230000
 495 2.240000
 496 2.230000
 497 2.240000
 498 2.240000
 499 2.240000
 500 2.270000
 501 2.240000
 502 2.270000
 503 2.270000
 504 2.270000
 505 2.300000
 506 2.300000
 507 2.290000
 508 2.270000
 509 2.290000
 510 2.300000
 511 2.300000
 512 2.300000
 513 2.300000
 514 2.310000
 515 2.330000
 516 2.330000
 517 2.330000
 518 2.340000
 519 2.350000
 520 2.360000
 521 2.320000
 522 2.120000
 523 2.120000
 524 2.320000
 525 2.320000
 526 2.290000
 527 1.940000
 528 1.870000
 529 1.870000
 530 1.890000
 531 2.320000
 532 2.350000
 533 2.370000
 534 2.380000
 535 2.360000
 536 2.410000
 537 2.380000
 538 2.380000
 539 2.390000
 540 2.390000
 541 2.400000
 542 2.420000
 543 2.420000
 544 2.430000
 545 2.400000
 546 2.430000
 547 2.400000
 548 2.400000
 549 2.380000
 550 2.350000
 551 2.380000
 552 2.350000
 553 2.350000
 554 2.350000
 555 2.350000
 556 2.330000
 557 2.310000
 558 2.310000
 559 2.310000
 560 2.310000
 561 2.310000
 562 2.290000
 563 2.290000
 564 2.280000
 565 2.280000
 566 2.300000
 567 2.280000
 568 2.280000
 569 2.260000
 570 2.330000
 571 2.380000
 572 2.400000
 573 2.380000
 574 2.420000
 575 2.400000
 576 2.390000
 577 2.400000
 578 2.430000
 579 2.430000
 580 2.460000
 581 1.520000
 582 1.550000
 583 1.490000
 584 1.520000
 585 1.490000
 586 1.490000
 587 1.520000
 588 1.540000
 589 1.550000
 590 1.540000
 591 1.560000
 592 1.590000
 593 1.590000
 594 1.590000
 595 1.610000
 596 1.640000
 597 1.640000
 598 1.660000
 599 1.660000
 600 1.710000
 601 1.700000
 602 1.700000
 603 1.720000
 604 1.740000
 605 1.770000
 606 1.820000
 607 1.840000
 608 1.840000
 609 1.890000
 610 1.930000
 611 1.880000
 612 1.950000
 613 2.280000
 614 2.420000
 615 2.430000
 616 2.440000
 617 2.060000
 618 2.010000
 619 2.030000
 620 2.120000
 621 2.490000
 622 2.470000
 623 2.500000
 624 2.490000
 625 2.500000
 626 2.520000
 627 2.520000
 628 2.520000
 629 2.520000
 630 2.550000
 631 2.550000
 632 2.550000
 633 2.520000
 634 2.560000
 635 2.560000
 636 2.550000
 637 2.580000
 638 2.570000
 639 2.570000
 640 2.570000
 641 2.570000
 642 2.570000
 643 2.600000
 644 2.600000
 645 2.600000
 646 2.600000
 647 2.600000
 648 2.600000
 649 2.600000
 650 2.590000
 651 2.620000
 652 2.620000
 653 2.620000
 654 2.620000
 655 2.620000
 656 2.620000
 657 2.620000
 658 2.640000
 659 2.650000
 660 2.650000
 661 2.650000
 662 2.650000
 663 2.650000
 664 2.670000
 665 2.670000
 666 2.710000
 667 2.670000
 668 2.700000
 669 2.720000
 670 2.700000
 671 2.700000
 672 2.720000
 673 2.750000
 674 2.750000
 675 2.720000
 676 2.740000
 677 2.770000
 678 2.770000
 679 2.760000
 680 2.780000
 681 2.780000
 682 2.810000
 683 2.790000
 684 2.810000
 685 2.810000
 686 2.830000
 687 2.830000
 688 2.830000
 689 2.870000
 690 2.890000
 691 2.890000
 692 2.870000
 693 2.910000
 694 2.880000
 695 2.910000
 696 2.910000
 697 2.910000
 698 2.930000
 699 2.930000
 700 2.960000
 701 2.960000
 702 2.970000
 703 3.010000
 704 3.030000
 705 3.030000
 706 3.030000
 707 3.060000
 708 3.060000
 709 3.060000
 710 3.060000
 711 3.080000
 712 3.100000
 713 3.100000
 714 3.120000
 715 3.120000
 716 3.170000
 717 3.170000
 718 3.140000
 719 3.200000
 720 3.190000
 721 3.220000
 722 3.240000
 723 1.500000
 724 1.500000
 725 1.490000
 726 1.490000
 727 1.510000
 728 1.490000
 729 1.510000
 730 1.490000
 731 1.510000
 732 1.500000
 733 1.500000
 734 1.510000
 735 1.490000
 736 1.520000
 737 2.580000
 738 2.500000
 739 2.380000
 740 2.320000
 741 2.230000
 742 2.170000
 743 2.100000
 744 1.530000
 745 1.490000
 746 1.490000
 747 1.530000
 748 1.500000
 749 1.500000
 750 1.500000
 751 3.840000
 752 3.820000
 753 3.820000
 754 3.790000
 755 3.790000
 756 3.810000
 757 3.840000
 758 3.910000
 759 3.910000
 760 3.970000
 0 2.130000
 1 2.110000
 2 2.100000
 3 2.100000
 4 2.100000
 5 2.100000
 6 2.110000
 7 2.110000
 8 2.130000
 9 2.120000
 10 2.120000
 11 0.940000
 12 0.970000
 13 0.940000
 14 0.950000
 15 0.950000
 16 0.920000
 17 0.920000
 18 0.950000
 19 0.920000
 20 0.950000
 21 0.920000
 22 0.920000
 23 0.920000
 24 0.920000
 25 0.920000
 26 0.920000
 27 0.900000
 28 0.920000
 29 0.930000
 30 0.900000
 31 0.900000
 32 0.900000
 33 0.900000
 34 0.900000
 35 0.900000
 36 0.930000
 37 0.950000
 38 1.000000
 39 1.000000
 40 1.000000
 41 1.050000
 42 0.990000
 43 0.950000
 44 0.950000
 45 0.930000
 46 0.930000
 47 0.940000
 48 0.940000
 49 0.920000
 50 0.920000
 51 0.900000
 52 0.900000
 53 0.900000
 54 0.900000
 55 0.900000
 56 0.900000
 57 0.880000
 58 0.880000
 59 0.880000
 60 0.880000
 61 0.880000
 62 0.880000
 63 0.880000
 64 0.880000
 65 0.880000
 66 0.880000
 67 0.880000
 68 0.880000
 69 0.850000
 70 0.900000
 71 0.870000
 72 0.900000
 73 0.900000
 74 0.890000
 75 0.860000
 76 0.890000
 77 0.920000
 78 0.980000
 79 0.920000
 80 2.310000
 81 2.310000
 82 2.340000
 83 2.400000
 84 2.360000
 85 2.300000
 86 2.290000
 87 2.310000
 88 2.300000
 89 2.330000
 90 2.360000
 91 2.360000
 92 2.350000
 93 2.370000
 94 2.380000
 95 2.390000
 96 2.390000
 97 2.400000
 98 2.390000
 99 2.390000
 100 2.390000
 101 2.360000
 102 2.370000
 103 2.370000
 104 2.390000
 105 2.420000
 106 2.420000
 107 2.410000
 108 2.510000
 109 2.440000
 110 2.460000
 111 3.400000
 112 3.430000
 113 3.580000
 114 3.550000
 115 3.520000
 116 3.550000
 117 3.550000
 118 3.470000
 119 2.090000
 120 2.100000
 121 2.080000
 122 2.100000
 123 2.080000
 124 2.070000
 125 2.100000
 126 2.070000
 127 2.090000
 128 2.090000
 129 2.090000
 130 2.120000
 131 2.130000
 132 2.120000
 133 2.120000
 134 2.150000
 135 2.170000
 136 2.150000
 137 2.110000
 138 2.120000
 139 3.840000
 140 3.810000
 141 2.090000
 142 2.070000
 143 2.110000
 144 3.830000
 145 3.790000
 146 3.790000
 147 3.820000
 148 3.840000
 149 3.850000
 150 3.890000
 151 3.900000
 152 3.900000
 153 3.930000
 154 3.930000
 155 3.940000
 156 3.940000
 157 3.960000
 158 4.030000
 159 4.040000
 160 4.030000
 161 4.040000
 162 4.030000
 163 4.140000
 164 4.000000
 165 4.030000
 166 2.370000
 167 2.360000
 168 2.350000
 169 2.350000
 170 2.370000
 171 2.370000
 172 2.350000
 173 2.340000
 174 2.360000
 175 2.340000
 176 2.380000
 177 2.370000
 178 2.340000
 179 2.340000
 180 1.220000
 181 1.360000
 182 2.340000
 183 2.360000
 184 2.340000
 185 2.340000
 186 2.350000
 187 2.350000
 188 2.330000
 189 2.360000
 190 2.330000
 191 2.360000
 192 2.360000
 193 2.360000
 194 2.360000
 195 2.330000
 196 2.360000
 197 2.360000
 198 2.360000
 199 2.360000
 200 2.330000
 201 2.360000
 202 2.360000
 203 2.360000
 204 2.350000
 205 2.360000
 206 2.360000
 207 2.380000
 208 2.360000
 209 2.360000
 210 2.360000
 211 2.360000
 212 2.360000
 213 2.380000
 214 2.380000
 215 2.360000
 216 2.350000
 217 2.380000
 218 2.350000
 219 2.350000
 220 2.380000
 221 2.380000
 222 2.370000
 223 2.370000
 224 2.370000
 225 2.370000
 226 2.360000
 227 2.360000
 228 2.390000
 229 2.370000
 230 2.370000
 231 2.370000
 232 2.370000
 233 2.370000
 234 2.390000
 235 2.400000
 236 2.390000
 237 2.400000
 238 2.400000
 239 2.400000
 240 2.400000
 241 2.400000
 242 2.400000
 243 2.400000
 244 2.400000
 245 2.430000
 246 2.430000
 247 2.430000
 248 2.420000
 249 2.440000
 250 2.420000
 251 2.420000
 252 2.440000
 253 2.440000
 254 2.420000
 255 2.420000
 256 2.470000
 257 2.440000
 258 2.440000
 259 2.440000
 260 2.440000
 261 2.470000
 262 2.440000
 263 2.490000
 264 2.470000
 265 2.470000
 266 2.470000
 267 2.490000
 268 2.490000
 269 2.470000
 270 2.490000
 271 2.490000
 272 2.510000
 273 2.520000
 274 2.490000
 275 2.510000
 276 2.510000
 277 2.510000
 278 2.510000
 279 2.540000
 280 4.330000
 281 4.230000
 282 4.230000
 283 4.230000
 284 4.230000
 285 4.350000
 286 4.200000
 287 4.310000
 288 4.310000
 289 4.310000
 290 4.310000
 291 4.340000
 292 4.290000
 293 4.320000
 294 4.270000
 295 4.270000
 296 4.250000
 297 4.250000
 298 4.250000
 299 4.200000
 300 4.170000
 301 4.110000
 302 4.060000
 303 4.040000
 304 4.010000
 305 4.030000
 306 3.980000
 307 3.960000
 308 3.930000
 309 3.920000
 310 3.910000
 311 3.910000
 312 3.910000
 313 3.880000
 314 3.880000
 315 3.880000
 316 3.850000
 317 3.830000
 318 3.800000
 319 3.760000
 320 3.710000
 321 3.720000
 322 3.670000
 323 3.670000
 324 3.640000
 325 3.640000
 326 3.620000
 327 3.620000
 328 3.580000
 329 3.560000
 330 3.510000
 331 3.510000
 332 3.480000
 333 3.460000
 334 3.460000
 335 3.460000
 336 3.430000
 337 3.430000
 338 2.240000
 339 2.260000
 340 2.240000
 341 2.240000
 342 2.240000
 343 2.240000
 344 2.230000
 345 2.290000
 346 3.310000
 347 3.260000
 348 3.260000
 349 3.260000
 350 3.260000
 351 3.220000
 352 3.180000
 353 3.130000
 354 3.110000
 355 3.080000
 356 3.030000
 357 3.030000
 358 3.010000
 359 3.010000
 360 3.010000
 361 2.980000
 362 2.980000
 363 2.980000
 364 2.970000
 365 2.960000
 366 2.930000
 367 2.930000
 368 2.920000
 369 2.900000
 370 2.890000
 371 2.910000
 372 2.840000
 373 2.840000
 374 2.810000
 375 2.780000
 376 2.760000
 377 2.730000
 378 2.710000
 379 2.660000
 380 2.660000
 381 2.640000
 382 2.660000
 383 2.620000
 384 2.610000
 385 2.610000
 386 2.580000
 387 2.580000
 388 2.580000
 389 2.580000
 390 2.580000
 391 2.560000
 392 2.580000
 393 2.580000
 394 2.560000
 395 2.580000
 396 2.550000
 397 2.550000
 398 2.530000
 399 2.530000
 400 2.540000
 401 2.550000
 402 2.530000
 403 2.500000
 404 2.510000
 405 2.500000
 406 2.470000
 407 2.470000
 408 2.450000
 409 2.440000
 410 2.450000
 411 2.420000
 412 2.420000
 413 2.430000
 414 2.420000
 415 2.420000
 416 2.420000
 417 2.420000
 418 2.390000
 419 2.390000
 420 2.370000
 421 2.340000
 422 2.340000
 423 2.330000
 424 2.310000
 425 2.330000
 426 2.330000
 427 2.330000
 428 2.310000
 429 2.330000
 430 2.300000
 431 2.300000
 432 2.330000
 433 2.280000
 434 2.290000
 435 2.280000
 436 2.270000
 437 2.280000
 438 2.260000
 439 2.280000
 440 2.280000
 441 2.280000
 442 2.260000
 443 2.260000
 444 2.260000
 445 2.260000
 446 2.270000
 447 2.260000
 448 2.260000
 449 2.260000
 450 2.260000
 451 2.260000
 452 2.260000
 453 2.240000
 454 2.230000
 455 2.230000
 456 2.230000
 457 2.230000
 458 2.210000
 459 2.230000
 460 2.210000
 461 2.210000
 462 2.180000
 463 2.210000
 464 2.210000
 465 2.180000
 466 2.210000
 467 2.210000
 468 2.190000
 469 2.210000
 470 2.180000
 471 2.220000
 472 2.180000
 473 2.180000
 474 2.120000
 475 2.120000
 476 2.120000
 477 2.190000
 478 2.160000
 479 2.170000
 480 2.190000
 481 2.170000
 482 2.170000
 483 2.160000
 484 2.190000
 485 2.170000
 486 2.180000
 487 2.220000
 488 2.180000
 489 2.210000
 490 2.220000
 491 2.210000
 492 2.230000
 493 2.240000
 494 2.230000
 495 2.230000
 496 2.230000
 497 2.240000
 498 2.240000
 499 2.240000
 500 2.240000
 501 2.240000
 502 2.270000
 503 2.270000
 504 2.290000
 505 2.270000
 506 2.290000
 507 2.290000
 508 2.270000
 509 2.270000
 510 2.300000
 511 2.300000
 512 2.300000
 513 2.300000
 514 2.310000
 515 2.310000
 516 2.310000
 517 2.310000
 518 2.310000
 519 2.350000
 520 2.350000
 521 2.350000
 522 2.100000
 523 2.120000
 524 2.320000
 525 2.300000
 526 2.280000
 527 1.920000
 528 1.850000
 529 1.840000
 530 1.950000
 531 2.320000
 532 2.370000
 533 2.370000
 534 2.380000
 535 2.380000
 536 2.380000
 537 2.410000
 538 2.380000
 539 2.390000
 540 2.360000
 541 2.420000
 542 2.420000
 543 2.400000
 544 2.430000
 545 2.400000
 546 2.400000
 547 2.400000
 548 2.380000
 549 2.380000
 550 2.380000
 551 2.380000
 552 2.350000
 553 2.350000
 554 2.350000
 555 2.350000
 556 2.330000
 557 2.330000
 558 2.340000
 559 2.310000
 560 2.290000
 561 2.310000
 562 2.310000
 563 2.280000
 564 2.280000
 565 2.300000
 566 2.300000
 567 2.280000
 568 2.270000
 569 2.260000
 570 2.330000
 571 2.380000
 572 2.380000
 573 2.400000
 574 2.420000
 575 2.400000
 576 2.390000
 577 2.400000
 578 2.430000
 579 2.430000
 580 2.460000
 581 1.520000
 582 1.550000
 583 1.530000
 584 1.520000
 585 1.490000
 586 1.510000
 587 1.520000
 588 1.520000
 589 1.550000
 590 1.560000
 591 1.540000
 592 1.590000
 593 1.590000
 594 1.590000
 595 1.590000
 596 1.640000
 597 1.630000
 598 1.660000
 599 1.680000
 600 1.680000
 601 1.680000
 602 1.720000
 603 1.720000
 604 1.740000
 605 1.770000
 606 1.820000
 607 1.820000
 608 1.870000
 609 1.880000
 610 1.830000
 611 1.880000
 612 1.980000
 613 2.360000
 614 2.470000
 615 2.440000
 616 2.440000
 617 2.070000
 618 2.010000
 619 2.010000
 620 2.120000
 621 2.500000
 622 2.490000
 623 2.490000
 624 2.490000
 625 2.490000
 626 2.500000
 627 2.520000
 628 2.520000
 629 2.520000
 630 2.520000
 631 2.520000
 632 2.520000
 633 2.520000
 634 2.560000
 635 2.560000
 636 2.570000
 637 2.580000
 638 2.550000
 639 2.570000
 640 2.570000
 641 2.570000
 642 2.570000
 643 2.570000
 644 2.570000
 645 2.570000
 646 2.570000
 647 2.600000
 648 2.600000
 649 2.590000
 650 2.620000
 651 2.600000
 652 2.600000
 653 2.620000
 654 2.620000
 655 2.620000
 656 2.620000
 657 2.620000
 658 2.640000
 659 2.620000
 660 2.650000
 661 2.650000
 662 2.650000
 663 2.650000
 664 2.670000
 665 2.670000
 666 2.670000
 667 2.680000
 668 2.700000
 669 2.700000
 670 2.700000
 671 2.720000
 672 2.720000
 673 2.750000
 674 2.740000
 675 2.720000
 676 2.740000
 677 2.740000
 678 2.770000
 679 2.760000
 680 2.770000
 681 2.780000
 682 2.780000
 683 2.810000
 684 2.810000
 685 2.810000
 686 2.830000
 687 2.830000
 688 2.830000
 689 2.870000
 690 2.870000
 691 2.870000
 692 2.870000
 693 2.880000
 694 2.910000
 695 2.880000
 696 2.910000
 697 2.910000
 698 2.930000
 699 2.930000
 700 2.950000
 701 2.960000
 702 2.980000
 703 3.010000
 704 3.010000
 705 3.030000
 706 3.030000
 707 3.030000
 708 3.060000
 709 3.060000
 710 3.060000
 711 3.080000
 712 3.080000
 713 3.090000
 714 3.100000
 715 3.120000
 716 3.140000
 717 3.140000
 718 3.140000
 719 3.170000
 720 3.190000
 721 3.220000
 722 3.220000
 723 1.510000
 724 1.500000
 725 1.490000
 726 1.510000
 727 1.510000
 728 1.490000
 729 1.510000
 730 1.510000
 731 1.510000
 732 1.530000
 733 1.500000
 734 1.530000
 735 1.490000
 736 1.540000
 737 2.580000
 738 2.480000
 739 2.380000
 740 2.330000
 741 2.230000
 742 2.170000
 743 2.130000
 744 1.500000
 745 1.470000
 746 1.490000
 747 1.520000
 748 1.500000
 749 1.490000
 750 1.470000
 751 3.820000
 752 3.790000
 753 3.790000
 754 3.790000
 755 3.780000
 756 3.820000
 757 3.830000
 758 3.880000
 759 3.920000
 760 3.940000