
 0 2.320000
 1 2.330000
 2 2.330000
 3 2.190000
 4 2.300000
 5 2.300000
 6 2.280000
 7 2.280000
 8 2.280000
 9 2.230000
 10 2.250000
 11 2.190000
 12 3.250000
 13 2.170000
 14 3.270000
 15 2.150000
 16 2.150000
 17 2.230000
 18 2.300000
 19 2.250000
 20 2.280000
 21 2.280000
 22 2.300000
 23 2.320000
 24 2.270000
 25 2.180000
 26 2.210000
 27 2.230000
 28 2.230000
 29 2.230000
 30 2.370000
 31 2.370000
 32 2.370000
 33 2.420000
 34 2.390000
 35 2.450000
 36 2.470000
 37 2.460000
 38 2.490000
 39 2.550000
 40 2.550000
 41 2.550000
 42 2.600000
 43 2.600000
 44 2.650000
 45 2.680000
 46 2.680000
 47 2.730000
 48 2.840000
 49 2.910000
 50 2.910000
 51 2.860000
 52 2.800000
 53 2.800000
 54 2.820000
 55 2.800000
 56 2.840000
 57 2.870000
 58 2.900000
 59 2.900000
 60 2.950000
 61 2.950000
 62 2.980000
 63 2.920000
 64 3.000000
 65 3.030000
 66 3.050000
 67 3.080000
 68 3.080000
 69 3.050000
 70 3.140000
 71 3.140000
 72 3.190000
 73 3.210000
 74 3.210000
 75 3.240000
 76 3.260000
 77 3.260000
 78 3.260000
 79 3.290000
 80 3.310000
 81 3.290000
 82 3.300000
 83 3.350000
 84 3.380000
 85 3.350000
 86 3.380000
 87 3.400000
 88 3.400000
 89 3.420000
 90 3.350000
 91 3.410000
 92 3.480000
 93 3.480000
 94 3.510000
 95 3.570000
 96 3.590000
 97 3.590000
 98 3.640000
 99 3.820000
 100 3.800000
 101 3.820000
 102 3.830000
 103 3.840000
 104 3.870000
 105 3.870000
 106 3.870000
 107 3.870000
 108 3.900000
 109 3.830000
 110 3.950000
 111 3.820000
 112 3.850000
 113 3.880000
 114 4.030000
 115 4.050000
 116 4.050000
 117 4.050000
 118 4.080000
 119 4.080000
 120 4.090000
 121 4.030000
 122 3.950000
 123 4.030000
 124 3.950000
 125 3.950000
 126 3.950000
 127 4.020000
 128 3.980000
 129 4.010000
 130 4.030000
 131 4.010000
 132 4.010000
 133 4.010000
 134 4.010000
 135 3.950000
 136 3.920000
 137 3.990000
 138 3.960000
 139 3.560000
 140 3.460000
 141 3.490000
 142 3.500000
 143 3.940000
 144 3.910000
 145 3.940000
 146 3.780000
 147 3.780000
 148 2.830000
 149 2.800000
 150 2.850000
 151 2.840000
 152 2.820000
 153 2.800000
 154 2.800000
 155 2.820000
 156 2.820000
 157 1.560000
 158 1.550000
 159 1.530000
 160 1.530000
 161 1.500000
 162 1.500000
 163 1.480000
 164 1.510000
 165 1.510000
 166 1.500000
 167 1.490000
 168 1.490000
 169 1.490000
 170 1.490000
 171 1.490000
 172 1.490000
 173 1.490000
 174 1.470000
 175 1.440000
 176 1.460000
 177 1.440000
 178 1.460000
 179 1.460000
 180 1.420000
 181 1.440000
 182 1.440000
 183 1.440000
 184 1.440000
 185 1.410000
 186 1.420000
 187 1.400000
 188 1.390000
 189 1.390000
 190 1.390000
 191 1.360000
 192 1.390000
 193 1.390000
 194 1.390000
 195 1.360000
 196 1.360000
 197 1.370000
 198 1.350000
 199 1.370000
 200 1.350000
 201 1.400000
 202 1.390000
 203 1.410000
 204 1.440000
 205 1.460000
 206 1.440000
 207 1.450000
 208 1.490000
 209 1.480000
 210 1.510000
 211 1.530000
 212 1.510000
 213 1.530000
 214 1.550000
 215 1.560000
 216 1.550000
 217 1.580000
 218 1.580000
 219 1.590000
 220 1.600000
 221 1.570000
 222 1.600000
 223 1.650000
 224 1.650000
 225 3.160000
 226 3.170000
 227 3.160000
 228 3.260000
 229 3.300000
 230 3.280000
 231 3.300000
 232 3.290000
 233 3.290000
 234 3.290000
 235 3.270000
 236 3.350000
 237 3.320000
 238 3.350000
 239 3.370000
 240 3.450000
 241 3.510000
 242 3.560000
 243 3.530000
 244 3.450000
 245 3.430000
 246 3.550000
 247 3.560000
 248 3.600000
 249 3.640000
 250 3.600000
 251 3.580000
 252 3.610000
 253 2.140000
 254 2.110000
 255 2.130000
 256 2.150000
 257 2.140000
 258 2.110000
 259 2.140000
 260 2.110000
 261 2.140000
 262 2.140000
 263 2.210000
 264 3.590000
 265 3.570000
 266 3.570000
 267 3.590000
 268 3.560000
 269 1.780000
 270 1.770000
 271 1.770000
 272 1.750000
 273 1.750000
 274 1.720000
 275 1.720000
 276 1.700000
 277 1.700000
 278 1.670000
 279 1.670000
 280 1.650000
 281 1.650000
 282 1.620000
 283 1.620000
 284 1.600000
 285 1.600000
 286 1.570000
 287 1.570000
 288 1.550000
 289 1.550000
 290 1.550000
 291 1.520000
 292 1.530000
 293 1.500000
 294 1.500000
 295 1.500000
 296 1.480000
 297 1.480000
 298 1.450000
 299 1.450000
 300 1.430000
 301 1.430000
 302 1.430000
 303 1.400000
 304 1.400000
 305 1.380000
 306 1.380000
 307 1.400000
 308 1.350000
 309 1.350000
 310 1.350000
 311 1.330000
 312 1.330000
 313 1.330000
 314 1.330000
 315 1.330000
 316 1.300000
 317 1.300000
 318 1.300000
 319 1.280000
 320 1.280000
 321 1.280000
 322 1.350000
 323 1.850000
 324 1.820000
 325 1.850000
 326 1.830000
 327 1.830000
 328 1.830000
 329 1.830000
 330 1.830000
 331 1.850000
 332 1.850000
 333 1.880000
 334 1.910000
 335 4.680000
 336 1.200000
 337 1.200000
 338 1.180000
 339 1.190000
 340 1.210000
 341 1.190000
 342 1.190000
 343 1.190000
 344 1.160000
 345 1.190000
 346 1.160000
 347 1.160000
 348 1.190000
 349 1.160000
 350 1.190000
 351 1.190000
 352 1.210000
 353 1.190000
 354 1.210000
 355 1.200000
 356 1.250000
 357 2.080000
 358 2.100000
 359 2.090000
 360 2.110000
 361 2.100000
 362 2.100000
 363 3.220000
 364 3.190000
 365 3.290000
 366 3.620000
 367 4.150000
 368 4.150000
 369 4.170000
 370 4.200000
 371 4.180000
 372 1.950000
 373 2.420000
 374 2.370000
 375 2.330000
 376 2.280000
 377 1.610000
 378 1.500000
 379 1.480000
 380 1.480000
 381 1.490000
 382 1.460000
 383 1.460000
 384 1.460000
 385 1.460000
 386 1.460000
 387 1.450000
 388 1.450000
 389 1.480000
 390 1.480000
 391 1.490000
 392 1.480000
 393 1.500000
 394 1.470000
 395 1.460000
 396 1.480000
 397 1.500000
 398 1.500000
 399 1.500000
 400 1.530000
 401 1.550000
 402 1.550000
 403 1.550000
 404 1.580000
 405 1.600000
 406 1.600000
 407 1.630000
 408 1.650000
 409 1.760000
 410 1.760000
 411 1.760000
 412 1.760000
 413 1.780000
 414 1.780000
 415 1.800000
 416 1.800000
 417 1.830000
 418 2.830000
 419 2.830000
 420 2.840000
 421 3.690000
 422 3.650000
 423 3.730000
 424 3.750000
 425 3.740000
 426 3.710000
 427 3.710000
 428 3.690000
 429 3.690000
 430 3.690000
 431 3.690000
 432 3.660000
 433 3.660000
 434 3.640000
 435 3.640000
 436 3.610000
 437 3.610000
 438 3.590000
 439 3.590000
 440 3.590000
 441 3.560000
 442 3.560000
 443 3.560000
 444 3.540000
 445 3.540000
 446 3.510000
 447 3.510000
 448 3.510000
 449 3.510000
 450 3.490000
 451 3.490000
 452 3.460000
 453 3.460000
 454 3.460000
 455 3.460000
 456 3.440000
 457 3.440000
 458 3.440000
 459 3.440000
 460 3.410000
 461 3.390000
 462 3.390000
 463 3.460000
 464 4.400000
 465 4.370000
 466 4.350000
 467 4.350000
 468 4.350000
 469 4.160000
 470 4.060000
 471 4.070000
 472 4.270000
 473 4.300000
 474 4.300000
 475 4.270000
 476 4.250000
 477 4.250000
 478 4.250000
 479 4.230000
 480 4.230000
 481 4.230000
 482 4.200000
 483 4.200000
 484 4.170000
 485 4.170000
 486 4.150000
 487 4.150000
 488 4.120000
 489 3.030000
 490 3.100000
 491 3.120000
 492 4.100000
 493 4.100000
 494 3.270000
 495 3.320000
 496 3.300000
 497 3.210000
 498 3.250000
 499 3.250000
 500 3.370000
 501 3.370000
 502 3.420000
 503 4.000000
 504 4.030000
 505 4.000000
 506 3.980000
 507 3.980000
 508 4.000000
 509 4.000000
 510 3.980000
 511 3.980000
 512 3.950000
 513 3.950000
 514 3.930000
 515 3.930000
 516 3.110000
 517 3.090000
 518 3.210000
 519 3.210000
 520 3.050000
 521 3.180000
 522 3.170000
 523 3.140000
 524 3.110000
 525 3.090000
 526 3.100000
 527 3.110000
 528 3.070000
 529 3.090000
 530 3.070000
 531 3.050000
 532 3.040000
 533 3.040000
 534 3.040000
 535 3.040000
 536 3.060000
 537 3.060000
 538 3.060000
 539 3.080000
 540 3.060000
 541 3.040000
 542 3.070000
 543 3.080000
 544 3.030000
 545 3.060000
 546 3.080000
 547 3.030000
 548 3.010000
 549 3.010000
 550 3.050000
 551 3.080000
 552 3.050000
 553 3.080000
 554 3.110000
 555 3.050000
 556 3.130000
 557 3.080000
 558 3.080000
 559 3.080000
 560 3.110000
 561 3.120000
 562 3.110000
 563 3.140000
 564 3.170000
 565 3.210000
 566 3.130000
 567 3.190000
 568 3.210000
 569 5.860000
 570 5.910000
 571 5.960000
 572 5.980000
 573 6.010000
 574 6.080000
 575 6.080000
 576 6.080000
 577 6.080000
 578 6.100000
 579 6.120000
 580 6.120000
 581 6.110000
 582 6.140000
 583 6.140000
 584 6.140000
 585 6.150000
 586 6.150000
 587 6.150000
 588 6.170000
 589 6.170000
 590 6.170000
 591 6.170000
 592 6.200000
 593 6.190000
 594 6.210000
 595 6.210000
 596 6.210000
 597 6.210000
 598 6.240000
 599 6.240000
 600 6.240000
 601 6.260000
 602 6.260000
 603 4.620000
 604 4.300000
 605 4.300000
 606 4.320000
 607 6.310000
 608 3.260000
 609 3.260000
 610 3.240000
 611 3.330000
 612 3.520000
 613 3.970000
 614 3.700000
 615 3.690000
 616 3.710000
 617 3.690000
 618 3.710000
 619 3.710000
 620 3.690000
 621 3.710000
 622 3.340000
 623 3.360000
 624 3.710000
 625 3.710000
 626 3.740000
 627 3.740000
 628 3.710000
 629 3.740000
 630 3.660000
 631 3.660000
 632 3.690000
 633 3.690000
 634 3.690000
 635 3.690000
 636 3.690000
 637 3.710000
 638 3.710000
 639 3.710000
 640 3.710000
 641 3.740000
 642 3.710000
 643 3.740000
 644 3.740000
 645 3.740000
 646 3.740000
 647 3.760000
 648 3.760000
 649 3.790000
 650 3.790000
 651 3.780000
 652 3.750000
 653 3.700000
 654 3.660000
 655 3.460000
 656 3.160000
 657 3.260000
 658 3.520000
 659 3.480000
 660 3.430000
 661 3.420000
 662 3.100000
 663 3.100000
 664 3.080000
 665 3.020000
 666 3.050000
 667 3.050000
 668 3.090000
 669 3.050000
 670 3.010000
 671 2.930000
 672 2.990000
 673 2.970000
 674 3.020000
 675 3.050000
 676 3.010000
 677 3.010000
 678 3.050000
 679 3.050000
 680 3.040000
 681 3.070000
 682 3.070000
 683 3.060000
 684 3.060000
 685 2.830000
 686 2.690000
 687 2.670000
 688 2.630000
 689 2.560000
 690 2.530000
 691 2.470000
 692 2.400000
 693 2.360000
 694 2.330000
 695 2.280000
 696 2.290000
 697 2.210000
 698 2.210000
 699 2.140000
 700 2.090000
 701 2.070000
 702 2.200000
 703 2.050000
 704 2.070000
 705 2.040000
 706 2.040000
 707 2.040000
 708 2.010000
 709 2.030000
 710 2.020000
 711 2.020000
 712 2.030000
 713 2.030000
 714 2.040000
 715 2.040000
 716 2.010000
 717 2.020000
 718 2.020000
 719 2.020000
 720 2.030000
 721 2.030000
 722 2.050000
 723 2.060000
 724 2.090000
 725 2.090000
 726 2.050000
 727 2.060000
 728 2.060000
 729 2.070000
 730 1.940000
 731 2.000000
 732 2.040000
 733 1.770000
 734 1.920000
 735 1.930000
 736 1.800000
 737 1.770000
 738 1.730000
 739 1.770000
 740 1.730000
 741 1.850000
 742 1.820000
 743 1.800000
 744 1.820000
 745 1.800000
 746 1.680000
 747 1.800000
 748 1.680000
 749 1.750000
 750 1.750000
 751 1.630000
 752 1.770000
 753 1.720000
 754 1.700000
 755 1.700000
 756 1.670000
 757 1.700000
 758 1.550000
 759 1.550000
 760 1.520000
 0 2.320000
 1 2.330000
 2 2.300000
 3 2.220000
 4 2.300000
 5 2.300000
 6 2.280000
 7 2.280000
 8 2.280000
 9 2.230000
 10 2.220000
 11 2.190000
 12 3.280000
 13 2.150000
 14 3.270000
 15 2.180000
 16 2.180000
 17 2.250000
 18 2.270000
 19 2.250000
 20 2.280000
 21 2.280000
 22 2.280000
 23 2.300000
 24 2.300000
 25 2.200000
 26 2.240000
 27 2.230000
 28 2.250000
 29 2.230000
 30 2.370000
 31 2.370000
 32 2.370000
 33 2.400000
 34 2.400000
 35 2.420000
 36 2.470000
 37 2.440000
 38 2.470000
 39 2.550000
 40 2.550000
 41 2.550000
 42 2.630000
 43 2.630000
 44 2.650000
 45 2.680000
 46 2.680000
 47 2.700000
 48 2.840000
 49 2.890000
 50 2.910000
 51 2.850000
 52 2.800000
 53 2.800000
 54 2.800000
 55 2.820000
 56 2.810000
 57 2.870000
 58 2.900000
 59 2.930000
 60 2.930000
 61 2.950000
 62 2.950000
 63 2.920000
 64 3.000000
 65 3.030000
 66 3.050000
 67 3.050000
 68 3.050000
 69 3.050000
 70 3.110000
 71 3.160000
 72 3.210000
 73 3.240000
 74 3.240000
 75 3.240000
 76 3.240000
 77 3.260000
 78 3.290000
 79 3.290000
 80 3.310000
 81 3.290000
 82 3.300000
 83 3.350000
 84 3.350000
 85 3.380000
 86 3.380000
 87 3.400000
 88 3.400000
 89 3.450000
 90 3.330000
 91 3.430000
 92 3.480000
 93 3.460000
 94 3.510000
 95 3.570000
 96 3.590000
 97 3.600000
 98 3.620000
 99 3.800000
 100 3.800000
 101 3.800000
 102 3.820000
 103 3.840000
 104 3.870000
 105 3.850000
 106 3.870000
 107 3.870000
 108 3.920000
 109 3.830000
 110 3.950000
 111 3.820000
 112 3.850000
 113 3.850000
 114 4.030000
 115 4.050000
 116 4.030000
 117 4.050000
 118 4.080000
 119 4.050000
 120 4.110000
 121 4.030000
 122 3.950000
 123 4.020000
 124 3.950000
 125 3.950000
 126 3.930000
 127 4.020000
 128 3.980000
 129 4.030000
 130 4.010000
 131 4.010000
 132 3.980000
 133 3.980000
 134 3.980000
 135 3.960000
 136 3.910000
 137 3.990000
 138 3.960000
 139 3.530000
 140 3.480000
 141 3.520000
 142 3.500000
 143 3.940000
 144 3.910000
 145 3.780000
 146 3.780000
 147 3.750000
 148 2.850000
 149 2.810000
 150 2.820000
 151 2.820000
 152 2.810000
 153 2.820000
 154 2.800000
 155 2.820000
 156 2.810000
 157 1.510000
 158 1.530000
 159 1.530000
 160 1.500000
 161 1.500000
 162 1.500000
 163 1.480000
 164 1.510000
 165 1.510000
 166 1.500000
 167 1.490000
 168 1.490000
 169 1.490000
 170 1.460000
 171 1.490000
 172 1.490000
 173 1.490000
 174 1.440000
 175 1.470000
 176 1.460000
 177 1.460000
 178 1.440000
 179 1.440000
 180 1.440000
 181 1.440000
 182 1.420000
 183 1.440000
 184 1.440000
 185 1.410000
 186 1.390000
 187 1.390000
 188 1.390000
 189 1.390000
 190 1.390000
 191 1.410000
 192 1.390000
 193 1.360000
 194 1.390000
 195 1.390000
 196 1.360000
 197 1.370000
 198 1.350000
 199 1.340000
 200 1.350000
 201 1.380000
 202 1.410000
 203 1.410000
 204 1.430000
 205 1.440000
 206 1.460000
 207 1.480000
 208 1.490000
 209 1.480000
 210 1.490000
 211 1.500000
 212 1.510000
 213 1.530000
 214 1.530000
 215 1.560000
 216 1.580000
 217 1.580000
 218 1.580000
 219 1.620000
 220 1.580000
 221 1.570000
 222 1.620000
 223 1.630000
 224 1.650000
 225 3.170000
 226 3.170000
 227 3.140000
 228 3.260000
 229 3.300000
 230 3.280000
 231 3.270000
 232 3.280000
 233 3.280000
 234 3.320000
 235 3.300000
 236 3.300000
 237 3.320000
 238 3.370000
 239 3.370000
 240 3.450000
 241 3.510000
 242 3.530000
 243 3.560000
 244 3.450000
 245 3.430000
 246 3.550000
 247 3.560000
 248 3.600000
 249 3.610000
 250 3.610000
 251 3.600000
 252 3.610000
 253 2.110000
 254 2.110000
 255 2.130000
 256 2.140000
 257 2.110000
 258 2.110000
 259 2.110000
 260 2.110000
 261 2.140000
 262 2.140000
 263 2.190000
 264 3.590000
 265 3.570000
 266 3.580000
 267 3.590000
 268 3.570000
 269 1.780000
 270 1.770000
 271 1.770000
 272 1.750000
 273 1.720000
 274 1.750000
 275 1.720000
 276 1.700000
 277 1.700000
 278 1.670000
 279 1.670000
 280 1.670000
 281 1.650000
 282 1.620000
 283 1.620000
 284 1.600000
 285 1.600000
 286 1.570000
 287 1.570000
 288 1.550000
 289 1.550000
 290 1.550000
 291 1.530000
 292 1.530000
 293 1.500000
 294 1.480000
 295 1.480000
 296 1.480000
 297 1.450000
 298 1.450000
 299 1.450000
 300 1.450000
 301 1.430000
 302 1.430000
 303 1.400000
 304 1.430000
 305 1.380000
 306 1.380000
 307 1.380000
 308 1.380000
 309 1.350000
 310 1.350000
 311 1.330000
 312 1.350000
 313 1.330000
 314 1.300000
 315 1.300000
 316 1.300000
 317 1.300000
 318 1.300000
 319 1.280000
 320 1.280000
 321 1.280000
 322 1.350000
 323 1.830000
 324 1.850000
 325 1.850000
 326 1.830000
 327 1.830000
 328 1.830000
 329 1.830000
 330 1.830000
 331 1.830000
 332 1.850000
 333 1.850000
 334 1.930000
 335 4.680000
 336 1.200000
 337 1.200000
 338 1.200000
 339 1.210000
 340 1.190000
 341 1.190000
 342 1.160000
 343 1.160000
 344 1.160000
 345 1.160000
 346 1.160000
 347 1.160000
 348 1.190000
 349 1.190000
 350 1.160000
 351 1.180000
 352 1.190000
 353 1.210000
 354 1.210000
 355 1.200000
 356 1.250000
 357 2.080000
 358 2.090000
 359 2.110000
 360 2.100000
 361 2.100000
 362 2.100000
 363 3.200000
 364 3.200000
 365 3.290000
 366 3.620000
 367 4.150000
 368 4.170000
 369 4.170000
 370 4.170000
 371 4.180000
 372 1.950000
 373 2.470000
 374 2.420000
 375 2.430000
 376 2.310000
 377 1.610000
 378 1.480000
 379 1.490000
 380 1.450000
 381 1.480000
 382 1.460000
 383 1.460000
 384 1.460000
 385 1.460000
 386 1.440000
 387 1.450000
 388 1.450000
 389 1.480000
 390 1.450000
 391 1.490000
 392 1.480000
 393 1.470000
 394 1.440000
 395 1.460000
 396 1.450000
 397 1.480000
 398 1.500000
 399 1.500000
 400 1.530000
 401 1.550000
 402 1.550000
 403 1.580000
 404 1.580000
 405 1.600000
 406 1.600000
 407 1.630000
 408 1.650000
 409 1.760000
 410 1.740000
 411 1.760000
 412 1.760000
 413 1.750000
 414 1.770000
 415 1.780000
 416 1.800000
 417 1.830000
 418 2.830000
 419 2.860000
 420 2.840000
 421 3.690000
 422 3.640000
 423 3.730000
 424 3.750000
 425 3.740000
 426 3.710000
 427 3.710000
 428 3.710000
 429 3.690000
 430 3.690000
 431 3.660000
 432 3.660000
 433 3.640000
 434 3.640000
 435 3.640000
 436 3.610000
 437 3.610000
 438 3.590000
 439 3.590000
 440 3.560000
 441 3.560000
 442 3.560000
 443 3.560000
 444 3.560000
 445 3.540000
 446 3.540000
 447 3.510000
 448 3.510000
 449 3.490000
 450 3.490000
 451 3.490000
 452 3.460000
 453 3.460000
 454 3.460000
 455 3.440000
 456 3.440000
 457 3.440000
 458 3.440000
 459 3.410000
 460 3.410000
 461 3.390000
 462 3.390000
 463 3.500000
 464 4.400000
 465 4.370000
 466 4.370000
 467 4.350000
 468 4.350000
 469 4.130000
 470 4.030000
 471 4.080000
 472 4.270000
 473 4.270000
 474 4.270000
 475 4.270000
 476 4.250000
 477 4.250000
 478 4.220000
 479 4.230000
 480 4.230000
 481 4.200000
 482 4.200000
 483 4.170000
 484 4.170000
 485 4.170000
 486 4.170000
 487 4.170000
 488 4.100000
 489 3.030000
 490 3.100000
 491 3.120000
 492 4.130000
 493 4.100000
 494 3.270000
 495 3.320000
 496 3.300000
 497 3.210000
 498 3.220000
 499 3.230000
 500 3.370000
 501 3.400000
 502 3.400000
 503 4.030000
 504 4.030000
 505 4.000000
 506 3.980000
 507 4.000000
 508 4.000000
 509 3.980000
 510 3.980000
 511 3.950000
 512 3.980000
 513 3.950000
 514 3.950000
 515 3.930000
 516 3.080000
 517 3.090000
 518 3.210000
 519 3.190000
 520 3.050000
 521 3.180000
 522 3.150000
 523 3.130000
 524 3.130000
 525 3.100000
 526 3.070000
 527 3.070000
 528 3.090000
 529 3.070000
 530 3.080000
 531 3.060000
 532 3.040000
 533 3.030000
 534 3.060000
 535 3.040000
 536 3.050000
 537 3.060000
 538 3.060000
 539 3.080000
 540 3.060000
 541 3.040000
 542 3.070000
 543 3.060000
 544 3.050000
 545 3.060000
 546 3.080000
 547 3.060000
 548 3.030000
 549 3.010000
 550 3.050000
 551 3.110000
 552 3.060000
 553 3.060000
 554 3.080000
 555 3.030000
 556 3.100000
 557 3.080000
 558 3.080000
 559 3.080000
 560 3.080000
 561 3.140000
 562 3.130000
 563 3.110000
 564 3.140000
 565 3.210000
 566 3.130000
 567 3.160000
 568 3.180000
 569 5.900000
 570 5.930000
 571 5.980000
 572 6.010000
 573 6.030000
 574 6.080000
 575 6.080000
 576 6.080000
 577 6.080000
 578 6.100000
 579 6.100000
 580 6.120000
 581 6.110000
 582 6.110000
 583 6.110000
 584 6.140000
 585 6.150000
 586 6.150000
 587 6.170000
 588 6.150000
 589 6.170000
 590 6.200000
 591 6.200000
 592 6.200000
 593 6.210000
 594 6.190000
 595 6.210000
 596 6.210000
 597 6.240000
 598 6.240000
 599 6.240000
 600 6.260000
 601 6.260000
 602 6.260000
 603 4.480000
 604 4.310000
 605 4.270000
 606 4.320000
 607 6.310000
 608 3.260000
 609 3.220000
 610 3.240000
 611 3.330000
 612 3.520000
 613 3.970000
 614 3.720000
 615 3.690000
 616 3.690000
 617 3.690000
 618 3.710000
 619 3.690000
 620 3.710000
 621 3.710000
 622 3.340000
 623 3.390000
 624 3.710000
 625 3.710000
 626 3.740000
 627 3.710000
 628 3.710000
 629 3.740000
 630 3.660000
 631 3.660000
 632 3.690000
 633 3.690000
 634 3.690000
 635 3.690000
 636 3.690000
 637 3.710000
 638 3.710000
 639 3.710000
 640 3.710000
 641 3.740000
 642 3.740000
 643 3.710000
 644 3.760000
 645 3.760000
 646 3.760000
 647 3.760000
 648 3.760000
 649 3.790000
 650 3.760000
 651 3.780000
 652 3.750000
 653 3.700000
 654 3.660000
 655 3.430000
 656 3.180000
 657 3.260000
 658 3.500000
 659 3.450000
 660 3.430000
 661 3.400000
 662 3.130000
 663 3.080000
 664 3.080000
 665 3.050000
 666 3.060000
 667 3.050000
 668 3.110000
 669 3.040000
 670 3.010000
 671 2.930000
 672 2.990000
 673 2.970000
 674 3.020000
 675 3.050000
 676 3.040000
 677 3.040000
 678 3.050000
 679 3.040000
 680 3.060000
 681 3.050000
 682 3.070000
 683 3.060000
 684 3.030000
 685 2.890000
 686 2.700000
 687 2.670000
 688 2.620000
 689 2.580000
 690 2.530000
 691 2.470000
 692 2.420000
 693 2.360000
 694 2.330000
 695 2.280000
 696 2.260000
 697 2.240000
 698 2.130000
 699 2.270000
 700 2.210000
 701 2.090000
 702 2.090000
 703 2.170000
 704 2.050000
 705 2.040000
 706 2.020000
 707 2.020000
 708 2.020000
 709 2.030000
 710 2.020000
 711 2.020000
 712 2.010000
 713 2.030000
 714 2.010000
 715 2.040000
 716 2.020000
 717 2.010000
 718 2.020000
 719 2.020000
 720 2.050000
 721 2.050000
 722 2.050000
 723 2.060000
 724 2.110000
 725 2.060000
 726 2.130000
 727 2.030000
 728 2.040000
 729 1.990000
 730 1.990000
 731 2.030000
 732 1.940000
 733 1.780000
 734 1.900000
 735 1.820000
 736 1.790000
 737 1.730000
 738 1.770000
 739 1.730000
 740 1.830000
 741 1.800000
 742 1.800000
 743 1.820000
 744 1.800000
 745 1.680000
 746 1.800000
 747 1.680000
 748 1.770000
 749 1.750000
 750 1.750000
 751 1.750000
 752 1.720000
 753 1.750000
 754 1.700000
 755 1.700000
 756 1.700000
 757 1.550000
 758 1.650000
 759 1.620000
 760 1.590000
 0 2.320000
 1 2.330000
 2 2.330000
 3 2.190000
 4 2.300000
 5 2.330000
 6 2.250000
 7 2.280000
 8 2.250000
 9 2.230000
 10 2.220000
 11 2.170000
 12 3.250000
 13 2.140000
 14 3.270000
 15 2.150000
 16 2.150000
 17 2.230000
 18 2.270000
 19 2.250000
 20 2.280000
 21 2.250000
 22 2.300000
 23 2.320000
 24 2.250000
 25 2.180000
 26 2.240000
 27 2.200000
 28 2.230000
 29 2.230000
 30 2.350000
 31 2.370000
 32 2.370000
 33 2.400000
 34 2.400000
 35 2.450000
 36 2.470000
 37 2.440000
 38 2.470000
 39 2.540000
 40 2.550000
 41 2.580000
 42 2.600000
 43 2.600000
 44 2.680000
 45 2.680000
 46 2.700000
 47 2.730000
 48 2.810000
 49 2.890000
 50 2.910000
 51 2.850000
 52 2.800000
 53 2.830000
 54 2.800000
 55 2.800000
 56 2.810000
 57 2.870000
 58 2.900000
 59 2.930000
 60 2.930000
 61 2.950000
 62 2.950000
 63 2.950000
 64 3.000000
 65 3.030000
 66 3.080000
 67 3.080000
 68 3.080000
 69 3.080000
 70 3.140000
 71 3.160000
 72 3.190000
 73 3.240000
 74 3.240000
 75 3.240000
 76 3.260000
 77 3.240000
 78 3.260000
 79 3.290000
 80 3.290000
 81 3.290000
 82 3.300000
 83 3.350000
 84 3.380000
 85 3.350000
 86 3.380000
 87 3.400000
 88 3.430000
 89 3.450000
 90 3.360000
 91 3.430000
 92 3.480000
 93 3.480000
 94 3.520000
 95 3.570000
 96 3.600000
 97 3.590000
 98 3.620000
 99 3.810000
 100 3.820000
 101 3.820000
 102 3.820000
 103 3.840000
 104 3.870000
 105 3.870000
 106 3.850000
 107 3.870000
 108 3.900000
 109 3.800000
 110 3.930000
 111 3.850000
 112 3.830000
 113 3.850000
 114 4.030000
 115 4.030000
 116 4.050000
 117 4.050000
 118 4.080000
 119 4.080000
 120 4.090000
 121 4.030000
 122 3.950000
 123 4.000000
 124 3.950000
 125 3.950000
 126 3.950000
 127 3.980000
 128 3.980000
 129 4.030000
 130 4.010000
 131 4.010000
 132 4.010000
 133 4.010000
 134 3.980000
 135 3.970000
 136 3.880000
 137 3.990000
 138 3.960000
 139 3.560000
 140 3.480000
 141 3.490000
 142 3.500000
 143 3.910000
 144 3.940000
 145 3.780000
 146 3.780000
 147 3.780000
 148 2.850000
 149 2.830000
 150 2.820000
 151 2.820000
 152 2.830000
 153 2.820000
 154 2.800000
 155 2.820000
 156 2.820000
 157 1.560000
 158 1.530000
 159 1.500000
 160 1.500000
 161 1.500000
 162 1.500000
 163 1.480000
 164 1.510000
 165 1.480000
 166 1.500000
 167 1.490000
 168 1.490000
 169 1.490000
 170 1.490000
 171 1.490000
 172 1.490000
 173 1.470000
 174 1.470000
 175 1.470000
 176 1.460000
 177 1.440000
 178 1.440000
 179 1.440000
 180 1.440000
 181 1.440000
 182 1.410000
 183 1.410000
 184 1.410000
 185 1.410000
 186 1.390000
 187 1.430000
 188 1.390000
 189 1.420000
 190 1.390000
 191 1.390000
 192 1.370000
 193 1.360000
 194 1.360000
 195 1.360000
 196 1.370000
 197 1.340000
 198 1.350000
 199 1.340000
 200 1.350000
 201 1.400000
 202 1.390000
 203 1.410000
 204 1.400000
 205 1.440000
 206 1.440000
 207 1.430000
 208 1.490000
 209 1.500000
 210 1.510000
 211 1.500000
 212 1.510000
 213 1.530000
 214 1.530000
 215 1.560000
 216 1.580000
 217 1.580000
 218 1.580000
 219 1.590000
 220 1.600000
 221 1.600000
 222 1.600000
 223 1.630000
 224 1.650000
 225 3.170000
 226 3.190000
 227 3.140000
 228 3.240000
 229 3.300000
 230 3.280000
 231 3.280000
 232 3.290000
 233 3.300000
 234 3.320000
 235 3.300000
 236 3.330000
 237 3.340000
 238 3.370000
 239 3.370000
 240 3.450000
 241 3.530000
 242 3.530000
 243 3.560000
 244 3.430000
 245 3.450000
 246 3.570000
 247 3.540000
 248 3.600000
 249 3.640000
 250 3.600000
 251 3.580000
 252 3.610000
 253 2.140000
 254 2.110000
 255 2.130000
 256 2.140000
 257 2.110000
 258 2.110000
 259 2.110000
 260 2.110000
 261 2.110000
 262 2.140000
 263 2.190000
 264 3.560000
 265 3.560000
 266 3.580000
 267 3.590000
 268 3.560000
 269 1.780000
 270 1.770000
 271 1.770000
 272 1.770000
 273 1.750000
 274 1.750000
 275 1.720000
 276 1.700000
 277 1.670000
 278 1.670000
 279 1.670000
 280 1.650000
 281 1.650000
 282 1.650000
 283 1.620000
 284 1.600000
 285 1.570000
 286 1.570000
 287 1.570000
 288 1.550000
 289 1.550000
 290 1.530000
 291 1.520000
 292 1.530000
 293 1.500000
 294 1.500000
 295 1.500000
 296 1.480000
 297 1.480000
 298 1.450000
 299 1.450000
 300 1.450000
 301 1.430000
 302 1.430000
 303 1.430000
 304 1.400000
 305 1.380000
 306 1.380000
 307 1.350000
 308 1.380000
 309 1.350000
 310 1.350000
 311 1.350000
 312 1.330000
 313 1.350000
 314 1.330000
 315 1.300000
 316 1.300000
 317 1.300000
 318 1.300000
 319 1.280000
 320 1.280000
 321 1.280000
 322 1.370000
 323 1.850000
 324 1.830000
 325 1.830000
 326 1.830000
 327 1.830000
 328 1.830000
 329 1.850000
 330 1.850000
 331 1.850000
 332 1.850000
 333 1.880000
 334 1.920000
 335 4.710000
 336 1.200000
 337 1.180000
 338 1.210000
 339 1.190000
 340 1.190000
 341 1.190000
 342 1.160000
 343 1.190000
 344 1.190000
 345 1.190000
 346 1.160000
 347 1.190000
 348 1.190000
 349 1.190000
 350 1.190000
 351 1.210000
 352 1.190000
 353 1.210000
 354 1.190000
 355 1.230000
 356 1.230000
 357 2.050000
 358 2.090000
 359 2.090000
 360 2.110000
 361 2.100000
 362 2.240000
 363 3.200000
 364 3.200000
 365 3.290000
 366 3.770000
 367 4.150000
 368 4.170000
 369 4.200000
 370 4.170000
 371 4.200000
 372 1.950000
 373 2.500000
 374 2.500000
 375 2.410000
 376 2.310000
 377 1.680000
 378 1.500000
 379 1.490000
 380 1.450000
 381 1.490000
 382 1.460000
 383 1.490000
 384 1.490000
 385 1.460000
 386 1.440000
 387 1.450000
 388 1.450000
 389 1.450000
 390 1.480000
 391 1.490000
 392 1.480000
 393 1.480000
 394 1.470000
 395 1.460000
 396 1.480000
 397 1.480000
 398 1.500000
 399 1.500000
 400 1.530000
 401 1.550000
 402 1.550000
 403 1.580000
 404 1.580000
 405 1.600000
 406 1.600000
 407 1.630000
 408 1.650000
 409 1.760000
 410 1.760000
 411 1.760000
 412 1.760000
 413 1.750000
 414 1.770000
 415 1.800000
 416 1.800000
 417 1.860000
 418 2.810000
 419 2.830000
 420 2.840000
 421 3.690000
 422 3.680000
 423 3.760000
 424 3.730000
 425 3.740000
 426 3.740000
 427 3.690000
 428 3.710000
 429 3.690000
 430 3.690000
 431 3.660000
 432 3.660000
 433 3.640000
 434 3.640000
 435 3.610000
 436 3.610000
 437 3.640000
 438 3.590000
 439 3.590000
 440 3.590000
 441 3.560000
 442 3.540000
 443 3.540000
 444 3.560000
 445 3.560000
 446 3.540000
 447 3.510000
 448 3.490000
 449 3.490000
 450 3.490000
 451 3.490000
 452 3.490000
 453 3.490000
 454 3.460000
 455 3.440000
 456 3.440000
 457 3.440000
 458 3.440000
 459 3.440000
 460 3.410000
 461 3.410000
 462 3.410000
 463 3.500000
 464 4.400000
 465 4.400000
 466 4.370000
 467 4.350000
 468 4.350000
 469 4.160000
 470 4.070000
 471 4.100000
 472 4.270000
 473 4.270000
 474 4.300000
 475 4.270000
 476 4.250000
 477 4.220000
 478 4.220000
 479 4.230000
 480 4.220000
 481 4.200000
 482 4.230000
 483 4.200000
 484 4.170000
 485 4.150000
 486 4.170000
 487 4.150000
 488 4.120000
 489 3.030000
 490 3.100000
 491 3.150000
 492 4.100000
 493 4.100000
 494 3.270000
 495 3.320000
 496 3.320000
 497 3.210000
 498 3.250000
 499 3.230000
 500 3.350000
 501 3.370000
 502 3.400000
 503 4.030000
 504 4.030000
 505 4.000000
 506 4.000000
 507 4.000000
 508 4.000000
 509 3.980000
 510 3.980000
 511 3.980000
 512 3.950000
 513 3.950000
 514 3.950000
 515 3.950000
 516 3.080000
 517 3.110000
 518 3.210000
 519 3.210000
 520 3.080000
 521 3.180000
 522 3.150000
 523 3.110000
 524 3.100000
 525 3.120000
 526 3.100000
 527 3.080000
 528 3.090000
 529 3.070000
 530 3.090000
 531 3.060000
 532 3.030000
 533 3.030000
 534 3.030000
 535 3.040000
 536 3.060000
 537 3.060000
 538 3.060000
 539 3.080000
 540 3.030000
 541 3.070000
 542 3.090000
 543 3.060000
 544 3.020000
 545 3.060000
 546 3.080000
 547 3.030000
 548 3.010000
 549 3.010000
 550 3.070000
 551 3.110000
 552 3.070000
 553 3.060000
 554 3.110000
 555 3.050000
 556 3.100000
 557 3.080000
 558 3.100000
 559 3.110000
 560 3.110000
 561 3.120000
 562 3.130000
 563 3.160000
 564 3.150000
 565 3.210000
 566 3.240000
 567 3.190000
 568 3.180000
 569 5.860000
 570 5.910000
 571 5.960000
 572 6.010000
 573 6.010000
 574 6.070000
 575 6.060000
 576 6.080000
 577 6.100000
 578 6.100000
 579 6.100000
 580 6.100000
 581 6.110000
 582 6.110000
 583 6.140000
 584 6.140000
 585 6.150000
 586 6.150000
 587 6.170000
 588 6.170000
 589 6.170000
 590 6.200000
 591 6.170000
 592 6.200000
 593 6.190000
 594 6.190000
 595 6.210000
 596 6.210000
 597 6.210000
 598 6.240000
 599 6.240000
 600 6.240000
 601 6.240000
 602 6.260000
 603 4.480000
 604 4.330000
 605 4.300000
 606 4.340000
 607 6.310000
 608 3.260000
 609 3.220000
 610 3.240000
 611 3.350000
 612 3.520000
 613 3.970000
 614 3.700000
 615 3.690000
 616 3.690000
 617 3.690000
 618 3.690000
 619 3.690000
 620 3.690000
 621 3.710000
 622 3.310000
 623 3.390000
 624 3.710000
 625 3.710000
 626 3.740000
 627 3.710000
 628 3.740000
 629 3.740000
 630 3.660000
 631 3.660000
 632 3.660000
 633 3.660000
 634 3.690000
 635 3.660000
 636 3.710000
 637 3.710000
 638 3.710000
 639 3.710000
 640 3.710000
 641 3.740000
 642 3.710000
 643 3.740000
 644 3.740000
 645 3.760000
 646 3.760000
 647 3.760000
 648 3.760000
 649 3.790000
 650 3.790000
 651 3.780000
 652 3.750000
 653 3.700000
 654 3.660000
 655 3.460000
 656 3.160000
 657 3.260000
 658 3.500000
 659 3.450000
 660 3.430000
 661 3.420000
 662 3.100000
 663 3.080000
 664 3.080000
 665 3.050000
 666 3.070000
 667 3.050000
 668 3.090000
 669 3.020000
 670 3.040000
 671 2.960000
 672 2.990000
 673 2.970000
 674 3.020000
 675 3.070000
 676 3.010000
 677 3.010000
 678 3.020000
 679 3.050000
 680 3.050000
 681 3.050000
 682 3.070000
 683 3.040000
 684 3.060000
 685 2.910000
 686 2.700000
 687 2.670000
 688 2.640000
 689 2.610000
 690 2.530000
 691 2.470000
 692 2.420000
 693 2.350000
 694 2.330000
 695 2.280000
 696 2.260000
 697 2.240000
 698 2.270000
 699 2.240000
 700 2.170000
 701 2.100000
 702 2.070000
 703 2.050000
 704 2.070000
 705 2.070000
 706 2.010000
 707 2.040000
 708 2.010000
 709 2.010000
 710 2.020000
 711 2.000000
 712 2.010000
 713 2.030000
 714 2.010000
 715 2.010000
 716 2.010000
 717 2.050000
 718 2.000000
 719 2.000000
 720 2.000000
 721 2.030000
 722 2.030000
 723 2.040000
 724 2.060000
 725 2.060000
 726 2.080000
 727 1.980000
 728 2.040000
 729 2.020000
 730 1.940000
 731 1.920000
 732 1.990000
 733 1.900000
 734 1.780000
 735 1.750000
 736 1.870000
 737 1.760000
 738 1.750000
 739 1.720000
 740 1.850000
 741 1.820000
 742 1.850000
 743 1.800000
 744 1.680000
 745 1.800000
 746 1.650000
 747 1.770000
 748 1.630000
 749 1.720000
 750 1.720000
 751 1.700000
 752 1.690000
 753 1.700000
 754 1.700000
 755 1.670000
 756 1.670000
 757 1.670000
 758 1.500000
 759 1.650000
 760 1.520000
 0 2.320000
 1 2.330000
 2 2.330000
 3 2.200000
 4 2.300000
 5 2.330000
 6 2.280000
 7 2.280000
 8 2.280000
 9 2.250000
 10 2.250000
 11 2.190000
 12 3.250000
 13 2.170000
 14 3.270000
 15 2.150000
 16 2.130000
 17 2.230000
 18 2.270000
 19 2.280000
 20 2.250000
 21 2.250000
 22 2.280000
 23 2.300000
 24 2.270000
 25 2.200000
 26 2.210000
 27 2.230000
 28 2.230000
 29 2.230000
 30 2.370000
 31 2.370000
 32 2.400000
 33 2.400000
 34 2.370000
 35 2.450000
 36 2.470000
 37 2.460000
 38 2.470000
 39 2.550000
 40 2.520000
 41 2.580000
 42 2.600000
 43 2.630000
 44 2.650000
 45 2.680000
 46 2.680000
 47 2.700000
 48 2.840000
 49 2.890000
 50 2.910000
 51 2.880000
 52 2.800000
 53 2.830000
 54 2.800000
 55 2.820000
 56 2.840000
 57 2.840000
 58 2.900000
 59 2.900000
 60 2.930000
 61 2.950000
 62 2.950000
 63 2.950000
 64 2.980000
 65 3.000000
 66 3.050000
 67 3.080000
 68 3.080000
 69 3.080000
 70 3.110000
 71 3.160000
 72 3.210000
 73 3.240000
 74 3.210000
 75 3.210000
 76 3.240000
 77 3.260000
 78 3.290000
 79 3.290000
 80 3.310000
 81 3.290000
 82 3.300000
 83 3.350000
 84 3.350000
 85 3.350000
 86 3.380000
 87 3.400000
 88 3.430000
 89 3.420000
 90 3.350000
 91 3.430000
 92 3.470000
 93 3.460000
 94 3.520000
 95 3.540000
 96 3.590000
 97 3.570000
 98 3.620000
 99 3.810000
 100 3.800000
 101 3.820000
 102 3.820000
 103 3.830000
 104 3.850000
 105 3.870000
 106 3.850000
 107 3.870000
 108 3.920000
 109 3.830000
 110 3.950000
 111 3.820000
 112 3.850000
 113 4.030000
 114 4.030000
 115 4.050000
 116 4.050000
 117 4.050000
 118 4.050000
 119 4.080000
 120 4.090000
 121 4.060000
 122 3.930000
 123 4.000000
 124 4.030000
 125 3.950000
 126 3.930000
 127 4.020000
 128 3.980000
 129 4.010000
 130 4.030000
 131 3.980000
 132 4.010000
 133 4.010000
 134 3.980000
 135 3.960000
 136 3.930000
 137 3.990000
 138 3.960000
 139 3.530000
 140 3.480000
 141 3.520000
 142 3.500000
 143 3.940000
 144 3.910000
 145 3.910000
 146 3.780000
 147 3.780000
 148 2.830000
 149 2.810000
 150 2.820000
 151 2.840000
 152 2.820000
 153 2.820000
 154 2.780000
 155 2.820000
 156 2.820000
 157 1.510000
 158 1.550000
 159 1.530000
 160 1.530000
 161 1.530000
 162 1.500000
 163 1.480000
 164 1.510000
 165 1.510000
 166 1.500000
 167 1.490000
 168 1.490000
 169 1.490000
 170 1.490000
 171 1.490000
 172 1.460000
 173 1.490000
 174 1.470000
 175 1.470000
 176 1.460000
 177 1.460000
 178 1.440000
 179 1.440000
 180 1.440000
 181 1.440000
 182 1.440000
 183 1.410000
 184 1.410000
 185 1.410000
 186 1.390000
 187 1.430000
 188 1.420000
 189 1.390000
 190 1.390000
 191 1.390000
 192 1.390000
 193 1.390000
 194 1.390000
 195 1.360000
 196 1.340000
 197 1.370000
 198 1.350000
 199 1.340000
 200 1.350000
 201 1.380000
 202 1.390000
 203 1.410000
 204 1.430000
 205 1.440000
 206 1.440000
 207 1.450000
 208 1.450000
 209 1.480000
 210 1.490000
 211 1.500000
 212 1.510000
 213 1.530000
 214 1.550000
 215 1.560000
 216 1.550000
 217 1.580000
 218 1.580000
 219 1.610000
 220 1.550000
 221 1.570000
 222 1.600000
 223 1.630000
 224 1.650000
 225 3.170000
 226 3.190000
 227 3.140000
 228 3.240000
 229 3.300000
 230 3.280000
 231 3.260000
 232 3.310000
 233 3.280000
 234 3.300000
 235 3.320000
 236 3.330000
 237 3.320000
 238 3.370000
 239 3.390000
 240 3.450000
 241 3.540000
 242 3.560000
 243 3.560000
 244 3.450000
 245 3.450000
 246 3.550000
 247 3.570000
 248 3.600000
 249 3.610000
 250 3.600000
 251 3.600000
 252 3.590000
 253 2.140000
 254 2.090000
 255 2.130000
 256 2.140000
 257 2.110000
 258 2.110000
 259 2.110000
 260 2.110000
 261 2.110000
 262 2.140000
 263 2.190000
 264 3.590000
 265 3.560000
 266 3.580000
 267 3.560000
 268 3.560000
 269 1.780000
 270 1.800000
 271 1.770000
 272 1.750000
 273 1.720000
 274 1.720000
 275 1.700000
 276 1.700000
 277 1.700000
 278 1.670000
 279 1.650000
 280 1.650000
 281 1.650000
 282 1.620000
 283 1.620000
 284 1.600000
 285 1.600000
 286 1.600000
 287 1.570000
 288 1.580000
 289 1.550000
 290 1.530000
 291 1.550000
 292 1.530000
 293 1.500000
 294 1.480000
 295 1.480000
 296 1.480000
 297 1.480000
 298 1.450000
 299 1.430000
 300 1.450000
 301 1.430000
 302 1.430000
 303 1.400000
 304 1.400000
 305 1.400000
 306 1.400000
 307 1.380000
 308 1.350000
 309 1.380000
 310 1.350000
 311 1.330000
 312 1.350000
 313 1.330000
 314 1.330000
 315 1.300000
 316 1.300000
 317 1.300000
 318 1.300000
 319 1.280000
 320 1.300000
 321 1.280000
 322 1.370000
 323 1.850000
 324 1.850000
 325 1.830000
 326 1.830000
 327 1.830000
 328 1.830000
 329 1.830000
 330 1.830000
 331 1.850000
 332 1.880000
 333 1.880000
 334 1.920000
 335 4.680000
 336 1.200000
 337 1.180000
 338 1.210000
 339 1.190000
 340 1.210000
 341 1.190000
 342 1.190000
 343 1.190000
 344 1.190000
 345 1.160000
 346 1.160000
 347 1.160000
 348 1.160000
 349 1.190000
 350 1.190000
 351 1.190000
 352 1.210000
 353 1.190000
 354 1.210000
 355 1.200000
 356 1.230000
 357 2.100000
 358 2.110000
 359 2.110000
 360 2.100000
 361 2.130000
 362 2.240000
 363 3.200000
 364 3.170000
 365 3.290000
 366 3.620000
 367 4.150000
 368 4.170000
 369 4.200000
 370 4.170000
 371 4.180000
 372 1.950000
 373 2.420000
 374 2.350000
 375 2.330000
 376 2.310000
 377 2.520000
 378 1.480000
 379 1.480000
 380 1.480000
 381 1.490000
 382 1.460000
 383 1.460000
 384 1.440000
 385 1.440000
 386 1.440000
 387 1.450000
 388 1.450000
 389 1.450000
 390 1.480000
 391 1.490000
 392 1.480000
 393 1.480000
 394 1.440000
 395 1.460000
 396 1.450000
 397 1.480000
 398 1.480000
 399 1.500000
 400 1.530000
 401 1.550000
 402 1.550000
 403 1.550000
 404 1.580000
 405 1.600000
 406 1.600000
 407 1.630000
 408 1.650000
 409 1.760000
 410 1.790000
 411 1.760000
 412 1.760000
 413 1.750000
 414 1.770000
 415 1.780000
 416 1.800000
 417 1.830000
 418 2.830000
 419 2.860000
 420 2.820000
 421 3.660000
 422 3.680000
 423 3.730000
 424 3.730000
 425 3.740000
 426 3.740000
 427 3.710000
 428 3.690000
 429 3.690000
 430 3.660000
 431 3.660000
 432 3.660000
 433 3.660000
 434 3.640000
 435 3.640000
 436 3.640000
 437 3.610000
 438 3.610000
 439 3.610000
 440 3.590000
 441 3.560000
 442 3.590000
 443 3.560000
 444 3.540000
 445 3.540000
 446 3.510000
 447 3.510000
 448 3.510000
 449 3.490000
 450 3.490000
 451 3.510000
 452 3.460000
 453 3.460000
 454 3.460000
 455 3.440000
 456 3.440000
 457 3.410000
 458 3.440000
 459 3.410000
 460 3.410000
 461 3.420000
 462 3.390000
 463 3.500000
 464 4.370000
 465 4.370000
 466 4.370000
 467 4.350000
 468 4.320000
 469 4.150000
 470 4.070000
 471 4.080000
 472 4.270000
 473 4.270000
 474 4.270000
 475 4.270000
 476 4.270000
 477 4.250000
 478 4.230000
 479 4.230000
 480 4.220000
 481 4.230000
 482 4.200000
 483 4.170000
 484 4.170000
 485 4.170000
 486 4.170000
 487 4.150000
 488 4.120000
 489 3.150000
 490 3.100000
 491 3.150000
 492 4.130000
 493 4.100000
 494 3.290000
 495 3.320000
 496 3.300000
 497 3.210000
 498 3.250000
 499 3.250000
 500 3.370000
 501 3.370000
 502 3.400000
 503 4.000000
 504 4.000000
 505 4.000000
 506 4.000000
 507 3.980000
 508 4.000000
 509 3.980000
 510 3.980000
 511 3.980000
 512 3.950000
 513 3.950000
 514 3.950000
 515 3.930000
 516 3.060000
 517 3.090000
 518 3.180000
 519 3.180000
 520 3.080000
 521 3.160000
 522 3.150000
 523 3.110000
 524 3.100000
 525 3.070000
 526 3.080000
 527 3.110000
 528 3.100000
 529 3.070000
 530 3.070000
 531 3.060000
 532 3.070000
 533 3.040000
 534 3.060000
 535 3.050000
 536 3.020000
 537 3.060000
 538 3.060000
 539 3.080000
 540 3.030000
 541 3.040000
 542 3.070000
 543 3.060000
 544 3.020000
 545 3.060000
 546 3.080000
 547 3.060000
 548 3.030000
 549 3.010000
 550 3.050000
 551 3.110000
 552 3.050000
 553 3.090000
 554 3.090000
 555 3.030000
 556 3.100000
 557 3.110000
 558 3.110000
 559 3.080000
 560 3.090000
 561 3.080000
 562 3.090000
 563 3.130000
 564 3.150000
 565 3.180000
 566 3.100000
 567 3.160000
 568 3.210000
 569 5.880000
 570 5.960000
 571 5.960000
 572 6.010000
 573 6.010000
 574 6.080000
 575 6.090000
 576 6.080000
 577 6.100000
 578 6.100000
 579 6.100000
 580 6.100000
 581 6.110000
 582 6.110000
 583 6.110000
 584 6.140000
 585 6.150000
 586 6.150000
 587 6.150000
 588 6.150000
 589 6.170000
 590 6.200000
 591 6.200000
 592 6.200000
 593 6.190000
 594 6.210000
 595 6.190000
 596 6.210000
 597 6.240000
 598 6.210000
 599 6.240000
 600 6.240000
 601 6.260000
 602 6.260000
 603 4.620000
 604 4.330000
 605 4.300000
 606 4.340000
 607 6.310000
 608 3.260000
 609 3.220000
 610 3.240000
 611 3.330000
 612 3.520000
 613 3.970000
 614 3.700000
 615 3.690000
 616 3.690000
 617 3.690000
 618 3.690000
 619 3.690000
 620 3.690000
 621 3.710000
 622 3.300000
 623 3.390000
 624 3.710000
 625 3.710000
 626 3.740000
 627 3.740000
 628 3.740000
 629 3.710000
 630 3.660000
 631 3.660000
 632 3.660000
 633 3.660000
 634 3.690000
 635 3.690000
 636 3.690000
 637 3.690000
 638 3.710000
 639 3.740000
 640 3.710000
 641 3.710000
 642 3.740000
 643 3.740000
 644 3.740000
 645 3.760000
 646 3.760000
 647 3.760000
 648 3.760000
 649 3.760000
 650 3.790000
 651 3.780000
 652 3.720000
 653 3.700000
 654 3.660000
 655 3.430000
 656 3.180000
 657 3.260000
 658 3.500000
 659 3.480000
 660 3.450000
 661 3.400000
 662 3.130000
 663 3.100000
 664 3.080000
 665 3.020000
 666 3.040000
 667 3.050000
 668 3.110000
 669 3.040000
 670 3.010000
 671 2.930000
 672 2.990000
 673 2.970000
 674 3.020000
 675 3.050000
 676 3.010000
 677 3.010000
 678 3.020000
 679 3.050000
 680 3.060000
 681 3.050000
 682 3.070000
 683 3.060000
 684 3.060000
 685 2.940000
 686 2.700000
 687 2.690000
 688 2.670000
 689 2.580000
 690 2.530000
 691 2.490000
 692 2.420000
 693 2.410000
 694 2.320000
 695 2.280000
 696 2.260000
 697 2.210000
 698 2.270000
 699 2.260000
 700 2.250000
 701 2.220000
 702 2.070000
 703 2.050000
 704 2.050000
 705 2.040000
 706 2.020000
 707 2.010000
 708 2.030000
 709 2.010000
 710 2.000000
 711 2.030000
 712 2.010000
 713 2.010000
 714 2.010000
 715 2.040000
 716 2.020000
 717 2.020000
 718 2.020000
 719 2.050000
 720 2.030000
 721 2.030000
 722 2.030000
 723 2.060000
 724 2.060000
 725 2.090000
 726 2.060000
 727 2.010000
 728 1.990000
 729 1.990000
 730 1.990000
 731 1.950000
 732 1.940000
 733 1.770000
 734 1.850000
 735 1.850000
 736 1.720000
 737 1.730000
 738 1.850000
 739 1.850000
 740 1.720000
 741 1.680000
 742 1.700000
 743 1.800000
 744 1.680000
 745 1.770000
 746 1.750000
 747 1.770000
 748 1.750000
 749 1.720000
 750 1.700000
 751 1.720000
 752 1.670000
 753 1.700000
 754 1.670000
 755 1.650000
 756 1.620000
 757 1.650000
 758 1.520000
 759 1.520000
 760 1.530000