
 0 2.410000
 1 2.360000
 2 2.280000
 3 2.230000
 4 2.210000
 5 2.130000
 6 2.080000
 7 2.080000
 8 2.050000
 9 2.050000
 10 2.050000
 11 2.050000
 12 2.060000
 13 2.390000
 14 2.430000
 15 2.380000
 16 2.380000
 17 2.450000
 18 2.490000
 19 2.460000
 20 2.430000
 21 2.440000
 22 2.440000
 23 2.560000
 24 2.530000
 25 2.480000
 26 2.460000
 27 2.480000
 28 2.540000
 29 2.530000
 30 2.530000
 31 2.480000
 32 2.430000
 33 2.510000
 34 2.480000
 35 2.450000
 36 2.530000
 37 2.520000
 38 2.520000
 39 2.560000
 40 2.830000
 41 2.860000
 42 2.860000
 43 2.860000
 44 2.860000
 45 2.860000
 46 2.880000
 47 2.880000
 48 2.860000
 49 2.880000
 50 2.880000
 51 2.910000
 52 2.910000
 53 2.910000
 54 2.180000
 55 2.260000
 56 2.230000
 57 2.240000
 58 2.250000
 59 2.290000
 60 2.230000
 61 2.350000
 62 2.300000
 63 2.330000
 64 2.230000
 65 2.380000
 66 2.430000
 67 2.380000
 68 2.380000
 69 2.350000
 70 2.370000
 71 2.320000
 72 2.340000
 73 2.350000
 74 2.430000
 75 2.310000
 76 2.380000
 77 2.400000
 78 2.280000
 79 2.430000
 80 2.350000
 81 2.300000
 82 2.350000
 83 2.350000
 84 2.350000
 85 2.280000
 86 2.300000
 87 2.170000
 88 2.170000
 89 2.180000
 90 2.280000
 91 2.180000
 92 2.250000
 93 2.280000
 94 2.200000
 95 2.180000
 96 2.180000
 97 2.250000
 98 2.190000
 99 2.150000
 100 2.130000
 101 2.170000
 102 2.230000
 103 2.130000
 104 2.220000
 105 2.280000
 106 2.230000
 107 2.230000
 108 2.270000
 109 2.230000
 110 2.280000
 111 2.180000
 112 2.280000
 113 2.280000
 114 2.240000
 115 2.260000
 116 2.270000
 117 2.260000
 118 2.300000
 119 2.290000
 120 2.320000
 121 2.350000
 122 2.380000
 123 2.420000
 124 2.460000
 125 2.480000
 126 2.580000
 127 2.520000
 128 2.570000
 129 2.590000
 130 2.590000
 131 2.650000
 132 2.700000
 133 2.700000
 134 2.750000
 135 2.780000
 136 2.800000
 137 2.780000
 138 2.780000
 139 2.790000
 140 2.810000
 141 2.790000
 142 2.840000
 143 2.870000
 144 2.880000
 145 2.880000
 146 2.900000
 147 2.920000
 148 2.950000
 149 2.980000
 150 2.980000
 151 3.000000
 152 3.050000
 153 3.050000
 154 3.060000
 155 3.110000
 156 3.130000
 157 3.130000
 158 3.180000
 159 3.210000
 160 3.180000
 161 3.210000
 162 3.210000
 163 3.230000
 164 3.230000
 165 3.230000
 166 3.260000
 167 3.260000
 168 3.280000
 169 3.330000
 170 3.350000
 171 3.350000
 172 3.350000
 173 3.380000
 174 3.400000
 175 3.360000
 176 3.380000
 177 3.430000
 178 3.400000
 179 3.430000
 180 3.470000
 181 3.490000
 182 3.530000
 183 3.580000
 184 3.740000
 185 3.770000
 186 3.800000
 187 3.800000
 188 3.770000
 189 3.790000
 190 3.820000
 191 3.820000
 192 3.880000
 193 3.840000
 194 3.900000
 195 3.800000
 196 3.800000
 197 3.800000
 198 3.830000
 199 3.980000
 200 4.030000
 201 4.000000
 202 4.000000
 203 4.030000
 204 4.030000
 205 4.050000
 206 4.060000
 207 3.990000
 208 3.970000
 209 3.940000
 210 3.950000
 211 3.970000
 212 4.010000
 213 3.970000
 214 3.960000
 215 3.880000
 216 3.950000
 217 2.590000
 218 2.520000
 219 2.480000
 220 2.450000
 221 2.410000
 222 2.400000
 223 2.350000
 224 2.330000
 225 2.300000
 226 1.710000
 227 1.680000
 228 1.650000
 229 1.660000
 230 1.650000
 231 1.650000
 232 1.650000
 233 1.650000
 234 1.660000
 235 1.630000
 236 1.650000
 237 1.640000
 238 1.630000
 239 1.650000
 240 1.630000
 241 1.630000
 242 1.610000
 243 1.620000
 244 1.620000
 245 1.610000
 246 1.610000
 247 1.640000
 248 1.680000
 249 1.670000
 250 1.750000
 251 1.730000
 252 1.730000
 253 1.760000
 254 1.820000
 255 2.330000
 256 2.360000
 257 2.350000
 258 2.350000
 259 2.550000
 260 2.670000
 261 2.670000
 262 2.670000
 263 2.640000
 264 2.640000
 265 2.640000
 266 2.670000
 267 2.630000
 268 2.680000
 269 2.660000
 270 2.680000
 271 2.680000
 272 2.680000
 273 2.690000
 274 2.630000
 275 2.650000
 276 2.650000
 277 2.680000
 278 1.490000
 279 1.470000
 280 1.480000
 281 1.480000
 282 1.480000
 283 1.480000
 284 1.480000
 285 1.480000
 286 1.450000
 287 1.480000
 288 1.450000
 289 1.460000
 290 1.500000
 291 1.530000
 292 1.660000
 293 1.820000
 294 1.830000
 295 1.830000
 296 1.800000
 297 1.830000
 298 1.800000
 299 1.810000
 300 1.840000
 301 1.930000
 302 2.180000
 303 2.180000
 304 2.150000
 305 2.180000
 306 2.170000
 307 2.180000
 308 2.280000
 309 1.400000
 310 1.400000
 311 1.400000
 312 1.380000
 313 1.400000
 314 1.400000
 315 1.400000
 316 1.380000
 317 1.400000
 318 1.400000
 319 1.400000
 320 1.380000
 321 1.400000
 322 1.400000
 323 1.400000
 324 1.400000
 325 1.400000
 326 1.400000
 327 1.400000
 328 1.400000
 329 1.400000
 330 1.400000
 331 1.400000
 332 1.380000
 333 1.400000
 334 1.400000
 335 1.380000
 336 1.380000
 337 1.380000
 338 1.380000
 339 1.380000
 340 1.380000
 341 1.400000
 342 1.380000
 343 1.400000
 344 1.380000
 345 1.450000
 346 3.560000
 347 3.560000
 348 3.490000
 349 3.530000
 350 3.470000
 351 3.480000
 352 3.510000
 353 3.510000
 354 3.520000
 355 3.440000
 356 3.440000
 357 3.490000
 358 2.220000
 359 2.150000
 360 2.140000
 361 2.140000
 362 1.880000
 363 1.780000
 364 1.770000
 365 1.790000
 366 1.770000
 367 1.580000
 368 1.430000
 369 1.450000
 370 1.430000
 371 1.430000
 372 1.450000
 373 1.440000
 374 1.420000
 375 1.450000
 376 1.420000
 377 1.450000
 378 1.450000
 379 1.430000
 380 1.440000
 381 3.480000
 382 3.450000
 383 4.600000
 384 4.650000
 385 4.630000
 386 4.640000
 387 4.640000
 388 4.600000
 389 4.630000
 390 4.450000
 391 4.450000
 392 4.630000
 393 4.190000
 394 4.130000
 395 4.630000
 396 4.600000
 397 4.650000
 398 4.630000
 399 4.650000
 400 4.650000
 401 4.630000
 402 4.650000
 403 4.650000
 404 4.650000
 405 4.680000
 406 4.680000
 407 4.680000
 408 4.710000
 409 1.490000
 410 1.430000
 411 1.410000
 412 1.400000
 413 1.380000
 414 1.380000
 415 1.410000
 416 1.410000
 417 1.410000
 418 1.430000
 419 1.430000
 420 1.430000
 421 1.430000
 422 1.430000
 423 1.430000
 424 1.450000
 425 1.440000
 426 1.440000
 427 1.410000
 428 1.470000
 429 1.450000
 430 1.480000
 431 1.880000
 432 1.910000
 433 1.910000
 434 1.930000
 435 1.930000
 436 1.930000
 437 1.930000
 438 1.960000
 439 1.980000
 440 4.110000
 441 4.080000
 442 4.110000
 443 4.110000
 444 4.130000
 445 4.120000
 446 1.680000
 447 1.650000
 448 1.630000
 449 1.630000
 450 1.600000
 451 1.580000
 452 1.580000
 453 1.610000
 454 1.610000
 455 1.610000
 456 1.610000
 457 1.610000
 458 1.610000
 459 1.630000
 460 2.740000
 461 2.690000
 462 2.600000
 463 2.620000
 464 2.620000
 465 2.620000
 466 4.210000
 467 4.210000
 468 4.230000
 469 4.230000
 470 4.210000
 471 4.230000
 472 4.260000
 473 4.230000
 474 4.230000
 475 4.180000
 476 4.150000
 477 4.100000
 478 4.080000
 479 4.080000
 480 4.080000
 481 4.080000
 482 4.080000
 483 3.990000
 484 4.000000
 485 3.430000
 486 3.430000
 487 3.400000
 488 3.380000
 489 3.130000
 490 3.090000
 491 3.080000
 492 4.020000
 493 3.100000
 494 3.160000
 495 4.090000
 496 4.140000
 497 3.710000
 498 3.680000
 499 3.570000
 500 3.550000
 501 3.570000
 502 2.930000
 503 2.890000
 504 2.880000
 505 2.850000
 506 2.840000
 507 2.810000
 508 2.830000
 509 3.640000
 510 3.690000
 511 3.750000
 512 3.730000
 513 3.730000
 514 3.710000
 515 3.710000
 516 3.680000
 517 3.680000
 518 3.660000
 519 3.660000
 520 3.660000
 521 3.660000
 522 3.630000
 523 3.610000
 524 3.610000
 525 3.610000
 526 3.580000
 527 3.580000
 528 3.560000
 529 3.560000
 530 3.560000
 531 3.530000
 532 3.530000
 533 3.520000
 534 3.510000
 535 3.510000
 536 3.480000
 537 3.480000
 538 3.480000
 539 3.480000
 540 3.460000
 541 3.460000
 542 3.460000
 543 3.440000
 544 3.440000
 545 3.440000
 546 3.440000
 547 3.440000
 548 3.410000
 549 3.410000
 550 3.430000
 551 4.390000
 552 4.370000
 553 4.340000
 554 4.340000
 555 4.340000
 556 4.080000
 557 4.030000
 558 4.050000
 559 4.170000
 560 4.290000
 561 4.270000
 562 4.250000
 563 4.280000
 564 4.240000
 565 4.240000
 566 4.220000
 567 4.220000
 568 4.220000
 569 4.190000
 570 4.170000
 571 4.190000
 572 4.190000
 573 4.140000
 574 4.170000
 575 4.120000
 576 4.130000
 577 4.090000
 578 4.120000
 579 3.100000
 580 3.120000
 581 3.080000
 582 4.090000
 583 4.070000
 584 4.070000
 585 4.070000
 586 4.080000
 587 4.050000
 588 4.050000
 589 4.050000
 590 4.030000
 591 4.000000
 592 4.000000
 593 4.000000
 594 4.000000
 595 3.990000
 596 3.240000
 597 3.180000
 598 3.150000
 599 3.160000
 600 3.180000
 601 3.150000
 602 3.190000
 603 3.190000
 604 3.220000
 605 3.190000
 606 3.160000
 607 3.190000
 608 3.190000
 609 3.170000
 610 3.140000
 611 3.190000
 612 3.080000
 613 3.160000
 614 3.050000
 615 3.150000
 616 3.050000
 617 3.150000
 618 3.130000
 619 3.050000
 620 3.050000
 621 3.050000
 622 3.020000
 623 3.000000
 624 3.090000
 625 3.000000
 626 3.080000
 627 3.070000
 628 3.060000
 629 3.070000
 630 3.080000
 631 3.000000
 632 3.070000
 633 3.070000
 634 3.060000
 635 3.060000
 636 3.150000
 637 3.000000
 638 3.110000
 639 3.050000
 640 3.050000
 641 3.050000
 642 3.100000
 643 3.050000
 644 3.100000
 645 3.080000
 646 3.110000
 647 3.100000
 648 3.130000
 649 3.100000
 650 3.130000
 651 3.140000
 652 3.230000
 653 3.230000
 654 3.250000
 655 3.270000
 656 3.180000
 657 3.180000
 658 3.280000
 659 3.250000
 660 3.280000
 661 3.330000
 662 3.290000
 663 3.310000
 664 3.300000
 665 3.300000
 666 3.300000
 667 3.330000
 668 3.320000
 669 3.330000
 670 3.350000
 671 3.370000
 672 3.360000
 673 3.380000
 674 3.360000
 675 3.350000
 676 3.340000
 677 3.370000
 678 3.360000
 679 3.380000
 680 3.410000
 681 3.410000
 682 3.410000
 683 3.380000
 684 3.410000
 685 3.380000
 686 3.410000
 687 3.290000
 688 3.320000
 689 6.300000
 690 4.560000
 691 4.300000
 692 4.270000
 693 4.330000
 694 3.240000
 695 3.240000
 696 3.220000
 697 3.230000
 698 3.520000
 699 3.620000
 700 3.850000
 701 3.690000
 702 3.710000
 703 3.710000
 704 3.710000
 705 3.710000
 706 3.730000
 707 3.710000
 708 3.710000
 709 3.360000
 710 3.710000
 711 3.710000
 712 3.730000
 713 3.730000
 714 3.760000
 715 3.730000
 716 3.730000
 717 3.680000
 718 3.680000
 719 3.680000
 720 3.680000
 721 3.680000
 722 3.710000
 723 3.710000
 724 3.730000
 725 3.730000
 726 3.730000
 727 3.730000
 728 3.730000
 729 3.730000
 730 3.730000
 731 3.760000
 732 3.780000
 733 3.780000
 734 3.780000
 735 3.810000
 736 3.810000
 737 3.810000
 738 3.770000
 739 3.750000
 740 3.690000
 741 3.660000
 742 3.230000
 743 3.220000
 744 3.250000
 745 3.500000
 746 3.480000
 747 3.430000
 748 3.120000
 749 3.070000
 750 3.130000
 751 3.150000
 752 3.100000
 753 3.040000
 754 3.050000
 755 3.080000
 756 3.230000
 757 2.980000
 758 2.950000
 759 3.090000
 760 3.070000
 0 2.410000
 1 2.360000
 2 2.310000
 3 2.230000
 4 2.180000
 5 2.130000
 6 2.110000
 7 2.050000
 8 2.050000
 9 2.050000
 10 2.050000
 11 2.050000
 12 2.060000
 13 2.390000
 14 2.400000
 15 2.400000
 16 2.380000
 17 2.430000
 18 2.490000
 19 2.460000
 20 2.430000
 21 2.430000
 22 2.450000
 23 2.560000
 24 2.530000
 25 2.510000
 26 2.490000
 27 2.510000
 28 2.540000
 29 2.530000
 30 2.530000
 31 2.480000
 32 2.460000
 33 2.490000
 34 2.480000
 35 2.450000
 36 2.530000
 37 2.520000
 38 2.540000
 39 2.540000
 40 2.830000
 41 2.830000
 42 2.860000
 43 2.860000
 44 2.860000
 45 2.880000
 46 2.860000
 47 2.860000
 48 2.880000
 49 2.910000
 50 2.880000
 51 2.880000
 52 2.880000
 53 2.910000
 54 2.210000
 55 2.260000
 56 2.230000
 57 2.210000
 58 2.250000
 59 2.290000
 60 2.230000
 61 2.350000
 62 2.300000
 63 2.300000
 64 2.250000
 65 2.350000
 66 2.400000
 67 2.380000
 68 2.380000
 69 2.350000
 70 2.340000
 71 2.310000
 72 2.320000
 73 2.350000
 74 2.400000
 75 2.280000
 76 2.380000
 77 2.400000
 78 2.280000
 79 2.430000
 80 2.380000
 81 2.270000
 82 2.380000
 83 2.330000
 84 2.330000
 85 2.300000
 86 2.300000
 87 2.180000
 88 2.170000
 89 2.180000
 90 2.280000
 91 2.130000
 92 2.250000
 93 2.250000
 94 2.230000
 95 2.170000
 96 2.190000
 97 2.130000
 98 2.180000
 99 2.100000
 100 2.130000
 101 2.170000
 102 2.250000
 103 2.150000
 104 2.220000
 105 2.250000
 106 2.230000
 107 2.230000
 108 2.270000
 109 2.250000
 110 2.250000
 111 2.180000
 112 2.300000
 113 2.270000
 114 2.240000
 115 2.230000
 116 2.270000
 117 2.260000
 118 2.280000
 119 2.290000
 120 2.320000
 121 2.330000
 122 2.380000
 123 2.420000
 124 2.430000
 125 2.480000
 126 2.580000
 127 2.520000
 128 2.570000
 129 2.590000
 130 2.620000
 131 2.680000
 132 2.700000
 133 2.730000
 134 2.750000
 135 2.750000
 136 2.780000
 137 2.800000
 138 2.780000
 139 2.790000
 140 2.790000
 141 2.810000
 142 2.810000
 143 2.870000
 144 2.880000
 145 2.900000
 146 2.900000
 147 2.920000
 148 2.950000
 149 2.950000
 150 2.980000
 151 3.000000
 152 3.030000
 153 3.030000
 154 3.060000
 155 3.080000
 156 3.130000
 157 3.110000
 158 3.180000
 159 3.180000
 160 3.180000
 161 3.210000
 162 3.210000
 163 3.230000
 164 3.230000
 165 3.230000
 166 3.260000
 167 3.280000
 168 3.240000
 169 3.330000
 170 3.350000
 171 3.350000
 172 3.350000
 173 3.350000
 174 3.400000
 175 3.380000
 176 3.410000
 177 3.430000
 178 3.400000
 179 3.430000
 180 3.490000
 181 3.500000
 182 3.530000
 183 3.550000
 184 3.730000
 185 3.740000
 186 3.800000
 187 3.770000
 188 3.770000
 189 3.790000
 190 3.790000
 191 3.840000
 192 3.880000
 193 3.850000
 194 3.900000
 195 3.780000
 196 3.800000
 197 3.800000
 198 3.830000
 199 3.980000
 200 4.000000
 201 4.030000
 202 4.000000
 203 4.050000
 204 4.030000
 205 4.050000
 206 4.090000
 207 4.020000
 208 3.980000
 209 3.980000
 210 3.980000
 211 3.960000
 212 4.010000
 213 3.960000
 214 3.960000
 215 3.880000
 216 3.950000
 217 2.600000
 218 2.490000
 219 2.510000
 220 2.480000
 221 2.430000
 222 2.380000
 223 2.380000
 224 2.330000
 225 2.280000
 226 1.710000
 227 1.680000
 228 1.680000
 229 1.680000
 230 1.680000
 231 1.650000
 232 1.650000
 233 1.650000
 234 1.650000
 235 1.650000
 236 1.660000
 237 1.640000
 238 1.650000
 239 1.620000
 240 1.630000
 241 1.610000
 242 1.610000
 243 1.620000
 244 1.620000
 245 1.620000
 246 1.630000
 247 1.630000
 248 1.660000
 249 1.670000
 250 1.730000
 251 1.730000
 252 1.730000
 253 1.770000
 254 1.810000
 255 2.340000
 256 2.350000
 257 2.320000
 258 2.350000
 259 2.550000
 260 2.670000
 261 2.680000
 262 2.670000
 263 2.640000
 264 2.670000
 265 2.640000
 266 2.630000
 267 2.650000
 268 2.680000
 269 2.660000
 270 2.680000
 271 2.650000
 272 2.680000
 273 2.690000
 274 2.630000
 275 2.650000
 276 2.680000
 277 2.650000
 278 1.460000
 279 1.490000
 280 1.480000
 281 1.450000
 282 1.480000
 283 1.450000
 284 1.480000
 285 1.480000
 286 1.480000
 287 1.450000
 288 1.450000
 289 1.460000
 290 1.500000
 291 1.500000
 292 1.660000
 293 1.820000
 294 1.830000
 295 1.800000
 296 1.830000
 297 1.820000
 298 1.800000
 299 1.780000
 300 1.840000
 301 1.910000
 302 2.150000
 303 2.180000
 304 2.170000
 305 2.170000
 306 2.170000
 307 2.180000
 308 2.280000
 309 1.430000
 310 1.400000
 311 1.400000
 312 1.430000
 313 1.400000
 314 1.400000
 315 1.400000
 316 1.400000
 317 1.400000
 318 1.400000
 319 1.380000
 320 1.380000
 321 1.400000
 322 1.400000
 323 1.400000
 324 1.400000
 325 1.410000
 326 1.400000
 327 1.400000
 328 1.400000
 329 1.400000
 330 1.380000
 331 1.400000
 332 1.400000
 333 1.380000
 334 1.400000
 335 1.370000
 336 1.400000
 337 1.390000
 338 1.400000
 339 1.380000
 340 1.380000
 341 1.380000
 342 1.400000
 343 1.380000
 344 1.400000
 345 1.360000
 346 3.560000
 347 3.550000
 348 3.520000
 349 3.500000
 350 3.440000
 351 3.480000
 352 3.500000
 353 3.490000
 354 3.520000
 355 3.440000
 356 3.450000
 357 3.460000
 358 2.190000
 359 2.150000
 360 2.140000
 361 2.140000
 362 1.910000
 363 1.780000
 364 1.770000
 365 1.770000
 366 1.770000
 367 1.580000
 368 1.450000
 369 1.450000
 370 1.450000
 371 1.450000
 372 1.450000
 373 1.440000
 374 1.440000
 375 1.450000
 376 1.420000
 377 1.430000
 378 1.430000
 379 1.450000
 380 1.450000
 381 3.500000
 382 3.450000
 383 4.600000
 384 4.630000
 385 4.630000
 386 4.640000
 387 4.630000
 388 4.630000
 389 4.630000
 390 4.450000
 391 4.430000
 392 4.630000
 393 4.190000
 394 4.150000
 395 4.600000
 396 4.630000
 397 4.630000
 398 4.630000
 399 4.650000
 400 4.630000
 401 4.630000
 402 4.650000
 403 4.650000
 404 4.650000
 405 4.650000
 406 4.650000
 407 4.680000
 408 4.690000
 409 1.490000
 410 1.400000
 411 1.410000
 412 1.410000
 413 1.410000
 414 1.410000
 415 1.410000
 416 1.410000
 417 1.410000
 418 1.410000
 419 1.430000
 420 1.400000
 421 1.430000
 422 1.400000
 423 1.450000
 424 1.430000
 425 1.440000
 426 1.420000
 427 1.440000
 428 1.440000
 429 1.480000
 430 1.480000
 431 1.850000
 432 1.910000
 433 1.910000
 434 1.930000
 435 1.930000
 436 1.930000
 437 1.930000
 438 1.930000
 439 1.980000
 440 4.110000
 441 4.080000
 442 4.110000
 443 4.110000
 444 4.110000
 445 4.130000
 446 1.680000
 447 1.630000
 448 1.630000
 449 1.600000
 450 1.580000
 451 1.610000
 452 1.610000
 453 1.610000
 454 1.610000
 455 1.610000
 456 1.610000
 457 1.610000
 458 1.630000
 459 1.630000
 460 2.740000
 461 2.660000
 462 2.600000
 463 2.590000
 464 2.590000
 465 2.640000
 466 4.210000
 467 4.210000
 468 4.210000
 469 4.210000
 470 4.230000
 471 4.210000
 472 4.230000
 473 4.230000
 474 4.260000
 475 4.180000
 476 4.150000
 477 4.080000
 478 4.080000
 479 4.080000
 480 4.080000
 481 4.080000
 482 4.050000
 483 3.990000
 484 3.990000
 485 3.430000
 486 3.430000
 487 3.400000
 488 3.350000
 489 3.130000
 490 3.090000
 491 3.080000
 492 4.020000
 493 3.100000
 494 3.160000
 495 4.080000
 496 4.160000
 497 3.730000
 498 3.670000
 499 3.550000
 500 3.570000
 501 3.590000
 502 2.910000
 503 2.890000
 504 2.880000
 505 2.820000
 506 2.810000
 507 2.810000
 508 2.810000
 509 3.610000
 510 3.730000
 511 3.750000
 512 3.730000
 513 3.730000
 514 3.710000
 515 3.680000
 516 3.680000
 517 3.680000
 518 3.680000
 519 3.660000
 520 3.660000
 521 3.630000
 522 3.630000
 523 3.610000
 524 3.610000
 525 3.610000
 526 3.610000
 527 3.580000
 528 3.560000
 529 3.560000
 530 3.560000
 531 3.560000
 532 3.530000
 533 3.540000
 534 3.510000
 535 3.520000
 536 3.480000
 537 3.510000
 538 3.480000
 539 3.480000
 540 3.460000
 541 3.470000
 542 3.430000
 543 3.430000
 544 3.440000
 545 3.440000
 546 3.420000
 547 3.420000
 548 3.420000
 549 3.410000
 550 3.400000
 551 4.370000
 552 4.390000
 553 4.370000
 554 4.340000
 555 4.350000
 556 4.080000
 557 4.060000
 558 4.050000
 559 4.170000
 560 4.290000
 561 4.270000
 562 4.280000
 563 4.240000
 564 4.240000
 565 4.220000
 566 4.240000
 567 4.220000
 568 4.190000
 569 4.190000
 570 4.190000
 571 4.190000
 572 4.170000
 573 4.170000
 574 4.140000
 575 4.120000
 576 4.130000
 577 4.120000
 578 4.120000
 579 3.130000
 580 3.120000
 581 3.100000
 582 4.090000
 583 4.080000
 584 4.050000
 585 4.050000
 586 4.040000
 587 4.050000
 588 4.050000
 589 4.050000
 590 4.030000
 591 4.000000
 592 4.000000
 593 4.000000
 594 4.000000
 595 3.990000
 596 3.240000
 597 3.180000
 598 3.160000
 599 3.190000
 600 3.180000
 601 3.180000
 602 3.190000
 603 3.190000
 604 3.190000
 605 3.160000
 606 3.160000
 607 3.170000
 608 3.170000
 609 3.170000
 610 3.140000
 611 3.190000
 612 3.050000
 613 3.190000
 614 3.050000
 615 3.180000
 616 3.160000
 617 3.120000
 618 3.130000
 619 3.050000
 620 3.020000
 621 3.030000
 622 3.000000
 623 3.030000
 624 3.100000
 625 3.000000
 626 3.060000
 627 3.040000
 628 3.060000
 629 3.050000
 630 3.070000
 631 3.080000
 632 3.070000
 633 3.060000
 634 3.040000
 635 3.090000
 636 3.130000
 637 3.000000
 638 3.090000
 639 3.060000
 640 3.070000
 641 3.050000
 642 3.080000
 643 3.100000
 644 3.100000
 645 3.070000
 646 3.100000
 647 3.130000
 648 3.150000
 649 3.100000
 650 3.110000
 651 3.120000
 652 3.230000
 653 3.230000
 654 3.250000
 655 3.250000
 656 3.180000
 657 3.150000
 658 3.270000
 659 3.250000
 660 3.260000
 661 3.300000
 662 3.310000
 663 3.310000
 664 3.320000
 665 3.300000
 666 3.300000
 667 3.330000
 668 3.320000
 669 3.350000
 670 3.350000
 671 3.350000
 672 3.360000
 673 3.360000
 674 3.330000
 675 3.370000
 676 3.370000
 677 3.350000
 678 3.380000
 679 3.380000
 680 3.410000
 681 3.410000
 682 3.430000
 683 3.410000
 684 3.410000
 685 3.380000
 686 3.430000
 687 3.350000
 688 3.300000
 689 6.270000
 690 4.550000
 691 4.290000
 692 4.280000
 693 4.290000
 694 3.220000
 695 3.240000
 696 3.220000
 697 3.220000
 698 3.490000
 699 3.620000
 700 3.850000
 701 3.720000
 702 3.710000
 703 3.710000
 704 3.710000
 705 3.710000
 706 3.710000
 707 3.730000
 708 3.710000
 709 3.360000
 710 3.710000
 711 3.710000
 712 3.730000
 713 3.730000
 714 3.730000
 715 3.730000
 716 3.760000
 717 3.680000
 718 3.680000
 719 3.710000
 720 3.710000
 721 3.680000
 722 3.710000
 723 3.710000
 724 3.710000
 725 3.730000
 726 3.730000
 727 3.730000
 728 3.730000
 729 3.760000
 730 3.760000
 731 3.760000
 732 3.760000
 733 3.780000
 734 3.780000
 735 3.780000
 736 3.810000
 737 3.810000
 738 3.760000
 739 3.750000
 740 3.690000
 741 3.660000
 742 3.240000
 743 3.220000
 744 3.250000
 745 3.500000
 746 3.500000
 747 3.430000
 748 3.120000
 749 3.070000
 750 3.130000
 751 3.150000
 752 3.100000
 753 3.040000
 754 3.050000
 755 3.080000
 756 3.250000
 757 3.010000
 758 2.950000
 759 3.090000
 760 3.040000
 0 2.430000
 1 2.360000
 2 2.280000
 3 2.260000
 4 2.210000
 5 2.130000
 6 2.110000
 7 2.050000
 8 2.050000
 9 2.080000
 10 2.050000
 11 2.050000
 12 2.060000
 13 2.370000
 14 2.430000
 15 2.380000
 16 2.380000
 17 2.450000
 18 2.490000
 19 2.480000
 20 2.430000
 21 2.440000
 22 2.450000
 23 2.560000
 24 2.530000
 25 2.510000
 26 2.490000
 27 2.510000
 28 2.520000
 29 2.530000
 30 2.530000
 31 2.480000
 32 2.460000
 33 2.490000
 34 2.480000
 35 2.450000
 36 2.530000
 37 2.520000
 38 2.510000
 39 2.540000
 40 2.830000
 41 2.830000
 42 2.830000
 43 2.860000
 44 2.860000
 45 2.860000
 46 2.880000
 47 2.860000
 48 2.880000
 49 2.880000
 50 2.880000
 51 2.910000
 52 2.910000
 53 2.910000
 54 2.190000
 55 2.260000
 56 2.210000
 57 2.210000
 58 2.250000
 59 2.290000
 60 2.230000
 61 2.330000
 62 2.330000
 63 2.330000
 64 2.230000
 65 2.380000
 66 2.370000
 67 2.380000
 68 2.380000
 69 2.350000
 70 2.340000
 71 2.290000
 72 2.340000
 73 2.380000
 74 2.400000
 75 2.260000
 76 2.350000
 77 2.400000
 78 2.280000
 79 2.430000
 80 2.400000
 81 2.270000
 82 2.380000
 83 2.350000
 84 2.350000
 85 2.280000
 86 2.330000
 87 2.200000
 88 2.150000
 89 2.150000
 90 2.280000
 91 2.150000
 92 2.250000
 93 2.280000
 94 2.200000
 95 2.180000
 96 2.180000
 97 2.250000
 98 2.180000
 99 2.120000
 100 2.130000
 101 2.170000
 102 2.230000
 103 2.130000
 104 2.220000
 105 2.250000
 106 2.230000
 107 2.250000
 108 2.270000
 109 2.250000
 110 2.280000
 111 2.180000
 112 2.280000
 113 2.250000
 114 2.260000
 115 2.260000
 116 2.250000
 117 2.260000
 118 2.270000
 119 2.300000
 120 2.310000
 121 2.360000
 122 2.350000
 123 2.390000
 124 2.460000
 125 2.500000
 126 2.550000
 127 2.540000
 128 2.590000
 129 2.590000
 130 2.590000
 131 2.650000
 132 2.700000
 133 2.700000
 134 2.750000
 135 2.780000
 136 2.780000
 137 2.780000
 138 2.800000
 139 2.790000
 140 2.760000
 141 2.810000
 142 2.810000
 143 2.840000
 144 2.880000
 145 2.880000
 146 2.930000
 147 2.890000
 148 2.930000
 149 2.940000
 150 2.980000
 151 3.000000
 152 3.030000
 153 3.030000
 154 3.060000
 155 3.080000
 156 3.130000
 157 3.130000
 158 3.160000
 159 3.180000
 160 3.160000
 161 3.210000
 162 3.180000
 163 3.230000
 164 3.230000
 165 3.260000
 166 3.260000
 167 3.280000
 168 3.270000
 169 3.330000
 170 3.330000
 171 3.350000
 172 3.350000
 173 3.380000
 174 3.400000
 175 3.360000
 176 3.380000
 177 3.430000
 178 3.430000
 179 3.410000
 180 3.490000
 181 3.520000
 182 3.530000
 183 3.590000
 184 3.730000
 185 3.770000
 186 3.800000
 187 3.770000
 188 3.770000
 189 3.790000
 190 3.820000
 191 3.840000
 192 3.850000
 193 3.840000
 194 3.900000
 195 3.780000
 196 3.800000
 197 3.800000
 198 3.800000
 199 3.980000
 200 4.000000
 201 4.030000
 202 4.030000
 203 4.050000
 204 4.030000
 205 4.050000
 206 4.080000
 207 3.970000
 208 3.980000
 209 3.980000
 210 3.980000
 211 3.990000
 212 4.010000
 213 3.950000
 214 3.930000
 215 3.880000
 216 3.930000
 217 2.590000
 218 2.520000
 219 2.510000
 220 2.480000
 221 2.430000
 222 2.400000
 223 2.380000
 224 2.330000
 225 2.300000
 226 1.680000
 227 1.660000
 228 1.680000
 229 1.680000
 230 1.630000
 231 1.650000
 232 1.630000
 233 1.650000
 234 1.650000
 235 1.630000
 236 1.630000
 237 1.630000
 238 1.650000
 239 1.620000
 240 1.630000
 241 1.630000
 242 1.610000
 243 1.620000
 244 1.620000
 245 1.610000
 246 1.630000
 247 1.630000
 248 1.650000
 249 1.680000
 250 1.730000
 251 1.740000
 252 1.730000
 253 1.740000
 254 1.830000
 255 2.340000
 256 2.320000
 257 2.350000
 258 2.350000
 259 2.550000
 260 2.670000
 261 2.660000
 262 2.660000
 263 2.670000
 264 2.670000
 265 2.670000
 266 2.630000
 267 2.630000
 268 2.650000
 269 2.660000
 270 2.650000
 271 2.650000
 272 2.650000
 273 2.690000
 274 2.630000
 275 2.650000
 276 2.650000
 277 2.650000
 278 1.490000
 279 1.470000
 280 1.480000
 281 1.480000
 282 1.480000
 283 1.480000
 284 1.480000
 285 1.480000
 286 1.480000
 287 1.480000
 288 1.480000
 289 1.480000
 290 1.500000
 291 1.500000
 292 1.660000
 293 1.820000
 294 1.830000
 295 1.800000
 296 1.800000
 297 1.830000
 298 1.800000
 299 1.810000
 300 1.840000
 301 1.930000
 302 2.170000
 303 2.180000
 304 2.180000
 305 2.180000
 306 2.190000
 307 2.180000
 308 2.280000
 309 1.430000
 310 1.400000
 311 1.400000
 312 1.400000
 313 1.400000
 314 1.400000
 315 1.400000
 316 1.380000
 317 1.400000
 318 1.380000
 319 1.400000
 320 1.400000
 321 1.400000
 322 1.400000
 323 1.380000
 324 1.380000
 325 1.380000
 326 1.380000
 327 1.400000
 328 1.380000
 329 1.380000
 330 1.400000
 331 1.400000
 332 1.380000
 333 1.400000
 334 1.400000
 335 1.400000
 336 1.370000
 337 1.380000
 338 1.380000
 339 1.380000
 340 1.410000
 341 1.380000
 342 1.380000
 343 1.400000
 344 1.380000
 345 1.450000
 346 3.560000
 347 3.550000
 348 3.490000
 349 3.530000
 350 3.440000
 351 3.480000
 352 3.510000
 353 3.490000
 354 3.490000
 355 3.470000
 356 3.470000
 357 3.460000
 358 2.250000
 359 2.150000
 360 2.120000
 361 2.140000
 362 1.880000
 363 1.780000
 364 1.770000
 365 1.790000
 366 1.790000
 367 1.580000
 368 1.450000
 369 1.450000
 370 1.450000
 371 1.450000
 372 1.450000
 373 1.440000
 374 1.420000
 375 1.450000
 376 1.450000
 377 1.450000
 378 1.430000
 379 1.440000
 380 1.470000
 381 3.480000
 382 3.420000
 383 4.630000
 384 4.630000
 385 4.630000
 386 4.640000
 387 4.630000
 388 4.630000
 389 4.650000
 390 4.450000
 391 4.440000
 392 4.630000
 393 4.160000
 394 4.120000
 395 4.630000
 396 4.630000
 397 4.630000
 398 4.630000
 399 4.630000
 400 4.630000
 401 4.630000
 402 4.650000
 403 4.650000
 404 4.650000
 405 4.680000
 406 4.680000
 407 4.680000
 408 4.690000
 409 1.490000
 410 1.400000
 411 1.410000
 412 1.410000
 413 1.410000
 414 1.380000
 415 1.410000
 416 1.410000
 417 1.410000
 418 1.410000
 419 1.410000
 420 1.400000
 421 1.400000
 422 1.430000
 423 1.430000
 424 1.450000
 425 1.440000
 426 1.440000
 427 1.440000
 428 1.470000
 429 1.480000
 430 1.450000
 431 1.880000
 432 1.910000
 433 1.910000
 434 1.930000
 435 1.910000
 436 1.930000
 437 1.930000
 438 1.960000
 439 1.980000
 440 4.110000
 441 4.110000
 442 4.110000
 443 4.110000
 444 4.110000
 445 4.120000
 446 1.640000
 447 1.630000
 448 1.630000
 449 1.600000
 450 1.580000
 451 1.580000
 452 1.580000
 453 1.610000
 454 1.610000
 455 1.630000
 456 1.630000
 457 1.610000
 458 1.610000
 459 1.630000
 460 2.740000
 461 2.690000
 462 2.630000
 463 2.590000
 464 2.590000
 465 2.620000
 466 4.210000
 467 4.210000
 468 4.210000
 469 4.210000
 470 4.210000
 471 4.230000
 472 4.230000
 473 4.260000
 474 4.230000
 475 4.180000
 476 4.130000
 477 4.080000
 478 4.080000
 479 4.080000
 480 4.080000
 481 4.080000
 482 4.080000
 483 3.990000
 484 3.980000
 485 3.400000
 486 3.400000
 487 3.400000
 488 3.350000
 489 3.130000
 490 3.090000
 491 3.110000
 492 4.040000
 493 3.100000
 494 3.160000
 495 4.080000
 496 4.160000
 497 3.710000
 498 3.700000
 499 3.580000
 500 3.550000
 501 3.590000
 502 2.900000
 503 2.880000
 504 2.880000
 505 2.850000
 506 2.840000
 507 2.810000
 508 2.810000
 509 3.630000
 510 3.730000
 511 3.750000
 512 3.730000
 513 3.710000
 514 3.710000
 515 3.710000
 516 3.680000
 517 3.660000
 518 3.660000
 519 3.660000
 520 3.660000
 521 3.630000
 522 3.630000
 523 3.610000
 524 3.610000
 525 3.610000
 526 3.580000
 527 3.580000
 528 3.560000
 529 3.560000
 530 3.560000
 531 3.530000
 532 3.530000
 533 3.530000
 534 3.510000
 535 3.510000
 536 3.480000
 537 3.510000
 538 3.480000
 539 3.480000
 540 3.460000
 541 3.460000
 542 3.460000
 543 3.460000
 544 3.440000
 545 3.420000
 546 3.420000
 547 3.420000
 548 3.410000
 549 3.420000
 550 3.430000
 551 4.390000
 552 4.390000
 553 4.370000
 554 4.370000
 555 4.340000
 556 4.050000
 557 4.080000
 558 4.080000
 559 4.190000
 560 4.290000
 561 4.300000
 562 4.250000
 563 4.270000
 564 4.240000
 565 4.240000
 566 4.220000
 567 4.220000
 568 4.190000
 569 4.190000
 570 4.190000
 571 4.170000
 572 4.170000
 573 4.170000
 574 4.170000
 575 4.120000
 576 4.130000
 577 4.120000
 578 4.120000
 579 3.100000
 580 3.140000
 581 3.080000
 582 4.090000
 583 4.070000
 584 4.070000
 585 4.080000
 586 4.080000
 587 4.050000
 588 4.050000
 589 4.050000
 590 4.030000
 591 4.000000
 592 4.000000
 593 4.030000
 594 4.000000
 595 3.970000
 596 3.270000
 597 3.180000
 598 3.150000
 599 3.170000
 600 3.180000
 601 3.190000
 602 3.160000
 603 3.170000
 604 3.220000
 605 3.170000
 606 3.160000
 607 3.190000
 608 3.220000
 609 3.160000
 610 3.170000
 611 3.170000
 612 3.080000
 613 3.160000
 614 3.050000
 615 3.180000
 616 3.030000
 617 3.130000
 618 3.130000
 619 3.030000
 620 3.050000
 621 3.080000
 622 3.020000
 623 3.000000
 624 3.100000
 625 3.030000
 626 3.070000
 627 3.040000
 628 3.060000
 629 3.050000
 630 3.060000
 631 3.060000
 632 3.070000
 633 3.030000
 634 3.030000
 635 3.060000
 636 3.130000
 637 3.000000
 638 3.090000
 639 3.060000
 640 3.060000
 641 3.050000
 642 3.080000
 643 3.130000
 644 3.100000
 645 3.100000
 646 3.100000
 647 3.130000
 648 3.130000
 649 3.100000
 650 3.110000
 651 3.140000
 652 3.230000
 653 3.230000
 654 3.250000
 655 3.250000
 656 3.150000
 657 3.280000
 658 3.250000
 659 3.250000
 660 3.290000
 661 3.300000
 662 3.290000
 663 3.290000
 664 3.300000
 665 3.320000
 666 3.300000
 667 3.330000
 668 3.320000
 669 3.350000
 670 3.350000
 671 3.350000
 672 3.340000
 673 3.360000
 674 3.360000
 675 3.360000
 676 3.370000
 677 3.340000
 678 3.360000
 679 3.360000
 680 3.410000
 681 3.410000
 682 3.430000
 683 3.380000
 684 3.380000
 685 3.380000
 686 3.300000
 687 3.320000
 688 3.350000
 689 6.300000
 690 4.560000
 691 4.300000
 692 4.280000
 693 4.320000
 694 3.220000
 695 3.230000
 696 3.220000
 697 3.240000
 698 3.520000
 699 3.590000
 700 3.850000
 701 3.720000
 702 3.710000
 703 3.710000
 704 3.710000
 705 3.710000
 706 3.710000
 707 3.710000
 708 3.710000
 709 3.360000
 710 3.710000
 711 3.730000
 712 3.730000
 713 3.730000
 714 3.730000
 715 3.760000
 716 3.760000
 717 3.680000
 718 3.680000
 719 3.680000
 720 3.710000
 721 3.710000
 722 3.710000
 723 3.710000
 724 3.710000
 725 3.730000
 726 3.730000
 727 3.730000
 728 3.730000
 729 3.760000
 730 3.760000
 731 3.760000
 732 3.760000
 733 3.780000
 734 3.760000
 735 3.780000
 736 3.780000
 737 3.780000
 738 3.770000
 739 3.740000
 740 3.690000
 741 3.660000
 742 3.260000
 743 3.240000
 744 3.250000
 745 3.500000
 746 3.500000
 747 3.430000
 748 3.120000
 749 3.090000
 750 3.100000
 751 3.180000
 752 3.100000
 753 3.040000
 754 3.050000
 755 3.100000
 756 3.230000
 757 2.990000
 758 2.950000
 759 3.090000
 760 3.040000
 0 2.410000
 1 2.360000
 2 2.280000
 3 2.260000
 4 2.180000
 5 2.130000
 6 2.080000
 7 2.050000
 8 2.050000
 9 2.050000
 10 2.080000
 11 2.050000
 12 2.090000
 13 2.390000
 14 2.400000
 15 2.410000
 16 2.380000
 17 2.430000
 18 2.490000
 19 2.480000
 20 2.430000
 21 2.460000
 22 2.420000
 23 2.530000
 24 2.510000
 25 2.480000
 26 2.490000
 27 2.480000
 28 2.520000
 29 2.530000
 30 2.500000
 31 2.480000
 32 2.460000
 33 2.510000
 34 2.480000
 35 2.430000
 36 2.530000
 37 2.500000
 38 2.510000
 39 2.560000
 40 2.860000
 41 2.830000
 42 2.830000
 43 2.830000
 44 2.860000
 45 2.860000
 46 2.860000
 47 2.880000
 48 2.880000
 49 2.880000
 50 2.880000
 51 2.910000
 52 2.910000
 53 2.880000
 54 2.160000
 55 2.250000
 56 2.210000
 57 2.230000
 58 2.250000
 59 2.310000
 60 2.230000
 61 2.350000
 62 2.330000
 63 2.330000
 64 2.250000
 65 2.380000
 66 2.370000
 67 2.380000
 68 2.380000
 69 2.350000
 70 2.340000
 71 2.280000
 72 2.340000
 73 2.350000
 74 2.400000
 75 2.280000
 76 2.380000
 77 2.400000
 78 2.280000
 79 2.400000
 80 2.380000
 81 2.270000
 82 2.380000
 83 2.350000
 84 2.350000
 85 2.280000
 86 2.330000
 87 2.200000
 88 2.170000
 89 2.180000
 90 2.280000
 91 2.130000
 92 2.250000
 93 2.250000
 94 2.200000
 95 2.180000
 96 2.180000
 97 2.250000
 98 2.170000
 99 2.120000
 100 2.100000
 101 2.160000
 102 2.250000
 103 2.130000
 104 2.240000
 105 2.250000
 106 2.230000
 107 2.250000
 108 2.270000
 109 2.230000
 110 2.250000
 111 2.180000
 112 2.280000
 113 2.270000
 114 2.240000
 115 2.230000
 116 2.270000
 117 2.260000
 118 2.270000
 119 2.290000
 120 2.330000
 121 2.350000
 122 2.380000
 123 2.420000
 124 2.430000
 125 2.480000
 126 2.550000
 127 2.540000
 128 2.570000
 129 2.620000
 130 2.620000
 131 2.650000
 132 2.700000
 133 2.700000
 134 2.780000
 135 2.780000
 136 2.800000
 137 2.780000
 138 2.800000
 139 2.790000
 140 2.790000
 141 2.810000
 142 2.810000
 143 2.870000
 144 2.880000
 145 2.880000
 146 2.900000
 147 2.900000
 148 2.940000
 149 2.950000
 150 2.980000
 151 3.000000
 152 3.050000
 153 3.020000
 154 3.080000
 155 3.080000
 156 3.130000
 157 3.130000
 158 3.180000
 159 3.180000
 160 3.160000
 161 3.210000
 162 3.210000
 163 3.230000
 164 3.210000
 165 3.260000
 166 3.260000
 167 3.260000
 168 3.270000
 169 3.330000
 170 3.350000
 171 3.380000
 172 3.350000
 173 3.380000
 174 3.400000
 175 3.360000
 176 3.380000
 177 3.430000
 178 3.400000
 179 3.430000
 180 3.490000
 181 3.490000
 182 3.530000
 183 3.590000
 184 3.740000
 185 3.760000
 186 3.770000
 187 3.770000
 188 3.770000
 189 3.790000
 190 3.820000
 191 3.820000
 192 3.880000
 193 3.870000
 194 3.900000
 195 3.780000
 196 3.800000
 197 3.830000
 198 3.830000
 199 3.950000
 200 4.000000
 201 4.030000
 202 4.000000
 203 4.030000
 204 4.030000
 205 4.050000
 206 4.080000
 207 3.990000
 208 3.980000
 209 3.950000
 210 3.980000
 211 3.990000
 212 4.010000
 213 3.930000
 214 3.960000
 215 3.850000
 216 3.950000
 217 2.590000
 218 2.520000
 219 2.510000
 220 2.480000
 221 2.430000
 222 2.400000
 223 2.350000
 224 2.330000
 225 2.280000
 226 1.680000
 227 1.680000
 228 1.680000
 229 1.700000
 230 1.680000
 231 1.650000
 232 1.650000
 233 1.650000
 234 1.660000
 235 1.650000
 236 1.650000
 237 1.650000
 238 1.650000
 239 1.640000
 240 1.600000
 241 1.630000
 242 1.610000
 243 1.620000
 244 1.620000
 245 1.610000
 246 1.630000
 247 1.650000
 248 1.620000
 249 1.690000
 250 1.750000
 251 1.730000
 252 1.730000
 253 1.750000
 254 1.820000
 255 2.350000
 256 2.320000
 257 2.320000
 258 2.350000
 259 2.550000
 260 2.670000
 261 2.660000
 262 2.670000
 263 2.640000
 264 2.640000
 265 2.640000
 266 2.670000
 267 2.630000
 268 2.680000
 269 2.660000
 270 2.680000
 271 2.700000
 272 2.680000
 273 2.690000
 274 2.660000
 275 2.630000
 276 2.650000
 277 2.650000
 278 1.490000
 279 1.490000
 280 1.480000
 281 1.500000
 282 1.480000
 283 1.480000
 284 1.480000
 285 1.450000
 286 1.480000
 287 1.480000
 288 1.450000
 289 1.460000
 290 1.480000
 291 1.500000
 292 1.680000
 293 1.820000
 294 1.830000
 295 1.830000
 296 1.830000
 297 1.800000
 298 1.800000
 299 1.780000
 300 1.840000
 301 1.930000
 302 2.180000
 303 2.200000
 304 2.200000
 305 2.170000
 306 2.170000
 307 2.200000
 308 2.280000
 309 1.400000
 310 1.400000
 311 1.400000
 312 1.400000
 313 1.400000
 314 1.400000
 315 1.400000
 316 1.400000
 317 1.400000
 318 1.400000
 319 1.400000
 320 1.400000
 321 1.380000
 322 1.380000
 323 1.380000
 324 1.380000
 325 1.400000
 326 1.380000
 327 1.380000
 328 1.380000
 329 1.400000
 330 1.380000
 331 1.380000
 332 1.380000
 333 1.380000
 334 1.400000
 335 1.400000
 336 1.400000
 337 1.380000
 338 1.380000
 339 1.380000
 340 1.380000
 341 1.380000
 342 1.400000
 343 1.380000
 344 1.380000
 345 1.430000
 346 3.560000
 347 3.560000
 348 3.530000
 349 3.500000
 350 3.470000
 351 3.480000
 352 3.490000
 353 3.490000
 354 3.490000
 355 3.470000
 356 3.470000
 357 3.480000
 358 2.230000
 359 2.150000
 360 2.140000
 361 2.120000
 362 1.910000
 363 1.800000
 364 1.770000
 365 1.770000
 366 1.790000
 367 1.610000
 368 1.450000
 369 1.450000
 370 1.460000
 371 1.430000
 372 1.430000
 373 1.440000
 374 1.440000
 375 1.430000
 376 1.450000
 377 1.450000
 378 1.430000
 379 1.450000
 380 1.430000
 381 3.480000
 382 3.420000
 383 4.630000
 384 4.630000
 385 4.630000
 386 4.640000
 387 4.630000
 388 4.630000
 389 4.630000
 390 4.450000
 391 4.440000
 392 4.630000
 393 4.190000
 394 4.130000
 395 4.630000
 396 4.630000
 397 4.630000
 398 4.630000
 399 4.650000
 400 4.630000
 401 4.660000
 402 4.650000
 403 4.680000
 404 4.650000
 405 4.680000
 406 4.680000
 407 4.680000
 408 4.690000
 409 1.500000
 410 1.380000
 411 1.410000
 412 1.410000
 413 1.410000
 414 1.430000
 415 1.410000
 416 1.430000
 417 1.430000
 418 1.410000
 419 1.430000
 420 1.400000
 421 1.430000
 422 1.430000
 423 1.430000
 424 1.430000
 425 1.420000
 426 1.420000
 427 1.440000
 428 1.470000
 429 1.480000
 430 1.480000
 431 1.850000
 432 1.910000
 433 1.910000
 434 1.910000
 435 1.930000
 436 1.930000
 437 1.930000
 438 1.960000
 439 1.980000
 440 4.110000
 441 4.110000
 442 4.110000
 443 4.110000
 444 4.110000
 445 4.130000
 446 1.670000
 447 1.650000
 448 1.600000
 449 1.600000
 450 1.600000
 451 1.610000
 452 1.610000
 453 1.580000
 454 1.610000
 455 1.610000
 456 1.630000
 457 1.630000
 458 1.630000
 459 1.630000
 460 2.740000
 461 2.690000
 462 2.630000
 463 2.590000
 464 2.620000
 465 2.620000
 466 4.210000
 467 4.210000
 468 4.210000
 469 4.230000
 470 4.230000
 471 4.230000
 472 4.260000
 473 4.260000
 474 4.260000
 475 4.180000
 476 4.150000
 477 4.100000
 478 4.080000
 479 4.080000
 480 4.080000
 481 4.080000
 482 4.080000
 483 4.000000
 484 4.010000
 485 3.430000
 486 3.430000
 487 3.400000
 488 3.350000
 489 3.130000
 490 3.090000
 491 3.110000
 492 3.990000
 493 3.130000
 494 3.180000
 495 4.090000
 496 4.160000
 497 3.710000
 498 3.680000
 499 3.560000
 500 3.550000
 501 3.570000
 502 2.930000
 503 2.890000
 504 2.880000
 505 2.820000
 506 2.810000
 507 2.840000
 508 2.830000
 509 3.600000
 510 3.690000
 511 3.730000
 512 3.710000
 513 3.730000
 514 3.680000
 515 3.710000
 516 3.680000
 517 3.680000
 518 3.660000
 519 3.660000
 520 3.630000
 521 3.630000
 522 3.630000
 523 3.610000
 524 3.610000
 525 3.610000
 526 3.580000
 527 3.580000
 528 3.580000
 529 3.560000
 530 3.560000
 531 3.530000
 532 3.530000
 533 3.510000
 534 3.530000
 535 3.510000
 536 3.510000
 537 3.480000
 538 3.480000
 539 3.460000
 540 3.460000
 541 3.470000
 542 3.470000
 543 3.430000
 544 3.430000
 545 3.420000
 546 3.440000
 547 3.420000
 548 3.420000
 549 3.410000
 550 3.430000
 551 4.370000
 552 4.370000
 553 4.370000
 554 4.370000
 555 4.320000
 556 4.050000
 557 4.050000
 558 4.050000
 559 4.190000
 560 4.290000
 561 4.270000
 562 4.280000
 563 4.270000
 564 4.240000
 565 4.240000
 566 4.240000
 567 4.220000
 568 4.190000
 569 4.220000
 570 4.170000
 571 4.170000
 572 4.170000
 573 4.140000
 574 4.140000
 575 4.120000
 576 4.100000
 577 4.120000
 578 4.090000
 579 3.090000
 580 3.120000
 581 3.240000
 582 4.070000
 583 4.070000
 584 4.050000
 585 4.080000
 586 4.050000
 587 4.050000
 588 4.050000
 589 4.030000
 590 4.030000
 591 4.000000
 592 4.000000
 593 4.030000
 594 4.000000
 595 3.990000
 596 3.240000
 597 3.180000
 598 3.140000
 599 3.150000
 600 3.180000
 601 3.180000
 602 3.160000
 603 3.220000
 604 3.190000
 605 3.190000
 606 3.140000
 607 3.190000
 608 3.190000
 609 3.170000
 610 3.140000
 611 3.190000
 612 3.080000
 613 3.190000
 614 3.050000
 615 3.180000
 616 3.140000
 617 3.150000
 618 3.130000
 619 3.030000
 620 3.050000
 621 3.050000
 622 3.050000
 623 3.000000
 624 3.070000
 625 3.000000
 626 3.060000
 627 3.040000
 628 3.080000
 629 3.050000
 630 3.070000
 631 2.980000
 632 3.070000
 633 3.070000
 634 3.060000
 635 3.060000
 636 3.130000
 637 3.000000
 638 3.090000
 639 3.060000
 640 3.060000
 641 3.050000
 642 3.080000
 643 3.130000
 644 3.100000
 645 3.070000
 646 3.100000
 647 3.110000
 648 3.150000
 649 3.100000
 650 3.130000
 651 3.140000
 652 3.230000
 653 3.250000
 654 3.250000
 655 3.250000
 656 3.180000
 657 3.300000
 658 3.250000
 659 3.250000
 660 3.260000
 661 3.300000
 662 3.290000
 663 3.290000
 664 3.320000
 665 3.300000
 666 3.300000
 667 3.330000
 668 3.320000
 669 3.350000
 670 3.350000
 671 3.350000
 672 3.360000
 673 3.360000
 674 3.330000
 675 3.360000
 676 3.340000
 677 3.350000
 678 3.380000
 679 3.380000
 680 3.410000
 681 3.410000
 682 3.430000
 683 3.380000
 684 3.410000
 685 3.380000
 686 3.410000
 687 3.320000
 688 3.300000
 689 6.270000
 690 4.570000
 691 4.300000
 692 4.270000
 693 4.330000
 694 3.240000
 695 3.240000
 696 3.190000
 697 3.230000
 698 3.520000
 699 3.590000
 700 3.860000
 701 3.720000
 702 3.710000
 703 3.710000
 704 3.710000
 705 3.730000
 706 3.710000
 707 3.710000
 708 3.730000
 709 3.360000
 710 3.710000
 711 3.730000
 712 3.730000
 713 3.730000
 714 3.760000
 715 3.730000
 716 3.760000
 717 3.680000
 718 3.680000
 719 3.680000
 720 3.710000
 721 3.710000
 722 3.680000
 723 3.710000
 724 3.710000
 725 3.730000
 726 3.730000
 727 3.730000
 728 3.760000
 729 3.730000
 730 3.760000
 731 3.760000
 732 3.760000
 733 3.760000
 734 3.780000
 735 3.780000
 736 3.780000
 737 3.780000
 738 3.790000
 739 3.740000
 740 3.690000
 741 3.660000
 742 3.230000
 743 3.250000
 744 3.250000
 745 3.500000
 746 3.450000
 747 3.450000
 748 3.130000
 749 3.070000
 750 3.130000
 751 3.150000
 752 3.130000
 753 3.040000
 754 3.050000
 755 3.080000
 756 3.230000
 757 2.980000
 758 2.950000
 759 3.090000
 760 3.040000