
 0 2.350000
 1 2.350000
 2 2.330000
 3 2.190000
 4 2.300000
 5 2.300000
 6 2.250000
 7 2.250000
 8 2.250000
 9 2.230000
 10 2.240000
 11 2.200000
 12 3.250000
 13 2.140000
 14 3.250000
 15 2.160000
 16 2.160000
 17 2.250000
 18 2.270000
 19 2.250000
 20 2.250000
 21 2.280000
 22 2.280000
 23 2.300000
 24 2.270000
 25 2.180000
 26 2.210000
 27 2.230000
 28 2.230000
 29 2.260000
 30 2.370000
 31 2.400000
 32 2.370000
 33 2.400000
 34 2.400000
 35 2.450000
 36 2.470000
 37 2.440000
 38 2.490000
 39 2.550000
 40 2.550000
 41 2.580000
 42 2.600000
 43 2.600000
 44 2.650000
 45 2.650000
 46 2.700000
 47 2.700000
 48 2.840000
 49 2.890000
 50 2.910000
 51 2.850000
 52 2.800000
 53 2.800000
 54 2.800000
 55 2.800000
 56 2.810000
 57 2.850000
 58 2.880000
 59 2.930000
 60 2.930000
 61 2.930000
 62 2.950000
 63 2.950000
 64 2.980000
 65 3.030000
 66 3.080000
 67 3.080000
 68 3.050000
 69 3.080000
 70 3.140000
 71 3.160000
 72 3.190000
 73 3.240000
 74 3.240000
 75 3.210000
 76 3.240000
 77 3.240000
 78 3.290000
 79 3.290000
 80 3.310000
 81 3.290000
 82 3.300000
 83 3.350000
 84 3.350000
 85 3.330000
 86 3.380000
 87 3.400000
 88 3.430000
 89 3.450000
 90 3.380000
 91 3.430000
 92 3.480000
 93 3.490000
 94 3.510000
 95 3.540000
 96 3.590000
 97 3.620000
 98 3.640000
 99 3.810000
 100 3.800000
 101 3.800000
 102 3.820000
 103 3.830000
 104 3.870000
 105 3.870000
 106 3.870000
 107 3.870000
 108 3.900000
 109 3.810000
 110 3.930000
 111 3.820000
 112 3.830000
 113 3.860000
 114 4.030000
 115 4.030000
 116 4.050000
 117 4.050000
 118 4.050000
 119 4.080000
 120 4.100000
 121 4.060000
 122 3.960000
 123 4.030000
 124 3.930000
 125 3.960000
 126 3.930000
 127 4.020000
 128 3.990000
 129 4.030000
 130 4.030000
 131 4.010000
 132 4.010000
 133 4.010000
 134 3.980000
 135 3.980000
 136 3.910000
 137 3.990000
 138 3.960000
 139 3.510000
 140 3.480000
 141 3.520000
 142 3.510000
 143 3.960000
 144 3.910000
 145 3.940000
 146 3.780000
 147 3.780000
 148 2.850000
 149 2.810000
 150 2.830000
 151 2.840000
 152 2.830000
 153 2.820000
 154 2.800000
 155 2.820000
 156 2.820000
 157 2.820000
 158 2.820000
 159 2.800000
 160 2.800000
 161 2.800000
 162 2.800000
 163 2.780000
 164 2.760000
 165 2.800000
 166 2.830000
 167 2.840000
 168 2.860000
 169 2.830000
 170 2.700000
 171 2.690000
 172 2.700000
 173 2.700000
 174 2.700000
 175 2.690000
 176 2.690000
 177 2.660000
 178 2.690000
 179 2.670000
 180 2.670000
 181 2.670000
 182 2.650000
 183 2.740000
 184 2.760000
 185 2.770000
 186 2.770000
 187 2.750000
 188 2.730000
 189 2.750000
 190 2.710000
 191 1.970000
 192 1.960000
 193 1.930000
 194 1.910000
 195 1.930000
 196 1.860000
 197 1.880000
 198 1.820000
 199 1.840000
 200 1.840000
 201 1.830000
 202 1.830000
 203 1.830000
 204 1.820000
 205 1.860000
 206 1.840000
 207 1.830000
 208 1.860000
 209 1.860000
 210 1.830000
 211 1.870000
 212 1.900000
 213 1.870000
 214 1.870000
 215 1.890000
 216 1.890000
 217 2.220000
 218 2.580000
 219 2.600000
 220 2.590000
 221 2.650000
 222 2.780000
 223 2.680000
 224 2.660000
 225 3.160000
 226 3.190000
 227 3.140000
 228 3.240000
 229 3.300000
 230 3.280000
 231 3.270000
 232 3.330000
 233 3.320000
 234 3.310000
 235 3.290000
 236 3.310000
 237 3.320000
 238 3.370000
 239 3.370000
 240 1.440000
 241 1.480000
 242 1.430000
 243 1.460000
 244 1.430000
 245 1.430000
 246 1.370000
 247 1.400000
 248 1.370000
 249 1.350000
 250 1.330000
 251 1.310000
 252 1.310000
 253 1.260000
 254 1.260000
 255 1.230000
 256 1.260000
 257 1.260000
 258 1.230000
 259 1.230000
 260 1.210000
 261 1.210000
 262 1.180000
 263 1.160000
 264 1.160000
 265 1.170000
 266 1.140000
 267 1.170000
 268 1.160000
 269 1.150000
 270 1.190000
 271 1.160000
 272 1.180000
 273 1.180000
 274 1.160000
 275 1.160000
 276 1.200000
 277 1.200000
 278 1.200000
 279 1.200000
 280 1.200000
 281 1.200000
 282 1.230000
 283 1.220000
 284 1.200000
 285 1.250000
 286 1.220000
 287 1.250000
 288 1.230000
 289 1.250000
 290 1.250000
 291 1.250000
 292 1.250000
 293 1.250000
 294 1.250000
 295 1.250000
 296 1.280000
 297 1.250000
 298 1.270000
 299 1.280000
 300 1.300000
 301 1.280000
 302 1.300000
 303 1.300000
 304 1.300000
 305 1.300000
 306 1.300000
 307 1.300000
 308 1.300000
 309 1.320000
 310 1.310000
 311 1.320000
 312 1.320000
 313 1.330000
 314 1.320000
 315 1.310000
 316 1.400000
 317 2.480000
 318 2.460000
 319 2.490000
 320 2.490000
 321 1.880000
 322 1.850000
 323 1.850000
 324 1.850000
 325 1.830000
 326 1.830000
 327 1.830000
 328 1.800000
 329 1.850000
 330 1.830000
 331 1.850000
 332 1.850000
 333 1.880000
 334 1.920000
 335 4.680000
 336 1.220000
 337 1.200000
 338 1.180000
 339 1.190000
 340 1.160000
 341 1.190000
 342 1.190000
 343 1.190000
 344 1.160000
 345 1.190000
 346 1.150000
 347 1.160000
 348 1.160000
 349 1.160000
 350 1.190000
 351 1.190000
 352 1.210000
 353 1.210000
 354 1.210000
 355 1.200000
 356 1.250000
 357 2.080000
 358 2.090000
 359 2.110000
 360 2.110000
 361 2.130000
 362 2.240000
 363 3.190000
 364 3.200000
 365 3.270000
 366 3.630000
 367 4.150000
 368 4.160000
 369 4.180000
 370 1.250000
 371 1.230000
 372 1.230000
 373 1.250000
 374 1.250000
 375 1.250000
 376 1.250000
 377 1.280000
 378 1.280000
 379 1.280000
 380 1.300000
 381 1.280000
 382 1.300000
 383 1.300000
 384 1.330000
 385 1.330000
 386 1.380000
 387 1.450000
 388 1.450000
 389 1.480000
 390 1.480000
 391 1.480000
 392 1.500000
 393 1.500000
 394 1.780000
 395 1.830000
 396 1.840000
 397 1.830000
 398 1.830000
 399 1.840000
 400 1.840000
 401 1.810000
 402 3.070000
 403 1.810000
 404 1.790000
 405 1.800000
 406 1.790000
 407 1.760000
 408 1.760000
 409 1.790000
 410 1.760000
 411 1.760000
 412 1.760000
 413 1.750000
 414 1.770000
 415 1.780000
 416 1.800000
 417 1.830000
 418 2.830000
 419 2.830000
 420 2.850000
 421 3.690000
 422 3.630000
 423 3.730000
 424 3.750000
 425 3.740000
 426 3.710000
 427 3.710000
 428 3.690000
 429 3.690000
 430 3.660000
 431 3.660000
 432 3.640000
 433 3.640000
 434 3.640000
 435 3.610000
 436 3.610000
 437 3.610000
 438 3.610000
 439 3.590000
 440 3.590000
 441 3.590000
 442 3.560000
 443 3.560000
 444 3.540000
 445 3.540000
 446 3.540000
 447 3.510000
 448 3.510000
 449 3.510000
 450 3.510000
 451 3.490000
 452 3.460000
 453 3.490000
 454 3.460000
 455 3.460000
 456 3.440000
 457 3.440000
 458 3.440000
 459 3.410000
 460 3.410000
 461 3.410000
 462 3.410000
 463 3.500000
 464 4.370000
 465 4.400000
 466 4.370000
 467 4.350000
 468 4.320000
 469 4.120000
 470 4.070000
 471 4.080000
 472 4.270000
 473 4.300000
 474 4.270000
 475 4.270000
 476 4.250000
 477 4.250000
 478 4.220000
 479 4.220000
 480 4.200000
 481 4.200000
 482 4.200000
 483 4.170000
 484 4.170000
 485 4.170000
 486 4.150000
 487 4.150000
 488 4.120000
 489 3.000000
 490 3.100000
 491 3.150000
 492 4.130000
 493 4.100000
 494 3.290000
 495 3.320000
 496 3.300000
 497 3.210000
 498 3.250000
 499 3.260000
 500 3.370000
 501 3.370000
 502 3.400000
 503 4.030000
 504 4.000000
 505 4.030000
 506 4.000000
 507 4.000000
 508 4.000000
 509 3.980000
 510 3.980000
 511 3.980000
 512 3.950000
 513 3.950000
 514 3.950000
 515 3.430000
 516 3.060000
 517 3.090000
 518 3.210000
 519 3.180000
 520 3.080000
 521 3.180000
 522 3.140000
 523 3.110000
 524 3.130000
 525 3.070000
 526 3.100000
 527 3.110000
 528 3.090000
 529 3.080000
 530 3.060000
 531 3.040000
 532 3.040000
 533 3.040000
 534 3.040000
 535 3.040000
 536 3.050000
 537 3.030000
 538 3.080000
 539 3.080000
 540 3.030000
 541 3.040000
 542 3.070000
 543 3.060000
 544 3.050000
 545 3.060000
 546 3.080000
 547 3.060000
 548 3.010000
 549 3.010000
 550 3.070000
 551 3.090000
 552 3.050000
 553 3.060000
 554 3.090000
 555 3.030000
 556 3.100000
 557 3.110000
 558 3.090000
 559 3.120000
 560 3.110000
 561 3.110000
 562 3.140000
 563 3.140000
 564 3.150000
 565 3.180000
 566 3.130000
 567 3.180000
 568 5.550000
 569 5.880000
 570 5.930000
 571 5.960000
 572 6.010000
 573 6.030000
 574 6.050000
 575 6.090000
 576 6.100000
 577 6.080000
 578 6.100000
 579 6.100000
 580 6.100000
 581 6.110000
 582 6.110000
 583 6.110000
 584 6.140000
 585 6.150000
 586 6.150000
 587 6.150000
 588 6.170000
 589 6.170000
 590 6.200000
 591 6.200000
 592 6.190000
 593 6.210000
 594 6.210000
 595 6.210000
 596 6.210000
 597 6.240000
 598 6.240000
 599 6.240000
 600 6.260000
 601 6.260000
 602 6.260000
 603 4.480000
 604 4.330000
 605 4.300000
 606 4.340000
 607 6.310000
 608 3.270000
 609 3.260000
 610 3.240000
 611 3.360000
 612 3.520000
 613 3.970000
 614 3.700000
 615 3.690000
 616 3.690000
 617 3.690000
 618 3.690000
 619 3.690000
 620 3.690000
 621 3.710000
 622 3.340000
 623 3.360000
 624 3.710000
 625 3.710000
 626 3.710000
 627 3.740000
 628 3.740000
 629 3.710000
 630 3.690000
 631 3.660000
 632 3.690000
 633 3.660000
 634 3.690000
 635 3.690000
 636 3.690000
 637 3.710000
 638 3.710000
 639 3.710000
 640 3.710000
 641 3.740000
 642 3.710000
 643 3.710000
 644 3.740000
 645 3.760000
 646 3.760000
 647 3.760000
 648 3.790000
 649 3.760000
 650 3.760000
 651 3.800000
 652 3.750000
 653 3.700000
 654 3.660000
 655 3.430000
 656 3.180000
 657 3.260000
 658 3.500000
 659 3.450000
 660 3.450000
 661 3.400000
 662 3.150000
 663 3.080000
 664 3.080000
 665 3.040000
 666 3.040000
 667 3.070000
 668 3.090000
 669 3.010000
 670 3.010000
 671 2.930000
 672 2.960000
 673 2.970000
 674 3.010000
 675 3.100000
 676 3.010000
 677 3.040000
 678 3.050000
 679 3.060000
 680 3.070000
 681 3.060000
 682 3.060000
 683 3.090000
 684 3.080000
 685 3.090000
 686 3.150000
 687 3.150000
 688 3.070000
 689 2.810000
 690 2.760000
 691 2.720000
 692 2.720000
 693 2.740000
 694 2.710000
 695 2.710000
 696 2.660000
 697 2.660000
 698 2.610000
 699 2.610000
 700 2.560000
 701 2.510000
 702 2.480000
 703 2.430000
 704 2.430000
 705 2.380000
 706 2.350000
 707 2.360000
 708 2.310000
 709 2.310000
 710 2.260000
 711 2.240000
 712 2.220000
 713 2.240000
 714 2.210000
 715 2.210000
 716 2.110000
 717 2.110000
 718 2.190000
 719 2.200000
 720 2.080000
 721 2.080000
 722 2.130000
 723 2.200000
 724 2.170000
 725 2.030000
 726 2.100000
 727 2.070000
 728 2.070000
 729 2.050000
 730 2.050000
 731 2.050000
 732 2.020000
 733 1.920000
 734 2.020000
 735 1.880000
 736 1.970000
 737 1.860000
 738 1.970000
 739 1.830000
 740 1.820000
 741 1.920000
 742 1.780000
 743 1.780000
 744 1.780000
 745 1.730000
 746 1.710000
 747 1.740000
 748 1.820000
 749 1.830000
 750 1.680000
 751 1.800000
 752 1.810000
 753 1.820000
 754 1.820000
 755 1.770000
 756 1.720000
 757 1.730000
 758 1.690000
 759 1.650000
 760 1.530000
 0 2.320000
 1 2.330000
 2 2.330000
 3 2.190000
 4 2.300000
 5 2.330000
 6 2.300000
 7 2.280000
 8 2.250000
 9 2.230000
 10 2.250000
 11 2.160000
 12 3.250000
 13 2.150000
 14 3.270000
 15 2.150000
 16 2.150000
 17 2.230000
 18 2.270000
 19 2.250000
 20 2.280000
 21 2.280000
 22 2.300000
 23 2.300000
 24 2.270000
 25 2.200000
 26 2.210000
 27 2.200000
 28 2.230000
 29 2.230000
 30 2.400000
 31 2.370000
 32 2.400000
 33 2.390000
 34 2.400000
 35 2.450000
 36 2.470000
 37 2.460000
 38 2.490000
 39 2.550000
 40 2.550000
 41 2.580000
 42 2.600000
 43 2.630000
 44 2.650000
 45 2.680000
 46 2.680000
 47 2.730000
 48 2.840000
 49 2.890000
 50 2.910000
 51 2.830000
 52 2.800000
 53 2.800000
 54 2.800000
 55 2.820000
 56 2.810000
 57 2.870000
 58 2.900000
 59 2.930000
 60 2.930000
 61 2.950000
 62 2.980000
 63 2.950000
 64 3.000000
 65 3.030000
 66 3.050000
 67 3.080000
 68 3.050000
 69 3.050000
 70 3.110000
 71 3.140000
 72 3.190000
 73 3.240000
 74 3.210000
 75 3.210000
 76 3.240000
 77 3.240000
 78 3.260000
 79 3.260000
 80 3.290000
 81 3.290000
 82 3.300000
 83 3.330000
 84 3.350000
 85 3.350000
 86 3.350000
 87 3.380000
 88 3.400000
 89 3.420000
 90 3.350000
 91 3.430000
 92 3.480000
 93 3.480000
 94 3.510000
 95 3.540000
 96 3.590000
 97 3.600000
 98 3.640000
 99 3.800000
 100 3.800000
 101 3.820000
 102 3.820000
 103 3.840000
 104 3.850000
 105 3.850000
 106 3.870000
 107 3.880000
 108 3.920000
 109 3.830000
 110 3.980000
 111 3.820000
 112 3.850000
 113 3.850000
 114 4.030000
 115 4.050000
 116 4.050000
 117 4.030000
 118 4.080000
 119 4.050000
 120 4.070000
 121 4.030000
 122 3.950000
 123 3.990000
 124 3.930000
 125 3.950000
 126 3.950000
 127 4.020000
 128 3.980000
 129 4.010000
 130 4.030000
 131 3.980000
 132 3.980000
 133 4.010000
 134 4.010000
 135 3.950000
 136 3.910000
 137 3.990000
 138 3.960000
 139 3.560000
 140 3.480000
 141 3.520000
 142 3.500000
 143 3.940000
 144 3.940000
 145 3.910000
 146 3.780000
 147 3.780000
 148 2.860000
 149 2.800000
 150 2.820000
 151 2.840000
 152 2.800000
 153 2.820000
 154 2.800000
 155 2.800000
 156 2.820000
 157 2.800000
 158 2.800000
 159 2.800000
 160 2.800000
 161 2.770000
 162 2.770000
 163 2.780000
 164 2.790000
 165 2.790000
 166 2.830000
 167 2.840000
 168 2.860000
 169 2.830000
 170 2.700000
 171 2.720000
 172 2.720000
 173 2.720000
 174 2.690000
 175 2.690000
 176 2.710000
 177 2.690000
 178 2.660000
 179 2.670000
 180 2.670000
 181 2.670000
 182 2.680000
 183 2.740000
 184 2.780000
 185 2.770000
 186 2.770000
 187 2.770000
 188 2.730000
 189 2.770000
 190 2.700000
 191 1.970000
 192 1.950000
 193 1.950000
 194 1.900000
 195 1.930000
 196 1.880000
 197 1.850000
 198 1.850000
 199 1.820000
 200 1.840000
 201 1.820000
 202 1.830000
 203 1.840000
 204 1.820000
 205 1.840000
 206 1.850000
 207 1.860000
 208 1.830000
 209 1.850000
 210 1.850000
 211 1.870000
 212 1.880000
 213 1.870000
 214 1.870000
 215 1.890000
 216 1.890000
 217 2.240000
 218 2.580000
 219 2.570000
 220 2.590000
 221 2.650000
 222 2.780000
 223 2.680000
 224 2.660000
 225 3.160000
 226 3.190000
 227 3.140000
 228 3.240000
 229 3.300000
 230 3.280000
 231 3.290000
 232 3.300000
 233 3.290000
 234 3.300000
 235 3.300000
 236 3.330000
 237 3.320000
 238 3.370000
 239 3.390000
 240 1.490000
 241 1.450000
 242 1.450000
 243 1.450000
 244 1.430000
 245 1.430000
 246 1.400000
 247 1.400000
 248 1.370000
 249 1.370000
 250 1.330000
 251 1.330000
 252 1.300000
 253 1.280000
 254 1.280000
 255 1.250000
 256 1.230000
 257 1.230000
 258 1.230000
 259 1.200000
 260 1.180000
 261 1.200000
 262 1.200000
 263 1.180000
 264 1.170000
 265 1.150000
 266 1.140000
 267 1.150000
 268 1.160000
 269 1.150000
 270 1.120000
 271 1.150000
 272 1.180000
 273 1.180000
 274 1.190000
 275 1.210000
 276 1.190000
 277 1.190000
 278 1.170000
 279 1.220000
 280 1.200000
 281 1.230000
 282 1.200000
 283 1.220000
 284 1.220000
 285 1.220000
 286 1.220000
 287 1.220000
 288 1.250000
 289 1.230000
 290 1.250000
 291 1.240000
 292 1.240000
 293 1.240000
 294 1.240000
 295 1.270000
 296 1.250000
 297 1.250000
 298 1.240000
 299 1.280000
 300 1.280000
 301 1.280000
 302 1.290000
 303 1.290000
 304 1.300000
 305 1.280000
 306 1.300000
 307 1.330000
 308 1.300000
 309 1.320000
 310 1.320000
 311 1.320000
 312 1.320000
 313 1.330000
 314 1.320000
 315 1.310000
 316 1.400000
 317 2.480000
 318 2.490000
 319 2.490000
 320 2.490000
 321 1.900000
 322 1.850000
 323 1.850000
 324 1.850000
 325 1.850000
 326 1.830000
 327 1.830000
 328 1.830000
 329 1.830000
 330 1.850000
 331 1.850000
 332 1.850000
 333 1.880000
 334 1.940000
 335 4.680000
 336 1.220000
 337 1.200000
 338 1.180000
 339 1.210000
 340 1.190000
 341 1.160000
 342 1.160000
 343 1.190000
 344 1.160000
 345 1.150000
 346 1.150000
 347 1.190000
 348 1.160000
 349 1.190000
 350 1.190000
 351 1.210000
 352 1.190000
 353 1.190000
 354 1.210000
 355 1.200000
 356 1.230000
 357 2.100000
 358 2.090000
 359 2.090000
 360 2.110000
 361 2.130000
 362 2.100000
 363 3.200000
 364 3.170000
 365 3.290000
 366 3.550000
 367 4.150000
 368 4.190000
 369 4.160000
 370 1.250000
 371 1.230000
 372 1.230000
 373 1.250000
 374 1.250000
 375 1.250000
 376 1.250000
 377 1.250000
 378 1.280000
 379 1.300000
 380 1.280000
 381 1.300000
 382 1.300000
 383 1.300000
 384 1.330000
 385 1.330000
 386 1.380000
 387 1.450000
 388 1.450000
 389 1.450000
 390 1.450000
 391 1.480000
 392 1.500000
 393 1.500000
 394 1.860000
 395 1.860000
 396 1.780000
 397 1.830000
 398 1.860000
 399 1.830000
 400 1.840000
 401 1.810000
 402 3.070000
 403 1.810000
 404 1.790000
 405 1.800000
 406 1.790000
 407 1.760000
 408 1.760000
 409 1.760000
 410 1.760000
 411 1.760000
 412 1.760000
 413 1.780000
 414 1.770000
 415 1.780000
 416 1.800000
 417 1.830000
 418 2.830000
 419 2.830000
 420 2.840000
 421 3.690000
 422 3.670000
 423 3.730000
 424 3.730000
 425 3.740000
 426 3.740000
 427 3.710000
 428 3.710000
 429 3.690000
 430 3.690000
 431 3.660000
 432 3.660000
 433 3.660000
 434 3.640000
 435 3.640000
 436 3.610000
 437 3.610000
 438 3.610000
 439 3.610000
 440 3.590000
 441 3.590000
 442 3.560000
 443 3.560000
 444 3.540000
 445 3.510000
 446 3.510000
 447 3.510000
 448 3.510000
 449 3.490000
 450 3.490000
 451 3.490000
 452 3.460000
 453 3.460000
 454 3.460000
 455 3.460000
 456 3.460000
 457 3.410000
 458 3.410000
 459 3.410000
 460 3.410000
 461 3.410000
 462 3.390000
 463 3.500000
 464 4.400000
 465 4.400000
 466 4.370000
 467 4.350000
 468 4.350000
 469 4.150000
 470 4.060000
 471 4.080000
 472 4.270000
 473 4.270000
 474 4.300000
 475 4.270000
 476 4.250000
 477 4.250000
 478 4.250000
 479 4.220000
 480 4.230000
 481 4.200000
 482 4.200000
 483 4.200000
 484 4.200000
 485 4.150000
 486 4.170000
 487 4.170000
 488 4.120000
 489 3.030000
 490 3.100000
 491 3.150000
 492 4.130000
 493 4.100000
 494 3.260000
 495 3.320000
 496 3.300000
 497 3.210000
 498 3.270000
 499 3.230000
 500 3.370000
 501 3.400000
 502 3.420000
 503 4.000000
 504 4.030000
 505 4.000000
 506 4.000000
 507 3.980000
 508 4.000000
 509 3.980000
 510 3.980000
 511 3.950000
 512 3.950000
 513 3.950000
 514 3.950000
 515 3.930000
 516 3.110000
 517 3.110000
 518 3.210000
 519 3.190000
 520 3.080000
 521 3.180000
 522 3.150000
 523 3.130000
 524 3.100000
 525 3.090000
 526 3.110000
 527 3.100000
 528 3.100000
 529 3.070000
 530 3.070000
 531 3.060000
 532 3.040000
 533 3.030000
 534 3.030000
 535 3.040000
 536 3.020000
 537 3.060000
 538 3.060000
 539 3.080000
 540 3.060000
 541 3.040000
 542 3.090000
 543 3.060000
 544 3.060000
 545 3.060000
 546 3.080000
 547 3.030000
 548 3.010000
 549 3.010000
 550 3.070000
 551 3.110000
 552 3.050000
 553 3.060000
 554 3.080000
 555 3.050000
 556 3.100000
 557 3.070000
 558 3.100000
 559 3.080000
 560 3.110000
 561 3.120000
 562 3.130000
 563 3.130000
 564 3.150000
 565 3.180000
 566 3.130000
 567 3.160000
 568 5.550000
 569 5.910000
 570 5.880000
 571 5.930000
 572 5.980000
 573 6.010000
 574 6.080000
 575 6.080000
 576 6.080000
 577 6.100000
 578 6.100000
 579 6.100000
 580 6.100000
 581 6.110000
 582 6.110000
 583 6.140000
 584 6.140000
 585 6.150000
 586 6.150000
 587 6.170000
 588 6.150000
 589 6.170000
 590 6.170000
 591 6.170000
 592 6.170000
 593 6.190000
 594 6.210000
 595 6.210000
 596 6.210000
 597 6.210000
 598 6.210000
 599 6.240000
 600 6.260000
 601 6.240000
 602 6.260000
 603 4.620000
 604 4.300000
 605 4.300000
 606 4.320000
 607 6.310000
 608 3.240000
 609 3.260000
 610 3.240000
 611 3.330000
 612 3.540000
 613 3.970000
 614 3.700000
 615 3.690000
 616 3.660000
 617 3.690000
 618 3.690000
 619 3.690000
 620 3.690000
 621 3.690000
 622 3.340000
 623 3.360000
 624 3.710000
 625 3.710000
 626 3.710000
 627 3.740000
 628 3.710000
 629 3.710000
 630 3.660000
 631 3.660000
 632 3.660000
 633 3.660000
 634 3.690000
 635 3.690000
 636 3.690000
 637 3.690000
 638 3.710000
 639 3.710000
 640 3.710000
 641 3.710000
 642 3.740000
 643 3.740000
 644 3.740000
 645 3.740000
 646 3.760000
 647 3.760000
 648 3.760000
 649 3.760000
 650 3.790000
 651 3.780000
 652 3.750000
 653 3.700000
 654 3.660000
 655 3.430000
 656 3.180000
 657 3.260000
 658 3.500000
 659 3.480000
 660 3.450000
 661 3.400000
 662 3.180000
 663 3.080000
 664 3.050000
 665 3.040000
 666 3.060000
 667 3.070000
 668 3.090000
 669 3.010000
 670 3.040000
 671 2.930000
 672 2.990000
 673 2.990000
 674 3.040000
 675 3.100000
 676 3.010000
 677 3.040000
 678 3.040000
 679 3.070000
 680 3.070000
 681 3.100000
 682 3.060000
 683 3.090000
 684 3.090000
 685 3.090000
 686 3.170000
 687 3.170000
 688 3.150000
 689 2.860000
 690 2.730000
 691 2.720000
 692 2.740000
 693 2.740000
 694 2.740000
 695 2.710000
 696 2.710000
 697 2.640000
 698 2.630000
 699 2.640000
 700 2.560000
 701 2.540000
 702 2.510000
 703 2.490000
 704 2.420000
 705 2.380000
 706 2.350000
 707 2.360000
 708 2.310000
 709 2.290000
 710 2.260000
 711 2.300000
 712 2.270000
 713 2.250000
 714 2.190000
 715 2.180000
 716 2.170000
 717 2.130000
 718 2.080000
 719 2.170000
 720 2.050000
 721 2.050000
 722 2.140000
 723 2.200000
 724 2.150000
 725 2.000000
 726 2.100000
 727 2.100000
 728 2.070000
 729 2.050000
 730 2.070000
 731 2.020000
 732 2.050000
 733 1.920000
 734 2.020000
 735 2.000000
 736 1.970000
 737 1.970000
 738 1.970000
 739 1.850000
 740 1.820000
 741 1.900000
 742 1.900000
 743 1.770000
 744 1.780000
 745 1.750000
 746 1.700000
 747 1.750000
 748 1.700000
 749 1.700000
 750 1.800000
 751 1.800000
 752 1.790000
 753 1.820000
 754 1.800000
 755 1.770000
 756 1.740000
 757 1.710000
 758 1.690000
 759 1.680000
 760 1.530000
 0 2.320000
 1 2.350000
 2 2.330000
 3 2.220000
 4 2.300000
 5 2.300000
 6 2.250000
 7 2.280000
 8 2.250000
 9 2.250000
 10 2.250000
 11 2.190000
 12 3.250000
 13 2.150000
 14 3.270000
 15 2.150000
 16 2.150000
 17 2.250000
 18 2.300000
 19 2.250000
 20 2.280000
 21 2.280000
 22 2.300000
 23 2.320000
 24 2.270000
 25 2.320000
 26 2.210000
 27 2.230000
 28 2.230000
 29 2.230000
 30 2.370000
 31 2.370000
 32 2.370000
 33 2.400000
 34 2.400000
 35 2.450000
 36 2.470000
 37 2.460000
 38 2.470000
 39 2.550000
 40 2.550000
 41 2.550000
 42 2.630000
 43 2.630000
 44 2.650000
 45 2.650000
 46 2.680000
 47 2.680000
 48 2.830000
 49 2.890000
 50 2.910000
 51 2.830000
 52 2.780000
 53 2.800000
 54 2.800000
 55 2.800000
 56 2.840000
 57 2.850000
 58 2.880000
 59 2.930000
 60 2.930000
 61 2.930000
 62 2.950000
 63 2.970000
 64 3.000000
 65 3.030000
 66 3.080000
 67 3.080000
 68 3.050000
 69 3.080000
 70 3.140000
 71 3.160000
 72 3.190000
 73 3.220000
 74 3.210000
 75 3.210000
 76 3.240000
 77 3.260000
 78 3.260000
 79 3.260000
 80 3.290000
 81 3.290000
 82 3.300000
 83 3.350000
 84 3.350000
 85 3.350000
 86 3.350000
 87 3.400000
 88 3.400000
 89 3.420000
 90 3.340000
 91 3.430000
 92 3.480000
 93 3.480000
 94 3.510000
 95 3.540000
 96 3.620000
 97 3.590000
 98 3.620000
 99 3.820000
 100 3.820000
 101 3.820000
 102 3.820000
 103 3.830000
 104 3.870000
 105 3.870000
 106 3.870000
 107 3.880000
 108 3.920000
 109 3.830000
 110 3.950000
 111 3.820000
 112 3.830000
 113 3.850000
 114 4.030000
 115 4.050000
 116 4.030000
 117 4.050000
 118 4.050000
 119 4.100000
 120 4.120000
 121 4.060000
 122 3.950000
 123 4.000000
 124 3.930000
 125 3.930000
 126 3.930000
 127 4.050000
 128 3.980000
 129 4.030000
 130 4.010000
 131 3.980000
 132 4.010000
 133 4.010000
 134 3.980000
 135 3.960000
 136 3.900000
 137 3.990000
 138 3.990000
 139 3.560000
 140 3.460000
 141 3.490000
 142 3.500000
 143 3.910000
 144 3.940000
 145 3.910000
 146 3.800000
 147 3.780000
 148 2.840000
 149 2.810000
 150 2.820000
 151 2.820000
 152 2.820000
 153 2.800000
 154 2.780000
 155 2.820000
 156 2.800000
 157 2.820000
 158 2.820000
 159 2.800000
 160 2.800000
 161 2.770000
 162 2.770000
 163 2.780000
 164 2.760000
 165 2.790000
 166 2.810000
 167 2.840000
 168 2.860000
 169 2.830000
 170 2.730000
 171 2.720000
 172 2.690000
 173 2.690000
 174 2.690000
 175 2.690000
 176 2.690000
 177 2.690000
 178 2.690000
 179 2.670000
 180 2.670000
 181 2.670000
 182 2.650000
 183 2.720000
 184 2.750000
 185 2.750000
 186 2.770000
 187 2.770000
 188 2.730000
 189 2.750000
 190 2.700000
 191 1.970000
 192 1.980000
 193 1.950000
 194 1.900000
 195 1.930000
 196 1.890000
 197 1.860000
 198 1.820000
 199 1.820000
 200 1.840000
 201 1.840000
 202 1.800000
 203 1.840000
 204 1.850000
 205 1.840000
 206 1.840000
 207 1.830000
 208 1.850000
 209 1.850000
 210 1.870000
 211 1.890000
 212 1.860000
 213 1.880000
 214 1.870000
 215 1.890000
 216 1.890000
 217 2.050000
 218 2.600000
 219 2.590000
 220 2.560000
 221 2.620000
 222 2.800000
 223 2.680000
 224 2.680000
 225 3.160000
 226 3.190000
 227 3.140000
 228 3.240000
 229 3.260000
 230 3.280000
 231 3.290000
 232 3.280000
 233 3.290000
 234 3.290000
 235 3.310000
 236 3.330000
 237 3.320000
 238 3.370000
 239 3.370000
 240 1.460000
 241 1.450000
 242 1.430000
 243 1.430000
 244 1.430000
 245 1.430000
 246 1.420000
 247 1.400000
 248 1.370000
 249 1.350000
 250 1.300000
 251 1.300000
 252 1.300000
 253 1.250000
 254 1.280000
 255 1.250000
 256 1.230000
 257 1.230000
 258 1.200000
 259 1.200000
 260 1.200000
 261 1.200000
 262 1.180000
 263 1.180000
 264 1.170000
 265 1.150000
 266 1.140000
 267 1.170000
 268 1.160000
 269 1.180000
 270 1.180000
 271 1.140000
 272 1.180000
 273 1.180000
 274 1.190000
 275 1.210000
 276 1.220000
 277 1.190000
 278 1.190000
 279 1.190000
 280 1.230000
 281 1.230000
 282 1.230000
 283 1.220000
 284 1.220000
 285 1.220000
 286 1.240000
 287 1.250000
 288 1.230000
 289 1.250000
 290 1.220000
 291 1.240000
 292 1.240000
 293 1.250000
 294 1.240000
 295 1.240000
 296 1.270000
 297 1.250000
 298 1.280000
 299 1.280000
 300 1.280000
 301 1.280000
 302 1.270000
 303 1.290000
 304 1.290000
 305 1.280000
 306 1.300000
 307 1.300000
 308 1.330000
 309 1.290000
 310 1.310000
 311 1.320000
 312 1.340000
 313 1.330000
 314 1.320000
 315 1.310000
 316 1.400000
 317 2.480000
 318 2.490000
 319 2.490000
 320 2.510000
 321 1.900000
 322 1.850000
 323 1.880000
 324 1.830000
 325 1.850000
 326 1.830000
 327 1.830000
 328 1.850000
 329 1.830000
 330 1.850000
 331 1.850000
 332 1.850000
 333 1.880000
 334 1.920000
 335 4.680000
 336 1.200000
 337 1.200000
 338 1.200000
 339 1.190000
 340 1.210000
 341 1.190000
 342 1.160000
 343 1.160000
 344 1.190000
 345 1.160000
 346 1.150000
 347 1.160000
 348 1.160000
 349 1.190000
 350 1.190000
 351 1.190000
 352 1.190000
 353 1.190000
 354 1.210000
 355 1.200000
 356 1.250000
 357 2.080000
 358 2.090000
 359 2.090000
 360 2.110000
 361 2.100000
 362 2.220000
 363 3.190000
 364 3.200000
 365 3.270000
 366 3.620000
 367 4.150000
 368 4.160000
 369 4.180000
 370 1.220000
 371 1.230000
 372 1.230000
 373 1.230000
 374 1.250000
 375 1.250000
 376 1.250000
 377 1.280000
 378 1.280000
 379 1.280000
 380 1.280000
 381 1.300000
 382 1.300000
 383 1.300000
 384 1.330000
 385 1.330000
 386 1.380000
 387 1.450000
 388 1.450000
 389 1.450000
 390 1.480000
 391 1.480000
 392 1.500000
 393 1.500000
 394 1.860000
 395 1.860000
 396 1.780000
 397 1.830000
 398 1.860000
 399 1.810000
 400 1.830000
 401 1.810000
 402 3.070000
 403 1.810000
 404 1.790000
 405 1.800000
 406 1.790000
 407 1.790000
 408 1.760000
 409 1.760000
 410 1.760000
 411 1.760000
 412 1.760000
 413 1.750000
 414 1.780000
 415 1.780000
 416 1.800000
 417 1.830000
 418 2.830000
 419 2.830000
 420 2.840000
 421 3.690000
 422 3.670000
 423 3.730000
 424 3.750000
 425 3.740000
 426 3.740000
 427 3.710000
 428 3.690000
 429 3.710000
 430 3.690000
 431 3.660000
 432 3.660000
 433 3.640000
 434 3.660000
 435 3.640000
 436 3.610000
 437 3.610000
 438 3.590000
 439 3.590000
 440 3.590000
 441 3.590000
 442 3.560000
 443 3.540000
 444 3.540000
 445 3.540000
 446 3.540000
 447 3.510000
 448 3.510000
 449 3.490000
 450 3.490000
 451 3.460000
 452 3.460000
 453 3.460000
 454 3.460000
 455 3.460000
 456 3.440000
 457 3.440000
 458 3.410000
 459 3.420000
 460 3.410000
 461 3.390000
 462 3.410000
 463 3.470000
 464 4.400000
 465 4.400000
 466 4.350000
 467 4.350000
 468 4.350000
 469 4.150000
 470 4.060000
 471 4.070000
 472 4.270000
 473 4.270000
 474 4.270000
 475 4.250000
 476 4.250000
 477 4.250000
 478 4.250000
 479 4.220000
 480 4.200000
 481 4.200000
 482 4.200000
 483 4.200000
 484 4.170000
 485 4.170000
 486 4.150000
 487 4.170000
 488 4.120000
 489 3.030000
 490 3.120000
 491 3.150000
 492 4.100000
 493 4.100000
 494 3.260000
 495 3.320000
 496 3.300000
 497 3.240000
 498 3.250000
 499 3.250000
 500 3.370000
 501 3.370000
 502 3.400000
 503 4.000000
 504 4.000000
 505 4.000000
 506 4.000000
 507 4.000000
 508 3.980000
 509 3.980000
 510 3.950000
 511 3.950000
 512 3.950000
 513 3.950000
 514 3.950000
 515 3.400000
 516 3.090000
 517 3.090000
 518 3.210000
 519 3.190000
 520 3.080000
 521 3.180000
 522 3.150000
 523 3.120000
 524 3.110000
 525 3.100000
 526 3.110000
 527 3.110000
 528 3.070000
 529 3.100000
 530 3.060000
 531 3.060000
 532 3.040000
 533 3.020000
 534 3.030000
 535 3.020000
 536 3.060000
 537 3.060000
 538 3.060000
 539 3.080000
 540 3.060000
 541 3.040000
 542 3.090000
 543 3.060000
 544 3.030000
 545 3.060000
 546 3.060000
 547 3.030000
 548 3.030000
 549 3.010000
 550 3.070000
 551 3.090000
 552 3.030000
 553 3.060000
 554 3.080000
 555 3.030000
 556 3.100000
 557 3.080000
 558 3.080000
 559 3.080000
 560 3.080000
 561 3.120000
 562 3.110000
 563 3.130000
 564 3.150000
 565 3.180000
 566 3.130000
 567 3.160000
 568 3.210000
 569 5.870000
 570 5.930000
 571 5.980000
 572 5.980000
 573 6.010000
 574 6.080000
 575 6.090000
 576 6.100000
 577 6.100000
 578 6.100000
 579 6.120000
 580 6.100000
 581 6.110000
 582 6.110000
 583 6.140000
 584 6.140000
 585 6.150000
 586 6.150000
 587 6.150000
 588 6.150000
 589 6.170000
 590 6.170000
 591 6.170000
 592 6.200000
 593 6.190000
 594 6.190000
 595 6.210000
 596 6.210000
 597 6.210000
 598 6.240000
 599 6.240000
 600 6.260000
 601 6.240000
 602 6.260000
 603 4.620000
 604 4.310000
 605 4.300000
 606 4.320000
 607 6.280000
 608 3.240000
 609 3.220000
 610 3.240000
 611 3.330000
 612 3.520000
 613 3.970000
 614 3.700000
 615 3.710000
 616 3.690000
 617 3.710000
 618 3.710000
 619 3.690000
 620 3.690000
 621 3.710000
 622 3.340000
 623 3.340000
 624 3.710000
 625 3.710000
 626 3.710000
 627 3.740000
 628 3.740000
 629 3.740000
 630 3.660000
 631 3.660000
 632 3.660000
 633 3.690000
 634 3.660000
 635 3.690000
 636 3.690000
 637 3.690000
 638 3.710000
 639 3.710000
 640 3.710000
 641 3.710000
 642 3.740000
 643 3.740000
 644 3.740000
 645 3.760000
 646 3.760000
 647 3.760000
 648 3.760000
 649 3.790000
 650 3.760000
 651 3.780000
 652 3.750000
 653 3.670000
 654 3.660000
 655 3.430000
 656 3.160000
 657 3.260000
 658 3.500000
 659 3.480000
 660 3.450000
 661 3.420000
 662 3.180000
 663 3.080000
 664 3.080000
 665 3.030000
 666 3.040000
 667 3.070000
 668 3.080000
 669 3.010000
 670 3.010000
 671 2.930000
 672 2.980000
 673 2.970000
 674 3.010000
 675 3.070000
 676 3.010000
 677 3.040000
 678 3.050000
 679 3.070000
 680 3.070000
 681 3.100000
 682 3.060000
 683 3.090000
 684 3.080000
 685 3.090000
 686 3.150000
 687 3.170000
 688 3.150000
 689 2.860000
 690 2.760000
 691 2.710000
 692 2.740000
 693 2.760000
 694 2.710000
 695 2.710000
 696 2.710000
 697 2.660000
 698 2.630000
 699 2.610000
 700 2.610000
 701 2.540000
 702 2.510000
 703 2.460000
 704 2.410000
 705 2.380000
 706 2.360000
 707 2.380000
 708 2.330000
 709 2.280000
 710 2.260000
 711 2.270000
 712 2.250000
 713 2.210000
 714 2.240000
 715 2.180000
 716 2.170000
 717 2.100000
 718 2.190000
 719 2.080000
 720 2.180000
 721 2.100000
 722 2.160000
 723 2.200000
 724 2.150000
 725 2.030000
 726 2.000000
 727 2.120000
 728 2.070000
 729 2.070000
 730 2.070000
 731 2.070000
 732 1.900000
 733 1.920000
 734 2.020000
 735 1.970000
 736 1.970000
 737 1.970000
 738 1.870000
 739 1.850000
 740 1.830000
 741 1.770000
 742 1.900000
 743 1.790000
 744 1.780000
 745 1.770000
 746 1.740000
 747 1.750000
 748 1.730000
 749 1.740000
 750 1.800000
 751 1.800000
 752 1.790000
 753 1.820000
 754 1.820000
 755 1.800000
 756 1.760000
 757 1.710000
 758 1.690000
 759 1.660000
 760 1.690000
 0 2.320000
 1 2.330000
 2 2.330000
 3 2.250000
 4 2.300000
 5 2.330000
 6 2.280000
 7 2.280000
 8 2.280000
 9 2.250000
 10 2.240000
 11 2.160000
 12 3.250000
 13 2.170000
 14 3.270000
 15 2.150000
 16 2.130000
 17 2.230000
 18 2.270000
 19 2.250000
 20 2.250000
 21 2.300000
 22 2.300000
 23 2.300000
 24 2.270000
 25 2.200000
 26 2.210000
 27 2.230000
 28 2.230000
 29 2.250000
 30 2.370000
 31 2.370000
 32 2.370000
 33 2.400000
 34 2.400000
 35 2.420000
 36 2.470000
 37 2.460000
 38 2.470000
 39 2.550000
 40 2.520000
 41 2.580000
 42 2.600000
 43 2.600000
 44 2.650000
 45 2.680000
 46 2.700000
 47 2.700000
 48 2.830000
 49 2.890000
 50 2.910000
 51 2.830000
 52 2.800000
 53 2.830000
 54 2.800000
 55 2.820000
 56 2.840000
 57 2.870000
 58 2.880000
 59 2.930000
 60 2.930000
 61 2.950000
 62 2.980000
 63 2.950000
 64 3.000000
 65 3.030000
 66 3.050000
 67 3.080000
 68 3.080000
 69 3.080000
 70 3.110000
 71 3.140000
 72 3.190000
 73 3.240000
 74 3.210000
 75 3.240000
 76 3.260000
 77 3.240000
 78 3.260000
 79 3.290000
 80 3.310000
 81 3.290000
 82 3.300000
 83 3.350000
 84 3.350000
 85 3.350000
 86 3.380000
 87 3.400000
 88 3.430000
 89 3.450000
 90 3.350000
 91 3.430000
 92 3.470000
 93 3.460000
 94 3.480000
 95 3.570000
 96 3.590000
 97 3.620000
 98 3.640000
 99 3.810000
 100 3.800000
 101 3.800000
 102 3.820000
 103 3.860000
 104 3.870000
 105 3.870000
 106 3.870000
 107 3.870000
 108 3.900000
 109 3.800000
 110 3.950000
 111 3.820000
 112 3.850000
 113 3.850000
 114 4.030000
 115 4.050000
 116 4.050000
 117 4.050000
 118 4.080000
 119 4.050000
 120 4.090000
 121 4.060000
 122 3.950000
 123 3.990000
 124 3.950000
 125 3.950000
 126 3.930000
 127 4.010000
 128 3.970000
 129 4.030000
 130 4.010000
 131 4.010000
 132 4.010000
 133 4.010000
 134 4.010000
 135 3.970000
 136 3.910000
 137 3.960000
 138 3.960000
 139 3.510000
 140 3.460000
 141 3.490000
 142 3.500000
 143 3.940000
 144 3.910000
 145 3.910000
 146 3.780000
 147 3.780000
 148 2.850000
 149 2.810000
 150 2.820000
 151 2.820000
 152 2.800000
 153 2.820000
 154 2.780000
 155 2.820000
 156 2.820000
 157 2.820000
 158 2.800000
 159 2.800000
 160 2.800000
 161 2.800000
 162 2.800000
 163 2.780000
 164 2.770000
 165 2.820000
 166 2.820000
 167 2.840000
 168 2.860000
 169 2.830000
 170 2.730000
 171 2.720000
 172 2.720000
 173 2.690000
 174 2.690000
 175 2.690000
 176 2.690000
 177 2.660000
 178 2.660000
 179 2.690000
 180 2.670000
 181 2.670000
 182 2.680000
 183 2.720000
 184 2.750000
 185 2.750000
 186 2.770000
 187 2.750000
 188 2.760000
 189 2.750000
 190 2.700000
 191 1.970000
 192 1.950000
 193 1.930000
 194 1.930000
 195 1.950000
 196 1.910000
 197 1.870000
 198 1.810000
 199 1.840000
 200 1.840000
 201 1.830000
 202 1.850000
 203 1.830000
 204 1.850000
 205 1.840000
 206 1.820000
 207 1.860000
 208 1.870000
 209 1.860000
 210 1.850000
 211 1.870000
 212 1.870000
 213 1.880000
 214 1.870000
 215 1.870000
 216 1.890000
 217 2.050000
 218 2.600000
 219 2.570000
 220 2.590000
 221 2.620000
 222 2.780000
 223 2.680000
 224 2.680000
 225 3.180000
 226 3.200000
 227 3.140000
 228 3.260000
 229 3.300000
 230 3.280000
 231 3.300000
 232 3.290000
 233 3.290000
 234 3.300000
 235 3.300000
 236 3.300000
 237 3.320000
 238 3.370000
 239 3.390000
 240 1.430000
 241 1.450000
 242 1.450000
 243 1.430000
 244 1.430000
 245 1.400000
 246 1.400000
 247 1.400000
 248 1.370000
 249 1.370000
 250 1.350000
 251 1.300000
 252 1.300000
 253 1.250000
 254 1.250000
 255 1.230000
 256 1.250000
 257 1.230000
 258 1.200000
 259 1.200000
 260 1.200000
 261 1.180000
 262 1.180000
 263 1.150000
 264 1.150000
 265 1.150000
 266 1.140000
 267 1.140000
 268 1.180000
 269 1.150000
 270 1.160000
 271 1.140000
 272 1.180000
 273 1.180000
 274 1.190000
 275 1.190000
 276 1.190000
 277 1.190000
 278 1.190000
 279 1.220000
 280 1.230000
 281 1.230000
 282 1.230000
 283 1.220000
 284 1.220000
 285 1.220000
 286 1.220000
 287 1.220000
 288 1.230000
 289 1.250000
 290 1.240000
 291 1.240000
 292 1.240000
 293 1.240000
 294 1.240000
 295 1.240000
 296 1.250000
 297 1.280000
 298 1.280000
 299 1.280000
 300 1.280000
 301 1.280000
 302 1.270000
 303 1.290000
 304 1.290000
 305 1.280000
 306 1.300000
 307 1.300000
 308 1.300000
 309 1.290000
 310 1.320000
 311 1.320000
 312 1.320000
 313 1.330000
 314 1.340000
 315 1.340000
 316 1.400000
 317 2.450000
 318 2.490000
 319 2.490000
 320 2.490000
 321 1.880000
 322 1.880000
 323 1.850000
 324 1.850000
 325 1.850000
 326 1.830000
 327 1.830000
 328 1.830000
 329 1.830000
 330 1.830000
 331 1.850000
 332 1.850000
 333 1.850000
 334 1.920000
 335 4.700000
 336 1.200000
 337 1.200000
 338 1.200000
 339 1.190000
 340 1.190000
 341 1.190000
 342 1.160000
 343 1.190000
 344 1.160000
 345 1.160000
 346 1.160000
 347 1.160000
 348 1.190000
 349 1.190000
 350 1.190000
 351 1.190000
 352 1.190000
 353 1.210000
 354 1.200000
 355 1.200000
 356 1.250000
 357 2.080000
 358 2.110000
 359 2.110000
 360 2.110000
 361 2.100000
 362 2.210000
 363 3.200000
 364 3.170000
 365 3.290000
 366 3.620000
 367 4.170000
 368 4.160000
 369 4.180000
 370 1.250000
 371 1.230000
 372 1.230000
 373 1.230000
 374 1.250000
 375 1.230000
 376 1.280000
 377 1.280000
 378 1.250000
 379 1.280000
 380 1.280000
 381 1.280000
 382 1.330000
 383 1.330000
 384 1.300000
 385 1.330000
 386 1.380000
 387 1.450000
 388 1.480000
 389 1.450000
 390 1.480000
 391 1.480000
 392 1.480000
 393 1.500000
 394 1.860000
 395 1.860000
 396 1.830000
 397 1.880000
 398 1.860000
 399 1.780000
 400 1.810000
 401 1.810000
 402 3.070000
 403 1.810000
 404 1.790000
 405 1.800000
 406 1.760000
 407 1.790000
 408 1.760000
 409 1.760000
 410 1.760000
 411 1.760000
 412 1.740000
 413 1.750000
 414 1.770000
 415 1.770000
 416 1.800000
 417 1.830000
 418 2.830000
 419 2.830000
 420 2.820000
 421 3.660000
 422 3.670000
 423 3.730000
 424 3.750000
 425 3.740000
 426 3.710000
 427 3.710000
 428 3.690000
 429 3.690000
 430 3.660000
 431 3.660000
 432 3.660000
 433 3.660000
 434 3.640000
 435 3.640000
 436 3.610000
 437 3.610000
 438 3.590000
 439 3.590000
 440 3.590000
 441 3.560000
 442 3.560000
 443 3.560000
 444 3.540000
 445 3.540000
 446 3.510000
 447 3.540000
 448 3.510000
 449 3.490000
 450 3.490000
 451 3.490000
 452 3.460000
 453 3.460000
 454 3.460000
 455 3.460000
 456 3.460000
 457 3.440000
 458 3.410000
 459 3.410000
 460 3.410000
 461 3.410000
 462 3.410000
 463 3.470000
 464 4.400000
 465 4.400000
 466 4.370000
 467 4.350000
 468 4.320000
 469 4.160000
 470 4.050000
 471 4.080000
 472 4.270000
 473 4.300000
 474 4.270000
 475 4.250000
 476 4.270000
 477 4.250000
 478 4.220000
 479 4.230000
 480 4.220000
 481 4.200000
 482 4.200000
 483 4.200000
 484 4.170000
 485 4.170000
 486 4.150000
 487 4.150000
 488 4.120000
 489 3.030000
 490 3.120000
 491 3.150000
 492 4.100000
 493 4.100000
 494 3.260000
 495 3.320000
 496 3.300000
 497 3.210000
 498 3.250000
 499 3.250000
 500 3.350000
 501 3.370000
 502 3.400000
 503 4.030000
 504 4.000000
 505 4.030000
 506 4.000000
 507 3.980000
 508 3.980000
 509 3.980000
 510 3.980000
 511 3.980000
 512 3.980000
 513 3.950000
 514 3.950000
 515 3.600000
 516 3.080000
 517 3.090000
 518 3.230000
 519 3.180000
 520 3.050000
 521 3.180000
 522 3.150000
 523 3.120000
 524 3.130000
 525 3.090000
 526 3.070000
 527 3.110000
 528 3.110000
 529 3.070000
 530 3.070000
 531 3.030000
 532 3.040000
 533 3.020000
 534 3.040000
 535 3.020000
 536 3.050000
 537 3.060000
 538 3.060000
 539 3.080000
 540 3.060000
 541 3.040000
 542 3.070000
 543 3.060000
 544 3.020000
 545 3.030000
 546 3.080000
 547 3.030000
 548 3.010000
 549 3.030000
 550 3.070000
 551 3.110000
 552 3.050000
 553 3.060000
 554 3.080000
 555 3.050000
 556 3.130000
 557 3.100000
 558 3.100000
 559 3.080000
 560 3.110000
 561 3.110000
 562 3.110000
 563 3.130000
 564 3.150000
 565 3.180000
 566 3.130000
 567 3.160000
 568 3.210000
 569 5.920000
 570 5.960000
 571 5.980000
 572 5.980000
 573 6.010000
 574 6.050000
 575 6.090000
 576 6.080000
 577 6.100000
 578 6.100000
 579 6.100000
 580 6.120000
 581 6.140000
 582 6.110000
 583 6.140000
 584 6.140000
 585 6.150000
 586 6.150000
 587 6.170000
 588 6.170000
 589 6.170000
 590 6.170000
 591 6.200000
 592 6.200000
 593 6.190000
 594 6.210000
 595 6.210000
 596 6.210000
 597 6.210000
 598 6.240000
 599 6.240000
 600 6.240000
 601 6.260000
 602 6.260000
 603 4.500000
 604 4.300000
 605 4.280000
 606 4.320000
 607 6.280000
 608 3.270000
 609 3.220000
 610 3.240000
 611 3.330000
 612 3.520000
 613 3.970000
 614 3.700000
 615 3.690000
 616 3.690000
 617 3.690000
 618 3.690000
 619 3.690000
 620 3.710000
 621 3.710000
 622 3.310000
 623 3.360000
 624 3.710000
 625 3.740000
 626 3.710000
 627 3.710000
 628 3.740000
 629 3.740000
 630 3.690000
 631 3.660000
 632 3.660000
 633 3.660000
 634 3.690000
 635 3.690000
 636 3.710000
 637 3.710000
 638 3.710000
 639 3.710000
 640 3.710000
 641 3.740000
 642 3.710000
 643 3.740000
 644 3.740000
 645 3.760000
 646 3.760000
 647 3.790000
 648 3.760000
 649 3.790000
 650 3.760000
 651 3.780000
 652 3.720000
 653 3.700000
 654 3.660000
 655 3.440000
 656 3.180000
 657 3.260000
 658 3.500000
 659 3.450000
 660 3.450000
 661 3.410000
 662 3.180000
 663 3.050000
 664 3.080000
 665 3.040000
 666 3.040000
 667 3.070000
 668 3.110000
 669 3.010000
 670 3.010000
 671 2.930000
 672 2.980000
 673 2.990000
 674 3.010000
 675 3.100000
 676 3.010000
 677 3.040000
 678 3.050000
 679 3.070000
 680 3.060000
 681 3.070000
 682 3.090000
 683 3.090000
 684 3.110000
 685 3.090000
 686 3.150000
 687 3.170000
 688 3.150000
 689 2.890000
 690 2.760000
 691 2.750000
 692 2.750000
 693 2.760000
 694 2.740000
 695 2.710000
 696 2.690000
 697 2.690000
 698 2.630000
 699 2.640000
 700 2.600000
 701 2.540000
 702 2.510000
 703 2.480000
 704 2.430000
 705 2.410000
 706 2.380000
 707 2.360000
 708 2.310000
 709 2.200000
 710 2.260000
 711 2.260000
 712 2.250000
 713 2.210000
 714 2.210000
 715 2.210000
 716 2.200000
 717 2.100000
 718 2.160000
 719 2.050000
 720 2.180000
 721 2.100000
 722 2.160000
 723 2.170000
 724 2.150000
 725 2.170000
 726 2.030000
 727 2.100000
 728 2.100000
 729 2.100000
 730 2.070000
 731 2.070000
 732 1.930000
 733 2.080000
 734 1.900000
 735 2.000000
 736 2.000000
 737 1.870000
 738 1.870000
 739 1.850000
 740 1.830000
 741 1.820000
 742 1.870000
 743 1.770000
 744 1.750000
 745 1.720000
 746 1.950000
 747 1.730000
 748 1.730000
 749 1.710000
 750 1.700000
 751 1.800000
 752 1.680000
 753 1.820000
 754 1.820000
 755 1.820000
 756 1.760000
 757 1.730000
 758 1.660000
 759 1.710000
 760 1.680000