
 0 3.000000
 1 2.980000
 2 3.110000
 3 3.110000
 4 3.140000
 5 2.980000
 6 3.110000
 7 3.090000
 8 3.010000
 9 3.000000
 10 2.980000
 11 3.090000
 12 2.950000
 13 3.090000
 14 3.110000
 15 3.110000
 16 2.960000
 17 3.060000
 18 3.090000
 19 3.090000
 20 2.960000
 21 3.060000
 22 2.960000
 23 2.990000
 24 2.980000
 25 2.960000
 26 2.910000
 27 3.040000
 28 3.060000
 29 2.750000
 30 2.660000
 31 2.640000
 32 2.220000
 33 2.120000
 34 2.120000
 35 2.110000
 36 2.090000
 37 2.100000
 38 2.100000
 39 2.100000
 40 2.100000
 41 2.090000
 42 2.110000
 43 2.090000
 44 2.110000
 45 2.090000
 46 2.160000
 47 2.210000
 48 2.200000
 49 2.150000
 50 2.140000
 51 2.140000
 52 2.140000
 53 2.160000
 54 2.150000
 55 2.180000
 56 2.150000
 57 2.160000
 58 2.150000
 59 2.150000
 60 2.150000
 61 2.160000
 62 2.130000
 63 2.190000
 64 2.180000
 65 2.200000
 66 2.170000
 67 2.160000
 68 2.190000
 69 2.150000
 70 2.180000
 71 2.240000
 72 2.260000
 73 2.150000
 74 2.150000
 75 2.150000
 76 2.150000
 77 2.150000
 78 2.220000
 79 2.200000
 80 2.220000
 81 2.210000
 82 2.200000
 83 2.200000
 84 2.190000
 85 2.210000
 86 2.220000
 87 2.250000
 88 2.230000
 89 2.210000
 90 2.230000
 91 2.210000
 92 2.210000
 93 2.200000
 94 2.200000
 95 2.210000
 96 2.250000
 97 2.250000
 98 2.250000
 99 2.250000
 100 2.270000
 101 2.270000
 102 2.300000
 103 2.290000
 104 2.250000
 105 2.280000
 106 2.280000
 107 2.290000
 108 2.300000
 109 2.300000
 110 2.300000
 111 2.290000
 112 2.300000
 113 2.300000
 114 2.310000
 115 2.430000
 116 2.360000
 117 2.310000
 118 2.290000
 119 2.300000
 120 2.300000
 121 2.300000
 122 2.350000
 123 2.350000
 124 2.350000
 125 2.370000
 126 2.400000
 127 2.400000
 128 2.390000
 129 2.400000
 130 2.390000
 131 2.360000
 132 2.390000
 133 2.340000
 134 2.340000
 135 2.360000
 136 2.360000
 137 2.390000
 138 2.400000
 139 2.390000
 140 2.400000
 141 2.390000
 142 3.580000
 143 3.530000
 144 3.500000
 145 3.510000
 146 3.510000
 147 3.520000
 148 3.530000
 149 3.540000
 150 3.450000
 151 3.470000
 152 3.450000
 153 3.480000
 154 3.460000
 155 3.510000
 156 3.500000
 157 3.510000
 158 3.510000
 159 3.510000
 160 3.510000
 161 3.560000
 162 3.640000
 163 3.640000
 164 3.710000
 165 3.610000
 166 1.630000
 167 1.610000
 168 1.640000
 169 1.650000
 170 1.670000
 171 1.670000
 172 3.780000
 173 3.770000
 174 3.810000
 175 3.780000
 176 3.810000
 177 3.830000
 178 3.850000
 179 3.850000
 180 3.850000
 181 3.860000
 182 3.850000
 183 3.870000
 184 3.900000
 185 3.880000
 186 3.900000
 187 3.900000
 188 3.920000
 189 3.940000
 190 3.880000
 191 3.930000
 192 3.960000
 193 4.040000
 194 1.360000
 195 1.420000
 196 1.390000
 197 1.370000
 198 1.350000
 199 1.350000
 200 1.350000
 201 1.340000
 202 1.360000
 203 1.340000
 204 1.350000
 205 1.310000
 206 4.150000
 207 4.180000
 208 4.230000
 209 4.180000
 210 4.230000
 211 4.260000
 212 4.260000
 213 4.310000
 214 4.300000
 215 1.200000
 216 1.270000
 217 1.230000
 218 1.270000
 219 4.330000
 220 4.360000
 221 4.130000
 222 4.260000
 223 4.240000
 224 4.240000
 225 4.250000
 226 4.240000
 227 1.090000
 228 1.070000
 229 3.360000
 230 3.360000
 231 3.320000
 232 3.310000
 233 3.220000
 234 3.220000
 235 3.190000
 236 3.200000
 237 3.150000
 238 3.150000
 239 3.120000
 240 3.120000
 241 3.130000
 242 3.080000
 243 3.080000
 244 3.100000
 245 3.110000
 246 3.100000
 247 1.120000
 248 1.120000
 249 1.070000
 250 1.070000
 251 1.070000
 252 1.090000
 253 1.060000
 254 1.030000
 255 1.040000
 256 1.020000
 257 1.020000
 258 1.040000
 259 1.060000
 260 1.000000
 261 1.030000
 262 1.050000
 263 1.020000
 264 1.020000
 265 1.040000
 266 1.030000
 267 1.010000
 268 1.020000
 269 1.030000
 270 1.040000
 271 1.030000
 272 1.030000
 273 1.050000
 274 1.030000
 275 1.040000
 276 1.060000
 277 1.070000
 278 1.070000
 279 1.130000
 280 3.250000
 281 3.550000
 282 3.590000
 283 3.920000
 284 3.940000
 285 4.010000
 286 5.200000
 287 5.200000
 288 5.160000
 289 5.170000
 290 5.150000
 291 5.140000
 292 5.120000
 293 4.400000
 294 4.400000
 295 4.370000
 296 4.490000
 297 4.460000
 298 4.560000
 299 4.280000
 300 4.280000
 301 4.230000
 302 4.190000
 303 3.540000
 304 3.520000
 305 3.480000
 306 3.580000
 307 3.490000
 308 3.420000
 309 3.360000
 310 3.310000
 311 3.320000
 312 3.300000
 313 3.250000
 314 2.580000
 315 2.640000
 316 2.560000
 317 2.550000
 318 2.550000
 319 2.610000
 320 3.200000
 321 3.200000
 322 3.200000
 323 3.200000
 324 3.180000
 325 3.180000
 326 3.200000
 327 3.210000
 328 3.210000
 329 3.210000
 330 3.210000
 331 3.190000
 332 3.210000
 333 3.190000
 334 3.210000
 335 3.220000
 336 3.200000
 337 3.200000
 338 3.230000
 339 3.220000
 340 3.220000
 341 3.250000
 342 3.220000
 343 3.250000
 344 3.220000
 345 3.220000
 346 3.250000
 347 3.250000
 348 3.220000
 349 3.250000
 350 3.240000
 351 3.240000
 352 3.240000
 353 3.260000
 354 3.240000
 355 3.240000
 356 3.260000
 357 3.290000
 358 3.250000
 359 3.250000
 360 3.320000
 361 3.480000
 362 3.460000
 363 3.430000
 364 3.430000
 365 3.410000
 366 3.380000
 367 3.380000
 368 3.360000
 369 3.380000
 370 2.300000
 371 2.270000
 372 2.220000
 373 2.220000
 374 2.230000
 375 2.230000
 376 2.250000
 377 2.230000
 378 2.230000
 379 3.230000
 380 3.230000
 381 3.230000
 382 3.210000
 383 3.010000
 384 2.970000
 385 3.110000
 386 3.080000
 387 3.030000
 388 3.030000
 389 3.030000
 390 3.010000
 391 2.980000
 392 3.010000
 393 2.980000
 394 3.010000
 395 2.980000
 396 2.980000
 397 2.960000
 398 2.960000
 399 2.940000
 400 2.930000
 401 2.910000
 402 2.890000
 403 2.870000
 404 2.880000
 405 2.840000
 406 2.750000
 407 2.710000
 408 2.710000
 409 2.720000
 410 2.700000
 411 2.680000
 412 2.660000
 413 2.650000
 414 2.650000
 415 2.640000
 416 2.600000
 417 2.600000
 418 2.610000
 419 2.600000
 420 2.630000
 421 2.650000
 422 2.630000
 423 2.630000
 424 2.630000
 425 2.630000
 426 2.630000
 427 2.630000
 428 2.580000
 429 2.630000
 430 2.600000
 431 2.610000
 432 2.600000
 433 2.580000
 434 2.570000
 435 2.590000
 436 2.610000
 437 2.560000
 438 2.580000
 439 2.540000
 440 2.570000
 441 2.560000
 442 2.530000
 443 2.530000
 444 2.510000
 445 2.490000
 446 2.490000
 447 2.500000
 448 2.520000
 449 2.480000
 450 2.470000
 451 2.480000
 452 2.470000
 453 2.470000
 454 2.470000
 455 2.430000
 456 2.430000
 457 2.430000
 458 2.420000
 459 2.430000
 460 2.390000
 461 2.400000
 462 2.430000
 463 2.390000
 464 2.390000
 465 2.380000
 466 2.360000
 467 2.360000
 468 2.410000
 469 2.410000
 470 2.390000
 471 2.380000
 472 2.380000
 473 2.380000
 474 2.380000
 475 2.380000
 476 2.380000
 477 2.360000
 478 2.360000
 479 2.370000
 480 2.340000
 481 2.360000
 482 2.330000
 483 2.330000
 484 2.330000
 485 2.340000
 486 2.340000
 487 2.310000
 488 2.310000
 489 2.310000
 490 2.310000
 491 2.310000
 492 2.310000
 493 2.310000
 494 2.310000
 495 2.310000
 496 2.280000
 497 2.310000
 498 2.280000
 499 2.310000
 500 2.310000
 501 2.290000
 502 2.290000
 503 2.280000
 504 2.310000
 505 2.280000
 506 2.290000
 507 2.210000
 508 2.210000
 509 2.320000
 510 2.340000
 511 2.290000
 512 2.320000
 513 2.340000
 514 2.390000
 515 2.370000
 516 2.340000
 517 2.350000
 518 2.340000
 519 2.340000
 520 2.370000
 521 2.340000
 522 2.330000
 523 2.340000
 524 2.340000
 525 2.340000
 526 2.360000
 527 2.370000
 528 2.390000
 529 2.340000
 530 2.390000
 531 2.390000
 532 2.420000
 533 2.390000
 534 2.390000
 535 2.420000
 536 2.420000
 537 2.400000
 538 2.430000
 539 2.430000
 540 2.430000
 541 2.430000
 542 2.430000
 543 2.460000
 544 2.460000
 545 2.440000
 546 2.440000
 547 2.470000
 548 2.470000
 549 2.480000
 550 2.490000
 551 2.490000
 552 2.460000
 553 2.500000
 554 2.130000
 555 2.140000
 556 2.180000
 557 2.490000
 558 1.900000
 559 1.850000
 560 1.880000
 561 1.860000
 562 1.890000
 563 1.930000
 564 1.860000
 565 1.910000
 566 1.900000
 567 1.920000
 568 2.010000
 569 2.220000
 570 2.400000
 571 2.460000
 572 2.480000
 573 2.450000
 574 2.450000
 575 2.450000
 576 2.450000
 577 2.430000
 578 2.440000
 579 2.440000
 580 2.410000
 581 2.390000
 582 2.410000
 583 2.390000
 584 2.360000
 585 2.390000
 586 2.360000
 587 2.360000
 588 2.340000
 589 2.340000
 590 2.340000
 591 2.340000
 592 2.310000
 593 2.310000
 594 2.310000
 595 2.290000
 596 2.290000
 597 2.280000
 598 2.300000
 599 2.310000
 600 2.260000
 601 2.260000
 602 2.360000
 603 2.380000
 604 2.400000
 605 2.400000
 606 2.420000
 607 2.380000
 608 2.370000
 609 2.390000
 610 2.430000
 611 2.440000
 612 2.460000
 613 2.520000
 614 1.530000
 615 1.530000
 616 1.500000
 617 1.500000
 618 1.500000
 619 1.540000
 620 1.540000
 621 1.540000
 622 1.560000
 623 1.560000
 624 1.560000
 625 1.590000
 626 1.590000
 627 1.610000
 628 1.640000
 629 1.640000
 630 1.660000
 631 1.690000
 632 1.680000
 633 1.710000
 634 1.710000
 635 1.710000
 636 1.730000
 637 1.760000
 638 1.780000
 639 1.780000
 640 1.810000
 641 1.800000
 642 1.820000
 643 1.870000
 644 1.870000
 645 1.920000
 646 1.920000
 647 1.930000
 648 1.980000
 649 2.000000
 650 2.030000
 651 2.030000
 652 2.050000
 653 2.530000
 654 2.730000
 655 2.720000
 656 2.740000
 657 2.760000
 658 2.760000
 659 2.770000
 660 2.740000
 661 2.790000
 662 2.800000
 663 2.770000
 664 2.790000
 665 2.790000
 666 2.790000
 667 2.790000
 668 2.820000
 669 2.800000
 670 2.790000
 671 2.810000
 672 2.820000
 673 2.820000
 674 2.820000
 675 2.850000
 676 2.840000
 677 2.840000
 678 2.840000
 679 2.840000
 680 2.870000
 681 2.890000
 682 2.870000
 683 2.870000
 684 2.890000
 685 2.890000
 686 2.890000
 687 2.920000
 688 2.920000
 689 2.920000
 690 2.910000
 691 2.910000
 692 2.920000
 693 2.910000
 694 2.910000
 695 2.930000
 696 2.930000
 697 2.930000
 698 2.930000
 699 2.930000
 700 2.980000
 701 2.980000
 702 3.010000
 703 3.020000
 704 3.030000
 705 3.030000
 706 3.060000
 707 3.060000
 708 3.080000
 709 3.100000
 710 3.100000
 711 3.120000
 712 3.170000
 713 3.180000
 714 3.210000
 715 3.230000
 716 3.260000
 717 3.250000
 718 3.280000
 719 3.290000
 720 3.290000
 721 3.320000
 722 3.290000
 723 3.290000
 724 3.320000
 725 3.340000
 726 3.350000
 727 3.340000
 728 3.370000
 729 3.390000
 730 3.390000
 731 3.370000
 732 3.080000
 733 2.960000
 734 3.440000
 735 3.470000
 736 3.490000
 737 3.490000
 738 3.490000
 739 3.490000
 740 3.490000
 741 3.520000
 742 3.540000
 743 3.540000
 744 3.570000
 745 3.570000
 746 3.590000
 747 3.560000
 748 3.590000
 749 3.590000
 750 3.620000
 751 3.590000
 752 3.640000
 753 3.690000
 754 3.690000
 755 1.560000
 756 1.550000
 757 1.520000
 758 1.520000
 759 1.550000
 760 1.520000
 0 3.030000
 1 2.980000
 2 3.110000
 3 3.090000
 4 3.110000
 5 2.980000
 6 3.110000
 7 3.090000
 8 3.010000
 9 2.990000
 10 3.010000
 11 3.090000
 12 2.980000
 13 3.090000
 14 3.110000
 15 3.090000
 16 2.960000
 17 3.090000
 18 3.090000
 19 3.090000
 20 2.960000
 21 3.060000
 22 2.960000
 23 2.930000
 24 2.960000
 25 2.930000
 26 2.910000
 27 3.040000
 28 3.060000
 29 2.780000
 30 2.660000
 31 2.640000
 32 2.220000
 33 2.110000
 34 2.120000
 35 2.110000
 36 2.090000
 37 2.100000
 38 2.080000
 39 2.100000
 40 2.100000
 41 2.110000
 42 2.090000
 43 2.110000
 44 2.110000
 45 2.110000
 46 2.140000
 47 2.210000
 48 2.200000
 49 2.150000
 50 2.140000
 51 2.140000
 52 2.160000
 53 2.160000
 54 2.180000
 55 2.150000
 56 2.150000
 57 2.160000
 58 2.150000
 59 2.130000
 60 2.140000
 61 2.140000
 62 2.150000
 63 2.160000
 64 2.170000
 65 2.180000
 66 2.200000
 67 2.190000
 68 2.180000
 69 2.150000
 70 2.180000
 71 2.240000
 72 2.260000
 73 2.130000
 74 2.150000
 75 2.150000
 76 2.150000
 77 2.170000
 78 2.190000
 79 2.200000
 80 2.200000
 81 2.210000
 82 2.200000
 83 2.180000
 84 2.180000
 85 2.210000
 86 2.250000
 87 2.220000
 88 2.230000
 89 2.210000
 90 2.200000
 91 2.210000
 92 2.190000
 93 2.200000
 94 2.200000
 95 2.210000
 96 2.280000
 97 2.230000
 98 2.280000
 99 2.250000
 100 2.270000
 101 2.270000
 102 2.300000
 103 2.290000
 104 2.280000
 105 2.280000
 106 2.280000
 107 2.310000
 108 2.320000
 109 2.300000
 110 2.290000
 111 2.310000
 112 2.300000
 113 2.300000
 114 2.290000
 115 2.430000
 116 2.360000
 117 2.340000
 118 2.310000
 119 2.270000
 120 2.300000
 121 2.280000
 122 2.340000
 123 2.350000
 124 2.400000
 125 2.400000
 126 2.370000
 127 2.390000
 128 2.390000
 129 2.400000
 130 2.390000
 131 2.360000
 132 2.360000
 133 2.360000
 134 2.360000
 135 2.360000
 136 2.360000
 137 2.420000
 138 2.400000
 139 2.420000
 140 2.400000
 141 2.390000
 142 3.580000
 143 3.530000
 144 3.510000
 145 3.490000
 146 3.510000
 147 3.520000
 148 3.500000
 149 3.540000
 150 3.450000
 151 3.470000
 152 3.420000
 153 3.460000
 154 3.480000
 155 3.510000
 156 3.510000
 157 3.520000
 158 3.510000
 159 3.530000
 160 3.530000
 161 3.580000
 162 3.640000
 163 3.640000
 164 3.730000
 165 3.610000
 166 1.600000
 167 1.630000
 168 1.610000
 169 1.690000
 170 1.690000
 171 1.670000
 172 3.750000
 173 3.770000
 174 3.810000
 175 3.810000
 176 3.810000
 177 3.800000
 178 3.840000
 179 3.850000
 180 3.850000
 181 3.860000
 182 3.860000
 183 3.880000
 184 3.880000
 185 3.900000
 186 3.900000
 187 3.900000
 188 3.940000
 189 3.950000
 190 3.910000
 191 3.930000
 192 3.960000
 193 4.010000
 194 1.340000
 195 1.380000
 196 1.360000
 197 1.350000
 198 1.350000
 199 1.350000
 200 1.350000
 201 1.360000
 202 1.330000
 203 1.340000
 204 1.340000
 205 1.310000
 206 4.150000
 207 4.180000
 208 4.170000
 209 4.260000
 210 4.230000
 211 4.260000
 212 4.260000
 213 4.280000
 214 4.320000
 215 1.200000
 216 1.240000
 217 1.230000
 218 1.300000
 219 4.360000
 220 4.360000
 221 4.160000
 222 4.230000
 223 4.270000
 224 4.220000
 225 4.250000
 226 4.250000
 227 1.090000
 228 1.070000
 229 3.360000
 230 3.330000
 231 3.280000
 232 3.310000
 233 3.250000
 234 3.220000
 235 3.190000
 236 3.200000
 237 3.120000
 238 3.150000
 239 3.120000
 240 3.100000
 241 3.130000
 242 3.110000
 243 3.080000
 244 3.090000
 245 3.110000
 246 3.100000
 247 1.120000
 248 1.090000
 249 1.070000
 250 1.070000
 251 1.070000
 252 1.060000
 253 1.030000
 254 1.060000
 255 1.010000
 256 1.020000
 257 1.010000
 258 1.010000
 259 1.010000
 260 1.010000
 261 1.030000
 262 1.030000
 263 1.030000
 264 1.020000
 265 1.020000
 266 1.030000
 267 1.010000
 268 1.010000
 269 1.000000
 270 1.020000
 271 1.020000
 272 1.030000
 273 1.050000
 274 1.030000
 275 1.060000
 276 1.090000
 277 1.070000
 278 1.090000
 279 1.080000
 280 3.250000
 281 3.520000
 282 3.560000
 283 3.920000
 284 3.910000
 285 4.010000
 286 5.170000
 287 5.160000
 288 5.160000
 289 5.170000
 290 5.140000
 291 5.140000
 292 5.120000
 293 4.420000
 294 4.380000
 295 4.400000
 296 4.490000
 297 4.430000
 298 4.440000
 299 4.280000
 300 4.280000
 301 4.180000
 302 3.960000
 303 3.590000
 304 3.520000
 305 3.480000
 306 3.560000
 307 3.540000
 308 3.440000
 309 3.370000
 310 3.310000
 311 3.310000
 312 3.300000
 313 3.280000
 314 2.580000
 315 2.640000
 316 2.590000
 317 2.550000
 318 2.580000
 319 2.610000
 320 3.200000
 321 3.200000
 322 3.200000
 323 3.200000
 324 3.200000
 325 3.200000
 326 3.210000
 327 3.210000
 328 3.210000
 329 3.190000
 330 3.190000
 331 3.190000
 332 3.210000
 333 3.210000
 334 3.210000
 335 3.220000
 336 3.220000
 337 3.220000
 338 3.220000
 339 3.220000
 340 3.220000
 341 3.220000
 342 3.220000
 343 3.220000
 344 3.250000
 345 3.220000
 346 3.250000
 347 3.220000
 348 3.250000
 349 3.240000
 350 3.260000
 351 3.240000
 352 3.260000
 353 3.240000
 354 3.260000
 355 3.260000
 356 3.260000
 357 3.260000
 358 3.250000
 359 3.280000
 360 3.320000
 361 3.480000
 362 3.430000
 363 3.430000
 364 3.410000
 365 3.410000
 366 3.410000
 367 3.380000
 368 3.410000
 369 3.370000
 370 2.280000
 371 2.260000
 372 2.250000
 373 2.250000
 374 2.250000
 375 2.250000
 376 2.220000
 377 2.260000
 378 2.260000
 379 3.250000
 380 3.230000
 381 3.230000
 382 3.190000
 383 3.010000
 384 2.960000
 385 3.110000
 386 3.080000
 387 3.060000
 388 3.030000
 389 3.010000
 390 3.030000
 391 3.020000
 392 3.010000
 393 3.010000
 394 2.980000
 395 2.980000
 396 2.960000
 397 2.960000
 398 2.960000
 399 2.960000
 400 2.910000
 401 2.890000
 402 2.920000
 403 2.890000
 404 2.870000
 405 2.840000
 406 2.730000
 407 2.730000
 408 2.730000
 409 2.720000
 410 2.700000
 411 2.680000
 412 2.660000
 413 2.640000
 414 2.630000
 415 2.640000
 416 2.630000
 417 2.630000
 418 2.640000
 419 2.630000
 420 2.630000
 421 2.620000
 422 2.650000
 423 2.650000
 424 2.630000
 425 2.630000
 426 2.600000
 427 2.630000
 428 2.600000
 429 2.600000
 430 2.600000
 431 2.600000
 432 2.580000
 433 2.580000
 434 2.600000
 435 2.590000
 436 2.580000
 437 2.580000
 438 2.580000
 439 2.570000
 440 2.570000
 441 2.530000
 442 2.530000
 443 2.490000
 444 2.530000
 445 2.520000
 446 2.490000
 447 2.490000
 448 2.500000
 449 2.480000
 450 2.480000
 451 2.450000
 452 2.480000
 453 2.470000
 454 2.450000
 455 2.450000
 456 2.450000
 457 2.430000
 458 2.430000
 459 2.430000
 460 2.420000
 461 2.390000
 462 2.430000
 463 2.390000
 464 2.420000
 465 2.380000
 466 2.360000
 467 2.380000
 468 2.380000
 469 2.410000
 470 2.420000
 471 2.380000
 472 2.380000
 473 2.380000
 474 2.410000
 475 2.380000
 476 2.380000
 477 2.380000
 478 2.360000
 479 2.370000
 480 2.370000
 481 2.330000
 482 2.360000
 483 2.330000
 484 2.330000
 485 2.320000
 486 2.340000
 487 2.330000
 488 2.330000
 489 2.330000
 490 2.330000
 491 2.330000
 492 2.310000
 493 2.310000
 494 2.310000
 495 2.310000
 496 2.310000
 497 2.300000
 498 2.310000
 499 2.310000
 500 2.280000
 501 2.320000
 502 2.310000
 503 2.310000
 504 2.320000
 505 2.310000
 506 2.280000
 507 2.230000
 508 2.220000
 509 2.320000
 510 2.330000
 511 2.310000
 512 2.300000
 513 2.340000
 514 2.370000
 515 2.370000
 516 2.370000
 517 2.370000
 518 2.370000
 519 2.340000
 520 2.340000
 521 2.340000
 522 2.330000
 523 2.320000
 524 2.360000
 525 2.340000
 526 2.340000
 527 2.360000
 528 2.370000
 529 2.370000
 530 2.390000
 531 2.390000
 532 2.420000
 533 2.400000
 534 2.420000
 535 2.420000
 536 2.420000
 537 2.420000
 538 2.430000
 539 2.430000
 540 2.430000
 541 2.430000
 542 2.430000
 543 2.460000
 544 2.460000
 545 2.440000
 546 2.440000
 547 2.460000
 548 2.470000
 549 2.480000
 550 2.460000
 551 2.490000
 552 2.490000
 553 2.460000
 554 2.130000
 555 2.140000
 556 2.180000
 557 2.490000
 558 1.900000
 559 1.840000
 560 1.880000
 561 1.840000
 562 1.890000
 563 1.930000
 564 2.000000
 565 1.910000
 566 1.870000
 567 1.980000
 568 2.030000
 569 2.220000
 570 2.350000
 571 2.480000
 572 2.480000
 573 2.480000
 574 2.480000
 575 2.450000
 576 2.430000
 577 2.450000
 578 2.440000
 579 2.440000
 580 2.430000
 581 2.390000
 582 2.390000
 583 2.390000
 584 2.360000
 585 2.360000
 586 2.390000
 587 2.340000
 588 2.340000
 589 2.340000
 590 2.340000
 591 2.310000
 592 2.310000
 593 2.290000
 594 2.290000
 595 2.310000
 596 2.290000
 597 2.280000
 598 2.300000
 599 2.310000
 600 2.280000
 601 2.280000
 602 2.330000
 603 2.350000
 604 2.400000
 605 2.400000
 606 2.420000
 607 2.380000
 608 2.370000
 609 2.400000
 610 2.430000
 611 2.460000
 612 2.470000
 613 2.520000
 614 1.510000
 615 1.510000
 616 1.530000
 617 1.510000
 618 1.500000
 619 1.540000
 620 1.540000
 621 1.540000
 622 1.560000
 623 1.590000
 624 1.590000
 625 1.590000
 626 1.590000
 627 1.610000
 628 1.630000
 629 1.660000
 630 1.660000
 631 1.680000
 632 1.660000
 633 1.680000
 634 1.710000
 635 1.730000
 636 1.730000
 637 1.760000
 638 1.780000
 639 1.780000
 640 1.810000
 641 1.820000
 642 1.850000
 643 1.870000
 644 1.870000
 645 1.890000
 646 1.920000
 647 1.960000
 648 1.980000
 649 2.030000
 650 2.030000
 651 2.030000
 652 2.050000
 653 2.460000
 654 2.710000
 655 2.710000
 656 2.740000
 657 2.730000
 658 2.760000
 659 2.770000
 660 2.770000
 661 2.770000
 662 2.770000
 663 2.790000
 664 2.790000
 665 2.790000
 666 2.770000
 667 2.770000
 668 2.790000
 669 2.770000
 670 2.790000
 671 2.790000
 672 2.790000
 673 2.820000
 674 2.820000
 675 2.820000
 676 2.840000
 677 2.840000
 678 2.840000
 679 2.840000
 680 2.870000
 681 2.890000
 682 2.890000
 683 2.890000
 684 2.890000
 685 2.880000
 686 2.910000
 687 2.880000
 688 2.880000
 689 2.920000
 690 2.910000
 691 2.910000
 692 2.910000
 693 2.930000
 694 2.930000
 695 2.930000
 696 2.930000
 697 2.930000
 698 2.930000
 699 2.930000
 700 2.980000
 701 2.980000
 702 3.010000
 703 3.010000
 704 3.030000
 705 3.030000
 706 3.050000
 707 3.080000
 708 3.070000
 709 3.100000
 710 3.120000
 711 3.140000
 712 3.140000
 713 3.180000
 714 3.170000
 715 3.200000
 716 3.230000
 717 3.240000
 718 3.240000
 719 3.290000
 720 3.300000
 721 3.320000
 722 3.290000
 723 3.300000
 724 3.290000
 725 3.340000
 726 3.340000
 727 3.340000
 728 3.370000
 729 3.370000
 730 3.390000
 731 3.380000
 732 3.080000
 733 2.990000
 734 3.440000
 735 3.470000
 736 3.470000
 737 3.470000
 738 3.490000
 739 3.490000
 740 3.510000
 741 3.490000
 742 3.540000
 743 3.540000
 744 3.570000
 745 3.570000
 746 3.560000
 747 3.590000
 748 3.570000
 749 3.560000
 750 3.590000
 751 3.590000
 752 3.610000
 753 3.670000
 754 3.710000
 755 1.530000
 756 1.550000
 757 1.510000
 758 1.520000
 759 1.520000
 760 1.520000
 0 3.030000
 1 3.010000
 2 3.110000
 3 3.090000
 4 3.110000
 5 2.980000
 6 3.110000
 7 3.090000
 8 2.980000
 9 3.000000
 10 3.010000
 11 3.090000
 12 2.980000
 13 3.110000
 14 3.110000
 15 3.090000
 16 2.980000
 17 3.060000
 18 3.090000
 19 3.060000
 20 2.960000
 21 3.060000
 22 2.960000
 23 2.960000
 24 2.960000
 25 2.960000
 26 2.930000
 27 3.040000
 28 3.060000
 29 2.770000
 30 2.690000
 31 2.610000
 32 2.220000
 33 2.110000
 34 2.120000
 35 2.090000
 36 2.090000
 37 2.100000
 38 2.100000
 39 2.070000
 40 2.100000
 41 2.090000
 42 2.090000
 43 2.090000
 44 2.110000
 45 2.110000
 46 2.140000
 47 2.210000
 48 2.200000
 49 2.150000
 50 2.140000
 51 2.160000
 52 2.140000
 53 2.160000
 54 2.180000
 55 2.180000
 56 2.180000
 57 2.160000
 58 2.150000
 59 2.150000
 60 2.140000
 61 2.140000
 62 2.150000
 63 2.160000
 64 2.180000
 65 2.180000
 66 2.200000
 67 2.160000
 68 2.150000
 69 2.180000
 70 2.180000
 71 2.260000
 72 2.260000
 73 2.150000
 74 2.150000
 75 2.150000
 76 2.160000
 77 2.150000
 78 2.190000
 79 2.200000
 80 2.200000
 81 2.210000
 82 2.200000
 83 2.180000
 84 2.180000
 85 2.240000
 86 2.220000
 87 2.220000
 88 2.230000
 89 2.240000
 90 2.200000
 91 2.190000
 92 2.190000
 93 2.200000
 94 2.200000
 95 2.210000
 96 2.250000
 97 2.250000
 98 2.250000
 99 2.250000
 100 2.270000
 101 2.270000
 102 2.270000
 103 2.290000
 104 2.280000
 105 2.300000
 106 2.280000
 107 2.290000
 108 2.300000
 109 2.300000
 110 2.310000
 111 2.310000
 112 2.280000
 113 2.300000
 114 2.310000
 115 2.460000
 116 2.360000
 117 2.340000
 118 2.290000
 119 2.300000
 120 2.300000
 121 2.300000
 122 2.340000
 123 2.350000
 124 2.370000
 125 2.370000
 126 2.370000
 127 2.370000
 128 2.360000
 129 2.370000
 130 2.360000
 131 2.390000
 132 2.360000
 133 2.360000
 134 2.360000
 135 2.360000
 136 2.360000
 137 2.420000
 138 2.400000
 139 2.390000
 140 2.400000
 141 2.390000
 142 3.580000
 143 3.530000
 144 3.520000
 145 3.510000
 146 3.490000
 147 3.520000
 148 3.500000
 149 3.540000
 150 3.450000
 151 3.470000
 152 3.450000
 153 3.480000
 154 3.500000
 155 3.500000
 156 3.500000
 157 3.540000
 158 3.510000
 159 3.530000
 160 3.530000
 161 3.560000
 162 3.640000
 163 3.640000
 164 3.710000
 165 3.610000
 166 1.600000
 167 1.640000
 168 1.610000
 169 1.690000
 170 1.700000
 171 1.670000
 172 3.740000
 173 3.770000
 174 3.780000
 175 3.810000
 176 3.820000
 177 3.800000
 178 3.840000
 179 3.850000
 180 3.850000
 181 3.870000
 182 3.880000
 183 3.860000
 184 3.880000
 185 3.900000
 186 3.900000
 187 3.910000
 188 3.910000
 189 3.930000
 190 3.910000
 191 3.930000
 192 3.960000
 193 4.020000
 194 1.330000
 195 1.410000
 196 1.360000
 197 1.350000
 198 1.380000
 199 1.350000
 200 1.350000
 201 1.340000
 202 1.360000
 203 1.310000
 204 1.380000
 205 1.310000
 206 4.150000
 207 4.180000
 208 4.170000
 209 4.270000
 210 4.230000
 211 4.260000
 212 4.280000
 213 4.310000
 214 4.320000
 215 1.200000
 216 1.240000
 217 1.230000
 218 1.270000
 219 4.360000
 220 4.330000
 221 4.130000
 222 4.230000
 223 4.260000
 224 4.240000
 225 4.240000
 226 4.270000
 227 1.060000
 228 1.040000
 229 3.360000
 230 3.360000
 231 3.310000
 232 3.280000
 233 3.270000
 234 3.250000
 235 3.200000
 236 3.170000
 237 3.150000
 238 3.150000
 239 3.150000
 240 3.120000
 241 3.130000
 242 3.080000
 243 3.110000
 244 3.100000
 245 3.110000
 246 3.100000
 247 1.120000
 248 1.090000
 249 1.100000
 250 1.070000
 251 1.070000
 252 1.060000
 253 1.060000
 254 1.060000
 255 1.040000
 256 1.020000
 257 1.030000
 258 1.010000
 259 1.000000
 260 1.020000
 261 1.010000
 262 1.040000
 263 1.050000
 264 1.010000
 265 0.990000
 266 1.020000
 267 1.000000
 268 1.030000
 269 1.020000
 270 1.030000
 271 1.010000
 272 1.020000
 273 1.050000
 274 1.010000
 275 1.040000
 276 1.060000
 277 1.090000
 278 1.070000
 279 1.100000
 280 3.250000
 281 3.520000
 282 3.560000
 283 3.920000
 284 3.910000
 285 4.010000
 286 5.200000
 287 5.200000
 288 5.160000
 289 5.160000
 290 5.140000
 291 5.120000
 292 5.110000
 293 4.430000
 294 4.380000
 295 4.370000
 296 4.510000
 297 4.430000
 298 4.500000
 299 4.310000
 300 4.360000
 301 4.180000
 302 3.780000
 303 3.540000
 304 3.500000
 305 3.580000
 306 3.580000
 307 3.520000
 308 3.420000
 309 3.360000
 310 3.340000
 311 3.290000
 312 3.300000
 313 3.250000
 314 2.580000
 315 2.640000
 316 2.590000
 317 2.590000
 318 2.550000
 319 2.610000
 320 3.200000
 321 3.200000
 322 3.200000
 323 3.200000
 324 3.200000
 325 3.200000
 326 3.200000
 327 3.190000
 328 3.190000
 329 3.210000
 330 3.210000
 331 3.210000
 332 3.190000
 333 3.210000
 334 3.210000
 335 3.200000
 336 3.220000
 337 3.200000
 338 3.220000
 339 3.250000
 340 3.220000
 341 3.220000
 342 3.220000
 343 3.220000
 344 3.250000
 345 3.220000
 346 3.250000
 347 3.250000
 348 3.250000
 349 3.240000
 350 3.240000
 351 3.240000
 352 3.260000
 353 3.260000
 354 3.260000
 355 3.260000
 356 3.260000
 357 3.290000
 358 3.280000
 359 3.280000
 360 3.290000
 361 3.460000
 362 3.460000
 363 3.430000
 364 3.410000
 365 3.410000
 366 3.380000
 367 3.380000
 368 3.380000
 369 3.380000
 370 2.280000
 371 2.260000
 372 2.250000
 373 2.220000
 374 2.230000
 375 2.250000
 376 2.220000
 377 2.230000
 378 2.230000
 379 3.260000
 380 3.230000
 381 3.230000
 382 3.200000
 383 2.980000
 384 2.960000
 385 3.080000
 386 3.080000
 387 3.060000
 388 3.030000
 389 3.010000
 390 3.010000
 391 3.010000
 392 3.010000
 393 2.980000
 394 2.980000
 395 2.980000
 396 2.960000
 397 2.980000
 398 2.960000
 399 2.930000
 400 2.930000
 401 2.930000
 402 2.890000
 403 2.900000
 404 2.880000
 405 2.840000
 406 2.740000
 407 2.710000
 408 2.740000
 409 2.720000
 410 2.700000
 411 2.680000
 412 2.680000
 413 2.660000
 414 2.650000
 415 2.640000
 416 2.630000
 417 2.600000
 418 2.630000
 419 2.630000
 420 2.620000
 421 2.650000
 422 2.630000
 423 2.630000
 424 2.630000
 425 2.630000
 426 2.600000
 427 2.600000
 428 2.600000
 429 2.630000
 430 2.600000
 431 2.600000
 432 2.600000
 433 2.600000
 434 2.600000
 435 2.590000
 436 2.580000
 437 2.560000
 438 2.560000
 439 2.570000
 440 2.540000
 441 2.530000
 442 2.510000
 443 2.530000
 444 2.490000
 445 2.490000
 446 2.500000
 447 2.500000
 448 2.500000
 449 2.480000
 450 2.490000
 451 2.480000
 452 2.470000
 453 2.470000
 454 2.450000
 455 2.440000
 456 2.430000
 457 2.430000
 458 2.430000
 459 2.420000
 460 2.420000
 461 2.430000
 462 2.430000
 463 2.430000
 464 2.430000
 465 2.410000
 466 2.380000
 467 2.380000
 468 2.400000
 469 2.410000
 470 2.360000
 471 2.380000
 472 2.380000
 473 2.380000
 474 2.380000
 475 2.380000
 476 2.380000
 477 2.380000
 478 2.360000
 479 2.350000
 480 2.370000
 481 2.360000
 482 2.330000
 483 2.330000
 484 2.360000
 485 2.340000
 486 2.330000
 487 2.330000
 488 2.330000
 489 2.310000
 490 2.330000
 491 2.330000
 492 2.330000
 493 2.320000
 494 2.310000
 495 2.310000
 496 2.310000
 497 2.310000
 498 2.280000
 499 2.310000
 500 2.290000
 501 2.280000
 502 2.310000
 503 2.280000
 504 2.310000
 505 2.310000
 506 2.290000
 507 2.230000
 508 2.210000
 509 2.320000
 510 2.340000
 511 2.290000
 512 2.300000
 513 2.350000
 514 2.370000
 515 2.390000
 516 2.370000
 517 2.370000
 518 2.370000
 519 2.370000
 520 2.370000
 521 2.340000
 522 2.330000
 523 2.340000
 524 2.370000
 525 2.340000
 526 2.370000
 527 2.360000
 528 2.370000
 529 2.340000
 530 2.370000
 531 2.390000
 532 2.390000
 533 2.420000
 534 2.400000
 535 2.440000
 536 2.420000
 537 2.420000
 538 2.410000
 539 2.430000
 540 2.410000
 541 2.430000
 542 2.430000
 543 2.460000
 544 2.460000
 545 2.470000
 546 2.440000
 547 2.460000
 548 2.450000
 549 2.480000
 550 2.460000
 551 2.490000
 552 2.490000
 553 2.470000
 554 2.150000
 555 2.140000
 556 2.160000
 557 2.490000
 558 1.900000
 559 1.870000
 560 1.860000
 561 1.860000
 562 1.870000
 563 1.930000
 564 1.970000
 565 1.910000
 566 1.930000
 567 2.000000
 568 2.030000
 569 2.220000
 570 2.390000
 571 2.480000
 572 2.480000
 573 2.450000
 574 2.450000
 575 2.450000
 576 2.450000
 577 2.440000
 578 2.440000
 579 2.410000
 580 2.410000
 581 2.400000
 582 2.390000
 583 2.360000
 584 2.360000
 585 2.360000
 586 2.340000
 587 2.360000
 588 2.360000
 589 2.340000
 590 2.340000
 591 2.310000
 592 2.310000
 593 2.310000
 594 2.290000
 595 2.290000
 596 2.290000
 597 2.300000
 598 2.300000
 599 2.310000
 600 2.280000
 601 2.280000
 602 2.330000
 603 2.380000
 604 2.400000
 605 2.400000
 606 2.400000
 607 2.380000
 608 2.370000
 609 2.400000
 610 2.430000
 611 2.460000
 612 2.490000
 613 2.490000
 614 1.510000
 615 1.510000
 616 1.510000
 617 1.510000
 618 1.490000
 619 1.510000
 620 1.510000
 621 1.540000
 622 1.560000
 623 1.560000
 624 1.590000
 625 1.590000
 626 1.590000
 627 1.610000
 628 1.640000
 629 1.630000
 630 1.660000
 631 1.660000
 632 1.680000
 633 1.710000
 634 1.710000
 635 1.710000
 636 1.730000
 637 1.730000
 638 1.760000
 639 1.780000
 640 1.810000
 641 1.820000
 642 1.850000
 643 1.840000
 644 1.870000
 645 1.920000
 646 1.910000
 647 1.970000
 648 1.980000
 649 2.030000
 650 2.010000
 651 2.030000
 652 2.050000
 653 2.580000
 654 2.710000
 655 2.740000
 656 2.740000
 657 2.740000
 658 2.740000
 659 2.770000
 660 2.770000
 661 2.770000
 662 2.790000
 663 2.790000
 664 2.770000
 665 2.790000
 666 2.790000
 667 2.790000
 668 2.820000
 669 2.790000
 670 2.820000
 671 2.790000
 672 2.790000
 673 2.820000
 674 2.840000
 675 2.820000
 676 2.840000
 677 2.840000
 678 2.840000
 679 2.870000
 680 2.870000
 681 2.870000
 682 2.870000
 683 2.870000
 684 2.890000
 685 2.890000
 686 2.890000
 687 2.880000
 688 2.910000
 689 2.890000
 690 2.920000
 691 2.910000
 692 2.920000
 693 2.930000
 694 2.930000
 695 2.930000
 696 2.930000
 697 2.930000
 698 2.960000
 699 2.980000
 700 2.980000
 701 2.980000
 702 3.010000
 703 3.010000
 704 3.030000
 705 3.030000
 706 3.060000
 707 3.080000
 708 3.080000
 709 3.090000
 710 3.090000
 711 3.130000
 712 3.140000
 713 3.170000
 714 3.180000
 715 3.190000
 716 3.230000
 717 3.230000
 718 3.240000
 719 3.290000
 720 3.290000
 721 3.270000
 722 3.300000
 723 3.290000
 724 3.290000
 725 3.310000
 726 3.370000
 727 3.370000
 728 3.370000
 729 3.390000
 730 3.370000
 731 3.380000
 732 3.080000
 733 2.990000
 734 3.440000
 735 3.470000
 736 3.470000
 737 3.470000
 738 3.490000
 739 3.490000
 740 3.510000
 741 3.520000
 742 3.520000
 743 3.540000
 744 3.570000
 745 3.570000
 746 3.570000
 747 3.560000
 748 3.540000
 749 3.570000
 750 3.590000
 751 3.590000
 752 3.620000
 753 3.660000
 754 3.690000
 755 1.530000
 756 1.550000
 757 1.520000
 758 1.540000
 759 1.550000
 760 1.550000
 0 3.030000
 1 3.010000
 2 3.110000
 3 3.110000
 4 3.110000
 5 2.980000
 6 3.110000
 7 3.090000
 8 2.970000
 9 3.020000
 10 2.980000
 11 3.090000
 12 2.950000
 13 3.090000
 14 3.110000
 15 3.090000
 16 2.960000
 17 3.060000
 18 3.090000
 19 3.090000
 20 2.930000
 21 3.060000
 22 2.960000
 23 2.990000
 24 2.960000
 25 2.960000
 26 2.930000
 27 3.060000
 28 3.060000
 29 2.750000
 30 2.660000
 31 2.640000
 32 2.240000
 33 2.120000
 34 2.120000
 35 2.090000
 36 2.090000
 37 2.100000
 38 2.100000
 39 2.100000
 40 2.100000
 41 2.110000
 42 2.090000
 43 2.090000
 44 2.110000
 45 2.090000
 46 2.140000
 47 2.190000
 48 2.180000
 49 2.150000
 50 2.140000
 51 2.140000
 52 2.140000
 53 2.160000
 54 2.180000
 55 2.180000
 56 2.180000
 57 2.160000
 58 2.150000
 59 2.130000
 60 2.120000
 61 2.140000
 62 2.150000
 63 2.160000
 64 2.180000
 65 2.170000
 66 2.200000
 67 2.160000
 68 2.190000
 69 2.150000
 70 2.180000
 71 2.240000
 72 2.240000
 73 2.130000
 74 2.150000
 75 2.150000
 76 2.170000
 77 2.150000
 78 2.200000
 79 2.200000
 80 2.220000
 81 2.190000
 82 2.200000
 83 2.200000
 84 2.200000
 85 2.210000
 86 2.220000
 87 2.220000
 88 2.230000
 89 2.240000
 90 2.210000
 91 2.210000
 92 2.210000
 93 2.200000
 94 2.170000
 95 2.210000
 96 2.250000
 97 2.250000
 98 2.250000
 99 2.250000
 100 2.270000
 101 2.270000
 102 2.270000
 103 2.290000
 104 2.280000
 105 2.280000
 106 2.300000
 107 2.290000
 108 2.300000
 109 2.300000
 110 2.310000
 111 2.290000
 112 2.300000
 113 2.300000
 114 2.290000
 115 2.460000
 116 2.360000
 117 2.340000
 118 2.290000
 119 2.300000
 120 2.300000
 121 2.300000
 122 2.340000
 123 2.350000
 124 2.370000
 125 2.370000
 126 2.370000
 127 2.360000
 128 2.390000
 129 2.370000
 130 2.390000
 131 2.390000
 132 2.360000
 133 2.360000
 134 2.360000
 135 2.340000
 136 2.360000
 137 2.420000
 138 2.400000
 139 2.390000
 140 2.400000
 141 2.390000
 142 3.550000
 143 3.530000
 144 3.500000
 145 3.490000
 146 3.520000
 147 3.520000
 148 3.500000
 149 3.540000
 150 3.450000
 151 3.440000
 152 3.450000
 153 3.460000
 154 3.490000
 155 3.480000
 156 3.510000
 157 3.500000
 158 3.510000
 159 3.510000
 160 3.530000
 161 3.580000
 162 3.640000
 163 3.630000
 164 3.730000
 165 3.610000
 166 1.630000
 167 1.630000
 168 1.610000
 169 1.690000
 170 1.670000
 171 1.670000
 172 3.740000
 173 3.770000
 174 3.810000
 175 3.810000
 176 3.810000
 177 3.830000
 178 3.850000
 179 3.840000
 180 3.850000
 181 3.860000
 182 3.860000
 183 3.850000
 184 3.870000
 185 3.900000
 186 3.890000
 187 3.890000
 188 3.910000
 189 3.910000
 190 3.880000
 191 3.930000
 192 3.960000
 193 4.040000
 194 1.340000
 195 1.410000
 196 1.360000
 197 1.380000
 198 1.350000
 199 1.350000
 200 1.350000
 201 1.340000
 202 1.330000
 203 1.340000
 204 1.320000
 205 1.310000
 206 4.150000
 207 4.170000
 208 4.230000
 209 4.230000
 210 4.210000
 211 4.230000
 212 4.310000
 213 4.280000
 214 4.300000
 215 1.200000
 216 1.230000
 217 1.260000
 218 1.270000
 219 4.330000
 220 4.360000
 221 4.130000
 222 4.230000
 223 4.260000
 224 4.220000
 225 4.220000
 226 4.240000
 227 1.060000
 228 1.070000
 229 3.360000
 230 3.360000
 231 3.310000
 232 3.280000
 233 3.250000
 234 3.220000
 235 3.190000
 236 3.170000
 237 3.170000
 238 3.120000
 239 3.120000
 240 3.100000
 241 3.100000
 242 3.080000
 243 3.080000
 244 3.100000
 245 3.100000
 246 3.100000
 247 1.150000
 248 1.090000
 249 1.100000
 250 1.070000
 251 1.070000
 252 1.060000
 253 1.030000
 254 1.030000
 255 1.040000
 256 1.030000
 257 1.020000
 258 1.030000
 259 1.020000
 260 1.030000
 261 1.030000
 262 1.050000
 263 1.030000
 264 1.020000
 265 1.010000
 266 1.030000
 267 1.020000
 268 1.010000
 269 1.030000
 270 1.020000
 271 1.020000
 272 1.020000
 273 1.020000
 274 1.030000
 275 1.060000
 276 1.060000
 277 1.090000
 278 1.070000
 279 1.100000
 280 3.250000
 281 3.520000
 282 3.550000
 283 3.920000
 284 3.910000
 285 4.030000
 286 5.200000
 287 5.170000
 288 5.160000
 289 5.160000
 290 5.160000
 291 5.140000
 292 5.120000
 293 4.420000
 294 4.380000
 295 4.370000
 296 4.510000
 297 4.430000
 298 4.420000
 299 4.310000
 300 4.280000
 301 4.230000
 302 4.110000
 303 3.580000
 304 3.490000
 305 3.510000
 306 3.580000
 307 3.510000
 308 3.450000
 309 3.380000
 310 3.340000
 311 3.310000
 312 3.320000
 313 3.280000
 314 2.600000
 315 2.660000
 316 2.590000
 317 2.560000
 318 2.550000
 319 2.610000
 320 3.200000
 321 3.200000
 322 3.200000
 323 3.200000
 324 3.200000
 325 3.180000
 326 3.190000
 327 3.210000
 328 3.210000
 329 3.190000
 330 3.190000
 331 3.190000
 332 3.190000
 333 3.190000
 334 3.190000
 335 3.210000
 336 3.220000
 337 3.220000
 338 3.230000
 339 3.220000
 340 3.220000
 341 3.220000
 342 3.220000
 343 3.220000
 344 3.220000
 345 3.250000
 346 3.250000
 347 3.250000
 348 3.250000
 349 3.210000
 350 3.240000
 351 3.240000
 352 3.260000
 353 3.260000
 354 3.260000
 355 3.260000
 356 3.260000
 357 3.260000
 358 3.280000
 359 3.250000
 360 3.300000
 361 3.460000
 362 3.460000
 363 3.430000
 364 3.430000
 365 3.410000
 366 3.410000
 367 3.380000
 368 3.380000
 369 3.380000
 370 2.300000
 371 2.260000
 372 2.250000
 373 2.250000
 374 2.230000
 375 2.250000
 376 2.250000
 377 2.230000
 378 2.260000
 379 3.260000
 380 3.230000
 381 3.230000
 382 3.230000
 383 3.010000
 384 2.980000
 385 3.130000
 386 3.080000
 387 3.060000
 388 3.060000
 389 3.030000
 390 3.010000
 391 3.010000
 392 3.010000
 393 2.980000
 394 2.980000
 395 2.980000
 396 2.980000
 397 2.980000
 398 2.930000
 399 2.930000
 400 2.930000
 401 2.930000
 402 2.890000
 403 2.890000
 404 2.880000
 405 2.870000
 406 2.760000
 407 2.710000
 408 2.710000
 409 2.720000
 410 2.700000
 411 2.680000
 412 2.680000
 413 2.650000
 414 2.650000
 415 2.640000
 416 2.650000
 417 2.640000
 418 2.640000
 419 2.620000
 420 2.630000
 421 2.650000
 422 2.650000
 423 2.650000
 424 2.630000
 425 2.600000
 426 2.630000
 427 2.630000
 428 2.600000
 429 2.600000
 430 2.600000
 431 2.630000
 432 2.600000
 433 2.600000
 434 2.600000
 435 2.590000
 436 2.610000
 437 2.580000
 438 2.580000
 439 2.570000
 440 2.560000
 441 2.530000
 442 2.510000
 443 2.530000
 444 2.500000
 445 2.530000
 446 2.500000
 447 2.490000
 448 2.500000
 449 2.480000
 450 2.480000
 451 2.480000
 452 2.440000
 453 2.480000
 454 2.450000
 455 2.460000
 456 2.460000
 457 2.430000
 458 2.440000
 459 2.420000
 460 2.420000
 461 2.400000
 462 2.430000
 463 2.430000
 464 2.430000
 465 2.410000
 466 2.360000
 467 2.380000
 468 2.410000
 469 2.410000
 470 2.390000
 471 2.410000
 472 2.380000
 473 2.380000
 474 2.380000
 475 2.380000
 476 2.360000
 477 2.380000
 478 2.360000
 479 2.350000
 480 2.370000
 481 2.360000
 482 2.330000
 483 2.360000
 484 2.330000
 485 2.320000
 486 2.340000
 487 2.330000
 488 2.310000
 489 2.330000
 490 2.310000
 491 2.310000
 492 2.310000
 493 2.310000
 494 2.310000
 495 2.310000
 496 2.310000
 497 2.300000
 498 2.310000
 499 2.320000
 500 2.310000
 501 2.310000
 502 2.280000
 503 2.320000
 504 2.310000
 505 2.310000
 506 2.310000
 507 2.210000
 508 2.210000
 509 2.340000
 510 2.320000
 511 2.310000
 512 2.320000
 513 2.340000
 514 2.390000
 515 2.370000
 516 2.370000
 517 2.370000
 518 2.370000
 519 2.370000
 520 2.370000
 521 2.370000
 522 2.330000
 523 2.340000
 524 2.360000
 525 2.340000
 526 2.340000
 527 2.340000
 528 2.370000
 529 2.370000
 530 2.390000
 531 2.390000
 532 2.420000
 533 2.420000
 534 2.420000
 535 2.440000
 536 2.420000
 537 2.420000
 538 2.420000
 539 2.410000
 540 2.430000
 541 2.430000
 542 2.440000
 543 2.460000
 544 2.460000
 545 2.460000
 546 2.440000
 547 2.460000
 548 2.470000
 549 2.450000
 550 2.490000
 551 2.490000
 552 2.490000
 553 2.460000
 554 2.130000
 555 2.140000
 556 2.180000
 557 2.490000
 558 1.870000
 559 1.870000
 560 1.860000
 561 1.860000
 562 1.870000
 563 1.940000
 564 1.990000
 565 1.880000
 566 1.930000
 567 1.950000
 568 2.010000
 569 2.220000
 570 2.350000
 571 2.460000
 572 2.480000
 573 2.450000
 574 2.450000
 575 2.450000
 576 2.430000
 577 2.430000
 578 2.440000
 579 2.440000
 580 2.410000
 581 2.390000
 582 2.410000
 583 2.390000
 584 2.390000
 585 2.360000
 586 2.360000
 587 2.360000
 588 2.340000
 589 2.340000
 590 2.340000
 591 2.310000
 592 2.310000
 593 2.310000
 594 2.310000
 595 2.290000
 596 2.290000
 597 2.280000
 598 2.280000
 599 2.280000
 600 2.280000
 601 2.280000
 602 2.330000
 603 2.350000
 604 2.380000
 605 2.400000
 606 2.390000
 607 2.380000
 608 2.370000
 609 2.390000
 610 2.400000
 611 2.440000
 612 2.460000
 613 2.490000
 614 1.530000
 615 1.490000
 616 1.490000
 617 1.500000
 618 1.490000
 619 1.510000
 620 1.540000
 621 1.540000
 622 1.540000
 623 1.560000
 624 1.590000
 625 1.560000
 626 1.610000
 627 1.610000
 628 1.640000
 629 1.640000
 630 1.660000
 631 1.660000
 632 1.660000
 633 1.710000
 634 1.710000
 635 1.710000
 636 1.730000
 637 1.760000
 638 1.780000
 639 1.810000
 640 1.810000
 641 1.820000
 642 1.820000
 643 1.850000
 644 1.870000
 645 1.920000
 646 1.940000
 647 1.930000
 648 1.980000
 649 2.000000
 650 2.030000
 651 2.010000
 652 2.020000
 653 2.480000
 654 2.710000
 655 2.740000
 656 2.720000
 657 2.730000
 658 2.770000
 659 2.770000
 660 2.770000
 661 2.770000
 662 2.800000
 663 2.790000
 664 2.790000
 665 2.790000
 666 2.770000
 667 2.770000
 668 2.790000
 669 2.790000
 670 2.820000
 671 2.810000
 672 2.790000
 673 2.840000
 674 2.840000
 675 2.850000
 676 2.870000
 677 2.840000
 678 2.870000
 679 2.870000
 680 2.870000
 681 2.870000
 682 2.870000
 683 2.870000
 684 2.870000
 685 2.880000
 686 2.880000
 687 2.880000
 688 2.910000
 689 2.890000
 690 2.880000
 691 2.920000
 692 2.910000
 693 2.940000
 694 2.910000
 695 2.930000
 696 2.930000
 697 2.930000
 698 2.930000
 699 2.940000
 700 2.980000
 701 2.980000
 702 3.010000
 703 3.000000
 704 3.000000
 705 3.060000
 706 3.050000
 707 3.050000
 708 3.090000
 709 3.130000
 710 3.120000
 711 3.150000
 712 3.170000
 713 3.170000
 714 3.200000
 715 3.230000
 716 3.230000
 717 3.230000
 718 3.240000
 719 3.290000
 720 3.310000
 721 3.290000
 722 3.270000
 723 3.290000
 724 3.310000
 725 3.340000
 726 3.340000
 727 3.370000
 728 3.370000
 729 3.370000
 730 3.390000
 731 3.360000
 732 3.060000
 733 2.990000
 734 3.440000
 735 3.490000
 736 3.490000
 737 3.490000
 738 3.520000
 739 3.500000
 740 3.490000
 741 3.510000
 742 3.520000
 743 3.540000
 744 3.560000
 745 3.540000
 746 3.560000
 747 3.560000
 748 3.570000
 749 3.590000
 750 3.610000
 751 3.610000
 752 3.640000
 753 3.670000
 754 3.740000
 755 1.530000
 756 1.530000
 757 1.550000
 758 1.550000
 759 1.550000
 760 1.550000