
 0 2.320000
 1 2.350000
 2 2.330000
 3 2.220000
 4 2.300000
 5 2.330000
 6 2.280000
 7 2.250000
 8 2.280000
 9 2.230000
 10 2.220000
 11 2.160000
 12 3.280000
 13 2.170000
 14 3.270000
 15 2.300000
 16 2.150000
 17 2.250000
 18 2.270000
 19 2.250000
 20 2.250000
 21 2.280000
 22 2.300000
 23 2.300000
 24 2.270000
 25 2.200000
 26 2.240000
 27 2.230000
 28 2.250000
 29 2.250000
 30 2.370000
 31 2.370000
 32 2.400000
 33 2.400000
 34 2.390000
 35 2.450000
 36 2.470000
 37 2.440000
 38 2.470000
 39 2.550000
 40 2.520000
 41 2.580000
 42 2.600000
 43 2.600000
 44 2.650000
 45 2.680000
 46 2.700000
 47 2.730000
 48 2.830000
 49 2.890000
 50 2.910000
 51 2.850000
 52 2.800000
 53 2.800000
 54 2.800000
 55 2.820000
 56 2.810000
 57 2.870000
 58 2.880000
 59 2.930000
 60 2.930000
 61 2.950000
 62 2.950000
 63 2.950000
 64 2.980000
 65 3.030000
 66 3.080000
 67 3.050000
 68 3.050000
 69 3.080000
 70 3.110000
 71 3.140000
 72 3.190000
 73 3.210000
 74 3.210000
 75 3.210000
 76 3.240000
 77 3.260000
 78 3.290000
 79 3.290000
 80 3.310000
 81 3.290000
 82 3.330000
 83 3.350000
 84 3.350000
 85 3.350000
 86 3.380000
 87 3.400000
 88 3.400000
 89 3.450000
 90 3.350000
 91 3.430000
 92 3.480000
 93 3.480000
 94 3.520000
 95 3.570000
 96 3.570000
 97 3.590000
 98 3.620000
 99 3.800000
 100 3.800000
 101 3.820000
 102 3.820000
 103 3.830000
 104 3.850000
 105 3.870000
 106 3.850000
 107 3.870000
 108 3.920000
 109 3.830000
 110 3.950000
 111 3.850000
 112 3.850000
 113 3.880000
 114 4.030000
 115 4.050000
 116 4.050000
 117 4.050000
 118 4.050000
 119 4.080000
 120 4.090000
 121 4.060000
 122 3.950000
 123 3.990000
 124 3.950000
 125 3.950000
 126 3.950000
 127 4.020000
 128 3.980000
 129 4.060000
 130 4.010000
 131 4.010000
 132 3.980000
 133 4.010000
 134 4.010000
 135 3.950000
 136 3.890000
 137 3.990000
 138 3.960000
 139 3.560000
 140 3.460000
 141 3.520000
 142 3.500000
 143 3.940000
 144 3.940000
 145 3.940000
 146 3.780000
 147 3.750000
 148 2.830000
 149 2.820000
 150 2.820000
 151 2.820000
 152 2.810000
 153 2.820000
 154 2.800000
 155 2.820000
 156 2.820000
 157 2.800000
 158 2.800000
 159 2.820000
 160 2.800000
 161 2.800000
 162 2.770000
 163 2.800000
 164 2.790000
 165 2.800000
 166 2.830000
 167 2.840000
 168 2.860000
 169 2.830000
 170 2.700000
 171 2.710000
 172 2.690000
 173 2.690000
 174 2.690000
 175 2.690000
 176 2.660000
 177 2.690000
 178 2.690000
 179 2.670000
 180 2.670000
 181 2.660000
 182 2.650000
 183 2.720000
 184 2.720000
 185 2.750000
 186 2.800000
 187 2.750000
 188 2.730000
 189 2.770000
 190 2.680000
 191 2.680000
 192 2.680000
 193 2.680000
 194 2.650000
 195 2.680000
 196 2.650000
 197 2.650000
 198 2.650000
 199 2.650000
 200 2.650000
 201 2.660000
 202 2.680000
 203 2.680000
 204 2.710000
 205 2.700000
 206 2.670000
 207 2.670000
 208 2.620000
 209 2.590000
 210 2.590000
 211 2.390000
 212 2.200000
 213 2.200000
 214 2.210000
 215 2.170000
 216 2.170000
 217 2.180000
 218 2.130000
 219 2.140000
 220 2.120000
 221 2.140000
 222 2.130000
 223 2.650000
 224 2.660000
 225 3.180000
 226 3.190000
 227 3.140000
 228 3.240000
 229 3.270000
 230 3.280000
 231 3.280000
 232 3.280000
 233 3.290000
 234 3.280000
 235 3.300000
 236 3.330000
 237 3.290000
 238 3.350000
 239 3.370000
 240 3.450000
 241 3.510000
 242 3.530000
 243 3.560000
 244 3.450000
 245 3.450000
 246 3.570000
 247 3.540000
 248 3.600000
 249 2.600000
 250 2.600000
 251 2.570000
 252 2.570000
 253 2.570000
 254 2.570000
 255 2.550000
 256 2.510000
 257 2.530000
 258 2.570000
 259 3.600000
 260 3.590000
 261 3.560000
 262 3.540000
 263 1.650000
 264 1.660000
 265 1.660000
 266 1.660000
 267 1.640000
 268 1.670000
 269 1.680000
 270 1.680000
 271 1.730000
 272 1.710000
 273 1.740000
 274 1.730000
 275 1.730000
 276 1.720000
 277 1.710000
 278 3.430000
 279 3.400000
 280 3.450000
 281 3.430000
 282 3.500000
 283 3.510000
 284 3.510000
 285 3.500000
 286 3.490000
 287 3.480000
 288 3.540000
 289 2.330000
 290 2.340000
 291 2.340000
 292 2.310000
 293 2.310000
 294 2.310000
 295 2.300000
 296 2.350000
 297 2.350000
 298 2.310000
 299 2.160000
 300 2.180000
 301 2.160000
 302 2.180000
 303 2.230000
 304 2.230000
 305 2.210000
 306 2.240000
 307 2.230000
 308 4.740000
 309 4.770000
 310 4.770000
 311 4.770000
 312 4.760000
 313 2.810000
 314 2.840000
 315 2.820000
 316 2.820000
 317 2.790000
 318 2.800000
 319 2.830000
 320 2.300000
 321 2.180000
 322 2.180000
 323 2.180000
 324 2.150000
 325 2.190000
 326 2.150000
 327 2.150000
 328 2.160000
 329 1.940000
 330 1.960000
 331 1.950000
 332 1.930000
 333 1.930000
 334 1.940000
 335 1.920000
 336 1.930000
 337 1.930000
 338 1.910000
 339 1.930000
 340 1.930000
 341 1.930000
 342 1.890000
 343 1.900000
 344 1.900000
 345 1.900000
 346 1.900000
 347 1.890000
 348 1.930000
 349 1.970000
 350 2.000000
 351 2.000000
 352 2.050000
 353 3.200000
 354 3.200000
 355 3.200000
 356 3.200000
 357 2.150000
 358 2.080000
 359 2.050000
 360 2.050000
 361 2.050000
 362 2.050000
 363 2.050000
 364 2.030000
 365 2.050000
 366 2.080000
 367 2.080000
 368 2.070000
 369 2.130000
 370 4.190000
 371 2.600000
 372 2.580000
 373 2.580000
 374 2.580000
 375 2.600000
 376 2.590000
 377 2.600000
 378 2.670000
 379 2.760000
 380 2.900000
 381 2.960000
 382 3.050000
 383 3.110000
 384 3.180000
 385 3.260000
 386 4.250000
 387 4.150000
 388 4.060000
 389 3.990000
 390 3.990000
 391 3.930000
 392 3.960000
 393 3.960000
 394 3.960000
 395 3.940000
 396 3.940000
 397 3.940000
 398 3.920000
 399 3.860000
 400 3.760000
 401 3.730000
 402 3.730000
 403 3.710000
 404 3.680000
 405 3.650000
 406 3.670000
 407 3.540000
 408 2.600000
 409 2.600000
 410 2.580000
 411 2.500000
 412 2.450000
 413 2.400000
 414 2.350000
 415 2.300000
 416 2.290000
 417 2.290000
 418 2.290000
 419 2.290000
 420 2.290000
 421 2.290000
 422 2.290000
 423 2.290000
 424 2.290000
 425 2.290000
 426 2.290000
 427 2.310000
 428 2.290000
 429 2.310000
 430 2.310000
 431 2.310000
 432 2.310000
 433 2.340000
 434 2.340000
 435 2.310000
 436 2.340000
 437 2.340000
 438 2.340000
 439 2.360000
 440 2.350000
 441 2.350000
 442 2.350000
 443 2.350000
 444 2.350000
 445 2.360000
 446 2.350000
 447 2.430000
 448 3.490000
 449 3.510000
 450 3.510000
 451 3.490000
 452 3.490000
 453 3.460000
 454 3.460000
 455 3.470000
 456 3.460000
 457 3.440000
 458 3.440000
 459 3.410000
 460 3.410000
 461 3.410000
 462 3.410000
 463 3.460000
 464 4.370000
 465 4.370000
 466 4.370000
 467 4.370000
 468 4.350000
 469 4.150000
 470 4.050000
 471 4.070000
 472 4.270000
 473 4.300000
 474 4.270000
 475 4.270000
 476 4.250000
 477 4.250000
 478 4.220000
 479 4.220000
 480 4.230000
 481 4.200000
 482 4.170000
 483 4.200000
 484 4.170000
 485 4.200000
 486 4.150000
 487 4.150000
 488 4.120000
 489 4.130000
 490 4.100000
 491 4.100000
 492 4.100000
 493 4.100000
 494 3.270000
 495 3.320000
 496 3.300000
 497 3.190000
 498 3.220000
 499 3.230000
 500 3.370000
 501 3.370000
 502 3.400000
 503 4.030000
 504 4.000000
 505 4.000000
 506 4.000000
 507 4.000000
 508 3.980000
 509 4.000000
 510 3.980000
 511 3.950000
 512 3.950000
 513 3.950000
 514 3.950000
 515 3.370000
 516 3.090000
 517 3.060000
 518 3.210000
 519 3.210000
 520 3.100000
 521 3.180000
 522 3.140000
 523 3.110000
 524 3.100000
 525 3.100000
 526 3.070000
 527 3.110000
 528 3.080000
 529 3.070000
 530 3.070000
 531 3.030000
 532 3.030000
 533 3.040000
 534 3.030000
 535 3.040000
 536 3.030000
 537 3.060000
 538 3.080000
 539 3.080000
 540 3.030000
 541 3.040000
 542 3.090000
 543 3.060000
 544 3.050000
 545 3.030000
 546 2.980000
 547 3.020000
 548 3.030000
 549 3.010000
 550 3.070000
 551 3.080000
 552 3.050000
 553 3.060000
 554 3.080000
 555 3.080000
 556 3.110000
 557 3.100000
 558 3.080000
 559 3.110000
 560 3.100000
 561 3.120000
 562 3.130000
 563 3.130000
 564 3.170000
 565 3.210000
 566 3.150000
 567 3.170000
 568 5.550000
 569 5.830000
 570 5.930000
 571 5.910000
 572 5.960000
 573 6.010000
 574 6.070000
 575 6.080000
 576 6.080000
 577 6.080000
 578 6.100000
 579 6.100000
 580 6.120000
 581 6.110000
 582 6.110000
 583 6.130000
 584 6.140000
 585 6.140000
 586 6.150000
 587 6.150000
 588 6.170000
 589 6.170000
 590 6.170000
 591 6.200000
 592 6.200000
 593 6.190000
 594 6.210000
 595 6.190000
 596 6.210000
 597 6.210000
 598 6.240000
 599 6.240000
 600 6.240000
 601 6.260000
 602 6.260000
 603 4.480000
 604 4.330000
 605 4.300000
 606 4.340000
 607 6.310000
 608 3.260000
 609 3.240000
 610 3.240000
 611 3.330000
 612 3.540000
 613 3.970000
 614 3.700000
 615 3.690000
 616 3.690000
 617 3.690000
 618 3.690000
 619 3.710000
 620 3.690000
 621 3.710000
 622 3.310000
 623 3.410000
 624 3.710000
 625 3.710000
 626 3.710000
 627 3.740000
 628 3.740000
 629 3.710000
 630 3.660000
 631 3.690000
 632 3.660000
 633 3.660000
 634 3.690000
 635 3.690000
 636 3.690000
 637 3.710000
 638 3.710000
 639 3.710000
 640 3.710000
 641 3.710000
 642 3.740000
 643 3.740000
 644 3.740000
 645 3.760000
 646 3.760000
 647 3.760000
 648 3.790000
 649 3.790000
 650 3.790000
 651 3.780000
 652 3.720000
 653 3.700000
 654 3.640000
 655 3.430000
 656 3.160000
 657 3.290000
 658 3.500000
 659 3.480000
 660 3.450000
 661 3.400000
 662 3.350000
 663 3.100000
 664 3.080000
 665 3.050000
 666 3.020000
 667 2.970000
 668 3.060000
 669 3.150000
 670 3.010000
 671 2.930000
 672 2.980000
 673 2.990000
 674 2.980000
 675 3.010000
 676 3.090000
 677 3.040000
 678 3.040000
 679 3.040000
 680 3.060000
 681 3.100000
 682 3.090000
 683 3.060000
 684 3.080000
 685 3.110000
 686 3.090000
 687 3.120000
 688 3.170000
 689 2.990000
 690 2.800000
 691 2.760000
 692 2.740000
 693 2.750000
 694 2.730000
 695 2.730000
 696 2.740000
 697 2.690000
 698 2.630000
 699 2.660000
 700 2.620000
 701 2.620000
 702 2.560000
 703 2.560000
 704 2.540000
 705 2.490000
 706 2.460000
 707 2.410000
 708 2.380000
 709 2.350000
 710 2.360000
 711 2.360000
 712 2.340000
 713 2.290000
 714 2.260000
 715 2.290000
 716 2.230000
 717 2.200000
 718 2.260000
 719 2.200000
 720 2.180000
 721 2.130000
 722 2.210000
 723 2.170000
 724 2.170000
 725 2.200000
 726 2.170000
 727 2.030000
 728 2.120000
 729 2.100000
 730 2.070000
 731 2.070000
 732 2.070000
 733 1.930000
 734 1.930000
 735 2.000000
 736 2.000000
 737 2.000000
 738 1.850000
 739 1.970000
 740 1.950000
 741 1.820000
 742 1.870000
 743 1.800000
 744 1.900000
 745 1.750000
 746 1.730000
 747 1.750000
 748 1.850000
 749 1.820000
 750 1.800000
 751 1.770000
 752 1.800000
 753 1.750000
 754 1.750000
 755 1.700000
 756 1.690000
 757 1.650000
 758 1.690000
 759 1.650000
 760 1.590000
 0 2.300000
 1 2.350000
 2 2.330000
 3 2.170000
 4 2.300000
 5 2.300000
 6 2.280000
 7 2.300000
 8 2.280000
 9 2.250000
 10 2.240000
 11 2.180000
 12 3.250000
 13 2.170000
 14 3.270000
 15 2.150000
 16 2.150000
 17 2.230000
 18 2.270000
 19 2.250000
 20 2.250000
 21 2.280000
 22 2.300000
 23 2.300000
 24 2.250000
 25 2.320000
 26 2.210000
 27 2.200000
 28 2.230000
 29 2.250000
 30 2.370000
 31 2.370000
 32 2.400000
 33 2.400000
 34 2.390000
 35 2.450000
 36 2.470000
 37 2.440000
 38 2.470000
 39 2.550000
 40 2.550000
 41 2.550000
 42 2.630000
 43 2.600000
 44 2.650000
 45 2.680000
 46 2.680000
 47 2.700000
 48 2.810000
 49 2.890000
 50 2.910000
 51 2.860000
 52 2.800000
 53 2.800000
 54 2.800000
 55 2.820000
 56 2.810000
 57 2.840000
 58 2.900000
 59 2.930000
 60 2.930000
 61 2.930000
 62 2.950000
 63 2.950000
 64 3.000000
 65 3.030000
 66 3.050000
 67 3.080000
 68 3.050000
 69 3.080000
 70 3.110000
 71 3.140000
 72 3.190000
 73 3.240000
 74 3.210000
 75 3.210000
 76 3.260000
 77 3.260000
 78 3.260000
 79 3.290000
 80 3.310000
 81 3.290000
 82 3.300000
 83 3.350000
 84 3.350000
 85 3.350000
 86 3.380000
 87 3.400000
 88 3.400000
 89 3.420000
 90 3.350000
 91 3.430000
 92 3.480000
 93 3.480000
 94 3.510000
 95 3.570000
 96 3.590000
 97 3.590000
 98 3.620000
 99 3.810000
 100 3.820000
 101 3.820000
 102 3.820000
 103 3.830000
 104 3.870000
 105 3.870000
 106 3.870000
 107 3.900000
 108 3.900000
 109 3.830000
 110 3.950000
 111 3.820000
 112 3.850000
 113 3.850000
 114 4.050000
 115 4.050000
 116 4.050000
 117 4.050000
 118 4.080000
 119 4.080000
 120 4.090000
 121 4.030000
 122 3.950000
 123 3.990000
 124 3.930000
 125 3.950000
 126 3.950000
 127 4.020000
 128 3.980000
 129 4.010000
 130 4.010000
 131 4.010000
 132 3.980000
 133 4.010000
 134 3.980000
 135 3.950000
 136 3.900000
 137 3.960000
 138 3.960000
 139 3.530000
 140 3.480000
 141 3.520000
 142 3.500000
 143 3.910000
 144 3.910000
 145 3.910000
 146 3.780000
 147 3.780000
 148 2.850000
 149 2.810000
 150 2.820000
 151 2.840000
 152 2.820000
 153 2.820000
 154 2.780000
 155 2.820000
 156 2.820000
 157 2.820000
 158 2.800000
 159 2.800000
 160 2.800000
 161 2.800000
 162 2.770000
 163 2.780000
 164 2.760000
 165 2.820000
 166 2.810000
 167 2.840000
 168 2.860000
 169 2.820000
 170 2.700000
 171 2.720000
 172 2.690000
 173 2.720000
 174 2.690000
 175 2.690000
 176 2.690000
 177 2.690000
 178 2.690000
 179 2.670000
 180 2.670000
 181 2.670000
 182 2.680000
 183 2.720000
 184 2.750000
 185 2.770000
 186 2.770000
 187 2.740000
 188 2.730000
 189 2.750000
 190 2.710000
 191 2.680000
 192 2.680000
 193 2.650000
 194 2.680000
 195 2.650000
 196 2.650000
 197 2.650000
 198 2.680000
 199 2.650000
 200 2.630000
 201 2.680000
 202 2.710000
 203 2.680000
 204 2.680000
 205 2.700000
 206 2.700000
 207 2.670000
 208 2.620000
 209 2.590000
 210 2.590000
 211 2.420000
 212 2.200000
 213 2.220000
 214 2.180000
 215 2.200000
 216 2.150000
 217 2.160000
 218 2.160000
 219 2.140000
 220 2.120000
 221 2.140000
 222 2.160000
 223 2.680000
 224 2.680000
 225 3.180000
 226 3.190000
 227 3.140000
 228 3.260000
 229 3.300000
 230 3.280000
 231 3.290000
 232 3.290000
 233 3.290000
 234 3.290000
 235 3.330000
 236 3.330000
 237 3.350000
 238 3.370000
 239 3.370000
 240 3.430000
 241 3.530000
 242 3.530000
 243 3.560000
 244 3.450000
 245 3.450000
 246 3.550000
 247 3.560000
 248 3.600000
 249 2.600000
 250 2.600000
 251 2.600000
 252 2.570000
 253 2.570000
 254 2.550000
 255 2.550000
 256 2.510000
 257 2.510000
 258 2.570000
 259 3.600000
 260 3.590000
 261 3.560000
 262 3.560000
 263 1.650000
 264 1.660000
 265 1.660000
 266 1.660000
 267 1.640000
 268 1.670000
 269 1.710000
 270 1.710000
 271 1.710000
 272 1.730000
 273 1.740000
 274 1.740000
 275 1.730000
 276 1.750000
 277 1.730000
 278 3.450000
 279 3.520000
 280 3.430000
 281 3.430000
 282 3.530000
 283 3.530000
 284 3.510000
 285 3.500000
 286 3.460000
 287 3.480000
 288 3.540000
 289 2.330000
 290 2.340000
 291 2.310000
 292 2.310000
 293 2.310000
 294 2.290000
 295 2.300000
 296 2.330000
 297 2.350000
 298 2.290000
 299 2.160000
 300 2.160000
 301 2.160000
 302 2.160000
 303 2.200000
 304 2.230000
 305 2.240000
 306 2.240000
 307 2.230000
 308 4.740000
 309 4.770000
 310 4.800000
 311 4.770000
 312 4.760000
 313 2.840000
 314 2.820000
 315 2.820000
 316 2.820000
 317 2.810000
 318 2.800000
 319 2.830000
 320 2.300000
 321 2.180000
 322 2.180000
 323 2.180000
 324 2.160000
 325 2.190000
 326 2.150000
 327 2.150000
 328 2.130000
 329 1.940000
 330 1.950000
 331 1.960000
 332 1.940000
 333 1.930000
 334 1.950000
 335 1.940000
 336 1.930000
 337 1.930000
 338 1.930000
 339 1.930000
 340 1.930000
 341 1.910000
 342 1.910000
 343 1.920000
 344 1.900000
 345 1.900000
 346 1.900000
 347 1.890000
 348 1.910000
 349 1.990000
 350 2.000000
 351 2.030000
 352 2.050000
 353 3.180000
 354 3.200000
 355 3.200000
 356 3.200000
 357 2.150000
 358 2.080000
 359 2.050000
 360 2.080000
 361 2.050000
 362 2.050000
 363 2.050000
 364 2.030000
 365 2.030000
 366 2.050000
 367 2.080000
 368 2.070000
 369 2.130000
 370 4.160000
 371 2.550000
 372 2.580000
 373 2.580000
 374 2.550000
 375 2.580000
 376 2.590000
 377 2.600000
 378 2.670000
 379 2.780000
 380 2.900000
 381 2.960000
 382 3.050000
 383 3.110000
 384 3.150000
 385 3.260000
 386 4.250000
 387 4.130000
 388 4.060000
 389 4.020000
 390 3.970000
 391 3.960000
 392 3.960000
 393 3.960000
 394 3.960000
 395 3.940000
 396 3.940000
 397 3.930000
 398 3.920000
 399 3.880000
 400 3.760000
 401 3.730000
 402 3.710000
 403 3.710000
 404 3.680000
 405 3.680000
 406 3.640000
 407 3.550000
 408 2.630000
 409 2.600000
 410 2.580000
 411 2.500000
 412 2.480000
 413 2.400000
 414 2.380000
 415 2.300000
 416 2.290000
 417 2.290000
 418 2.290000
 419 2.290000
 420 2.270000
 421 2.320000
 422 2.320000
 423 2.290000
 424 2.290000
 425 2.290000
 426 2.320000
 427 2.310000
 428 2.290000
 429 2.310000
 430 2.310000
 431 2.310000
 432 2.310000
 433 2.310000
 434 2.310000
 435 2.310000
 436 2.340000
 437 2.340000
 438 2.330000
 439 2.340000
 440 2.330000
 441 2.350000
 442 2.350000
 443 2.350000
 444 2.350000
 445 2.360000
 446 2.380000
 447 2.430000
 448 3.490000
 449 3.510000
 450 3.490000
 451 3.490000
 452 3.460000
 453 3.490000
 454 3.460000
 455 3.440000
 456 3.440000
 457 3.440000
 458 3.440000
 459 3.410000
 460 3.410000
 461 3.410000
 462 3.410000
 463 3.490000
 464 4.400000
 465 4.400000
 466 4.370000
 467 4.350000
 468 4.350000
 469 4.150000
 470 4.060000
 471 4.070000
 472 4.270000
 473 4.270000
 474 4.300000
 475 4.270000
 476 4.270000
 477 4.250000
 478 4.250000
 479 4.220000
 480 4.230000
 481 4.200000
 482 4.200000
 483 4.200000
 484 4.200000
 485 4.170000
 486 4.170000
 487 4.150000
 488 4.120000
 489 4.120000
 490 4.120000
 491 4.100000
 492 4.100000
 493 4.100000
 494 3.270000
 495 3.300000
 496 3.320000
 497 3.220000
 498 3.220000
 499 3.250000
 500 3.370000
 501 3.370000
 502 3.400000
 503 4.030000
 504 4.030000
 505 4.030000
 506 4.000000
 507 3.980000
 508 3.980000
 509 4.000000
 510 3.980000
 511 3.950000
 512 3.980000
 513 3.950000
 514 3.950000
 515 3.290000
 516 3.090000
 517 3.080000
 518 3.210000
 519 3.180000
 520 3.080000
 521 3.180000
 522 3.150000
 523 3.110000
 524 3.110000
 525 3.100000
 526 3.110000
 527 3.110000
 528 3.110000
 529 3.070000
 530 3.060000
 531 3.060000
 532 3.040000
 533 3.030000
 534 3.030000
 535 3.020000
 536 3.020000
 537 3.030000
 538 3.050000
 539 3.080000
 540 3.060000
 541 3.040000
 542 3.090000
 543 3.050000
 544 3.030000
 545 3.060000
 546 3.060000
 547 3.020000
 548 3.030000
 549 3.030000
 550 3.050000
 551 3.110000
 552 3.050000
 553 3.060000
 554 3.120000
 555 3.110000
 556 3.080000
 557 3.080000
 558 3.070000
 559 3.090000
 560 3.080000
 561 3.110000
 562 3.110000
 563 3.130000
 564 3.150000
 565 3.180000
 566 3.150000
 567 3.170000
 568 5.550000
 569 5.820000
 570 5.880000
 571 5.880000
 572 5.980000
 573 6.010000
 574 6.080000
 575 6.080000
 576 6.080000
 577 6.100000
 578 6.080000
 579 6.100000
 580 6.120000
 581 6.110000
 582 6.110000
 583 6.140000
 584 6.130000
 585 6.120000
 586 6.150000
 587 6.170000
 588 6.150000
 589 6.170000
 590 6.170000
 591 6.200000
 592 6.200000
 593 6.190000
 594 6.190000
 595 6.210000
 596 6.240000
 597 6.210000
 598 6.240000
 599 6.240000
 600 6.240000
 601 6.260000
 602 6.260000
 603 4.480000
 604 4.320000
 605 4.300000
 606 4.320000
 607 6.310000
 608 3.270000
 609 3.220000
 610 3.240000
 611 3.330000
 612 3.540000
 613 3.970000
 614 3.690000
 615 3.690000
 616 3.690000
 617 3.690000
 618 3.710000
 619 3.710000
 620 3.710000
 621 3.710000
 622 3.340000
 623 3.440000
 624 3.710000
 625 3.710000
 626 3.710000
 627 3.740000
 628 3.740000
 629 3.710000
 630 3.660000
 631 3.660000
 632 3.660000
 633 3.660000
 634 3.690000
 635 3.690000
 636 3.710000
 637 3.710000
 638 3.710000
 639 3.710000
 640 3.710000
 641 3.740000
 642 3.740000
 643 3.740000
 644 3.760000
 645 3.760000
 646 3.740000
 647 3.760000
 648 3.790000
 649 3.760000
 650 3.790000
 651 3.780000
 652 3.750000
 653 3.690000
 654 3.660000
 655 3.410000
 656 3.160000
 657 3.260000
 658 3.520000
 659 3.480000
 660 3.450000
 661 3.400000
 662 3.380000
 663 3.100000
 664 3.050000
 665 3.050000
 666 3.020000
 667 3.000000
 668 3.060000
 669 3.120000
 670 3.010000
 671 2.910000
 672 2.980000
 673 3.000000
 674 2.980000
 675 3.040000
 676 3.060000
 677 3.040000
 678 3.060000
 679 3.060000
 680 3.060000
 681 3.070000
 682 3.090000
 683 3.080000
 684 3.060000
 685 3.110000
 686 3.110000
 687 3.150000
 688 3.170000
 689 2.990000
 690 2.800000
 691 2.730000
 692 2.730000
 693 2.750000
 694 2.730000
 695 2.740000
 696 2.730000
 697 2.710000
 698 2.630000
 699 2.640000
 700 2.620000
 701 2.620000
 702 2.560000
 703 2.560000
 704 2.510000
 705 2.510000
 706 2.430000
 707 2.430000
 708 2.380000
 709 2.370000
 710 2.330000
 711 2.360000
 712 2.310000
 713 2.300000
 714 2.260000
 715 2.260000
 716 2.260000
 717 2.200000
 718 2.230000
 719 2.200000
 720 2.180000
 721 2.140000
 722 2.190000
 723 2.150000
 724 2.200000
 725 2.200000
 726 2.200000
 727 2.050000
 728 2.120000
 729 2.070000
 730 2.070000
 731 2.070000
 732 2.070000
 733 1.950000
 734 1.900000
 735 2.000000
 736 1.970000
 737 1.970000
 738 1.850000
 739 1.830000
 740 1.950000
 741 1.830000
 742 1.900000
 743 1.770000
 744 1.780000
 745 1.740000
 746 1.750000
 747 1.730000
 748 1.850000
 749 1.820000
 750 1.680000
 751 1.770000
 752 1.770000
 753 1.750000
 754 1.750000
 755 1.700000
 756 1.690000
 757 1.670000
 758 1.680000
 759 1.650000
 760 1.590000
 0 2.320000
 1 2.330000
 2 2.300000
 3 2.190000
 4 2.300000
 5 2.330000
 6 2.280000
 7 2.280000
 8 2.280000
 9 2.250000
 10 2.240000
 11 2.170000
 12 3.250000
 13 2.170000
 14 3.270000
 15 2.150000
 16 2.150000
 17 2.230000
 18 2.300000
 19 2.250000
 20 2.280000
 21 2.280000
 22 2.280000
 23 2.300000
 24 2.270000
 25 2.350000
 26 2.240000
 27 2.200000
 28 2.250000
 29 2.250000
 30 2.370000
 31 2.370000
 32 2.400000
 33 2.400000
 34 2.400000
 35 2.450000
 36 2.450000
 37 2.460000
 38 2.470000
 39 2.520000
 40 2.520000
 41 2.550000
 42 2.600000
 43 2.630000
 44 2.650000
 45 2.680000
 46 2.680000
 47 2.700000
 48 2.830000
 49 2.890000
 50 2.910000
 51 2.850000
 52 2.800000
 53 2.830000
 54 2.820000
 55 2.820000
 56 2.810000
 57 2.850000
 58 2.900000
 59 2.930000
 60 2.950000
 61 2.930000
 62 2.980000
 63 2.950000
 64 3.000000
 65 3.000000
 66 3.050000
 67 3.080000
 68 3.080000
 69 3.080000
 70 3.110000
 71 3.140000
 72 3.190000
 73 3.210000
 74 3.210000
 75 3.210000
 76 3.240000
 77 3.260000
 78 3.290000
 79 3.290000
 80 3.310000
 81 3.290000
 82 3.300000
 83 3.350000
 84 3.380000
 85 3.350000
 86 3.350000
 87 3.430000
 88 3.430000
 89 3.450000
 90 3.350000
 91 3.430000
 92 3.480000
 93 3.480000
 94 3.510000
 95 3.570000
 96 3.620000
 97 3.620000
 98 3.620000
 99 3.800000
 100 3.800000
 101 3.800000
 102 3.820000
 103 3.840000
 104 3.850000
 105 3.870000
 106 3.870000
 107 3.870000
 108 3.920000
 109 3.830000
 110 3.950000
 111 3.820000
 112 3.850000
 113 3.850000
 114 4.050000
 115 4.050000
 116 4.050000
 117 4.080000
 118 4.080000
 119 4.080000
 120 4.090000
 121 4.030000
 122 3.930000
 123 4.020000
 124 3.950000
 125 3.950000
 126 3.930000
 127 4.020000
 128 3.980000
 129 4.010000
 130 4.010000
 131 4.010000
 132 3.980000
 133 3.980000
 134 4.010000
 135 3.980000
 136 3.910000
 137 3.990000
 138 3.960000
 139 3.560000
 140 3.480000
 141 3.520000
 142 3.500000
 143 3.940000
 144 3.910000
 145 3.940000
 146 3.780000
 147 3.780000
 148 2.850000
 149 2.810000
 150 2.820000
 151 2.810000
 152 2.810000
 153 2.800000
 154 2.800000
 155 2.820000
 156 2.820000
 157 2.820000
 158 2.820000
 159 2.800000
 160 2.800000
 161 2.770000
 162 2.770000
 163 2.800000
 164 2.760000
 165 2.790000
 166 2.830000
 167 2.840000
 168 2.830000
 169 2.830000
 170 2.700000
 171 2.710000
 172 2.690000
 173 2.690000
 174 2.690000
 175 2.690000
 176 2.690000
 177 2.690000
 178 2.690000
 179 2.690000
 180 2.670000
 181 2.660000
 182 2.650000
 183 2.720000
 184 2.770000
 185 2.770000
 186 2.770000
 187 2.750000
 188 2.730000
 189 2.750000
 190 2.700000
 191 2.680000
 192 2.650000
 193 2.650000
 194 2.650000
 195 2.650000
 196 2.660000
 197 2.650000
 198 2.650000
 199 2.650000
 200 2.650000
 201 2.660000
 202 2.680000
 203 2.680000
 204 2.710000
 205 2.720000
 206 2.670000
 207 2.670000
 208 2.620000
 209 2.610000
 210 2.600000
 211 2.390000
 212 2.200000
 213 2.220000
 214 2.210000
 215 2.170000
 216 2.150000
 217 2.160000
 218 2.160000
 219 2.110000
 220 2.120000
 221 2.140000
 222 2.130000
 223 2.650000
 224 2.680000
 225 3.160000
 226 3.170000
 227 3.140000
 228 3.260000
 229 3.300000
 230 3.280000
 231 3.300000
 232 3.290000
 233 3.290000
 234 3.310000
 235 3.300000
 236 3.330000
 237 3.320000
 238 3.370000
 239 3.370000
 240 3.450000
 241 3.510000
 242 3.560000
 243 3.560000
 244 3.450000
 245 3.450000
 246 3.550000
 247 3.560000
 248 3.630000
 249 2.620000
 250 2.570000
 251 2.600000
 252 2.570000
 253 2.570000
 254 2.550000
 255 2.570000
 256 2.540000
 257 2.530000
 258 2.600000
 259 3.600000
 260 3.590000
 261 3.560000
 262 3.560000
 263 1.680000
 264 1.680000
 265 1.660000
 266 1.660000
 267 1.640000
 268 1.680000
 269 1.710000
 270 1.710000
 271 1.710000
 272 1.730000
 273 1.740000
 274 1.740000
 275 1.730000
 276 1.720000
 277 1.790000
 278 3.430000
 279 3.480000
 280 3.450000
 281 3.450000
 282 3.490000
 283 3.510000
 284 3.510000
 285 3.510000
 286 3.470000
 287 3.480000
 288 3.540000
 289 2.330000
 290 2.310000
 291 2.310000
 292 2.340000
 293 2.310000
 294 2.340000
 295 2.320000
 296 2.330000
 297 2.350000
 298 2.310000
 299 2.160000
 300 2.160000
 301 2.140000
 302 2.170000
 303 2.210000
 304 2.230000
 305 2.240000
 306 2.240000
 307 2.230000
 308 4.760000
 309 4.770000
 310 4.760000
 311 4.770000
 312 4.760000
 313 2.810000
 314 2.820000
 315 2.820000
 316 2.820000
 317 2.790000
 318 2.800000
 319 2.830000
 320 2.300000
 321 2.180000
 322 2.180000
 323 2.180000
 324 2.150000
 325 2.160000
 326 2.150000
 327 2.150000
 328 2.160000
 329 1.940000
 330 1.960000
 331 1.930000
 332 1.930000
 333 1.940000
 334 1.940000
 335 1.940000
 336 1.930000
 337 1.930000
 338 1.930000
 339 1.930000
 340 1.900000
 341 1.930000
 342 1.920000
 343 1.930000
 344 1.900000
 345 1.890000
 346 1.910000
 347 1.890000
 348 1.910000
 349 1.970000
 350 1.980000
 351 2.030000
 352 2.050000
 353 3.200000
 354 3.230000
 355 3.200000
 356 3.200000
 357 2.150000
 358 2.080000
 359 2.050000
 360 2.050000
 361 2.050000
 362 2.050000
 363 2.030000
 364 2.030000
 365 2.050000
 366 2.080000
 367 2.070000
 368 2.100000
 369 2.160000
 370 4.160000
 371 2.580000
 372 2.580000
 373 2.580000
 374 2.580000
 375 2.580000
 376 2.610000
 377 2.620000
 378 2.670000
 379 2.780000
 380 2.900000
 381 2.960000
 382 3.050000
 383 3.110000
 384 3.150000
 385 3.240000
 386 4.230000
 387 4.150000
 388 4.060000
 389 3.990000
 390 4.000000
 391 3.930000
 392 3.960000
 393 3.960000
 394 3.960000
 395 3.940000
 396 3.940000
 397 3.920000
 398 3.920000
 399 3.860000
 400 3.760000
 401 3.710000
 402 3.710000
 403 3.710000
 404 3.680000
 405 3.680000
 406 3.640000
 407 3.560000
 408 2.580000
 409 2.600000
 410 2.550000
 411 2.500000
 412 2.450000
 413 2.400000
 414 2.380000
 415 2.330000
 416 2.290000
 417 2.270000
 418 2.270000
 419 2.290000
 420 2.290000
 421 2.290000
 422 2.290000
 423 2.320000
 424 2.320000
 425 2.290000
 426 2.290000
 427 2.310000
 428 2.310000
 429 2.310000
 430 2.310000
 431 2.310000
 432 2.340000
 433 2.340000
 434 2.340000
 435 2.340000
 436 2.340000
 437 2.340000
 438 2.340000
 439 2.340000
 440 2.350000
 441 2.350000
 442 2.350000
 443 2.350000
 444 2.350000
 445 2.360000
 446 2.350000
 447 2.400000
 448 3.510000
 449 3.490000
 450 3.490000
 451 3.490000
 452 3.460000
 453 3.460000
 454 3.460000
 455 3.460000
 456 3.440000
 457 3.440000
 458 3.410000
 459 3.410000
 460 3.410000
 461 3.390000
 462 3.390000
 463 3.460000
 464 4.400000
 465 4.400000
 466 4.370000
 467 4.350000
 468 4.350000
 469 4.150000
 470 4.060000
 471 4.070000
 472 4.270000
 473 4.270000
 474 4.300000
 475 4.270000
 476 4.250000
 477 4.250000
 478 4.220000
 479 4.220000
 480 4.200000
 481 4.200000
 482 4.200000
 483 4.200000
 484 4.200000
 485 4.170000
 486 4.170000
 487 4.170000
 488 4.120000
 489 4.130000
 490 4.120000
 491 4.100000
 492 4.100000
 493 4.100000
 494 3.270000
 495 3.320000
 496 3.300000
 497 3.190000
 498 3.220000
 499 3.230000
 500 3.350000
 501 3.370000
 502 3.400000
 503 4.030000
 504 4.030000
 505 4.000000
 506 4.000000
 507 3.980000
 508 4.000000
 509 3.980000
 510 3.980000
 511 3.980000
 512 3.950000
 513 3.950000
 514 3.950000
 515 3.320000
 516 3.110000
 517 3.060000
 518 3.210000
 519 3.210000
 520 3.080000
 521 3.050000
 522 3.140000
 523 3.120000
 524 3.100000
 525 3.070000
 526 3.070000
 527 3.100000
 528 3.100000
 529 3.090000
 530 3.060000
 531 3.060000
 532 3.030000
 533 3.030000
 534 3.030000
 535 3.040000
 536 3.040000
 537 3.060000
 538 3.060000
 539 3.080000
 540 3.030000
 541 3.040000
 542 3.070000
 543 3.060000
 544 3.020000
 545 3.030000
 546 3.070000
 547 3.050000
 548 3.030000
 549 3.030000
 550 3.050000
 551 3.080000
 552 3.050000
 553 3.050000
 554 3.090000
 555 3.090000
 556 3.080000
 557 3.080000
 558 3.080000
 559 3.080000
 560 3.120000
 561 3.120000
 562 3.130000
 563 3.130000
 564 3.170000
 565 3.210000
 566 3.150000
 567 3.170000
 568 5.550000
 569 5.810000
 570 5.880000
 571 5.910000
 572 5.980000
 573 6.010000
 574 6.050000
 575 6.090000
 576 6.080000
 577 6.100000
 578 6.100000
 579 6.100000
 580 6.120000
 581 6.110000
 582 6.110000
 583 6.110000
 584 6.140000
 585 6.150000
 586 6.170000
 587 6.170000
 588 6.150000
 589 6.170000
 590 6.170000
 591 6.170000
 592 6.170000
 593 6.210000
 594 6.210000
 595 6.210000
 596 6.240000
 597 6.210000
 598 6.240000
 599 6.240000
 600 6.240000
 601 6.260000
 602 6.260000
 603 4.480000
 604 4.330000
 605 4.300000
 606 4.320000
 607 6.280000
 608 3.260000
 609 3.220000
 610 3.240000
 611 3.330000
 612 3.520000
 613 4.000000
 614 3.700000
 615 3.690000
 616 3.690000
 617 3.710000
 618 3.690000
 619 3.690000
 620 3.710000
 621 3.710000
 622 3.300000
 623 3.440000
 624 3.710000
 625 3.740000
 626 3.710000
 627 3.710000
 628 3.710000
 629 3.740000
 630 3.660000
 631 3.660000
 632 3.660000
 633 3.690000
 634 3.690000
 635 3.690000
 636 3.690000
 637 3.710000
 638 3.710000
 639 3.740000
 640 3.710000
 641 3.710000
 642 3.740000
 643 3.740000
 644 3.760000
 645 3.760000
 646 3.760000
 647 3.760000
 648 3.760000
 649 3.760000
 650 3.790000
 651 3.780000
 652 3.720000
 653 3.700000
 654 3.640000
 655 3.410000
 656 3.160000
 657 3.260000
 658 3.500000
 659 3.480000
 660 3.430000
 661 3.390000
 662 3.380000
 663 3.080000
 664 3.080000
 665 3.050000
 666 3.020000
 667 2.990000
 668 3.060000
 669 3.150000
 670 3.010000
 671 2.930000
 672 2.980000
 673 3.020000
 674 2.980000
 675 3.010000
 676 3.060000
 677 3.040000
 678 3.040000
 679 3.040000
 680 3.060000
 681 3.070000
 682 3.060000
 683 3.060000
 684 3.080000
 685 3.110000
 686 3.090000
 687 3.120000
 688 3.170000
 689 2.990000
 690 2.790000
 691 2.760000
 692 2.740000
 693 2.750000
 694 2.730000
 695 2.730000
 696 2.740000
 697 2.690000
 698 2.660000
 699 2.660000
 700 2.620000
 701 2.620000
 702 2.560000
 703 2.560000
 704 2.510000
 705 2.510000
 706 2.460000
 707 2.430000
 708 2.370000
 709 2.350000
 710 2.330000
 711 2.330000
 712 2.310000
 713 2.290000
 714 2.290000
 715 2.260000
 716 2.260000
 717 2.200000
 718 2.230000
 719 2.220000
 720 2.180000
 721 2.130000
 722 2.240000
 723 2.170000
 724 2.200000
 725 2.170000
 726 2.170000
 727 2.030000
 728 2.120000
 729 2.070000
 730 2.070000
 731 2.070000
 732 2.070000
 733 2.050000
 734 1.930000
 735 2.000000
 736 1.970000
 737 2.000000
 738 1.880000
 739 1.950000
 740 1.950000
 741 1.830000
 742 1.900000
 743 1.800000
 744 1.750000
 745 1.740000
 746 1.750000
 747 1.750000
 748 1.730000
 749 1.850000
 750 1.800000
 751 1.770000
 752 1.800000
 753 1.770000
 754 1.750000
 755 1.720000
 756 1.700000
 757 1.670000
 758 1.690000
 759 1.620000
 760 1.590000
 0 2.320000
 1 2.330000
 2 2.300000
 3 2.210000
 4 2.300000
 5 2.330000
 6 2.280000
 7 2.280000
 8 2.250000
 9 2.250000
 10 2.220000
 11 2.200000
 12 3.280000
 13 2.170000
 14 3.270000
 15 2.160000
 16 2.130000
 17 2.250000
 18 2.270000
 19 2.250000
 20 2.250000
 21 2.280000
 22 2.280000
 23 2.320000
 24 2.270000
 25 2.180000
 26 2.210000
 27 2.210000
 28 2.230000
 29 2.260000
 30 2.370000
 31 2.370000
 32 2.400000
 33 2.400000
 34 2.390000
 35 2.450000
 36 2.470000
 37 2.440000
 38 2.470000
 39 2.540000
 40 2.550000
 41 2.580000
 42 2.600000
 43 2.600000
 44 2.650000
 45 2.680000
 46 2.700000
 47 2.700000
 48 2.860000
 49 2.890000
 50 2.910000
 51 2.850000
 52 2.800000
 53 2.800000
 54 2.820000
 55 2.820000
 56 2.840000
 57 2.840000
 58 2.900000
 59 2.930000
 60 2.950000
 61 2.930000
 62 2.980000
 63 2.950000
 64 3.000000
 65 3.030000
 66 3.050000
 67 3.080000
 68 3.080000
 69 3.050000
 70 3.140000
 71 3.160000
 72 3.190000
 73 3.240000
 74 3.240000
 75 3.240000
 76 3.260000
 77 3.260000
 78 3.260000
 79 3.290000
 80 3.310000
 81 3.290000
 82 3.300000
 83 3.350000
 84 3.350000
 85 3.350000
 86 3.380000
 87 3.400000
 88 3.430000
 89 3.450000
 90 3.380000
 91 3.430000
 92 3.480000
 93 3.480000
 94 3.510000
 95 3.570000
 96 3.590000
 97 3.590000
 98 3.620000
 99 3.800000
 100 3.820000
 101 3.800000
 102 3.820000
 103 3.830000
 104 3.870000
 105 3.870000
 106 3.850000
 107 3.870000
 108 3.920000
 109 3.810000
 110 3.950000
 111 3.850000
 112 3.860000
 113 4.030000
 114 4.050000
 115 4.050000
 116 4.050000
 117 4.050000
 118 4.050000
 119 4.080000
 120 4.100000
 121 4.030000
 122 3.960000
 123 4.000000
 124 3.930000
 125 3.960000
 126 3.960000
 127 4.020000
 128 3.950000
 129 4.030000
 130 4.030000
 131 4.010000
 132 3.980000
 133 3.980000
 134 3.980000
 135 3.940000
 136 3.890000
 137 3.990000
 138 3.960000
 139 3.510000
 140 3.460000
 141 3.520000
 142 3.510000
 143 3.940000
 144 3.910000
 145 3.910000
 146 3.780000
 147 3.780000
 148 2.850000
 149 2.800000
 150 2.820000
 151 2.840000
 152 2.810000
 153 2.820000
 154 2.800000
 155 2.820000
 156 2.820000
 157 2.820000
 158 2.800000
 159 2.800000
 160 2.800000
 161 2.800000
 162 2.770000
 163 2.770000
 164 2.760000
 165 2.820000
 166 2.840000
 167 2.820000
 168 2.860000
 169 2.830000
 170 2.730000
 171 2.700000
 172 2.700000
 173 2.700000
 174 2.700000
 175 2.690000
 176 2.690000
 177 2.690000
 178 2.690000
 179 2.670000
 180 2.670000
 181 2.670000
 182 2.650000
 183 2.720000
 184 2.750000
 185 2.770000
 186 2.770000
 187 2.750000
 188 2.730000
 189 2.750000
 190 2.700000
 191 2.680000
 192 2.680000
 193 2.650000
 194 2.680000
 195 2.650000
 196 2.690000
 197 2.650000
 198 2.650000
 199 2.650000
 200 2.680000
 201 2.660000
 202 2.680000
 203 2.710000
 204 2.710000
 205 2.720000
 206 2.670000
 207 2.670000
 208 2.620000
 209 2.610000
 210 2.600000
 211 2.400000
 212 2.220000
 213 2.200000
 214 2.210000
 215 2.200000
 216 2.150000
 217 2.180000
 218 2.130000
 219 2.110000
 220 2.120000
 221 2.140000
 222 2.130000
 223 2.650000
 224 2.660000
 225 3.150000
 226 3.190000
 227 3.140000
 228 3.260000
 229 3.300000
 230 3.280000
 231 3.300000
 232 3.290000
 233 3.280000
 234 3.320000
 235 3.310000
 236 3.310000
 237 3.320000
 238 3.370000
 239 3.370000
 240 3.460000
 241 3.530000
 242 3.530000
 243 3.530000
 244 3.460000
 245 3.430000
 246 3.550000
 247 3.560000
 248 3.630000
 249 2.600000
 250 2.600000
 251 2.570000
 252 2.570000
 253 2.570000
 254 2.550000
 255 2.550000
 256 2.550000
 257 2.530000
 258 2.570000
 259 3.600000
 260 3.570000
 261 3.560000
 262 3.550000
 263 1.670000
 264 1.680000
 265 1.660000
 266 1.640000
 267 1.660000
 268 1.680000
 269 1.710000
 270 1.710000
 271 1.710000
 272 1.730000
 273 1.740000
 274 1.740000
 275 1.730000
 276 1.750000
 277 1.730000
 278 3.430000
 279 3.520000
 280 3.460000
 281 3.460000
 282 3.520000
 283 3.530000
 284 3.510000
 285 3.510000
 286 3.460000
 287 3.480000
 288 3.540000
 289 2.330000
 290 2.340000
 291 2.310000
 292 2.340000
 293 2.310000
 294 2.310000
 295 2.320000
 296 2.330000
 297 2.350000
 298 2.310000
 299 2.160000
 300 2.180000
 301 2.130000
 302 2.180000
 303 2.230000
 304 2.230000
 305 2.210000
 306 2.240000
 307 2.230000
 308 4.760000
 309 4.770000
 310 4.760000
 311 4.770000
 312 4.760000
 313 2.840000
 314 2.820000
 315 2.820000
 316 2.820000
 317 2.790000
 318 2.800000
 319 2.800000
 320 2.300000
 321 2.180000
 322 2.180000
 323 2.180000
 324 2.150000
 325 2.150000
 326 2.150000
 327 2.180000
 328 2.160000
 329 1.950000
 330 1.960000
 331 1.930000
 332 1.940000
 333 1.930000
 334 1.950000
 335 1.910000
 336 1.930000
 337 1.940000
 338 1.940000
 339 1.930000
 340 1.940000
 341 1.900000
 342 1.900000
 343 1.930000
 344 1.940000
 345 1.900000
 346 1.890000
 347 1.890000
 348 1.910000
 349 1.990000
 350 2.010000
 351 2.030000
 352 2.060000
 353 3.200000
 354 3.200000
 355 3.200000
 356 3.200000
 357 2.150000
 358 2.080000
 359 2.080000
 360 2.050000
 361 2.050000
 362 2.030000
 363 2.050000
 364 2.030000
 365 2.050000
 366 2.050000
 367 2.070000
 368 2.100000
 369 2.160000
 370 4.160000
 371 2.570000
 372 2.580000
 373 2.580000
 374 2.580000
 375 2.580000
 376 2.590000
 377 2.620000
 378 2.670000
 379 2.760000
 380 2.900000
 381 2.940000
 382 3.050000
 383 3.130000
 384 3.180000
 385 3.260000
 386 4.250000
 387 4.150000
 388 4.060000
 389 3.990000
 390 3.970000
 391 3.960000
 392 3.960000
 393 3.960000
 394 3.960000
 395 3.950000
 396 3.940000
 397 3.940000
 398 3.920000
 399 3.860000
 400 3.730000
 401 3.730000
 402 3.710000
 403 3.710000
 404 3.680000
 405 3.680000
 406 3.640000
 407 3.550000
 408 2.610000
 409 2.620000
 410 2.550000
 411 2.530000
 412 2.480000
 413 2.430000
 414 2.350000
 415 2.300000
 416 2.260000
 417 2.300000
 418 2.300000
 419 2.300000
 420 2.300000
 421 2.300000
 422 2.300000
 423 2.300000
 424 2.300000
 425 2.300000
 426 2.300000
 427 2.310000
 428 2.300000
 429 2.310000
 430 2.310000
 431 2.310000
 432 2.310000
 433 2.310000
 434 2.310000
 435 2.340000
 436 2.330000
 437 2.360000
 438 2.340000
 439 2.340000
 440 2.350000
 441 2.350000
 442 2.350000
 443 2.350000
 444 2.350000
 445 2.360000
 446 2.380000
 447 2.430000
 448 3.510000
 449 3.490000
 450 3.510000
 451 3.490000
 452 3.460000
 453 3.460000
 454 3.460000
 455 3.460000
 456 3.440000
 457 3.440000
 458 3.440000
 459 3.410000
 460 3.410000
 461 3.390000
 462 3.390000
 463 3.490000
 464 4.400000
 465 4.370000
 466 4.370000
 467 4.350000
 468 4.350000
 469 4.150000
 470 4.060000
 471 4.080000
 472 4.270000
 473 4.300000
 474 4.270000
 475 4.270000
 476 4.270000
 477 4.250000
 478 4.250000
 479 4.220000
 480 4.230000
 481 4.200000
 482 4.200000
 483 4.200000
 484 4.170000
 485 4.170000
 486 4.170000
 487 4.170000
 488 4.120000
 489 4.120000
 490 4.120000
 491 4.100000
 492 4.100000
 493 4.080000
 494 3.270000
 495 3.320000
 496 3.320000
 497 3.240000
 498 3.220000
 499 3.230000
 500 3.370000
 501 3.370000
 502 3.400000
 503 4.000000
 504 4.030000
 505 4.000000
 506 4.000000
 507 4.000000
 508 3.980000
 509 3.980000
 510 3.980000
 511 3.950000
 512 3.950000
 513 3.950000
 514 3.930000
 515 3.320000
 516 3.060000
 517 3.110000
 518 3.210000
 519 3.210000
 520 3.060000
 521 3.180000
 522 3.170000
 523 3.120000
 524 3.110000
 525 3.100000
 526 3.110000
 527 3.110000
 528 3.080000
 529 3.090000
 530 3.070000
 531 3.060000
 532 3.040000
 533 3.040000
 534 3.020000
 535 3.040000
 536 3.040000
 537 3.030000
 538 3.030000
 539 3.080000
 540 3.030000
 541 3.040000
 542 3.070000
 543 3.060000
 544 3.030000
 545 3.030000
 546 3.060000
 547 3.030000
 548 3.030000
 549 3.000000
 550 3.050000
 551 3.110000
 552 3.050000
 553 3.060000
 554 3.090000
 555 3.100000
 556 3.100000
 557 3.080000
 558 3.110000
 559 3.090000
 560 3.090000
 561 3.110000
 562 3.110000
 563 3.140000
 564 3.150000
 565 3.210000
 566 3.130000
 567 3.170000
 568 5.550000
 569 5.830000
 570 5.930000
 571 5.930000
 572 5.980000
 573 6.010000
 574 6.050000
 575 6.050000
 576 6.080000
 577 6.100000
 578 6.100000
 579 6.100000
 580 6.100000
 581 6.140000
 582 6.110000
 583 6.110000
 584 6.140000
 585 6.150000
 586 6.150000
 587 6.150000
 588 6.170000
 589 6.170000
 590 6.170000
 591 6.170000
 592 6.190000
 593 6.190000
 594 6.210000
 595 6.210000
 596 6.210000
 597 6.240000
 598 6.240000
 599 6.240000
 600 6.240000
 601 6.240000
 602 6.260000
 603 4.510000
 604 4.320000
 605 4.300000
 606 4.320000
 607 6.310000
 608 3.270000
 609 3.260000
 610 3.240000
 611 3.360000
 612 3.550000
 613 3.970000
 614 3.700000
 615 3.690000
 616 3.690000
 617 3.690000
 618 3.710000
 619 3.710000
 620 3.710000
 621 3.690000
 622 3.300000
 623 3.460000
 624 3.710000
 625 3.710000
 626 3.710000
 627 3.710000
 628 3.710000
 629 3.710000
 630 3.690000
 631 3.660000
 632 3.690000
 633 3.690000
 634 3.690000
 635 3.690000
 636 3.690000
 637 3.710000
 638 3.710000
 639 3.710000
 640 3.710000
 641 3.740000
 642 3.710000
 643 3.740000
 644 3.740000
 645 3.760000
 646 3.760000
 647 3.760000
 648 3.760000
 649 3.760000
 650 3.790000
 651 3.750000
 652 3.720000
 653 3.700000
 654 3.660000
 655 3.430000
 656 3.160000
 657 3.260000
 658 3.500000
 659 3.480000
 660 3.450000
 661 3.400000
 662 3.350000
 663 3.100000
 664 3.080000
 665 3.050000
 666 3.050000
 667 3.000000
 668 3.060000
 669 3.120000
 670 3.010000
 671 2.930000
 672 2.960000
 673 2.990000
 674 2.990000
 675 3.010000
 676 3.060000
 677 3.040000
 678 3.040000
 679 3.060000
 680 3.060000
 681 3.100000
 682 3.090000
 683 3.060000
 684 3.080000
 685 3.110000
 686 3.100000
 687 3.150000
 688 3.170000
 689 2.960000
 690 2.790000
 691 2.730000
 692 2.770000
 693 2.750000
 694 2.760000
 695 2.740000
 696 2.760000
 697 2.690000
 698 2.630000
 699 2.660000
 700 2.650000
 701 2.620000
 702 2.590000
 703 2.580000
 704 2.480000
 705 2.510000
 706 2.460000
 707 2.430000
 708 2.400000
 709 2.360000
 710 2.320000
 711 2.310000
 712 2.340000
 713 2.290000
 714 2.300000
 715 2.300000
 716 2.260000
 717 2.200000
 718 2.210000
 719 2.200000
 720 2.210000
 721 2.150000
 722 2.210000
 723 2.170000
 724 2.200000
 725 2.170000
 726 2.170000
 727 2.030000
 728 2.110000
 729 2.060000
 730 2.100000
 731 2.070000
 732 2.100000
 733 2.050000
 734 2.050000
 735 2.000000
 736 1.940000
 737 2.000000
 738 2.000000
 739 1.970000
 740 1.920000
 741 1.810000
 742 1.920000
 743 1.780000
 744 1.780000
 745 1.770000
 746 1.740000
 747 1.730000
 748 1.760000
 749 1.820000
 750 1.800000
 751 1.770000
 752 1.800000
 753 1.750000
 754 1.770000
 755 1.720000
 756 1.710000
 757 1.670000
 758 1.680000
 759 1.600000
 760 1.570000