
 0 0.840000
 1 0.850000
 2 0.850000
 3 0.850000
 4 0.850000
 5 0.850000
 6 0.870000
 7 0.860000
 8 0.870000
 9 0.920000
 10 0.910000
 11 0.900000
 12 0.890000
 13 0.890000
 14 0.890000
 15 0.880000
 16 3.590000
 17 3.590000
 18 3.620000
 19 3.690000
 20 3.820000
 21 1.540000
 22 1.510000
 23 1.520000
 24 1.550000
 25 1.550000
 26 1.550000
 27 1.550000
 28 1.540000
 29 1.530000
 30 1.520000
 31 1.530000
 32 1.510000
 33 1.520000
 34 1.560000
 35 1.550000
 36 1.570000
 37 1.570000
 38 1.570000
 39 1.570000
 40 1.600000
 41 4.080000
 42 4.010000
 43 4.000000
 44 3.960000
 45 3.960000
 46 3.960000
 47 4.040000
 48 4.040000
 49 3.960000
 50 4.040000
 51 3.930000
 52 3.910000
 53 3.910000
 54 3.880000
 55 4.020000
 56 4.020000
 57 3.920000
 58 3.990000
 59 3.860000
 60 3.860000
 61 3.880000
 62 3.830000
 63 3.830000
 64 3.830000
 65 2.830000
 66 2.890000
 67 2.890000
 68 2.880000
 69 2.820000
 70 2.800000
 71 2.790000
 72 2.820000
 73 2.820000
 74 2.820000
 75 2.820000
 76 2.800000
 77 2.810000
 78 2.790000
 79 2.810000
 80 2.790000
 81 2.790000
 82 2.780000
 83 2.780000
 84 2.780000
 85 2.760000
 86 2.750000
 87 2.810000
 88 3.330000
 89 2.710000
 90 2.690000
 91 2.700000
 92 2.700000
 93 2.670000
 94 2.690000
 95 2.680000
 96 2.710000
 97 2.680000
 98 2.710000
 99 2.670000
 100 2.660000
 101 2.650000
 102 2.650000
 103 2.650000
 104 1.630000
 105 1.570000
 106 1.570000
 107 1.600000
 108 1.600000
 109 1.600000
 110 1.600000
 111 1.550000
 112 1.550000
 113 1.550000
 114 1.530000
 115 1.540000
 116 1.580000
 117 1.580000
 118 1.560000
 119 1.580000
 120 1.580000
 121 1.570000
 122 1.570000
 123 1.590000
 124 2.710000
 125 3.120000
 126 3.140000
 127 3.060000
 128 2.590000
 129 2.600000
 130 2.570000
 131 2.580000
 132 2.570000
 133 2.580000
 134 1.030000
 135 1.070000
 136 1.030000
 137 0.970000
 138 0.940000
 139 0.950000
 140 0.940000
 141 0.960000
 142 0.960000
 143 0.960000
 144 0.930000
 145 0.910000
 146 0.900000
 147 0.920000
 148 0.920000
 149 0.920000
 150 0.920000
 151 0.940000
 152 0.840000
 153 0.800000
 154 0.810000
 155 0.780000
 156 0.810000
 157 0.780000
 158 0.780000
 159 0.780000
 160 0.780000
 161 0.780000
 162 0.780000
 163 0.780000
 164 0.780000
 165 0.760000
 166 0.760000
 167 0.780000
 168 0.760000
 169 0.760000
 170 0.780000
 171 0.780000
 172 0.780000
 173 0.780000
 174 0.780000
 175 0.810000
 176 0.810000
 177 0.780000
 178 0.810000
 179 0.810000
 180 0.830000
 181 0.860000
 182 0.810000
 183 3.560000
 184 3.590000
 185 3.610000
 186 3.610000
 187 3.560000
 188 3.530000
 189 3.560000
 190 3.380000
 191 3.500000
 192 3.490000
 193 3.510000
 194 3.380000
 195 3.480000
 196 3.450000
 197 3.440000
 198 3.380000
 199 3.440000
 200 3.450000
 201 3.480000
 202 3.410000
 203 1.110000
 204 1.100000
 205 1.090000
 206 1.090000
 207 1.090000
 208 1.060000
 209 1.090000
 210 1.090000
 211 1.090000
 212 1.060000
 213 1.060000
 214 1.040000
 215 0.860000
 216 0.730000
 217 0.710000
 218 0.710000
 219 0.680000
 220 0.680000
 221 0.680000
 222 0.680000
 223 0.680000
 224 0.680000
 225 0.680000
 226 0.680000
 227 0.680000
 228 0.680000
 229 0.660000
 230 0.680000
 231 0.680000
 232 0.660000
 233 0.660000
 234 0.660000
 235 0.680000
 236 0.680000
 237 0.680000
 238 0.660000
 239 0.660000
 240 0.660000
 241 0.660000
 242 0.660000
 243 0.660000
 244 0.660000
 245 0.660000
 246 0.660000
 247 0.660000
 248 0.660000
 249 0.660000
 250 0.660000
 251 0.660000
 252 0.630000
 253 0.630000
 254 0.660000
 255 0.660000
 256 0.660000
 257 0.660000
 258 0.660000
 259 0.660000
 260 0.660000
 261 0.630000
 262 0.630000
 263 0.630000
 264 0.660000
 265 0.630000
 266 0.630000
 267 0.630000
 268 0.660000
 269 0.630000
 270 0.630000
 271 0.630000
 272 0.660000
 273 0.630000
 274 0.630000
 275 0.630000
 276 0.630000
 277 0.630000
 278 0.630000
 279 0.630000
 280 0.630000
 281 0.630000
 282 0.610000
 283 0.630000
 284 0.630000
 285 0.630000
 286 0.630000
 287 0.630000
 288 0.630000
 289 0.650000
 290 0.720000
 291 5.120000
 292 5.120000
 293 5.120000
 294 5.120000
 295 5.150000
 296 5.150000
 297 5.170000
 298 5.160000
 299 5.170000
 300 5.150000
 301 4.720000
 302 4.660000
 303 4.560000
 304 4.510000
 305 4.500000
 306 4.480000
 307 4.500000
 308 4.500000
 309 4.510000
 310 4.550000
 311 4.660000
 312 4.660000
 313 4.570000
 314 4.540000
 315 4.460000
 316 4.060000
 317 4.070000
 318 4.080000
 319 4.080000
 320 4.100000
 321 4.130000
 322 4.130000
 323 3.780000
 324 3.760000
 325 3.790000
 326 3.820000
 327 3.820000
 328 1.310000
 329 1.010000
 330 0.940000
 331 0.950000
 332 0.660000
 333 0.610000
 334 0.590000
 335 0.590000
 336 0.590000
 337 0.590000
 338 0.590000
 339 0.560000
 340 0.590000
 341 0.590000
 342 0.580000
 343 0.610000
 344 0.570000
 345 0.570000
 346 0.570000
 347 0.610000
 348 0.580000
 349 0.590000
 350 0.590000
 351 0.590000
 352 0.600000
 353 0.580000
 354 0.590000
 355 0.590000
 356 0.590000
 357 0.590000
 358 0.590000
 359 0.590000
 360 0.580000
 361 0.680000
 362 3.580000
 363 3.560000
 364 3.560000
 365 3.560000
 366 3.540000
 367 3.540000
 368 3.510000
 369 3.510000
 370 3.490000
 371 3.490000
 372 3.490000
 373 3.460000
 374 3.460000
 375 3.460000
 376 3.460000
 377 3.440000
 378 3.440000
 379 3.440000
 380 3.440000
 381 3.410000
 382 3.410000
 383 3.390000
 384 3.390000
 385 3.390000
 386 3.380000
 387 4.350000
 388 4.370000
 389 4.350000
 390 4.320000
 391 4.320000
 392 4.080000
 393 4.060000
 394 4.030000
 395 4.090000
 396 4.270000
 397 4.250000
 398 4.250000
 399 4.230000
 400 4.230000
 401 4.230000
 402 4.210000
 403 4.210000
 404 4.200000
 405 4.170000
 406 4.170000
 407 4.170000
 408 4.150000
 409 4.150000
 410 4.120000
 411 4.120000
 412 4.110000
 413 4.110000
 414 4.100000
 415 4.100000
 416 3.080000
 417 1.490000
 418 1.450000
 419 1.450000
 420 1.460000
 421 1.460000
 422 1.460000
 423 1.460000
 424 1.450000
 425 1.450000
 426 1.450000
 427 1.480000
 428 1.450000
 429 1.450000
 430 1.810000
 431 1.810000
 432 1.830000
 433 1.840000
 434 1.840000
 435 1.840000
 436 1.830000
 437 1.830000
 438 1.840000
 439 1.840000
 440 1.850000
 441 1.840000
 442 1.960000
 443 3.160000
 444 1.220000
 445 1.180000
 446 1.160000
 447 1.160000
 448 1.160000
 449 1.130000
 450 1.110000
 451 1.110000
 452 1.110000
 453 1.140000
 454 1.140000
 455 1.140000
 456 1.140000
 457 1.110000
 458 1.110000
 459 1.140000
 460 1.140000
 461 1.140000
 462 1.140000
 463 1.160000
 464 1.190000
 465 3.020000
 466 3.050000
 467 3.020000
 468 3.040000
 469 2.980000
 470 3.040000
 471 3.020000
 472 3.060000
 473 3.010000
 474 2.980000
 475 3.080000
 476 3.040000
 477 2.980000
 478 3.030000
 479 3.080000
 480 3.080000
 481 3.080000
 482 3.110000
 483 3.080000
 484 3.100000
 485 3.070000
 486 3.080000
 487 3.110000
 488 3.190000
 489 3.110000
 490 0.970000
 491 0.900000
 492 0.880000
 493 0.880000
 494 0.860000
 495 0.860000
 496 0.860000
 497 0.860000
 498 0.860000
 499 0.830000
 500 0.860000
 501 0.830000
 502 0.840000
 503 0.840000
 504 0.830000
 505 0.830000
 506 0.830000
 507 0.860000
 508 0.830000
 509 0.860000
 510 0.860000
 511 0.880000
 512 0.860000
 513 0.860000
 514 0.880000
 515 0.880000
 516 0.880000
 517 0.870000
 518 1.000000
 519 6.210000
 520 6.210000
 521 6.220000
 522 6.240000
 523 6.240000
 524 6.270000
 525 6.240000
 526 6.260000
 527 4.640000
 528 4.340000
 529 4.260000
 530 4.260000
 531 6.310000
 532 3.290000
 533 3.190000
 534 3.220000
 535 3.240000
 536 3.480000
 537 3.740000
 538 3.740000
 539 3.680000
 540 3.690000
 541 3.660000
 542 3.660000
 543 3.690000
 544 3.690000
 545 3.690000
 546 3.710000
 547 3.290000
 548 3.710000
 549 3.710000
 550 3.710000
 551 3.710000
 552 3.710000
 553 3.710000
 554 3.690000
 555 3.670000
 556 3.660000
 557 3.670000
 558 3.660000
 559 3.660000
 560 3.660000
 561 3.690000
 562 3.690000
 563 3.690000
 564 3.710000
 565 3.710000
 566 3.740000
 567 3.740000
 568 3.740000
 569 3.740000
 570 3.760000
 571 3.740000
 572 3.740000
 573 3.760000
 574 3.760000
 575 3.760000
 576 3.770000
 577 3.710000
 578 3.670000
 579 3.620000
 580 3.330000
 581 3.160000
 582 3.270000
 583 3.480000
 584 3.460000
 585 3.400000
 586 3.380000
 587 3.070000
 588 3.080000
 589 3.130000
 590 3.080000
 591 3.030000
 592 3.020000
 593 3.030000
 594 3.050000
 595 2.970000
 596 2.930000
 597 3.010000
 598 3.020000
 599 2.990000
 600 3.020000
 601 3.050000
 602 3.050000
 603 3.020000
 604 3.070000
 605 3.150000
 606 3.100000
 607 3.070000
 608 3.190000
 609 3.170000
 610 3.120000
 611 3.150000
 612 3.120000
 613 3.090000
 614 2.810000
 615 2.740000
 616 2.700000
 617 2.740000
 618 2.720000
 619 2.720000
 620 2.720000
 621 2.670000
 622 2.640000
 623 2.620000
 624 2.630000
 625 2.550000
 626 2.540000
 627 2.520000
 628 2.490000
 629 2.440000
 630 2.390000
 631 2.390000
 632 2.360000
 633 2.320000
 634 2.320000
 635 2.300000
 636 2.270000
 637 2.300000
 638 2.250000
 639 2.200000
 640 2.220000
 641 2.250000
 642 2.140000
 643 2.160000
 644 2.150000
 645 2.180000
 646 2.100000
 647 2.120000
 648 2.180000
 649 2.120000
 650 2.130000
 651 2.130000
 652 2.100000
 653 2.100000
 654 2.050000
 655 2.070000
 656 2.050000
 657 2.080000
 658 1.910000
 659 2.060000
 660 1.930000
 661 2.000000
 662 1.910000
 663 1.860000
 664 1.880000
 665 1.830000
 666 1.920000
 667 1.810000
 668 1.770000
 669 1.900000
 670 1.770000
 671 1.870000
 672 1.760000
 673 1.750000
 674 1.730000
 675 1.820000
 676 1.850000
 677 1.780000
 678 1.760000
 679 1.680000
 680 1.740000
 681 1.740000
 682 1.690000
 683 1.670000
 684 1.700000
 685 1.680000
 686 1.660000
 687 1.690000
 688 1.530000
 689 1.510000
 690 1.670000
 691 1.480000
 692 1.460000
 693 1.560000
 694 1.500000
 695 1.430000
 696 1.550000
 697 1.480000
 698 1.530000
 699 1.400000
 700 1.380000
 701 1.520000
 702 2.100000
 703 1.370000
 704 2.050000
 705 1.410000
 706 1.960000
 707 1.470000
 708 1.380000
 709 1.340000
 710 1.440000
 711 1.420000
 712 1.360000
 713 1.420000
 714 1.420000
 715 1.470000
 716 1.420000
 717 1.420000
 718 1.330000
 719 1.440000
 720 1.420000
 721 1.440000
 722 1.420000
 723 1.440000
 724 1.450000
 725 1.410000
 726 1.420000
 727 1.420000
 728 1.330000
 729 2.350000
 730 1.310000
 731 1.390000
 732 1.370000
 733 1.390000
 734 1.310000
 735 1.380000
 736 1.370000
 737 1.330000
 738 1.350000
 739 1.350000
 740 1.320000
 741 1.270000
 742 1.200000
 743 1.230000
 744 1.260000
 745 1.240000
 746 6.530000
 747 6.500000
 748 2.880000
 749 2.920000
 750 6.610000
 751 6.680000
 752 6.740000
 753 5.980000
 754 5.940000
 755 5.950000
 756 5.980000
 757 5.660000
 758 0.850000
 759 0.880000
 760 0.860000
 0 0.870000
 1 0.850000
 2 0.870000
 3 0.850000
 4 0.850000
 5 0.870000
 6 0.840000
 7 0.860000
 8 0.890000
 9 0.920000
 10 0.880000
 11 0.890000
 12 0.890000
 13 0.890000
 14 0.890000
 15 0.910000
 16 3.590000
 17 3.590000
 18 3.610000
 19 3.690000
 20 3.820000
 21 1.560000
 22 1.510000
 23 1.550000
 24 1.550000
 25 1.550000
 26 1.550000
 27 1.550000
 28 1.540000
 29 1.530000
 30 1.520000
 31 1.540000
 32 1.530000
 33 1.540000
 34 1.560000
 35 1.570000
 36 1.570000
 37 1.570000
 38 1.570000
 39 1.570000
 40 1.590000
 41 4.080000
 42 4.040000
 43 4.000000
 44 3.930000
 45 3.960000
 46 3.930000
 47 4.020000
 48 4.040000
 49 3.960000
 50 4.030000
 51 3.910000
 52 3.930000
 53 3.910000
 54 3.910000
 55 4.020000
 56 4.020000
 57 3.880000
 58 3.990000
 59 3.860000
 60 3.860000
 61 3.860000
 62 3.830000
 63 3.830000
 64 3.810000
 65 3.800000
 66 2.890000
 67 2.890000
 68 2.850000
 69 2.810000
 70 2.800000
 71 2.820000
 72 2.820000
 73 2.820000
 74 2.820000
 75 2.800000
 76 2.820000
 77 2.780000
 78 2.810000
 79 2.790000
 80 2.790000
 81 2.790000
 82 2.760000
 83 2.780000
 84 2.760000
 85 2.760000
 86 2.770000
 87 2.810000
 88 3.310000
 89 2.730000
 90 2.690000
 91 2.700000
 92 2.670000
 93 2.700000
 94 2.690000
 95 2.710000
 96 2.680000
 97 2.680000
 98 2.710000
 99 2.670000
 100 2.660000
 101 2.660000
 102 2.650000
 103 2.650000
 104 1.630000
 105 1.570000
 106 1.570000
 107 1.600000
 108 1.600000
 109 1.600000
 110 1.570000
 111 1.550000
 112 1.530000
 113 1.550000
 114 1.560000
 115 1.540000
 116 1.560000
 117 1.580000
 118 1.580000
 119 1.580000
 120 1.580000
 121 1.570000
 122 1.570000
 123 1.620000
 124 2.710000
 125 3.120000
 126 3.140000
 127 3.060000
 128 2.590000
 129 2.600000
 130 2.570000
 131 2.580000
 132 2.590000
 133 2.580000
 134 1.020000
 135 1.070000
 136 1.000000
 137 0.970000
 138 0.940000
 139 0.940000
 140 0.940000
 141 0.950000
 142 0.960000
 143 0.960000
 144 0.930000
 145 0.920000
 146 0.920000
 147 0.920000
 148 0.920000
 149 0.920000
 150 0.920000
 151 0.920000
 152 0.840000
 153 0.810000
 154 0.810000
 155 0.810000
 156 0.810000
 157 0.780000
 158 0.810000
 159 0.810000
 160 0.780000
 161 0.780000
 162 0.780000
 163 0.780000
 164 0.780000
 165 0.760000
 166 0.760000
 167 0.760000
 168 0.760000
 169 0.760000
 170 0.780000
 171 0.760000
 172 0.760000
 173 0.780000
 174 0.780000
 175 0.780000
 176 0.810000
 177 0.810000
 178 0.810000
 179 0.810000
 180 0.820000
 181 0.860000
 182 0.810000
 183 3.580000
 184 3.610000
 185 3.610000
 186 3.610000
 187 3.560000
 188 3.560000
 189 3.560000
 190 3.380000
 191 3.500000
 192 3.520000
 193 3.380000
 194 3.410000
 195 3.440000
 196 3.450000
 197 3.450000
 198 3.410000
 199 3.440000
 200 3.450000
 201 3.460000
 202 3.410000
 203 1.110000
 204 1.100000
 205 1.110000
 206 1.090000
 207 1.090000
 208 1.090000
 209 1.090000
 210 1.060000
 211 1.090000
 212 1.060000
 213 1.090000
 214 1.060000
 215 0.890000
 216 0.730000
 217 0.710000
 218 0.680000
 219 0.680000
 220 0.680000
 221 0.680000
 222 0.680000
 223 0.680000
 224 0.680000
 225 0.680000
 226 0.660000
 227 0.680000
 228 0.680000
 229 0.660000
 230 0.680000
 231 0.680000
 232 0.680000
 233 0.660000
 234 0.660000
 235 0.680000
 236 0.680000
 237 0.680000
 238 0.660000
 239 0.660000
 240 0.660000
 241 0.660000
 242 0.660000
 243 0.660000
 244 0.660000
 245 0.660000
 246 0.660000
 247 0.660000
 248 0.660000
 249 0.660000
 250 0.660000
 251 0.660000
 252 0.660000
 253 0.630000
 254 0.660000
 255 0.660000
 256 0.660000
 257 0.660000
 258 0.660000
 259 0.660000
 260 0.660000
 261 0.660000
 262 0.660000
 263 0.660000
 264 0.660000
 265 0.650000
 266 0.660000
 267 0.660000
 268 0.630000
 269 0.660000
 270 0.660000
 271 0.630000
 272 0.660000
 273 0.630000
 274 0.630000
 275 0.660000
 276 0.630000
 277 0.630000
 278 0.660000
 279 0.630000
 280 0.630000
 281 0.630000
 282 0.630000
 283 0.630000
 284 0.630000
 285 0.630000
 286 0.630000
 287 0.630000
 288 0.630000
 289 0.650000
 290 0.740000
 291 5.090000
 292 5.120000
 293 5.120000
 294 5.150000
 295 5.120000
 296 5.150000
 297 5.170000
 298 5.170000
 299 5.170000
 300 5.150000
 301 4.740000
 302 4.660000
 303 4.590000
 304 4.490000
 305 4.470000
 306 4.480000
 307 4.500000
 308 4.500000
 309 4.510000
 310 4.520000
 311 4.650000
 312 4.640000
 313 4.590000
 314 4.550000
 315 4.440000
 316 4.030000
 317 4.100000
 318 4.060000
 319 4.100000
 320 4.130000
 321 4.130000
 322 4.100000
 323 3.780000
 324 3.790000
 325 3.770000
 326 3.820000
 327 3.770000
 328 1.310000
 329 1.010000
 330 0.940000
 331 0.920000
 332 0.660000
 333 0.580000
 334 0.590000
 335 0.590000
 336 0.590000
 337 0.590000
 338 0.590000
 339 0.590000
 340 0.590000
 341 0.590000
 342 0.580000
 343 0.610000
 344 0.570000
 345 0.600000
 346 0.600000
 347 0.580000
 348 0.580000
 349 0.590000
 350 0.590000
 351 0.560000
 352 0.610000
 353 0.610000
 354 0.590000
 355 0.590000
 356 0.590000
 357 0.590000
 358 0.610000
 359 0.590000
 360 0.580000
 361 0.670000
 362 3.580000
 363 3.560000
 364 3.560000
 365 3.560000
 366 3.540000
 367 3.510000
 368 3.510000
 369 3.510000
 370 3.490000
 371 3.490000
 372 3.490000
 373 3.490000
 374 3.460000
 375 3.460000
 376 3.440000
 377 3.440000
 378 3.440000
 379 3.410000
 380 3.440000
 381 3.410000
 382 3.390000
 383 3.410000
 384 3.390000
 385 3.390000
 386 3.410000
 387 4.370000
 388 4.350000
 389 4.350000
 390 4.350000
 391 4.320000
 392 4.110000
 393 4.030000
 394 4.030000
 395 4.070000
 396 4.270000
 397 4.250000
 398 4.260000
 399 4.230000
 400 4.230000
 401 4.230000
 402 4.210000
 403 4.200000
 404 4.200000
 405 4.170000
 406 4.170000
 407 4.150000
 408 4.150000
 409 4.150000
 410 4.120000
 411 4.100000
 412 4.110000
 413 4.110000
 414 4.100000
 415 4.100000
 416 2.980000
 417 1.490000
 418 1.450000
 419 1.450000
 420 1.430000
 421 1.440000
 422 1.460000
 423 1.440000
 424 1.450000
 425 1.450000
 426 1.450000
 427 1.450000
 428 1.450000
 429 1.470000
 430 1.810000
 431 1.810000
 432 1.840000
 433 1.820000
 434 1.810000
 435 1.840000
 436 1.850000
 437 1.860000
 438 1.840000
 439 1.840000
 440 1.850000
 441 1.870000
 442 1.980000
 443 3.180000
 444 1.220000
 445 1.160000
 446 1.160000
 447 1.130000
 448 1.140000
 449 1.140000
 450 1.130000
 451 1.110000
 452 1.110000
 453 1.110000
 454 1.110000
 455 1.140000
 456 1.140000
 457 1.140000
 458 1.110000
 459 1.140000
 460 1.140000
 461 1.140000
 462 1.140000
 463 1.160000
 464 1.190000
 465 3.020000
 466 3.020000
 467 3.040000
 468 3.040000
 469 2.980000
 470 3.040000
 471 3.040000
 472 3.060000
 473 2.980000
 474 3.000000
 475 3.080000
 476 3.040000
 477 3.010000
 478 3.000000
 479 3.050000
 480 3.080000
 481 3.080000
 482 3.080000
 483 3.080000
 484 3.100000
 485 3.100000
 486 3.080000
 487 3.110000
 488 3.190000
 489 3.110000
 490 0.880000
 491 0.900000
 492 0.880000
 493 0.860000
 494 0.880000
 495 0.880000
 496 0.860000
 497 0.860000
 498 0.830000
 499 0.830000
 500 0.860000
 501 0.860000
 502 0.840000
 503 0.840000
 504 0.830000
 505 0.860000
 506 0.830000
 507 0.830000
 508 0.860000
 509 0.830000
 510 0.860000
 511 0.860000
 512 0.860000
 513 0.880000
 514 0.880000
 515 0.880000
 516 0.910000
 517 0.890000
 518 0.980000
 519 6.210000
 520 6.230000
 521 6.230000
 522 6.240000
 523 6.240000
 524 6.240000
 525 6.240000
 526 6.270000
 527 4.620000
 528 4.340000
 529 4.240000
 530 4.260000
 531 6.310000
 532 3.260000
 533 3.220000
 534 3.190000
 535 3.270000
 536 3.490000
 537 3.770000
 538 3.740000
 539 3.680000
 540 3.690000
 541 3.660000
 542 3.690000
 543 3.690000
 544 3.690000
 545 3.710000
 546 3.690000
 547 3.280000
 548 3.710000
 549 3.710000
 550 3.710000
 551 3.710000
 552 3.710000
 553 3.740000
 554 3.660000
 555 3.660000
 556 3.640000
 557 3.670000
 558 3.690000
 559 3.690000
 560 3.690000
 561 3.690000
 562 3.690000
 563 3.710000
 564 3.710000
 565 3.710000
 566 3.710000
 567 3.740000
 568 3.740000
 569 3.740000
 570 3.740000
 571 3.760000
 572 3.760000
 573 3.760000
 574 3.760000
 575 3.790000
 576 3.770000
 577 3.710000
 578 3.670000
 579 3.640000
 580 3.330000
 581 3.190000
 582 3.300000
 583 3.510000
 584 3.460000
 585 3.420000
 586 3.380000
 587 3.070000
 588 3.070000
 589 3.160000
 590 3.080000
 591 3.020000
 592 3.020000
 593 3.020000
 594 3.080000
 595 2.980000
 596 2.930000
 597 3.010000
 598 3.020000
 599 3.020000
 600 3.050000
 601 3.070000
 602 3.040000
 603 3.020000
 604 3.070000
 605 3.150000
 606 3.100000
 607 3.100000
 608 3.190000
 609 3.170000
 610 3.120000
 611 3.150000
 612 3.120000
 613 3.070000
 614 2.810000
 615 2.740000
 616 2.710000
 617 2.740000
 618 2.750000
 619 2.750000
 620 2.700000
 621 2.640000
 622 2.620000
 623 2.620000
 624 2.610000
 625 2.570000
 626 2.540000
 627 2.490000
 628 2.490000
 629 2.440000
 630 2.380000
 631 2.370000
 632 2.360000
 633 2.340000
 634 2.290000
 635 2.300000
 636 2.270000
 637 2.300000
 638 2.250000
 639 2.220000
 640 2.270000
 641 2.220000
 642 2.110000
 643 2.180000
 644 2.150000
 645 2.180000
 646 2.110000
 647 2.150000
 648 2.160000
 649 2.100000
 650 2.130000
 651 2.130000
 652 2.100000
 653 2.070000
 654 2.070000
 655 2.100000
 656 2.050000
 657 2.050000
 658 1.940000
 659 2.060000
 660 1.910000
 661 2.010000
 662 1.880000
 663 1.860000
 664 1.880000
 665 1.860000
 666 1.920000
 667 1.810000
 668 1.830000
 669 1.900000
 670 1.740000
 671 1.870000
 672 1.760000
 673 1.730000
 674 1.730000
 675 1.820000
 676 1.850000
 677 1.760000
 678 1.760000
 679 1.680000
 680 1.740000
 681 1.720000
 682 1.690000
 683 1.700000
 684 1.700000
 685 1.680000
 686 1.630000
 687 1.690000
 688 1.530000
 689 1.480000
 690 1.670000
 691 1.510000
 692 1.460000
 693 1.550000
 694 1.480000
 695 1.430000
 696 1.520000
 697 1.450000
 698 1.560000
 699 1.430000
 700 1.380000
 701 1.520000
 702 2.100000
 703 1.380000
 704 2.080000
 705 1.410000
 706 1.980000
 707 1.470000
 708 1.380000
 709 1.340000
 710 1.440000
 711 1.420000
 712 1.330000
 713 1.420000
 714 1.440000
 715 1.470000
 716 1.420000
 717 1.420000
 718 1.330000
 719 1.420000
 720 1.420000
 721 1.440000
 722 1.420000
 723 1.420000
 724 1.420000
 725 1.380000
 726 1.420000
 727 1.440000
 728 1.310000
 729 2.350000
 730 1.330000
 731 1.370000
 732 1.390000
 733 1.380000
 734 1.310000
 735 1.380000
 736 1.370000
 737 1.330000
 738 1.340000
 739 1.340000
 740 1.320000
 741 1.270000
 742 1.240000
 743 1.240000
 744 1.180000
 745 1.210000
 746 6.530000
 747 6.560000
 748 2.910000
 749 2.890000
 750 6.610000
 751 6.680000
 752 6.720000
 753 5.980000
 754 5.940000
 755 5.960000
 756 5.950000
 757 5.680000
 758 0.880000
 759 0.850000
 760 0.870000
 0 0.870000
 1 0.870000
 2 0.850000
 3 0.850000
 4 0.850000
 5 0.870000
 6 0.870000
 7 0.860000
 8 0.890000
 9 0.920000
 10 0.910000
 11 0.900000
 12 0.920000
 13 0.890000
 14 0.890000
 15 0.880000
 16 3.590000
 17 3.590000
 18 3.620000
 19 3.690000
 20 3.790000
 21 1.540000
 22 1.530000
 23 1.520000
 24 1.550000
 25 1.550000
 26 1.550000
 27 1.550000
 28 1.570000
 29 1.530000
 30 1.540000
 31 1.540000
 32 1.510000
 33 1.540000
 34 1.560000
 35 1.550000
 36 1.570000
 37 1.570000
 38 1.570000
 39 1.570000
 40 1.590000
 41 4.080000
 42 4.020000
 43 4.000000
 44 4.000000
 45 3.930000
 46 3.930000
 47 4.020000
 48 4.040000
 49 3.960000
 50 4.040000
 51 3.910000
 52 3.930000
 53 3.910000
 54 3.910000
 55 4.020000
 56 4.020000
 57 3.910000
 58 3.970000
 59 3.860000
 60 3.860000
 61 3.860000
 62 3.810000
 63 3.830000
 64 3.830000
 65 3.800000
 66 2.890000
 67 2.890000
 68 2.860000
 69 2.810000
 70 2.830000
 71 2.820000
 72 2.820000
 73 2.820000
 74 2.790000
 75 2.800000
 76 2.820000
 77 2.780000
 78 2.810000
 79 2.790000
 80 2.790000
 81 2.790000
 82 2.780000
 83 2.780000
 84 2.780000
 85 2.780000
 86 2.770000
 87 2.780000
 88 3.330000
 89 2.710000
 90 2.690000
 91 2.700000
 92 2.700000
 93 2.670000
 94 2.690000
 95 2.710000
 96 2.710000
 97 2.680000
 98 2.680000
 99 2.670000
 100 2.660000
 101 2.650000
 102 2.670000
 103 2.650000
 104 1.660000
 105 1.570000
 106 1.590000
 107 1.600000
 108 1.600000
 109 1.600000
 110 1.600000
 111 1.560000
 112 1.550000
 113 1.570000
 114 1.560000
 115 1.540000
 116 1.580000
 117 1.580000
 118 1.580000
 119 1.580000
 120 1.580000
 121 1.570000
 122 1.570000
 123 1.620000
 124 2.730000
 125 3.150000
 126 3.140000
 127 3.060000
 128 2.560000
 129 2.600000
 130 2.570000
 131 2.580000
 132 2.560000
 133 2.580000
 134 1.000000
 135 1.040000
 136 1.030000
 137 0.970000
 138 0.940000
 139 0.940000
 140 0.960000
 141 0.980000
 142 0.960000
 143 0.960000
 144 0.930000
 145 0.920000
 146 0.920000
 147 0.920000
 148 0.920000
 149 0.920000
 150 0.920000
 151 0.920000
 152 0.840000
 153 0.810000
 154 0.780000
 155 0.780000
 156 0.810000
 157 0.780000
 158 0.780000
 159 0.780000
 160 0.780000
 161 0.780000
 162 0.780000
 163 0.780000
 164 0.780000
 165 0.760000
 166 0.780000
 167 0.780000
 168 0.760000
 169 0.760000
 170 0.780000
 171 0.760000
 172 0.760000
 173 0.780000
 174 0.780000
 175 0.810000
 176 0.780000
 177 0.810000
 178 0.810000
 179 0.810000
 180 0.820000
 181 0.860000
 182 0.810000
 183 3.580000
 184 3.610000
 185 3.610000
 186 3.610000
 187 3.590000
 188 3.560000
 189 3.560000
 190 3.380000
 191 3.480000
 192 3.510000
 193 3.380000
 194 3.380000
 195 3.460000
 196 3.450000
 197 3.450000
 198 3.410000
 199 3.440000
 200 3.470000
 201 3.450000
 202 3.410000
 203 1.110000
 204 1.100000
 205 1.090000
 206 1.110000
 207 1.060000
 208 1.090000
 209 1.090000
 210 1.060000
 211 1.060000
 212 1.060000
 213 1.060000
 214 1.060000
 215 0.860000
 216 0.710000
 217 0.680000
 218 0.710000
 219 0.680000
 220 0.680000
 221 0.680000
 222 0.680000
 223 0.680000
 224 0.680000
 225 0.680000
 226 0.680000
 227 0.660000
 228 0.680000
 229 0.680000
 230 0.680000
 231 0.660000
 232 0.680000
 233 0.680000
 234 0.660000
 235 0.660000
 236 0.680000
 237 0.680000
 238 0.680000
 239 0.680000
 240 0.680000
 241 0.660000
 242 0.680000
 243 0.680000
 244 0.660000
 245 0.660000
 246 0.660000
 247 0.660000
 248 0.660000
 249 0.660000
 250 0.660000
 251 0.660000
 252 0.660000
 253 0.660000
 254 0.660000
 255 0.660000
 256 0.630000
 257 0.660000
 258 0.630000
 259 0.630000
 260 0.660000
 261 0.630000
 262 0.630000
 263 0.630000
 264 0.630000
 265 0.630000
 266 0.630000
 267 0.630000
 268 0.650000
 269 0.630000
 270 0.630000
 271 0.630000
 272 0.630000
 273 0.630000
 274 0.630000
 275 0.630000
 276 0.630000
 277 0.630000
 278 0.660000
 279 0.630000
 280 0.630000
 281 0.630000
 282 0.630000
 283 0.630000
 284 0.630000
 285 0.630000
 286 0.630000
 287 0.630000
 288 0.630000
 289 0.650000
 290 0.740000
 291 5.120000
 292 5.120000
 293 5.120000
 294 5.120000
 295 5.160000
 296 5.150000
 297 5.170000
 298 5.180000
 299 5.180000
 300 5.150000
 301 4.710000
 302 4.660000
 303 4.570000
 304 4.490000
 305 4.500000
 306 4.480000
 307 4.500000
 308 4.500000
 309 4.510000
 310 4.500000
 311 4.660000
 312 4.640000
 313 4.590000
 314 4.530000
 315 4.460000
 316 4.080000
 317 4.100000
 318 4.080000
 319 4.080000
 320 4.100000
 321 4.130000
 322 4.100000
 323 3.810000
 324 3.760000
 325 3.790000
 326 3.800000
 327 3.790000
 328 1.310000
 329 1.010000
 330 0.940000
 331 0.920000
 332 0.680000
 333 0.580000
 334 0.590000
 335 0.560000
 336 0.590000
 337 0.590000
 338 0.590000
 339 0.590000
 340 0.590000
 341 0.590000
 342 0.580000
 343 0.580000
 344 0.570000
 345 0.600000
 346 0.570000
 347 0.580000
 348 0.580000
 349 0.590000
 350 0.590000
 351 0.590000
 352 0.570000
 353 0.610000
 354 0.590000
 355 0.590000
 356 0.560000
 357 0.590000
 358 0.590000
 359 0.610000
 360 0.580000
 361 0.680000
 362 3.580000
 363 3.560000
 364 3.560000
 365 3.540000
 366 3.540000
 367 3.510000
 368 3.510000
 369 3.510000
 370 3.490000
 371 3.490000
 372 3.460000
 373 3.490000
 374 3.460000
 375 3.460000
 376 3.460000
 377 3.440000
 378 3.410000
 379 3.410000
 380 3.410000
 381 3.410000
 382 3.410000
 383 3.410000
 384 3.390000
 385 3.390000
 386 3.380000
 387 4.370000
 388 4.350000
 389 4.350000
 390 4.320000
 391 4.350000
 392 4.080000
 393 4.030000
 394 4.030000
 395 4.090000
 396 4.270000
 397 4.270000
 398 4.250000
 399 4.230000
 400 4.230000
 401 4.230000
 402 4.200000
 403 4.200000
 404 4.170000
 405 4.170000
 406 4.150000
 407 4.150000
 408 4.150000
 409 4.150000
 410 4.120000
 411 4.100000
 412 4.110000
 413 4.110000
 414 4.100000
 415 4.100000
 416 2.980000
 417 1.490000
 418 1.450000
 419 1.450000
 420 1.440000
 421 1.440000
 422 1.460000
 423 1.440000
 424 1.450000
 425 1.430000
 426 1.450000
 427 1.450000
 428 1.450000
 429 1.470000
 430 1.810000
 431 1.810000
 432 1.830000
 433 1.840000
 434 1.840000
 435 1.830000
 436 1.840000
 437 1.830000
 438 1.840000
 439 1.840000
 440 1.850000
 441 1.840000
 442 1.830000
 443 3.180000
 444 1.190000
 445 1.160000
 446 1.160000
 447 1.160000
 448 1.140000
 449 1.140000
 450 1.140000
 451 1.130000
 452 1.110000
 453 1.110000
 454 1.110000
 455 1.110000
 456 1.110000
 457 1.110000
 458 1.140000
 459 1.140000
 460 1.140000
 461 1.140000
 462 1.140000
 463 1.160000
 464 1.190000
 465 3.020000
 466 3.040000
 467 3.020000
 468 3.030000
 469 2.980000
 470 3.040000
 471 3.040000
 472 3.060000
 473 2.980000
 474 2.980000
 475 3.080000
 476 3.040000
 477 3.010000
 478 3.000000
 479 3.050000
 480 3.080000
 481 3.060000
 482 3.090000
 483 3.100000
 484 3.100000
 485 3.100000
 486 3.050000
 487 3.110000
 488 3.190000
 489 3.110000
 490 0.880000
 491 0.900000
 492 0.880000
 493 0.880000
 494 0.880000
 495 0.860000
 496 0.860000
 497 0.860000
 498 0.860000
 499 0.860000
 500 0.860000
 501 0.860000
 502 0.830000
 503 0.860000
 504 0.830000
 505 0.830000
 506 0.830000
 507 0.830000
 508 0.830000
 509 0.860000
 510 0.860000
 511 0.860000
 512 0.880000
 513 0.880000
 514 0.860000
 515 0.860000
 516 0.870000
 517 0.890000
 518 0.860000
 519 6.210000
 520 6.210000
 521 6.220000
 522 6.220000
 523 6.240000
 524 6.240000
 525 6.240000
 526 6.270000
 527 4.620000
 528 4.310000
 529 4.280000
 530 4.250000
 531 6.310000
 532 3.260000
 533 3.210000
 534 3.220000
 535 3.270000
 536 3.490000
 537 3.770000
 538 3.740000
 539 3.680000
 540 3.690000
 541 3.660000
 542 3.660000
 543 3.690000
 544 3.690000
 545 3.690000
 546 3.690000
 547 3.280000
 548 3.690000
 549 3.710000
 550 3.710000
 551 3.710000
 552 3.710000
 553 3.710000
 554 3.690000
 555 3.660000
 556 3.640000
 557 3.700000
 558 3.660000
 559 3.660000
 560 3.690000
 561 3.690000
 562 3.690000
 563 3.690000
 564 3.690000
 565 3.710000
 566 3.710000
 567 3.710000
 568 3.740000
 569 3.710000
 570 3.740000
 571 3.760000
 572 3.760000
 573 3.760000
 574 3.760000
 575 3.790000
 576 3.740000
 577 3.710000
 578 3.670000
 579 3.640000
 580 3.330000
 581 3.190000
 582 3.270000
 583 3.480000
 584 3.460000
 585 3.420000
 586 3.380000
 587 3.050000
 588 3.080000
 589 3.160000
 590 3.080000
 591 3.030000
 592 3.020000
 593 3.020000
 594 3.050000
 595 2.980000
 596 2.930000
 597 3.010000
 598 3.020000
 599 2.990000
 600 3.020000
 601 3.070000
 602 3.020000
 603 3.040000
 604 3.070000
 605 3.150000
 606 3.100000
 607 3.070000
 608 3.170000
 609 3.140000
 610 3.100000
 611 3.170000
 612 3.100000
 613 3.070000
 614 2.780000
 615 2.720000
 616 2.710000
 617 2.770000
 618 2.750000
 619 2.720000
 620 2.720000
 621 2.670000
 622 2.640000
 623 2.620000
 624 2.630000
 625 2.550000
 626 2.540000
 627 2.490000
 628 2.490000
 629 2.440000
 630 2.410000
 631 2.390000
 632 2.340000
 633 2.340000
 634 2.300000
 635 2.290000
 636 2.270000
 637 2.130000
 638 2.270000
 639 2.200000
 640 2.130000
 641 2.220000
 642 2.140000
 643 2.180000
 644 2.170000
 645 2.060000
 646 2.080000
 647 2.150000
 648 2.180000
 649 2.120000
 650 2.130000
 651 2.150000
 652 2.100000
 653 2.070000
 654 2.070000
 655 2.100000
 656 2.050000
 657 2.080000
 658 1.960000
 659 2.050000
 660 1.910000
 661 2.000000
 662 1.910000
 663 1.890000
 664 1.880000
 665 1.830000
 666 1.950000
 667 1.810000
 668 1.790000
 669 1.900000
 670 1.770000
 671 1.870000
 672 1.760000
 673 1.730000
 674 1.730000
 675 1.820000
 676 1.820000
 677 1.780000
 678 1.760000
 679 1.680000
 680 1.740000
 681 1.720000
 682 1.690000
 683 1.700000
 684 1.700000
 685 1.680000
 686 1.660000
 687 1.690000
 688 1.530000
 689 1.510000
 690 1.670000
 691 1.480000
 692 1.480000
 693 1.580000
 694 1.500000
 695 1.570000
 696 1.550000
 697 1.450000
 698 1.560000
 699 1.400000
 700 1.410000
 701 1.500000
 702 2.100000
 703 1.370000
 704 2.050000
 705 1.420000
 706 1.980000
 707 1.490000
 708 1.380000
 709 1.340000
 710 1.470000
 711 1.420000
 712 1.330000
 713 1.420000
 714 1.420000
 715 1.450000
 716 1.420000
 717 1.420000
 718 1.330000
 719 1.440000
 720 1.390000
 721 1.440000
 722 1.420000
 723 1.440000
 724 1.420000
 725 1.380000
 726 1.390000
 727 1.440000
 728 1.330000
 729 2.340000
 730 1.310000
 731 1.390000
 732 1.390000
 733 1.390000
 734 1.310000
 735 1.380000
 736 1.370000
 737 1.330000
 738 1.320000
 739 1.350000
 740 1.320000
 741 1.270000
 742 1.240000
 743 1.230000
 744 1.260000
 745 1.210000
 746 6.560000
 747 6.480000
 748 2.910000
 749 2.860000
 750 6.610000
 751 6.670000
 752 6.720000
 753 6.000000
 754 5.940000
 755 5.930000
 756 5.980000
 757 5.680000
 758 0.860000
 759 0.850000
 760 0.880000
 0 0.860000
 1 0.850000
 2 0.850000
 3 0.850000
 4 0.870000
 5 0.850000
 6 0.840000
 7 0.890000
 8 0.860000
 9 0.890000
 10 0.880000
 11 0.890000
 12 0.910000
 13 0.910000
 14 0.900000
 15 0.910000
 16 3.570000
 17 3.590000
 18 3.590000
 19 3.670000
 20 3.820000
 21 1.530000
 22 1.530000
 23 1.540000
 24 1.550000
 25 1.520000
 26 1.550000
 27 1.520000
 28 1.540000
 29 1.530000
 30 1.510000
 31 1.540000
 32 1.530000
 33 1.530000
 34 1.560000
 35 1.570000
 36 1.550000
 37 1.570000
 38 1.600000
 39 1.560000
 40 1.600000
 41 4.050000
 42 4.020000
 43 4.000000
 44 3.930000
 45 3.930000
 46 3.960000
 47 4.020000
 48 4.040000
 49 3.960000
 50 4.040000
 51 3.910000
 52 3.930000
 53 3.930000
 54 4.010000
 55 4.010000
 56 4.010000
 57 3.880000
 58 3.990000
 59 3.860000
 60 3.860000
 61 3.860000
 62 3.810000
 63 3.830000
 64 3.830000
 65 2.830000
 66 2.890000
 67 2.880000
 68 2.860000
 69 2.780000
 70 2.810000
 71 2.790000
 72 2.820000
 73 2.820000
 74 2.810000
 75 2.800000
 76 2.800000
 77 2.800000
 78 2.790000
 79 2.790000
 80 2.790000
 81 2.790000
 82 2.780000
 83 2.750000
 84 2.780000
 85 2.750000
 86 2.770000
 87 2.780000
 88 3.330000
 89 2.710000
 90 2.690000
 91 2.670000
 92 2.680000
 93 2.700000
 94 2.690000
 95 2.700000
 96 2.680000
 97 2.700000
 98 2.700000
 99 2.670000
 100 2.680000
 101 2.670000
 102 2.650000
 103 2.650000
 104 1.640000
 105 1.590000
 106 1.590000
 107 1.570000
 108 1.570000
 109 1.600000
 110 1.600000
 111 1.560000
 112 1.550000
 113 1.550000
 114 1.560000
 115 1.540000
 116 1.570000
 117 1.550000
 118 1.580000
 119 1.580000
 120 1.580000
 121 1.570000
 122 1.560000
 123 1.580000
 124 2.700000
 125 3.120000
 126 3.140000
 127 3.060000
 128 2.590000
 129 2.600000
 130 2.600000
 131 2.580000
 132 2.590000
 133 2.580000
 134 1.050000
 135 1.060000
 136 1.020000
 137 0.970000
 138 0.940000
 139 0.950000
 140 0.960000
 141 0.950000
 142 0.960000
 143 0.960000
 144 0.930000
 145 0.910000
 146 0.900000
 147 0.920000
 148 0.920000
 149 0.920000
 150 0.920000
 151 0.910000
 152 0.840000
 153 0.800000
 154 0.800000
 155 0.780000
 156 0.800000
 157 0.780000
 158 0.780000
 159 0.800000
 160 0.780000
 161 0.780000
 162 0.780000
 163 0.750000
 164 0.780000
 165 0.780000
 166 0.780000
 167 0.750000
 168 0.750000
 169 0.780000
 170 0.780000
 171 0.780000
 172 0.750000
 173 0.780000
 174 0.780000
 175 0.780000
 176 0.780000
 177 0.800000
 178 0.800000
 179 0.800000
 180 0.830000
 181 0.850000
 182 0.810000
 183 3.580000
 184 3.590000
 185 3.610000
 186 3.610000
 187 3.590000
 188 3.550000
 189 3.550000
 190 3.380000
 191 3.470000
 192 3.490000
 193 3.510000
 194 3.380000
 195 3.450000
 196 3.430000
 197 3.450000
 198 3.380000
 199 3.440000
 200 3.450000
 201 3.480000
 202 3.410000
 203 1.110000
 204 1.120000
 205 1.090000
 206 1.090000
 207 1.090000
 208 1.090000
 209 1.090000
 210 1.060000
 211 1.060000
 212 1.090000
 213 1.090000
 214 1.060000
 215 0.890000
 216 0.730000
 217 0.700000
 218 0.680000
 219 0.680000
 220 0.680000
 221 0.680000
 222 0.650000
 223 0.680000
 224 0.680000
 225 0.680000
 226 0.680000
 227 0.650000
 228 0.680000
 229 0.680000
 230 0.680000
 231 0.680000
 232 0.680000
 233 0.650000
 234 0.650000
 235 0.680000
 236 0.680000
 237 0.680000
 238 0.650000
 239 0.650000
 240 0.680000
 241 0.650000
 242 0.650000
 243 0.650000
 244 0.650000
 245 0.650000
 246 0.650000
 247 0.650000
 248 0.650000
 249 0.650000
 250 0.650000
 251 0.650000
 252 0.650000
 253 0.650000
 254 0.650000
 255 0.630000
 256 0.650000
 257 0.650000
 258 0.630000
 259 0.650000
 260 0.650000
 261 0.630000
 262 0.630000
 263 0.630000
 264 0.650000
 265 0.630000
 266 0.650000
 267 0.650000
 268 0.630000
 269 0.650000
 270 0.630000
 271 0.630000
 272 0.630000
 273 0.630000
 274 0.650000
 275 0.630000
 276 0.630000
 277 0.630000
 278 0.630000
 279 0.630000
 280 0.630000
 281 0.630000
 282 0.600000
 283 0.630000
 284 0.630000
 285 0.630000
 286 0.630000
 287 0.630000
 288 0.650000
 289 0.650000
 290 0.740000
 291 5.090000
 292 5.110000
 293 5.120000
 294 5.150000
 295 5.120000
 296 5.150000
 297 5.150000
 298 5.170000
 299 5.170000
 300 5.150000
 301 4.720000
 302 4.680000
 303 4.560000
 304 4.480000
 305 4.500000
 306 4.510000
 307 4.500000
 308 4.500000
 309 4.510000
 310 4.510000
 311 4.630000
 312 4.630000
 313 4.570000
 314 4.530000
 315 4.430000
 316 4.060000
 317 4.060000
 318 4.080000
 319 4.080000
 320 4.100000
 321 4.100000
 322 4.100000
 323 3.770000
 324 3.760000
 325 3.770000
 326 3.820000
 327 3.820000
 328 1.330000
 329 1.010000
 330 0.960000
 331 0.920000
 332 0.650000
 333 0.600000
 334 0.590000
 335 0.560000
 336 0.590000
 337 0.590000
 338 0.560000
 339 0.590000
 340 0.590000
 341 0.590000
 342 0.580000
 343 0.580000
 344 0.570000
 345 0.600000
 346 0.600000
 347 0.580000
 348 0.580000
 349 0.590000
 350 0.590000
 351 0.590000
 352 0.600000
 353 0.580000
 354 0.590000
 355 0.590000
 356 0.590000
 357 0.590000
 358 0.590000
 359 0.610000
 360 0.580000
 361 0.680000
 362 3.580000
 363 3.580000
 364 3.550000
 365 3.560000
 366 3.540000
 367 3.510000
 368 3.510000
 369 3.510000
 370 3.510000
 371 3.490000
 372 3.490000
 373 3.490000
 374 3.460000
 375 3.440000
 376 3.440000
 377 3.440000
 378 3.440000
 379 3.410000
 380 3.410000
 381 3.410000
 382 3.410000
 383 3.410000
 384 3.390000
 385 3.360000
 386 3.380000
 387 4.370000
 388 4.370000
 389 4.350000
 390 4.320000
 391 4.320000
 392 4.080000
 393 4.030000
 394 4.030000
 395 4.060000
 396 4.300000
 397 4.250000
 398 4.250000
 399 4.230000
 400 4.230000
 401 4.200000
 402 4.200000
 403 4.200000
 404 4.170000
 405 4.170000
 406 4.180000
 407 4.150000
 408 4.150000
 409 4.120000
 410 4.120000
 411 4.120000
 412 4.100000
 413 4.080000
 414 4.100000
 415 4.070000
 416 3.030000
 417 1.490000
 418 1.450000
 419 1.450000
 420 1.440000
 421 1.460000
 422 1.460000
 423 1.460000
 424 1.450000
 425 1.430000
 426 1.450000
 427 1.450000
 428 1.480000
 429 1.450000
 430 1.830000
 431 1.830000
 432 1.830000
 433 1.820000
 434 1.830000
 435 1.830000
 436 1.820000
 437 1.840000
 438 1.840000
 439 1.840000
 440 1.850000
 441 1.870000
 442 1.960000
 443 3.150000
 444 1.210000
 445 1.180000
 446 1.150000
 447 1.130000
 448 1.150000
 449 1.130000
 450 1.110000
 451 1.100000
 452 1.110000
 453 1.110000
 454 1.110000
 455 1.110000
 456 1.140000
 457 1.110000
 458 1.110000
 459 1.140000
 460 1.140000
 461 1.160000
 462 1.140000
 463 1.150000
 464 1.160000
 465 3.020000
 466 3.050000
 467 3.010000
 468 3.040000
 469 2.960000
 470 3.040000
 471 3.020000
 472 3.060000
 473 3.010000
 474 3.000000
 475 3.070000
 476 3.040000
 477 3.010000
 478 3.030000
 479 3.080000
 480 3.080000
 481 3.080000
 482 3.080000
 483 3.090000
 484 3.100000
 485 3.070000
 486 3.040000
 487 3.110000
 488 3.180000
 489 3.110000
 490 0.880000
 491 0.870000
 492 0.880000
 493 0.880000
 494 0.880000
 495 0.850000
 496 0.880000
 497 0.860000
 498 0.850000
 499 0.850000
 500 0.830000
 501 0.830000
 502 0.840000
 503 0.840000
 504 0.840000
 505 0.830000
 506 0.830000
 507 0.850000
 508 0.850000
 509 0.830000
 510 0.880000
 511 0.850000
 512 0.880000
 513 0.850000
 514 0.850000
 515 0.880000
 516 0.870000
 517 0.890000
 518 0.860000
 519 6.210000
 520 6.210000
 521 6.230000
 522 6.240000
 523 6.210000
 524 6.240000
 525 6.240000
 526 6.260000
 527 4.620000
 528 4.340000
 529 4.250000
 530 4.290000
 531 6.310000
 532 3.260000
 533 3.220000
 534 3.190000
 535 3.260000
 536 3.490000
 537 3.740000
 538 3.740000
 539 3.680000
 540 3.690000
 541 3.660000
 542 3.690000
 543 3.660000
 544 3.710000
 545 3.690000
 546 3.690000
 547 3.280000
 548 3.710000
 549 3.710000
 550 3.710000
 551 3.710000
 552 3.710000
 553 3.710000
 554 3.690000
 555 3.660000
 556 3.660000
 557 3.670000
 558 3.690000
 559 3.660000
 560 3.690000
 561 3.690000
 562 3.690000
 563 3.710000
 564 3.710000
 565 3.710000
 566 3.740000
 567 3.740000
 568 3.740000
 569 3.740000
 570 3.740000
 571 3.740000
 572 3.740000
 573 3.760000
 574 3.760000
 575 3.760000
 576 3.740000
 577 3.710000
 578 3.660000
 579 3.630000
 580 3.330000
 581 3.160000
 582 3.300000
 583 3.480000
 584 3.450000
 585 3.420000
 586 3.400000
 587 3.070000
 588 3.070000
 589 3.130000
 590 3.080000
 591 3.030000
 592 3.020000
 593 3.020000
 594 3.070000
 595 2.990000
 596 2.930000
 597 3.010000
 598 3.010000
 599 3.000000
 600 3.050000
 601 3.070000
 602 3.010000
 603 3.050000
 604 3.050000
 605 3.150000
 606 3.100000
 607 3.100000
 608 3.190000
 609 3.140000
 610 3.120000
 611 3.170000
 612 3.120000
 613 3.090000
 614 2.780000
 615 2.720000
 616 2.710000
 617 2.740000
 618 2.750000
 619 2.720000
 620 2.700000
 621 2.640000
 622 2.610000
 623 2.590000
 624 2.600000
 625 2.560000
 626 2.510000
 627 2.490000
 628 2.460000
 629 2.430000
 630 2.390000
 631 2.360000
 632 2.340000
 633 2.340000
 634 2.300000
 635 2.290000
 636 2.260000
 637 2.160000
 638 2.270000
 639 2.200000
 640 2.130000
 641 2.190000
 642 2.140000
 643 2.180000
 644 2.150000
 645 2.080000
 646 2.090000
 647 2.150000
 648 2.180000
 649 2.120000
 650 2.130000
 651 2.130000
 652 2.100000
 653 2.070000
 654 2.070000
 655 2.100000
 656 2.050000
 657 2.070000
 658 1.940000
 659 2.050000
 660 1.930000
 661 2.000000
 662 1.870000
 663 1.860000
 664 1.860000
 665 1.860000
 666 1.950000
 667 1.810000
 668 1.790000
 669 1.900000
 670 1.790000
 671 1.870000
 672 1.780000
 673 1.750000
 674 1.710000
 675 1.850000
 676 1.710000
 677 1.760000
 678 1.780000
 679 1.660000
 680 1.740000
 681 1.710000
 682 1.690000
 683 1.660000
 684 1.710000
 685 1.680000
 686 1.630000
 687 1.690000
 688 1.530000
 689 1.530000
 690 1.640000
 691 1.480000
 692 1.480000
 693 1.580000
 694 1.500000
 695 1.550000
 696 1.570000
 697 1.450000
 698 1.560000
 699 1.400000
 700 1.410000
 701 1.500000
 702 2.100000
 703 1.370000
 704 2.050000
 705 1.410000
 706 2.010000
 707 1.460000
 708 1.360000
 709 1.340000
 710 1.440000
 711 1.410000
 712 1.360000
 713 1.410000
 714 1.410000
 715 1.310000
 716 1.410000
 717 1.410000
 718 1.330000
 719 1.440000
 720 1.410000
 721 1.410000
 722 1.390000
 723 1.410000
 724 1.450000
 725 1.390000
 726 1.390000
 727 1.440000
 728 1.310000
 729 2.310000
 730 1.280000
 731 1.390000
 732 1.390000
 733 1.390000
 734 1.310000
 735 1.380000
 736 1.340000
 737 1.330000
 738 1.350000
 739 1.340000
 740 1.330000
 741 1.270000
 742 1.240000
 743 1.240000
 744 1.260000
 745 1.210000
 746 6.530000
 747 6.530000
 748 2.910000
 749 2.920000
 750 6.610000
 751 6.670000
 752 6.720000
 753 6.000000
 754 5.930000
 755 5.960000
 756 5.980000
 757 5.680000
 758 0.880000
 759 0.870000
 760 0.880000