
 0 3.850000
 1 2.910000
 2 2.850000
 3 2.870000
 4 2.870000
 5 2.840000
 6 2.850000
 7 2.830000
 8 2.880000
 9 2.870000
 10 2.860000
 11 2.820000
 12 2.810000
 13 2.850000
 14 2.820000
 15 2.830000
 16 2.830000
 17 2.830000
 18 2.830000
 19 2.810000
 20 2.810000
 21 2.780000
 22 2.780000
 23 2.800000
 24 2.860000
 25 2.760000
 26 1.910000
 27 1.870000
 28 1.870000
 29 1.850000
 30 1.870000
 31 1.890000
 32 1.920000
 33 1.890000
 34 1.940000
 35 2.030000
 36 2.730000
 37 2.680000
 38 2.700000
 39 2.680000
 40 2.680000
 41 2.680000
 42 2.910000
 43 3.220000
 44 3.200000
 45 2.740000
 46 2.710000
 47 2.690000
 48 2.690000
 49 2.690000
 50 2.700000
 51 2.700000
 52 2.700000
 53 2.700000
 54 2.700000
 55 2.690000
 56 2.660000
 57 2.510000
 58 2.510000
 59 2.480000
 60 2.480000
 61 2.540000
 62 2.530000
 63 2.550000
 64 2.610000
 65 2.630000
 66 2.620000
 67 2.610000
 68 2.630000
 69 2.630000
 70 2.630000
 71 2.640000
 72 2.630000
 73 2.630000
 74 2.610000
 75 2.610000
 76 2.600000
 77 2.600000
 78 2.600000
 79 2.590000
 80 2.600000
 81 2.590000
 82 2.630000
 83 2.870000
 84 1.810000
 85 1.770000
 86 1.760000
 87 1.780000
 88 1.780000
 89 1.780000
 90 1.770000
 91 1.730000
 92 1.730000
 93 1.730000
 94 1.730000
 95 1.770000
 96 1.780000
 97 1.780000
 98 1.780000
 99 1.770000
 100 1.760000
 101 1.760000
 102 3.480000
 103 3.460000
 104 3.580000
 105 3.610000
 106 3.610000
 107 2.380000
 108 2.360000
 109 2.330000
 110 2.330000
 111 2.350000
 112 2.370000
 113 2.390000
 114 3.610000
 115 3.610000
 116 3.590000
 117 3.590000
 118 3.610000
 119 3.610000
 120 3.590000
 121 3.590000
 122 3.590000
 123 3.590000
 124 3.560000
 125 3.490000
 126 3.490000
 127 3.460000
 128 3.430000
 129 3.430000
 130 3.410000
 131 3.400000
 132 3.600000
 133 3.420000
 134 3.460000
 135 3.430000
 136 3.460000
 137 3.440000
 138 3.450000
 139 3.570000
 140 3.550000
 141 3.550000
 142 3.570000
 143 3.450000
 144 3.480000
 145 3.480000
 146 3.570000
 147 3.460000
 148 3.460000
 149 3.480000
 150 3.460000
 151 3.610000
 152 3.610000
 153 3.610000
 154 3.460000
 155 3.460000
 156 3.570000
 157 3.600000
 158 3.540000
 159 3.490000
 160 3.530000
 161 3.460000
 162 4.750000
 163 4.750000
 164 4.110000
 165 4.770000
 166 4.760000
 167 4.780000
 168 4.770000
 169 4.770000
 170 4.770000
 171 4.810000
 172 4.770000
 173 4.810000
 174 4.810000
 175 4.830000
 176 4.810000
 177 4.810000
 178 4.830000
 179 4.830000
 180 4.820000
 181 4.830000
 182 4.830000
 183 4.830000
 184 4.820000
 185 4.660000
 186 4.850000
 187 4.850000
 188 4.280000
 189 4.260000
 190 4.880000
 191 4.870000
 192 4.870000
 193 4.620000
 194 4.610000
 195 4.620000
 196 4.670000
 197 4.920000
 198 4.920000
 199 4.900000
 200 4.920000
 201 4.950000
 202 4.950000
 203 4.950000
 204 4.080000
 205 4.060000
 206 4.080000
 207 4.090000
 208 5.000000
 209 5.000000
 210 5.000000
 211 5.000000
 212 5.020000
 213 5.020000
 214 5.020000
 215 5.050000
 216 5.050000
 217 5.050000
 218 5.040000
 219 5.070000
 220 5.070000
 221 5.110000
 222 5.110000
 223 5.080000
 224 5.130000
 225 5.130000
 226 5.130000
 227 5.130000
 228 5.150000
 229 5.150000
 230 5.180000
 231 5.170000
 232 5.170000
 233 5.170000
 234 5.200000
 235 4.950000
 236 4.780000
 237 4.690000
 238 4.590000
 239 2.420000
 240 2.390000
 241 2.360000
 242 2.340000
 243 2.340000
 244 2.310000
 245 2.290000
 246 2.300000
 247 2.260000
 248 2.260000
 249 2.240000
 250 2.240000
 251 2.220000
 252 2.190000
 253 2.190000
 254 2.190000
 255 2.150000
 256 2.160000
 257 2.110000
 258 2.110000
 259 2.110000
 260 2.090000
 261 2.090000
 262 2.060000
 263 2.040000
 264 2.040000
 265 2.050000
 266 2.020000
 267 1.990000
 268 1.990000
 269 1.990000
 270 1.960000
 271 1.960000
 272 1.950000
 273 1.920000
 274 1.950000
 275 1.900000
 276 1.920000
 277 1.920000
 278 1.870000
 279 1.900000
 280 1.870000
 281 1.850000
 282 1.850000
 283 1.850000
 284 1.810000
 285 2.010000
 286 2.110000
 287 2.130000
 288 2.120000
 289 2.110000
 290 2.130000
 291 2.110000
 292 2.110000
 293 2.130000
 294 2.130000
 295 2.160000
 296 2.130000
 297 4.410000
 298 4.400000
 299 4.330000
 300 4.280000
 301 4.280000
 302 4.330000
 303 4.350000
 304 4.360000
 305 4.410000
 306 4.450000
 307 4.530000
 308 4.520000
 309 4.520000
 310 4.520000
 311 4.500000
 312 3.580000
 313 3.540000
 314 3.560000
 315 3.530000
 316 3.600000
 317 4.450000
 318 4.420000
 319 4.400000
 320 4.400000
 321 4.400000
 322 4.370000
 323 4.370000
 324 4.350000
 325 4.350000
 326 4.170000
 327 4.030000
 328 4.060000
 329 4.090000
 330 4.270000
 331 4.270000
 332 4.260000
 333 4.260000
 334 4.230000
 335 4.260000
 336 4.220000
 337 4.220000
 338 4.200000
 339 4.200000
 340 2.540000
 341 2.060000
 342 1.940000
 343 1.390000
 344 1.400000
 345 1.400000
 346 1.400000
 347 1.400000
 348 1.420000
 349 1.400000
 350 1.420000
 351 1.420000
 352 1.420000
 353 1.420000
 354 1.400000
 355 1.470000
 356 4.040000
 357 1.640000
 358 4.030000
 359 4.030000
 360 4.020000
 361 1.300000
 362 1.320000
 363 1.300000
 364 1.310000
 365 1.300000
 366 1.290000
 367 1.290000
 368 1.290000
 369 1.270000
 370 1.240000
 371 1.250000
 372 1.270000
 373 1.290000
 374 1.290000
 375 1.250000
 376 1.260000
 377 1.240000
 378 1.240000
 379 1.220000
 380 1.230000
 381 1.230000
 382 1.210000
 383 1.210000
 384 1.210000
 385 1.200000
 386 1.220000
 387 1.230000
 388 1.230000
 389 1.230000
 390 1.230000
 391 1.250000
 392 1.250000
 393 1.280000
 394 1.260000
 395 1.280000
 396 1.310000
 397 1.310000
 398 1.280000
 399 1.310000
 400 1.310000
 401 1.440000
 402 1.460000
 403 1.460000
 404 1.460000
 405 1.460000
 406 1.460000
 407 1.460000
 408 1.460000
 409 1.460000
 410 1.490000
 411 1.500000
 412 3.010000
 413 3.080000
 414 3.030000
 415 3.080000
 416 3.060000
 417 3.100000
 418 3.100000
 419 2.180000
 420 2.170000
 421 2.140000
 422 2.100000
 423 2.110000
 424 2.110000
 425 2.110000
 426 2.110000
 427 2.110000
 428 2.110000
 429 2.110000
 430 2.140000
 431 3.180000
 432 3.190000
 433 6.080000
 434 6.080000
 435 6.070000
 436 6.100000
 437 6.090000
 438 6.090000
 439 6.120000
 440 6.120000
 441 6.140000
 442 6.140000
 443 6.120000
 444 6.120000
 445 6.140000
 446 1.710000
 447 1.660000
 448 1.610000
 449 1.610000
 450 1.610000
 451 1.610000
 452 1.610000
 453 1.610000
 454 1.590000
 455 1.610000
 456 1.600000
 457 1.610000
 458 1.610000
 459 1.660000
 460 6.260000
 461 4.540000
 462 4.350000
 463 4.280000
 464 4.290000
 465 6.280000
 466 3.240000
 467 3.240000
 468 3.240000
 469 3.290000
 470 3.460000
 471 3.920000
 472 3.720000
 473 3.660000
 474 3.660000
 475 3.660000
 476 3.690000
 477 3.660000
 478 3.690000
 479 3.690000
 480 3.340000
 481 3.340000
 482 3.690000
 483 3.690000
 484 3.690000
 485 3.710000
 486 3.710000
 487 3.710000
 488 3.660000
 489 3.640000
 490 3.640000
 491 3.640000
 492 3.660000
 493 3.660000
 494 3.690000
 495 3.690000
 496 3.690000
 497 3.690000
 498 3.710000
 499 3.710000
 500 3.690000
 501 3.690000
 502 3.710000
 503 3.710000
 504 3.740000
 505 3.740000
 506 3.740000
 507 3.740000
 508 3.760000
 509 3.760000
 510 3.760000
 511 3.710000
 512 3.680000
 513 3.580000
 514 3.190000
 515 3.160000
 516 3.520000
 517 3.480000
 518 3.430000
 519 3.410000
 520 3.380000
 521 3.260000
 522 3.020000
 523 3.020000
 524 3.030000
 525 3.070000
 526 3.070000
 527 3.000000
 528 2.990000
 529 2.940000
 530 2.890000
 531 2.950000
 532 2.940000
 533 2.940000
 534 2.960000
 535 2.960000
 536 2.940000
 537 2.990000
 538 2.970000
 539 3.030000
 540 3.060000
 541 3.060000
 542 3.130000
 543 3.060000
 544 3.090000
 545 3.120000
 546 3.070000
 547 3.070000
 548 2.850000
 549 2.710000
 550 2.680000
 551 2.680000
 552 2.650000
 553 2.640000
 554 2.600000
 555 2.610000
 556 2.580000
 557 2.590000
 558 2.580000
 559 2.540000
 560 2.510000
 561 2.480000
 562 2.460000
 563 2.440000
 564 2.370000
 565 2.310000
 566 2.320000
 567 2.290000
 568 2.240000
 569 2.240000
 570 2.210000
 571 2.210000
 572 2.220000
 573 2.240000
 574 2.160000
 575 2.130000
 576 2.090000
 577 2.090000
 578 2.090000
 579 2.080000
 580 2.060000
 581 2.070000
 582 2.040000
 583 2.060000
 584 2.040000
 585 2.020000
 586 2.020000
 587 2.040000
 588 2.050000
 589 2.030000
 590 2.040000
 591 2.030000
 592 1.910000
 593 2.020000
 594 2.000000
 595 1.970000
 596 1.950000
 597 1.920000
 598 1.900000
 599 1.890000
 600 1.870000
 601 1.840000
 602 1.850000
 603 1.730000
 604 1.730000
 605 1.800000
 606 1.820000
 607 1.690000
 608 1.770000
 609 1.660000
 610 2.830000
 611 1.770000
 612 1.750000
 613 1.630000
 614 1.610000
 615 1.570000
 616 1.580000
 617 1.530000
 618 1.530000
 619 1.620000
 620 1.620000
 621 1.580000
 622 1.540000
 623 1.600000
 624 1.600000
 625 1.560000
 626 1.570000
 627 1.430000
 628 1.500000
 629 1.480000
 630 1.410000
 631 1.410000
 632 1.490000
 633 1.410000
 634 1.380000
 635 1.380000
 636 1.350000
 637 1.330000
 638 1.360000
 639 2.050000
 640 1.360000
 641 1.350000
 642 2.020000
 643 1.360000
 644 2.050000
 645 2.070000
 646 1.440000
 647 1.330000
 648 1.720000
 649 1.450000
 650 1.740000
 651 2.150000
 652 1.310000
 653 1.290000
 654 2.200000
 655 1.310000
 656 2.200000
 657 2.220000
 658 1.290000
 659 2.240000
 660 1.310000
 661 1.370000
 662 1.370000
 663 1.390000
 664 2.320000
 665 1.280000
 666 1.370000
 667 1.330000
 668 1.360000
 669 1.260000
 670 1.230000
 671 1.260000
 672 1.240000
 673 1.250000
 674 1.300000
 675 1.230000
 676 2.490000
 677 6.580000
 678 6.560000
 679 2.850000
 680 2.830000
 681 2.840000
 682 6.500000
 683 6.490000
 684 6.480000
 685 6.550000
 686 6.590000
 687 6.640000
 688 6.730000
 689 6.190000
 690 6.790000
 691 0.840000
 692 0.860000
 693 0.830000
 694 0.830000
 695 0.810000
 696 0.820000
 697 0.810000
 698 0.810000
 699 0.840000
 700 0.820000
 701 0.850000
 702 0.850000
 703 0.850000
 704 0.850000
 705 0.850000
 706 0.850000
 707 0.850000
 708 0.870000
 709 0.870000
 710 0.870000
 711 0.870000
 712 0.870000
 713 0.850000
 714 0.870000
 715 0.870000
 716 0.870000
 717 0.840000
 718 0.430000
 719 0.380000
 720 0.290000
 721 0.260000
 722 0.210000
 723 0.210000
 724 0.260000
 725 0.220000
 726 0.210000
 727 0.240000
 728 0.220000
 729 0.220000
 730 0.210000
 731 0.210000
 732 0.210000
 733 0.210000
 734 0.210000
 735 0.210000
 736 0.210000
 737 0.210000
 738 0.210000
 739 0.210000
 740 0.210000
 741 0.190000
 742 0.190000
 743 0.210000
 744 0.210000
 745 0.210000
 746 0.210000
 747 0.210000
 748 0.190000
 749 0.210000
 750 0.190000
 751 0.190000
 752 0.210000
 753 0.200000
 754 0.200000
 755 0.200000
 756 0.200000
 757 0.200000
 758 0.200000
 759 0.220000
 760 0.220000
 0 3.850000
 1 2.910000
 2 2.860000
 3 2.870000
 4 2.870000
 5 2.860000
 6 2.850000
 7 2.830000
 8 2.850000
 9 2.860000
 10 2.850000
 11 2.830000
 12 2.840000
 13 2.850000
 14 2.850000
 15 2.830000
 16 2.830000
 17 2.830000
 18 2.800000
 19 2.790000
 20 2.800000
 21 2.780000
 22 2.780000
 23 2.800000
 24 2.860000
 25 2.750000
 26 1.910000
 27 1.870000
 28 1.850000
 29 1.870000
 30 1.870000
 31 1.890000
 32 1.910000
 33 1.890000
 34 1.890000
 35 2.000000
 36 2.730000
 37 2.680000
 38 2.700000
 39 2.680000
 40 2.680000
 41 2.680000
 42 2.890000
 43 3.200000
 44 3.200000
 45 2.760000
 46 2.710000
 47 2.690000
 48 2.710000
 49 2.690000
 50 2.700000
 51 2.700000
 52 2.700000
 53 2.700000
 54 2.700000
 55 2.690000
 56 2.650000
 57 2.500000
 58 2.480000
 59 2.500000
 60 2.490000
 61 2.540000
 62 2.520000
 63 2.550000
 64 2.600000
 65 2.600000
 66 2.600000
 67 2.610000
 68 2.630000
 69 2.630000
 70 2.630000
 71 2.640000
 72 2.640000
 73 2.630000
 74 2.600000
 75 2.600000
 76 2.600000
 77 2.580000
 78 2.600000
 79 2.590000
 80 2.600000
 81 2.610000
 82 2.620000
 83 2.870000
 84 1.830000
 85 1.770000
 86 1.750000
 87 1.750000
 88 1.750000
 89 1.750000
 90 1.760000
 91 1.750000
 92 1.730000
 93 1.730000
 94 1.730000
 95 1.750000
 96 1.780000
 97 1.780000
 98 1.800000
 99 1.800000
 100 1.760000
 101 1.760000
 102 3.480000
 103 3.600000
 104 3.580000
 105 3.600000
 106 3.590000
 107 2.380000
 108 2.330000
 109 2.330000
 110 2.330000
 111 2.350000
 112 2.400000
 113 2.400000
 114 3.610000
 115 3.610000
 116 3.590000
 117 3.590000
 118 3.620000
 119 3.590000
 120 3.590000
 121 3.610000
 122 3.590000
 123 3.560000
 124 3.530000
 125 3.510000
 126 3.490000
 127 3.430000
 128 3.420000
 129 3.410000
 130 3.430000
 131 3.420000
 132 3.660000
 133 3.440000
 134 3.430000
 135 3.430000
 136 3.460000
 137 3.450000
 138 3.450000
 139 3.570000
 140 3.570000
 141 3.550000
 142 3.570000
 143 3.470000
 144 3.480000
 145 3.480000
 146 3.600000
 147 3.460000
 148 3.460000
 149 3.480000
 150 3.460000
 151 3.600000
 152 3.580000
 153 3.580000
 154 3.460000
 155 3.460000
 156 3.570000
 157 3.600000
 158 3.540000
 159 3.520000
 160 3.530000
 161 3.490000
 162 4.740000
 163 4.750000
 164 4.140000
 165 4.770000
 166 4.750000
 167 4.780000
 168 4.770000
 169 4.770000
 170 4.770000
 171 4.800000
 172 4.800000
 173 4.800000
 174 4.800000
 175 4.800000
 176 4.800000
 177 4.800000
 178 4.800000
 179 4.830000
 180 4.800000
 181 4.830000
 182 4.830000
 183 4.850000
 184 4.850000
 185 4.670000
 186 4.850000
 187 4.850000
 188 4.270000
 189 4.260000
 190 4.850000
 191 4.880000
 192 4.870000
 193 4.650000
 194 4.630000
 195 4.630000
 196 4.700000
 197 4.900000
 198 4.920000
 199 4.900000
 200 4.920000
 201 4.950000
 202 4.950000
 203 4.950000
 204 4.110000
 205 4.030000
 206 4.060000
 207 4.090000
 208 5.000000
 209 4.970000
 210 5.000000
 211 5.020000
 212 5.020000
 213 5.020000
 214 5.020000
 215 5.050000
 216 5.050000
 217 5.050000
 218 5.060000
 219 5.070000
 220 5.070000
 221 5.080000
 222 5.070000
 223 5.080000
 224 5.100000
 225 5.100000
 226 5.130000
 227 5.150000
 228 5.150000
 229 5.150000
 230 5.150000
 231 5.170000
 232 5.200000
 233 5.200000
 234 5.200000
 235 4.960000
 236 4.770000
 237 4.660000
 238 4.590000
 239 2.440000
 240 2.390000
 241 2.360000
 242 2.340000
 243 2.340000
 244 2.310000
 245 2.310000
 246 2.290000
 247 2.300000
 248 2.270000
 249 2.240000
 250 2.250000
 251 2.220000
 252 2.190000
 253 2.190000
 254 2.160000
 255 2.150000
 256 2.140000
 257 2.110000
 258 2.110000
 259 2.090000
 260 2.090000
 261 2.090000
 262 2.060000
 263 2.060000
 264 2.040000
 265 2.020000
 266 2.010000
 267 2.020000
 268 1.990000
 269 1.990000
 270 1.960000
 271 1.960000
 272 1.960000
 273 1.920000
 274 1.950000
 275 1.920000
 276 1.920000
 277 1.900000
 278 1.900000
 279 1.870000
 280 1.870000
 281 1.870000
 282 1.870000
 283 1.850000
 284 1.840000
 285 1.980000
 286 2.110000
 287 2.120000
 288 2.110000
 289 2.110000
 290 2.130000
 291 2.110000
 292 2.130000
 293 2.110000
 294 2.130000
 295 2.160000
 296 2.120000
 297 4.380000
 298 4.370000
 299 4.340000
 300 4.300000
 301 4.300000
 302 4.320000
 303 4.350000
 304 4.360000
 305 4.430000
 306 4.450000
 307 4.500000
 308 4.500000
 309 4.520000
 310 4.500000
 311 4.500000
 312 3.580000
 313 3.550000
 314 3.540000
 315 3.550000
 316 3.570000
 317 4.420000
 318 4.420000
 319 4.400000
 320 4.420000
 321 4.400000
 322 4.370000
 323 4.370000
 324 4.350000
 325 4.320000
 326 4.170000
 327 4.050000
 328 4.060000
 329 4.090000
 330 4.300000
 331 4.270000
 332 4.250000
 333 4.250000
 334 4.230000
 335 4.230000
 336 4.230000
 337 4.220000
 338 4.200000
 339 4.200000
 340 2.570000
 341 2.050000
 342 1.940000
 343 1.410000
 344 1.400000
 345 1.400000
 346 1.420000
 347 1.400000
 348 1.400000
 349 1.400000
 350 1.420000
 351 1.420000
 352 1.400000
 353 1.400000
 354 1.420000
 355 1.440000
 356 4.040000
 357 1.610000
 358 4.030000
 359 4.030000
 360 4.000000
 361 1.310000
 362 1.300000
 363 1.300000
 364 1.280000
 365 1.280000
 366 1.300000
 367 1.290000
 368 1.280000
 369 1.270000
 370 1.240000
 371 1.250000
 372 1.270000
 373 1.280000
 374 1.290000
 375 1.250000
 376 1.230000
 377 1.240000
 378 1.220000
 379 1.220000
 380 1.240000
 381 1.230000
 382 1.220000
 383 1.190000
 384 1.200000
 385 1.230000
 386 1.220000
 387 1.210000
 388 1.230000
 389 1.230000
 390 1.260000
 391 1.220000
 392 1.250000
 393 1.260000
 394 1.260000
 395 1.280000
 396 1.310000
 397 1.310000
 398 1.310000
 399 1.310000
 400 1.310000
 401 1.410000
 402 1.460000
 403 1.460000
 404 1.460000
 405 1.460000
 406 1.460000
 407 1.460000
 408 1.460000
 409 1.460000
 410 1.490000
 411 1.470000
 412 3.030000
 413 3.070000
 414 3.030000
 415 3.060000
 416 3.080000
 417 3.120000
 418 3.100000
 419 2.170000
 420 2.140000
 421 2.140000
 422 2.120000
 423 2.110000
 424 2.110000
 425 2.110000
 426 2.110000
 427 2.140000
 428 2.140000
 429 2.100000
 430 2.140000
 431 3.160000
 432 3.190000
 433 6.050000
 434 6.080000
 435 6.070000
 436 6.100000
 437 6.090000
 438 6.110000
 439 6.090000
 440 6.090000
 441 6.110000
 442 6.140000
 443 6.120000
 444 6.150000
 445 6.110000
 446 1.710000
 447 1.660000
 448 1.610000
 449 1.590000
 450 1.590000
 451 1.590000
 452 1.610000
 453 1.610000
 454 1.610000
 455 1.610000
 456 1.620000
 457 1.610000
 458 1.610000
 459 1.660000
 460 6.260000
 461 4.520000
 462 4.350000
 463 4.250000
 464 4.270000
 465 6.280000
 466 3.270000
 467 3.190000
 468 3.220000
 469 3.290000
 470 3.470000
 471 3.910000
 472 3.710000
 473 3.680000
 474 3.690000
 475 3.660000
 476 3.690000
 477 3.690000
 478 3.690000
 479 3.690000
 480 3.340000
 481 3.310000
 482 3.710000
 483 3.710000
 484 3.690000
 485 3.690000
 486 3.710000
 487 3.690000
 488 3.660000
 489 3.640000
 490 3.660000
 491 3.640000
 492 3.660000
 493 3.660000
 494 3.690000
 495 3.690000
 496 3.710000
 497 3.710000
 498 3.710000
 499 3.690000
 500 3.690000
 501 3.710000
 502 3.710000
 503 3.710000
 504 3.710000
 505 3.740000
 506 3.740000
 507 3.760000
 508 3.740000
 509 3.760000
 510 3.760000
 511 3.710000
 512 3.660000
 513 3.580000
 514 3.180000
 515 3.180000
 516 3.500000
 517 3.480000
 518 3.450000
 519 3.410000
 520 3.380000
 521 3.260000
 522 3.050000
 523 3.020000
 524 3.020000
 525 3.070000
 526 3.070000
 527 3.000000
 528 2.990000
 529 2.930000
 530 2.920000
 531 2.900000
 532 2.970000
 533 2.930000
 534 2.930000
 535 2.930000
 536 2.970000
 537 2.990000
 538 2.990000
 539 3.000000
 540 3.030000
 541 3.060000
 542 3.130000
 543 3.060000
 544 3.100000
 545 3.120000
 546 3.070000
 547 3.040000
 548 2.870000
 549 2.700000
 550 2.680000
 551 2.680000
 552 2.680000
 553 2.630000
 554 2.600000
 555 2.600000
 556 2.570000
 557 2.560000
 558 2.580000
 559 2.530000
 560 2.510000
 561 2.450000
 562 2.450000
 563 2.410000
 564 2.370000
 565 2.330000
 566 2.290000
 567 2.270000
 568 2.240000
 569 2.230000
 570 2.230000
 571 2.220000
 572 2.240000
 573 2.210000
 574 2.160000
 575 2.120000
 576 2.090000
 577 2.090000
 578 2.090000
 579 2.090000
 580 2.060000
 581 2.040000
 582 2.070000
 583 2.060000
 584 2.040000
 585 2.040000
 586 2.010000
 587 2.010000
 588 2.020000
 589 2.060000
 590 2.040000
 591 1.930000
 592 2.030000
 593 1.990000
 594 2.000000
 595 1.970000
 596 1.920000
 597 1.920000
 598 1.900000
 599 1.870000
 600 1.870000
 601 1.840000
 602 1.820000
 603 1.730000
 604 1.850000
 605 1.800000
 606 1.800000
 607 1.670000
 608 1.770000
 609 1.670000
 610 1.670000
 611 1.660000
 612 1.630000
 613 1.600000
 614 1.580000
 615 1.570000
 616 1.570000
 617 1.550000
 618 1.530000
 619 1.510000
 620 1.610000
 621 1.560000
 622 1.560000
 623 1.600000
 624 1.600000
 625 1.550000
 626 1.560000
 627 1.460000
 628 1.480000
 629 1.500000
 630 1.430000
 631 1.380000
 632 1.490000
 633 1.380000
 634 1.370000
 635 1.380000
 636 1.380000
 637 1.460000
 638 1.330000
 639 2.030000
 640 1.360000
 641 1.350000
 642 2.020000
 643 1.360000
 644 2.070000
 645 2.100000
 646 1.440000
 647 1.460000
 648 1.720000
 649 1.450000
 650 1.710000
 651 2.170000
 652 1.330000
 653 1.310000
 654 2.200000
 655 1.330000
 656 2.220000
 657 2.220000
 658 1.290000
 659 2.270000
 660 1.270000
 661 1.370000
 662 1.370000
 663 1.390000
 664 2.310000
 665 1.280000
 666 1.390000
 667 1.330000
 668 1.360000
 669 1.230000
 670 1.260000
 671 1.250000
 672 1.210000
 673 1.240000
 674 1.320000
 675 1.200000
 676 2.490000
 677 6.550000
 678 6.560000
 679 2.820000
 680 2.830000
 681 2.840000
 682 6.500000
 683 6.470000
 684 6.480000
 685 6.520000
 686 6.570000
 687 6.670000
 688 6.710000
 689 6.190000
 690 6.790000
 691 0.870000
 692 0.810000
 693 0.810000
 694 0.840000
 695 0.830000
 696 0.830000
 697 0.810000
 698 0.830000
 699 0.820000
 700 0.850000
 701 0.850000
 702 0.850000
 703 0.850000
 704 0.850000
 705 0.850000
 706 0.850000
 707 0.870000
 708 0.870000
 709 0.870000
 710 0.900000
 711 0.870000
 712 0.870000
 713 0.870000
 714 0.850000
 715 0.870000
 716 0.870000
 717 0.800000
 718 0.590000
 719 0.540000
 720 0.270000
 721 0.180000
 722 0.190000
 723 0.210000
 724 0.260000
 725 0.240000
 726 0.210000
 727 0.240000
 728 0.220000
 729 0.210000
 730 0.230000
 731 0.200000
 732 0.230000
 733 0.200000
 734 0.200000
 735 0.200000
 736 0.200000
 737 0.200000
 738 0.210000
 739 0.210000
 740 0.190000
 741 0.190000
 742 0.210000
 743 0.210000
 744 0.210000
 745 0.210000
 746 0.210000
 747 0.190000
 748 0.210000
 749 0.210000
 750 0.190000
 751 0.190000
 752 0.190000
 753 0.220000
 754 0.200000
 755 0.200000
 756 0.200000
 757 0.200000
 758 0.220000
 759 0.200000
 760 0.200000
 0 3.880000
 1 2.890000
 2 2.850000
 3 2.840000
 4 2.870000
 5 2.840000
 6 2.840000
 7 2.860000
 8 2.880000
 9 2.860000
 10 2.860000
 11 2.860000
 12 2.840000
 13 2.820000
 14 2.850000
 15 2.830000
 16 2.830000
 17 2.830000
 18 2.800000
 19 2.790000
 20 2.810000
 21 2.780000
 22 2.780000
 23 2.800000
 24 2.840000
 25 2.760000
 26 1.910000
 27 1.870000
 28 1.860000
 29 1.870000
 30 1.870000
 31 1.890000
 32 1.880000
 33 1.910000
 34 1.910000
 35 2.060000
 36 2.710000
 37 2.710000
 38 2.670000
 39 2.680000
 40 2.680000
 41 2.680000
 42 2.910000
 43 3.220000
 44 3.200000
 45 2.760000
 46 2.690000
 47 2.690000
 48 2.690000
 49 2.690000
 50 2.700000
 51 2.700000
 52 2.680000
 53 2.680000
 54 2.700000
 55 2.690000
 56 2.660000
 57 2.510000
 58 2.510000
 59 2.480000
 60 2.480000
 61 2.520000
 62 2.530000
 63 2.550000
 64 2.580000
 65 2.600000
 66 2.600000
 67 2.610000
 68 2.610000
 69 2.610000
 70 2.630000
 71 2.640000
 72 2.630000
 73 2.630000
 74 2.610000
 75 2.610000
 76 2.600000
 77 2.600000
 78 2.600000
 79 2.590000
 80 2.600000
 81 2.610000
 82 2.630000
 83 2.870000
 84 1.780000
 85 1.770000
 86 1.780000
 87 1.760000
 88 1.760000
 89 1.760000
 90 1.770000
 91 1.760000
 92 1.730000
 93 1.730000
 94 1.730000
 95 1.750000
 96 1.780000
 97 1.780000
 98 1.780000
 99 1.770000
 100 1.770000
 101 1.760000
 102 3.480000
 103 3.610000
 104 3.580000
 105 3.630000
 106 3.590000
 107 2.380000
 108 2.330000
 109 2.310000
 110 2.330000
 111 2.320000
 112 2.380000
 113 2.400000
 114 3.640000
 115 3.610000
 116 3.590000
 117 3.610000
 118 3.610000
 119 3.610000
 120 3.590000
 121 3.590000
 122 3.590000
 123 3.590000
 124 3.560000
 125 3.490000
 126 3.490000
 127 3.430000
 128 3.400000
 129 3.410000
 130 3.410000
 131 3.430000
 132 3.630000
 133 3.420000
 134 3.460000
 135 3.430000
 136 3.430000
 137 3.480000
 138 3.450000
 139 3.570000
 140 3.550000
 141 3.550000
 142 3.570000
 143 3.450000
 144 3.480000
 145 3.480000
 146 3.600000
 147 3.460000
 148 3.460000
 149 3.480000
 150 3.610000
 151 3.580000
 152 3.580000
 153 3.610000
 154 3.480000
 155 3.460000
 156 3.570000
 157 3.570000
 158 3.570000
 159 3.520000
 160 3.560000
 161 3.490000
 162 4.750000
 163 4.750000
 164 4.130000
 165 4.750000
 166 4.780000
 167 4.780000
 168 4.770000
 169 4.770000
 170 4.800000
 171 4.800000
 172 4.810000
 173 4.800000
 174 4.810000
 175 4.810000
 176 4.830000
 177 4.830000
 178 4.810000
 179 4.830000
 180 4.830000
 181 4.830000
 182 4.830000
 183 4.860000
 184 4.850000
 185 4.660000
 186 4.850000
 187 4.850000
 188 4.280000
 189 4.260000
 190 4.880000
 191 4.870000
 192 4.870000
 193 4.650000
 194 4.630000
 195 4.620000
 196 4.700000
 197 4.900000
 198 4.920000
 199 4.920000
 200 4.950000
 201 4.920000
 202 4.920000
 203 4.950000
 204 4.080000
 205 4.030000
 206 4.050000
 207 4.090000
 208 4.970000
 209 5.000000
 210 5.000000
 211 5.000000
 212 5.000000
 213 5.020000
 214 5.020000
 215 5.020000
 216 5.050000
 217 5.050000
 218 5.070000
 219 5.050000
 220 5.070000
 221 5.070000
 222 5.080000
 223 5.110000
 224 5.110000
 225 5.110000
 226 5.120000
 227 5.150000
 228 5.150000
 229 5.180000
 230 5.160000
 231 5.170000
 232 5.170000
 233 5.210000
 234 5.220000
 235 4.940000
 236 4.780000
 237 4.690000
 238 4.610000
 239 2.430000
 240 2.390000
 241 2.360000
 242 2.360000
 243 2.340000
 244 2.310000
 245 2.310000
 246 2.310000
 247 2.290000
 248 2.260000
 249 2.240000
 250 2.240000
 251 2.210000
 252 2.190000
 253 2.200000
 254 2.160000
 255 2.170000
 256 2.150000
 257 2.110000
 258 2.110000
 259 2.110000
 260 2.090000
 261 2.060000
 262 2.090000
 263 2.040000
 264 2.010000
 265 2.050000
 266 2.020000
 267 1.990000
 268 1.990000
 269 1.960000
 270 1.990000
 271 1.950000
 272 1.940000
 273 1.920000
 274 1.920000
 275 1.920000
 276 1.900000
 277 1.900000
 278 1.870000
 279 1.870000
 280 1.870000
 281 1.870000
 282 1.870000
 283 1.820000
 284 1.860000
 285 2.000000
 286 2.110000
 287 2.100000
 288 2.110000
 289 2.120000
 290 2.140000
 291 2.140000
 292 2.130000
 293 2.130000
 294 2.130000
 295 2.140000
 296 2.150000
 297 4.380000
 298 4.400000
 299 4.330000
 300 4.310000
 301 4.280000
 302 4.330000
 303 4.350000
 304 4.350000
 305 4.430000
 306 4.450000
 307 4.530000
 308 4.550000
 309 4.500000
 310 4.500000
 311 4.520000
 312 3.620000
 313 3.560000
 314 3.560000
 315 3.530000
 316 3.600000
 317 4.420000
 318 4.420000
 319 4.420000
 320 4.400000
 321 4.370000
 322 4.370000
 323 4.370000
 324 4.350000
 325 4.350000
 326 4.170000
 327 4.060000
 328 4.060000
 329 4.070000
 330 4.270000
 331 4.270000
 332 4.260000
 333 4.260000
 334 4.260000
 335 4.260000
 336 4.230000
 337 4.220000
 338 4.200000
 339 4.200000
 340 2.580000
 341 2.080000
 342 1.940000
 343 1.390000
 344 1.400000
 345 1.400000
 346 1.430000
 347 1.420000
 348 1.400000
 349 1.420000
 350 1.420000
 351 1.420000
 352 1.420000
 353 1.400000
 354 1.400000
 355 1.440000
 356 4.040000
 357 1.640000
 358 4.030000
 359 4.030000
 360 4.000000
 361 1.240000
 362 1.320000
 363 1.300000
 364 1.310000
 365 1.290000
 366 1.290000
 367 1.290000
 368 1.290000
 369 1.270000
 370 1.260000
 371 1.240000
 372 1.270000
 373 1.310000
 374 1.260000
 375 1.250000
 376 1.260000
 377 1.230000
 378 1.230000
 379 1.220000
 380 1.220000
 381 1.250000
 382 1.220000
 383 1.210000
 384 1.210000
 385 1.200000
 386 1.220000
 387 1.230000
 388 1.210000
 389 1.230000
 390 1.270000
 391 1.230000
 392 1.250000
 393 1.230000
 394 1.280000
 395 1.280000
 396 1.310000
 397 1.310000
 398 1.310000
 399 1.330000
 400 1.330000
 401 1.410000
 402 1.460000
 403 1.460000
 404 1.460000
 405 1.460000
 406 1.460000
 407 1.490000
 408 1.460000
 409 1.460000
 410 1.460000
 411 1.480000
 412 3.030000
 413 3.080000
 414 3.060000
 415 3.060000
 416 3.080000
 417 3.110000
 418 3.100000
 419 2.190000
 420 2.170000
 421 2.140000
 422 2.100000
 423 2.110000
 424 2.110000
 425 2.110000
 426 2.110000
 427 2.140000
 428 2.140000
 429 2.110000
 430 2.160000
 431 3.180000
 432 3.190000
 433 6.080000
 434 6.080000
 435 6.070000
 436 6.070000
 437 6.120000
 438 6.090000
 439 6.090000
 440 6.120000
 441 6.090000
 442 6.120000
 443 6.120000
 444 6.150000
 445 6.150000
 446 1.730000
 447 1.660000
 448 1.590000
 449 1.610000
 450 1.590000
 451 1.610000
 452 1.610000
 453 1.590000
 454 1.590000
 455 1.610000
 456 1.620000
 457 1.610000
 458 1.610000
 459 1.660000
 460 6.230000
 461 4.540000
 462 4.360000
 463 4.270000
 464 4.290000
 465 6.280000
 466 3.270000
 467 3.220000
 468 3.220000
 469 3.290000
 470 3.490000
 471 3.940000
 472 3.720000
 473 3.680000
 474 3.660000
 475 3.690000
 476 3.690000
 477 3.660000
 478 3.690000
 479 3.690000
 480 3.340000
 481 3.310000
 482 3.690000
 483 3.690000
 484 3.690000
 485 3.710000
 486 3.690000
 487 3.710000
 488 3.660000
 489 3.640000
 490 3.640000
 491 3.660000
 492 3.660000
 493 3.660000
 494 3.660000
 495 3.690000
 496 3.690000
 497 3.690000
 498 3.690000
 499 3.690000
 500 3.690000
 501 3.710000
 502 3.710000
 503 3.710000
 504 3.710000
 505 3.740000
 506 3.760000
 507 3.760000
 508 3.760000
 509 3.760000
 510 3.730000
 511 3.710000
 512 3.660000
 513 3.580000
 514 3.190000
 515 3.190000
 516 3.500000
 517 3.480000
 518 3.430000
 519 3.410000
 520 3.380000
 521 3.290000
 522 3.020000
 523 3.050000
 524 3.030000
 525 3.070000
 526 3.070000
 527 3.000000
 528 2.970000
 529 2.910000
 530 2.890000
 531 2.920000
 532 2.940000
 533 2.940000
 534 2.940000
 535 2.940000
 536 2.940000
 537 2.990000
 538 2.990000
 539 3.030000
 540 3.060000
 541 3.080000
 542 3.130000
 543 3.060000
 544 3.120000
 545 3.150000
 546 3.070000
 547 3.090000
 548 2.880000
 549 2.700000
 550 2.680000
 551 2.690000
 552 2.670000
 553 2.660000
 554 2.640000
 555 2.590000
 556 2.570000
 557 2.560000
 558 2.580000
 559 2.570000
 560 2.540000
 561 2.480000
 562 2.450000
 563 2.440000
 564 2.370000
 565 2.340000
 566 2.290000
 567 2.290000
 568 2.270000
 569 2.240000
 570 2.240000
 571 2.220000
 572 2.220000
 573 2.220000
 574 2.170000
 575 2.140000
 576 2.120000
 577 2.130000
 578 2.090000
 579 2.090000
 580 2.060000
 581 2.040000
 582 2.070000
 583 2.040000
 584 2.060000
 585 2.040000
 586 2.020000
 587 2.040000
 588 2.020000
 589 2.030000
 590 2.050000
 591 1.930000
 592 2.010000
 593 1.980000
 594 2.000000
 595 2.000000
 596 1.950000
 597 1.920000
 598 1.890000
 599 1.870000
 600 1.850000
 601 1.840000
 602 1.820000
 603 1.730000
 604 1.850000
 605 1.800000
 606 1.680000
 607 1.700000
 608 1.770000
 609 1.650000
 610 1.670000
 611 1.630000
 612 1.630000
 613 1.630000
 614 1.610000
 615 1.590000
 616 1.530000
 617 1.530000
 618 1.560000
 619 1.480000
 620 1.620000
 621 1.570000
 622 1.540000
 623 1.600000
 624 1.590000
 625 1.580000
 626 1.570000
 627 1.460000
 628 1.480000
 629 1.480000
 630 1.410000
 631 1.380000
 632 1.490000
 633 1.380000
 634 1.350000
 635 1.380000
 636 1.360000
 637 1.460000
 638 1.360000
 639 2.010000
 640 1.360000
 641 1.330000
 642 2.050000
 643 1.360000
 644 2.020000
 645 2.100000
 646 1.470000
 647 1.330000
 648 1.720000
 649 1.470000
 650 1.720000
 651 2.150000
 652 1.310000
 653 1.280000
 654 2.170000
 655 1.330000
 656 2.200000
 657 2.220000
 658 1.290000
 659 2.270000
 660 1.330000
 661 1.370000
 662 1.400000
 663 1.390000
 664 2.320000
 665 1.280000
 666 1.390000
 667 1.310000
 668 1.380000
 669 1.230000
 670 1.210000
 671 1.240000
 672 1.240000
 673 1.240000
 674 1.300000
 675 1.230000
 676 2.520000
 677 6.580000
 678 6.560000
 679 2.880000
 680 2.830000
 681 2.840000
 682 6.480000
 683 6.470000
 684 6.480000
 685 6.550000
 686 6.590000
 687 6.670000
 688 6.730000
 689 6.190000
 690 6.800000
 691 0.840000
 692 0.830000
 693 0.830000
 694 0.830000
 695 0.810000
 696 0.820000
 697 0.810000
 698 0.810000
 699 0.820000
 700 0.850000
 701 0.850000
 702 0.850000
 703 0.850000
 704 0.850000
 705 0.850000
 706 0.850000
 707 0.850000
 708 0.870000
 709 0.850000
 710 0.870000
 711 0.870000
 712 0.870000
 713 0.870000
 714 0.870000
 715 0.870000
 716 0.870000
 717 0.700000
 718 0.670000
 719 0.410000
 720 0.290000
 721 0.260000
 722 0.190000
 723 0.180000
 724 0.230000
 725 0.220000
 726 0.210000
 727 0.240000
 728 0.190000
 729 0.220000
 730 0.210000
 731 0.210000
 732 0.210000
 733 0.210000
 734 0.210000
 735 0.210000
 736 0.210000
 737 0.210000
 738 0.190000
 739 0.190000
 740 0.190000
 741 0.210000
 742 0.190000
 743 0.210000
 744 0.190000
 745 0.210000
 746 0.210000
 747 0.190000
 748 0.210000
 749 0.210000
 750 0.190000
 751 0.220000
 752 0.200000
 753 0.200000
 754 0.200000
 755 0.220000
 756 0.200000
 757 0.200000
 758 0.220000
 759 0.200000
 760 0.200000
 0 3.880000
 1 2.910000
 2 2.850000
 3 2.840000
 4 2.870000
 5 2.840000
 6 2.840000
 7 2.830000
 8 2.850000
 9 2.870000
 10 2.830000
 11 2.830000
 12 2.830000
 13 2.820000
 14 2.850000
 15 2.830000
 16 2.830000
 17 2.830000
 18 2.800000
 19 2.790000
 20 2.810000
 21 2.780000
 22 2.780000
 23 2.800000
 24 2.830000
 25 2.760000
 26 1.940000
 27 1.870000
 28 1.870000
 29 1.870000
 30 1.870000
 31 1.890000
 32 1.890000
 33 1.920000
 34 1.930000
 35 2.030000
 36 2.710000
 37 2.710000
 38 2.700000
 39 2.680000
 40 2.670000
 41 2.680000
 42 2.910000
 43 3.220000
 44 3.200000
 45 2.740000
 46 2.690000
 47 2.690000
 48 2.690000
 49 2.710000
 50 2.700000
 51 2.700000
 52 2.680000
 53 2.700000
 54 2.700000
 55 2.690000
 56 2.660000
 57 2.510000
 58 2.510000
 59 2.480000
 60 2.490000
 61 2.540000
 62 2.530000
 63 2.530000
 64 2.610000
 65 2.600000
 66 2.600000
 67 2.610000
 68 2.610000
 69 2.630000
 70 2.630000
 71 2.640000
 72 2.630000
 73 2.630000
 74 2.630000
 75 2.610000
 76 2.600000
 77 2.600000
 78 2.600000
 79 2.590000
 80 2.600000
 81 2.580000
 82 2.630000
 83 2.850000
 84 1.810000
 85 1.770000
 86 1.780000
 87 1.760000
 88 1.760000
 89 1.780000
 90 1.740000
 91 1.760000
 92 1.730000
 93 1.760000
 94 1.760000
 95 1.750000
 96 1.780000
 97 1.760000
 98 1.780000
 99 1.770000
 100 1.780000
 101 1.760000
 102 3.480000
 103 3.580000
 104 3.580000
 105 3.610000
 106 3.610000
 107 2.380000
 108 2.330000
 109 2.330000
 110 2.360000
 111 2.350000
 112 2.380000
 113 2.420000
 114 3.610000
 115 3.610000
 116 3.590000
 117 3.590000
 118 3.610000
 119 3.590000
 120 3.590000
 121 3.590000
 122 3.560000
 123 3.590000
 124 3.560000
 125 3.520000
 126 3.490000
 127 3.460000
 128 3.430000
 129 3.410000
 130 3.430000
 131 3.400000
 132 4.340000
 133 3.440000
 134 3.430000
 135 3.430000
 136 3.460000
 137 3.450000
 138 3.450000
 139 3.570000
 140 3.550000
 141 3.550000
 142 3.570000
 143 3.450000
 144 3.450000
 145 3.480000
 146 3.600000
 147 3.460000
 148 3.460000
 149 3.480000
 150 3.610000
 151 3.610000
 152 3.580000
 153 3.580000
 154 3.460000
 155 3.460000
 156 3.570000
 157 3.570000
 158 3.570000
 159 3.490000
 160 3.560000
 161 3.460000
 162 4.740000
 163 4.770000
 164 4.120000
 165 4.770000
 166 4.770000
 167 4.780000
 168 4.770000
 169 4.770000
 170 4.800000
 171 4.770000
 172 4.800000
 173 4.780000
 174 4.810000
 175 4.830000
 176 4.810000
 177 4.830000
 178 4.810000
 179 4.810000
 180 4.830000
 181 4.830000
 182 4.830000
 183 4.830000
 184 4.850000
 185 4.670000
 186 4.850000
 187 4.860000
 188 4.280000
 189 4.260000
 190 4.850000
 191 4.870000
 192 4.910000
 193 4.650000
 194 4.630000
 195 4.630000
 196 4.700000
 197 4.900000
 198 4.930000
 199 4.920000
 200 4.920000
 201 4.920000
 202 4.950000
 203 4.950000
 204 4.080000
 205 4.030000
 206 4.060000
 207 4.090000
 208 4.970000
 209 4.970000
 210 4.970000
 211 5.020000
 212 5.000000
 213 5.000000
 214 5.020000
 215 5.020000
 216 5.050000
 217 5.050000
 218 5.070000
 219 5.070000
 220 5.070000
 221 5.070000
 222 5.110000
 223 5.110000
 224 5.110000
 225 5.110000
 226 5.120000
 227 5.120000
 228 5.120000
 229 5.160000
 230 5.180000
 231 5.170000
 232 5.170000
 233 5.200000
 234 5.200000
 235 4.940000
 236 4.800000
 237 4.690000
 238 4.630000
 239 2.410000
 240 2.390000
 241 2.360000
 242 2.360000
 243 2.310000
 244 2.310000
 245 2.310000
 246 2.290000
 247 2.260000
 248 2.270000
 249 2.260000
 250 2.220000
 251 2.200000
 252 2.190000
 253 2.200000
 254 2.170000
 255 2.170000
 256 2.140000
 257 2.140000
 258 2.140000
 259 2.090000
 260 2.060000
 261 2.090000
 262 2.060000
 263 2.060000
 264 2.040000
 265 2.050000
 266 2.020000
 267 1.990000
 268 2.010000
 269 1.960000
 270 1.970000
 271 1.960000
 272 1.970000
 273 1.920000
 274 1.920000
 275 1.920000
 276 1.920000
 277 1.900000
 278 1.900000
 279 1.870000
 280 1.870000
 281 1.850000
 282 1.850000
 283 1.850000
 284 1.840000
 285 1.990000
 286 2.110000
 287 2.100000
 288 2.120000
 289 2.100000
 290 2.120000
 291 2.150000
 292 2.120000
 293 2.120000
 294 2.120000
 295 2.160000
 296 2.130000
 297 4.410000
 298 4.410000
 299 4.330000
 300 4.310000
 301 4.310000
 302 4.330000
 303 4.340000
 304 4.350000
 305 4.430000
 306 4.450000
 307 4.530000
 308 4.520000
 309 4.520000
 310 4.500000
 311 4.520000
 312 3.570000
 313 3.560000
 314 3.540000
 315 3.530000
 316 3.600000
 317 4.420000
 318 4.420000
 319 4.420000
 320 4.400000
 321 4.370000
 322 4.350000
 323 4.370000
 324 4.370000
 325 4.350000
 326 4.170000
 327 4.060000
 328 4.060000
 329 4.070000
 330 4.270000
 331 4.270000
 332 4.260000
 333 4.260000
 334 4.260000
 335 4.230000
 336 4.230000
 337 4.210000
 338 4.200000
 339 4.200000
 340 2.580000
 341 2.060000
 342 1.940000
 343 1.410000
 344 1.400000
 345 1.420000
 346 1.400000
 347 1.400000
 348 1.420000
 349 1.400000
 350 1.420000
 351 1.420000
 352 1.420000
 353 1.400000
 354 1.420000
 355 1.440000
 356 4.040000
 357 1.610000
 358 4.030000
 359 4.030000
 360 4.020000
 361 1.310000
 362 1.300000
 363 1.300000
 364 1.310000
 365 1.300000
 366 1.280000
 367 1.290000
 368 1.290000
 369 1.270000
 370 1.250000
 371 1.250000
 372 1.270000
 373 1.290000
 374 1.290000
 375 1.220000
 376 1.260000
 377 1.230000
 378 1.200000
 379 1.210000
 380 1.220000
 381 1.230000
 382 1.190000
 383 1.190000
 384 1.180000
 385 1.230000
 386 1.220000
 387 1.230000
 388 1.230000
 389 1.230000
 390 1.240000
 391 1.250000
 392 1.260000
 393 1.260000
 394 1.280000
 395 1.280000
 396 1.310000
 397 1.310000
 398 1.310000
 399 1.310000
 400 1.330000
 401 1.410000
 402 1.460000
 403 1.460000
 404 1.460000
 405 1.490000
 406 1.460000
 407 1.460000
 408 1.460000
 409 1.460000
 410 1.490000
 411 1.510000
 412 3.010000
 413 3.090000
 414 3.030000
 415 3.060000
 416 3.060000
 417 3.090000
 418 3.090000
 419 2.190000
 420 2.170000
 421 2.120000
 422 2.120000
 423 2.110000
 424 2.140000
 425 2.110000
 426 2.110000
 427 2.110000
 428 2.140000
 429 2.140000
 430 2.160000
 431 3.180000
 432 3.220000
 433 6.060000
 434 6.080000
 435 6.070000
 436 6.100000
 437 6.090000
 438 6.090000
 439 6.120000
 440 6.090000
 441 6.120000
 442 6.140000
 443 6.150000
 444 6.150000
 445 6.140000
 446 1.730000
 447 1.660000
 448 1.610000
 449 1.610000
 450 1.610000
 451 1.590000
 452 1.610000
 453 1.610000
 454 1.610000
 455 1.610000
 456 1.620000
 457 1.590000
 458 1.610000
 459 1.660000
 460 6.260000
 461 4.520000
 462 4.360000
 463 4.270000
 464 4.290000
 465 6.280000
 466 3.270000
 467 3.220000
 468 3.220000
 469 3.280000
 470 3.490000
 471 3.970000
 472 3.710000
 473 3.680000
 474 3.660000
 475 3.660000
 476 3.690000
 477 3.690000
 478 3.690000
 479 3.690000
 480 3.310000
 481 3.310000
 482 3.690000
 483 3.690000
 484 3.690000
 485 3.710000
 486 3.690000
 487 3.710000
 488 3.690000
 489 3.640000
 490 3.660000
 491 3.660000
 492 3.660000
 493 3.660000
 494 3.660000
 495 3.660000
 496 3.690000
 497 3.690000
 498 3.710000
 499 3.710000
 500 3.710000
 501 3.740000
 502 3.710000
 503 3.710000
 504 3.740000
 505 3.740000
 506 3.740000
 507 3.740000
 508 3.760000
 509 3.760000
 510 3.730000
 511 3.710000
 512 3.660000
 513 3.610000
 514 3.190000
 515 3.160000
 516 3.520000
 517 3.480000
 518 3.460000
 519 3.410000
 520 3.360000
 521 3.290000
 522 3.050000
 523 3.050000
 524 3.030000
 525 3.040000
 526 3.070000
 527 3.000000
 528 2.990000
 529 2.910000
 530 2.920000
 531 2.920000
 532 2.960000
 533 2.940000
 534 2.940000
 535 2.960000
 536 2.940000
 537 2.990000
 538 2.970000
 539 3.030000
 540 3.060000
 541 3.080000
 542 3.130000
 543 3.060000
 544 3.090000
 545 3.120000
 546 3.070000
 547 3.070000
 548 2.910000
 549 2.710000
 550 2.700000
 551 2.700000
 552 2.640000
 553 2.650000
 554 2.640000
 555 2.610000
 556 2.560000
 557 2.590000
 558 2.610000
 559 2.570000
 560 2.540000
 561 2.480000
 562 2.480000
 563 2.440000
 564 2.400000
 565 2.340000
 566 2.290000
 567 2.280000
 568 2.240000
 569 2.220000
 570 2.230000
 571 2.210000
 572 2.220000
 573 2.220000
 574 2.190000
 575 2.140000
 576 2.090000
 577 2.130000
 578 2.090000
 579 2.060000
 580 2.080000
 581 2.070000
 582 2.040000
 583 2.040000
 584 2.060000
 585 2.040000
 586 2.040000
 587 2.030000
 588 2.020000
 589 2.030000
 590 2.070000
 591 1.960000
 592 2.010000
 593 1.960000
 594 1.990000
 595 1.970000
 596 1.920000
 597 1.920000
 598 1.900000
 599 1.870000
 600 1.870000
 601 1.870000
 602 1.820000
 603 1.850000
 604 1.820000
 605 1.820000
 606 1.680000
 607 1.710000
 608 1.770000
 609 1.650000
 610 1.680000
 611 1.660000
 612 1.630000
 613 1.630000
 614 1.730000
 615 1.590000
 616 1.580000
 617 1.550000
 618 1.510000
 619 1.510000
 620 1.640000
 621 1.570000
 622 1.570000
 623 1.600000
 624 1.560000
 625 1.560000
 626 1.540000
 627 1.430000
 628 1.480000
 629 1.500000
 630 1.410000
 631 1.410000
 632 1.490000
 633 1.410000
 634 1.380000
 635 1.360000
 636 1.360000
 637 1.460000
 638 1.360000
 639 2.020000
 640 1.360000
 641 1.330000
 642 2.050000
 643 1.360000
 644 2.020000
 645 2.070000
 646 1.440000
 647 1.330000
 648 1.750000
 649 1.470000
 650 1.720000
 651 2.120000
 652 1.310000
 653 1.310000
 654 2.200000
 655 1.300000
 656 2.220000
 657 2.250000
 658 1.290000
 659 2.240000
 660 1.310000
 661 1.370000
 662 1.370000
 663 1.370000
 664 2.320000
 665 1.280000
 666 1.370000
 667 1.330000
 668 1.360000
 669 1.230000
 670 1.230000
 671 1.240000
 672 1.240000
 673 1.240000
 674 1.330000
 675 1.230000
 676 2.520000
 677 6.580000
 678 6.580000
 679 2.850000
 680 2.830000
 681 2.840000
 682 6.520000
 683 6.470000
 684 6.480000
 685 6.550000
 686 6.590000
 687 6.670000
 688 6.730000
 689 6.190000
 690 6.820000
 691 0.840000
 692 0.830000
 693 0.800000
 694 0.810000
 695 0.840000
 696 0.830000
 697 0.810000
 698 0.810000
 699 0.820000
 700 0.850000
 701 0.850000
 702 0.850000
 703 0.850000
 704 0.850000
 705 0.850000
 706 0.870000
 707 0.850000
 708 0.870000
 709 0.870000
 710 0.870000
 711 0.870000
 712 0.870000
 713 0.870000
 714 0.870000
 715 0.870000
 716 0.870000
 717 0.670000
 718 0.650000
 719 0.410000
 720 0.290000
 721 0.240000
 722 0.190000
 723 0.210000
 724 0.260000
 725 0.220000
 726 0.230000
 727 0.240000
 728 0.220000
 729 0.220000
 730 0.210000
 731 0.210000
 732 0.210000
 733 0.210000
 734 0.210000
 735 0.210000
 736 0.210000
 737 0.210000
 738 0.210000
 739 0.210000
 740 0.210000
 741 0.210000
 742 0.210000
 743 0.210000
 744 0.190000
 745 0.210000
 746 0.190000
 747 0.190000
 748 0.210000
 749 0.190000
 750 0.190000
 751 0.190000
 752 0.190000
 753 0.220000
 754 0.200000
 755 0.200000
 756 0.200000
 757 0.200000
 758 0.200000
 759 0.200000
 760 0.200000