
 0 3.030000
 1 3.010000
 2 3.110000
 3 3.110000
 4 3.110000
 5 2.980000
 6 3.110000
 7 3.090000
 8 2.980000
 9 2.970000
 10 2.980000
 11 3.110000
 12 2.950000
 13 3.090000
 14 3.090000
 15 3.090000
 16 2.960000
 17 3.060000
 18 3.060000
 19 3.060000
 20 2.960000
 21 3.040000
 22 2.960000
 23 2.940000
 24 2.960000
 25 2.930000
 26 2.930000
 27 3.040000
 28 3.060000
 29 2.760000
 30 2.690000
 31 2.640000
 32 2.220000
 33 2.110000
 34 2.100000
 35 2.090000
 36 2.090000
 37 2.100000
 38 2.110000
 39 2.100000
 40 2.100000
 41 2.090000
 42 2.120000
 43 2.090000
 44 2.090000
 45 2.090000
 46 2.140000
 47 2.190000
 48 2.180000
 49 2.150000
 50 2.160000
 51 2.140000
 52 2.160000
 53 2.140000
 54 2.180000
 55 2.180000
 56 2.180000
 57 2.160000
 58 2.160000
 59 2.130000
 60 2.140000
 61 2.140000
 62 2.160000
 63 2.190000
 64 2.200000
 65 2.170000
 66 2.170000
 67 2.160000
 68 2.180000
 69 2.160000
 70 2.180000
 71 2.260000
 72 2.260000
 73 2.160000
 74 2.150000
 75 2.150000
 76 2.150000
 77 2.160000
 78 2.190000
 79 2.210000
 80 2.200000
 81 2.210000
 82 2.210000
 83 2.210000
 84 2.180000
 85 2.210000
 86 2.250000
 87 2.220000
 88 2.230000
 89 2.210000
 90 2.180000
 91 2.190000
 92 2.190000
 93 2.200000
 94 2.220000
 95 2.210000
 96 2.230000
 97 2.230000
 98 2.260000
 99 2.260000
 100 2.270000
 101 2.270000
 102 2.300000
 103 2.290000
 104 2.280000
 105 2.280000
 106 2.280000
 107 2.290000
 108 2.300000
 109 2.300000
 110 2.320000
 111 2.310000
 112 2.310000
 113 2.300000
 114 2.290000
 115 2.460000
 116 2.360000
 117 2.320000
 118 2.290000
 119 2.300000
 120 2.300000
 121 2.310000
 122 2.340000
 123 2.350000
 124 2.370000
 125 2.400000
 126 2.400000
 127 2.400000
 128 2.360000
 129 2.370000
 130 2.390000
 131 2.360000
 132 2.360000
 133 1.530000
 134 1.510000
 135 1.480000
 136 1.510000
 137 1.500000
 138 1.500000
 139 1.510000
 140 2.430000
 141 2.370000
 142 3.580000
 143 3.530000
 144 3.500000
 145 3.520000
 146 3.490000
 147 3.490000
 148 3.510000
 149 3.560000
 150 3.420000
 151 0.960000
 152 0.930000
 153 0.930000
 154 0.910000
 155 0.910000
 156 0.900000
 157 0.910000
 158 0.900000
 159 0.910000
 160 0.910000
 161 0.890000
 162 0.920000
 163 0.900000
 164 0.910000
 165 0.880000
 166 0.880000
 167 0.900000
 168 0.910000
 169 0.930000
 170 0.890000
 171 0.880000
 172 0.880000
 173 0.890000
 174 0.890000
 175 0.910000
 176 0.870000
 177 0.910000
 178 0.880000
 179 0.900000
 180 0.910000
 181 0.910000
 182 0.930000
 183 0.900000
 184 0.890000
 185 0.890000
 186 0.890000
 187 0.890000
 188 0.890000
 189 0.920000
 190 0.890000
 191 0.920000
 192 0.910000
 193 0.930000
 194 0.930000
 195 0.930000
 196 0.960000
 197 0.930000
 198 0.930000
 199 0.930000
 200 0.930000
 201 0.950000
 202 0.980000
 203 0.980000
 204 0.950000
 205 0.980000
 206 1.000000
 207 1.000000
 208 1.000000
 209 1.030000
 210 4.200000
 211 4.260000
 212 4.280000
 213 4.310000
 214 4.300000
 215 1.270000
 216 1.280000
 217 1.230000
 218 1.280000
 219 4.330000
 220 4.340000
 221 4.140000
 222 4.260000
 223 4.270000
 224 4.250000
 225 4.230000
 226 4.260000
 227 4.530000
 228 4.580000
 229 4.730000
 230 3.330000
 231 3.340000
 232 3.340000
 233 3.320000
 234 3.260000
 235 3.260000
 236 3.230000
 237 3.230000
 238 3.200000
 239 3.150000
 240 3.180000
 241 3.130000
 242 3.130000
 243 3.130000
 244 3.130000
 245 3.100000
 246 3.090000
 247 3.110000
 248 3.100000
 249 3.110000
 250 3.150000
 251 3.130000
 252 3.160000
 253 3.180000
 254 3.160000
 255 3.160000
 256 3.180000
 257 3.210000
 258 3.230000
 259 3.250000
 260 3.280000
 261 3.320000
 262 3.380000
 263 5.340000
 264 5.340000
 265 5.290000
 266 5.300000
 267 4.720000
 268 4.630000
 269 4.630000
 270 4.690000
 271 5.250000
 272 5.220000
 273 5.220000
 274 5.220000
 275 5.180000
 276 5.220000
 277 5.220000
 278 5.240000
 279 5.120000
 280 5.110000
 281 5.160000
 282 5.220000
 283 5.220000
 284 5.220000
 285 5.200000
 286 5.200000
 287 5.170000
 288 5.170000
 289 5.170000
 290 5.140000
 291 5.150000
 292 5.120000
 293 4.410000
 294 2.750000
 295 2.680000
 296 2.670000
 297 2.670000
 298 2.660000
 299 2.370000
 300 2.310000
 301 2.290000
 302 2.300000
 303 2.300000
 304 2.290000
 305 2.060000
 306 1.960000
 307 1.970000
 308 1.970000
 309 1.940000
 310 1.940000
 311 1.960000
 312 1.940000
 313 1.940000
 314 1.960000
 315 2.110000
 316 4.950000
 317 4.900000
 318 4.410000
 319 4.250000
 320 4.350000
 321 4.340000
 322 4.290000
 323 4.270000
 324 4.220000
 325 4.220000
 326 4.190000
 327 4.170000
 328 4.130000
 329 4.110000
 330 4.080000
 331 4.060000
 332 2.780000
 333 2.810000
 334 2.760000
 335 2.750000
 336 2.850000
 337 2.890000
 338 2.840000
 339 2.840000
 340 2.810000
 341 2.790000
 342 2.790000
 343 2.790000
 344 2.790000
 345 2.790000
 346 2.790000
 347 2.800000
 348 2.800000
 349 2.770000
 350 2.520000
 351 2.480000
 352 2.460000
 353 2.460000
 354 2.460000
 355 2.430000
 356 2.460000
 357 2.460000
 358 2.480000
 359 2.570000
 360 2.580000
 361 2.610000
 362 2.560000
 363 2.420000
 364 2.170000
 365 2.180000
 366 2.160000
 367 2.130000
 368 2.130000
 369 2.130000
 370 2.120000
 371 2.160000
 372 2.150000
 373 2.160000
 374 2.200000
 375 2.580000
 376 2.580000
 377 2.580000
 378 2.580000
 379 2.580000
 380 2.610000
 381 2.580000
 382 2.580000
 383 2.560000
 384 2.530000
 385 2.410000
 386 2.370000
 387 1.940000
 388 1.830000
 389 1.780000
 390 1.800000
 391 1.780000
 392 1.810000
 393 1.780000
 394 1.780000
 395 1.780000
 396 1.760000
 397 1.730000
 398 1.760000
 399 1.760000
 400 1.780000
 401 1.760000
 402 1.760000
 403 1.760000
 404 1.760000
 405 1.730000
 406 1.760000
 407 1.750000
 408 1.760000
 409 1.720000
 410 1.750000
 411 1.760000
 412 1.770000
 413 1.750000
 414 1.750000
 415 1.760000
 416 1.740000
 417 1.740000
 418 1.710000
 419 1.710000
 420 1.710000
 421 1.710000
 422 1.710000
 423 1.710000
 424 1.730000
 425 1.710000
 426 1.720000
 427 1.720000
 428 1.720000
 429 1.790000
 430 1.820000
 431 1.870000
 432 1.920000
 433 1.970000
 434 2.010000
 435 2.040000
 436 2.550000
 437 2.550000
 438 2.550000
 439 2.530000
 440 2.520000
 441 2.530000
 442 2.510000
 443 2.520000
 444 2.520000
 445 2.500000
 446 2.510000
 447 2.500000
 448 2.500000
 449 2.470000
 450 2.470000
 451 2.480000
 452 2.490000
 453 2.490000
 454 2.460000
 455 2.450000
 456 2.460000
 457 2.460000
 458 2.440000
 459 2.420000
 460 2.420000
 461 2.410000
 462 2.410000
 463 2.420000
 464 2.420000
 465 2.410000
 466 2.360000
 467 2.390000
 468 2.410000
 469 2.410000
 470 2.390000
 471 2.390000
 472 2.390000
 473 2.390000
 474 2.410000
 475 2.390000
 476 2.360000
 477 2.360000
 478 2.340000
 479 2.380000
 480 2.340000
 481 2.360000
 482 2.340000
 483 2.360000
 484 2.340000
 485 2.320000
 486 2.320000
 487 2.340000
 488 2.310000
 489 2.310000
 490 2.310000
 491 2.310000
 492 2.310000
 493 2.290000
 494 2.310000
 495 2.310000
 496 2.310000
 497 2.310000
 498 2.310000
 499 2.310000
 500 2.310000
 501 2.290000
 502 2.310000
 503 2.290000
 504 2.320000
 505 2.310000
 506 2.310000
 507 2.240000
 508 2.210000
 509 2.340000
 510 2.320000
 511 2.320000
 512 2.300000
 513 2.340000
 514 2.350000
 515 2.390000
 516 2.370000
 517 2.370000
 518 2.340000
 519 2.340000
 520 2.340000
 521 2.340000
 522 2.340000
 523 2.340000
 524 2.340000
 525 2.340000
 526 2.360000
 527 2.370000
 528 2.370000
 529 2.370000
 530 2.390000
 531 2.370000
 532 2.420000
 533 2.390000
 534 2.390000
 535 2.420000
 536 2.430000
 537 2.430000
 538 2.430000
 539 2.430000
 540 2.430000
 541 2.430000
 542 2.440000
 543 2.430000
 544 2.470000
 545 2.470000
 546 2.440000
 547 2.450000
 548 2.450000
 549 2.480000
 550 2.460000
 551 2.490000
 552 2.490000
 553 2.500000
 554 2.130000
 555 2.120000
 556 2.180000
 557 2.470000
 558 1.900000
 559 1.880000
 560 1.890000
 561 1.870000
 562 1.870000
 563 1.940000
 564 1.860000
 565 1.910000
 566 1.930000
 567 1.930000
 568 2.010000
 569 2.250000
 570 2.430000
 571 2.460000
 572 2.510000
 573 2.460000
 574 2.460000
 575 2.460000
 576 2.460000
 577 2.460000
 578 2.440000
 579 2.410000
 580 2.410000
 581 2.410000
 582 2.390000
 583 2.390000
 584 2.360000
 585 2.360000
 586 2.340000
 587 2.340000
 588 2.340000
 589 2.340000
 590 2.340000
 591 2.340000
 592 2.310000
 593 2.310000
 594 2.310000
 595 2.290000
 596 2.290000
 597 2.310000
 598 2.280000
 599 2.310000
 600 2.290000
 601 2.260000
 602 2.360000
 603 2.360000
 604 2.410000
 605 2.410000
 606 2.400000
 607 2.390000
 608 2.390000
 609 2.420000
 610 2.430000
 611 2.470000
 612 2.500000
 613 2.500000
 614 1.530000
 615 1.510000
 616 1.520000
 617 1.510000
 618 1.490000
 619 1.540000
 620 1.520000
 621 1.540000
 622 1.570000
 623 1.570000
 624 1.570000
 625 1.620000
 626 1.590000
 627 1.620000
 628 1.640000
 629 1.640000
 630 1.660000
 631 1.660000
 632 1.680000
 633 1.720000
 634 1.690000
 635 1.710000
 636 1.730000
 637 1.760000
 638 1.780000
 639 1.780000
 640 1.810000
 641 1.830000
 642 1.850000
 643 1.850000
 644 1.880000
 645 1.890000
 646 1.940000
 647 1.960000
 648 1.990000
 649 2.000000
 650 2.010000
 651 2.030000
 652 2.050000
 653 2.460000
 654 2.740000
 655 2.740000
 656 2.740000
 657 2.740000
 658 2.770000
 659 2.740000
 660 2.770000
 661 2.770000
 662 2.790000
 663 2.790000
 664 2.790000
 665 2.770000
 666 2.780000
 667 2.770000
 668 2.790000
 669 2.790000
 670 2.790000
 671 2.820000
 672 2.820000
 673 2.820000
 674 2.840000
 675 2.850000
 676 2.840000
 677 2.840000
 678 2.840000
 679 2.870000
 680 2.840000
 681 2.870000
 682 2.870000
 683 2.870000
 684 2.890000
 685 2.890000
 686 2.890000
 687 2.860000
 688 2.920000
 689 2.910000
 690 2.920000
 691 2.910000
 692 2.910000
 693 2.940000
 694 2.940000
 695 2.910000
 696 2.940000
 697 2.950000
 698 2.960000
 699 2.950000
 700 2.990000
 701 2.990000
 702 3.010000
 703 3.010000
 704 3.040000
 705 3.040000
 706 3.060000
 707 3.090000
 708 3.070000
 709 3.100000
 710 3.130000
 711 3.130000
 712 3.150000
 713 3.200000
 714 3.200000
 715 3.230000
 716 3.250000
 717 3.250000
 718 3.270000
 719 3.270000
 720 3.300000
 721 3.300000
 722 3.300000
 723 3.300000
 724 3.320000
 725 3.350000
 726 3.350000
 727 3.350000
 728 3.370000
 729 3.400000
 730 3.400000
 731 3.380000
 732 3.080000
 733 2.990000
 734 3.440000
 735 3.500000
 736 3.470000
 737 3.470000
 738 3.500000
 739 3.500000
 740 3.490000
 741 3.520000
 742 3.520000
 743 3.550000
 744 3.570000
 745 3.560000
 746 3.570000
 747 3.560000
 748 3.560000
 749 3.560000
 750 3.600000
 751 3.620000
 752 3.620000
 753 3.670000
 754 3.710000
 755 1.560000
 756 1.530000
 757 1.520000
 758 1.520000
 759 1.550000
 760 1.520000
 0 3.010000
 1 3.010000
 2 3.120000
 3 3.090000
 4 3.120000
 5 2.980000
 6 3.120000
 7 3.120000
 8 2.980000
 9 3.000000
 10 2.980000
 11 3.120000
 12 2.980000
 13 3.090000
 14 3.120000
 15 3.120000
 16 2.960000
 17 3.070000
 18 3.090000
 19 3.090000
 20 2.960000
 21 3.070000
 22 2.960000
 23 2.970000
 24 2.960000
 25 2.930000
 26 2.930000
 27 3.040000
 28 3.040000
 29 2.760000
 30 2.690000
 31 2.630000
 32 2.250000
 33 2.140000
 34 2.120000
 35 2.120000
 36 2.090000
 37 2.100000
 38 2.110000
 39 2.100000
 40 2.100000
 41 2.090000
 42 2.090000
 43 2.120000
 44 2.090000
 45 2.120000
 46 2.140000
 47 2.190000
 48 2.210000
 49 2.150000
 50 2.170000
 51 2.170000
 52 2.170000
 53 2.140000
 54 2.160000
 55 2.160000
 56 2.160000
 57 2.170000
 58 2.160000
 59 2.130000
 60 2.140000
 61 2.120000
 62 2.130000
 63 2.190000
 64 2.180000
 65 2.210000
 66 2.170000
 67 2.170000
 68 2.180000
 69 2.180000
 70 2.180000
 71 2.270000
 72 2.270000
 73 2.160000
 74 2.150000
 75 2.150000
 76 2.170000
 77 2.180000
 78 2.190000
 79 2.200000
 80 2.220000
 81 2.190000
 82 2.180000
 83 2.210000
 84 2.210000
 85 2.220000
 86 2.250000
 87 2.250000
 88 2.230000
 89 2.220000
 90 2.210000
 91 2.220000
 92 2.190000
 93 2.200000
 94 2.200000
 95 2.190000
 96 2.260000
 97 2.260000
 98 2.260000
 99 2.280000
 100 2.270000
 101 2.270000
 102 2.300000
 103 2.270000
 104 2.280000
 105 2.310000
 106 2.280000
 107 2.290000
 108 2.300000
 109 2.320000
 110 2.320000
 111 2.290000
 112 2.310000
 113 2.300000
 114 2.320000
 115 2.440000
 116 2.360000
 117 2.340000
 118 2.290000
 119 2.270000
 120 2.300000
 121 2.310000
 122 2.320000
 123 2.370000
 124 2.370000
 125 2.350000
 126 2.400000
 127 2.370000
 128 2.370000
 129 2.370000
 130 2.390000
 131 2.370000
 132 2.360000
 133 1.560000
 134 1.510000
 135 1.510000
 136 1.510000
 137 1.480000
 138 1.500000
 139 1.510000
 140 2.430000
 141 2.370000
 142 3.560000
 143 3.530000
 144 3.500000
 145 3.490000
 146 3.520000
 147 3.530000
 148 3.510000
 149 3.540000
 150 3.450000
 151 0.960000
 152 0.960000
 153 0.930000
 154 0.910000
 155 0.920000
 156 0.900000
 157 0.920000
 158 0.910000
 159 0.900000
 160 0.910000
 161 0.910000
 162 0.920000
 163 0.900000
 164 0.900000
 165 0.910000
 166 0.900000
 167 0.900000
 168 0.880000
 169 0.900000
 170 0.900000
 171 0.880000
 172 0.880000
 173 0.900000
 174 0.900000
 175 0.910000
 176 0.900000
 177 0.890000
 178 0.890000
 179 0.890000
 180 0.910000
 181 0.910000
 182 0.880000
 183 0.910000
 184 0.930000
 185 0.890000
 186 0.900000
 187 0.900000
 188 0.900000
 189 0.900000
 190 0.910000
 191 0.920000
 192 0.940000
 193 0.930000
 194 0.960000
 195 0.960000
 196 0.960000
 197 0.930000
 198 0.930000
 199 0.930000
 200 0.960000
 201 0.950000
 202 0.980000
 203 0.980000
 204 0.980000
 205 1.000000
 206 1.000000
 207 1.000000
 208 1.000000
 209 0.980000
 210 4.200000
 211 4.230000
 212 4.280000
 213 4.280000
 214 4.300000
 215 1.220000
 216 1.290000
 217 1.250000
 218 1.280000
 219 4.330000
 220 4.360000
 221 4.140000
 222 4.260000
 223 4.240000
 224 4.220000
 225 4.230000
 226 4.260000
 227 4.560000
 228 4.580000
 229 4.730000
 230 3.330000
 231 3.340000
 232 3.330000
 233 3.320000
 234 3.280000
 235 3.260000
 236 3.230000
 237 3.200000
 238 3.180000
 239 3.210000
 240 3.180000
 241 3.150000
 242 3.130000
 243 3.130000
 244 3.130000
 245 3.110000
 246 3.100000
 247 3.110000
 248 3.130000
 249 3.110000
 250 3.140000
 251 3.130000
 252 3.160000
 253 3.160000
 254 3.130000
 255 3.180000
 256 3.180000
 257 3.180000
 258 3.230000
 259 3.250000
 260 3.280000
 261 3.300000
 262 3.400000
 263 5.340000
 264 5.320000
 265 5.320000
 266 5.300000
 267 4.700000
 268 4.630000
 269 4.630000
 270 4.670000
 271 5.250000
 272 5.230000
 273 5.220000
 274 5.220000
 275 5.190000
 276 5.220000
 277 5.230000
 278 5.240000
 279 5.130000
 280 5.130000
 281 5.160000
 282 5.230000
 283 5.230000
 284 5.200000
 285 5.180000
 286 5.200000
 287 5.200000
 288 5.180000
 289 5.150000
 290 5.140000
 291 5.150000
 292 5.120000
 293 4.400000
 294 2.730000
 295 2.660000
 296 2.670000
 297 2.650000
 298 2.660000
 299 2.350000
 300 2.320000
 301 2.320000
 302 2.320000
 303 2.300000
 304 2.320000
 305 2.090000
 306 1.940000
 307 1.970000
 308 1.950000
 309 1.970000
 310 1.970000
 311 1.940000
 312 1.970000
 313 1.970000
 314 1.980000
 315 2.110000
 316 4.940000
 317 4.900000
 318 4.430000
 319 4.230000
 320 4.340000
 321 4.340000
 322 4.270000
 323 4.270000
 324 4.220000
 325 4.190000
 326 4.190000
 327 4.170000
 328 4.140000
 329 4.140000
 330 4.110000
 331 4.060000
 332 2.780000
 333 2.710000
 334 2.790000
 335 2.750000
 336 2.860000
 337 2.900000
 338 2.850000
 339 2.810000
 340 2.810000
 341 2.790000
 342 2.790000
 343 2.790000
 344 2.790000
 345 2.820000
 346 2.790000
 347 2.800000
 348 2.800000
 349 2.800000
 350 2.530000
 351 2.510000
 352 2.480000
 353 2.430000
 354 2.460000
 355 2.460000
 356 2.460000
 357 2.490000
 358 2.480000
 359 2.550000
 360 2.610000
 361 2.580000
 362 2.580000
 363 2.450000
 364 2.180000
 365 2.160000
 366 2.160000
 367 2.130000
 368 2.130000
 369 2.130000
 370 2.130000
 371 2.130000
 372 2.130000
 373 2.160000
 374 2.210000
 375 2.580000
 376 2.580000
 377 2.580000
 378 2.610000
 379 2.580000
 380 2.580000
 381 2.580000
 382 2.580000
 383 2.580000
 384 2.530000
 385 2.410000
 386 2.350000
 387 1.940000
 388 1.810000
 389 1.780000
 390 1.810000
 391 1.800000
 392 1.790000
 393 1.790000
 394 1.780000
 395 1.780000
 396 1.780000
 397 1.780000
 398 1.760000
 399 1.760000
 400 1.760000
 401 1.760000
 402 1.780000
 403 1.760000
 404 1.760000
 405 1.760000
 406 1.730000
 407 1.750000
 408 1.750000
 409 1.760000
 410 1.730000
 411 1.760000
 412 1.740000
 413 1.750000
 414 1.730000
 415 1.730000
 416 1.740000
 417 1.720000
 418 1.720000
 419 1.720000
 420 1.720000
 421 1.740000
 422 1.740000
 423 1.730000
 424 1.710000
 425 1.720000
 426 1.720000
 427 1.720000
 428 1.730000
 429 1.770000
 430 1.830000
 431 1.880000
 432 1.930000
 433 1.980000
 434 2.030000
 435 2.050000
 436 2.550000
 437 2.550000
 438 2.540000
 439 2.530000
 440 2.530000
 441 2.540000
 442 2.520000
 443 2.500000
 444 2.500000
 445 2.520000
 446 2.510000
 447 2.500000
 448 2.500000
 449 2.450000
 450 2.470000
 451 2.490000
 452 2.460000
 453 2.460000
 454 2.450000
 455 2.460000
 456 2.450000
 457 2.460000
 458 2.420000
 459 2.430000
 460 2.430000
 461 2.410000
 462 2.400000
 463 2.400000
 464 2.420000
 465 2.410000
 466 2.360000
 467 2.390000
 468 2.400000
 469 2.410000
 470 2.400000
 471 2.390000
 472 2.390000
 473 2.390000
 474 2.390000
 475 2.410000
 476 2.390000
 477 2.360000
 478 2.360000
 479 2.350000
 480 2.350000
 481 2.340000
 482 2.360000
 483 2.340000
 484 2.310000
 485 2.320000
 486 2.350000
 487 2.340000
 488 2.310000
 489 2.310000
 490 2.310000
 491 2.310000
 492 2.290000
 493 2.310000
 494 2.310000
 495 2.310000
 496 2.290000
 497 2.310000
 498 2.310000
 499 2.310000
 500 2.290000
 501 2.300000
 502 2.310000
 503 2.300000
 504 2.290000
 505 2.290000
 506 2.310000
 507 2.210000
 508 2.220000
 509 2.330000
 510 2.350000
 511 2.290000
 512 2.310000
 513 2.350000
 514 2.350000
 515 2.370000
 516 2.350000
 517 2.370000
 518 2.370000
 519 2.350000
 520 2.350000
 521 2.350000
 522 2.310000
 523 2.350000
 524 2.360000
 525 2.350000
 526 2.360000
 527 2.360000
 528 2.370000
 529 2.370000
 530 2.400000
 531 2.400000
 532 2.420000
 533 2.400000
 534 2.400000
 535 2.420000
 536 2.450000
 537 2.440000
 538 2.430000
 539 2.460000
 540 2.410000
 541 2.440000
 542 2.460000
 543 2.460000
 544 2.450000
 545 2.450000
 546 2.440000
 547 2.470000
 548 2.450000
 549 2.480000
 550 2.470000
 551 2.490000
 552 2.490000
 553 2.470000
 554 2.130000
 555 2.140000
 556 2.190000
 557 2.490000
 558 1.880000
 559 1.850000
 560 1.890000
 561 1.870000
 562 1.900000
 563 1.950000
 564 1.980000
 565 1.910000
 566 1.900000
 567 1.930000
 568 2.060000
 569 2.280000
 570 2.420000
 571 2.490000
 572 2.480000
 573 2.480000
 574 2.460000
 575 2.460000
 576 2.430000
 577 2.420000
 578 2.420000
 579 2.420000
 580 2.420000
 581 2.390000
 582 2.420000
 583 2.390000
 584 2.370000
 585 2.370000
 586 2.370000
 587 2.370000
 588 2.340000
 589 2.340000
 590 2.320000
 591 2.320000
 592 2.320000
 593 2.290000
 594 2.320000
 595 2.290000
 596 2.290000
 597 2.310000
 598 2.310000
 599 2.310000
 600 2.290000
 601 2.260000
 602 2.340000
 603 2.380000
 604 2.410000
 605 2.410000
 606 2.400000
 607 2.390000
 608 2.370000
 609 2.410000
 610 2.430000
 611 2.450000
 612 2.500000
 613 2.500000
 614 1.530000
 615 1.530000
 616 1.490000
 617 1.540000
 618 1.500000
 619 1.520000
 620 1.540000
 621 1.540000
 622 1.570000
 623 1.570000
 624 1.590000
 625 1.590000
 626 1.620000
 627 1.620000
 628 1.620000
 629 1.640000
 630 1.670000
 631 1.660000
 632 1.690000
 633 1.690000
 634 1.720000
 635 1.710000
 636 1.760000
 637 1.760000
 638 1.790000
 639 1.790000
 640 1.810000
 641 1.830000
 642 1.850000
 643 1.850000
 644 1.900000
 645 1.900000
 646 1.910000
 647 1.960000
 648 2.010000
 649 2.010000
 650 2.010000
 651 2.040000
 652 2.030000
 653 2.490000
 654 2.710000
 655 2.750000
 656 2.750000
 657 2.770000
 658 2.750000
 659 2.770000
 660 2.770000
 661 2.770000
 662 2.770000
 663 2.770000
 664 2.770000
 665 2.770000
 666 2.770000
 667 2.800000
 668 2.800000
 669 2.800000
 670 2.800000
 671 2.800000
 672 2.800000
 673 2.820000
 674 2.850000
 675 2.830000
 676 2.850000
 677 2.850000
 678 2.850000
 679 2.870000
 680 2.870000
 681 2.870000
 682 2.870000
 683 2.870000
 684 2.870000
 685 2.890000
 686 2.900000
 687 2.890000
 688 2.900000
 689 2.920000
 690 2.910000
 691 2.910000
 692 2.940000
 693 2.910000
 694 2.940000
 695 2.910000
 696 2.940000
 697 2.940000
 698 2.930000
 699 2.960000
 700 2.990000
 701 2.990000
 702 2.990000
 703 3.010000
 704 3.040000
 705 3.060000
 706 3.060000
 707 3.090000
 708 3.080000
 709 3.100000
 710 3.100000
 711 3.150000
 712 3.150000
 713 3.180000
 714 3.200000
 715 3.200000
 716 3.250000
 717 3.250000
 718 3.250000
 719 3.270000
 720 3.280000
 721 3.300000
 722 3.270000
 723 3.300000
 724 3.320000
 725 3.300000
 726 3.350000
 727 3.350000
 728 3.360000
 729 3.370000
 730 3.400000
 731 3.380000
 732 3.110000
 733 3.000000
 734 3.410000
 735 3.470000
 736 3.500000
 737 3.500000
 738 3.470000
 739 3.490000
 740 3.510000
 741 3.490000
 742 3.550000
 743 3.540000
 744 3.550000
 745 3.570000
 746 3.570000
 747 3.550000
 748 3.570000
 749 3.590000
 750 3.600000
 751 3.600000
 752 3.620000
 753 3.670000
 754 3.660000
 755 1.530000
 756 1.530000
 757 1.550000
 758 1.550000
 759 1.550000
 760 1.520000
 0 3.040000
 1 2.980000
 2 3.120000
 3 3.090000
 4 3.120000
 5 2.980000
 6 3.090000
 7 3.090000
 8 3.010000
 9 3.000000
 10 3.010000
 11 3.090000
 12 3.010000
 13 3.090000
 14 3.090000
 15 3.090000
 16 2.960000
 17 3.090000
 18 3.090000
 19 3.090000
 20 2.930000
 21 3.040000
 22 2.980000
 23 2.970000
 24 2.960000
 25 2.960000
 26 2.930000
 27 3.040000
 28 3.040000
 29 2.760000
 30 2.670000
 31 2.640000
 32 2.220000
 33 2.120000
 34 2.110000
 35 2.090000
 36 2.090000
 37 2.110000
 38 2.110000
 39 2.100000
 40 2.100000
 41 2.090000
 42 2.090000
 43 2.120000
 44 2.120000
 45 2.090000
 46 2.170000
 47 2.220000
 48 2.210000
 49 2.150000
 50 2.140000
 51 2.140000
 52 2.140000
 53 2.170000
 54 2.160000
 55 2.180000
 56 2.160000
 57 2.170000
 58 2.160000
 59 2.160000
 60 2.150000
 61 2.170000
 62 2.160000
 63 2.170000
 64 2.170000
 65 2.200000
 66 2.170000
 67 2.170000
 68 2.180000
 69 2.180000
 70 2.180000
 71 2.240000
 72 2.270000
 73 2.160000
 74 2.150000
 75 2.150000
 76 2.150000
 77 2.180000
 78 2.200000
 79 2.200000
 80 2.220000
 81 2.220000
 82 2.210000
 83 2.180000
 84 2.180000
 85 2.240000
 86 2.220000
 87 2.220000
 88 2.230000
 89 2.220000
 90 2.210000
 91 2.190000
 92 2.190000
 93 2.200000
 94 2.200000
 95 2.220000
 96 2.230000
 97 2.230000
 98 2.260000
 99 2.260000
 100 2.270000
 101 2.270000
 102 2.270000
 103 2.270000
 104 2.280000
 105 2.310000
 106 2.280000
 107 2.290000
 108 2.300000
 109 2.300000
 110 2.320000
 111 2.320000
 112 2.310000
 113 2.330000
 114 2.300000
 115 2.460000
 116 2.360000
 117 2.320000
 118 2.290000
 119 2.300000
 120 2.300000
 121 2.310000
 122 2.350000
 123 2.370000
 124 2.370000
 125 2.370000
 126 2.370000
 127 2.370000
 128 2.370000
 129 2.370000
 130 2.390000
 131 2.370000
 132 2.370000
 133 1.530000
 134 1.510000
 135 1.510000
 136 1.510000
 137 1.500000
 138 1.500000
 139 1.510000
 140 2.410000
 141 2.370000
 142 3.580000
 143 3.530000
 144 3.500000
 145 3.490000
 146 3.490000
 147 3.530000
 148 3.510000
 149 3.560000
 150 3.420000
 151 0.980000
 152 0.930000
 153 0.940000
 154 0.930000
 155 0.890000
 156 0.920000
 157 0.880000
 158 0.900000
 159 0.900000
 160 0.880000
 161 0.890000
 162 0.920000
 163 0.880000
 164 0.910000
 165 0.900000
 166 0.900000
 167 0.900000
 168 0.900000
 169 0.880000
 170 0.900000
 171 0.900000
 172 0.910000
 173 0.900000
 174 0.910000
 175 0.880000
 176 0.900000
 177 0.910000
 178 0.880000
 179 0.910000
 180 0.890000
 181 0.890000
 182 0.880000
 183 0.880000
 184 0.930000
 185 0.910000
 186 0.920000
 187 0.890000
 188 0.900000
 189 0.910000
 190 0.920000
 191 0.910000
 192 0.940000
 193 0.930000
 194 0.960000
 195 0.960000
 196 0.930000
 197 0.930000
 198 0.930000
 199 0.930000
 200 0.930000
 201 0.950000
 202 0.950000
 203 0.980000
 204 0.980000
 205 0.980000
 206 1.030000
 207 1.000000
 208 1.000000
 209 1.010000
 210 4.230000
 211 4.260000
 212 4.280000
 213 4.310000
 214 4.330000
 215 1.240000
 216 1.290000
 217 1.230000
 218 1.280000
 219 4.360000
 220 4.360000
 221 4.150000
 222 4.260000
 223 4.270000
 224 4.250000
 225 4.250000
 226 4.260000
 227 4.530000
 228 4.580000
 229 4.730000
 230 3.330000
 231 3.340000
 232 3.320000
 233 3.320000
 234 3.280000
 235 3.260000
 236 3.230000
 237 3.230000
 238 3.200000
 239 3.180000
 240 3.180000
 241 3.130000
 242 3.100000
 243 3.130000
 244 3.110000
 245 3.100000
 246 3.120000
 247 3.110000
 248 3.110000
 249 3.100000
 250 3.130000
 251 3.130000
 252 3.130000
 253 3.180000
 254 3.160000
 255 3.160000
 256 3.180000
 257 3.230000
 258 3.230000
 259 3.270000
 260 3.260000
 261 3.310000
 262 3.410000
 263 5.340000
 264 5.320000
 265 5.320000
 266 5.330000
 267 4.700000
 268 4.630000
 269 4.630000
 270 4.690000
 271 5.240000
 272 5.250000
 273 5.220000
 274 5.190000
 275 5.190000
 276 5.230000
 277 5.230000
 278 5.240000
 279 5.130000
 280 5.110000
 281 5.160000
 282 5.230000
 283 5.230000
 284 5.200000
 285 5.200000
 286 5.200000
 287 5.180000
 288 5.180000
 289 5.140000
 290 5.150000
 291 5.140000
 292 5.120000
 293 4.400000
 294 2.730000
 295 2.680000
 296 2.670000
 297 2.670000
 298 2.660000
 299 2.350000
 300 2.320000
 301 2.320000
 302 2.320000
 303 2.300000
 304 2.290000
 305 2.090000
 306 1.970000
 307 1.950000
 308 1.950000
 309 1.940000
 310 1.970000
 311 1.970000
 312 1.940000
 313 1.970000
 314 1.960000
 315 2.140000
 316 4.950000
 317 4.750000
 318 4.600000
 319 4.230000
 320 4.330000
 321 4.210000
 322 4.290000
 323 4.240000
 324 4.230000
 325 4.220000
 326 4.190000
 327 4.170000
 328 4.160000
 329 4.110000
 330 4.090000
 331 4.060000
 332 2.780000
 333 2.710000
 334 2.820000
 335 2.760000
 336 2.860000
 337 2.870000
 338 2.820000
 339 2.840000
 340 2.830000
 341 2.790000
 342 2.790000
 343 2.790000
 344 2.770000
 345 2.790000
 346 2.820000
 347 2.800000
 348 2.830000
 349 2.800000
 350 2.530000
 351 2.480000
 352 2.480000
 353 2.460000
 354 2.460000
 355 2.460000
 356 2.460000
 357 2.490000
 358 2.480000
 359 2.550000
 360 2.610000
 361 2.610000
 362 2.580000
 363 2.480000
 364 2.180000
 365 2.180000
 366 2.130000
 367 2.110000
 368 2.130000
 369 2.130000
 370 2.130000
 371 2.160000
 372 2.150000
 373 2.160000
 374 2.210000
 375 2.580000
 376 2.560000
 377 2.580000
 378 2.580000
 379 2.580000
 380 2.610000
 381 2.610000
 382 2.610000
 383 2.580000
 384 2.530000
 385 2.430000
 386 2.380000
 387 1.920000
 388 1.830000
 389 1.780000
 390 1.800000
 391 1.800000
 392 1.780000
 393 1.810000
 394 1.750000
 395 1.780000
 396 1.760000
 397 1.760000
 398 1.760000
 399 1.780000
 400 1.760000
 401 1.760000
 402 1.760000
 403 1.760000
 404 1.760000
 405 1.760000
 406 1.760000
 407 1.750000
 408 1.770000
 409 1.770000
 410 1.750000
 411 1.760000
 412 1.740000
 413 1.750000
 414 1.750000
 415 1.760000
 416 1.770000
 417 1.740000
 418 1.740000
 419 1.740000
 420 1.740000
 421 1.720000
 422 1.740000
 423 1.730000
 424 1.730000
 425 1.720000
 426 1.720000
 427 1.700000
 428 1.730000
 429 1.770000
 430 1.830000
 431 1.880000
 432 1.930000
 433 1.980000
 434 2.030000
 435 2.050000
 436 2.550000
 437 2.530000
 438 2.560000
 439 2.550000
 440 2.550000
 441 2.540000
 442 2.530000
 443 2.540000
 444 2.500000
 445 2.500000
 446 2.540000
 447 2.500000
 448 2.480000
 449 2.480000
 450 2.470000
 451 2.480000
 452 2.490000
 453 2.480000
 454 2.460000
 455 2.460000
 456 2.430000
 457 2.440000
 458 2.430000
 459 2.420000
 460 2.420000
 461 2.410000
 462 2.400000
 463 2.400000
 464 2.420000
 465 2.390000
 466 2.390000
 467 2.390000
 468 2.390000
 469 2.410000
 470 2.400000
 471 2.410000
 472 2.390000
 473 2.410000
 474 2.390000
 475 2.390000
 476 2.390000
 477 2.390000
 478 2.390000
 479 2.380000
 480 2.370000
 481 2.360000
 482 2.340000
 483 2.340000
 484 2.340000
 485 2.320000
 486 2.320000
 487 2.340000
 488 2.310000
 489 2.340000
 490 2.310000
 491 2.340000
 492 2.310000
 493 2.290000
 494 2.290000
 495 2.290000
 496 2.310000
 497 2.310000
 498 2.310000
 499 2.290000
 500 2.310000
 501 2.290000
 502 2.300000
 503 2.310000
 504 2.310000
 505 2.290000
 506 2.320000
 507 2.250000
 508 2.200000
 509 2.310000
 510 2.350000
 511 2.290000
 512 2.300000
 513 2.350000
 514 2.370000
 515 2.370000
 516 2.370000
 517 2.380000
 518 2.350000
 519 2.350000
 520 2.370000
 521 2.350000
 522 2.340000
 523 2.350000
 524 2.310000
 525 2.320000
 526 2.370000
 527 2.360000
 528 2.370000
 529 2.370000
 530 2.400000
 531 2.400000
 532 2.400000
 533 2.400000
 534 2.420000
 535 2.420000
 536 2.450000
 537 2.430000
 538 2.440000
 539 2.440000
 540 2.440000
 541 2.410000
 542 2.470000
 543 2.470000
 544 2.470000
 545 2.440000
 546 2.470000
 547 2.480000
 548 2.480000
 549 2.460000
 550 2.470000
 551 2.490000
 552 2.490000
 553 2.500000
 554 2.160000
 555 2.120000
 556 2.190000
 557 2.490000
 558 1.900000
 559 1.850000
 560 1.890000
 561 1.870000
 562 1.870000
 563 1.940000
 564 2.000000
 565 1.910000
 566 1.900000
 567 1.930000
 568 2.030000
 569 2.250000
 570 2.280000
 571 2.460000
 572 2.480000
 573 2.460000
 574 2.480000
 575 2.460000
 576 2.430000
 577 2.430000
 578 2.440000
 579 2.420000
 580 2.410000
 581 2.390000
 582 2.390000
 583 2.390000
 584 2.370000
 585 2.370000
 586 2.370000
 587 2.370000
 588 2.340000
 589 2.340000
 590 2.340000
 591 2.320000
 592 2.320000
 593 2.320000
 594 2.290000
 595 2.320000
 596 2.290000
 597 2.280000
 598 2.310000
 599 2.290000
 600 2.290000
 601 2.260000
 602 2.340000
 603 2.380000
 604 2.380000
 605 2.410000
 606 2.400000
 607 2.410000
 608 2.370000
 609 2.430000
 610 2.430000
 611 2.460000
 612 2.500000
 613 2.520000
 614 1.510000
 615 1.550000
 616 1.520000
 617 1.510000
 618 1.520000
 619 1.530000
 620 1.540000
 621 1.540000
 622 1.570000
 623 1.570000
 624 1.570000
 625 1.590000
 626 1.620000
 627 1.640000
 628 1.640000
 629 1.640000
 630 1.670000
 631 1.660000
 632 1.690000
 633 1.690000
 634 1.710000
 635 1.740000
 636 1.740000
 637 1.740000
 638 1.760000
 639 1.790000
 640 1.810000
 641 1.830000
 642 1.830000
 643 1.850000
 644 1.900000
 645 1.900000
 646 1.920000
 647 1.970000
 648 1.990000
 649 2.040000
 650 2.040000
 651 2.040000
 652 2.030000
 653 2.460000
 654 2.710000
 655 2.750000
 656 2.750000
 657 2.750000
 658 2.760000
 659 2.770000
 660 2.770000
 661 2.770000
 662 2.770000
 663 2.770000
 664 2.800000
 665 2.800000
 666 2.770000
 667 2.770000
 668 2.800000
 669 2.800000
 670 2.820000
 671 2.820000
 672 2.800000
 673 2.820000
 674 2.850000
 675 2.830000
 676 2.850000
 677 2.850000
 678 2.850000
 679 2.870000
 680 2.850000
 681 2.870000
 682 2.870000
 683 2.870000
 684 2.900000
 685 2.890000
 686 2.870000
 687 2.900000
 688 2.890000
 689 2.920000
 690 2.910000
 691 2.910000
 692 2.950000
 693 2.940000
 694 2.940000
 695 2.920000
 696 2.940000
 697 2.910000
 698 2.930000
 699 2.950000
 700 2.990000
 701 2.990000
 702 3.010000
 703 3.040000
 704 3.000000
 705 3.040000
 706 3.060000
 707 3.090000
 708 3.070000
 709 3.100000
 710 3.130000
 711 3.140000
 712 3.150000
 713 3.170000
 714 3.210000
 715 3.220000
 716 3.220000
 717 3.240000
 718 3.250000
 719 3.300000
 720 3.300000
 721 3.300000
 722 3.300000
 723 3.300000
 724 3.350000
 725 3.320000
 726 3.350000
 727 3.350000
 728 3.370000
 729 3.370000
 730 3.370000
 731 3.380000
 732 3.080000
 733 2.960000
 734 3.450000
 735 3.470000
 736 3.450000
 737 3.500000
 738 3.470000
 739 3.520000
 740 3.490000
 741 3.520000
 742 3.520000
 743 3.540000
 744 3.570000
 745 3.560000
 746 3.560000
 747 3.570000
 748 3.540000
 749 3.590000
 750 3.610000
 751 3.590000
 752 3.650000
 753 3.670000
 754 3.710000
 755 1.530000
 756 1.530000
 757 1.550000
 758 1.520000
 759 1.520000
 760 1.550000
 0 3.030000
 1 3.010000
 2 3.090000
 3 3.090000
 4 3.110000
 5 2.980000
 6 3.110000
 7 3.110000
 8 3.010000
 9 3.030000
 10 2.980000
 11 3.110000
 12 2.980000
 13 3.090000
 14 3.110000
 15 3.110000
 16 2.960000
 17 3.060000
 18 3.060000
 19 3.060000
 20 2.930000
 21 3.060000
 22 2.960000
 23 2.930000
 24 2.960000
 25 2.960000
 26 2.930000
 27 3.040000
 28 3.040000
 29 2.760000
 30 2.670000
 31 2.640000
 32 2.250000
 33 2.110000
 34 2.120000
 35 2.090000
 36 2.120000
 37 2.110000
 38 2.080000
 39 2.100000
 40 2.100000
 41 2.120000
 42 2.120000
 43 2.090000
 44 2.120000
 45 2.090000
 46 2.160000
 47 2.190000
 48 2.210000
 49 2.150000
 50 2.160000
 51 2.160000
 52 2.140000
 53 2.160000
 54 2.160000
 55 2.180000
 56 2.180000
 57 2.160000
 58 2.160000
 59 2.130000
 60 2.150000
 61 2.140000
 62 2.160000
 63 2.160000
 64 2.180000
 65 2.180000
 66 2.170000
 67 2.190000
 68 2.180000
 69 2.180000
 70 2.180000
 71 2.240000
 72 2.260000
 73 2.160000
 74 2.150000
 75 2.150000
 76 2.150000
 77 2.150000
 78 2.200000
 79 2.200000
 80 2.220000
 81 2.190000
 82 2.210000
 83 2.210000
 84 2.210000
 85 2.210000
 86 2.220000
 87 2.220000
 88 2.260000
 89 2.210000
 90 2.210000
 91 2.210000
 92 2.190000
 93 2.200000
 94 2.200000
 95 2.210000
 96 2.260000
 97 2.260000
 98 2.260000
 99 2.260000
 100 2.270000
 101 2.300000
 102 2.300000
 103 2.260000
 104 2.280000
 105 2.280000
 106 2.310000
 107 2.290000
 108 2.320000
 109 2.320000
 110 2.320000
 111 2.310000
 112 2.310000
 113 2.300000
 114 2.290000
 115 2.460000
 116 2.360000
 117 2.340000
 118 2.290000
 119 2.300000
 120 2.300000
 121 2.310000
 122 2.340000
 123 2.350000
 124 2.350000
 125 2.370000
 126 2.400000
 127 2.400000
 128 2.360000
 129 2.370000
 130 2.390000
 131 2.390000
 132 2.360000
 133 1.530000
 134 1.510000
 135 1.510000
 136 1.510000
 137 1.470000
 138 1.500000
 139 1.510000
 140 2.410000
 141 2.370000
 142 3.580000
 143 3.560000
 144 3.520000
 145 3.490000
 146 3.520000
 147 3.500000
 148 3.530000
 149 3.530000
 150 3.450000
 151 0.960000
 152 0.930000
 153 0.930000
 154 0.930000
 155 0.940000
 156 0.920000
 157 0.910000
 158 0.900000
 159 0.900000
 160 0.910000
 161 0.890000
 162 0.890000
 163 0.900000
 164 0.900000
 165 0.880000
 166 0.900000
 167 0.900000
 168 0.900000
 169 0.900000
 170 0.920000
 171 0.880000
 172 0.880000
 173 0.890000
 174 0.890000
 175 0.900000
 176 0.870000
 177 0.900000
 178 0.920000
 179 0.870000
 180 0.890000
 181 0.880000
 182 0.920000
 183 0.880000
 184 0.920000
 185 0.910000
 186 0.890000
 187 0.890000
 188 0.920000
 189 0.920000
 190 0.910000
 191 0.940000
 192 0.940000
 193 0.930000
 194 0.930000
 195 0.930000
 196 0.960000
 197 0.930000
 198 0.930000
 199 0.930000
 200 0.960000
 201 0.950000
 202 0.980000
 203 0.980000
 204 0.950000
 205 0.980000
 206 1.030000
 207 1.000000
 208 1.000000
 209 1.010000
 210 4.230000
 211 4.230000
 212 4.260000
 213 4.310000
 214 4.300000
 215 1.220000
 216 1.260000
 217 1.230000
 218 1.280000
 219 4.360000
 220 4.360000
 221 4.120000
 222 4.270000
 223 4.270000
 224 4.250000
 225 4.260000
 226 4.250000
 227 4.530000
 228 4.580000
 229 4.730000
 230 3.330000
 231 3.340000
 232 3.320000
 233 3.330000
 234 3.280000
 235 3.280000
 236 3.230000
 237 3.230000
 238 3.200000
 239 3.150000
 240 3.180000
 241 3.130000
 242 3.150000
 243 3.130000
 244 3.110000
 245 3.100000
 246 3.090000
 247 3.110000
 248 3.120000
 249 3.100000
 250 3.150000
 251 3.130000
 252 3.130000
 253 3.160000
 254 3.160000
 255 3.180000
 256 3.180000
 257 3.200000
 258 3.230000
 259 3.250000
 260 3.280000
 261 3.320000
 262 3.400000
 263 5.340000
 264 5.320000
 265 5.320000
 266 5.300000
 267 4.700000
 268 4.630000
 269 4.610000
 270 4.670000
 271 5.220000
 272 5.220000
 273 5.220000
 274 5.220000
 275 5.210000
 276 5.240000
 277 5.220000
 278 5.240000
 279 5.130000
 280 5.130000
 281 5.160000
 282 5.220000
 283 5.220000
 284 5.200000
 285 5.200000
 286 5.200000
 287 5.200000
 288 5.170000
 289 5.150000
 290 5.150000
 291 5.140000
 292 5.120000
 293 4.410000
 294 2.730000
 295 2.660000
 296 2.660000
 297 2.670000
 298 2.650000
 299 2.350000
 300 2.310000
 301 2.290000
 302 2.300000
 303 2.310000
 304 2.310000
 305 2.090000
 306 1.960000
 307 1.950000
 308 1.970000
 309 1.960000
 310 1.960000
 311 1.940000
 312 1.940000
 313 1.960000
 314 1.960000
 315 2.010000
 316 4.920000
 317 4.900000
 318 4.350000
 319 4.230000
 320 4.320000
 321 4.210000
 322 4.290000
 323 4.270000
 324 4.220000
 325 4.220000
 326 4.190000
 327 4.140000
 328 4.130000
 329 4.110000
 330 4.080000
 331 4.030000
 332 2.780000
 333 2.710000
 334 2.760000
 335 2.730000
 336 2.860000
 337 2.870000
 338 2.840000
 339 2.840000
 340 2.830000
 341 2.790000
 342 2.790000
 343 2.760000
 344 2.790000
 345 2.790000
 346 2.790000
 347 2.800000
 348 2.800000
 349 2.800000
 350 2.500000
 351 2.510000
 352 2.450000
 353 2.430000
 354 2.460000
 355 2.460000
 356 2.460000
 357 2.490000
 358 2.480000
 359 2.550000
 360 2.580000
 361 2.610000
 362 2.580000
 363 2.450000
 364 2.200000
 365 2.160000
 366 2.160000
 367 2.130000
 368 2.130000
 369 2.130000
 370 2.130000
 371 2.130000
 372 2.120000
 373 2.160000
 374 2.210000
 375 2.560000
 376 2.560000
 377 2.580000
 378 2.560000
 379 2.580000
 380 2.580000
 381 2.610000
 382 2.580000
 383 2.580000
 384 2.480000
 385 2.430000
 386 2.350000
 387 1.920000
 388 1.830000
 389 1.780000
 390 1.800000
 391 1.780000
 392 1.780000
 393 1.780000
 394 1.780000
 395 1.790000
 396 1.760000
 397 1.760000
 398 1.780000
 399 1.780000
 400 1.760000
 401 1.760000
 402 1.760000
 403 1.780000
 404 1.760000
 405 1.730000
 406 1.730000
 407 1.750000
 408 1.730000
 409 1.720000
 410 1.760000
 411 1.730000
 412 1.740000
 413 1.750000
 414 1.750000
 415 1.730000
 416 1.740000
 417 1.740000
 418 1.740000
 419 1.740000
 420 1.710000
 421 1.740000
 422 1.740000
 423 1.730000
 424 1.730000
 425 1.710000
 426 1.720000
 427 1.720000
 428 1.700000
 429 1.770000
 430 1.850000
 431 1.870000
 432 1.920000
 433 1.970000
 434 2.030000
 435 2.040000
 436 2.520000
 437 2.530000
 438 2.540000
 439 2.560000
 440 2.530000
 441 2.500000
 442 2.540000
 443 2.500000
 444 2.520000
 445 2.500000
 446 2.510000
 447 2.500000
 448 2.480000
 449 2.490000
 450 2.470000
 451 2.480000
 452 2.470000
 453 2.460000
 454 2.460000
 455 2.430000
 456 2.450000
 457 2.430000
 458 2.450000
 459 2.430000
 460 2.430000
 461 2.410000
 462 2.400000
 463 2.440000
 464 2.400000
 465 2.410000
 466 2.360000
 467 2.390000
 468 2.410000
 469 2.410000
 470 2.390000
 471 2.360000
 472 2.410000
 473 2.390000
 474 2.390000
 475 2.390000
 476 2.360000
 477 2.360000
 478 2.360000
 479 2.350000
 480 2.370000
 481 2.360000
 482 2.360000
 483 2.340000
 484 2.340000
 485 2.330000
 486 2.320000
 487 2.340000
 488 2.310000
 489 2.310000
 490 2.310000
 491 2.310000
 492 2.310000
 493 2.310000
 494 2.310000
 495 2.310000
 496 2.310000
 497 2.300000
 498 2.290000
 499 2.290000
 500 2.310000
 501 2.310000
 502 2.290000
 503 2.310000
 504 2.310000
 505 2.290000
 506 2.290000
 507 2.220000
 508 2.220000
 509 2.320000
 510 2.340000
 511 2.290000
 512 2.300000
 513 2.340000
 514 2.370000
 515 2.370000
 516 2.380000
 517 2.370000
 518 2.370000
 519 2.380000
 520 2.370000
 521 2.340000
 522 2.340000
 523 2.320000
 524 2.360000
 525 2.340000
 526 2.360000
 527 2.370000
 528 2.370000
 529 2.340000
 530 2.390000
 531 2.390000
 532 2.420000
 533 2.430000
 534 2.420000
 535 2.420000
 536 2.430000
 537 2.430000
 538 2.430000
 539 2.430000
 540 2.430000
 541 2.410000
 542 2.430000
 543 2.430000
 544 2.470000
 545 2.470000
 546 2.440000
 547 2.470000
 548 2.470000
 549 2.460000
 550 2.460000
 551 2.490000
 552 2.460000
 553 2.470000
 554 2.130000
 555 2.140000
 556 2.180000
 557 2.490000
 558 1.900000
 559 1.880000
 560 1.860000
 561 1.870000
 562 1.880000
 563 1.940000
 564 1.970000
 565 1.880000
 566 1.910000
 567 1.950000
 568 2.200000
 569 2.250000
 570 2.480000
 571 2.460000
 572 2.480000
 573 2.480000
 574 2.460000
 575 2.460000
 576 2.460000
 577 2.430000
 578 2.410000
 579 2.410000
 580 2.410000
 581 2.410000
 582 2.410000
 583 2.390000
 584 2.360000
 585 2.360000
 586 2.360000
 587 2.360000
 588 2.360000
 589 2.340000
 590 2.340000
 591 2.310000
 592 2.310000
 593 2.290000
 594 2.310000
 595 2.290000
 596 2.290000
 597 2.310000
 598 2.280000
 599 2.320000
 600 2.260000
 601 2.290000
 602 2.330000
 603 2.380000
 604 2.380000
 605 2.410000
 606 2.400000
 607 2.390000
 608 2.400000
 609 2.410000
 610 2.410000
 611 2.440000
 612 2.500000
 613 2.510000
 614 1.510000
 615 1.530000
 616 1.520000
 617 1.510000
 618 1.530000
 619 1.540000
 620 1.540000
 621 1.540000
 622 1.540000
 623 1.570000
 624 1.570000
 625 1.590000
 626 1.620000
 627 1.620000
 628 1.640000
 629 1.640000
 630 1.660000
 631 1.670000
 632 1.680000
 633 1.690000
 634 1.710000
 635 1.710000
 636 1.730000
 637 1.760000
 638 1.780000
 639 1.780000
 640 1.830000
 641 1.800000
 642 1.840000
 643 1.880000
 644 1.880000
 645 1.890000
 646 1.920000
 647 1.960000
 648 1.990000
 649 2.010000
 650 2.030000
 651 2.030000
 652 2.050000
 653 2.460000
 654 2.720000
 655 2.720000
 656 2.720000
 657 2.740000
 658 2.770000
 659 2.760000
 660 2.770000
 661 2.770000
 662 2.740000
 663 2.770000
 664 2.770000
 665 2.790000
 666 2.770000
 667 2.800000
 668 2.790000
 669 2.770000
 670 2.820000
 671 2.790000
 672 2.820000
 673 2.790000
 674 2.830000
 675 2.850000
 676 2.870000
 677 2.840000
 678 2.840000
 679 2.870000
 680 2.870000
 681 2.870000
 682 2.860000
 683 2.890000
 684 2.870000
 685 2.890000
 686 2.890000
 687 2.890000
 688 2.890000
 689 2.890000
 690 2.910000
 691 2.940000
 692 2.910000
 693 2.910000
 694 2.940000
 695 2.970000
 696 2.940000
 697 2.940000
 698 2.950000
 699 2.950000
 700 2.990000
 701 2.990000
 702 2.990000
 703 3.010000
 704 3.030000
 705 3.040000
 706 3.060000
 707 3.070000
 708 3.080000
 709 3.100000
 710 3.130000
 711 3.120000
 712 3.150000
 713 3.180000
 714 3.170000
 715 3.230000
 716 3.220000
 717 3.250000
 718 3.260000
 719 3.300000
 720 3.300000
 721 3.300000
 722 3.300000
 723 3.300000
 724 3.300000
 725 3.350000
 726 3.350000
 727 3.350000
 728 3.370000
 729 3.390000
 730 3.400000
 731 3.370000
 732 3.080000
 733 3.000000
 734 3.440000
 735 3.450000
 736 3.500000
 737 3.460000
 738 3.500000
 739 3.520000
 740 3.490000
 741 3.520000
 742 3.520000
 743 3.550000
 744 3.570000
 745 3.540000
 746 3.560000
 747 3.570000
 748 3.560000
 749 3.570000
 750 3.590000
 751 3.610000
 752 3.640000
 753 3.660000
 754 3.710000
 755 1.530000
 756 1.560000
 757 1.520000
 758 1.520000
 759 1.550000
 760 1.520000