
 0 0.860000
 1 0.870000
 2 0.870000
 3 0.870000
 4 0.870000
 5 0.870000
 6 0.860000
 7 0.860000
 8 0.880000
 9 0.890000
 10 0.880000
 11 0.890000
 12 0.910000
 13 0.890000
 14 0.890000
 15 0.880000
 16 3.590000
 17 3.620000
 18 3.610000
 19 3.670000
 20 3.790000
 21 1.560000
 22 1.510000
 23 1.510000
 24 1.550000
 25 1.550000
 26 1.550000
 27 1.550000
 28 1.540000
 29 1.530000
 30 1.510000
 31 1.540000
 32 1.530000
 33 1.540000
 34 1.560000
 35 1.550000
 36 1.570000
 37 1.570000
 38 1.570000
 39 1.560000
 40 1.590000
 41 4.050000
 42 4.010000
 43 4.000000
 44 4.000000
 45 3.960000
 46 3.960000
 47 4.020000
 48 4.030000
 49 3.970000
 50 4.030000
 51 3.930000
 52 3.930000
 53 3.910000
 54 3.880000
 55 4.010000
 56 4.010000
 57 3.880000
 58 3.990000
 59 3.860000
 60 3.860000
 61 3.860000
 62 3.860000
 63 3.830000
 64 3.830000
 65 2.880000
 66 2.890000
 67 2.880000
 68 2.840000
 69 2.810000
 70 2.800000
 71 2.820000
 72 2.820000
 73 2.840000
 74 2.810000
 75 2.820000
 76 2.800000
 77 2.800000
 78 2.790000
 79 2.790000
 80 2.790000
 81 2.790000
 82 2.780000
 83 2.750000
 84 2.750000
 85 2.750000
 86 2.750000
 87 2.780000
 88 3.320000
 89 2.730000
 90 2.690000
 91 2.700000
 92 2.670000
 93 2.700000
 94 2.690000
 95 2.680000
 96 2.680000
 97 2.680000
 98 2.700000
 99 2.670000
 100 2.680000
 101 2.640000
 102 2.650000
 103 2.650000
 104 1.630000
 105 1.590000
 106 1.590000
 107 1.600000
 108 1.570000
 109 1.600000
 110 1.600000
 111 1.560000
 112 1.530000
 113 1.570000
 114 1.550000
 115 1.540000
 116 1.570000
 117 1.580000
 118 1.580000
 119 1.580000
 120 1.580000
 121 1.550000
 122 1.560000
 123 1.610000
 124 2.730000
 125 3.150000
 126 3.140000
 127 3.110000
 128 2.590000
 129 2.570000
 130 2.570000
 131 2.580000
 132 2.560000
 133 2.580000
 134 1.020000
 135 1.040000
 136 1.000000
 137 0.970000
 138 0.940000
 139 0.940000
 140 0.960000
 141 0.970000
 142 0.960000
 143 0.960000
 144 0.930000
 145 0.910000
 146 0.920000
 147 0.900000
 148 0.920000
 149 0.920000
 150 0.900000
 151 0.910000
 152 0.860000
 153 0.800000
 154 0.780000
 155 0.800000
 156 0.780000
 157 0.780000
 158 0.780000
 159 0.780000
 160 0.780000
 161 0.780000
 162 0.780000
 163 0.780000
 164 0.780000
 165 0.780000
 166 0.750000
 167 0.750000
 168 0.780000
 169 0.750000
 170 0.750000
 171 0.780000
 172 0.780000
 173 0.780000
 174 0.780000
 175 0.800000
 176 0.780000
 177 0.800000
 178 0.800000
 179 0.800000
 180 0.800000
 181 0.850000
 182 0.840000
 183 3.580000
 184 3.610000
 185 3.610000
 186 3.610000
 187 3.560000
 188 3.550000
 189 3.530000
 190 3.410000
 191 3.470000
 192 3.480000
 193 3.510000
 194 3.380000
 195 3.440000
 196 3.430000
 197 3.440000
 198 3.410000
 199 3.440000
 200 3.440000
 201 3.450000
 202 3.380000
 203 1.110000
 204 1.100000
 205 1.090000
 206 1.090000
 207 1.110000
 208 1.090000
 209 1.060000
 210 1.060000
 211 1.090000
 212 1.060000
 213 1.060000
 214 1.040000
 215 0.890000
 216 0.730000
 217 0.700000
 218 0.700000
 219 0.680000
 220 0.680000
 221 0.680000
 222 0.680000
 223 0.680000
 224 0.680000
 225 0.680000
 226 0.680000
 227 0.680000
 228 0.680000
 229 0.680000
 230 0.680000
 231 0.650000
 232 0.680000
 233 0.650000
 234 0.680000
 235 0.650000
 236 0.650000
 237 0.650000
 238 0.650000
 239 0.650000
 240 0.650000
 241 0.650000
 242 0.650000
 243 0.650000
 244 0.650000
 245 0.650000
 246 0.650000
 247 0.650000
 248 0.650000
 249 0.650000
 250 0.650000
 251 0.650000
 252 0.650000
 253 0.650000
 254 0.650000
 255 0.650000
 256 0.650000
 257 0.650000
 258 0.650000
 259 0.650000
 260 0.650000
 261 0.630000
 262 0.650000
 263 0.630000
 264 0.630000
 265 0.620000
 266 0.650000
 267 0.620000
 268 0.630000
 269 0.630000
 270 0.650000
 271 0.630000
 272 0.630000
 273 0.630000
 274 0.630000
 275 0.630000
 276 0.630000
 277 0.650000
 278 0.630000
 279 0.630000
 280 0.600000
 281 0.630000
 282 0.630000
 283 0.630000
 284 0.600000
 285 0.600000
 286 0.630000
 287 0.630000
 288 0.630000
 289 0.650000
 290 0.710000
 291 5.110000
 292 5.110000
 293 5.140000
 294 5.120000
 295 5.120000
 296 5.150000
 297 5.170000
 298 5.150000
 299 5.170000
 300 5.150000
 301 4.720000
 302 4.660000
 303 4.590000
 304 4.480000
 305 4.500000
 306 4.480000
 307 4.500000
 308 4.500000
 309 4.530000
 310 4.500000
 311 4.660000
 312 4.630000
 313 4.590000
 314 4.550000
 315 4.430000
 316 4.060000
 317 4.080000
 318 4.080000
 319 4.100000
 320 4.100000
 321 4.130000
 322 4.120000
 323 3.790000
 324 3.760000
 325 3.790000
 326 3.820000
 327 3.790000
 328 1.300000
 329 1.040000
 330 0.940000
 331 0.950000
 332 0.650000
 333 0.580000
 334 0.560000
 335 0.590000
 336 0.590000
 337 0.590000
 338 0.550000
 339 0.590000
 340 0.590000
 341 0.590000
 342 0.580000
 343 0.580000
 344 0.560000
 345 0.590000
 346 0.570000
 347 0.580000
 348 0.580000
 349 0.560000
 350 0.590000
 351 0.590000
 352 0.570000
 353 0.580000
 354 0.590000
 355 0.590000
 356 0.590000
 357 0.590000
 358 0.560000
 359 0.580000
 360 0.600000
 361 0.680000
 362 3.580000
 363 3.580000
 364 3.550000
 365 3.540000
 366 3.540000
 367 3.540000
 368 3.510000
 369 3.510000
 370 3.510000
 371 3.490000
 372 3.490000
 373 3.460000
 374 3.440000
 375 3.460000
 376 3.460000
 377 3.440000
 378 3.440000
 379 3.410000
 380 3.440000
 381 3.410000
 382 3.390000
 383 3.410000
 384 3.390000
 385 3.390000
 386 3.380000
 387 4.370000
 388 4.350000
 389 4.350000
 390 4.330000
 391 4.320000
 392 1.000000
 393 0.930000
 394 0.930000
 395 0.960000
 396 0.960000
 397 4.260000
 398 4.250000
 399 4.220000
 400 4.230000
 401 4.230000
 402 4.200000
 403 4.200000
 404 4.170000
 405 4.170000
 406 4.170000
 407 4.150000
 408 4.150000
 409 4.150000
 410 4.150000
 411 4.120000
 412 4.100000
 413 4.100000
 414 4.120000
 415 4.100000
 416 3.030000
 417 1.490000
 418 1.450000
 419 1.450000
 420 1.460000
 421 1.450000
 422 1.440000
 423 1.430000
 424 0.690000
 425 0.750000
 426 0.690000
 427 0.670000
 428 0.670000
 429 0.670000
 430 0.670000
 431 0.700000
 432 0.670000
 433 0.700000
 434 0.670000
 435 0.670000
 436 0.700000
 437 0.670000
 438 0.670000
 439 0.700000
 440 0.700000
 441 0.700000
 442 0.700000
 443 0.700000
 444 0.700000
 445 0.700000
 446 0.700000
 447 0.700000
 448 0.700000
 449 0.720000
 450 0.700000
 451 0.700000
 452 0.700000
 453 0.700000
 454 0.720000
 455 0.720000
 456 0.720000
 457 0.720000
 458 0.720000
 459 0.700000
 460 0.750000
 461 0.750000
 462 0.720000
 463 0.750000
 464 0.720000
 465 0.740000
 466 0.760000
 467 2.960000
 468 2.980000
 469 2.980000
 470 3.040000
 471 3.020000
 472 3.080000
 473 2.970000
 474 2.970000
 475 3.070000
 476 3.040000
 477 2.980000
 478 3.000000
 479 3.060000
 480 3.080000
 481 3.070000
 482 3.110000
 483 3.100000
 484 3.100000
 485 3.070000
 486 3.080000
 487 3.110000
 488 3.180000
 489 3.110000
 490 0.880000
 491 0.900000
 492 0.880000
 493 0.850000
 494 0.850000
 495 0.850000
 496 0.850000
 497 0.860000
 498 0.850000
 499 0.830000
 500 0.830000
 501 0.850000
 502 0.840000
 503 0.830000
 504 0.830000
 505 0.850000
 506 0.850000
 507 0.850000
 508 0.830000
 509 0.850000
 510 0.880000
 511 0.850000
 512 0.880000
 513 0.850000
 514 0.880000
 515 0.880000
 516 0.870000
 517 0.890000
 518 1.000000
 519 6.210000
 520 6.210000
 521 6.210000
 522 6.240000
 523 6.240000
 524 6.240000
 525 6.230000
 526 6.260000
 527 4.630000
 528 4.340000
 529 4.270000
 530 4.290000
 531 6.280000
 532 3.260000
 533 3.210000
 534 3.220000
 535 3.260000
 536 3.480000
 537 3.740000
 538 3.740000
 539 3.680000
 540 3.660000
 541 3.660000
 542 3.660000
 543 3.690000
 544 3.690000
 545 3.710000
 546 3.690000
 547 3.280000
 548 3.690000
 549 3.710000
 550 3.710000
 551 3.710000
 552 3.690000
 553 3.710000
 554 3.690000
 555 3.660000
 556 3.660000
 557 3.660000
 558 3.660000
 559 3.690000
 560 3.690000
 561 3.690000
 562 3.690000
 563 3.710000
 564 3.710000
 565 3.710000
 566 3.710000
 567 3.740000
 568 3.740000
 569 3.740000
 570 3.760000
 571 3.740000
 572 3.740000
 573 3.740000
 574 3.760000
 575 3.760000
 576 3.740000
 577 3.710000
 578 3.660000
 579 3.640000
 580 3.330000
 581 3.160000
 582 3.300000
 583 3.480000
 584 3.480000
 585 3.420000
 586 3.400000
 587 3.050000
 588 3.070000
 589 3.150000
 590 3.050000
 591 3.020000
 592 3.000000
 593 2.990000
 594 3.100000
 595 2.970000
 596 2.930000
 597 2.980000
 598 3.040000
 599 3.010000
 600 3.020000
 601 3.050000
 602 3.050000
 603 3.010000
 604 3.060000
 605 3.170000
 606 3.120000
 607 3.070000
 608 3.160000
 609 3.210000
 610 3.100000
 611 3.150000
 612 3.120000
 613 3.070000
 614 2.860000
 615 2.770000
 616 2.740000
 617 2.760000
 618 2.750000
 619 2.750000
 620 2.720000
 621 2.670000
 622 2.640000
 623 2.630000
 624 2.650000
 625 2.620000
 626 2.560000
 627 2.540000
 628 2.490000
 629 2.460000
 630 2.440000
 631 2.410000
 632 2.360000
 633 2.360000
 634 2.310000
 635 2.340000
 636 2.320000
 637 2.290000
 638 2.250000
 639 2.160000
 640 2.250000
 641 2.270000
 642 2.180000
 643 2.180000
 644 2.220000
 645 2.170000
 646 2.120000
 647 2.230000
 648 2.170000
 649 2.150000
 650 2.200000
 651 2.120000
 652 2.180000
 653 2.150000
 654 2.120000
 655 2.100000
 656 2.100000
 657 2.100000
 658 2.070000
 659 2.050000
 660 1.920000
 661 2.070000
 662 2.050000
 663 2.020000
 664 2.000000
 665 1.970000
 666 1.860000
 667 1.870000
 668 1.950000
 669 1.830000
 670 1.900000
 671 1.780000
 672 1.760000
 673 1.750000
 674 1.770000
 675 1.730000
 676 1.730000
 677 1.850000
 678 1.800000
 679 1.800000
 680 1.680000
 681 1.710000
 682 1.740000
 683 1.680000
 684 1.660000
 685 1.650000
 686 1.630000
 687 1.600000
 688 1.570000
 689 1.530000
 690 1.510000
 691 1.480000
 692 1.480000
 693 1.480000
 694 1.500000
 695 1.480000
 696 1.480000
 697 1.430000
 698 1.550000
 699 1.430000
 700 1.500000
 701 1.420000
 702 2.100000
 703 1.480000
 704 1.490000
 705 1.380000
 706 1.500000
 707 1.330000
 708 1.360000
 709 1.340000
 710 1.440000
 711 1.410000
 712 1.360000
 713 1.390000
 714 1.440000
 715 1.470000
 716 1.410000
 717 1.410000
 718 1.330000
 719 1.410000
 720 1.410000
 721 1.410000
 722 1.410000
 723 1.410000
 724 1.440000
 725 1.390000
 726 1.410000
 727 1.330000
 728 1.300000
 729 2.310000
 730 1.410000
 731 1.330000
 732 1.310000
 733 1.290000
 734 1.290000
 735 1.260000
 736 1.360000
 737 1.360000
 738 1.380000
 739 1.330000
 740 1.270000
 741 1.240000
 742 1.230000
 743 1.220000
 744 1.190000
 745 6.560000
 746 6.560000
 747 6.530000
 748 2.910000
 749 2.890000
 750 6.590000
 751 6.670000
 752 6.720000
 753 6.760000
 754 6.810000
 755 6.120000
 756 5.980000
 757 5.740000
 758 0.850000
 759 0.880000
 760 0.850000
 0 0.870000
 1 0.870000
 2 0.850000
 3 0.850000
 4 0.870000
 5 0.850000
 6 0.840000
 7 0.870000
 8 0.880000
 9 0.890000
 10 0.910000
 11 0.870000
 12 0.880000
 13 0.890000
 14 0.890000
 15 0.880000
 16 3.590000
 17 3.590000
 18 3.620000
 19 3.690000
 20 3.820000
 21 1.560000
 22 1.510000
 23 1.540000
 24 1.550000
 25 1.550000
 26 1.550000
 27 1.550000
 28 1.540000
 29 1.530000
 30 1.540000
 31 1.510000
 32 1.530000
 33 1.520000
 34 1.530000
 35 1.570000
 36 1.570000
 37 1.570000
 38 1.600000
 39 1.570000
 40 1.590000
 41 4.060000
 42 4.040000
 43 4.000000
 44 3.960000
 45 3.930000
 46 3.960000
 47 4.020000
 48 4.040000
 49 3.960000
 50 4.040000
 51 3.910000
 52 3.930000
 53 3.910000
 54 4.020000
 55 4.020000
 56 4.020000
 57 3.880000
 58 3.990000
 59 3.860000
 60 3.860000
 61 3.860000
 62 3.830000
 63 3.830000
 64 3.830000
 65 2.860000
 66 2.890000
 67 2.890000
 68 2.850000
 69 2.810000
 70 2.830000
 71 2.820000
 72 2.820000
 73 2.820000
 74 2.790000
 75 2.800000
 76 2.800000
 77 2.780000
 78 2.790000
 79 2.790000
 80 2.790000
 81 2.790000
 82 2.780000
 83 2.780000
 84 2.780000
 85 2.760000
 86 2.770000
 87 2.810000
 88 3.330000
 89 2.710000
 90 2.700000
 91 2.700000
 92 2.700000
 93 2.700000
 94 2.690000
 95 2.680000
 96 2.710000
 97 2.710000
 98 2.680000
 99 2.670000
 100 2.680000
 101 2.660000
 102 2.670000
 103 2.670000
 104 1.660000
 105 1.590000
 106 1.590000
 107 1.570000
 108 1.600000
 109 1.600000
 110 1.600000
 111 1.550000
 112 1.550000
 113 1.570000
 114 1.560000
 115 1.540000
 116 1.570000
 117 1.580000
 118 1.610000
 119 1.580000
 120 1.580000
 121 1.570000
 122 1.560000
 123 1.590000
 124 2.710000
 125 3.120000
 126 3.140000
 127 3.060000
 128 2.590000
 129 2.600000
 130 2.600000
 131 2.570000
 132 2.590000
 133 2.580000
 134 1.030000
 135 1.070000
 136 1.000000
 137 0.970000
 138 0.970000
 139 0.940000
 140 0.940000
 141 0.950000
 142 0.960000
 143 0.960000
 144 0.930000
 145 0.910000
 146 0.900000
 147 0.920000
 148 0.920000
 149 0.920000
 150 0.920000
 151 0.920000
 152 0.840000
 153 0.820000
 154 0.780000
 155 0.810000
 156 0.780000
 157 0.780000
 158 0.780000
 159 0.810000
 160 0.780000
 161 0.780000
 162 0.760000
 163 0.780000
 164 0.780000
 165 0.760000
 166 0.760000
 167 0.760000
 168 0.760000
 169 0.780000
 170 0.760000
 171 0.780000
 172 0.780000
 173 0.780000
 174 0.780000
 175 0.780000
 176 0.810000
 177 0.810000
 178 0.810000
 179 0.810000
 180 0.820000
 181 0.860000
 182 0.810000
 183 3.580000
 184 3.610000
 185 3.610000
 186 3.610000
 187 3.560000
 188 3.530000
 189 3.560000
 190 3.410000
 191 3.480000
 192 3.510000
 193 3.380000
 194 3.410000
 195 3.450000
 196 3.440000
 197 3.450000
 198 3.380000
 199 3.460000
 200 3.440000
 201 3.440000
 202 3.410000
 203 1.140000
 204 1.120000
 205 1.090000
 206 1.090000
 207 1.060000
 208 1.090000
 209 1.090000
 210 1.090000
 211 1.090000
 212 1.060000
 213 1.060000
 214 1.040000
 215 0.860000
 216 0.730000
 217 0.680000
 218 0.680000
 219 0.680000
 220 0.680000
 221 0.680000
 222 0.680000
 223 0.680000
 224 0.680000
 225 0.680000
 226 0.680000
 227 0.660000
 228 0.680000
 229 0.660000
 230 0.680000
 231 0.680000
 232 0.680000
 233 0.680000
 234 0.680000
 235 0.680000
 236 0.660000
 237 0.660000
 238 0.660000
 239 0.680000
 240 0.660000
 241 0.660000
 242 0.660000
 243 0.680000
 244 0.660000
 245 0.660000
 246 0.660000
 247 0.680000
 248 0.630000
 249 0.660000
 250 0.630000
 251 0.660000
 252 0.660000
 253 0.660000
 254 0.630000
 255 0.660000
 256 0.660000
 257 0.660000
 258 0.660000
 259 0.660000
 260 0.630000
 261 0.660000
 262 0.630000
 263 0.630000
 264 0.660000
 265 0.660000
 266 0.630000
 267 0.660000
 268 0.620000
 269 0.630000
 270 0.660000
 271 0.630000
 272 0.630000
 273 0.630000
 274 0.630000
 275 0.630000
 276 0.630000
 277 0.630000
 278 0.630000
 279 0.630000
 280 0.630000
 281 0.630000
 282 0.660000
 283 0.630000
 284 0.630000
 285 0.630000
 286 0.630000
 287 0.610000
 288 0.630000
 289 0.650000
 290 0.740000
 291 5.090000
 292 5.120000
 293 5.120000
 294 5.120000
 295 5.150000
 296 5.150000
 297 5.150000
 298 5.150000
 299 5.170000
 300 5.150000
 301 4.720000
 302 4.690000
 303 4.590000
 304 4.490000
 305 4.500000
 306 4.480000
 307 4.500000
 308 4.500000
 309 4.510000
 310 4.490000
 311 4.640000
 312 4.640000
 313 4.570000
 314 4.530000
 315 4.480000
 316 4.060000
 317 4.070000
 318 4.060000
 319 4.100000
 320 4.130000
 321 4.130000
 322 4.130000
 323 3.770000
 324 3.770000
 325 3.790000
 326 3.820000
 327 1.360000
 328 1.330000
 329 1.010000
 330 0.940000
 331 0.950000
 332 0.680000
 333 0.580000
 334 0.590000
 335 0.590000
 336 0.590000
 337 0.590000
 338 0.590000
 339 0.590000
 340 0.560000
 341 0.560000
 342 0.580000
 343 0.580000
 344 0.590000
 345 0.600000
 346 0.570000
 347 0.580000
 348 0.580000
 349 0.590000
 350 0.590000
 351 0.590000
 352 0.600000
 353 0.580000
 354 0.590000
 355 0.590000
 356 0.590000
 357 0.590000
 358 0.590000
 359 0.610000
 360 0.580000
 361 0.670000
 362 3.580000
 363 3.560000
 364 3.560000
 365 3.560000
 366 3.540000
 367 3.510000
 368 3.510000
 369 3.490000
 370 3.510000
 371 3.490000
 372 3.490000
 373 3.460000
 374 3.460000
 375 3.440000
 376 3.440000
 377 3.460000
 378 3.440000
 379 3.440000
 380 3.410000
 381 3.410000
 382 3.390000
 383 3.390000
 384 3.390000
 385 3.390000
 386 3.410000
 387 4.370000
 388 4.350000
 389 4.350000
 390 4.330000
 391 4.330000
 392 0.930000
 393 0.940000
 394 0.930000
 395 0.960000
 396 0.970000
 397 4.270000
 398 4.250000
 399 4.220000
 400 4.220000
 401 4.230000
 402 4.200000
 403 4.170000
 404 4.170000
 405 4.170000
 406 4.150000
 407 4.150000
 408 4.150000
 409 4.150000
 410 4.150000
 411 4.120000
 412 4.080000
 413 4.080000
 414 4.100000
 415 4.100000
 416 3.050000
 417 1.480000
 418 1.450000
 419 1.450000
 420 1.460000
 421 1.440000
 422 1.440000
 423 1.450000
 424 0.690000
 425 0.730000
 426 0.670000
 427 0.670000
 428 0.700000
 429 0.670000
 430 0.670000
 431 0.700000
 432 0.700000
 433 0.700000
 434 0.670000
 435 0.700000
 436 0.670000
 437 0.700000
 438 0.700000
 439 0.700000
 440 0.700000
 441 0.700000
 442 0.700000
 443 0.700000
 444 0.700000
 445 0.700000
 446 0.700000
 447 0.720000
 448 0.700000
 449 0.720000
 450 0.720000
 451 0.720000
 452 0.700000
 453 0.720000
 454 0.720000
 455 0.720000
 456 0.720000
 457 0.720000
 458 0.720000
 459 0.720000
 460 0.750000
 461 0.720000
 462 0.720000
 463 0.750000
 464 0.750000
 465 0.740000
 466 0.760000
 467 2.980000
 468 2.980000
 469 2.980000
 470 3.040000
 471 3.040000
 472 3.090000
 473 3.010000
 474 3.000000
 475 3.080000
 476 3.040000
 477 3.030000
 478 2.980000
 479 3.050000
 480 3.070000
 481 3.080000
 482 3.080000
 483 3.100000
 484 3.100000
 485 3.080000
 486 3.080000
 487 3.110000
 488 3.160000
 489 3.110000
 490 0.990000
 491 0.900000
 492 0.880000
 493 0.880000
 494 0.880000
 495 0.860000
 496 0.860000
 497 0.860000
 498 0.860000
 499 0.860000
 500 0.830000
 501 0.830000
 502 0.830000
 503 0.830000
 504 0.830000
 505 0.830000
 506 0.830000
 507 0.860000
 508 0.860000
 509 0.830000
 510 0.880000
 511 0.860000
 512 0.880000
 513 0.880000
 514 0.880000
 515 0.870000
 516 0.870000
 517 0.890000
 518 0.860000
 519 6.210000
 520 6.210000
 521 6.210000
 522 6.240000
 523 6.240000
 524 6.240000
 525 6.240000
 526 6.240000
 527 4.620000
 528 4.320000
 529 4.240000
 530 4.260000
 531 6.310000
 532 3.290000
 533 3.220000
 534 3.220000
 535 3.240000
 536 3.490000
 537 3.770000
 538 3.740000
 539 3.680000
 540 3.660000
 541 3.660000
 542 3.690000
 543 3.660000
 544 3.690000
 545 3.690000
 546 3.690000
 547 3.280000
 548 3.710000
 549 3.710000
 550 3.690000
 551 3.710000
 552 3.690000
 553 3.710000
 554 3.690000
 555 3.660000
 556 3.660000
 557 3.660000
 558 3.660000
 559 3.660000
 560 3.690000
 561 3.690000
 562 3.690000
 563 3.690000
 564 3.710000
 565 3.710000
 566 3.710000
 567 3.710000
 568 3.740000
 569 3.740000
 570 3.740000
 571 3.740000
 572 3.740000
 573 3.760000
 574 3.760000
 575 3.790000
 576 3.770000
 577 3.710000
 578 3.670000
 579 3.640000
 580 3.310000
 581 3.190000
 582 3.240000
 583 3.480000
 584 3.460000
 585 3.420000
 586 3.380000
 587 3.070000
 588 3.080000
 589 3.130000
 590 3.080000
 591 3.020000
 592 3.050000
 593 3.020000
 594 3.100000
 595 2.970000
 596 2.930000
 597 2.980000
 598 3.040000
 599 3.020000
 600 3.020000
 601 3.070000
 602 3.020000
 603 3.020000
 604 3.070000
 605 3.150000
 606 3.120000
 607 3.070000
 608 3.160000
 609 3.240000
 610 3.090000
 611 3.120000
 612 3.120000
 613 3.090000
 614 2.860000
 615 2.770000
 616 2.740000
 617 2.770000
 618 2.770000
 619 2.750000
 620 2.720000
 621 2.720000
 622 2.670000
 623 2.630000
 624 2.660000
 625 2.590000
 626 2.590000
 627 2.540000
 628 2.520000
 629 2.470000
 630 2.440000
 631 2.440000
 632 2.370000
 633 2.360000
 634 2.320000
 635 2.320000
 636 2.320000
 637 2.270000
 638 2.270000
 639 2.270000
 640 2.270000
 641 2.270000
 642 2.150000
 643 2.230000
 644 2.200000
 645 2.210000
 646 2.140000
 647 2.210000
 648 2.170000
 649 2.150000
 650 2.170000
 651 2.120000
 652 2.180000
 653 2.150000
 654 2.130000
 655 2.100000
 656 2.100000
 657 2.070000
 658 2.070000
 659 2.070000
 660 1.960000
 661 2.050000
 662 2.050000
 663 2.000000
 664 2.000000
 665 1.880000
 666 1.850000
 667 1.830000
 668 1.970000
 669 1.830000
 670 1.920000
 671 1.900000
 672 1.780000
 673 1.730000
 674 1.770000
 675 1.730000
 676 1.710000
 677 1.850000
 678 1.820000
 679 1.800000
 680 1.660000
 681 1.740000
 682 1.710000
 683 1.680000
 684 1.680000
 685 1.660000
 686 1.640000
 687 1.610000
 688 1.590000
 689 1.560000
 690 1.510000
 691 1.510000
 692 1.480000
 693 1.510000
 694 1.500000
 695 1.460000
 696 1.480000
 697 1.460000
 698 1.550000
 699 1.430000
 700 1.500000
 701 1.420000
 702 2.100000
 703 1.480000
 704 1.490000
 705 1.380000
 706 1.500000
 707 1.360000
 708 1.360000
 709 1.340000
 710 1.470000
 711 1.420000
 712 1.360000
 713 1.440000
 714 1.440000
 715 1.470000
 716 1.420000
 717 1.420000
 718 1.330000
 719 1.440000
 720 1.420000
 721 1.440000
 722 1.420000
 723 1.420000
 724 1.450000
 725 1.410000
 726 1.420000
 727 1.360000
 728 1.330000
 729 2.320000
 730 1.440000
 731 1.310000
 732 1.310000
 733 1.290000
 734 1.270000
 735 1.260000
 736 1.330000
 737 1.380000
 738 1.380000
 739 1.360000
 740 1.270000
 741 1.240000
 742 1.240000
 743 1.240000
 744 1.190000
 745 6.560000
 746 6.560000
 747 6.530000
 748 2.910000
 749 2.890000
 750 6.590000
 751 6.680000
 752 6.740000
 753 6.790000
 754 6.810000
 755 6.130000
 756 5.980000
 757 5.680000
 758 0.910000
 759 0.850000
 760 0.870000
 0 0.840000
 1 0.850000
 2 0.850000
 3 0.850000
 4 0.850000
 5 0.870000
 6 0.840000
 7 0.860000
 8 0.890000
 9 0.890000
 10 0.910000
 11 0.900000
 12 0.890000
 13 0.890000
 14 0.890000
 15 0.910000
 16 3.590000
 17 3.590000
 18 3.590000
 19 3.670000
 20 3.820000
 21 1.560000
 22 1.530000
 23 1.540000
 24 1.550000
 25 1.550000
 26 1.550000
 27 1.550000
 28 1.570000
 29 1.530000
 30 1.540000
 31 1.540000
 32 1.530000
 33 1.520000
 34 1.560000
 35 1.570000
 36 1.570000
 37 1.570000
 38 1.570000
 39 1.540000
 40 1.590000
 41 4.070000
 42 4.020000
 43 4.000000
 44 3.930000
 45 4.000000
 46 3.960000
 47 4.010000
 48 4.040000
 49 3.940000
 50 4.040000
 51 3.930000
 52 3.930000
 53 3.910000
 54 3.910000
 55 3.990000
 56 3.860000
 57 3.860000
 58 3.990000
 59 3.860000
 60 3.860000
 61 3.860000
 62 3.830000
 63 3.830000
 64 3.810000
 65 2.860000
 66 2.890000
 67 2.890000
 68 2.880000
 69 2.810000
 70 2.800000
 71 2.820000
 72 2.840000
 73 2.840000
 74 2.790000
 75 2.820000
 76 2.770000
 77 2.810000
 78 2.810000
 79 2.790000
 80 2.790000
 81 2.790000
 82 2.780000
 83 2.780000
 84 2.780000
 85 2.760000
 86 2.750000
 87 2.810000
 88 3.330000
 89 2.710000
 90 2.700000
 91 2.700000
 92 2.700000
 93 2.700000
 94 2.690000
 95 2.680000
 96 2.680000
 97 2.710000
 98 2.710000
 99 2.670000
 100 2.660000
 101 2.660000
 102 2.650000
 103 2.650000
 104 1.660000
 105 1.590000
 106 1.570000
 107 1.570000
 108 1.600000
 109 1.600000
 110 1.570000
 111 1.550000
 112 1.550000
 113 1.550000
 114 1.560000
 115 1.560000
 116 1.560000
 117 1.580000
 118 1.580000
 119 1.580000
 120 1.580000
 121 1.570000
 122 1.570000
 123 1.620000
 124 2.730000
 125 3.150000
 126 3.140000
 127 3.090000
 128 2.590000
 129 2.570000
 130 2.600000
 131 2.600000
 132 2.560000
 133 2.580000
 134 1.030000
 135 1.060000
 136 1.000000
 137 0.970000
 138 0.940000
 139 0.970000
 140 0.960000
 141 0.950000
 142 0.960000
 143 0.960000
 144 0.930000
 145 0.920000
 146 0.900000
 147 0.920000
 148 0.920000
 149 0.920000
 150 0.920000
 151 0.920000
 152 0.840000
 153 0.820000
 154 0.810000
 155 0.780000
 156 0.810000
 157 0.810000
 158 0.780000
 159 0.780000
 160 0.780000
 161 0.780000
 162 0.810000
 163 0.780000
 164 0.780000
 165 0.780000
 166 0.780000
 167 0.780000
 168 0.780000
 169 0.760000
 170 0.780000
 171 0.780000
 172 0.780000
 173 0.780000
 174 0.780000
 175 0.780000
 176 0.810000
 177 0.810000
 178 0.780000
 179 0.830000
 180 0.820000
 181 0.860000
 182 0.810000
 183 3.580000
 184 3.590000
 185 3.610000
 186 3.610000
 187 3.590000
 188 3.580000
 189 3.560000
 190 3.410000
 191 3.480000
 192 3.480000
 193 3.410000
 194 3.410000
 195 3.460000
 196 3.450000
 197 3.470000
 198 3.380000
 199 3.440000
 200 3.440000
 201 3.440000
 202 3.410000
 203 1.140000
 204 1.120000
 205 1.090000
 206 1.090000
 207 1.090000
 208 1.090000
 209 1.090000
 210 1.090000
 211 1.060000
 212 1.060000
 213 1.060000
 214 1.040000
 215 0.890000
 216 0.710000
 217 0.710000
 218 0.710000
 219 0.680000
 220 0.680000
 221 0.680000
 222 0.680000
 223 0.680000
 224 0.680000
 225 0.710000
 226 0.680000
 227 0.680000
 228 0.660000
 229 0.680000
 230 0.680000
 231 0.680000
 232 0.660000
 233 0.680000
 234 0.680000
 235 0.670000
 236 0.680000
 237 0.680000
 238 0.660000
 239 0.660000
 240 0.660000
 241 0.660000
 242 0.660000
 243 0.660000
 244 0.660000
 245 0.660000
 246 0.660000
 247 0.660000
 248 0.660000
 249 0.660000
 250 0.660000
 251 0.660000
 252 0.660000
 253 0.660000
 254 0.630000
 255 0.630000
 256 0.660000
 257 0.660000
 258 0.630000
 259 0.660000
 260 0.630000
 261 0.660000
 262 0.660000
 263 0.630000
 264 0.630000
 265 0.660000
 266 0.650000
 267 0.630000
 268 0.630000
 269 0.660000
 270 0.660000
 271 0.630000
 272 0.660000
 273 0.630000
 274 0.630000
 275 0.630000
 276 0.660000
 277 0.630000
 278 0.630000
 279 0.630000
 280 0.630000
 281 0.630000
 282 0.610000
 283 0.630000
 284 0.630000
 285 0.630000
 286 0.630000
 287 0.630000
 288 0.630000
 289 0.650000
 290 0.740000
 291 5.120000
 292 5.090000
 293 5.120000
 294 5.120000
 295 5.120000
 296 5.150000
 297 5.150000
 298 5.170000
 299 5.170000
 300 5.150000
 301 4.720000
 302 4.660000
 303 4.560000
 304 4.490000
 305 4.500000
 306 4.480000
 307 4.500000
 308 4.500000
 309 4.510000
 310 4.520000
 311 4.660000
 312 4.640000
 313 4.590000
 314 4.550000
 315 4.450000
 316 4.060000
 317 4.070000
 318 4.100000
 319 4.070000
 320 4.100000
 321 4.130000
 322 4.100000
 323 3.780000
 324 3.790000
 325 3.790000
 326 3.800000
 327 1.360000
 328 1.310000
 329 1.040000
 330 0.940000
 331 0.920000
 332 0.660000
 333 0.580000
 334 0.590000
 335 0.590000
 336 0.560000
 337 0.590000
 338 0.590000
 339 0.590000
 340 0.590000
 341 0.590000
 342 0.580000
 343 0.600000
 344 0.590000
 345 0.570000
 346 0.570000
 347 0.580000
 348 0.580000
 349 0.590000
 350 0.590000
 351 0.610000
 352 0.570000
 353 0.580000
 354 0.560000
 355 0.590000
 356 0.590000
 357 0.590000
 358 0.590000
 359 0.590000
 360 0.610000
 361 0.670000
 362 3.580000
 363 3.580000
 364 3.560000
 365 3.560000
 366 3.510000
 367 3.510000
 368 3.510000
 369 3.510000
 370 3.490000
 371 3.490000
 372 3.490000
 373 3.460000
 374 3.460000
 375 3.460000
 376 3.460000
 377 3.440000
 378 3.410000
 379 3.440000
 380 3.410000
 381 3.410000
 382 3.390000
 383 3.390000
 384 3.390000
 385 3.390000
 386 3.380000
 387 4.370000
 388 4.360000
 389 4.350000
 390 1.030000
 391 0.940000
 392 0.940000
 393 0.990000
 394 0.980000
 395 4.080000
 396 4.270000
 397 4.270000
 398 4.250000
 399 4.260000
 400 4.230000
 401 4.230000
 402 4.200000
 403 4.170000
 404 4.170000
 405 4.170000
 406 4.150000
 407 4.170000
 408 4.150000
 409 4.150000
 410 4.120000
 411 4.120000
 412 4.110000
 413 4.080000
 414 4.100000
 415 4.070000
 416 3.030000
 417 1.490000
 418 1.450000
 419 1.430000
 420 1.440000
 421 1.460000
 422 1.440000
 423 1.430000
 424 0.660000
 425 0.730000
 426 0.690000
 427 0.700000
 428 0.700000
 429 0.670000
 430 0.670000
 431 0.670000
 432 0.670000
 433 0.670000
 434 0.700000
 435 0.670000
 436 0.700000
 437 0.670000
 438 0.700000
 439 0.670000
 440 0.700000
 441 0.700000
 442 0.700000
 443 0.700000
 444 0.700000
 445 0.700000
 446 0.700000
 447 0.700000
 448 0.720000
 449 0.700000
 450 0.720000
 451 0.700000
 452 0.720000
 453 0.700000
 454 0.720000
 455 0.720000
 456 0.720000
 457 0.720000
 458 0.720000
 459 0.720000
 460 0.720000
 461 0.720000
 462 0.720000
 463 0.750000
 464 0.750000
 465 0.740000
 466 0.760000
 467 2.980000
 468 2.980000
 469 2.980000
 470 3.040000
 471 3.040000
 472 3.060000
 473 3.010000
 474 3.030000
 475 3.080000
 476 3.040000
 477 3.010000
 478 3.000000
 479 3.080000
 480 3.060000
 481 3.080000
 482 3.080000
 483 3.090000
 484 3.100000
 485 3.040000
 486 3.080000
 487 3.110000
 488 3.190000
 489 3.080000
 490 0.880000
 491 0.870000
 492 0.860000
 493 0.880000
 494 0.880000
 495 0.880000
 496 0.860000
 497 0.860000
 498 0.860000
 499 0.830000
 500 0.860000
 501 0.860000
 502 0.840000
 503 0.830000
 504 0.830000
 505 0.830000
 506 0.860000
 507 0.830000
 508 0.860000
 509 0.830000
 510 0.860000
 511 0.860000
 512 0.880000
 513 0.880000
 514 0.880000
 515 0.880000
 516 0.870000
 517 0.890000
 518 1.000000
 519 6.200000
 520 6.210000
 521 6.210000
 522 6.240000
 523 6.240000
 524 6.240000
 525 6.240000
 526 6.270000
 527 4.610000
 528 4.330000
 529 4.280000
 530 4.250000
 531 6.310000
 532 3.290000
 533 3.220000
 534 3.190000
 535 3.270000
 536 3.480000
 537 3.740000
 538 3.740000
 539 3.660000
 540 3.660000
 541 3.690000
 542 3.690000
 543 3.690000
 544 3.690000
 545 3.690000
 546 3.690000
 547 3.280000
 548 3.690000
 549 3.710000
 550 3.710000
 551 3.710000
 552 3.740000
 553 3.710000
 554 3.690000
 555 3.640000
 556 3.660000
 557 3.670000
 558 3.660000
 559 3.690000
 560 3.690000
 561 3.690000
 562 3.690000
 563 3.710000
 564 3.690000
 565 3.710000
 566 3.710000
 567 3.710000
 568 3.710000
 569 3.740000
 570 3.740000
 571 3.760000
 572 3.760000
 573 3.760000
 574 3.760000
 575 3.790000
 576 3.740000
 577 3.710000
 578 3.670000
 579 3.610000
 580 3.330000
 581 3.190000
 582 3.290000
 583 3.510000
 584 3.460000
 585 3.420000
 586 3.380000
 587 3.070000
 588 3.080000
 589 3.130000
 590 3.060000
 591 3.020000
 592 3.050000
 593 3.000000
 594 3.100000
 595 2.970000
 596 2.930000
 597 3.010000
 598 3.020000
 599 3.020000
 600 3.050000
 601 3.050000
 602 3.050000
 603 3.040000
 604 3.050000
 605 3.150000
 606 3.120000
 607 3.100000
 608 3.180000
 609 3.240000
 610 3.100000
 611 3.150000
 612 3.120000
 613 3.100000
 614 2.880000
 615 2.770000
 616 2.730000
 617 2.740000
 618 2.770000
 619 2.750000
 620 2.720000
 621 2.700000
 622 2.670000
 623 2.630000
 624 2.660000
 625 2.620000
 626 2.590000
 627 2.540000
 628 2.490000
 629 2.490000
 630 2.470000
 631 2.420000
 632 2.390000
 633 2.370000
 634 2.340000
 635 2.320000
 636 2.320000
 637 2.290000
 638 2.320000
 639 2.160000
 640 2.300000
 641 2.250000
 642 2.140000
 643 2.230000
 644 2.200000
 645 2.180000
 646 2.110000
 647 2.220000
 648 2.170000
 649 2.180000
 650 2.170000
 651 2.150000
 652 2.030000
 653 2.120000
 654 2.160000
 655 2.120000
 656 1.980000
 657 2.100000
 658 2.070000
 659 2.070000
 660 2.070000
 661 2.050000
 662 1.930000
 663 2.020000
 664 2.000000
 665 1.880000
 666 1.860000
 667 1.860000
 668 1.830000
 669 1.810000
 670 1.810000
 671 1.900000
 672 1.810000
 673 1.760000
 674 1.750000
 675 1.760000
 676 1.730000
 677 1.730000
 678 1.820000
 679 1.800000
 680 1.800000
 681 1.720000
 682 1.710000
 683 1.710000
 684 1.690000
 685 1.650000
 686 1.640000
 687 1.610000
 688 1.590000
 689 1.530000
 690 1.510000
 691 1.530000
 692 1.480000
 693 1.480000
 694 1.480000
 695 1.460000
 696 1.480000
 697 1.400000
 698 1.550000
 699 1.430000
 700 1.480000
 701 1.420000
 702 2.100000
 703 1.460000
 704 1.460000
 705 1.350000
 706 1.500000
 707 1.360000
 708 1.360000
 709 1.340000
 710 1.440000
 711 1.430000
 712 1.330000
 713 1.420000
 714 1.440000
 715 1.450000
 716 1.420000
 717 1.420000
 718 1.330000
 719 1.420000
 720 1.420000
 721 1.420000
 722 1.420000
 723 1.390000
 724 1.440000
 725 1.410000
 726 1.390000
 727 1.330000
 728 1.330000
 729 2.340000
 730 1.310000
 731 1.310000
 732 1.280000
 733 1.280000
 734 1.270000
 735 1.260000
 736 1.330000
 737 1.360000
 738 1.390000
 739 1.340000
 740 1.270000
 741 1.240000
 742 1.210000
 743 1.250000
 744 1.220000
 745 6.560000
 746 6.530000
 747 6.530000
 748 2.880000
 749 2.890000
 750 6.610000
 751 6.680000
 752 6.740000
 753 6.750000
 754 6.830000
 755 6.130000
 756 5.980000
 757 5.680000
 758 0.880000
 759 0.850000
 760 0.870000
 0 0.870000
 1 0.870000
 2 0.870000
 3 0.870000
 4 0.850000
 5 0.850000
 6 0.840000
 7 0.860000
 8 0.880000
 9 0.890000
 10 0.910000
 11 0.890000
 12 0.890000
 13 0.890000
 14 0.920000
 15 0.880000
 16 3.590000
 17 3.590000
 18 3.590000
 19 3.670000
 20 3.820000
 21 1.540000
 22 1.530000
 23 1.520000
 24 1.550000
 25 1.550000
 26 1.550000
 27 1.550000
 28 1.540000
 29 1.530000
 30 1.540000
 31 1.520000
 32 1.510000
 33 1.540000
 34 1.560000
 35 1.570000
 36 1.570000
 37 1.570000
 38 1.570000
 39 1.570000
 40 1.600000
 41 4.060000
 42 4.020000
 43 4.000000
 44 3.930000
 45 3.960000
 46 3.960000
 47 4.010000
 48 4.040000
 49 3.960000
 50 4.030000
 51 3.910000
 52 3.930000
 53 3.910000
 54 3.910000
 55 4.020000
 56 4.020000
 57 3.880000
 58 3.990000
 59 3.990000
 60 3.860000
 61 3.860000
 62 3.830000
 63 3.830000
 64 3.830000
 65 2.860000
 66 2.890000
 67 2.890000
 68 2.840000
 69 2.810000
 70 2.800000
 71 2.790000
 72 2.840000
 73 2.820000
 74 2.820000
 75 2.820000
 76 2.800000
 77 2.780000
 78 2.810000
 79 2.790000
 80 2.760000
 81 2.790000
 82 2.780000
 83 2.780000
 84 2.760000
 85 2.760000
 86 2.770000
 87 2.780000
 88 3.310000
 89 2.730000
 90 2.690000
 91 2.670000
 92 2.670000
 93 2.670000
 94 2.690000
 95 2.680000
 96 2.710000
 97 2.680000
 98 2.680000
 99 2.670000
 100 2.680000
 101 2.640000
 102 2.650000
 103 2.650000
 104 1.660000
 105 1.590000
 106 1.590000
 107 1.600000
 108 1.600000
 109 1.600000
 110 1.570000
 111 1.530000
 112 1.560000
 113 1.570000
 114 1.530000
 115 1.540000
 116 1.580000
 117 1.580000
 118 1.580000
 119 1.610000
 120 1.610000
 121 1.570000
 122 1.570000
 123 1.610000
 124 2.710000
 125 3.120000
 126 3.160000
 127 3.060000
 128 2.590000
 129 2.600000
 130 2.570000
 131 2.570000
 132 2.590000
 133 2.580000
 134 1.030000
 135 1.070000
 136 1.030000
 137 0.970000
 138 0.970000
 139 0.940000
 140 0.960000
 141 0.950000
 142 0.960000
 143 0.960000
 144 0.930000
 145 0.920000
 146 0.920000
 147 0.920000
 148 0.920000
 149 0.940000
 150 0.920000
 151 0.920000
 152 0.840000
 153 0.810000
 154 0.810000
 155 0.780000
 156 0.780000
 157 0.780000
 158 0.810000
 159 0.780000
 160 0.780000
 161 0.780000
 162 0.780000
 163 0.780000
 164 0.780000
 165 0.760000
 166 0.760000
 167 0.760000
 168 0.760000
 169 0.760000
 170 0.780000
 171 0.780000
 172 0.780000
 173 0.780000
 174 0.780000
 175 0.780000
 176 0.810000
 177 0.810000
 178 0.810000
 179 0.810000
 180 0.810000
 181 0.860000
 182 0.840000
 183 3.580000
 184 3.590000
 185 3.610000
 186 3.640000
 187 3.560000
 188 3.530000
 189 3.560000
 190 3.410000
 191 3.480000
 192 3.480000
 193 3.380000
 194 3.410000
 195 3.460000
 196 3.460000
 197 3.440000
 198 3.380000
 199 3.440000
 200 3.440000
 201 3.470000
 202 3.410000
 203 1.110000
 204 1.100000
 205 1.110000
 206 1.090000
 207 1.090000
 208 1.090000
 209 1.060000
 210 1.090000
 211 1.060000
 212 1.060000
 213 1.060000
 214 1.040000
 215 0.890000
 216 0.730000
 217 0.710000
 218 0.680000
 219 0.680000
 220 0.680000
 221 0.680000
 222 0.680000
 223 0.680000
 224 0.680000
 225 0.680000
 226 0.680000
 227 0.680000
 228 0.660000
 229 0.710000
 230 0.680000
 231 0.680000
 232 0.660000
 233 0.680000
 234 0.680000
 235 0.660000
 236 0.660000
 237 0.660000
 238 0.680000
 239 0.680000
 240 0.660000
 241 0.680000
 242 0.680000
 243 0.660000
 244 0.680000
 245 0.660000
 246 0.660000
 247 0.660000
 248 0.660000
 249 0.660000
 250 0.660000
 251 0.660000
 252 0.660000
 253 0.660000
 254 0.660000
 255 0.660000
 256 0.630000
 257 0.660000
 258 0.660000
 259 0.630000
 260 0.660000
 261 0.630000
 262 0.660000
 263 0.660000
 264 0.630000
 265 0.650000
 266 0.630000
 267 0.630000
 268 0.620000
 269 0.660000
 270 0.630000
 271 0.630000
 272 0.630000
 273 0.630000
 274 0.630000
 275 0.630000
 276 0.630000
 277 0.630000
 278 0.630000
 279 0.610000
 280 0.630000
 281 0.630000
 282 0.630000
 283 0.630000
 284 0.630000
 285 0.630000
 286 0.630000
 287 0.630000
 288 0.630000
 289 0.650000
 290 0.740000
 291 5.090000
 292 5.120000
 293 5.120000
 294 5.120000
 295 5.120000
 296 5.150000
 297 5.170000
 298 5.170000
 299 5.170000
 300 5.120000
 301 4.740000
 302 4.690000
 303 4.590000
 304 4.510000
 305 4.500000
 306 4.510000
 307 4.500000
 308 4.500000
 309 4.510000
 310 4.520000
 311 4.630000
 312 4.640000
 313 4.590000
 314 4.550000
 315 4.400000
 316 4.030000
 317 4.080000
 318 4.080000
 319 4.080000
 320 4.090000
 321 4.110000
 322 4.130000
 323 3.770000
 324 3.790000
 325 3.790000
 326 3.820000
 327 3.770000
 328 1.310000
 329 1.010000
 330 0.940000
 331 0.920000
 332 0.660000
 333 0.580000
 334 0.590000
 335 0.560000
 336 0.560000
 337 0.590000
 338 0.590000
 339 0.590000
 340 0.560000
 341 0.560000
 342 0.580000
 343 0.580000
 344 0.590000
 345 0.590000
 346 0.570000
 347 0.610000
 348 0.580000
 349 0.610000
 350 0.590000
 351 0.560000
 352 0.600000
 353 0.580000
 354 0.590000
 355 0.590000
 356 0.560000
 357 0.590000
 358 0.590000
 359 0.590000
 360 0.610000
 361 0.650000
 362 3.580000
 363 3.560000
 364 3.560000
 365 3.560000
 366 3.540000
 367 3.510000
 368 3.510000
 369 3.510000
 370 3.490000
 371 3.490000
 372 3.460000
 373 3.490000
 374 3.460000
 375 3.460000
 376 3.460000
 377 3.440000
 378 3.440000
 379 3.440000
 380 3.410000
 381 3.440000
 382 3.410000
 383 3.410000
 384 3.390000
 385 3.390000
 386 3.370000
 387 0.940000
 388 0.970000
 389 0.960000
 390 0.940000
 391 1.000000
 392 0.940000
 393 4.030000
 394 4.030000
 395 4.090000
 396 4.270000
 397 4.250000
 398 4.250000
 399 4.230000
 400 4.230000
 401 4.220000
 402 4.200000
 403 4.200000
 404 4.200000
 405 4.170000
 406 4.170000
 407 4.150000
 408 4.150000
 409 4.120000
 410 4.150000
 411 4.120000
 412 4.110000
 413 4.110000
 414 4.100000
 415 4.100000
 416 3.010000
 417 1.490000
 418 1.450000
 419 1.430000
 420 1.430000
 421 1.450000
 422 1.440000
 423 1.450000
 424 0.690000
 425 0.760000
 426 0.690000
 427 0.670000
 428 0.700000
 429 0.670000
 430 0.670000
 431 0.700000
 432 0.670000
 433 0.670000
 434 0.670000
 435 0.700000
 436 0.670000
 437 0.700000
 438 0.700000
 439 0.670000
 440 0.700000
 441 0.700000
 442 0.700000
 443 0.700000
 444 0.700000
 445 0.700000
 446 0.700000
 447 0.720000
 448 0.700000
 449 0.720000
 450 0.700000
 451 0.720000
 452 0.700000
 453 0.700000
 454 0.700000
 455 0.720000
 456 0.700000
 457 0.700000
 458 0.720000
 459 0.750000
 460 0.720000
 461 0.720000
 462 0.720000
 463 0.720000
 464 0.720000
 465 0.740000
 466 0.750000
 467 2.980000
 468 2.960000
 469 2.980000
 470 3.040000
 471 3.010000
 472 3.060000
 473 3.010000
 474 3.010000
 475 3.080000
 476 3.040000
 477 3.010000
 478 3.000000
 479 3.050000
 480 3.080000
 481 3.100000
 482 3.090000
 483 3.080000
 484 3.100000
 485 3.070000
 486 3.080000
 487 3.110000
 488 3.190000
 489 3.080000
 490 0.880000
 491 0.890000
 492 0.880000
 493 0.880000
 494 0.880000
 495 0.860000
 496 0.860000
 497 0.860000
 498 0.860000
 499 0.860000
 500 0.830000
 501 0.830000
 502 0.860000
 503 0.830000
 504 0.830000
 505 0.830000
 506 0.830000
 507 0.860000
 508 0.860000
 509 0.860000
 510 0.860000
 511 0.880000
 512 0.860000
 513 0.880000
 514 0.860000
 515 0.860000
 516 0.850000
 517 0.870000
 518 0.980000
 519 6.210000
 520 6.210000
 521 6.220000
 522 6.240000
 523 6.240000
 524 6.240000
 525 6.230000
 526 6.240000
 527 4.620000
 528 4.330000
 529 4.280000
 530 4.260000
 531 6.280000
 532 3.290000
 533 3.190000
 534 3.220000
 535 3.240000
 536 3.480000
 537 3.740000
 538 3.740000
 539 3.680000
 540 3.690000
 541 3.690000
 542 3.690000
 543 3.690000
 544 3.690000
 545 3.690000
 546 3.690000
 547 3.310000
 548 3.710000
 549 3.710000
 550 3.710000
 551 3.710000
 552 3.710000
 553 3.710000
 554 3.690000
 555 3.660000
 556 3.660000
 557 3.660000
 558 3.690000
 559 3.660000
 560 3.660000
 561 3.690000
 562 3.690000
 563 3.690000
 564 3.710000
 565 3.710000
 566 3.710000
 567 3.710000
 568 3.740000
 569 3.740000
 570 3.740000
 571 3.740000
 572 3.740000
 573 3.760000
 574 3.760000
 575 3.760000
 576 3.770000
 577 3.710000
 578 3.670000
 579 3.620000
 580 3.330000
 581 3.190000
 582 3.290000
 583 3.480000
 584 3.460000
 585 3.420000
 586 3.380000
 587 3.070000
 588 3.080000
 589 3.160000
 590 3.080000
 591 3.020000
 592 3.020000
 593 3.020000
 594 3.100000
 595 2.970000
 596 2.930000
 597 3.010000
 598 3.020000
 599 2.990000
 600 3.050000
 601 3.050000
 602 3.040000
 603 3.020000
 604 3.050000
 605 3.170000
 606 3.120000
 607 3.100000
 608 3.190000
 609 3.220000
 610 3.090000
 611 3.150000
 612 3.150000
 613 3.120000
 614 2.920000
 615 2.770000
 616 2.730000
 617 2.730000
 618 2.770000
 619 2.750000
 620 2.750000
 621 2.720000
 622 2.670000
 623 2.640000
 624 2.630000
 625 2.620000
 626 2.600000
 627 2.570000
 628 2.490000
 629 2.490000
 630 2.470000
 631 2.410000
 632 2.390000
 633 2.370000
 634 2.320000
 635 2.290000
 636 2.320000
 637 2.320000
 638 2.210000
 639 2.180000
 640 2.160000
 641 2.240000
 642 2.140000
 643 2.220000
 644 2.200000
 645 2.180000
 646 2.130000
 647 2.170000
 648 2.170000
 649 2.180000
 650 2.170000
 651 2.120000
 652 2.030000
 653 2.100000
 654 2.130000
 655 2.120000
 656 1.980000
 657 2.070000
 658 2.070000
 659 2.100000
 660 2.070000
 661 2.070000
 662 1.930000
 663 2.020000
 664 2.000000
 665 1.880000
 666 1.860000
 667 1.830000
 668 1.830000
 669 1.970000
 670 1.810000
 671 1.900000
 672 1.780000
 673 1.780000
 674 1.760000
 675 1.730000
 676 1.730000
 677 1.700000
 678 1.850000
 679 1.820000
 680 1.800000
 681 1.720000
 682 1.710000
 683 1.680000
 684 1.690000
 685 1.680000
 686 1.640000
 687 1.600000
 688 1.590000
 689 1.530000
 690 1.510000
 691 1.510000
 692 1.480000
 693 1.480000
 694 1.500000
 695 1.590000
 696 1.480000
 697 1.480000
 698 1.550000
 699 1.400000
 700 1.480000
 701 1.420000
 702 2.070000
 703 1.460000
 704 1.490000
 705 1.380000
 706 1.480000
 707 1.360000
 708 1.360000
 709 1.340000
 710 1.470000
 711 1.420000
 712 1.360000
 713 1.420000
 714 1.440000
 715 1.470000
 716 1.420000
 717 1.420000
 718 1.330000
 719 1.440000
 720 1.420000
 721 1.440000
 722 1.420000
 723 1.420000
 724 1.440000
 725 1.410000
 726 1.420000
 727 1.300000
 728 1.300000
 729 2.320000
 730 1.440000
 731 1.310000
 732 1.280000
 733 1.290000
 734 1.270000
 735 1.260000
 736 1.360000
 737 1.380000
 738 1.380000
 739 1.360000
 740 1.270000
 741 1.240000
 742 1.240000
 743 1.230000
 744 1.190000
 745 6.560000
 746 6.560000
 747 6.510000
 748 2.880000
 749 2.920000
 750 6.610000
 751 6.680000
 752 6.720000
 753 6.760000
 754 6.810000
 755 6.130000
 756 5.990000
 757 5.680000
 758 0.880000
 759 0.850000
 760 0.870000