
 0 2.280000
 1 2.260000
 2 2.290000
 3 2.270000
 4 1.800000
 5 1.800000
 6 1.810000
 7 2.300000
 8 2.260000
 9 2.360000
 10 2.270000
 11 2.250000
 12 2.270000
 13 2.260000
 14 2.200000
 15 2.180000
 16 2.180000
 17 2.170000
 18 2.210000
 19 2.130000
 20 2.150000
 21 2.230000
 22 2.080000
 23 2.030000
 24 2.090000
 25 0.850000
 26 0.850000
 27 0.830000
 28 0.840000
 29 0.840000
 30 0.860000
 31 0.830000
 32 0.840000
 33 0.840000
 34 0.840000
 35 0.810000
 36 0.850000
 37 0.840000
 38 0.840000
 39 0.860000
 40 0.930000
 41 2.800000
 42 2.790000
 43 2.810000
 44 2.810000
 45 2.790000
 46 2.790000
 47 2.790000
 48 2.760000
 49 1.190000
 50 1.210000
 51 1.200000
 52 1.200000
 53 1.250000
 54 2.760000
 55 2.750000
 56 2.750000
 57 2.750000
 58 0.370000
 59 0.360000
 60 0.370000
 61 0.490000
 62 0.430000
 63 0.400000
 64 0.370000
 65 0.350000
 66 0.360000
 67 0.360000
 68 0.380000
 69 0.360000
 70 0.360000
 71 0.360000
 72 0.360000
 73 0.360000
 74 0.330000
 75 0.340000
 76 0.320000
 77 0.350000
 78 0.350000
 79 0.340000
 80 0.340000
 81 0.340000
 82 0.340000
 83 0.310000
 84 0.340000
 85 0.310000
 86 0.340000
 87 0.340000
 88 0.310000
 89 0.310000
 90 0.340000
 91 0.340000
 92 0.310000
 93 0.310000
 94 0.340000
 95 0.310000
 96 0.310000
 97 0.310000
 98 0.310000
 99 0.310000
 100 0.310000
 101 0.310000
 102 0.320000
 103 0.300000
 104 0.320000
 105 0.310000
 106 0.320000
 107 0.290000
 108 0.310000
 109 0.290000
 110 0.300000
 111 0.320000
 112 0.300000
 113 0.320000
 114 0.320000
 115 0.320000
 116 0.300000
 117 0.300000
 118 0.300000
 119 0.300000
 120 0.300000
 121 0.300000
 122 0.300000
 123 0.300000
 124 0.300000
 125 0.300000
 126 0.300000
 127 0.300000
 128 0.300000
 129 0.300000
 130 0.300000
 131 0.300000
 132 0.300000
 133 0.300000
 134 0.300000
 135 0.300000
 136 0.300000
 137 0.300000
 138 0.290000
 139 0.280000
 140 0.280000
 141 0.300000
 142 0.270000
 143 0.300000
 144 0.300000
 145 0.300000
 146 0.300000
 147 0.290000
 148 0.270000
 149 0.290000
 150 0.290000
 151 0.290000
 152 0.290000
 153 0.290000
 154 0.290000
 155 0.290000
 156 0.290000
 157 0.290000
 158 0.290000
 159 0.310000
 160 0.280000
 161 0.280000
 162 0.290000
 163 0.310000
 164 0.280000
 165 0.290000
 166 0.260000
 167 0.290000
 168 0.270000
 169 0.270000
 170 0.270000
 171 0.250000
 172 0.230000
 173 0.230000
 174 0.210000
 175 0.240000
 176 0.240000
 177 0.210000
 178 0.220000
 179 0.220000
 180 0.220000
 181 0.220000
 182 0.240000
 183 0.210000
 184 0.240000
 185 0.210000
 186 0.210000
 187 0.240000
 188 0.210000
 189 0.240000
 190 0.220000
 191 0.210000
 192 0.220000
 193 0.220000
 194 0.220000
 195 0.220000
 196 0.220000
 197 0.200000
 198 0.220000
 199 0.220000
 200 0.220000
 201 0.220000
 202 0.220000
 203 0.220000
 204 0.220000
 205 0.220000
 206 0.220000
 207 0.220000
 208 0.200000
 209 0.230000
 210 0.230000
 211 0.230000
 212 0.200000
 213 0.200000
 214 0.230000
 215 0.230000
 216 0.220000
 217 0.220000
 218 0.220000
 219 0.220000
 220 0.250000
 221 0.210000
 222 0.210000
 223 0.230000
 224 0.230000
 225 0.230000
 226 0.230000
 227 0.220000
 228 0.220000
 229 0.220000
 230 0.220000
 231 0.220000
 232 0.220000
 233 0.220000
 234 0.220000
 235 0.220000
 236 0.220000
 237 0.230000
 238 0.220000
 239 0.210000
 240 0.220000
 241 0.220000
 242 0.210000
 243 0.230000
 244 0.210000
 245 0.210000
 246 0.240000
 247 0.240000
 248 0.240000
 249 0.240000
 250 0.240000
 251 0.240000
 252 0.240000
 253 0.220000
 254 0.220000
 255 0.220000
 256 0.260000
 257 0.230000
 258 0.260000
 259 0.230000
 260 0.220000
 261 0.260000
 262 0.220000
 263 0.220000
 264 0.240000
 265 0.230000
 266 0.230000
 267 0.230000
 268 0.230000
 269 0.230000
 270 0.220000
 271 0.260000
 272 0.260000
 273 0.260000
 274 0.260000
 275 0.270000
 276 0.270000
 277 0.260000
 278 0.310000
 279 0.320000
 280 0.400000
 281 0.630000
 282 0.800000
 283 0.830000
 284 0.830000
 285 0.830000
 286 0.840000
 287 0.840000
 288 0.860000
 289 0.840000
 290 0.860000
 291 0.850000
 292 0.850000
 293 0.880000
 294 0.890000
 295 0.880000
 296 0.890000
 297 0.890000
 298 0.910000
 299 0.900000
 300 0.900000
 301 0.920000
 302 0.920000
 303 0.920000
 304 0.900000
 305 0.900000
 306 0.900000
 307 0.900000
 308 0.930000
 309 0.950000
 310 0.950000
 311 0.950000
 312 0.950000
 313 0.950000
 314 0.950000
 315 0.980000
 316 0.980000
 317 0.980000
 318 2.660000
 319 2.700000
 320 2.700000
 321 2.720000
 322 2.740000
 323 2.750000
 324 2.770000
 325 2.820000
 326 2.820000
 327 2.840000
 328 2.850000
 329 2.870000
 330 2.870000
 331 2.900000
 332 2.900000
 333 2.950000
 334 2.940000
 335 2.940000
 336 2.990000
 337 3.010000
 338 3.010000
 339 3.030000
 340 3.060000
 341 3.060000
 342 3.110000
 343 3.110000
 344 3.160000
 345 3.180000
 346 3.210000
 347 3.230000
 348 3.240000
 349 3.290000
 350 3.290000
 351 3.310000
 352 3.360000
 353 3.380000
 354 3.410000
 355 3.460000
 356 3.490000
 357 3.550000
 358 3.590000
 359 3.610000
 360 3.600000
 361 3.590000
 362 3.590000
 363 3.670000
 364 3.920000
 365 3.920000
 366 3.920000
 367 3.920000
 368 3.930000
 369 3.950000
 370 3.900000
 371 3.900000
 372 3.880000
 373 3.830000
 374 3.830000
 375 3.830000
 376 3.910000
 377 3.910000
 378 3.800000
 379 3.780000
 380 3.780000
 381 3.910000
 382 3.750000
 383 3.860000
 384 3.240000
 385 3.360000
 386 3.360000
 387 3.240000
 388 3.680000
 389 3.440000
 390 3.350000
 391 3.380000
 392 3.510000
 393 3.460000
 394 3.170000
 395 3.210000
 396 3.240000
 397 3.370000
 398 3.600000
 399 3.710000
 400 3.740000
 401 2.770000
 402 2.700000
 403 2.680000
 404 2.710000
 405 2.700000
 406 2.700000
 407 2.690000
 408 2.690000
 409 2.720000
 410 2.710000
 411 2.700000
 412 2.680000
 413 2.680000
 414 2.700000
 415 2.710000
 416 2.670000
 417 2.660000
 418 2.650000
 419 2.680000
 420 2.680000
 421 2.680000
 422 2.620000
 423 2.610000
 424 2.610000
 425 2.610000
 426 2.610000
 427 2.590000
 428 2.590000
 429 2.590000
 430 2.560000
 431 2.580000
 432 2.620000
 433 2.610000
 434 2.610000
 435 2.620000
 436 2.630000
 437 2.610000
 438 2.600000
 439 2.590000
 440 2.610000
 441 2.610000
 442 2.610000
 443 2.580000
 444 2.550000
 445 2.580000
 446 2.580000
 447 2.580000
 448 2.580000
 449 2.570000
 450 2.570000
 451 2.580000
 452 2.570000
 453 2.590000
 454 2.540000
 455 2.570000
 456 2.570000
 457 2.570000
 458 2.570000
 459 2.570000
 460 2.550000
 461 2.500000
 462 2.490000
 463 2.520000
 464 2.530000
 465 2.500000
 466 2.530000
 467 2.530000
 468 2.500000
 469 2.500000
 470 2.520000
 471 2.510000
 472 2.510000
 473 2.630000
 474 3.050000
 475 2.660000
 476 2.600000
 477 3.210000
 478 3.100000
 479 3.160000
 480 3.180000
 481 3.220000
 482 3.220000
 483 3.200000
 484 3.200000
 485 3.230000
 486 3.200000
 487 3.230000
 488 3.220000
 489 3.240000
 490 3.270000
 491 3.300000
 492 3.470000
 493 3.420000
 494 3.460000
 495 3.460000
 496 3.380000
 497 3.470000
 498 3.470000
 499 3.440000
 500 3.500000
 501 3.490000
 502 3.460000
 503 3.450000
 504 3.490000
 505 3.480000
 506 3.490000
 507 3.450000
 508 3.490000
 509 3.510000
 510 3.510000
 511 3.510000
 512 3.540000
 513 3.610000
 514 3.560000
 515 3.540000
 516 3.490000
 517 3.510000
 518 3.560000
 519 3.480000
 520 3.440000
 521 3.330000
 522 3.350000
 523 3.410000
 524 3.430000
 525 3.410000
 526 3.330000
 527 3.420000
 528 3.400000
 529 3.420000
 530 3.450000
 531 3.450000
 532 3.420000
 533 3.420000
 534 3.420000
 535 3.350000
 536 3.380000
 537 3.330000
 538 3.350000
 539 3.370000
 540 3.350000
 541 3.480000
 542 3.450000
 543 3.480000
 544 3.370000
 545 3.340000
 546 3.490000
 547 3.460000
 548 3.440000
 549 3.460000
 550 3.430000
 551 3.420000
 552 3.460000
 553 3.370000
 554 4.680000
 555 4.680000
 556 4.580000
 557 4.700000
 558 4.400000
 559 4.100000
 560 4.700000
 561 4.700000
 562 4.730000
 563 4.730000
 564 4.730000
 565 4.730000
 566 4.730000
 567 4.730000
 568 4.730000
 569 4.750000
 570 4.750000
 571 4.750000
 572 4.750000
 573 4.750000
 574 4.780000
 575 4.750000
 576 4.780000
 577 4.770000
 578 4.780000
 579 4.750000
 580 4.720000
 581 4.780000
 582 4.800000
 583 4.490000
 584 4.170000
 585 4.800000
 586 4.820000
 587 4.850000
 588 4.590000
 589 4.550000
 590 4.570000
 591 4.650000
 592 4.850000
 593 4.850000
 594 4.870000
 595 4.870000
 596 4.870000
 597 4.870000
 598 4.870000
 599 3.970000
 600 3.970000
 601 4.000000
 602 4.010000
 603 4.060000
 604 4.950000
 605 4.950000
 606 4.950000
 607 4.970000
 608 4.970000
 609 5.000000
 610 5.000000
 611 5.000000
 612 5.020000
 613 5.000000
 614 5.020000
 615 5.050000
 616 5.030000
 617 5.050000
 618 5.050000
 619 4.450000
 620 4.350000
 621 4.330000
 622 4.300000
 623 4.310000
 624 4.350000
 625 4.310000
 626 4.350000
 627 4.350000
 628 4.360000
 629 4.360000
 630 5.000000
 631 4.770000
 632 4.640000
 633 4.570000
 634 4.480000
 635 4.500000
 636 4.490000
 637 4.490000
 638 4.490000
 639 4.500000
 640 4.530000
 641 4.600000
 642 4.580000
 643 4.610000
 644 4.590000
 645 4.060000
 646 4.050000
 647 4.040000
 648 4.060000
 649 4.100000
 650 4.080000
 651 4.090000
 652 3.760000
 653 3.950000
 654 4.000000
 655 4.150000
 656 3.800000
 657 3.950000
 658 3.840000
 659 3.800000
 660 3.900000
 661 3.730000
 662 3.700000
 663 3.690000
 664 3.700000
 665 3.680000
 666 3.670000
 667 3.720000
 668 3.730000
 669 3.800000
 670 3.770000
 671 3.700000
 672 3.630000
 673 3.750000
 674 3.770000
 675 3.760000
 676 3.740000
 677 3.740000
 678 3.710000
 679 3.710000
 680 3.690000
 681 3.690000
 682 3.660000
 683 3.660000
 684 3.660000
 685 3.660000
 686 3.640000
 687 3.610000
 688 3.610000
 689 3.590000
 690 3.590000
 691 3.560000
 692 3.590000
 693 3.590000
 694 3.590000
 695 3.560000
 696 3.560000
 697 3.540000
 698 3.540000
 699 3.510000
 700 3.510000
 701 3.510000
 702 3.510000
 703 3.490000
 704 3.460000
 705 3.460000
 706 3.470000
 707 3.440000
 708 3.440000
 709 3.470000
 710 3.440000
 711 3.420000
 712 3.050000
 713 3.030000
 714 3.030000
 715 3.050000
 716 3.060000
 717 3.100000
 718 4.360000
 719 4.330000
 720 4.330000
 721 4.330000
 722 3.690000
 723 3.670000
 724 3.610000
 725 3.590000
 726 3.590000
 727 4.240000
 728 4.240000
 729 4.230000
 730 4.230000
 731 4.210000
 732 3.650000
 733 3.560000
 734 3.590000
 735 3.580000
 736 3.580000
 737 3.580000
 738 3.610000
 739 3.810000
 740 4.080000
 741 4.110000
 742 4.110000
 743 4.110000
 744 4.080000
 745 4.110000
 746 4.090000
 747 4.090000
 748 4.080000
 749 4.060000
 750 4.060000
 751 4.060000
 752 4.060000
 753 2.970000
 754 2.950000
 755 2.930000
 756 2.930000
 757 2.980000
 758 2.990000
 759 3.620000
 760 3.520000
 0 2.290000
 1 2.250000
 2 2.280000
 3 2.240000
 4 1.800000
 5 1.800000
 6 1.810000
 7 2.300000
 8 2.260000
 9 2.360000
 10 2.270000
 11 2.260000
 12 2.250000
 13 2.250000
 14 2.200000
 15 2.180000
 16 2.200000
 17 2.170000
 18 2.180000
 19 2.130000
 20 2.180000
 21 2.230000
 22 2.080000
 23 2.030000
 24 2.090000
 25 0.850000
 26 0.820000
 27 0.830000
 28 0.840000
 29 0.830000
 30 0.840000
 31 0.830000
 32 0.840000
 33 0.840000
 34 0.810000
 35 0.810000
 36 0.830000
 37 0.840000
 38 0.860000
 39 0.860000
 40 0.950000
 41 2.840000
 42 2.790000
 43 2.810000
 44 2.790000
 45 2.790000
 46 2.790000
 47 2.790000
 48 2.790000
 49 1.220000
 50 1.210000
 51 1.220000
 52 1.230000
 53 1.280000
 54 2.780000
 55 2.750000
 56 2.750000
 57 2.750000
 58 0.370000
 59 0.340000
 60 0.370000
 61 0.490000
 62 0.410000
 63 0.400000
 64 0.370000
 65 0.370000
 66 0.360000
 67 0.360000
 68 0.360000
 69 0.360000
 70 0.360000
 71 0.360000
 72 0.360000
 73 0.360000
 74 0.330000
 75 0.340000
 76 0.350000
 77 0.350000
 78 0.350000
 79 0.340000
 80 0.340000
 81 0.340000
 82 0.340000
 83 0.340000
 84 0.340000
 85 0.340000
 86 0.340000
 87 0.340000
 88 0.310000
 89 0.310000
 90 0.310000
 91 0.310000
 92 0.340000
 93 0.310000
 94 0.310000
 95 0.310000
 96 0.310000
 97 0.310000
 98 0.310000
 99 0.310000
 100 0.310000
 101 0.310000
 102 0.320000
 103 0.320000
 104 0.320000
 105 0.320000
 106 0.310000
 107 0.300000
 108 0.320000
 109 0.320000
 110 0.320000
 111 0.300000
 112 0.320000
 113 0.300000
 114 0.300000
 115 0.320000
 116 0.300000
 117 0.300000
 118 0.300000
 119 0.300000
 120 0.300000
 121 0.320000
 122 0.300000
 123 0.300000
 124 0.300000
 125 0.300000
 126 0.270000
 127 0.300000
 128 0.300000
 129 0.300000
 130 0.300000
 131 0.300000
 132 0.300000
 133 0.300000
 134 0.300000
 135 0.300000
 136 0.300000
 137 0.290000
 138 0.310000
 139 0.280000
 140 0.310000
 141 0.310000
 142 0.300000
 143 0.300000
 144 0.300000
 145 0.270000
 146 0.290000
 147 0.270000
 148 0.290000
 149 0.300000
 150 0.290000
 151 0.290000
 152 0.290000
 153 0.290000
 154 0.290000
 155 0.290000
 156 0.290000
 157 0.270000
 158 0.280000
 159 0.290000
 160 0.280000
 161 0.290000
 162 0.280000
 163 0.280000
 164 0.280000
 165 0.290000
 166 0.290000
 167 0.290000
 168 0.290000
 169 0.260000
 170 0.240000
 171 0.250000
 172 0.230000
 173 0.230000
 174 0.240000
 175 0.240000
 176 0.210000
 177 0.240000
 178 0.210000
 179 0.210000
 180 0.210000
 181 0.240000
 182 0.210000
 183 0.210000
 184 0.210000
 185 0.210000
 186 0.240000
 187 0.190000
 188 0.210000
 189 0.210000
 190 0.210000
 191 0.220000
 192 0.220000
 193 0.220000
 194 0.220000
 195 0.220000
 196 0.220000
 197 0.220000
 198 0.220000
 199 0.220000
 200 0.220000
 201 0.220000
 202 0.220000
 203 0.220000
 204 0.220000
 205 0.220000
 206 0.200000
 207 0.220000
 208 0.200000
 209 0.220000
 210 0.200000
 211 0.230000
 212 0.220000
 213 0.200000
 214 0.200000
 215 0.200000
 216 0.230000
 217 0.200000
 218 0.220000
 219 0.220000
 220 0.220000
 221 0.240000
 222 0.210000
 223 0.230000
 224 0.230000
 225 0.230000
 226 0.230000
 227 0.220000
 228 0.230000
 229 0.220000
 230 0.220000
 231 0.220000
 232 0.220000
 233 0.220000
 234 0.240000
 235 0.220000
 236 0.220000
 237 0.220000
 238 0.210000
 239 0.240000
 240 0.220000
 241 0.230000
 242 0.210000
 243 0.230000
 244 0.230000
 245 0.230000
 246 0.220000
 247 0.210000
 248 0.240000
 249 0.220000
 250 0.240000
 251 0.240000
 252 0.250000
 253 0.240000
 254 0.230000
 255 0.260000
 256 0.230000
 257 0.230000
 258 0.230000
 259 0.260000
 260 0.250000
 261 0.220000
 262 0.250000
 263 0.250000
 264 0.220000
 265 0.220000
 266 0.230000
 267 0.270000
 268 0.260000
 269 0.260000
 270 0.260000
 271 0.260000
 272 0.260000
 273 0.260000
 274 0.260000
 275 0.260000
 276 0.270000
 277 0.280000
 278 0.300000
 279 0.350000
 280 0.400000
 281 0.550000
 282 0.830000
 283 0.830000
 284 0.830000
 285 0.840000
 286 0.860000
 287 0.850000
 288 0.860000
 289 0.860000
 290 0.860000
 291 0.850000
 292 0.880000
 293 0.890000
 294 0.860000
 295 0.880000
 296 0.890000
 297 0.890000
 298 0.890000
 299 0.900000
 300 0.900000
 301 0.920000
 302 0.890000
 303 0.890000
 304 0.880000
 305 0.900000
 306 0.930000
 307 0.900000
 308 0.900000
 309 0.930000
 310 0.930000
 311 0.950000
 312 0.950000
 313 0.950000
 314 0.950000
 315 0.980000
 316 0.980000
 317 1.010000
 318 2.690000
 319 2.700000
 320 2.700000
 321 2.750000
 322 2.740000
 323 2.770000
 324 2.800000
 325 2.800000
 326 2.820000
 327 2.810000
 328 2.850000
 329 2.850000
 330 2.870000
 331 2.900000
 332 2.920000
 333 2.950000
 334 2.950000
 335 2.960000
 336 2.960000
 337 2.990000
 338 3.040000
 339 3.030000
 340 3.060000
 341 3.080000
 342 3.090000
 343 3.110000
 344 3.130000
 345 3.180000
 346 3.210000
 347 3.210000
 348 3.260000
 349 3.260000
 350 3.290000
 351 3.330000
 352 3.360000
 353 3.380000
 354 3.430000
 355 3.460000
 356 3.490000
 357 3.550000
 358 3.590000
 359 3.590000
 360 3.550000
 361 3.590000
 362 3.620000
 363 3.670000
 364 3.890000
 365 3.920000
 366 3.930000
 367 3.950000
 368 3.950000
 369 3.920000
 370 3.920000
 371 3.900000
 372 3.900000
 373 3.830000
 374 3.830000
 375 3.830000
 376 3.910000
 377 3.880000
 378 3.800000
 379 3.800000
 380 3.800000
 381 3.910000
 382 3.780000
 383 3.860000
 384 3.270000
 385 3.360000
 386 3.360000
 387 3.270000
 388 3.700000
 389 3.450000
 390 3.370000
 391 3.380000
 392 3.510000
 393 3.460000
 394 3.200000
 395 3.210000
 396 3.240000
 397 3.420000
 398 3.600000
 399 3.710000
 400 3.740000
 401 2.740000
 402 2.730000
 403 2.690000
 404 2.710000
 405 2.700000
 406 2.720000
 407 2.690000
 408 2.720000
 409 2.700000
 410 2.680000
 411 2.710000
 412 2.690000
 413 2.680000
 414 2.670000
 415 2.680000
 416 2.680000
 417 2.660000
 418 2.650000
 419 2.680000
 420 2.680000
 421 2.680000
 422 2.620000
 423 2.610000
 424 2.610000
 425 2.610000
 426 2.590000
 427 2.590000
 428 2.610000
 429 2.590000
 430 2.590000
 431 2.580000
 432 2.600000
 433 2.630000
 434 2.610000
 435 2.620000
 436 2.630000
 437 2.610000
 438 2.600000
 439 2.570000
 440 2.610000
 441 2.610000
 442 2.580000
 443 2.610000
 444 2.600000
 445 2.580000
 446 2.600000
 447 2.580000
 448 2.550000
 449 2.550000
 450 2.570000
 451 2.560000
 452 2.570000
 453 2.590000
 454 2.540000
 455 2.560000
 456 2.590000
 457 2.570000
 458 2.570000
 459 2.540000
 460 2.550000
 461 2.500000
 462 2.520000
 463 2.520000
 464 2.520000
 465 2.530000
 466 2.530000
 467 2.520000
 468 2.500000
 469 2.500000
 470 2.490000
 471 2.510000
 472 2.510000
 473 2.630000
 474 3.050000
 475 2.690000
 476 2.550000
 477 3.180000
 478 3.100000
 479 3.160000
 480 3.200000
 481 3.190000
 482 3.200000
 483 3.230000
 484 3.210000
 485 3.230000
 486 3.230000
 487 3.250000
 488 3.250000
 489 3.270000
 490 3.270000
 491 3.330000
 492 3.470000
 493 3.440000
 494 3.460000
 495 3.460000
 496 3.350000
 497 3.450000
 498 3.450000
 499 3.460000
 500 3.500000
 501 3.490000
 502 3.490000
 503 3.450000
 504 3.490000
 505 3.460000
 506 3.460000
 507 3.450000
 508 3.490000
 509 3.510000
 510 3.510000
 511 3.510000
 512 3.540000
 513 3.610000
 514 3.590000
 515 3.540000
 516 3.490000
 517 3.510000
 518 3.590000
 519 3.500000
 520 3.420000
 521 3.330000
 522 3.320000
 523 3.410000
 524 3.410000
 525 3.430000
 526 3.330000
 527 3.450000
 528 3.420000
 529 3.430000
 530 3.330000
 531 3.460000
 532 3.420000
 533 3.410000
 534 3.460000
 535 3.380000
 536 3.380000
 537 3.350000
 538 3.350000
 539 3.340000
 540 3.380000
 541 3.480000
 542 3.480000
 543 3.480000
 544 3.370000
 545 3.390000
 546 3.500000
 547 3.440000
 548 3.440000
 549 3.460000
 550 3.440000
 551 3.420000
 552 3.460000
 553 3.350000
 554 4.700000
 555 4.680000
 556 4.540000
 557 4.700000
 558 4.350000
 559 4.100000
 560 4.700000
 561 4.700000
 562 4.730000
 563 4.730000
 564 4.730000
 565 4.730000
 566 4.730000
 567 4.730000
 568 4.730000
 569 4.750000
 570 4.750000
 571 4.750000
 572 4.750000
 573 4.750000
 574 4.750000
 575 4.750000
 576 4.780000
 577 4.780000
 578 4.780000
 579 4.740000
 580 4.730000
 581 4.800000
 582 4.800000
 583 4.490000
 584 4.170000
 585 4.830000
 586 4.820000
 587 4.820000
 588 4.590000
 589 4.570000
 590 4.570000
 591 4.650000
 592 4.850000
 593 4.870000
 594 4.850000
 595 4.870000
 596 4.870000
 597 4.870000
 598 4.900000
 599 3.970000
 600 4.000000
 601 4.000000
 602 3.980000
 603 4.060000
 604 4.950000
 605 4.970000
 606 4.950000
 607 4.970000
 608 4.970000
 609 4.990000
 610 4.970000
 611 5.000000
 612 5.020000
 613 5.000000
 614 5.030000
 615 5.030000
 616 5.050000
 617 5.050000
 618 5.050000
 619 4.450000
 620 4.350000
 621 4.300000
 622 4.330000
 623 4.340000
 624 4.350000
 625 4.340000
 626 4.350000
 627 4.350000
 628 4.360000
 629 4.360000
 630 5.000000
 631 4.740000
 632 4.620000
 633 4.540000
 634 4.480000
 635 4.500000
 636 4.470000
 637 4.490000
 638 4.490000
 639 4.520000
 640 4.510000
 641 4.630000
 642 4.580000
 643 4.630000
 644 4.620000
 645 4.050000
 646 4.010000
 647 4.040000
 648 4.070000
 649 4.070000
 650 4.080000
 651 4.100000
 652 3.760000
 653 3.950000
 654 4.010000
 655 4.150000
 656 3.770000
 657 3.950000
 658 3.830000
 659 3.820000
 660 3.920000
 661 3.700000
 662 3.680000
 663 3.680000
 664 3.710000
 665 3.710000
 666 3.690000
 667 3.720000
 668 3.730000
 669 3.770000
 670 3.770000
 671 3.760000
 672 3.630000
 673 3.730000
 674 3.770000
 675 3.760000
 676 3.740000
 677 3.710000
 678 3.710000
 679 3.710000
 680 3.690000
 681 3.710000
 682 3.660000
 683 3.660000
 684 3.660000
 685 3.640000
 686 3.660000
 687 3.640000
 688 3.610000
 689 3.590000
 690 3.590000
 691 3.590000
 692 3.590000
 693 3.590000
 694 3.560000
 695 3.560000
 696 3.540000
 697 3.540000
 698 3.510000
 699 3.510000
 700 3.510000
 701 3.520000
 702 3.490000
 703 3.490000
 704 3.490000
 705 3.490000
 706 3.440000
 707 3.440000
 708 3.470000
 709 3.440000
 710 3.440000
 711 3.410000
 712 3.080000
 713 3.030000
 714 3.000000
 715 3.070000
 716 3.050000
 717 3.090000
 718 4.360000
 719 4.330000
 720 4.330000
 721 4.330000
 722 3.690000
 723 3.670000
 724 3.610000
 725 3.600000
 726 3.610000
 727 4.260000
 728 4.230000
 729 4.240000
 730 4.230000
 731 4.210000
 732 3.700000
 733 3.590000
 734 3.560000
 735 3.580000
 736 3.580000
 737 3.580000
 738 3.610000
 739 3.790000
 740 4.080000
 741 4.110000
 742 4.110000
 743 4.110000
 744 4.110000
 745 4.110000
 746 4.090000
 747 4.090000
 748 4.060000
 749 4.060000
 750 4.060000
 751 4.040000
 752 4.040000
 753 2.970000
 754 2.950000
 755 2.930000
 756 2.930000
 757 3.010000
 758 3.020000
 759 3.590000
 760 3.520000
 0 2.270000
 1 2.260000
 2 2.260000
 3 2.260000
 4 1.800000
 5 1.780000
 6 1.810000
 7 2.360000
 8 2.280000
 9 2.360000
 10 2.280000
 11 2.270000
 12 2.250000
 13 2.230000
 14 2.200000
 15 2.180000
 16 2.200000
 17 2.150000
 18 2.210000
 19 2.130000
 20 2.150000
 21 2.230000
 22 2.060000
 23 2.030000
 24 2.090000
 25 0.850000
 26 0.850000
 27 0.830000
 28 0.840000
 29 0.840000
 30 0.840000
 31 0.840000
 32 0.840000
 33 0.840000
 34 0.810000
 35 0.810000
 36 0.850000
 37 0.840000
 38 0.840000
 39 0.860000
 40 0.920000
 41 2.830000
 42 2.810000
 43 2.790000
 44 2.790000
 45 2.810000
 46 2.810000
 47 2.760000
 48 2.790000
 49 1.220000
 50 1.240000
 51 1.220000
 52 1.210000
 53 1.270000
 54 2.760000
 55 2.750000
 56 2.750000
 57 2.750000
 58 0.380000
 59 0.340000
 60 0.350000
 61 0.460000
 62 0.430000
 63 0.370000
 64 0.370000
 65 0.350000
 66 0.360000
 67 0.330000
 68 0.360000
 69 0.360000
 70 0.360000
 71 0.330000
 72 0.360000
 73 0.360000
 74 0.330000
 75 0.340000
 76 0.350000
 77 0.320000
 78 0.340000
 79 0.340000
 80 0.310000
 81 0.340000
 82 0.340000
 83 0.340000
 84 0.340000
 85 0.310000
 86 0.310000
 87 0.340000
 88 0.310000
 89 0.310000
 90 0.310000
 91 0.310000
 92 0.310000
 93 0.310000
 94 0.310000
 95 0.310000
 96 0.310000
 97 0.310000
 98 0.310000
 99 0.320000
 100 0.310000
 101 0.310000
 102 0.290000
 103 0.320000
 104 0.310000
 105 0.320000
 106 0.300000
 107 0.300000
 108 0.290000
 109 0.320000
 110 0.320000
 111 0.320000
 112 0.300000
 113 0.320000
 114 0.300000
 115 0.300000
 116 0.300000
 117 0.300000
 118 0.300000
 119 0.300000
 120 0.300000
 121 0.300000
 122 0.300000
 123 0.300000
 124 0.300000
 125 0.300000
 126 0.300000
 127 0.300000
 128 0.270000
 129 0.300000
 130 0.300000
 131 0.300000
 132 0.300000
 133 0.300000
 134 0.300000
 135 0.300000
 136 0.290000
 137 0.290000
 138 0.290000
 139 0.310000
 140 0.310000
 141 0.310000
 142 0.300000
 143 0.270000
 144 0.300000
 145 0.300000
 146 0.290000
 147 0.300000
 148 0.300000
 149 0.290000
 150 0.300000
 151 0.290000
 152 0.290000
 153 0.290000
 154 0.290000
 155 0.290000
 156 0.290000
 157 0.290000
 158 0.290000
 159 0.280000
 160 0.290000
 161 0.280000
 162 0.280000
 163 0.310000
 164 0.280000
 165 0.290000
 166 0.290000
 167 0.280000
 168 0.280000
 169 0.260000
 170 0.260000
 171 0.240000
 172 0.230000
 173 0.210000
 174 0.210000
 175 0.240000
 176 0.210000
 177 0.210000
 178 0.210000
 179 0.210000
 180 0.210000
 181 0.240000
 182 0.210000
 183 0.210000
 184 0.210000
 185 0.210000
 186 0.210000
 187 0.210000
 188 0.220000
 189 0.210000
 190 0.220000
 191 0.220000
 192 0.220000
 193 0.220000
 194 0.200000
 195 0.220000
 196 0.220000
 197 0.220000
 198 0.200000
 199 0.220000
 200 0.220000
 201 0.200000
 202 0.220000
 203 0.220000
 204 0.220000
 205 0.200000
 206 0.200000
 207 0.230000
 208 0.230000
 209 0.230000
 210 0.200000
 211 0.200000
 212 0.230000
 213 0.230000
 214 0.230000
 215 0.230000
 216 0.230000
 217 0.200000
 218 0.200000
 219 0.220000
 220 0.250000
 221 0.210000
 222 0.210000
 223 0.230000
 224 0.230000
 225 0.210000
 226 0.230000
 227 0.230000
 228 0.220000
 229 0.220000
 230 0.220000
 231 0.220000
 232 0.220000
 233 0.220000
 234 0.220000
 235 0.220000
 236 0.220000
 237 0.220000
 238 0.220000
 239 0.220000
 240 0.240000
 241 0.210000
 242 0.220000
 243 0.210000
 244 0.230000
 245 0.220000
 246 0.230000
 247 0.240000
 248 0.220000
 249 0.240000
 250 0.240000
 251 0.220000
 252 0.220000
 253 0.250000
 254 0.220000
 255 0.220000
 256 0.260000
 257 0.260000
 258 0.260000
 259 0.260000
 260 0.260000
 261 0.230000
 262 0.250000
 263 0.220000
 264 0.240000
 265 0.220000
 266 0.240000
 267 0.230000
 268 0.260000
 269 0.260000
 270 0.230000
 271 0.260000
 272 0.230000
 273 0.230000
 274 0.260000
 275 0.270000
 276 0.270000
 277 0.280000
 278 0.290000
 279 0.320000
 280 0.380000
 281 0.550000
 282 0.800000
 283 0.830000
 284 0.830000
 285 0.840000
 286 0.860000
 287 0.840000
 288 0.860000
 289 0.860000
 290 0.860000
 291 0.850000
 292 0.880000
 293 0.860000
 294 0.860000
 295 0.860000
 296 0.890000
 297 0.890000
 298 0.890000
 299 0.880000
 300 0.900000
 301 0.900000
 302 0.920000
 303 0.910000
 304 0.910000
 305 0.910000
 306 0.910000
 307 0.930000
 308 0.930000
 309 0.930000
 310 0.930000
 311 0.960000
 312 0.960000
 313 0.960000
 314 0.960000
 315 0.960000
 316 0.980000
 317 1.010000
 318 2.690000
 319 2.700000
 320 2.720000
 321 2.750000
 322 2.750000
 323 2.770000
 324 2.770000
 325 2.790000
 326 2.800000
 327 2.840000
 328 2.850000
 329 2.850000
 330 2.870000
 331 2.900000
 332 2.900000
 333 2.920000
 334 2.940000
 335 2.960000
 336 2.990000
 337 2.990000
 338 3.010000
 339 3.030000
 340 3.040000
 341 3.060000
 342 3.090000
 343 3.110000
 344 3.130000
 345 3.160000
 346 3.210000
 347 3.210000
 348 3.240000
 349 3.290000
 350 3.290000
 351 3.310000
 352 3.360000
 353 3.360000
 354 3.430000
 355 3.440000
 356 3.500000
 357 3.550000
 358 3.590000
 359 3.590000
 360 3.580000
 361 3.600000
 362 3.620000
 363 3.670000
 364 3.900000
 365 3.920000
 366 3.930000
 367 3.920000
 368 3.930000
 369 3.950000
 370 3.910000
 371 3.910000
 372 3.880000
 373 3.910000
 374 3.810000
 375 3.830000
 376 3.930000
 377 3.890000
 378 3.810000
 379 3.780000
 380 3.810000
 381 3.910000
 382 3.760000
 383 3.860000
 384 3.270000
 385 3.330000
 386 3.360000
 387 3.270000
 388 3.680000
 389 3.450000
 390 3.350000
 391 3.360000
 392 3.480000
 393 3.460000
 394 3.170000
 395 3.210000
 396 3.230000
 397 3.320000
 398 3.610000
 399 3.710000
 400 3.740000
 401 2.740000
 402 2.700000
 403 2.700000
 404 2.730000
 405 2.700000
 406 2.700000
 407 2.670000
 408 2.720000
 409 2.720000
 410 2.710000
 411 2.710000
 412 2.680000
 413 2.660000
 414 2.680000
 415 2.680000
 416 2.680000
 417 2.680000
 418 2.650000
 419 2.660000
 420 2.680000
 421 2.680000
 422 2.620000
 423 2.610000
 424 2.610000
 425 2.610000
 426 2.610000
 427 2.610000
 428 2.600000
 429 2.610000
 430 2.590000
 431 2.580000
 432 2.620000
 433 2.630000
 434 2.610000
 435 2.620000
 436 2.610000
 437 2.610000
 438 2.600000
 439 2.600000
 440 2.610000
 441 2.610000
 442 2.580000
 443 2.580000
 444 2.580000
 445 2.580000
 446 2.580000
 447 2.580000
 448 2.580000
 449 2.580000
 450 2.570000
 451 2.580000
 452 2.570000
 453 2.570000
 454 2.520000
 455 2.560000
 456 2.570000
 457 2.540000
 458 2.570000
 459 2.570000
 460 2.550000
 461 2.500000
 462 2.520000
 463 2.520000
 464 2.520000
 465 2.530000
 466 2.500000
 467 2.500000
 468 2.500000
 469 2.500000
 470 2.500000
 471 2.490000
 472 2.510000
 473 2.610000
 474 3.050000
 475 2.660000
 476 2.580000
 477 3.210000
 478 3.100000
 479 3.160000
 480 3.200000
 481 3.200000
 482 3.190000
 483 3.210000
 484 3.220000
 485 3.230000
 486 3.240000
 487 3.230000
 488 3.250000
 489 3.240000
 490 3.270000
 491 3.330000
 492 3.470000
 493 3.440000
 494 3.430000
 495 3.460000
 496 3.360000
 497 3.470000
 498 3.470000
 499 3.440000
 500 3.500000
 501 3.490000
 502 3.490000
 503 3.480000
 504 3.490000
 505 3.490000
 506 3.490000
 507 3.450000
 508 3.490000
 509 3.510000
 510 3.540000
 511 3.540000
 512 3.540000
 513 3.610000
 514 3.560000
 515 3.560000
 516 3.510000
 517 3.510000
 518 3.610000
 519 3.500000
 520 3.440000
 521 3.330000
 522 3.320000
 523 3.430000
 524 3.430000
 525 3.410000
 526 3.330000
 527 3.420000
 528 3.420000
 529 3.450000
 530 3.330000
 531 3.310000
 532 3.450000
 533 3.410000
 534 3.430000
 535 3.380000
 536 3.380000
 537 3.330000
 538 3.380000
 539 3.370000
 540 3.350000
 541 3.480000
 542 3.450000
 543 3.480000
 544 3.400000
 545 3.370000
 546 3.510000
 547 3.460000
 548 3.460000
 549 3.460000
 550 3.430000
 551 3.420000
 552 3.460000
 553 3.410000
 554 4.680000
 555 4.700000
 556 4.590000
 557 4.700000
 558 4.370000
 559 4.080000
 560 4.700000
 561 4.700000
 562 4.700000
 563 4.730000
 564 4.730000
 565 4.730000
 566 4.730000
 567 4.730000
 568 4.730000
 569 4.750000
 570 4.750000
 571 4.730000
 572 4.750000
 573 4.750000
 574 4.780000
 575 4.780000
 576 4.780000
 577 4.770000
 578 4.780000
 579 4.750000
 580 4.720000
 581 4.800000
 582 4.800000
 583 4.460000
 584 4.170000
 585 4.820000
 586 4.820000
 587 4.820000
 588 4.560000
 589 4.570000
 590 4.600000
 591 4.650000
 592 4.850000
 593 4.850000
 594 4.870000
 595 4.900000
 596 4.870000
 597 4.870000
 598 4.900000
 599 4.000000
 600 3.970000
 601 4.000000
 602 3.980000
 603 4.060000
 604 4.950000
 605 4.920000
 606 4.970000
 607 4.970000
 608 4.970000
 609 5.000000
 610 4.970000
 611 5.000000
 612 5.000000
 613 5.020000
 614 5.020000
 615 5.030000
 616 5.050000
 617 5.050000
 618 5.080000
 619 4.450000
 620 4.360000
 621 4.330000
 622 4.300000
 623 4.310000
 624 4.330000
 625 4.340000
 626 4.350000
 627 4.350000
 628 4.360000
 629 4.360000
 630 4.960000
 631 4.760000
 632 4.640000
 633 4.560000
 634 4.480000
 635 4.500000
 636 4.490000
 637 4.490000
 638 4.490000
 639 4.500000
 640 4.510000
 641 4.600000
 642 4.580000
 643 4.610000
 644 4.620000
 645 4.060000
 646 4.050000
 647 4.070000
 648 4.080000
 649 4.080000
 650 4.100000
 651 4.140000
 652 3.760000
 653 3.950000
 654 3.990000
 655 4.130000
 656 3.800000
 657 3.900000
 658 3.810000
 659 3.820000
 660 3.900000
 661 3.670000
 662 3.660000
 663 3.700000
 664 3.700000
 665 3.690000
 666 3.670000
 667 3.750000
 668 3.760000
 669 3.800000
 670 3.780000
 671 3.710000
 672 3.630000
 673 3.740000
 674 3.770000
 675 3.760000
 676 3.740000
 677 3.740000
 678 3.710000
 679 3.710000
 680 3.690000
 681 3.710000
 682 3.690000
 683 3.660000
 684 3.660000
 685 3.660000
 686 3.640000
 687 3.640000
 688 3.640000
 689 3.610000
 690 3.610000
 691 3.610000
 692 3.590000
 693 3.560000
 694 3.560000
 695 3.540000
 696 3.560000
 697 3.540000
 698 3.520000
 699 3.510000
 700 3.510000
 701 3.510000
 702 3.490000
 703 3.490000
 704 3.500000
 705 3.500000
 706 3.460000
 707 3.460000
 708 3.440000
 709 3.450000
 710 3.420000
 711 3.450000
 712 3.050000
 713 3.030000
 714 3.030000
 715 3.050000
 716 3.060000
 717 3.100000
 718 4.360000
 719 4.330000
 720 4.330000
 721 4.310000
 722 3.720000
 723 3.670000
 724 3.610000
 725 3.620000
 726 3.610000
 727 4.260000
 728 4.240000
 729 4.240000
 730 4.230000
 731 4.210000
 732 3.680000
 733 3.580000
 734 3.560000
 735 3.580000
 736 3.580000
 737 3.610000
 738 3.590000
 739 3.810000
 740 4.060000
 741 4.110000
 742 4.110000
 743 4.110000
 744 4.110000
 745 4.110000
 746 4.080000
 747 4.090000
 748 4.080000
 749 4.060000
 750 4.040000
 751 4.060000
 752 4.040000
 753 2.940000
 754 2.950000
 755 2.930000
 756 2.900000
 757 2.980000
 758 3.020000
 759 3.600000
 760 3.520000
 0 2.270000
 1 2.250000
 2 2.270000
 3 2.250000
 4 1.820000
 5 1.800000
 6 1.810000
 7 2.300000
 8 2.260000
 9 2.330000
 10 2.270000
 11 2.280000
 12 2.250000
 13 2.250000
 14 2.200000
 15 2.180000
 16 2.200000
 17 2.150000
 18 2.180000
 19 2.110000
 20 2.180000
 21 2.200000
 22 2.050000
 23 2.050000
 24 2.100000
 25 0.870000
 26 0.850000
 27 0.830000
 28 0.840000
 29 0.840000
 30 0.840000
 31 0.840000
 32 0.810000
 33 0.840000
 34 0.840000
 35 0.810000
 36 0.830000
 37 0.840000
 38 0.840000
 39 0.860000
 40 0.930000
 41 2.800000
 42 2.790000
 43 2.790000
 44 2.790000
 45 2.790000
 46 2.790000
 47 2.760000
 48 2.760000
 49 1.220000
 50 1.240000
 51 1.220000
 52 1.210000
 53 1.280000
 54 2.760000
 55 2.780000
 56 2.750000
 57 0.050000
 58 0.410000
 59 0.370000
 60 0.380000
 61 0.440000
 62 0.410000
 63 0.370000
 64 0.350000
 65 0.350000
 66 0.380000
 67 0.360000
 68 0.360000
 69 0.340000
 70 0.360000
 71 0.360000
 72 0.330000
 73 0.360000
 74 0.330000
 75 0.360000
 76 0.350000
 77 0.350000
 78 0.350000
 79 0.340000
 80 0.340000
 81 0.310000
 82 0.310000
 83 0.340000
 84 0.340000
 85 0.340000
 86 0.310000
 87 0.340000
 88 0.310000
 89 0.310000
 90 0.310000
 91 0.340000
 92 0.310000
 93 0.340000
 94 0.310000
 95 0.310000
 96 0.310000
 97 0.310000
 98 0.320000
 99 0.310000
 100 0.310000
 101 0.310000
 102 0.290000
 103 0.290000
 104 0.320000
 105 0.320000
 106 0.310000
 107 0.300000
 108 0.300000
 109 0.300000
 110 0.300000
 111 0.320000
 112 0.300000
 113 0.320000
 114 0.300000
 115 0.300000
 116 0.300000
 117 0.300000
 118 0.300000
 119 0.300000
 120 0.300000
 121 0.300000
 122 0.300000
 123 0.300000
 124 0.300000
 125 0.300000
 126 0.300000
 127 0.300000
 128 0.300000
 129 0.300000
 130 0.300000
 131 0.300000
 132 0.300000
 133 0.300000
 134 0.300000
 135 0.300000
 136 0.290000
 137 0.310000
 138 0.310000
 139 0.280000
 140 0.310000
 141 0.270000
 142 0.310000
 143 0.290000
 144 0.270000
 145 0.270000
 146 0.290000
 147 0.300000
 148 0.290000
 149 0.290000
 150 0.290000
 151 0.290000
 152 0.270000
 153 0.290000
 154 0.290000
 155 0.290000
 156 0.320000
 157 0.290000
 158 0.290000
 159 0.320000
 160 0.290000
 161 0.310000
 162 0.260000
 163 0.280000
 164 0.290000
 165 0.290000
 166 0.280000
 167 0.280000
 168 0.290000
 169 0.260000
 170 0.270000
 171 0.240000
 172 0.220000
 173 0.210000
 174 0.210000
 175 0.240000
 176 0.240000
 177 0.240000
 178 0.210000
 179 0.210000
 180 0.210000
 181 0.210000
 182 0.210000
 183 0.210000
 184 0.240000
 185 0.240000
 186 0.210000
 187 0.240000
 188 0.210000
 189 0.210000
 190 0.220000
 191 0.220000
 192 0.220000
 193 0.220000
 194 0.220000
 195 0.200000
 196 0.220000
 197 0.220000
 198 0.200000
 199 0.220000
 200 0.220000
 201 0.220000
 202 0.220000
 203 0.220000
 204 0.220000
 205 0.220000
 206 0.230000
 207 0.230000
 208 0.230000
 209 0.200000
 210 0.230000
 211 0.200000
 212 0.220000
 213 0.230000
 214 0.200000
 215 0.230000
 216 0.220000
 217 0.220000
 218 0.220000
 219 0.220000
 220 0.220000
 221 0.210000
 222 0.240000
 223 0.230000
 224 0.210000
 225 0.230000
 226 0.230000
 227 0.220000
 228 0.220000
 229 0.220000
 230 0.220000
 231 0.250000
 232 0.220000
 233 0.220000
 234 0.220000
 235 0.220000
 236 0.240000
 237 0.220000
 238 0.250000
 239 0.240000
 240 0.220000
 241 0.210000
 242 0.220000
 243 0.210000
 244 0.230000
 245 0.210000
 246 0.230000
 247 0.240000
 248 0.240000
 249 0.240000
 250 0.240000
 251 0.240000
 252 0.220000
 253 0.250000
 254 0.220000
 255 0.220000
 256 0.220000
 257 0.230000
 258 0.230000
 259 0.260000
 260 0.230000
 261 0.220000
 262 0.250000
 263 0.220000
 264 0.220000
 265 0.240000
 266 0.240000
 267 0.230000
 268 0.260000
 269 0.230000
 270 0.260000
 271 0.230000
 272 0.230000
 273 0.230000
 274 0.260000
 275 0.270000
 276 0.250000
 277 0.260000
 278 0.300000
 279 0.350000
 280 0.400000
 281 0.550000
 282 0.830000
 283 0.830000
 284 0.850000
 285 0.830000
 286 0.840000
 287 0.860000
 288 0.860000
 289 0.860000
 290 0.860000
 291 0.850000
 292 0.850000
 293 0.860000
 294 0.860000
 295 0.880000
 296 0.890000
 297 0.890000
 298 0.890000
 299 0.900000
 300 0.900000
 301 0.900000
 302 0.890000
 303 0.910000
 304 0.900000
 305 0.880000
 306 0.900000
 307 0.900000
 308 0.900000
 309 0.930000
 310 0.950000
 311 0.950000
 312 0.980000
 313 0.980000
 314 0.950000
 315 0.980000
 316 0.980000
 317 0.980000
 318 2.670000
 319 2.700000
 320 2.700000
 321 2.750000
 322 2.740000
 323 2.770000
 324 2.770000
 325 2.800000
 326 2.800000
 327 2.810000
 328 2.820000
 329 2.850000
 330 2.870000
 331 2.900000
 332 2.900000
 333 2.920000
 334 2.950000
 335 2.940000
 336 2.960000
 337 2.990000
 338 3.040000
 339 3.060000
 340 3.060000
 341 3.080000
 342 3.110000
 343 3.110000
 344 3.130000
 345 3.160000
 346 3.210000
 347 3.210000
 348 3.260000
 349 3.260000
 350 3.290000
 351 3.310000
 352 3.330000
 353 3.380000
 354 3.410000
 355 3.460000
 356 3.520000
 357 3.530000
 358 3.610000
 359 3.590000
 360 3.600000
 361 3.600000
 362 3.590000
 363 3.700000
 364 3.920000
 365 3.920000
 366 3.920000
 367 3.950000
 368 3.930000
 369 3.920000
 370 3.920000
 371 3.880000
 372 3.880000
 373 3.920000
 374 3.830000
 375 3.850000
 376 3.910000
 377 3.890000
 378 3.800000
 379 3.800000
 380 3.780000
 381 3.890000
 382 3.780000
 383 3.880000
 384 3.240000
 385 3.330000
 386 3.360000
 387 3.270000
 388 3.700000
 389 3.470000
 390 3.350000
 391 3.400000
 392 3.480000
 393 3.450000
 394 3.230000
 395 3.210000
 396 3.230000
 397 3.400000
 398 3.630000
 399 3.710000
 400 3.740000
 401 2.760000
 402 2.710000
 403 2.690000
 404 2.710000
 405 2.700000
 406 2.700000
 407 2.690000
 408 2.720000
 409 2.700000
 410 2.680000
 411 2.710000
 412 2.710000
 413 2.680000
 414 2.680000
 415 2.680000
 416 2.670000
 417 2.660000
 418 2.650000
 419 2.680000
 420 2.660000
 421 2.680000
 422 2.650000
 423 2.610000
 424 2.610000
 425 2.610000
 426 2.610000
 427 2.590000
 428 2.590000
 429 2.590000
 430 2.610000
 431 2.600000
 432 2.620000
 433 2.610000
 434 2.630000
 435 2.620000
 436 2.630000
 437 2.610000
 438 2.600000
 439 2.590000
 440 2.610000
 441 2.610000
 442 2.610000
 443 2.580000
 444 2.580000
 445 2.580000
 446 2.580000
 447 2.580000
 448 2.580000
 449 2.550000
 450 2.570000
 451 2.580000
 452 2.600000
 453 2.570000
 454 2.550000
 455 2.570000
 456 2.570000
 457 2.570000
 458 2.570000
 459 2.570000
 460 2.550000
 461 2.500000
 462 2.520000
 463 2.520000
 464 2.490000
 465 2.500000
 466 2.500000
 467 2.520000
 468 2.500000
 469 2.500000
 470 2.490000
 471 2.490000
 472 2.510000
 473 2.630000
 474 3.050000
 475 2.660000
 476 2.580000
 477 3.180000
 478 3.100000
 479 3.160000
 480 3.200000
 481 3.190000
 482 3.220000
 483 3.230000
 484 3.200000
 485 3.220000
 486 3.230000
 487 3.230000
 488 3.250000
 489 3.270000
 490 3.270000
 491 3.330000
 492 3.470000
 493 3.450000
 494 3.460000
 495 3.460000
 496 3.350000
 497 3.470000
 498 3.470000
 499 3.440000
 500 3.500000
 501 3.490000
 502 3.490000
 503 3.480000
 504 3.490000
 505 3.450000
 506 3.490000
 507 3.450000
 508 3.510000
 509 3.510000
 510 3.510000
 511 3.510000
 512 3.510000
 513 3.610000
 514 3.560000
 515 3.540000
 516 3.490000
 517 3.510000
 518 3.590000
 519 3.500000
 520 3.440000
 521 3.330000
 522 3.350000
 523 3.410000
 524 3.410000
 525 3.410000
 526 3.300000
 527 3.420000
 528 3.420000
 529 3.430000
 530 3.450000
 531 3.460000
 532 3.450000
 533 3.420000
 534 3.430000
 535 3.380000
 536 3.380000
 537 3.330000
 538 3.350000
 539 3.340000
 540 3.380000
 541 3.480000
 542 3.450000
 543 3.480000
 544 3.370000
 545 3.390000
 546 3.500000
 547 3.460000
 548 3.440000
 549 3.460000
 550 3.440000
 551 3.420000
 552 3.490000
 553 3.360000
 554 4.700000
 555 4.700000
 556 4.580000
 557 4.700000
 558 4.370000
 559 4.100000
 560 4.700000
 561 4.700000
 562 4.700000
 563 4.730000
 564 4.730000
 565 4.730000
 566 4.730000
 567 4.730000
 568 4.750000
 569 4.730000
 570 4.750000
 571 4.750000
 572 4.750000
 573 4.750000
 574 4.750000
 575 4.780000
 576 4.750000
 577 4.770000
 578 4.780000
 579 4.750000
 580 4.720000
 581 4.800000
 582 4.800000
 583 4.490000
 584 4.170000
 585 4.830000
 586 4.800000
 587 4.820000
 588 4.590000
 589 4.570000
 590 4.600000
 591 4.650000
 592 4.870000
 593 4.850000
 594 4.870000
 595 4.870000
 596 4.870000
 597 4.870000
 598 4.870000
 599 4.000000
 600 4.000000
 601 4.000000
 602 4.010000
 603 4.030000
 604 4.950000
 605 4.950000
 606 4.950000
 607 4.970000
 608 4.970000
 609 4.990000
 610 4.970000
 611 5.020000
 612 5.000000
 613 5.020000
 614 5.020000
 615 5.030000
 616 5.030000
 617 5.050000
 618 5.050000
 619 4.450000
 620 4.330000
 621 4.300000
 622 4.330000
 623 4.310000
 624 4.330000
 625 4.340000
 626 4.350000
 627 4.330000
 628 4.360000
 629 4.360000
 630 5.000000
 631 4.770000
 632 4.640000
 633 4.570000
 634 4.480000
 635 4.470000
 636 4.490000
 637 4.500000
 638 4.520000
 639 4.520000
 640 4.510000
 641 4.600000
 642 4.550000
 643 4.610000
 644 4.620000
 645 4.060000
 646 4.050000
 647 4.050000
 648 4.080000
 649 4.090000
 650 4.100000
 651 4.130000
 652 3.760000
 653 3.950000
 654 4.010000
 655 4.130000
 656 3.770000
 657 3.950000
 658 3.810000
 659 3.800000
 660 3.900000
 661 3.700000
 662 3.670000
 663 3.680000
 664 3.710000
 665 3.710000
 666 3.690000
 667 3.750000
 668 3.740000
 669 3.770000
 670 3.780000
 671 3.700000
 672 3.630000
 673 3.750000
 674 3.770000
 675 3.740000
 676 3.740000
 677 3.710000
 678 3.710000
 679 3.710000
 680 3.690000
 681 3.690000
 682 3.660000
 683 3.660000
 684 3.660000
 685 3.660000
 686 3.640000
 687 3.640000
 688 3.610000
 689 3.590000
 690 3.610000
 691 3.610000
 692 3.590000
 693 3.590000
 694 3.560000
 695 3.560000
 696 3.560000
 697 3.540000
 698 3.510000
 699 3.510000
 700 3.510000
 701 3.510000
 702 3.490000
 703 3.490000
 704 3.460000
 705 3.460000
 706 3.470000
 707 3.460000
 708 3.460000
 709 3.470000
 710 3.440000
 711 3.420000
 712 3.050000
 713 3.030000
 714 3.000000
 715 3.070000
 716 3.060000
 717 3.100000
 718 4.360000
 719 4.360000
 720 4.330000
 721 4.330000
 722 3.720000
 723 3.670000
 724 3.610000
 725 3.600000
 726 3.610000
 727 4.260000
 728 4.240000
 729 4.230000
 730 4.240000
 731 4.210000
 732 3.700000
 733 3.590000
 734 3.560000
 735 3.580000
 736 3.560000
 737 3.580000
 738 3.590000
 739 3.650000
 740 4.110000
 741 4.140000
 742 4.140000
 743 4.110000
 744 4.110000
 745 4.080000
 746 4.110000
 747 4.080000
 748 4.060000
 749 4.060000
 750 4.060000
 751 4.060000
 752 4.040000
 753 2.970000
 754 2.950000
 755 2.900000
 756 2.930000
 757 2.980000
 758 2.990000
 759 3.620000
 760 3.520000