
 0 2.300000
 1 2.350000
 2 2.330000
 3 2.220000
 4 2.300000
 5 2.330000
 6 2.250000
 7 2.280000
 8 2.280000
 9 2.230000
 10 2.240000
 11 2.200000
 12 3.280000
 13 2.170000
 14 3.250000
 15 2.130000
 16 2.130000
 17 2.230000
 18 2.270000
 19 2.250000
 20 2.280000
 21 2.280000
 22 2.280000
 23 2.300000
 24 2.270000
 25 2.350000
 26 2.230000
 27 2.230000
 28 2.230000
 29 2.260000
 30 2.370000
 31 2.350000
 32 2.400000
 33 2.400000
 34 2.400000
 35 2.450000
 36 2.470000
 37 2.440000
 38 2.470000
 39 2.540000
 40 2.550000
 41 2.580000
 42 2.630000
 43 2.630000
 44 2.650000
 45 2.680000
 46 2.680000
 47 2.700000
 48 2.840000
 49 2.910000
 50 2.910000
 51 2.830000
 52 2.800000
 53 2.830000
 54 2.820000
 55 2.800000
 56 2.810000
 57 2.840000
 58 2.900000
 59 2.900000
 60 2.950000
 61 2.930000
 62 2.980000
 63 2.950000
 64 3.000000
 65 3.030000
 66 3.080000
 67 3.080000
 68 3.080000
 69 3.050000
 70 3.110000
 71 3.160000
 72 3.190000
 73 3.210000
 74 3.240000
 75 3.240000
 76 3.260000
 77 3.240000
 78 3.260000
 79 3.290000
 80 3.310000
 81 3.290000
 82 3.300000
 83 3.350000
 84 3.350000
 85 3.350000
 86 3.350000
 87 3.400000
 88 3.430000
 89 3.450000
 90 3.360000
 91 3.430000
 92 3.480000
 93 3.480000
 94 3.480000
 95 3.570000
 96 3.590000
 97 3.590000
 98 3.620000
 99 3.800000
 100 3.800000
 101 3.820000
 102 3.820000
 103 3.840000
 104 3.870000
 105 3.870000
 106 3.870000
 107 3.870000
 108 3.920000
 109 3.830000
 110 3.810000
 111 3.820000
 112 3.830000
 113 3.860000
 114 4.030000
 115 4.050000
 116 4.050000
 117 4.050000
 118 4.080000
 119 4.080000
 120 4.100000
 121 4.030000
 122 3.960000
 123 3.990000
 124 3.960000
 125 3.960000
 126 3.930000
 127 4.020000
 128 3.980000
 129 4.030000
 130 4.010000
 131 4.010000
 132 3.980000
 133 3.980000
 134 4.010000
 135 3.950000
 136 3.910000
 137 3.990000
 138 3.960000
 139 3.530000
 140 3.460000
 141 3.520000
 142 3.510000
 143 3.910000
 144 3.940000
 145 3.810000
 146 3.780000
 147 3.780000
 148 2.820000
 149 2.810000
 150 2.820000
 151 2.820000
 152 2.830000
 153 2.800000
 154 2.800000
 155 2.820000
 156 2.820000
 157 2.800000
 158 2.800000
 159 2.800000
 160 2.800000
 161 2.800000
 162 2.770000
 163 2.780000
 164 2.760000
 165 2.820000
 166 2.810000
 167 2.840000
 168 2.860000
 169 2.830000
 170 2.730000
 171 2.710000
 172 2.700000
 173 2.700000
 174 2.700000
 175 2.690000
 176 2.690000
 177 2.660000
 178 2.690000
 179 2.700000
 180 2.670000
 181 2.660000
 182 2.680000
 183 2.740000
 184 2.720000
 185 2.750000
 186 2.770000
 187 2.750000
 188 2.730000
 189 2.770000
 190 2.700000
 191 2.680000
 192 2.680000
 193 2.650000
 194 2.650000
 195 2.690000
 196 2.690000
 197 2.680000
 198 2.650000
 199 2.650000
 200 2.650000
 201 2.660000
 202 2.680000
 203 2.680000
 204 2.710000
 205 2.700000
 206 2.670000
 207 2.670000
 208 2.650000
 209 2.610000
 210 2.600000
 211 2.600000
 212 2.600000
 213 2.600000
 214 2.580000
 215 2.600000
 216 2.580000
 217 2.600000
 218 2.570000
 219 2.570000
 220 2.560000
 221 2.620000
 222 2.780000
 223 2.680000
 224 2.660000
 225 3.160000
 226 3.200000
 227 3.140000
 228 3.240000
 229 3.300000
 230 3.310000
 231 3.270000
 232 3.300000
 233 3.300000
 234 3.310000
 235 3.310000
 236 3.330000
 237 3.290000
 238 3.350000
 239 3.370000
 240 3.460000
 241 3.520000
 242 3.530000
 243 3.530000
 244 3.460000
 245 3.460000
 246 3.550000
 247 3.560000
 248 3.600000
 249 3.640000
 250 3.600000
 251 3.580000
 252 3.600000
 253 3.680000
 254 3.700000
 255 3.650000
 256 3.580000
 257 2.660000
 258 2.570000
 259 2.530000
 260 2.530000
 261 2.630000
 262 2.660000
 263 2.660000
 264 2.640000
 265 2.670000
 266 2.280000
 267 2.200000
 268 2.160000
 269 2.180000
 270 2.140000
 271 2.160000
 272 2.110000
 273 2.110000
 274 2.110000
 275 2.080000
 276 2.090000
 277 2.040000
 278 2.060000
 279 2.090000
 280 2.110000
 281 2.110000
 282 2.130000
 283 2.170000
 284 2.180000
 285 2.170000
 286 2.150000
 287 2.170000
 288 2.150000
 289 2.170000
 290 2.230000
 291 3.570000
 292 3.530000
 293 3.550000
 294 3.480000
 295 2.140000
 296 2.100000
 297 2.080000
 298 2.040000
 299 2.070000
 300 2.060000
 301 2.060000
 302 2.060000
 303 2.060000
 304 2.060000
 305 2.090000
 306 2.090000
 307 4.110000
 308 4.740000
 309 4.770000
 310 4.760000
 311 4.770000
 312 4.800000
 313 4.770000
 314 4.800000
 315 2.750000
 316 2.710000
 317 2.690000
 318 2.700000
 319 2.650000
 320 2.020000
 321 1.960000
 322 1.950000
 323 1.940000
 324 1.940000
 325 1.940000
 326 1.940000
 327 1.940000
 328 1.910000
 329 1.910000
 330 1.940000
 331 1.940000
 332 1.940000
 333 1.940000
 334 1.940000
 335 1.910000
 336 1.940000
 337 1.910000
 338 1.940000
 339 1.910000
 340 1.910000
 341 1.920000
 342 1.890000
 343 1.890000
 344 1.910000
 345 1.910000
 346 1.910000
 347 1.910000
 348 1.920000
 349 1.910000
 350 1.890000
 351 1.910000
 352 1.910000
 353 1.910000
 354 1.890000
 355 1.910000
 356 1.910000
 357 1.890000
 358 1.910000
 359 1.910000
 360 1.890000
 361 1.890000
 362 1.920000
 363 2.070000
 364 2.220000
 365 2.720000
 366 2.920000
 367 2.850000
 368 2.890000
 369 2.880000
 370 2.880000
 371 2.120000
 372 2.030000
 373 2.060000
 374 2.040000
 375 2.030000
 376 2.110000
 377 2.160000
 378 4.200000
 379 2.660000
 380 2.710000
 381 2.630000
 382 2.660000
 383 2.660000
 384 2.660000
 385 4.250000
 386 4.250000
 387 4.130000
 388 4.060000
 389 4.020000
 390 3.970000
 391 3.960000
 392 3.960000
 393 3.960000
 394 3.960000
 395 3.980000
 396 3.970000
 397 3.940000
 398 3.920000
 399 3.880000
 400 3.730000
 401 3.130000
 402 3.080000
 403 3.140000
 404 3.680000
 405 3.710000
 406 3.620000
 407 3.160000
 408 3.610000
 409 3.650000
 410 3.650000
 411 3.640000
 412 3.610000
 413 3.570000
 414 3.560000
 415 3.570000
 416 3.510000
 417 3.530000
 418 3.560000
 419 3.660000
 420 3.660000
 421 3.660000
 422 3.660000
 423 3.750000
 424 3.730000
 425 3.740000
 426 3.710000
 427 3.710000
 428 2.740000
 429 2.710000
 430 2.710000
 431 2.680000
 432 2.650000
 433 2.050000
 434 2.040000
 435 2.040000
 436 2.040000
 437 2.050000
 438 3.580000
 439 3.590000
 440 3.560000
 441 3.560000
 442 3.560000
 443 3.540000
 444 3.540000
 445 3.540000
 446 3.540000
 447 3.510000
 448 3.510000
 449 3.510000
 450 3.490000
 451 3.490000
 452 3.490000
 453 3.460000
 454 3.460000
 455 3.460000
 456 3.440000
 457 3.440000
 458 3.440000
 459 3.440000
 460 3.410000
 461 3.410000
 462 3.410000
 463 3.490000
 464 4.400000
 465 4.370000
 466 4.370000
 467 4.350000
 468 4.350000
 469 4.150000
 470 4.060000
 471 4.080000
 472 4.270000
 473 4.270000
 474 4.270000
 475 4.270000
 476 4.250000
 477 4.250000
 478 4.220000
 479 4.220000
 480 4.200000
 481 4.200000
 482 4.200000
 483 4.200000
 484 4.170000
 485 4.170000
 486 4.150000
 487 4.150000
 488 4.120000
 489 4.100000
 490 3.120000
 491 3.120000
 492 3.070000
 493 4.100000
 494 3.290000
 495 3.320000
 496 3.320000
 497 3.240000
 498 3.250000
 499 3.230000
 500 3.350000
 501 3.370000
 502 3.400000
 503 4.030000
 504 4.000000
 505 4.000000
 506 4.000000
 507 3.980000
 508 3.980000
 509 3.980000
 510 3.980000
 511 3.950000
 512 3.950000
 513 3.950000
 514 3.950000
 515 3.350000
 516 3.080000
 517 3.080000
 518 3.210000
 519 3.180000
 520 3.080000
 521 3.060000
 522 3.150000
 523 3.120000
 524 3.100000
 525 3.070000
 526 3.110000
 527 3.100000
 528 3.090000
 529 3.080000
 530 3.070000
 531 3.050000
 532 3.040000
 533 3.040000
 534 3.040000
 535 3.020000
 536 3.060000
 537 3.030000
 538 3.050000
 539 2.980000
 540 3.030000
 541 3.040000
 542 3.070000
 543 3.060000
 544 3.030000
 545 3.060000
 546 2.980000
 547 3.050000
 548 3.010000
 549 3.010000
 550 3.070000
 551 3.090000
 552 3.050000
 553 3.090000
 554 3.110000
 555 3.110000
 556 3.100000
 557 3.080000
 558 3.080000
 559 3.090000
 560 3.090000
 561 3.120000
 562 3.100000
 563 3.140000
 564 3.180000
 565 3.210000
 566 3.130000
 567 3.180000
 568 5.610000
 569 5.880000
 570 5.930000
 571 5.980000
 572 5.980000
 573 6.010000
 574 6.070000
 575 6.060000
 576 6.080000
 577 6.100000
 578 6.100000
 579 6.100000
 580 6.120000
 581 6.110000
 582 6.110000
 583 6.140000
 584 6.140000
 585 6.150000
 586 6.150000
 587 6.150000
 588 6.170000
 589 6.170000
 590 6.170000
 591 6.200000
 592 6.190000
 593 6.190000
 594 6.210000
 595 6.210000
 596 6.240000
 597 6.210000
 598 6.210000
 599 6.240000
 600 6.240000
 601 6.260000
 602 6.290000
 603 4.480000
 604 4.330000
 605 4.300000
 606 4.320000
 607 6.310000
 608 3.240000
 609 3.250000
 610 3.240000
 611 3.340000
 612 3.530000
 613 3.970000
 614 3.720000
 615 3.690000
 616 3.690000
 617 3.690000
 618 3.710000
 619 3.690000
 620 3.710000
 621 3.710000
 622 3.340000
 623 3.390000
 624 3.710000
 625 3.710000
 626 3.710000
 627 3.740000
 628 3.740000
 629 3.740000
 630 3.660000
 631 3.660000
 632 3.690000
 633 3.660000
 634 3.690000
 635 3.690000
 636 3.710000
 637 3.690000
 638 3.710000
 639 3.710000
 640 3.710000
 641 3.710000
 642 3.740000
 643 3.740000
 644 3.740000
 645 3.760000
 646 3.760000
 647 3.760000
 648 3.760000
 649 3.760000
 650 3.790000
 651 3.780000
 652 3.750000
 653 3.690000
 654 3.660000
 655 3.430000
 656 3.180000
 657 3.260000
 658 3.500000
 659 3.450000
 660 3.450000
 661 3.400000
 662 3.380000
 663 3.080000
 664 3.080000
 665 3.070000
 666 3.020000
 667 2.990000
 668 3.060000
 669 3.150000
 670 3.010000
 671 2.930000
 672 2.960000
 673 2.990000
 674 2.960000
 675 3.010000
 676 3.070000
 677 3.040000
 678 3.040000
 679 3.060000
 680 3.060000
 681 3.070000
 682 3.060000
 683 3.080000
 684 3.080000
 685 3.110000
 686 3.090000
 687 3.120000
 688 3.150000
 689 2.890000
 690 2.790000
 691 2.730000
 692 2.730000
 693 2.760000
 694 2.730000
 695 2.710000
 696 2.660000
 697 2.660000
 698 2.580000
 699 2.640000
 700 2.600000
 701 2.570000
 702 2.560000
 703 2.530000
 704 2.490000
 705 2.480000
 706 2.430000
 707 2.410000
 708 2.370000
 709 2.360000
 710 2.330000
 711 2.330000
 712 2.260000
 713 2.260000
 714 2.250000
 715 2.210000
 716 2.260000
 717 2.150000
 718 2.190000
 719 2.250000
 720 2.210000
 721 2.130000
 722 2.190000
 723 2.200000
 724 2.170000
 725 2.080000
 726 2.060000
 727 2.030000
 728 2.100000
 729 2.120000
 730 2.070000
 731 2.050000
 732 2.040000
 733 2.020000
 734 1.930000
 735 1.910000
 736 1.840000
 737 1.890000
 738 1.870000
 739 1.820000
 740 1.800000
 741 1.900000
 742 1.900000
 743 1.870000
 744 1.760000
 745 1.780000
 746 1.750000
 747 1.820000
 748 1.720000
 749 1.720000
 750 1.800000
 751 1.660000
 752 1.720000
 753 1.710000
 754 1.680000
 755 1.630000
 756 1.630000
 757 1.640000
 758 1.650000
 759 1.560000
 760 1.520000
 0 2.320000
 1 2.330000
 2 2.330000
 3 2.220000
 4 2.300000
 5 2.330000
 6 2.280000
 7 2.280000
 8 2.280000
 9 2.250000
 10 2.240000
 11 2.200000
 12 3.280000
 13 2.170000
 14 3.270000
 15 2.160000
 16 2.160000
 17 2.250000
 18 2.270000
 19 2.280000
 20 2.250000
 21 2.280000
 22 2.280000
 23 2.300000
 24 2.270000
 25 2.180000
 26 2.210000
 27 2.210000
 28 2.230000
 29 2.260000
 30 2.370000
 31 2.370000
 32 2.370000
 33 2.420000
 34 2.400000
 35 2.450000
 36 2.500000
 37 2.440000
 38 2.470000
 39 2.550000
 40 2.550000
 41 2.580000
 42 2.600000
 43 2.600000
 44 2.630000
 45 2.680000
 46 2.680000
 47 2.700000
 48 2.800000
 49 2.890000
 50 2.890000
 51 2.850000
 52 2.800000
 53 2.830000
 54 2.800000
 55 2.800000
 56 2.810000
 57 2.870000
 58 2.900000
 59 2.930000
 60 2.930000
 61 2.930000
 62 2.980000
 63 2.950000
 64 2.980000
 65 3.030000
 66 3.050000
 67 3.050000
 68 3.050000
 69 3.050000
 70 3.140000
 71 3.160000
 72 3.190000
 73 3.240000
 74 3.210000
 75 3.240000
 76 3.260000
 77 3.240000
 78 3.260000
 79 3.260000
 80 3.310000
 81 3.290000
 82 3.330000
 83 3.350000
 84 3.350000
 85 3.350000
 86 3.380000
 87 3.400000
 88 3.400000
 89 3.420000
 90 3.360000
 91 3.430000
 92 3.510000
 93 3.490000
 94 3.510000
 95 3.570000
 96 3.590000
 97 3.590000
 98 3.620000
 99 3.800000
 100 3.800000
 101 3.800000
 102 3.820000
 103 3.830000
 104 3.870000
 105 3.870000
 106 3.850000
 107 3.870000
 108 3.920000
 109 3.810000
 110 3.950000
 111 3.820000
 112 3.830000
 113 3.880000
 114 4.030000
 115 4.050000
 116 4.050000
 117 4.050000
 118 4.080000
 119 4.080000
 120 4.100000
 121 4.060000
 122 3.960000
 123 4.010000
 124 3.930000
 125 3.960000
 126 3.960000
 127 4.020000
 128 4.000000
 129 4.010000
 130 4.030000
 131 4.010000
 132 4.010000
 133 3.980000
 134 3.980000
 135 3.960000
 136 3.900000
 137 3.960000
 138 3.960000
 139 3.530000
 140 3.480000
 141 3.490000
 142 3.510000
 143 3.940000
 144 3.940000
 145 3.940000
 146 3.780000
 147 3.780000
 148 2.850000
 149 2.790000
 150 2.820000
 151 2.820000
 152 2.790000
 153 2.820000
 154 2.800000
 155 2.820000
 156 2.820000
 157 2.820000
 158 2.820000
 159 2.820000
 160 2.800000
 161 2.800000
 162 2.800000
 163 2.780000
 164 2.790000
 165 2.790000
 166 2.810000
 167 2.840000
 168 2.830000
 169 2.830000
 170 2.730000
 171 2.690000
 172 2.720000
 173 2.700000
 174 2.700000
 175 2.690000
 176 2.690000
 177 2.690000
 178 2.670000
 179 2.670000
 180 2.670000
 181 2.670000
 182 2.650000
 183 2.720000
 184 2.780000
 185 2.770000
 186 2.770000
 187 2.750000
 188 2.730000
 189 2.770000
 190 2.700000
 191 2.680000
 192 2.680000
 193 2.680000
 194 2.650000
 195 2.680000
 196 2.660000
 197 2.680000
 198 2.650000
 199 2.650000
 200 2.650000
 201 2.660000
 202 2.710000
 203 2.680000
 204 2.680000
 205 2.720000
 206 2.670000
 207 2.670000
 208 2.620000
 209 2.590000
 210 2.600000
 211 2.600000
 212 2.600000
 213 2.580000
 214 2.600000
 215 2.600000
 216 2.580000
 217 2.600000
 218 2.580000
 219 2.570000
 220 2.590000
 221 2.620000
 222 2.800000
 223 2.680000
 224 2.680000
 225 3.180000
 226 3.190000
 227 3.140000
 228 3.260000
 229 3.270000
 230 3.280000
 231 3.300000
 232 3.280000
 233 3.330000
 234 3.310000
 235 3.310000
 236 3.330000
 237 3.320000
 238 3.350000
 239 3.340000
 240 3.460000
 241 3.510000
 242 3.560000
 243 3.560000
 244 3.460000
 245 3.600000
 246 3.550000
 247 3.540000
 248 3.600000
 249 3.640000
 250 3.600000
 251 3.600000
 252 3.590000
 253 3.680000
 254 3.700000
 255 3.650000
 256 3.600000
 257 2.680000
 258 2.590000
 259 2.510000
 260 2.500000
 261 2.650000
 262 2.650000
 263 2.660000
 264 2.660000
 265 2.690000
 266 2.300000
 267 2.170000
 268 2.160000
 269 2.160000
 270 2.160000
 271 2.130000
 272 2.110000
 273 2.130000
 274 2.100000
 275 2.110000
 276 2.100000
 277 2.070000
 278 2.060000
 279 2.100000
 280 2.110000
 281 2.110000
 282 2.100000
 283 2.150000
 284 2.180000
 285 2.200000
 286 2.180000
 287 2.180000
 288 2.150000
 289 2.140000
 290 2.260000
 291 3.590000
 292 3.560000
 293 3.550000
 294 3.500000
 295 2.140000
 296 2.100000
 297 2.080000
 298 2.040000
 299 2.050000
 300 2.060000
 301 2.060000
 302 2.060000
 303 2.060000
 304 2.060000
 305 2.060000
 306 2.110000
 307 4.150000
 308 4.740000
 309 4.770000
 310 4.770000
 311 4.770000
 312 4.770000
 313 4.760000
 314 4.800000
 315 2.720000
 316 2.710000
 317 2.710000
 318 2.680000
 319 2.680000
 320 2.050000
 321 1.940000
 322 1.950000
 323 1.940000
 324 1.940000
 325 1.940000
 326 1.960000
 327 1.940000
 328 1.910000
 329 1.940000
 330 1.940000
 331 1.940000
 332 1.940000
 333 1.940000
 334 1.940000
 335 1.940000
 336 1.910000
 337 1.910000
 338 1.910000
 339 1.910000
 340 1.910000
 341 1.910000
 342 1.910000
 343 1.940000
 344 1.910000
 345 1.920000
 346 1.910000
 347 1.920000
 348 1.910000
 349 1.890000
 350 1.910000
 351 1.890000
 352 1.910000
 353 1.910000
 354 1.910000
 355 1.910000
 356 1.890000
 357 1.910000
 358 1.890000
 359 1.910000
 360 1.890000
 361 1.910000
 362 1.920000
 363 2.040000
 364 2.190000
 365 2.700000
 366 2.920000
 367 2.850000
 368 2.890000
 369 2.880000
 370 2.880000
 371 2.100000
 372 2.030000
 373 2.060000
 374 2.040000
 375 2.060000
 376 2.130000
 377 2.190000
 378 4.200000
 379 2.750000
 380 2.700000
 381 2.660000
 382 2.610000
 383 2.630000
 384 2.660000
 385 4.250000
 386 4.250000
 387 4.130000
 388 4.080000
 389 4.020000
 390 3.970000
 391 3.930000
 392 3.940000
 393 3.960000
 394 3.960000
 395 3.950000
 396 3.940000
 397 3.940000
 398 3.930000
 399 3.880000
 400 3.760000
 401 3.130000
 402 3.080000
 403 3.130000
 404 3.680000
 405 3.680000
 406 3.590000
 407 3.160000
 408 3.640000
 409 3.650000
 410 3.660000
 411 3.650000
 412 3.570000
 413 3.580000
 414 3.560000
 415 3.550000
 416 3.520000
 417 3.520000
 418 3.580000
 419 3.660000
 420 3.680000
 421 3.660000
 422 3.640000
 423 3.730000
 424 3.730000
 425 3.740000
 426 3.710000
 427 3.710000
 428 2.740000
 429 2.710000
 430 2.680000
 431 2.710000
 432 2.620000
 433 2.070000
 434 2.040000
 435 2.040000
 436 2.010000
 437 2.050000
 438 3.600000
 439 3.610000
 440 3.560000
 441 3.560000
 442 3.560000
 443 3.560000
 444 3.560000
 445 3.540000
 446 3.510000
 447 3.510000
 448 3.510000
 449 3.490000
 450 3.490000
 451 3.460000
 452 3.460000
 453 3.490000
 454 3.490000
 455 3.440000
 456 3.440000
 457 3.440000
 458 3.410000
 459 3.410000
 460 3.410000
 461 3.410000
 462 3.390000
 463 3.500000
 464 4.400000
 465 4.370000
 466 4.370000
 467 4.350000
 468 4.320000
 469 4.150000
 470 4.060000
 471 4.100000
 472 4.270000
 473 4.300000
 474 4.300000
 475 4.270000
 476 4.250000
 477 4.250000
 478 4.220000
 479 4.220000
 480 4.220000
 481 4.220000
 482 4.200000
 483 4.200000
 484 4.170000
 485 4.170000
 486 4.150000
 487 4.170000
 488 4.120000
 489 4.100000
 490 3.150000
 491 3.120000
 492 3.070000
 493 4.100000
 494 3.270000
 495 3.320000
 496 3.320000
 497 3.240000
 498 3.220000
 499 3.230000
 500 3.350000
 501 3.370000
 502 3.400000
 503 4.030000
 504 4.030000
 505 4.000000
 506 4.000000
 507 4.000000
 508 3.980000
 509 3.980000
 510 3.950000
 511 3.950000
 512 3.980000
 513 3.950000
 514 3.950000
 515 3.950000
 516 3.080000
 517 3.080000
 518 3.180000
 519 3.210000
 520 3.060000
 521 3.060000
 522 3.140000
 523 3.110000
 524 3.130000
 525 3.090000
 526 3.080000
 527 3.110000
 528 3.070000
 529 3.080000
 530 3.090000
 531 3.030000
 532 3.040000
 533 3.040000
 534 3.040000
 535 3.020000
 536 3.040000
 537 3.060000
 538 3.060000
 539 3.080000
 540 3.030000
 541 3.040000
 542 3.090000
 543 3.060000
 544 3.030000
 545 3.060000
 546 3.080000
 547 3.060000
 548 3.010000
 549 3.010000
 550 3.050000
 551 3.110000
 552 3.050000
 553 3.050000
 554 3.090000
 555 3.110000
 556 3.100000
 557 3.100000
 558 3.100000
 559 3.090000
 560 3.110000
 561 3.110000
 562 3.140000
 563 3.140000
 564 3.170000
 565 3.210000
 566 3.130000
 567 3.150000
 568 5.570000
 569 5.880000
 570 5.910000
 571 5.910000
 572 5.960000
 573 6.010000
 574 6.070000
 575 6.050000
 576 6.100000
 577 6.080000
 578 6.080000
 579 6.100000
 580 6.120000
 581 6.130000
 582 6.110000
 583 6.140000
 584 6.130000
 585 6.150000
 586 6.150000
 587 6.150000
 588 6.170000
 589 6.170000
 590 6.170000
 591 6.200000
 592 6.190000
 593 6.210000
 594 6.190000
 595 6.210000
 596 6.210000
 597 6.240000
 598 6.240000
 599 6.240000
 600 6.240000
 601 6.260000
 602 6.260000
 603 4.480000
 604 4.330000
 605 4.300000
 606 4.340000
 607 6.310000
 608 3.260000
 609 3.230000
 610 3.240000
 611 3.360000
 612 3.520000
 613 4.000000
 614 3.690000
 615 3.690000
 616 3.710000
 617 3.690000
 618 3.690000
 619 3.690000
 620 3.710000
 621 3.710000
 622 3.310000
 623 3.390000
 624 3.710000
 625 3.710000
 626 3.710000
 627 3.710000
 628 3.710000
 629 3.740000
 630 3.690000
 631 3.690000
 632 3.690000
 633 3.690000
 634 3.690000
 635 3.690000
 636 3.690000
 637 3.710000
 638 3.710000
 639 3.710000
 640 3.710000
 641 3.740000
 642 3.710000
 643 3.710000
 644 3.760000
 645 3.760000
 646 3.740000
 647 3.760000
 648 3.760000
 649 3.760000
 650 3.790000
 651 3.780000
 652 3.750000
 653 3.700000
 654 3.660000
 655 3.440000
 656 3.160000
 657 3.260000
 658 3.520000
 659 3.480000
 660 3.450000
 661 3.400000
 662 3.380000
 663 3.100000
 664 3.080000
 665 3.080000
 666 3.020000
 667 2.990000
 668 3.060000
 669 3.150000
 670 3.010000
 671 2.930000
 672 2.980000
 673 3.020000
 674 2.980000
 675 3.010000
 676 3.060000
 677 3.040000
 678 3.040000
 679 3.040000
 680 3.100000
 681 3.070000
 682 3.060000
 683 3.090000
 684 3.080000
 685 3.090000
 686 3.090000
 687 3.150000
 688 3.150000
 689 2.890000
 690 2.770000
 691 2.730000
 692 2.710000
 693 2.760000
 694 2.710000
 695 2.710000
 696 2.690000
 697 2.690000
 698 2.670000
 699 2.660000
 700 2.610000
 701 2.560000
 702 2.540000
 703 2.510000
 704 2.510000
 705 2.480000
 706 2.430000
 707 2.380000
 708 2.350000
 709 2.380000
 710 2.360000
 711 2.310000
 712 2.260000
 713 2.290000
 714 2.260000
 715 2.240000
 716 2.230000
 717 2.190000
 718 2.210000
 719 2.220000
 720 2.110000
 721 2.120000
 722 2.210000
 723 2.170000
 724 2.170000
 725 2.170000
 726 2.170000
 727 2.030000
 728 2.100000
 729 2.100000
 730 2.070000
 731 2.010000
 732 2.020000
 733 2.020000
 734 2.020000
 735 1.930000
 736 1.870000
 737 1.900000
 738 1.870000
 739 1.850000
 740 1.820000
 741 1.920000
 742 1.780000
 743 1.900000
 744 1.760000
 745 1.780000
 746 1.750000
 747 1.820000
 748 1.740000
 749 1.700000
 750 1.800000
 751 1.780000
 752 1.700000
 753 1.710000
 754 1.660000
 755 1.660000
 756 1.640000
 757 1.640000
 758 1.650000
 759 1.530000
 760 1.550000
 0 2.300000
 1 2.330000
 2 2.350000
 3 2.210000
 4 2.300000
 5 2.330000
 6 2.280000
 7 2.280000
 8 2.280000
 9 2.250000
 10 2.220000
 11 2.200000
 12 3.280000
 13 2.150000
 14 3.270000
 15 2.180000
 16 2.130000
 17 2.230000
 18 2.260000
 19 2.250000
 20 2.250000
 21 2.280000
 22 2.280000
 23 2.300000
 24 2.270000
 25 2.210000
 26 2.210000
 27 2.230000
 28 2.230000
 29 2.260000
 30 2.370000
 31 2.370000
 32 2.370000
 33 2.420000
 34 2.390000
 35 2.450000
 36 2.470000
 37 2.440000
 38 2.470000
 39 2.540000
 40 2.550000
 41 2.550000
 42 2.600000
 43 2.630000
 44 2.650000
 45 2.680000
 46 2.700000
 47 2.730000
 48 2.810000
 49 2.890000
 50 2.910000
 51 2.830000
 52 2.780000
 53 2.800000
 54 2.820000
 55 2.820000
 56 2.810000
 57 2.840000
 58 2.900000
 59 2.930000
 60 2.930000
 61 2.950000
 62 2.980000
 63 2.950000
 64 2.970000
 65 3.000000
 66 3.050000
 67 3.080000
 68 3.080000
 69 3.050000
 70 3.110000
 71 3.160000
 72 3.190000
 73 3.210000
 74 3.210000
 75 3.210000
 76 3.260000
 77 3.260000
 78 3.290000
 79 3.260000
 80 3.310000
 81 3.290000
 82 3.300000
 83 3.330000
 84 3.350000
 85 3.350000
 86 3.350000
 87 3.400000
 88 3.400000
 89 3.420000
 90 3.360000
 91 3.430000
 92 3.480000
 93 3.490000
 94 3.480000
 95 3.570000
 96 3.590000
 97 3.590000
 98 3.620000
 99 3.800000
 100 3.800000
 101 3.800000
 102 3.820000
 103 3.830000
 104 3.850000
 105 3.870000
 106 3.870000
 107 3.870000
 108 3.900000
 109 3.810000
 110 3.810000
 111 3.820000
 112 3.830000
 113 3.880000
 114 4.050000
 115 4.030000
 116 4.030000
 117 4.050000
 118 4.080000
 119 4.080000
 120 4.090000
 121 4.030000
 122 3.930000
 123 4.000000
 124 3.960000
 125 3.930000
 126 3.960000
 127 4.010000
 128 3.980000
 129 4.030000
 130 4.010000
 131 3.980000
 132 4.010000
 133 4.010000
 134 4.010000
 135 3.960000
 136 3.860000
 137 3.960000
 138 3.960000
 139 3.510000
 140 3.460000
 141 3.490000
 142 3.510000
 143 3.940000
 144 3.910000
 145 3.910000
 146 3.780000
 147 3.760000
 148 2.850000
 149 2.810000
 150 2.830000
 151 2.820000
 152 2.800000
 153 2.800000
 154 2.800000
 155 2.820000
 156 2.800000
 157 2.820000
 158 2.800000
 159 2.800000
 160 2.800000
 161 2.800000
 162 2.800000
 163 2.780000
 164 2.790000
 165 2.790000
 166 2.820000
 167 2.870000
 168 2.830000
 169 2.860000
 170 2.700000
 171 2.690000
 172 2.700000
 173 2.720000
 174 2.700000
 175 2.690000
 176 2.660000
 177 2.690000
 178 2.690000
 179 2.670000
 180 2.670000
 181 2.660000
 182 2.680000
 183 2.720000
 184 2.760000
 185 2.770000
 186 2.770000
 187 2.750000
 188 2.760000
 189 2.750000
 190 2.670000
 191 2.680000
 192 2.680000
 193 2.680000
 194 2.680000
 195 2.680000
 196 2.690000
 197 2.650000
 198 2.650000
 199 2.650000
 200 2.650000
 201 2.660000
 202 2.710000
 203 2.680000
 204 2.710000
 205 2.720000
 206 2.670000
 207 2.670000
 208 2.620000
 209 2.590000
 210 2.600000
 211 2.600000
 212 2.600000
 213 2.600000
 214 2.600000
 215 2.600000
 216 2.580000
 217 2.580000
 218 2.570000
 219 2.570000
 220 2.590000
 221 2.620000
 222 2.780000
 223 2.710000
 224 2.680000
 225 3.160000
 226 3.200000
 227 3.170000
 228 3.240000
 229 3.300000
 230 3.280000
 231 3.300000
 232 3.320000
 233 3.290000
 234 3.310000
 235 3.310000
 236 3.330000
 237 3.350000
 238 3.370000
 239 3.370000
 240 3.460000
 241 3.540000
 242 3.530000
 243 3.530000
 244 3.460000
 245 3.430000
 246 3.570000
 247 3.560000
 248 3.600000
 249 3.640000
 250 3.600000
 251 3.600000
 252 3.610000
 253 3.650000
 254 3.700000
 255 3.650000
 256 3.600000
 257 2.660000
 258 2.570000
 259 2.530000
 260 2.530000
 261 2.650000
 262 2.660000
 263 2.640000
 264 2.660000
 265 2.660000
 266 2.280000
 267 2.170000
 268 2.180000
 269 2.180000
 270 2.160000
 271 2.130000
 272 2.130000
 273 2.130000
 274 2.080000
 275 2.110000
 276 2.080000
 277 2.070000
 278 2.090000
 279 2.110000
 280 2.100000
 281 2.110000
 282 2.130000
 283 2.180000
 284 2.200000
 285 2.190000
 286 2.180000
 287 2.180000
 288 2.150000
 289 2.160000
 290 2.260000
 291 3.560000
 292 3.530000
 293 3.560000
 294 3.480000
 295 2.170000
 296 2.100000
 297 2.070000
 298 2.040000
 299 2.050000
 300 2.040000
 301 2.060000
 302 2.060000
 303 2.060000
 304 2.060000
 305 2.060000
 306 2.090000
 307 4.150000
 308 4.760000
 309 4.750000
 310 4.770000
 311 4.770000
 312 4.770000
 313 4.760000
 314 4.760000
 315 2.720000
 316 2.710000
 317 2.710000
 318 2.680000
 319 2.650000
 320 2.050000
 321 1.940000
 322 1.920000
 323 1.940000
 324 1.940000
 325 1.940000
 326 1.940000
 327 1.940000
 328 1.910000
 329 1.910000
 330 1.940000
 331 1.940000
 332 1.910000
 333 1.910000
 334 1.910000
 335 1.940000
 336 1.940000
 337 1.910000
 338 1.910000
 339 1.940000
 340 1.910000
 341 1.920000
 342 1.940000
 343 1.910000
 344 1.890000
 345 1.920000
 346 1.900000
 347 1.910000
 348 1.890000
 349 1.910000
 350 1.910000
 351 1.910000
 352 1.910000
 353 1.890000
 354 1.890000
 355 1.890000
 356 1.910000
 357 1.910000
 358 1.890000
 359 1.890000
 360 1.890000
 361 1.890000
 362 1.920000
 363 2.070000
 364 2.210000
 365 2.720000
 366 2.920000
 367 2.850000
 368 2.890000
 369 2.870000
 370 2.880000
 371 2.120000
 372 2.030000
 373 2.040000
 374 2.040000
 375 2.060000
 376 2.130000
 377 2.190000
 378 4.230000
 379 2.720000
 380 2.730000
 381 2.660000
 382 2.630000
 383 2.660000
 384 2.660000
 385 4.270000
 386 4.250000
 387 4.150000
 388 4.060000
 389 4.020000
 390 3.970000
 391 3.970000
 392 3.960000
 393 3.960000
 394 3.960000
 395 3.950000
 396 3.940000
 397 3.940000
 398 3.920000
 399 3.860000
 400 3.760000
 401 3.120000
 402 3.080000
 403 3.120000
 404 3.680000
 405 3.680000
 406 3.590000
 407 3.170000
 408 3.660000
 409 3.650000
 410 3.650000
 411 3.660000
 412 3.550000
 413 3.590000
 414 3.580000
 415 3.540000
 416 3.500000
 417 3.540000
 418 3.560000
 419 3.630000
 420 3.660000
 421 3.660000
 422 3.680000
 423 3.740000
 424 3.750000
 425 3.740000
 426 3.710000
 427 3.710000
 428 2.710000
 429 2.690000
 430 2.710000
 431 2.710000
 432 2.620000
 433 2.070000
 434 2.040000
 435 2.040000
 436 2.040000
 437 2.050000
 438 3.600000
 439 3.590000
 440 3.560000
 441 3.590000
 442 3.560000
 443 3.560000
 444 3.540000
 445 3.510000
 446 3.540000
 447 3.490000
 448 3.490000
 449 3.510000
 450 3.490000
 451 3.490000
 452 3.460000
 453 3.460000
 454 3.460000
 455 3.460000
 456 3.440000
 457 3.440000
 458 3.410000
 459 3.410000
 460 3.410000
 461 3.410000
 462 3.410000
 463 3.490000
 464 4.400000
 465 4.400000
 466 4.370000
 467 4.350000
 468 4.350000
 469 4.150000
 470 4.050000
 471 4.080000
 472 4.270000
 473 4.300000
 474 4.270000
 475 4.250000
 476 4.270000
 477 4.250000
 478 4.250000
 479 4.230000
 480 4.200000
 481 4.200000
 482 4.200000
 483 4.170000
 484 4.170000
 485 4.170000
 486 4.170000
 487 4.150000
 488 4.120000
 489 4.120000
 490 3.120000
 491 3.120000
 492 3.080000
 493 4.100000
 494 3.270000
 495 3.320000
 496 3.320000
 497 3.220000
 498 3.220000
 499 3.260000
 500 3.370000
 501 3.370000
 502 3.370000
 503 4.030000
 504 4.030000
 505 4.030000
 506 3.980000
 507 3.980000
 508 3.980000
 509 4.000000
 510 3.980000
 511 3.950000
 512 3.980000
 513 3.950000
 514 3.930000
 515 3.370000
 516 3.080000
 517 3.110000
 518 3.210000
 519 3.180000
 520 3.060000
 521 3.060000
 522 3.150000
 523 3.130000
 524 3.110000
 525 3.100000
 526 3.080000
 527 3.080000
 528 3.070000
 529 3.080000
 530 3.070000
 531 3.040000
 532 3.040000
 533 3.040000
 534 3.040000
 535 3.040000
 536 3.040000
 537 3.060000
 538 3.060000
 539 3.080000
 540 3.030000
 541 3.070000
 542 3.070000
 543 3.060000
 544 3.030000
 545 3.060000
 546 3.080000
 547 3.050000
 548 3.010000
 549 3.010000
 550 3.070000
 551 3.110000
 552 3.050000
 553 3.090000
 554 3.090000
 555 3.100000
 556 3.100000
 557 3.080000
 558 3.100000
 559 3.090000
 560 3.110000
 561 3.120000
 562 3.130000
 563 3.140000
 564 3.150000
 565 3.180000
 566 3.160000
 567 3.210000
 568 5.550000
 569 5.820000
 570 5.910000
 571 5.930000
 572 5.980000
 573 5.980000
 574 6.080000
 575 6.090000
 576 6.080000
 577 6.100000
 578 6.080000
 579 6.120000
 580 6.100000
 581 6.110000
 582 6.110000
 583 6.110000
 584 6.110000
 585 6.150000
 586 6.150000
 587 6.150000
 588 6.150000
 589 6.170000
 590 6.170000
 591 6.170000
 592 6.200000
 593 6.190000
 594 6.190000
 595 6.210000
 596 6.210000
 597 6.240000
 598 6.240000
 599 6.240000
 600 6.260000
 601 6.240000
 602 6.260000
 603 4.510000
 604 4.320000
 605 4.300000
 606 4.340000
 607 6.310000
 608 3.260000
 609 3.230000
 610 3.240000
 611 3.360000
 612 3.540000
 613 3.970000
 614 3.700000
 615 3.690000
 616 3.690000
 617 3.690000
 618 3.690000
 619 3.690000
 620 3.710000
 621 3.690000
 622 3.310000
 623 3.390000
 624 3.710000
 625 3.710000
 626 3.740000
 627 3.710000
 628 3.710000
 629 3.740000
 630 3.660000
 631 3.660000
 632 3.660000
 633 3.690000
 634 3.690000
 635 3.710000
 636 3.690000
 637 3.710000
 638 3.710000
 639 3.690000
 640 3.710000
 641 3.740000
 642 3.740000
 643 3.740000
 644 3.740000
 645 3.760000
 646 3.760000
 647 3.760000
 648 3.760000
 649 3.790000
 650 3.760000
 651 3.800000
 652 3.750000
 653 3.670000
 654 3.660000
 655 3.430000
 656 3.160000
 657 3.260000
 658 3.520000
 659 3.480000
 660 3.450000
 661 3.390000
 662 3.380000
 663 3.080000
 664 3.080000
 665 3.080000
 666 3.020000
 667 3.000000
 668 3.060000
 669 3.150000
 670 3.010000
 671 2.930000
 672 2.980000
 673 2.990000
 674 2.960000
 675 3.010000
 676 3.060000
 677 3.040000
 678 3.040000
 679 3.040000
 680 3.060000
 681 3.100000
 682 3.090000
 683 3.090000
 684 3.110000
 685 3.090000
 686 3.090000
 687 3.150000
 688 3.170000
 689 2.880000
 690 2.760000
 691 2.690000
 692 2.730000
 693 2.760000
 694 2.710000
 695 2.710000
 696 2.710000
 697 2.690000
 698 2.620000
 699 2.640000
 700 2.620000
 701 2.560000
 702 2.510000
 703 2.530000
 704 2.490000
 705 2.460000
 706 2.430000
 707 2.400000
 708 2.350000
 709 2.380000
 710 2.330000
 711 2.310000
 712 2.290000
 713 2.290000
 714 2.270000
 715 2.240000
 716 2.210000
 717 2.150000
 718 2.210000
 719 2.200000
 720 2.080000
 721 2.130000
 722 2.190000
 723 2.200000
 724 2.170000
 725 2.150000
 726 2.150000
 727 2.060000
 728 2.120000
 729 2.070000
 730 2.050000
 731 2.040000
 732 2.000000
 733 2.000000
 734 2.000000
 735 2.020000
 736 2.000000
 737 1.860000
 738 1.850000
 739 1.860000
 740 1.820000
 741 1.810000
 742 1.780000
 743 1.900000
 744 1.850000
 745 1.760000
 746 1.750000
 747 1.850000
 748 1.740000
 749 1.730000
 750 1.800000
 751 1.760000
 752 1.720000
 753 1.710000
 754 1.660000
 755 1.630000
 756 1.640000
 757 1.650000
 758 1.620000
 759 1.530000
 760 1.520000
 0 2.320000
 1 2.330000
 2 2.330000
 3 2.240000
 4 2.300000
 5 2.300000
 6 2.280000
 7 2.300000
 8 2.250000
 9 2.230000
 10 2.250000
 11 2.180000
 12 3.280000
 13 2.150000
 14 3.270000
 15 2.180000
 16 2.160000
 17 2.230000
 18 2.240000
 19 2.250000
 20 2.280000
 21 2.280000
 22 2.300000
 23 2.300000
 24 2.270000
 25 2.350000
 26 2.210000
 27 2.230000
 28 2.260000
 29 2.230000
 30 2.370000
 31 2.400000
 32 2.400000
 33 2.400000
 34 2.370000
 35 2.450000
 36 2.470000
 37 2.460000
 38 2.470000
 39 2.550000
 40 2.550000
 41 2.580000
 42 2.600000
 43 2.630000
 44 2.630000
 45 2.700000
 46 2.700000
 47 2.700000
 48 2.830000
 49 2.890000
 50 2.910000
 51 2.830000
 52 2.800000
 53 2.830000
 54 2.820000
 55 2.800000
 56 2.810000
 57 2.860000
 58 2.880000
 59 2.930000
 60 2.930000
 61 2.930000
 62 2.950000
 63 2.920000
 64 2.980000
 65 3.030000
 66 3.050000
 67 3.080000
 68 3.050000
 69 3.050000
 70 3.110000
 71 3.160000
 72 3.190000
 73 3.210000
 74 3.210000
 75 3.240000
 76 3.260000
 77 3.260000
 78 3.260000
 79 3.290000
 80 3.290000
 81 3.290000
 82 3.280000
 83 3.380000
 84 3.350000
 85 3.350000
 86 3.350000
 87 3.400000
 88 3.400000
 89 3.450000
 90 3.360000
 91 3.430000
 92 3.480000
 93 3.490000
 94 3.510000
 95 3.560000
 96 3.620000
 97 3.590000
 98 3.640000
 99 3.800000
 100 3.800000
 101 3.790000
 102 3.820000
 103 3.860000
 104 3.870000
 105 3.850000
 106 3.870000
 107 3.900000
 108 3.920000
 109 3.830000
 110 3.950000
 111 3.820000
 112 3.830000
 113 3.860000
 114 4.030000
 115 4.020000
 116 4.050000
 117 4.050000
 118 4.080000
 119 4.080000
 120 4.100000
 121 4.030000
 122 3.960000
 123 4.000000
 124 3.960000
 125 3.960000
 126 3.930000
 127 4.020000
 128 3.980000
 129 4.030000
 130 4.030000
 131 4.010000
 132 4.010000
 133 4.010000
 134 3.980000
 135 3.970000
 136 3.910000
 137 3.990000
 138 3.990000
 139 3.560000
 140 3.460000
 141 3.490000
 142 3.510000
 143 3.940000
 144 3.940000
 145 3.910000
 146 3.780000
 147 3.780000
 148 2.830000
 149 2.810000
 150 2.820000
 151 2.820000
 152 2.830000
 153 2.790000
 154 2.800000
 155 2.820000
 156 2.800000
 157 2.820000
 158 2.800000
 159 2.800000
 160 2.800000
 161 2.770000
 162 2.800000
 163 2.780000
 164 2.760000
 165 2.790000
 166 2.810000
 167 2.840000
 168 2.860000
 169 2.830000
 170 2.700000
 171 2.700000
 172 2.700000
 173 2.700000
 174 2.700000
 175 2.690000
 176 2.690000
 177 2.690000
 178 2.660000
 179 2.670000
 180 2.670000
 181 2.670000
 182 2.650000
 183 2.720000
 184 2.760000
 185 2.750000
 186 2.770000
 187 2.750000
 188 2.730000
 189 2.750000
 190 2.700000
 191 2.680000
 192 2.650000
 193 2.680000
 194 2.650000
 195 2.690000
 196 2.650000
 197 2.650000
 198 2.650000
 199 2.650000
 200 2.650000
 201 2.660000
 202 2.710000
 203 2.710000
 204 2.680000
 205 2.720000
 206 2.670000
 207 2.670000
 208 2.630000
 209 2.590000
 210 2.600000
 211 2.600000
 212 2.600000
 213 2.600000
 214 2.600000
 215 2.570000
 216 2.580000
 217 2.570000
 218 2.570000
 219 2.570000
 220 2.590000
 221 2.650000
 222 2.780000
 223 2.680000
 224 2.680000
 225 3.160000
 226 3.190000
 227 3.140000
 228 3.260000
 229 3.300000
 230 3.280000
 231 3.300000
 232 3.300000
 233 3.300000
 234 3.310000
 235 3.300000
 236 3.330000
 237 3.350000
 238 3.350000
 239 3.390000
 240 3.460000
 241 3.530000
 242 3.510000
 243 3.530000
 244 3.460000
 245 3.430000
 246 3.550000
 247 3.560000
 248 3.600000
 249 3.640000
 250 3.610000
 251 3.600000
 252 3.600000
 253 3.680000
 254 3.670000
 255 3.650000
 256 3.580000
 257 2.660000
 258 2.570000
 259 2.510000
 260 2.500000
 261 2.650000
 262 2.660000
 263 2.660000
 264 2.660000
 265 2.660000
 266 2.280000
 267 2.190000
 268 2.160000
 269 2.170000
 270 2.130000
 271 2.160000
 272 2.110000
 273 2.110000
 274 2.070000
 275 2.110000
 276 2.080000
 277 2.070000
 278 2.070000
 279 2.110000
 280 2.140000
 281 2.110000
 282 2.130000
 283 2.150000
 284 2.180000
 285 2.170000
 286 2.190000
 287 2.150000
 288 2.150000
 289 2.160000
 290 2.260000
 291 3.570000
 292 3.560000
 293 3.560000
 294 3.480000
 295 2.180000
 296 2.100000
 297 2.080000
 298 2.060000
 299 2.050000
 300 2.060000
 301 2.060000
 302 2.060000
 303 2.070000
 304 2.060000
 305 2.060000
 306 2.090000
 307 4.150000
 308 4.760000
 309 4.770000
 310 4.760000
 311 4.770000
 312 4.770000
 313 4.760000
 314 4.760000
 315 2.750000
 316 2.710000
 317 2.710000
 318 2.680000
 319 2.680000
 320 2.050000
 321 1.960000
 322 1.950000
 323 1.940000
 324 1.940000
 325 1.910000
 326 1.940000
 327 1.940000
 328 1.940000
 329 1.940000
 330 1.940000
 331 1.940000
 332 1.910000
 333 1.940000
 334 1.910000
 335 1.940000
 336 1.940000
 337 1.910000
 338 1.910000
 339 1.910000
 340 1.940000
 341 1.910000
 342 1.940000
 343 1.910000
 344 1.890000
 345 1.920000
 346 1.910000
 347 1.910000
 348 1.920000
 349 1.890000
 350 1.910000
 351 1.910000
 352 1.890000
 353 1.910000
 354 1.890000
 355 1.890000
 356 1.890000
 357 1.910000
 358 1.890000
 359 1.890000
 360 1.890000
 361 1.890000
 362 1.920000
 363 2.040000
 364 2.210000
 365 2.700000
 366 2.920000
 367 2.870000
 368 2.890000
 369 2.880000
 370 2.880000
 371 2.120000
 372 2.060000
 373 2.040000
 374 2.040000
 375 2.060000
 376 2.110000
 377 2.160000
 378 4.230000
 379 2.710000
 380 2.700000
 381 2.630000
 382 2.630000
 383 2.630000
 384 2.660000
 385 4.250000
 386 4.250000
 387 4.150000
 388 4.060000
 389 4.000000
 390 3.950000
 391 3.940000
 392 3.960000
 393 3.960000
 394 3.960000
 395 3.950000
 396 3.940000
 397 3.920000
 398 3.940000
 399 3.860000
 400 3.760000
 401 3.130000
 402 3.070000
 403 3.130000
 404 3.660000
 405 3.680000
 406 3.620000
 407 3.160000
 408 3.640000
 409 3.650000
 410 3.660000
 411 3.630000
 412 3.550000
 413 3.570000
 414 3.560000
 415 3.530000
 416 3.520000
 417 3.560000
 418 3.580000
 419 3.660000
 420 3.650000
 421 3.660000
 422 3.620000
 423 3.730000
 424 3.750000
 425 3.760000
 426 3.740000
 427 3.710000
 428 2.710000
 429 2.710000
 430 2.710000
 431 2.680000
 432 2.660000
 433 2.050000
 434 2.010000
 435 2.020000
 436 2.040000
 437 2.050000
 438 3.610000
 439 3.590000
 440 3.590000
 441 3.590000
 442 3.560000
 443 3.560000
 444 3.540000
 445 3.540000
 446 3.510000
 447 3.510000
 448 3.510000
 449 3.490000
 450 3.510000
 451 3.490000
 452 3.460000
 453 3.460000
 454 3.440000
 455 3.440000
 456 3.440000
 457 3.440000
 458 3.440000
 459 3.410000
 460 3.390000
 461 3.410000
 462 3.410000
 463 3.460000
 464 4.400000
 465 4.400000
 466 4.370000
 467 4.350000
 468 4.350000
 469 4.150000
 470 4.070000
 471 4.080000
 472 4.300000
 473 4.270000
 474 4.270000
 475 4.270000
 476 4.250000
 477 4.250000
 478 4.250000
 479 4.220000
 480 4.200000
 481 4.200000
 482 4.200000
 483 4.170000
 484 4.170000
 485 4.150000
 486 4.170000
 487 4.150000
 488 4.120000
 489 4.120000
 490 3.120000
 491 3.100000
 492 3.080000
 493 4.100000
 494 3.240000
 495 3.320000
 496 3.300000
 497 3.220000
 498 3.250000
 499 3.230000
 500 3.350000
 501 3.370000
 502 3.400000
 503 4.030000
 504 4.000000
 505 4.000000
 506 3.980000
 507 4.000000
 508 3.980000
 509 3.980000
 510 3.980000
 511 3.980000
 512 3.950000
 513 3.950000
 514 3.930000
 515 3.260000
 516 3.080000
 517 3.080000
 518 3.210000
 519 3.180000
 520 3.060000
 521 3.180000
 522 3.170000
 523 3.110000
 524 3.120000
 525 3.070000
 526 3.080000
 527 3.110000
 528 3.080000
 529 3.080000
 530 3.060000
 531 3.060000
 532 3.040000
 533 3.040000
 534 3.040000
 535 3.020000
 536 3.060000
 537 3.030000
 538 3.060000
 539 3.080000
 540 3.030000
 541 3.070000
 542 3.090000
 543 3.060000
 544 3.030000
 545 3.060000
 546 2.980000
 547 3.050000
 548 3.010000
 549 3.030000
 550 3.050000
 551 3.110000
 552 3.060000
 553 3.080000
 554 3.120000
 555 3.110000
 556 3.100000
 557 3.080000
 558 3.080000
 559 3.090000
 560 3.110000
 561 3.120000
 562 3.140000
 563 3.140000
 564 3.180000
 565 3.210000
 566 3.130000
 567 3.160000
 568 5.630000
 569 5.860000
 570 5.880000
 571 5.960000
 572 5.980000
 573 6.010000
 574 6.080000
 575 6.080000
 576 6.080000
 577 6.100000
 578 6.100000
 579 6.100000
 580 6.100000
 581 6.140000
 582 6.110000
 583 6.110000
 584 6.130000
 585 6.150000
 586 6.150000
 587 6.150000
 588 6.150000
 589 6.170000
 590 6.170000
 591 6.200000
 592 6.200000
 593 6.190000
 594 6.210000
 595 6.210000
 596 6.240000
 597 6.240000
 598 6.240000
 599 6.240000
 600 6.260000
 601 6.240000
 602 6.260000
 603 4.480000
 604 4.330000
 605 4.270000
 606 4.340000
 607 6.310000
 608 3.260000
 609 3.230000
 610 3.240000
 611 3.340000
 612 3.520000
 613 3.970000
 614 3.720000
 615 3.690000
 616 3.690000
 617 3.690000
 618 3.690000
 619 3.710000
 620 3.710000
 621 3.710000
 622 3.310000
 623 3.390000
 624 3.710000
 625 3.740000
 626 3.740000
 627 3.710000
 628 3.740000
 629 3.710000
 630 3.690000
 631 3.660000
 632 3.690000
 633 3.690000
 634 3.690000
 635 3.690000
 636 3.690000
 637 3.690000
 638 3.710000
 639 3.710000
 640 3.740000
 641 3.710000
 642 3.740000
 643 3.760000
 644 3.740000
 645 3.740000
 646 3.760000
 647 3.760000
 648 3.760000
 649 3.760000
 650 3.790000
 651 3.780000
 652 3.750000
 653 3.690000
 654 3.660000
 655 3.430000
 656 3.180000
 657 3.260000
 658 3.500000
 659 3.450000
 660 3.430000
 661 3.400000
 662 3.380000
 663 3.080000
 664 3.080000
 665 3.070000
 666 3.050000
 667 3.000000
 668 3.060000
 669 3.150000
 670 3.010000
 671 2.930000
 672 2.960000
 673 2.990000
 674 2.960000
 675 3.040000
 676 3.060000
 677 3.040000
 678 3.040000
 679 3.060000
 680 3.060000
 681 3.100000
 682 3.090000
 683 3.090000
 684 3.080000
 685 3.090000
 686 3.090000
 687 3.150000
 688 3.150000
 689 2.880000
 690 2.760000
 691 2.730000
 692 2.760000
 693 2.730000
 694 2.730000
 695 2.710000
 696 2.710000
 697 2.660000
 698 2.640000
 699 2.640000
 700 2.590000
 701 2.590000
 702 2.530000
 703 2.510000
 704 2.510000
 705 2.460000
 706 2.430000
 707 2.380000
 708 2.350000
 709 2.330000
 710 2.330000
 711 2.310000
 712 2.290000
 713 2.300000
 714 2.270000
 715 2.260000
 716 2.230000
 717 2.140000
 718 2.210000
 719 2.220000
 720 2.160000
 721 2.080000
 722 2.160000
 723 2.170000
 724 2.170000
 725 2.150000
 726 2.150000
 727 2.120000
 728 2.120000
 729 2.100000
 730 2.070000
 731 2.050000
 732 2.050000
 733 2.000000
 734 1.910000
 735 1.970000
 736 1.950000
 737 1.950000
 738 1.970000
 739 1.950000
 740 1.800000
 741 1.810000
 742 1.780000
 743 1.780000
 744 1.850000
 745 1.760000
 746 1.760000
 747 1.730000
 748 1.760000
 749 1.710000
 750 1.800000
 751 1.760000
 752 1.720000
 753 1.740000
 754 1.660000
 755 1.660000
 756 1.660000
 757 1.650000
 758 1.650000
 759 1.530000
 760 1.520000