
 0 2.750000
 1 2.750000
 2 2.730000
 3 2.730000
 4 2.700000
 5 2.730000
 6 2.700000
 7 2.650000
 8 2.650000
 9 2.670000
 10 2.660000
 11 2.660000
 12 2.660000
 13 2.700000
 14 2.670000
 15 2.700000
 16 2.670000
 17 2.680000
 18 2.680000
 19 2.650000
 20 2.640000
 21 2.590000
 22 2.600000
 23 2.600000
 24 2.600000
 25 2.740000
 26 3.020000
 27 2.610000
 28 2.640000
 29 2.610000
 30 2.610000
 31 2.620000
 32 2.630000
 33 2.630000
 34 2.630000
 35 2.600000
 36 2.630000
 37 2.600000
 38 2.600000
 39 2.600000
 40 2.590000
 41 2.590000
 42 2.560000
 43 2.590000
 44 2.700000
 45 2.520000
 46 2.550000
 47 2.530000
 48 2.550000
 49 2.540000
 50 2.560000
 51 2.560000
 52 2.590000
 53 2.550000
 54 2.550000
 55 2.550000
 56 2.550000
 57 2.560000
 58 2.550000
 59 2.530000
 60 2.510000
 61 2.530000
 62 2.500000
 63 2.490000
 64 2.550000
 65 2.530000
 66 2.530000
 67 2.520000
 68 2.490000
 69 2.520000
 70 2.630000
 71 3.050000
 72 3.080000
 73 3.080000
 74 3.230000
 75 3.230000
 76 3.220000
 77 3.240000
 78 3.220000
 79 3.240000
 80 3.290000
 81 3.310000
 82 3.510000
 83 3.460000
 84 3.380000
 85 3.410000
 86 3.410000
 87 3.380000
 88 3.480000
 89 3.360000
 90 3.540000
 91 3.550000
 92 3.470000
 93 3.490000
 94 3.530000
 95 3.500000
 96 3.500000
 97 3.450000
 98 3.470000
 99 3.500000
 100 3.500000
 101 3.450000
 102 3.450000
 103 3.480000
 104 3.480000
 105 3.450000
 106 3.420000
 107 3.440000
 108 3.440000
 109 3.460000
 110 3.440000
 111 3.430000
 112 3.380000
 113 3.340000
 114 3.310000
 115 3.330000
 116 3.310000
 117 3.360000
 118 3.320000
 119 3.450000
 120 3.450000
 121 3.450000
 122 3.320000
 123 3.350000
 124 3.380000
 125 3.470000
 126 3.470000
 127 3.360000
 128 3.360000
 129 3.480000
 130 3.480000
 131 3.480000
 132 3.480000
 133 3.360000
 134 3.380000
 135 3.500000
 136 3.360000
 137 3.330000
 138 3.380000
 139 3.480000
 140 3.470000
 141 3.360000
 142 3.380000
 143 3.360000
 144 3.500000
 145 3.450000
 146 3.450000
 147 3.430000
 148 3.360000
 149 3.350000
 150 4.110000
 151 4.020000
 152 4.680000
 153 4.680000
 154 4.680000
 155 4.680000
 156 4.680000
 157 4.680000
 158 4.680000
 159 4.700000
 160 4.700000
 161 4.700000
 162 4.700000
 163 4.700000
 164 4.730000
 165 4.700000
 166 4.700000
 167 4.730000
 168 4.700000
 169 4.720000
 170 4.720000
 171 4.750000
 172 4.580000
 173 4.710000
 174 4.750000
 175 4.720000
 176 4.130000
 177 4.700000
 178 4.800000
 179 4.770000
 180 4.630000
 181 4.530000
 182 4.540000
 183 4.570000
 184 4.670000
 185 4.820000
 186 4.820000
 187 4.820000
 188 4.850000
 189 4.820000
 190 4.850000
 191 3.970000
 192 3.930000
 193 3.960000
 194 3.960000
 195 3.980000
 196 4.890000
 197 4.890000
 198 4.890000
 199 4.910000
 200 4.910000
 201 4.910000
 202 4.910000
 203 4.950000
 204 4.950000
 205 4.950000
 206 4.970000
 207 4.970000
 208 5.000000
 209 4.980000
 210 5.000000
 211 5.000000
 212 4.430000
 213 4.360000
 214 4.260000
 215 4.260000
 216 4.260000
 217 4.260000
 218 4.280000
 219 4.280000
 220 4.320000
 221 4.320000
 222 4.300000
 223 5.120000
 224 5.100000
 225 4.630000
 226 4.540000
 227 4.460000
 228 4.420000
 229 4.420000
 230 4.430000
 231 4.430000
 232 4.430000
 233 4.450000
 234 4.490000
 235 4.540000
 236 4.530000
 237 4.570000
 238 4.040000
 239 3.980000
 240 4.000000
 241 4.000000
 242 4.030000
 243 4.030000
 244 4.030000
 245 3.680000
 246 3.720000
 247 4.070000
 248 4.110000
 249 3.710000
 250 3.950000
 251 3.760000
 252 4.330000
 253 4.340000
 254 3.610000
 255 3.610000
 256 3.610000
 257 3.620000
 258 3.550000
 259 3.660000
 260 3.660000
 261 3.670000
 262 3.710000
 263 3.710000
 264 3.710000
 265 3.810000
 266 3.570000
 267 3.670000
 268 3.690000
 269 3.680000
 270 0.940000
 271 0.950000
 272 0.920000
 273 0.920000
 274 0.930000
 275 0.930000
 276 0.950000
 277 0.930000
 278 0.930000
 279 0.930000
 280 0.950000
 281 0.940000
 282 0.920000
 283 0.920000
 284 0.910000
 285 0.890000
 286 0.910000
 287 0.910000
 288 0.910000
 289 0.910000
 290 0.910000
 291 0.940000
 292 0.950000
 293 0.920000
 294 0.920000
 295 0.950000
 296 0.920000
 297 0.920000
 298 0.920000
 299 0.920000
 300 0.920000
 301 0.910000
 302 0.990000
 303 1.500000
 304 1.470000
 305 1.470000
 306 1.500000
 307 3.370000
 308 4.350000
 309 4.320000
 310 4.300000
 311 4.300000
 312 4.300000
 313 4.300000
 314 4.270000
 315 4.250000
 316 4.250000
 317 3.950000
 318 3.990000
 319 3.980000
 320 4.050000
 321 4.200000
 322 4.180000
 323 4.180000
 324 4.150000
 325 4.180000
 326 4.150000
 327 4.130000
 328 4.130000
 329 4.100000
 330 4.100000
 331 4.100000
 332 4.100000
 333 4.080000
 334 4.070000
 335 4.070000
 336 4.070000
 337 4.030000
 338 4.030000
 339 4.050000
 340 4.020000
 341 4.030000
 342 4.000000
 343 4.000000
 344 4.000000
 345 3.970000
 346 3.970000
 347 3.950000
 348 3.980000
 349 3.950000
 350 3.950000
 351 3.930000
 352 3.950000
 353 3.930000
 354 3.930000
 355 3.930000
 356 3.900000
 357 3.900000
 358 3.900000
 359 3.160000
 360 3.080000
 361 3.070000
 362 3.130000
 363 3.140000
 364 2.960000
 365 3.150000
 366 3.030000
 367 3.150000
 368 3.100000
 369 3.100000
 370 2.980000
 371 3.010000
 372 3.030000
 373 3.010000
 374 3.000000
 375 3.110000
 376 2.970000
 377 2.980000
 378 3.000000
 379 1.630000
 380 1.640000
 381 1.650000
 382 1.620000
 383 1.650000
 384 1.610000
 385 1.610000
 386 1.610000
 387 1.600000
 388 1.610000
 389 1.600000
 390 1.600000
 391 1.600000
 392 1.560000
 393 1.560000
 394 1.580000
 395 1.580000
 396 1.590000
 397 2.900000
 398 2.920000
 399 3.000000
 400 2.870000
 401 2.910000
 402 2.910000
 403 2.870000
 404 2.930000
 405 2.910000
 406 2.950000
 407 2.950000
 408 2.970000
 409 2.980000
 410 2.950000
 411 3.000000
 412 2.960000
 413 1.120000
 414 1.110000
 415 1.130000
 416 1.140000
 417 1.120000
 418 1.120000
 419 1.100000
 420 1.100000
 421 1.110000
 422 1.100000
 423 1.100000
 424 1.070000
 425 1.070000
 426 1.080000
 427 1.090000
 428 1.100000
 429 1.090000
 430 1.070000
 431 1.070000
 432 1.060000
 433 1.090000
 434 1.060000
 435 1.040000
 436 1.060000
 437 1.080000
 438 1.070000
 439 1.060000
 440 6.110000
 441 6.130000
 442 6.110000
 443 6.140000
 444 6.170000
 445 6.160000
 446 6.160000
 447 6.160000
 448 6.160000
 449 6.190000
 450 6.210000
 451 6.190000
 452 6.210000
 453 4.490000
 454 4.330000
 455 4.230000
 456 4.240000
 457 4.230000
 458 6.210000
 459 4.400000
 460 3.210000
 461 3.190000
 462 3.190000
 463 3.290000
 464 3.580000
 465 3.710000
 466 3.630000
 467 3.610000
 468 3.640000
 469 3.660000
 470 3.640000
 471 3.640000
 472 3.640000
 473 3.640000
 474 3.250000
 475 3.660000
 476 3.690000
 477 3.660000
 478 3.660000
 479 3.690000
 480 3.690000
 481 3.660000
 482 3.610000
 483 3.640000
 484 3.640000
 485 3.610000
 486 3.640000
 487 3.640000
 488 3.640000
 489 3.640000
 490 3.640000
 491 3.690000
 492 3.690000
 493 3.690000
 494 3.690000
 495 3.710000
 496 3.690000
 497 3.710000
 498 3.710000
 499 3.710000
 500 3.710000
 501 3.710000
 502 3.740000
 503 3.710000
 504 3.670000
 505 3.660000
 506 3.610000
 507 3.580000
 508 3.200000
 509 3.150000
 510 3.260000
 511 3.430000
 512 3.400000
 513 3.390000
 514 3.350000
 515 3.330000
 516 3.050000
 517 3.050000
 518 3.020000
 519 3.050000
 520 3.050000
 521 2.990000
 522 2.960000
 523 2.950000
 524 2.890000
 525 2.890000
 526 2.950000
 527 2.930000
 528 2.930000
 529 2.920000
 530 2.940000
 531 2.920000
 532 2.920000
 533 2.980000
 534 2.980000
 535 3.020000
 536 3.040000
 537 3.020000
 538 3.030000
 539 3.140000
 540 3.060000
 541 2.830000
 542 2.760000
 543 2.720000
 544 2.670000
 545 2.670000
 546 2.670000
 547 2.610000
 548 2.570000
 549 2.530000
 550 2.530000
 551 2.480000
 552 2.470000
 553 2.420000
 554 2.380000
 555 2.310000
 556 2.320000
 557 2.280000
 558 2.240000
 559 2.220000
 560 2.190000
 561 2.190000
 562 2.180000
 563 2.180000
 564 2.160000
 565 2.120000
 566 2.080000
 567 2.090000
 568 2.090000
 569 2.080000
 570 2.090000
 571 2.060000
 572 2.050000
 573 2.040000
 574 2.020000
 575 2.030000
 576 2.040000
 577 2.040000
 578 2.020000
 579 2.020000
 580 1.990000
 581 1.990000
 582 1.960000
 583 1.980000
 584 2.030000
 585 2.000000
 586 2.020000
 587 2.000000
 588 2.000000
 589 2.000000
 590 1.980000
 591 1.970000
 592 1.970000
 593 1.910000
 594 1.910000
 595 1.890000
 596 1.760000
 597 1.780000
 598 1.730000
 599 1.810000
 600 1.800000
 601 1.820000
 602 1.800000
 603 1.770000
 604 1.750000
 605 1.770000
 606 1.750000
 607 1.720000
 608 1.720000
 609 1.720000
 610 1.640000
 611 1.610000
 612 1.620000
 613 1.510000
 614 1.590000
 615 1.560000
 616 1.470000
 617 1.530000
 618 1.530000
 619 1.420000
 620 1.430000
 621 1.410000
 622 1.420000
 623 1.430000
 624 1.450000
 625 1.480000
 626 1.380000
 627 1.490000
 628 1.450000
 629 1.460000
 630 1.320000
 631 1.450000
 632 1.460000
 633 1.440000
 634 1.410000
 635 1.430000
 636 1.390000
 637 1.340000
 638 1.410000
 639 1.450000
 640 1.390000
 641 1.440000
 642 1.420000
 643 1.390000
 644 1.400000
 645 1.310000
 646 1.410000
 647 1.410000
 648 2.170000
 649 1.460000
 650 1.450000
 651 1.800000
 652 1.330000
 653 1.440000
 654 1.320000
 655 1.360000
 656 1.310000
 657 1.390000
 658 1.320000
 659 2.370000
 660 1.310000
 661 1.390000
 662 1.330000
 663 1.400000
 664 1.280000
 665 1.310000
 666 1.330000
 667 1.280000
 668 1.250000
 669 1.270000
 670 1.320000
 671 1.270000
 672 2.550000
 673 6.530000
 674 2.810000
 675 2.790000
 676 6.660000
 677 6.720000
 678 6.770000
 679 6.160000
 680 6.850000
 681 6.830000
 682 6.830000
 683 6.800000
 684 5.500000
 685 6.770000
 686 6.720000
 687 6.720000
 688 6.710000
 689 6.710000
 690 6.310000
 691 6.230000
 692 6.250000
 693 5.980000
 694 6.300000
 695 6.330000
 696 6.310000
 697 6.330000
 698 6.390000
 699 0.890000
 700 0.880000
 701 0.870000
 702 0.880000
 703 0.870000
 704 0.870000
 705 0.880000
 706 0.860000
 707 0.890000
 708 0.900000
 709 0.890000
 710 0.900000
 711 0.900000
 712 0.900000
 713 0.920000
 714 0.920000
 715 0.910000
 716 0.910000
 717 0.940000
 718 0.910000
 719 0.940000
 720 0.940000
 721 0.940000
 722 0.970000
 723 0.960000
 724 0.990000
 725 0.990000
 726 1.010000
 727 1.000000
 728 1.020000
 729 0.990000
 730 1.020000
 731 1.020000
 732 1.040000
 733 1.040000
 734 1.070000
 735 1.070000
 736 1.070000
 737 1.070000
 738 1.060000
 739 1.080000
 740 1.080000
 741 1.060000
 742 1.010000
 743 1.070000
 744 1.090000
 745 1.140000
 746 1.140000
 747 1.150000
 748 1.160000
 749 1.190000
 750 1.220000
 751 1.190000
 752 1.210000
 753 1.210000
 754 1.210000
 755 1.240000
 756 1.260000
 757 1.260000
 758 1.290000
 759 1.290000
 760 1.290000
 0 2.750000
 1 2.750000
 2 2.730000
 3 2.700000
 4 2.700000
 5 2.700000
 6 2.700000
 7 2.650000
 8 2.650000
 9 2.670000
 10 2.640000
 11 2.660000
 12 2.660000
 13 2.700000
 14 2.690000
 15 2.680000
 16 2.670000
 17 2.680000
 18 2.680000
 19 2.670000
 20 2.660000
 21 2.590000
 22 2.600000
 23 2.590000
 24 2.600000
 25 2.740000
 26 3.040000
 27 2.640000
 28 2.640000
 29 2.610000
 30 2.610000
 31 2.620000
 32 2.630000
 33 2.600000
 34 2.630000
 35 2.620000
 36 2.630000
 37 2.600000
 38 2.600000
 39 2.600000
 40 2.600000
 41 2.560000
 42 2.560000
 43 2.590000
 44 2.700000
 45 2.540000
 46 2.530000
 47 2.550000
 48 2.520000
 49 2.560000
 50 2.560000
 51 2.570000
 52 2.550000
 53 2.580000
 54 2.550000
 55 2.580000
 56 2.580000
 57 2.560000
 58 2.570000
 59 2.530000
 60 2.510000
 61 2.500000
 62 2.500000
 63 2.510000
 64 2.550000
 65 2.530000
 66 2.530000
 67 2.520000
 68 2.480000
 69 2.530000
 70 2.630000
 71 3.050000
 72 3.050000
 73 3.090000
 74 3.190000
 75 3.230000
 76 3.220000
 77 3.240000
 78 3.250000
 79 3.270000
 80 3.290000
 81 3.260000
 82 3.510000
 83 3.480000
 84 3.380000
 85 3.400000
 86 3.520000
 87 3.400000
 88 3.480000
 89 3.380000
 90 3.540000
 91 3.520000
 92 3.490000
 93 3.490000
 94 3.500000
 95 3.490000
 96 3.490000
 97 3.470000
 98 3.490000
 99 3.500000
 100 3.500000
 101 3.470000
 102 3.470000
 103 3.480000
 104 3.500000
 105 3.450000
 106 3.440000
 107 3.410000
 108 3.410000
 109 3.440000
 110 3.440000
 111 3.430000
 112 3.380000
 113 3.290000
 114 3.280000
 115 3.300000
 116 3.330000
 117 3.330000
 118 3.350000
 119 3.300000
 120 3.450000
 121 3.450000
 122 3.320000
 123 3.320000
 124 3.320000
 125 3.470000
 126 3.500000
 127 3.350000
 128 3.350000
 129 3.480000
 130 3.500000
 131 3.480000
 132 3.500000
 133 3.350000
 134 3.380000
 135 3.500000
 136 3.350000
 137 3.350000
 138 3.380000
 139 3.470000
 140 3.470000
 141 3.380000
 142 3.350000
 143 3.350000
 144 3.500000
 145 3.500000
 146 3.440000
 147 3.430000
 148 3.330000
 149 3.320000
 150 4.070000
 151 4.020000
 152 4.680000
 153 4.680000
 154 4.680000
 155 4.700000
 156 4.680000
 157 4.700000
 158 4.680000
 159 4.680000
 160 4.700000
 161 4.700000
 162 4.700000
 163 4.700000
 164 4.730000
 165 4.730000
 166 4.730000
 167 4.700000
 168 4.720000
 169 4.750000
 170 4.720000
 171 4.720000
 172 4.580000
 173 4.710000
 174 4.750000
 175 4.720000
 176 4.130000
 177 4.750000
 178 4.770000
 179 4.800000
 180 4.630000
 181 4.530000
 182 4.560000
 183 4.540000
 184 4.670000
 185 4.820000
 186 4.820000
 187 4.820000
 188 4.820000
 189 4.850000
 190 4.820000
 191 3.950000
 192 3.950000
 193 3.960000
 194 3.960000
 195 3.970000
 196 4.890000
 197 4.880000
 198 4.890000
 199 4.890000
 200 4.910000
 201 4.910000
 202 4.910000
 203 4.950000
 204 4.920000
 205 4.950000
 206 4.950000
 207 4.980000
 208 4.980000
 209 4.980000
 210 4.980000
 211 5.000000
 212 4.370000
 213 4.350000
 214 4.260000
 215 4.280000
 216 4.260000
 217 4.290000
 218 4.260000
 219 4.280000
 220 4.290000
 221 4.290000
 222 4.290000
 223 5.100000
 224 5.070000
 225 4.620000
 226 4.530000
 227 4.460000
 228 4.420000
 229 4.420000
 230 4.430000
 231 4.460000
 232 4.460000
 233 4.450000
 234 4.520000
 235 4.530000
 236 4.530000
 237 4.570000
 238 4.030000
 239 3.980000
 240 4.000000
 241 4.020000
 242 4.020000
 243 4.030000
 244 4.020000
 245 3.680000
 246 3.720000
 247 4.080000
 248 4.130000
 249 3.710000
 250 3.970000
 251 3.770000
 252 4.330000
 253 4.340000
 254 3.630000
 255 3.630000
 256 3.610000
 257 3.620000
 258 3.550000
 259 3.680000
 260 3.660000
 261 3.680000
 262 3.710000
 263 3.720000
 264 3.730000
 265 3.840000
 266 3.570000
 267 3.670000
 268 3.690000
 269 3.650000
 270 1.000000
 271 0.950000
 272 0.920000
 273 0.920000
 274 0.930000
 275 0.950000
 276 0.920000
 277 0.930000
 278 0.930000
 279 0.930000
 280 0.930000
 281 0.940000
 282 0.920000
 283 0.900000
 284 0.910000
 285 0.890000
 286 0.890000
 287 0.880000
 288 0.910000
 289 0.910000
 290 0.910000
 291 0.920000
 292 0.920000
 293 0.920000
 294 0.920000
 295 0.920000
 296 0.930000
 297 0.920000
 298 0.920000
 299 0.920000
 300 0.910000
 301 0.900000
 302 0.990000
 303 1.480000
 304 1.470000
 305 1.470000
 306 1.500000
 307 3.350000
 308 4.350000
 309 4.320000
 310 4.320000
 311 4.300000
 312 4.300000
 313 4.300000
 314 4.270000
 315 4.250000
 316 4.250000
 317 3.980000
 318 3.980000
 319 3.950000
 320 4.050000
 321 4.200000
 322 4.200000
 323 4.170000
 324 4.150000
 325 4.150000
 326 4.150000
 327 4.150000
 328 4.130000
 329 4.100000
 330 4.100000
 331 4.100000
 332 4.070000
 333 4.100000
 334 4.070000
 335 4.070000
 336 4.050000
 337 4.030000
 338 4.030000
 339 4.020000
 340 4.020000
 341 4.020000
 342 4.000000
 343 4.000000
 344 3.970000
 345 3.980000
 346 3.970000
 347 3.970000
 348 3.950000
 349 3.980000
 350 3.950000
 351 3.950000
 352 3.950000
 353 3.930000
 354 3.930000
 355 3.930000
 356 3.930000
 357 3.900000
 358 3.900000
 359 3.160000
 360 3.080000
 361 3.090000
 362 3.130000
 363 3.140000
 364 2.960000
 365 3.150000
 366 3.150000
 367 3.150000
 368 3.120000
 369 3.100000
 370 3.000000
 371 2.980000
 372 3.000000
 373 3.000000
 374 3.000000
 375 3.010000
 376 2.970000
 377 2.980000
 378 2.970000
 379 1.700000
 380 1.640000
 381 1.640000
 382 1.650000
 383 1.650000
 384 1.610000
 385 1.630000
 386 1.610000
 387 1.600000
 388 1.610000
 389 1.600000
 390 1.600000
 391 1.600000
 392 1.600000
 393 1.560000
 394 1.560000
 395 1.580000
 396 1.590000
 397 1.630000
 398 2.950000
 399 2.970000
 400 2.840000
 401 2.880000
 402 2.900000
 403 2.870000
 404 2.930000
 405 2.930000
 406 2.930000
 407 2.960000
 408 2.980000
 409 2.950000
 410 2.970000
 411 3.000000
 412 2.960000
 413 1.120000
 414 1.080000
 415 1.110000
 416 1.110000
 417 1.120000
 418 1.120000
 419 1.100000
 420 1.110000
 421 1.110000
 422 1.110000
 423 1.070000
 424 1.070000
 425 1.070000
 426 1.080000
 427 1.090000
 428 1.090000
 429 1.100000
 430 1.070000
 431 1.100000
 432 1.090000
 433 1.090000
 434 1.060000
 435 1.060000
 436 1.060000
 437 1.060000
 438 1.050000
 439 1.080000
 440 6.110000
 441 6.130000
 442 6.140000
 443 6.140000
 444 6.160000
 445 6.160000
 446 6.160000
 447 6.200000
 448 6.190000
 449 6.190000
 450 6.190000
 451 6.190000
 452 6.210000
 453 4.520000
 454 4.350000
 455 4.230000
 456 4.230000
 457 4.230000
 458 6.230000
 459 4.420000
 460 3.180000
 461 3.190000
 462 3.180000
 463 3.280000
 464 3.590000
 465 3.710000
 466 3.630000
 467 3.640000
 468 3.610000
 469 3.640000
 470 3.640000
 471 3.660000
 472 3.660000
 473 3.640000
 474 3.250000
 475 3.660000
 476 3.660000
 477 3.660000
 478 3.660000
 479 3.690000
 480 3.690000
 481 3.660000
 482 3.640000
 483 3.610000
 484 3.640000
 485 3.640000
 486 3.640000
 487 3.640000
 488 3.640000
 489 3.660000
 490 3.660000
 491 3.660000
 492 3.660000
 493 3.690000
 494 3.690000
 495 3.710000
 496 3.690000
 497 3.690000
 498 3.710000
 499 3.740000
 500 3.740000
 501 3.740000
 502 3.740000
 503 3.710000
 504 3.690000
 505 3.660000
 506 3.640000
 507 3.560000
 508 3.200000
 509 3.150000
 510 3.240000
 511 3.450000
 512 3.430000
 513 3.410000
 514 3.340000
 515 3.300000
 516 3.050000
 517 3.050000
 518 3.020000
 519 3.050000
 520 3.020000
 521 2.990000
 522 2.960000
 523 2.950000
 524 2.910000
 525 2.890000
 526 2.950000
 527 2.960000
 528 2.920000
 529 2.920000
 530 2.920000
 531 2.940000
 532 2.940000
 533 2.940000
 534 2.980000
 535 3.020000
 536 3.040000
 537 3.020000
 538 3.080000
 539 3.140000
 540 3.060000
 541 2.860000
 542 2.760000
 543 2.720000
 544 2.680000
 545 2.670000
 546 2.670000
 547 2.580000
 548 2.570000
 549 2.530000
 550 2.520000
 551 2.470000
 552 2.470000
 553 2.420000
 554 2.390000
 555 2.330000
 556 2.320000
 557 2.280000
 558 2.240000
 559 2.220000
 560 2.180000
 561 2.170000
 562 2.180000
 563 2.180000
 564 2.160000
 565 2.130000
 566 2.080000
 567 2.090000
 568 2.070000
 569 2.080000
 570 2.060000
 571 2.040000
 572 2.060000
 573 2.060000
 574 2.040000
 575 2.060000
 576 2.040000
 577 2.040000
 578 2.020000
 579 2.020000
 580 1.980000
 581 2.010000
 582 1.970000
 583 1.990000
 584 2.030000
 585 2.030000
 586 2.040000
 587 2.000000
 588 2.000000
 589 2.000000
 590 1.980000
 591 1.950000
 592 1.970000
 593 1.910000
 594 1.910000
 595 1.890000
 596 1.750000
 597 1.750000
 598 1.890000
 599 1.810000
 600 1.790000
 601 1.820000
 602 1.800000
 603 1.750000
 604 1.770000
 605 1.750000
 606 1.750000
 607 1.720000
 608 1.720000
 609 1.700000
 610 1.640000
 611 1.640000
 612 1.620000
 613 1.480000
 614 1.590000
 615 1.560000
 616 1.470000
 617 1.530000
 618 1.530000
 619 1.420000
 620 1.430000
 621 1.430000
 622 1.420000
 623 1.400000
 624 1.440000
 625 1.510000
 626 1.380000
 627 1.500000
 628 1.450000
 629 1.460000
 630 1.350000
 631 1.450000
 632 1.440000
 633 1.440000
 634 1.380000
 635 1.410000
 636 1.350000
 637 1.370000
 638 1.440000
 639 1.420000
 640 1.390000
 641 1.410000
 642 1.450000
 643 1.390000
 644 1.410000
 645 1.330000
 646 1.440000
 647 1.410000
 648 2.200000
 649 1.460000
 650 1.420000
 651 1.800000
 652 1.330000
 653 1.440000
 654 1.300000
 655 1.390000
 656 1.330000
 657 1.410000
 658 1.290000
 659 2.350000
 660 1.330000
 661 1.390000
 662 1.330000
 663 1.380000
 664 1.280000
 665 1.280000
 666 1.320000
 667 1.270000
 668 1.250000
 669 1.260000
 670 1.320000
 671 1.240000
 672 2.570000
 673 6.550000
 674 2.800000
 675 2.790000
 676 6.660000
 677 6.720000
 678 6.770000
 679 6.210000
 680 6.850000
 681 6.860000
 682 6.830000
 683 6.810000
 684 5.470000
 685 6.750000
 686 6.750000
 687 6.750000
 688 6.700000
 689 6.700000
 690 6.310000
 691 6.250000
 692 6.260000
 693 5.980000
 694 6.330000
 695 6.300000
 696 6.300000
 697 6.350000
 698 6.400000
 699 0.920000
 700 0.880000
 701 0.850000
 702 0.880000
 703 0.860000
 704 0.870000
 705 0.870000
 706 0.880000
 707 0.890000
 708 0.900000
 709 0.890000
 710 0.910000
 711 0.920000
 712 0.900000
 713 0.900000
 714 0.950000
 715 0.940000
 716 0.920000
 717 0.950000
 718 0.940000
 719 0.950000
 720 0.940000
 721 0.960000
 722 0.960000
 723 0.990000
 724 0.970000
 725 0.990000
 726 0.990000
 727 0.990000
 728 0.990000
 729 1.010000
 730 1.020000
 731 1.040000
 732 1.040000
 733 1.040000
 734 1.050000
 735 1.070000
 736 1.070000
 737 1.070000
 738 1.060000
 739 1.080000
 740 1.080000
 741 1.040000
 742 1.010000
 743 1.070000
 744 1.120000
 745 1.110000
 746 1.170000
 747 1.170000
 748 1.170000
 749 1.160000
 750 1.200000
 751 1.190000
 752 1.190000
 753 1.210000
 754 1.210000
 755 1.260000
 756 1.260000
 757 1.260000
 758 1.290000
 759 1.290000
 760 1.280000
 0 2.750000
 1 2.730000
 2 2.720000
 3 2.700000
 4 2.730000
 5 2.700000
 6 2.680000
 7 2.680000
 8 2.680000
 9 2.670000
 10 2.660000
 11 2.660000
 12 2.690000
 13 2.680000
 14 2.670000
 15 2.670000
 16 2.670000
 17 2.680000
 18 2.650000
 19 2.680000
 20 2.640000
 21 2.610000
 22 2.630000
 23 2.590000
 24 2.600000
 25 2.760000
 26 3.020000
 27 2.640000
 28 2.610000
 29 2.610000
 30 2.610000
 31 2.630000
 32 2.630000
 33 2.600000
 34 2.630000
 35 2.620000
 36 2.630000
 37 2.600000
 38 2.600000
 39 2.580000
 40 2.590000
 41 2.590000
 42 2.560000
 43 2.590000
 44 2.700000
 45 2.540000
 46 2.530000
 47 2.530000
 48 2.540000
 49 2.540000
 50 2.540000
 51 2.570000
 52 2.580000
 53 2.550000
 54 2.550000
 55 2.580000
 56 2.580000
 57 2.580000
 58 2.520000
 59 2.530000
 60 2.510000
 61 2.500000
 62 2.500000
 63 2.490000
 64 2.550000
 65 2.530000
 66 2.530000
 67 2.520000
 68 2.510000
 69 2.510000
 70 2.660000
 71 3.050000
 72 3.070000
 73 3.070000
 74 3.230000
 75 3.230000
 76 3.220000
 77 3.230000
 78 3.250000
 79 3.270000
 80 3.260000
 81 3.310000
 82 3.510000
 83 3.470000
 84 3.350000
 85 3.380000
 86 3.510000
 87 3.400000
 88 3.480000
 89 3.380000
 90 3.560000
 91 3.540000
 92 3.490000
 93 3.460000
 94 3.530000
 95 3.520000
 96 3.490000
 97 3.470000
 98 3.470000
 99 3.500000
 100 3.530000
 101 3.470000
 102 3.470000
 103 3.480000
 104 3.500000
 105 3.480000
 106 3.440000
 107 3.440000
 108 3.440000
 109 3.460000
 110 3.410000
 111 3.400000
 112 3.410000
 113 3.320000
 114 3.300000
 115 3.330000
 116 3.300000
 117 3.330000
 118 3.290000
 119 3.450000
 120 3.450000
 121 3.450000
 122 3.320000
 123 3.350000
 124 3.350000
 125 3.450000
 126 3.470000
 127 3.330000
 128 3.380000
 129 3.500000
 130 3.500000
 131 3.480000
 132 3.500000
 133 3.350000
 134 3.380000
 135 3.520000
 136 3.500000
 137 3.350000
 138 3.350000
 139 3.480000
 140 3.470000
 141 3.350000
 142 3.380000
 143 3.350000
 144 3.500000
 145 3.470000
 146 3.440000
 147 3.430000
 148 3.330000
 149 3.340000
 150 4.100000
 151 4.020000
 152 4.680000
 153 4.700000
 154 4.680000
 155 4.680000
 156 4.700000
 157 4.680000
 158 4.700000
 159 4.700000
 160 4.700000
 161 4.700000
 162 4.700000
 163 4.700000
 164 4.730000
 165 4.730000
 166 4.730000
 167 4.730000
 168 4.730000
 169 4.720000
 170 4.750000
 171 4.720000
 172 4.600000
 173 4.710000
 174 4.750000
 175 4.750000
 176 4.100000
 177 4.710000
 178 4.800000
 179 4.770000
 180 4.630000
 181 4.530000
 182 4.540000
 183 4.570000
 184 4.670000
 185 4.820000
 186 4.820000
 187 4.820000
 188 4.850000
 189 4.850000
 190 4.850000
 191 3.970000
 192 3.930000
 193 3.930000
 194 3.960000
 195 3.970000
 196 4.890000
 197 4.890000
 198 4.890000
 199 4.910000
 200 4.910000
 201 4.910000
 202 4.910000
 203 4.950000
 204 4.950000
 205 4.950000
 206 4.970000
 207 4.980000
 208 4.980000
 209 4.980000
 210 4.980000
 211 5.030000
 212 4.370000
 213 4.380000
 214 4.260000
 215 4.260000
 216 4.260000
 217 4.260000
 218 4.290000
 219 4.310000
 220 4.290000
 221 4.290000
 222 4.310000
 223 5.120000
 224 5.070000
 225 4.620000
 226 4.540000
 227 4.430000
 228 4.420000
 229 4.420000
 230 4.430000
 231 4.430000
 232 4.430000
 233 4.450000
 234 4.490000
 235 4.530000
 236 4.530000
 237 4.570000
 238 4.030000
 239 4.000000
 240 3.990000
 241 4.030000
 242 4.020000
 243 4.000000
 244 4.050000
 245 3.680000
 246 3.690000
 247 4.080000
 248 4.100000
 249 3.710000
 250 3.970000
 251 3.770000
 252 4.330000
 253 4.340000
 254 3.600000
 255 3.600000
 256 3.620000
 257 3.620000
 258 3.530000
 259 3.680000
 260 3.690000
 261 3.690000
 262 3.700000
 263 3.720000
 264 3.730000
 265 3.810000
 266 3.570000
 267 3.670000
 268 3.690000
 269 3.650000
 270 0.930000
 271 0.950000
 272 0.920000
 273 0.920000
 274 0.930000
 275 0.930000
 276 0.920000
 277 0.950000
 278 0.950000
 279 0.930000
 280 0.950000
 281 0.940000
 282 0.920000
 283 0.920000
 284 0.910000
 285 0.880000
 286 0.890000
 287 0.910000
 288 0.910000
 289 0.910000
 290 0.930000
 291 0.940000
 292 0.920000
 293 0.920000
 294 0.920000
 295 0.920000
 296 0.920000
 297 0.920000
 298 0.900000
 299 0.920000
 300 0.910000
 301 0.930000
 302 1.010000
 303 1.470000
 304 1.470000
 305 1.470000
 306 1.550000
 307 3.350000
 308 4.350000
 309 4.320000
 310 4.300000
 311 4.320000
 312 4.300000
 313 4.270000
 314 4.250000
 315 4.270000
 316 4.250000
 317 3.980000
 318 3.960000
 319 3.950000
 320 4.050000
 321 4.200000
 322 4.200000
 323 4.180000
 324 4.180000
 325 4.180000
 326 4.150000
 327 4.150000
 328 4.130000
 329 4.130000
 330 4.100000
 331 4.070000
 332 4.100000
 333 4.080000
 334 4.100000
 335 4.070000
 336 4.050000
 337 4.030000
 338 4.030000
 339 4.020000
 340 4.020000
 341 4.000000
 342 4.020000
 343 4.000000
 344 4.000000
 345 4.000000
 346 3.970000
 347 3.980000
 348 3.980000
 349 3.950000
 350 3.950000
 351 3.950000
 352 3.930000
 353 3.930000
 354 3.930000
 355 3.900000
 356 3.900000
 357 3.900000
 358 3.900000
 359 3.160000
 360 3.110000
 361 3.090000
 362 3.130000
 363 3.140000
 364 2.960000
 365 3.120000
 366 3.000000
 367 3.150000
 368 3.120000
 369 3.100000
 370 3.000000
 371 2.980000
 372 3.000000
 373 3.030000
 374 2.990000
 375 3.040000
 376 2.970000
 377 2.980000
 378 3.000000
 379 1.670000
 380 1.640000
 381 1.640000
 382 1.650000
 383 1.620000
 384 1.620000
 385 1.600000
 386 1.580000
 387 1.600000
 388 1.610000
 389 1.620000
 390 1.600000
 391 1.600000
 392 1.590000
 393 1.560000
 394 1.560000
 395 1.560000
 396 1.600000
 397 1.630000
 398 2.920000
 399 3.000000
 400 2.870000
 401 2.870000
 402 2.900000
 403 2.870000
 404 2.950000
 405 2.900000
 406 2.950000
 407 2.950000
 408 2.950000
 409 2.950000
 410 2.980000
 411 2.980000
 412 1.120000
 413 1.120000
 414 1.110000
 415 1.130000
 416 1.100000
 417 1.120000
 418 1.120000
 419 1.120000
 420 1.110000
 421 1.110000
 422 1.070000
 423 1.100000
 424 1.070000
 425 1.070000
 426 1.080000
 427 1.090000
 428 1.100000
 429 1.070000
 430 1.070000
 431 1.100000
 432 1.090000
 433 1.090000
 434 1.060000
 435 1.060000
 436 1.060000
 437 1.080000
 438 1.080000
 439 1.050000
 440 6.130000
 441 6.130000
 442 6.140000
 443 6.140000
 444 6.150000
 445 6.140000
 446 6.160000
 447 6.160000
 448 6.190000
 449 6.190000
 450 6.190000
 451 6.190000
 452 6.210000
 453 4.490000
 454 4.350000
 455 4.230000
 456 4.220000
 457 4.250000
 458 6.210000
 459 4.420000
 460 3.210000
 461 3.200000
 462 3.190000
 463 3.280000
 464 3.580000
 465 3.710000
 466 3.630000
 467 3.640000
 468 3.640000
 469 3.640000
 470 3.640000
 471 3.640000
 472 3.660000
 473 3.660000
 474 3.250000
 475 3.660000
 476 3.660000
 477 3.660000
 478 3.690000
 479 3.660000
 480 3.690000
 481 3.690000
 482 3.610000
 483 3.640000
 484 3.610000
 485 3.610000
 486 3.640000
 487 3.640000
 488 3.660000
 489 3.640000
 490 3.660000
 491 3.660000
 492 3.660000
 493 3.690000
 494 3.690000
 495 3.690000
 496 3.690000
 497 3.710000
 498 3.710000
 499 3.740000
 500 3.710000
 501 3.740000
 502 3.760000
 503 3.730000
 504 3.700000
 505 3.660000
 506 3.610000
 507 3.580000
 508 3.200000
 509 3.150000
 510 3.260000
 511 3.450000
 512 3.400000
 513 3.390000
 514 3.340000
 515 3.330000
 516 3.050000
 517 3.020000
 518 3.020000
 519 3.070000
 520 3.020000
 521 2.990000
 522 2.960000
 523 2.950000
 524 2.920000
 525 2.880000
 526 2.950000
 527 2.930000
 528 2.930000
 529 2.920000
 530 2.920000
 531 2.920000
 532 2.940000
 533 2.950000
 534 2.980000
 535 2.990000
 536 3.010000
 537 3.020000
 538 3.030000
 539 3.150000
 540 3.060000
 541 2.830000
 542 2.780000
 543 2.720000
 544 2.680000
 545 2.670000
 546 2.640000
 547 2.580000
 548 2.570000
 549 2.530000
 550 2.520000
 551 2.480000
 552 2.460000
 553 2.420000
 554 2.400000
 555 2.330000
 556 2.290000
 557 2.300000
 558 2.240000
 559 2.220000
 560 2.210000
 561 2.170000
 562 2.180000
 563 2.170000
 564 2.130000
 565 2.120000
 566 2.100000
 567 2.070000
 568 2.090000
 569 2.050000
 570 2.060000
 571 2.070000
 572 2.050000
 573 2.030000
 574 2.040000
 575 2.060000
 576 2.040000
 577 2.020000
 578 2.020000
 579 2.000000
 580 1.980000
 581 2.010000
 582 1.990000
 583 1.990000
 584 2.030000
 585 2.050000
 586 2.040000
 587 2.000000
 588 1.970000
 589 2.000000
 590 1.980000
 591 1.970000
 592 1.940000
 593 1.930000
 594 1.890000
 595 1.890000
 596 1.890000
 597 1.720000
 598 1.750000
 599 1.810000
 600 1.790000
 601 1.820000
 602 1.800000
 603 1.750000
 604 1.770000
 605 1.770000
 606 1.750000
 607 1.750000
 608 1.700000
 609 1.700000
 610 1.660000
 611 1.640000
 612 1.610000
 613 1.500000
 614 1.590000
 615 1.530000
 616 1.470000
 617 1.530000
 618 1.520000
 619 1.450000
 620 1.450000
 621 1.400000
 622 1.420000
 623 1.430000
 624 1.450000
 625 1.510000
 626 1.380000
 627 1.460000
 628 1.450000
 629 1.490000
 630 1.380000
 631 1.450000
 632 1.470000
 633 1.440000
 634 1.410000
 635 1.430000
 636 1.380000
 637 1.370000
 638 1.440000
 639 1.420000
 640 1.390000
 641 1.440000
 642 1.450000
 643 1.390000
 644 1.410000
 645 1.300000
 646 1.410000
 647 1.410000
 648 2.200000
 649 1.460000
 650 1.450000
 651 1.800000
 652 1.300000
 653 1.300000
 654 1.290000
 655 1.360000
 656 1.330000
 657 1.410000
 658 1.320000
 659 2.350000
 660 1.300000
 661 1.410000
 662 1.330000
 663 1.370000
 664 1.280000
 665 1.280000
 666 1.310000
 667 1.270000
 668 1.270000
 669 1.270000
 670 1.320000
 671 1.210000
 672 2.550000
 673 6.550000
 674 2.800000
 675 2.790000
 676 6.640000
 677 6.690000
 678 6.770000
 679 6.240000
 680 6.850000
 681 6.820000
 682 6.830000
 683 6.810000
 684 5.510000
 685 6.780000
 686 6.750000
 687 6.720000
 688 6.720000
 689 6.680000
 690 6.330000
 691 6.230000
 692 6.240000
 693 5.980000
 694 6.300000
 695 6.310000
 696 6.300000
 697 6.350000
 698 6.430000
 699 0.890000
 700 0.880000
 701 0.870000
 702 0.890000
 703 0.870000
 704 0.870000
 705 0.850000
 706 0.880000
 707 0.870000
 708 0.900000
 709 0.900000
 710 0.900000
 711 0.900000
 712 0.910000
 713 0.920000
 714 0.920000
 715 0.910000
 716 0.920000
 717 0.940000
 718 0.950000
 719 0.970000
 720 0.940000
 721 0.940000
 722 0.960000
 723 0.960000
 724 0.960000
 725 0.960000
 726 0.990000
 727 0.990000
 728 0.990000
 729 1.010000
 730 1.020000
 731 1.040000
 732 1.040000
 733 1.050000
 734 1.050000
 735 1.070000
 736 1.070000
 737 1.090000
 738 1.090000
 739 1.080000
 740 1.080000
 741 1.030000
 742 1.010000
 743 1.080000
 744 1.120000
 745 1.110000
 746 1.170000
 747 1.170000
 748 1.160000
 749 1.170000
 750 1.200000
 751 1.190000
 752 1.210000
 753 1.210000
 754 1.240000
 755 1.260000
 756 1.260000
 757 1.260000
 758 1.290000
 759 1.290000
 760 1.310000
 0 2.750000
 1 2.750000
 2 2.730000
 3 2.730000
 4 2.700000
 5 2.730000
 6 2.700000
 7 2.650000
 8 2.680000
 9 2.650000
 10 2.640000
 11 2.660000
 12 2.660000
 13 2.700000
 14 2.670000
 15 2.680000
 16 2.670000
 17 2.680000
 18 2.650000
 19 2.650000
 20 2.640000
 21 2.590000
 22 2.600000
 23 2.600000
 24 2.630000
 25 2.740000
 26 3.020000
 27 2.640000
 28 2.640000
 29 2.590000
 30 2.640000
 31 2.620000
 32 2.600000
 33 2.630000
 34 2.630000
 35 2.600000
 36 2.630000
 37 2.600000
 38 2.600000
 39 2.600000
 40 2.590000
 41 2.590000
 42 2.590000
 43 2.590000
 44 2.700000
 45 2.550000
 46 2.550000
 47 2.530000
 48 2.550000
 49 2.540000
 50 2.560000
 51 2.550000
 52 2.580000
 53 2.580000
 54 2.580000
 55 2.580000
 56 2.580000
 57 2.560000
 58 2.550000
 59 2.520000
 60 2.490000
 61 2.530000
 62 2.500000
 63 2.510000
 64 2.520000
 65 2.530000
 66 2.520000
 67 2.520000
 68 2.510000
 69 2.510000
 70 2.630000
 71 3.080000
 72 3.080000
 73 3.080000
 74 3.230000
 75 3.240000
 76 3.230000
 77 3.230000
 78 3.280000
 79 3.270000
 80 3.290000
 81 3.290000
 82 3.510000
 83 3.480000
 84 3.360000
 85 3.380000
 86 3.360000
 87 3.380000
 88 3.480000
 89 3.380000
 90 3.560000
 91 3.520000
 92 3.500000
 93 3.490000
 94 3.530000
 95 3.500000
 96 3.500000
 97 3.470000
 98 3.500000
 99 3.500000
 100 3.500000
 101 3.470000
 102 3.470000
 103 3.480000
 104 3.500000
 105 3.480000
 106 3.440000
 107 3.410000
 108 3.440000
 109 3.440000
 110 3.410000
 111 3.430000
 112 3.410000
 113 3.290000
 114 3.330000
 115 3.330000
 116 3.310000
 117 3.330000
 118 3.320000
 119 3.450000
 120 3.450000
 121 3.450000
 122 3.350000
 123 3.320000
 124 3.320000
 125 3.450000
 126 3.450000
 127 3.330000
 128 3.380000
 129 3.480000
 130 3.480000
 131 3.500000
 132 3.480000
 133 3.380000
 134 3.360000
 135 3.500000
 136 3.360000
 137 3.360000
 138 3.380000
 139 3.470000
 140 3.470000
 141 3.360000
 142 3.380000
 143 3.380000
 144 3.470000
 145 3.460000
 146 3.440000
 147 3.460000
 148 3.360000
 149 3.350000
 150 4.050000
 151 4.020000
 152 4.680000
 153 4.680000
 154 4.700000
 155 4.680000
 156 4.680000
 157 4.700000
 158 4.680000
 159 4.700000
 160 4.680000
 161 4.700000
 162 4.700000
 163 4.700000
 164 4.700000
 165 4.730000
 166 4.730000
 167 4.730000
 168 4.730000
 169 4.720000
 170 4.750000
 171 4.720000
 172 4.600000
 173 4.720000
 174 4.750000
 175 4.720000
 176 4.100000
 177 4.720000
 178 4.770000
 179 4.770000
 180 4.660000
 181 4.530000
 182 4.560000
 183 4.550000
 184 4.670000
 185 4.820000
 186 4.820000
 187 4.800000
 188 4.820000
 189 4.820000
 190 4.850000
 191 3.950000
 192 3.930000
 193 3.930000
 194 3.960000
 195 3.970000
 196 4.890000
 197 4.890000
 198 4.890000
 199 4.890000
 200 4.910000
 201 4.910000
 202 4.920000
 203 4.950000
 204 4.950000
 205 4.950000
 206 4.970000
 207 4.950000
 208 4.980000
 209 4.980000
 210 4.980000
 211 4.980000
 212 4.410000
 213 4.260000
 214 4.260000
 215 4.260000
 216 4.260000
 217 4.290000
 218 4.260000
 219 4.280000
 220 4.290000
 221 4.300000
 222 4.320000
 223 5.120000
 224 5.090000
 225 4.630000
 226 4.580000
 227 4.460000
 228 4.420000
 229 4.420000
 230 4.430000
 231 4.430000
 232 4.430000
 233 4.450000
 234 4.510000
 235 4.530000
 236 4.540000
 237 4.570000
 238 4.000000
 239 3.960000
 240 3.990000
 241 4.000000
 242 4.000000
 243 4.030000
 244 4.050000
 245 3.680000
 246 3.720000
 247 4.070000
 248 4.110000
 249 3.710000
 250 4.000000
 251 3.780000
 252 4.360000
 253 4.380000
 254 3.630000
 255 3.610000
 256 3.600000
 257 3.620000
 258 3.550000
 259 3.660000
 260 3.690000
 261 3.680000
 262 3.710000
 263 3.690000
 264 3.710000
 265 3.810000
 266 3.570000
 267 3.670000
 268 3.660000
 269 3.680000
 270 0.980000
 271 0.950000
 272 0.940000
 273 0.930000
 274 0.930000
 275 0.930000
 276 0.920000
 277 0.930000
 278 0.950000
 279 0.930000
 280 0.930000
 281 0.950000
 282 0.920000
 283 0.900000
 284 0.890000
 285 0.890000
 286 0.880000
 287 0.880000
 288 0.880000
 289 0.910000
 290 0.910000
 291 0.910000
 292 0.920000
 293 0.920000
 294 0.920000
 295 0.920000
 296 0.900000
 297 0.920000
 298 0.920000
 299 0.920000
 300 0.890000
 301 0.910000
 302 0.990000
 303 1.470000
 304 1.470000
 305 1.470000
 306 1.530000
 307 3.370000
 308 4.320000
 309 4.300000
 310 4.320000
 311 4.300000
 312 4.300000
 313 4.300000
 314 4.270000
 315 4.270000
 316 4.250000
 317 3.980000
 318 3.980000
 319 3.980000
 320 4.070000
 321 4.200000
 322 4.180000
 323 4.180000
 324 4.180000
 325 4.150000
 326 4.150000
 327 4.150000
 328 4.130000
 329 4.130000
 330 4.100000
 331 4.100000
 332 4.100000
 333 4.100000
 334 4.070000
 335 4.070000
 336 4.050000
 337 4.030000
 338 4.000000
 339 4.020000
 340 4.020000
 341 4.020000
 342 4.030000
 343 4.000000
 344 3.970000
 345 3.970000
 346 3.970000
 347 3.970000
 348 3.980000
 349 3.950000
 350 3.930000
 351 3.950000
 352 3.930000
 353 3.930000
 354 3.900000
 355 3.900000
 356 3.900000
 357 3.900000
 358 3.900000
 359 3.160000
 360 3.080000
 361 3.090000
 362 3.160000
 363 3.140000
 364 2.960000
 365 3.150000
 366 3.030000
 367 3.150000
 368 3.100000
 369 3.100000
 370 2.980000
 371 2.980000
 372 3.030000
 373 2.980000
 374 3.020000
 375 2.980000
 376 2.970000
 377 2.960000
 378 2.940000
 379 1.610000
 380 1.640000
 381 1.650000
 382 1.650000
 383 1.650000
 384 1.620000
 385 1.620000
 386 1.610000
 387 1.600000
 388 1.610000
 389 1.600000
 390 1.600000
 391 1.600000
 392 1.600000
 393 1.560000
 394 1.560000
 395 1.580000
 396 1.570000
 397 2.900000
 398 2.920000
 399 3.000000
 400 2.870000
 401 2.910000
 402 2.910000
 403 2.900000
 404 2.930000
 405 2.910000
 406 2.950000
 407 2.980000
 408 2.950000
 409 2.980000
 410 2.950000
 411 2.990000
 412 1.110000
 413 1.120000
 414 1.080000
 415 1.110000
 416 1.120000
 417 1.120000
 418 1.120000
 419 1.120000
 420 1.120000
 421 1.110000
 422 1.100000
 423 1.070000
 424 1.070000
 425 1.070000
 426 1.080000
 427 1.090000
 428 1.100000
 429 1.100000
 430 1.100000
 431 1.100000
 432 1.090000
 433 1.060000
 434 1.060000
 435 1.040000
 436 1.060000
 437 1.060000
 438 1.080000
 439 1.080000
 440 6.130000
 441 6.110000
 442 6.140000
 443 6.140000
 444 6.150000
 445 6.170000
 446 6.160000
 447 6.170000
 448 6.160000
 449 6.190000
 450 6.210000
 451 6.190000
 452 6.210000
 453 4.490000
 454 4.360000
 455 4.230000
 456 4.240000
 457 4.260000
 458 6.230000
 459 4.420000
 460 3.190000
 461 3.170000
 462 3.190000
 463 3.250000
 464 3.580000
 465 3.710000
 466 3.630000
 467 3.640000
 468 3.640000
 469 3.640000
 470 3.660000
 471 3.640000
 472 3.640000
 473 3.640000
 474 3.250000
 475 3.650000
 476 3.660000
 477 3.660000
 478 3.660000
 479 3.660000
 480 3.690000
 481 3.690000
 482 3.610000
 483 3.640000
 484 3.610000
 485 3.610000
 486 3.640000
 487 3.640000
 488 3.660000
 489 3.660000
 490 3.660000
 491 3.690000
 492 3.690000
 493 3.660000
 494 3.690000
 495 3.690000
 496 3.710000
 497 3.690000
 498 3.710000
 499 3.710000
 500 3.710000
 501 3.740000
 502 3.740000
 503 3.710000
 504 3.700000
 505 3.660000
 506 3.610000
 507 3.580000
 508 3.200000
 509 3.160000
 510 3.260000
 511 3.430000
 512 3.430000
 513 3.400000
 514 3.350000
 515 3.300000
 516 3.030000
 517 3.050000
 518 3.020000
 519 3.050000
 520 3.050000
 521 2.990000
 522 2.990000
 523 2.950000
 524 2.910000
 525 2.890000
 526 2.950000
 527 2.930000
 528 2.930000
 529 2.920000
 530 2.920000
 531 2.920000
 532 2.920000
 533 2.950000
 534 2.980000
 535 3.020000
 536 3.040000
 537 3.020000
 538 3.060000
 539 3.110000
 540 3.060000
 541 2.830000
 542 2.780000
 543 2.720000
 544 2.670000
 545 2.670000
 546 2.640000
 547 2.610000
 548 2.580000
 549 2.540000
 550 2.530000
 551 2.500000
 552 2.470000
 553 2.430000
 554 2.370000
 555 2.360000
 556 2.310000
 557 2.270000
 558 2.240000
 559 2.220000
 560 2.190000
 561 2.170000
 562 2.180000
 563 2.180000
 564 2.130000
 565 2.120000
 566 2.090000
 567 2.090000
 568 2.090000
 569 2.090000
 570 2.060000
 571 2.070000
 572 2.040000
 573 2.050000
 574 2.040000
 575 2.060000
 576 2.040000
 577 2.040000
 578 2.040000
 579 2.010000
 580 1.990000
 581 1.980000
 582 1.990000
 583 1.990000
 584 2.030000
 585 2.030000
 586 2.010000
 587 2.000000
 588 1.970000
 589 2.000000
 590 1.980000
 591 1.970000
 592 1.920000
 593 1.930000
 594 1.890000
 595 1.890000
 596 1.860000
 597 1.760000
 598 1.760000
 599 1.810000
 600 1.810000
 601 1.800000
 602 1.800000
 603 1.770000
 604 1.770000
 605 1.770000
 606 1.720000
 607 1.750000
 608 1.670000
 609 1.660000
 610 1.660000
 611 1.610000
 612 1.620000
 613 1.510000
 614 1.600000
 615 1.560000
 616 1.470000
 617 1.460000
 618 1.530000
 619 1.420000
 620 1.410000
 621 1.510000
 622 1.410000
 623 1.410000
 624 1.440000
 625 1.480000
 626 1.360000
 627 1.460000
 628 1.450000
 629 1.460000
 630 1.320000
 631 1.440000
 632 1.440000
 633 1.440000
 634 1.410000
 635 1.430000
 636 1.380000
 637 1.340000
 638 1.410000
 639 1.410000
 640 1.390000
 641 1.410000
 642 1.450000
 643 1.390000
 644 1.420000
 645 1.450000
 646 1.410000
 647 1.440000
 648 2.200000
 649 1.460000
 650 1.450000
 651 1.800000
 652 1.330000
 653 1.310000
 654 1.320000
 655 1.360000
 656 1.310000
 657 1.390000
 658 1.290000
 659 2.350000
 660 1.330000
 661 1.390000
 662 1.330000
 663 1.380000
 664 1.280000
 665 1.280000
 666 1.360000
 667 1.270000
 668 1.280000
 669 1.270000
 670 1.320000
 671 1.240000
 672 2.550000
 673 6.530000
 674 2.780000
 675 2.790000
 676 6.660000
 677 6.690000
 678 6.740000
 679 6.240000
 680 6.850000
 681 6.830000
 682 6.820000
 683 6.810000
 684 5.480000
 685 6.760000
 686 6.750000
 687 6.750000
 688 6.700000
 689 6.700000
 690 6.330000
 691 6.260000
 692 6.250000
 693 6.010000
 694 6.290000
 695 6.310000
 696 6.280000
 697 6.310000
 698 6.380000
 699 0.920000
 700 0.880000
 701 0.910000
 702 0.900000
 703 0.870000
 704 0.880000
 705 0.880000
 706 0.880000
 707 0.870000
 708 0.860000
 709 0.900000
 710 0.900000
 711 0.890000
 712 0.900000
 713 0.920000
 714 0.920000
 715 0.920000
 716 0.910000
 717 0.940000
 718 0.950000
 719 0.950000
 720 0.940000
 721 0.960000
 722 0.960000
 723 0.970000
 724 0.970000
 725 0.990000
 726 0.990000
 727 0.990000
 728 1.020000
 729 1.010000
 730 1.040000
 731 1.040000
 732 1.050000
 733 1.040000
 734 1.040000
 735 1.050000
 736 1.040000
 737 1.060000
 738 1.090000
 739 1.080000
 740 1.060000
 741 1.060000
 742 1.040000
 743 1.070000
 744 1.120000
 745 1.140000
 746 1.140000
 747 1.140000
 748 1.190000
 749 1.200000
 750 1.190000
 751 1.210000
 752 1.210000
 753 1.210000
 754 1.210000
 755 1.240000
 756 1.260000
 757 1.260000
 758 1.290000
 759 1.290000
 760 1.290000