
 0 2.410000
 1 2.360000
 2 2.310000
 3 2.240000
 4 2.210000
 5 2.160000
 6 2.110000
 7 2.050000
 8 2.060000
 9 2.050000
 10 2.030000
 11 2.060000
 12 2.070000
 13 2.360000
 14 2.410000
 15 2.400000
 16 2.380000
 17 2.450000
 18 2.490000
 19 2.460000
 20 2.440000
 21 2.440000
 22 2.450000
 23 2.550000
 24 2.530000
 25 2.500000
 26 2.490000
 27 2.510000
 28 2.520000
 29 2.540000
 30 2.520000
 31 2.490000
 32 2.440000
 33 2.520000
 34 2.480000
 35 2.430000
 36 2.530000
 37 2.490000
 38 2.540000
 39 2.540000
 40 2.840000
 41 2.840000
 42 2.860000
 43 2.860000
 44 2.860000
 45 2.860000
 46 2.890000
 47 2.890000
 48 2.890000
 49 2.890000
 50 2.890000
 51 2.890000
 52 2.890000
 53 2.910000
 54 2.160000
 55 2.260000
 56 2.210000
 57 2.240000
 58 2.260000
 59 2.320000
 60 2.230000
 61 2.330000
 62 2.330000
 63 2.330000
 64 2.230000
 65 2.380000
 66 2.660000
 67 2.410000
 68 2.360000
 69 2.330000
 70 2.350000
 71 2.290000
 72 2.350000
 73 2.360000
 74 2.280000
 75 2.260000
 76 2.360000
 77 2.410000
 78 2.280000
 79 2.430000
 80 2.410000
 81 2.310000
 82 2.350000
 83 2.360000
 84 2.360000
 85 2.300000
 86 2.310000
 87 2.200000
 88 2.180000
 89 2.180000
 90 2.280000
 91 2.150000
 92 2.280000
 93 2.280000
 94 2.210000
 95 2.200000
 96 2.190000
 97 2.280000
 98 2.160000
 99 2.150000
 100 2.130000
 101 2.160000
 102 2.250000
 103 2.130000
 104 2.250000
 105 2.280000
 106 2.230000
 107 2.250000
 108 2.250000
 109 2.230000
 110 2.260000
 111 2.180000
 112 2.280000
 113 2.280000
 114 2.260000
 115 2.260000
 116 2.280000
 117 2.250000
 118 2.280000
 119 2.300000
 120 2.320000
 121 2.350000
 122 2.350000
 123 2.420000
 124 2.440000
 125 2.480000
 126 2.560000
 127 2.550000
 128 2.570000
 129 2.600000
 130 2.620000
 131 2.660000
 132 2.710000
 133 2.730000
 134 2.760000
 135 2.780000
 136 2.810000
 137 2.780000
 138 2.810000
 139 2.790000
 140 2.790000
 141 2.820000
 142 2.820000
 143 2.850000
 144 2.880000
 145 2.910000
 146 2.930000
 147 2.920000
 148 2.950000
 149 2.970000
 150 2.970000
 151 3.000000
 152 3.020000
 153 3.020000
 154 3.060000
 155 3.090000
 156 3.140000
 157 3.140000
 158 3.160000
 159 3.190000
 160 3.190000
 161 3.210000
 162 3.210000
 163 3.240000
 164 3.240000
 165 3.260000
 166 3.260000
 167 3.260000
 168 3.250000
 169 3.310000
 170 3.320000
 171 3.360000
 172 3.380000
 173 3.380000
 174 3.410000
 175 3.390000
 176 3.390000
 177 3.420000
 178 3.400000
 179 3.440000
 180 3.490000
 181 3.490000
 182 3.530000
 183 3.580000
 184 3.740000
 185 3.750000
 186 3.770000
 187 3.800000
 188 3.780000
 189 3.800000
 190 3.820000
 191 3.820000
 192 3.880000
 193 3.850000
 194 3.910000
 195 3.780000
 196 3.810000
 197 3.810000
 198 3.830000
 199 3.980000
 200 4.010000
 201 4.030000
 202 4.010000
 203 4.060000
 204 4.060000
 205 4.060000
 206 4.090000
 207 3.990000
 208 3.980000
 209 3.970000
 210 3.980000
 211 3.990000
 212 4.010000
 213 3.950000
 214 3.950000
 215 3.860000
 216 3.960000
 217 3.970000
 218 3.970000
 219 3.970000
 220 3.960000
 221 3.900000
 222 3.830000
 223 3.420000
 224 3.420000
 225 3.880000
 226 3.910000
 227 3.690000
 228 3.880000
 229 3.560000
 230 3.830000
 231 3.860000
 232 3.830000
 233 3.830000
 234 3.780000
 235 3.810000
 236 2.800000
 237 2.830000
 238 2.770000
 239 2.780000
 240 2.780000
 241 2.790000
 242 2.790000
 243 2.790000
 244 2.760000
 245 2.770000
 246 2.770000
 247 2.750000
 248 2.740000
 249 2.750000
 250 2.740000
 251 2.740000
 252 2.760000
 253 2.760000
 254 2.720000
 255 2.710000
 256 2.740000
 257 2.740000
 258 2.680000
 259 2.660000
 260 2.660000
 261 2.660000
 262 2.660000
 263 2.650000
 264 2.670000
 265 2.650000
 266 2.640000
 267 2.660000
 268 2.660000
 269 2.660000
 270 2.680000
 271 2.680000
 272 2.660000
 273 2.660000
 274 2.640000
 275 2.660000
 276 2.680000
 277 1.490000
 278 1.430000
 279 1.450000
 280 1.430000
 281 1.430000
 282 1.460000
 283 1.430000
 284 1.450000
 285 1.460000
 286 1.460000
 287 1.460000
 288 1.490000
 289 1.470000
 290 1.480000
 291 1.470000
 292 1.470000
 293 1.500000
 294 1.480000
 295 1.480000
 296 1.480000
 297 1.480000
 298 1.500000
 299 1.470000
 300 1.480000
 301 1.470000
 302 1.470000
 303 1.500000
 304 1.480000
 305 1.470000
 306 1.470000
 307 1.470000
 308 1.500000
 309 1.470000
 310 1.500000
 311 1.500000
 312 1.480000
 313 1.500000
 314 1.500000
 315 1.500000
 316 1.500000
 317 1.500000
 318 1.500000
 319 1.500000
 320 1.480000
 321 1.530000
 322 1.500000
 323 1.500000
 324 1.500000
 325 1.520000
 326 1.500000
 327 1.440000
 328 1.440000
 329 1.460000
 330 1.460000
 331 1.440000
 332 1.440000
 333 1.460000
 334 1.440000
 335 1.450000
 336 1.440000
 337 1.440000
 338 1.430000
 339 1.470000
 340 1.460000
 341 1.400000
 342 1.410000
 343 1.400000
 344 1.410000
 345 1.410000
 346 1.400000
 347 1.410000
 348 1.410000
 349 1.390000
 350 1.410000
 351 1.390000
 352 1.400000
 353 1.410000
 354 1.380000
 355 1.400000
 356 1.400000
 357 1.380000
 358 1.380000
 359 1.400000
 360 1.380000
 361 1.380000
 362 1.380000
 363 1.380000
 364 1.380000
 365 1.380000
 366 1.380000
 367 1.380000
 368 1.380000
 369 1.380000
 370 1.380000
 371 1.380000
 372 1.380000
 373 1.380000
 374 1.380000
 375 1.380000
 376 1.370000
 377 3.470000
 378 3.470000
 379 3.470000
 380 3.460000
 381 3.460000
 382 3.420000
 383 4.580000
 384 4.580000
 385 1.360000
 386 1.380000
 387 1.390000
 388 1.380000
 389 1.380000
 390 1.410000
 391 1.360000
 392 1.390000
 393 1.360000
 394 1.390000
 395 1.390000
 396 1.390000
 397 1.390000
 398 1.420000
 399 4.620000
 400 4.580000
 401 4.580000
 402 4.610000
 403 4.610000
 404 4.610000
 405 4.610000
 406 4.630000
 407 4.630000
 408 4.630000
 409 4.610000
 410 4.630000
 411 4.610000
 412 4.630000
 413 4.630000
 414 4.590000
 415 4.630000
 416 4.580000
 417 4.630000
 418 4.210000
 419 4.210000
 420 4.630000
 421 4.660000
 422 2.610000
 423 2.530000
 424 2.540000
 425 2.510000
 426 2.510000
 427 2.520000
 428 2.550000
 429 2.410000
 430 2.010000
 431 1.990000
 432 1.990000
 433 1.990000
 434 1.990000
 435 1.990000
 436 1.960000
 437 1.960000
 438 1.990000
 439 2.010000
 440 4.130000
 441 4.110000
 442 1.600000
 443 1.470000
 444 1.450000
 445 1.410000
 446 1.410000
 447 1.410000
 448 1.410000
 449 1.410000
 450 1.420000
 451 1.420000
 452 1.450000
 453 1.420000
 454 1.410000
 455 1.440000
 456 1.410000
 457 1.440000
 458 1.440000
 459 1.460000
 460 1.440000
 461 1.450000
 462 1.450000
 463 1.470000
 464 1.460000
 465 1.430000
 466 1.450000
 467 1.460000
 468 1.480000
 469 1.440000
 470 1.450000
 471 1.460000
 472 1.470000
 473 1.450000
 474 1.470000
 475 1.460000
 476 1.480000
 477 1.470000
 478 1.490000
 479 1.460000
 480 1.540000
 481 4.080000
 482 4.060000
 483 4.000000
 484 4.000000
 485 3.430000
 486 3.430000
 487 3.410000
 488 3.380000
 489 3.130000
 490 3.100000
 491 3.120000
 492 3.970000
 493 3.920000
 494 3.160000
 495 4.040000
 496 4.110000
 497 3.700000
 498 3.700000
 499 3.570000
 500 3.580000
 501 3.590000
 502 2.930000
 503 2.880000
 504 2.880000
 505 2.850000
 506 2.820000
 507 2.820000
 508 2.840000
 509 3.630000
 510 3.710000
 511 3.730000
 512 3.740000
 513 3.710000
 514 3.710000
 515 3.710000
 516 3.690000
 517 3.660000
 518 3.660000
 519 3.660000
 520 3.640000
 521 3.640000
 522 3.640000
 523 3.610000
 524 3.610000
 525 3.590000
 526 3.590000
 527 3.590000
 528 3.560000
 529 3.560000
 530 3.560000
 531 3.560000
 532 3.540000
 533 3.540000
 534 3.510000
 535 3.490000
 536 3.510000
 537 3.490000
 538 3.490000
 539 3.490000
 540 3.460000
 541 3.460000
 542 3.460000
 543 3.440000
 544 3.440000
 545 3.440000
 546 3.440000
 547 3.410000
 548 3.410000
 549 3.410000
 550 3.410000
 551 4.400000
 552 4.370000
 553 4.350000
 554 4.370000
 555 4.350000
 556 4.080000
 557 4.060000
 558 4.050000
 559 4.170000
 560 4.300000
 561 4.270000
 562 4.270000
 563 4.270000
 564 4.250000
 565 4.250000
 566 4.220000
 567 4.200000
 568 4.200000
 569 4.200000
 570 4.200000
 571 4.170000
 572 4.170000
 573 4.170000
 574 4.150000
 575 4.120000
 576 4.120000
 577 4.120000
 578 4.120000
 579 3.120000
 580 3.120000
 581 4.100000
 582 4.070000
 583 4.070000
 584 4.050000
 585 4.070000
 586 4.050000
 587 4.050000
 588 4.060000
 589 4.030000
 590 4.030000
 591 4.030000
 592 4.010000
 593 4.010000
 594 4.000000
 595 4.000000
 596 3.250000
 597 3.210000
 598 3.150000
 599 3.170000
 600 3.180000
 601 3.160000
 602 3.190000
 603 3.190000
 604 3.190000
 605 3.170000
 606 3.170000
 607 3.170000
 608 3.200000
 609 3.170000
 610 3.170000
 611 3.200000
 612 3.060000
 613 3.180000
 614 3.200000
 615 3.180000
 616 3.060000
 617 3.130000
 618 3.140000
 619 3.030000
 620 3.030000
 621 3.030000
 622 3.060000
 623 3.010000
 624 3.090000
 625 3.030000
 626 3.060000
 627 3.040000
 628 3.060000
 629 3.080000
 630 3.060000
 631 3.080000
 632 3.070000
 633 3.040000
 634 3.040000
 635 3.090000
 636 3.150000
 637 3.010000
 638 3.090000
 639 3.050000
 640 3.080000
 641 3.040000
 642 3.100000
 643 3.130000
 644 3.100000
 645 3.080000
 646 3.110000
 647 3.130000
 648 3.130000
 649 3.100000
 650 3.110000
 651 3.130000
 652 3.230000
 653 3.230000
 654 3.260000
 655 3.250000
 656 3.160000
 657 3.180000
 658 3.280000
 659 3.250000
 660 3.260000
 661 3.320000
 662 3.290000
 663 3.310000
 664 3.300000
 665 3.300000
 666 3.300000
 667 3.330000
 668 3.330000
 669 3.350000
 670 3.350000
 671 3.340000
 672 3.370000
 673 3.360000
 674 3.360000
 675 3.350000
 676 3.370000
 677 3.370000
 678 3.350000
 679 3.390000
 680 3.410000
 681 3.420000
 682 3.440000
 683 3.390000
 684 3.410000
 685 3.410000
 686 3.330000
 687 3.320000
 688 3.320000
 689 6.300000
 690 4.580000
 691 4.300000
 692 4.270000
 693 4.320000
 694 3.240000
 695 3.240000
 696 3.220000
 697 3.230000
 698 3.490000
 699 3.590000
 700 3.860000
 701 3.700000
 702 3.690000
 703 3.710000
 704 3.710000
 705 3.710000
 706 3.740000
 707 3.740000
 708 3.710000
 709 3.360000
 710 3.710000
 711 3.740000
 712 3.740000
 713 3.740000
 714 3.740000
 715 3.740000
 716 3.740000
 717 3.690000
 718 3.690000
 719 3.710000
 720 3.710000
 721 3.690000
 722 3.710000
 723 3.740000
 724 3.740000
 725 3.710000
 726 3.740000
 727 3.760000
 728 3.760000
 729 3.740000
 730 3.760000
 731 3.760000
 732 3.790000
 733 3.790000
 734 3.790000
 735 3.790000
 736 3.790000
 737 3.790000
 738 3.800000
 739 3.740000
 740 3.720000
 741 3.630000
 742 3.260000
 743 3.220000
 744 3.250000
 745 3.510000
 746 3.510000
 747 3.460000
 748 3.410000
 749 3.070000
 750 3.080000
 751 3.110000
 752 3.110000
 753 3.130000
 754 3.080000
 755 3.030000
 756 3.080000
 757 3.060000
 758 2.960000
 759 3.030000
 760 3.040000
 0 2.410000
 1 2.360000
 2 2.290000
 3 2.240000
 4 2.190000
 5 2.140000
 6 2.110000
 7 2.080000
 8 2.030000
 9 2.050000
 10 2.060000
 11 2.060000
 12 2.040000
 13 2.360000
 14 2.430000
 15 2.380000
 16 2.380000
 17 2.460000
 18 2.470000
 19 2.490000
 20 2.440000
 21 2.440000
 22 2.450000
 23 2.540000
 24 2.530000
 25 2.490000
 26 2.490000
 27 2.510000
 28 2.550000
 29 2.540000
 30 2.520000
 31 2.510000
 32 2.460000
 33 2.490000
 34 2.480000
 35 2.460000
 36 2.510000
 37 2.520000
 38 2.540000
 39 2.540000
 40 2.840000
 41 2.840000
 42 2.840000
 43 2.840000
 44 2.890000
 45 2.890000
 46 2.860000
 47 2.890000
 48 2.910000
 49 2.890000
 50 2.890000
 51 2.910000
 52 2.910000
 53 2.910000
 54 2.160000
 55 2.260000
 56 2.210000
 57 2.220000
 58 2.260000
 59 2.320000
 60 2.260000
 61 2.360000
 62 2.310000
 63 2.330000
 64 2.260000
 65 2.380000
 66 2.640000
 67 2.410000
 68 2.380000
 69 2.360000
 70 2.370000
 71 2.310000
 72 2.350000
 73 2.380000
 74 2.410000
 75 2.260000
 76 2.380000
 77 2.380000
 78 2.260000
 79 2.410000
 80 2.380000
 81 2.330000
 82 2.370000
 83 2.360000
 84 2.360000
 85 2.280000
 86 2.310000
 87 2.200000
 88 2.180000
 89 2.180000
 90 2.280000
 91 2.150000
 92 2.280000
 93 2.280000
 94 2.230000
 95 2.190000
 96 2.190000
 97 2.260000
 98 2.160000
 99 2.120000
 100 2.130000
 101 2.150000
 102 2.260000
 103 2.130000
 104 2.220000
 105 2.280000
 106 2.230000
 107 2.220000
 108 2.270000
 109 2.230000
 110 2.260000
 111 2.180000
 112 2.280000
 113 2.280000
 114 2.240000
 115 2.240000
 116 2.290000
 117 2.260000
 118 2.270000
 119 2.310000
 120 2.280000
 121 2.350000
 122 2.380000
 123 2.400000
 124 2.440000
 125 2.480000
 126 2.560000
 127 2.570000
 128 2.570000
 129 2.620000
 130 2.600000
 131 2.660000
 132 2.710000
 133 2.730000
 134 2.760000
 135 2.760000
 136 2.780000
 137 2.810000
 138 2.810000
 139 2.800000
 140 2.790000
 141 2.790000
 142 2.840000
 143 2.850000
 144 2.880000
 145 2.910000
 146 2.910000
 147 2.900000
 148 2.950000
 149 2.970000
 150 2.960000
 151 3.010000
 152 3.020000
 153 3.050000
 154 3.060000
 155 3.090000
 156 3.140000
 157 3.140000
 158 3.160000
 159 3.190000
 160 3.160000
 161 3.210000
 162 3.210000
 163 3.240000
 164 3.240000
 165 3.240000
 166 3.260000
 167 3.280000
 168 3.250000
 169 3.310000
 170 3.320000
 171 3.360000
 172 3.360000
 173 3.380000
 174 3.400000
 175 3.360000
 176 3.390000
 177 3.430000
 178 3.400000
 179 3.440000
 180 3.470000
 181 3.520000
 182 3.540000
 183 3.600000
 184 3.740000
 185 3.770000
 186 3.800000
 187 3.780000
 188 3.780000
 189 3.800000
 190 3.820000
 191 3.850000
 192 3.880000
 193 3.870000
 194 3.910000
 195 3.780000
 196 3.810000
 197 3.810000
 198 3.810000
 199 3.980000
 200 4.010000
 201 4.010000
 202 4.030000
 203 4.030000
 204 4.060000
 205 4.060000
 206 4.060000
 207 4.000000
 208 3.970000
 209 3.980000
 210 3.960000
 211 4.010000
 212 4.020000
 213 3.960000
 214 3.960000
 215 3.860000
 216 3.930000
 217 3.970000
 218 3.970000
 219 3.970000
 220 3.930000
 221 3.900000
 222 3.810000
 223 3.450000
 224 3.450000
 225 3.730000
 226 3.880000
 227 3.720000
 228 3.880000
 229 3.540000
 230 3.830000
 231 3.860000
 232 3.830000
 233 3.830000
 234 3.780000
 235 3.830000
 236 2.780000
 237 2.830000
 238 2.810000
 239 2.750000
 240 2.750000
 241 2.740000
 242 2.770000
 243 2.760000
 244 2.760000
 245 2.770000
 246 2.800000
 247 2.750000
 248 2.770000
 249 2.720000
 250 2.770000
 251 2.740000
 252 2.740000
 253 2.760000
 254 2.720000
 255 2.740000
 256 2.740000
 257 2.710000
 258 2.710000
 259 2.660000
 260 2.660000
 261 2.660000
 262 2.660000
 263 2.670000
 264 2.650000
 265 2.640000
 266 2.640000
 267 2.630000
 268 2.680000
 269 2.670000
 270 2.680000
 271 2.680000
 272 2.680000
 273 2.680000
 274 2.660000
 275 2.630000
 276 2.680000
 277 1.500000
 278 1.460000
 279 1.460000
 280 1.470000
 281 1.460000
 282 1.450000
 283 1.460000
 284 1.450000
 285 1.460000
 286 1.460000
 287 1.460000
 288 1.460000
 289 1.470000
 290 1.480000
 291 1.450000
 292 1.470000
 293 1.480000
 294 1.500000
 295 1.470000
 296 1.480000
 297 1.480000
 298 1.470000
 299 1.470000
 300 1.510000
 301 1.470000
 302 1.500000
 303 1.500000
 304 1.510000
 305 1.480000
 306 1.500000
 307 1.500000
 308 1.470000
 309 1.500000
 310 1.500000
 311 1.500000
 312 1.510000
 313 1.510000
 314 1.500000
 315 1.500000
 316 1.500000
 317 1.510000
 318 1.500000
 319 1.480000
 320 1.510000
 321 1.500000
 322 1.500000
 323 1.500000
 324 1.500000
 325 1.500000
 326 1.510000
 327 1.440000
 328 1.460000
 329 1.440000
 330 1.430000
 331 1.460000
 332 1.440000
 333 1.440000
 334 1.440000
 335 1.450000
 336 1.440000
 337 1.440000
 338 1.430000
 339 1.440000
 340 1.460000
 341 1.420000
 342 1.410000
 343 1.410000
 344 1.410000
 345 1.410000
 346 1.410000
 347 1.410000
 348 1.410000
 349 1.410000
 350 1.410000
 351 1.390000
 352 1.380000
 353 1.380000
 354 1.380000
 355 1.410000
 356 1.380000
 357 1.380000
 358 1.380000
 359 1.380000
 360 1.380000
 361 1.380000
 362 1.380000
 363 1.380000
 364 1.380000
 365 1.380000
 366 1.360000
 367 1.380000
 368 1.380000
 369 1.380000
 370 1.380000
 371 1.360000
 372 1.390000
 373 1.390000
 374 1.380000
 375 1.380000
 376 1.410000
 377 3.500000
 378 3.450000
 379 3.460000
 380 3.460000
 381 3.490000
 382 3.400000
 383 4.580000
 384 4.600000
 385 1.360000
 386 1.410000
 387 1.390000
 388 1.380000
 389 1.380000
 390 1.390000
 391 1.390000
 392 1.360000
 393 1.390000
 394 1.360000
 395 1.390000
 396 1.360000
 397 1.390000
 398 1.420000
 399 4.620000
 400 4.610000
 401 4.580000
 402 4.610000
 403 4.580000
 404 4.610000
 405 4.630000
 406 4.630000
 407 4.630000
 408 4.630000
 409 4.610000
 410 4.660000
 411 4.630000
 412 4.630000
 413 4.660000
 414 4.590000
 415 4.630000
 416 4.580000
 417 4.610000
 418 4.210000
 419 4.320000
 420 4.630000
 421 4.680000
 422 2.580000
 423 2.560000
 424 2.510000
 425 2.540000
 426 2.520000
 427 2.550000
 428 2.550000
 429 2.410000
 430 2.010000
 431 1.990000
 432 1.990000
 433 1.990000
 434 1.990000
 435 1.990000
 436 1.990000
 437 1.990000
 438 1.990000
 439 2.030000
 440 4.110000
 441 4.110000
 442 1.570000
 443 1.470000
 444 1.420000
 445 1.410000
 446 1.440000
 447 1.410000
 448 1.410000
 449 1.420000
 450 1.420000
 451 1.420000
 452 1.420000
 453 1.450000
 454 1.440000
 455 1.440000
 456 1.440000
 457 1.460000
 458 1.440000
 459 1.440000
 460 1.460000
 461 1.430000
 462 1.460000
 463 1.450000
 464 1.460000
 465 1.460000
 466 1.450000
 467 1.460000
 468 1.480000
 469 1.480000
 470 1.460000
 471 1.460000
 472 1.470000
 473 1.480000
 474 1.470000
 475 1.490000
 476 1.480000
 477 1.470000
 478 1.470000
 479 1.490000
 480 1.570000
 481 4.080000
 482 4.060000
 483 4.030000
 484 3.980000
 485 3.410000
 486 3.430000
 487 3.430000
 488 3.360000
 489 3.130000
 490 3.100000
 491 3.120000
 492 3.970000
 493 3.330000
 494 3.160000
 495 4.010000
 496 4.080000
 497 3.740000
 498 3.670000
 499 3.570000
 500 3.580000
 501 3.570000
 502 2.900000
 503 2.920000
 504 2.880000
 505 2.830000
 506 2.820000
 507 2.820000
 508 2.810000
 509 3.600000
 510 3.690000
 511 3.760000
 512 3.740000
 513 3.710000
 514 3.710000
 515 3.710000
 516 3.690000
 517 3.690000
 518 3.690000
 519 3.660000
 520 3.660000
 521 3.660000
 522 3.640000
 523 3.640000
 524 3.610000
 525 3.610000
 526 3.590000
 527 3.590000
 528 3.590000
 529 3.560000
 530 3.560000
 531 3.560000
 532 3.540000
 533 3.510000
 534 3.510000
 535 3.510000
 536 3.510000
 537 3.490000
 538 3.490000
 539 3.460000
 540 3.460000
 541 3.460000
 542 3.440000
 543 3.440000
 544 3.460000
 545 3.440000
 546 3.450000
 547 3.410000
 548 3.390000
 549 3.410000
 550 3.430000
 551 4.400000
 552 4.370000
 553 4.370000
 554 4.370000
 555 4.350000
 556 4.080000
 557 4.080000
 558 4.070000
 559 4.200000
 560 4.300000
 561 4.270000
 562 4.270000
 563 4.250000
 564 4.250000
 565 4.250000
 566 4.250000
 567 4.220000
 568 4.200000
 569 4.200000
 570 4.170000
 571 4.170000
 572 4.170000
 573 4.170000
 574 4.150000
 575 4.120000
 576 4.120000
 577 4.120000
 578 4.100000
 579 3.150000
 580 3.150000
 581 4.100000
 582 4.070000
 583 4.070000
 584 4.070000
 585 4.050000
 586 4.070000
 587 4.060000
 588 4.060000
 589 4.060000
 590 4.030000
 591 4.030000
 592 4.010000
 593 4.010000
 594 4.000000
 595 4.000000
 596 3.250000
 597 3.210000
 598 3.180000
 599 3.190000
 600 3.200000
 601 3.180000
 602 3.220000
 603 3.200000
 604 3.190000
 605 3.170000
 606 3.170000
 607 3.190000
 608 3.200000
 609 3.170000
 610 3.170000
 611 3.170000
 612 3.080000
 613 3.180000
 614 3.200000
 615 3.180000
 616 3.060000
 617 3.130000
 618 3.140000
 619 3.140000
 620 3.030000
 621 3.030000
 622 3.060000
 623 3.030000
 624 3.100000
 625 3.030000
 626 3.060000
 627 3.070000
 628 3.090000
 629 3.070000
 630 3.060000
 631 3.060000
 632 3.060000
 633 3.050000
 634 3.040000
 635 3.090000
 636 3.150000
 637 3.010000
 638 3.090000
 639 3.060000
 640 3.060000
 641 3.050000
 642 3.110000
 643 3.110000
 644 3.110000
 645 3.080000
 646 3.110000
 647 3.110000
 648 3.160000
 649 3.130000
 650 3.160000
 651 3.130000
 652 3.230000
 653 3.230000
 654 3.280000
 655 3.250000
 656 3.160000
 657 3.180000
 658 3.280000
 659 3.260000
 660 3.260000
 661 3.300000
 662 3.290000
 663 3.290000
 664 3.330000
 665 3.300000
 666 3.300000
 667 3.330000
 668 3.300000
 669 3.350000
 670 3.350000
 671 3.340000
 672 3.360000
 673 3.360000
 674 3.350000
 675 3.350000
 676 3.370000
 677 3.370000
 678 3.390000
 679 3.390000
 680 3.410000
 681 3.410000
 682 3.440000
 683 3.390000
 684 3.410000
 685 3.410000
 686 3.330000
 687 3.320000
 688 3.320000
 689 6.300000
 690 4.560000
 691 4.310000
 692 4.270000
 693 4.330000
 694 3.220000
 695 3.240000
 696 3.200000
 697 3.240000
 698 3.500000
 699 3.620000
 700 3.860000
 701 3.700000
 702 3.710000
 703 3.710000
 704 3.710000
 705 3.690000
 706 3.710000
 707 3.710000
 708 3.740000
 709 3.390000
 710 3.690000
 711 3.740000
 712 3.740000
 713 3.740000
 714 3.740000
 715 3.760000
 716 3.740000
 717 3.660000
 718 3.690000
 719 3.690000
 720 3.710000
 721 3.710000
 722 3.710000
 723 3.710000
 724 3.740000
 725 3.740000
 726 3.710000
 727 3.740000
 728 3.760000
 729 3.740000
 730 3.760000
 731 3.760000
 732 3.760000
 733 3.760000
 734 3.790000
 735 3.810000
 736 3.810000
 737 3.810000
 738 3.770000
 739 3.740000
 740 3.690000
 741 3.690000
 742 3.240000
 743 3.220000
 744 3.250000
 745 3.520000
 746 3.510000
 747 3.430000
 748 3.430000
 749 3.080000
 750 3.080000
 751 3.110000
 752 3.080000
 753 3.130000
 754 3.080000
 755 3.080000
 756 3.080000
 757 3.070000
 758 2.960000
 759 3.030000
 760 3.040000
 0 2.410000
 1 2.360000
 2 2.310000
 3 2.240000
 4 2.190000
 5 2.140000
 6 2.110000
 7 2.060000
 8 2.030000
 9 2.050000
 10 2.060000
 11 2.060000
 12 2.070000
 13 2.390000
 14 2.430000
 15 2.380000
 16 2.380000
 17 2.460000
 18 2.500000
 19 2.460000
 20 2.440000
 21 2.440000
 22 2.450000
 23 2.560000
 24 2.530000
 25 2.500000
 26 2.490000
 27 2.490000
 28 2.550000
 29 2.560000
 30 2.520000
 31 2.510000
 32 2.460000
 33 2.520000
 34 2.460000
 35 2.430000
 36 2.510000
 37 2.520000
 38 2.520000
 39 2.540000
 40 2.840000
 41 2.840000
 42 2.840000
 43 2.840000
 44 2.860000
 45 2.860000
 46 2.860000
 47 2.890000
 48 2.860000
 49 2.890000
 50 2.890000
 51 2.890000
 52 2.910000
 53 2.910000
 54 2.200000
 55 2.260000
 56 2.210000
 57 2.210000
 58 2.250000
 59 2.320000
 60 2.230000
 61 2.360000
 62 2.310000
 63 2.360000
 64 2.230000
 65 2.380000
 66 2.640000
 67 2.410000
 68 2.360000
 69 2.330000
 70 2.370000
 71 2.290000
 72 2.320000
 73 2.360000
 74 2.410000
 75 2.260000
 76 2.360000
 77 2.410000
 78 2.280000
 79 2.430000
 80 2.380000
 81 2.330000
 82 2.370000
 83 2.360000
 84 2.360000
 85 2.280000
 86 2.310000
 87 2.200000
 88 2.180000
 89 2.210000
 90 2.280000
 91 2.150000
 92 2.260000
 93 2.280000
 94 2.210000
 95 2.170000
 96 2.190000
 97 2.260000
 98 2.190000
 99 2.150000
 100 2.130000
 101 2.170000
 102 2.260000
 103 2.130000
 104 2.250000
 105 2.260000
 106 2.230000
 107 2.260000
 108 2.270000
 109 2.260000
 110 2.260000
 111 2.180000
 112 2.280000
 113 2.280000
 114 2.270000
 115 2.240000
 116 2.270000
 117 2.260000
 118 2.270000
 119 2.280000
 120 2.320000
 121 2.360000
 122 2.360000
 123 2.380000
 124 2.440000
 125 2.480000
 126 2.560000
 127 2.570000
 128 2.570000
 129 2.600000
 130 2.600000
 131 2.660000
 132 2.710000
 133 2.730000
 134 2.760000
 135 2.760000
 136 2.780000
 137 2.780000
 138 2.810000
 139 2.820000
 140 2.790000
 141 2.820000
 142 2.820000
 143 2.850000
 144 2.880000
 145 2.910000
 146 2.910000
 147 2.900000
 148 2.950000
 149 2.970000
 150 2.970000
 151 3.000000
 152 3.020000
 153 3.020000
 154 3.060000
 155 3.090000
 156 3.140000
 157 3.140000
 158 3.160000
 159 3.190000
 160 3.190000
 161 3.210000
 162 3.210000
 163 3.210000
 164 3.240000
 165 3.260000
 166 3.260000
 167 3.280000
 168 3.270000
 169 3.310000
 170 3.330000
 171 3.360000
 172 3.360000
 173 3.380000
 174 3.410000
 175 3.360000
 176 3.410000
 177 3.410000
 178 3.410000
 179 3.410000
 180 3.470000
 181 3.500000
 182 3.540000
 183 3.580000
 184 3.740000
 185 3.770000
 186 3.800000
 187 3.780000
 188 3.770000
 189 3.800000
 190 3.800000
 191 3.850000
 192 3.880000
 193 3.850000
 194 3.900000
 195 3.810000
 196 3.810000
 197 3.810000
 198 3.810000
 199 4.010000
 200 4.010000
 201 4.010000
 202 4.030000
 203 4.060000
 204 4.060000
 205 4.060000
 206 4.090000
 207 4.020000
 208 3.980000
 209 3.960000
 210 3.960000
 211 3.990000
 212 4.020000
 213 3.960000
 214 3.960000
 215 3.880000
 216 3.960000
 217 3.970000
 218 3.970000
 219 3.970000
 220 3.930000
 221 3.870000
 222 3.810000
 223 3.420000
 224 3.450000
 225 3.880000
 226 3.880000
 227 3.700000
 228 3.850000
 229 3.540000
 230 3.850000
 231 3.860000
 232 3.870000
 233 3.860000
 234 3.790000
 235 3.810000
 236 2.800000
 237 2.800000
 238 2.800000
 239 2.750000
 240 2.780000
 241 2.770000
 242 2.770000
 243 2.790000
 244 2.760000
 245 2.800000
 246 2.770000
 247 2.770000
 248 2.770000
 249 2.720000
 250 2.740000
 251 2.760000
 252 2.740000
 253 2.760000
 254 2.720000
 255 2.740000
 256 2.740000
 257 2.740000
 258 2.710000
 259 2.660000
 260 2.650000
 261 2.660000
 262 2.660000
 263 2.660000
 264 2.670000
 265 2.640000
 266 2.640000
 267 2.660000
 268 2.680000
 269 2.660000
 270 2.660000
 271 2.680000
 272 2.680000
 273 2.660000
 274 2.640000
 275 2.660000
 276 2.680000
 277 1.500000
 278 1.460000
 279 1.460000
 280 1.460000
 281 1.460000
 282 1.450000
 283 1.460000
 284 1.450000
 285 1.440000
 286 1.460000
 287 1.460000
 288 1.460000
 289 1.470000
 290 1.480000
 291 1.470000
 292 1.480000
 293 1.500000
 294 1.470000
 295 1.500000
 296 1.470000
 297 1.480000
 298 1.500000
 299 1.470000
 300 1.500000
 301 1.470000
 302 1.470000
 303 1.470000
 304 1.480000
 305 1.510000
 306 1.470000
 307 1.500000
 308 1.500000
 309 1.500000
 310 1.500000
 311 1.500000
 312 1.510000
 313 1.510000
 314 1.500000
 315 1.520000
 316 1.470000
 317 1.510000
 318 1.470000
 319 1.510000
 320 1.510000
 321 1.510000
 322 1.500000
 323 1.500000
 324 1.500000
 325 1.500000
 326 1.510000
 327 1.460000
 328 1.440000
 329 1.460000
 330 1.460000
 331 1.430000
 332 1.440000
 333 1.440000
 334 1.440000
 335 1.450000
 336 1.440000
 337 1.440000
 338 1.430000
 339 1.440000
 340 1.480000
 341 1.420000
 342 1.410000
 343 1.410000
 344 1.410000
 345 1.410000
 346 1.410000
 347 1.410000
 348 1.410000
 349 1.410000
 350 1.410000
 351 1.380000
 352 1.410000
 353 1.410000
 354 1.410000
 355 1.380000
 356 1.380000
 357 1.380000
 358 1.380000
 359 1.410000
 360 1.380000
 361 1.380000
 362 1.410000
 363 1.380000
 364 1.380000
 365 1.380000
 366 1.380000
 367 1.380000
 368 1.410000
 369 1.380000
 370 1.380000
 371 1.380000
 372 1.360000
 373 1.360000
 374 1.380000
 375 1.380000
 376 1.380000
 377 3.490000
 378 3.470000
 379 3.460000
 380 3.460000
 381 3.500000
 382 3.420000
 383 4.580000
 384 4.600000
 385 1.390000
 386 1.410000
 387 1.390000
 388 1.380000
 389 1.410000
 390 1.390000
 391 1.390000
 392 1.390000
 393 1.390000
 394 1.390000
 395 1.390000
 396 1.390000
 397 1.390000
 398 1.390000
 399 4.620000
 400 4.610000
 401 4.580000
 402 4.610000
 403 4.580000
 404 4.580000
 405 4.610000
 406 4.610000
 407 4.630000
 408 4.610000
 409 4.580000
 410 4.660000
 411 4.630000
 412 4.660000
 413 4.630000
 414 4.600000
 415 4.600000
 416 4.580000
 417 4.630000
 418 4.210000
 419 4.310000
 420 4.630000
 421 4.630000
 422 2.580000
 423 2.520000
 424 2.510000
 425 2.540000
 426 2.550000
 427 2.520000
 428 2.550000
 429 2.360000
 430 2.030000
 431 1.990000
 432 1.990000
 433 1.960000
 434 1.990000
 435 1.990000
 436 1.960000
 437 1.990000
 438 1.990000
 439 2.010000
 440 4.130000
 441 4.130000
 442 1.600000
 443 1.470000
 444 1.420000
 445 1.410000
 446 1.410000
 447 1.410000
 448 1.410000
 449 1.420000
 450 1.420000
 451 1.420000
 452 1.450000
 453 1.420000
 454 1.440000
 455 1.410000
 456 1.440000
 457 1.440000
 458 1.460000
 459 1.440000
 460 1.460000
 461 1.460000
 462 1.460000
 463 1.450000
 464 1.460000
 465 1.460000
 466 1.450000
 467 1.460000
 468 1.440000
 469 1.440000
 470 1.460000
 471 1.460000
 472 1.470000
 473 1.480000
 474 1.470000
 475 1.490000
 476 1.460000
 477 1.470000
 478 1.490000
 479 1.490000
 480 1.540000
 481 4.080000
 482 4.080000
 483 4.010000
 484 4.010000
 485 3.430000
 486 3.430000
 487 3.410000
 488 3.360000
 489 3.110000
 490 3.100000
 491 3.070000
 492 3.970000
 493 3.920000
 494 3.140000
 495 4.010000
 496 4.080000
 497 3.710000
 498 3.670000
 499 3.560000
 500 3.580000
 501 3.570000
 502 2.920000
 503 2.880000
 504 2.880000
 505 2.830000
 506 2.820000
 507 2.820000
 508 2.810000
 509 3.630000
 510 3.730000
 511 3.730000
 512 3.740000
 513 3.740000
 514 3.710000
 515 3.710000
 516 3.690000
 517 3.690000
 518 3.660000
 519 3.660000
 520 3.660000
 521 3.640000
 522 3.610000
 523 3.640000
 524 3.610000
 525 3.590000
 526 3.590000
 527 3.590000
 528 3.590000
 529 3.590000
 530 3.560000
 531 3.540000
 532 3.540000
 533 3.510000
 534 3.510000
 535 3.510000
 536 3.510000
 537 3.490000
 538 3.490000
 539 3.460000
 540 3.490000
 541 3.460000
 542 3.460000
 543 3.460000
 544 3.440000
 545 3.440000
 546 3.410000
 547 3.410000
 548 3.410000
 549 3.390000
 550 3.430000
 551 4.370000
 552 4.370000
 553 4.370000
 554 4.370000
 555 4.350000
 556 4.080000
 557 4.060000
 558 4.070000
 559 4.170000
 560 4.270000
 561 4.300000
 562 4.270000
 563 4.250000
 564 4.250000
 565 4.250000
 566 4.220000
 567 4.220000
 568 4.200000
 569 4.200000
 570 4.200000
 571 4.200000
 572 4.170000
 573 4.170000
 574 4.150000
 575 4.120000
 576 4.120000
 577 4.120000
 578 4.120000
 579 3.120000
 580 3.150000
 581 4.100000
 582 4.100000
 583 4.070000
 584 4.050000
 585 4.050000
 586 4.050000
 587 4.050000
 588 4.060000
 589 4.060000
 590 4.030000
 591 4.010000
 592 4.010000
 593 4.010000
 594 3.970000
 595 4.000000
 596 3.250000
 597 3.210000
 598 3.180000
 599 3.170000
 600 3.180000
 601 3.180000
 602 3.190000
 603 3.190000
 604 3.190000
 605 3.170000
 606 3.170000
 607 3.170000
 608 3.200000
 609 3.170000
 610 3.170000
 611 3.170000
 612 3.060000
 613 3.180000
 614 3.060000
 615 3.160000
 616 3.060000
 617 3.130000
 618 3.140000
 619 3.030000
 620 3.060000
 621 3.030000
 622 3.060000
 623 3.030000
 624 3.100000
 625 3.010000
 626 3.060000
 627 3.070000
 628 3.060000
 629 3.080000
 630 3.070000
 631 3.080000
 632 3.070000
 633 3.070000
 634 3.060000
 635 3.060000
 636 3.010000
 637 3.030000
 638 3.120000
 639 3.060000
 640 3.060000
 641 3.050000
 642 3.080000
 643 3.130000
 644 3.110000
 645 3.080000
 646 3.090000
 647 3.130000
 648 3.130000
 649 3.100000
 650 3.130000
 651 3.130000
 652 3.230000
 653 3.210000
 654 3.280000
 655 3.250000
 656 3.160000
 657 3.160000
 658 3.250000
 659 3.260000
 660 3.280000
 661 3.300000
 662 3.290000
 663 3.280000
 664 3.300000
 665 3.300000
 666 3.300000
 667 3.330000
 668 3.330000
 669 3.330000
 670 3.350000
 671 3.380000
 672 3.340000
 673 3.390000
 674 3.350000
 675 3.350000
 676 3.370000
 677 3.380000
 678 3.380000
 679 3.390000
 680 3.420000
 681 3.440000
 682 3.410000
 683 3.390000
 684 3.390000
 685 3.410000
 686 3.310000
 687 3.320000
 688 3.350000
 689 6.300000
 690 4.580000
 691 4.290000
 692 4.280000
 693 4.320000
 694 3.250000
 695 3.240000
 696 3.220000
 697 3.210000
 698 3.520000
 699 3.600000
 700 3.860000
 701 3.700000
 702 3.710000
 703 3.710000
 704 3.710000
 705 3.710000
 706 3.710000
 707 3.710000
 708 3.740000
 709 3.390000
 710 3.690000
 711 3.760000
 712 3.740000
 713 3.740000
 714 3.740000
 715 3.740000
 716 3.740000
 717 3.690000
 718 3.690000
 719 3.690000
 720 3.710000
 721 3.710000
 722 3.740000
 723 3.710000
 724 3.710000
 725 3.740000
 726 3.710000
 727 3.760000
 728 3.760000
 729 3.740000
 730 3.760000
 731 3.760000
 732 3.760000
 733 3.760000
 734 3.790000
 735 3.810000
 736 3.790000
 737 3.790000
 738 3.790000
 739 3.740000
 740 3.720000
 741 3.660000
 742 3.270000
 743 3.240000
 744 3.250000
 745 3.510000
 746 3.480000
 747 3.460000
 748 3.430000
 749 3.070000
 750 3.080000
 751 3.110000
 752 3.080000
 753 3.110000
 754 3.080000
 755 3.080000
 756 3.080000
 757 3.060000
 758 2.960000
 759 3.010000
 760 3.040000
 0 2.410000
 1 2.360000
 2 2.310000
 3 2.260000
 4 2.210000
 5 2.160000
 6 2.110000
 7 2.050000
 8 2.060000
 9 2.060000
 10 2.060000
 11 2.060000
 12 2.060000
 13 2.390000
 14 2.430000
 15 2.380000
 16 2.380000
 17 2.460000
 18 2.500000
 19 2.480000
 20 2.440000
 21 2.460000
 22 2.450000
 23 2.540000
 24 2.530000
 25 2.510000
 26 2.500000
 27 2.480000
 28 2.550000
 29 2.540000
 30 2.530000
 31 2.490000
 32 2.470000
 33 2.520000
 34 2.480000
 35 2.460000
 36 2.510000
 37 2.530000
 38 2.550000
 39 2.550000
 40 2.840000
 41 2.870000
 42 2.840000
 43 2.870000
 44 2.890000
 45 2.870000
 46 2.890000
 47 2.890000
 48 2.890000
 49 2.890000
 50 2.890000
 51 2.920000
 52 2.920000
 53 2.920000
 54 2.190000
 55 2.240000
 56 2.240000
 57 2.220000
 58 2.250000
 59 2.320000
 60 2.230000
 61 2.330000
 62 2.330000
 63 2.330000
 64 2.260000
 65 2.380000
 66 2.460000
 67 2.380000
 68 2.360000
 69 2.360000
 70 2.380000
 71 2.280000
 72 2.350000
 73 2.380000
 74 2.410000
 75 2.270000
 76 2.360000
 77 2.410000
 78 2.280000
 79 2.430000
 80 2.380000
 81 2.280000
 82 2.380000
 83 2.380000
 84 2.360000
 85 2.280000
 86 2.310000
 87 2.230000
 88 2.180000
 89 2.180000
 90 2.280000
 91 2.150000
 92 2.280000
 93 2.280000
 94 2.230000
 95 2.170000
 96 2.190000
 97 2.260000
 98 2.170000
 99 2.130000
 100 2.110000
 101 2.170000
 102 2.230000
 103 2.130000
 104 2.250000
 105 2.260000
 106 2.260000
 107 2.250000
 108 2.250000
 109 2.260000
 110 2.260000
 111 2.180000
 112 2.290000
 113 2.280000
 114 2.260000
 115 2.240000
 116 2.280000
 117 2.260000
 118 2.280000
 119 2.300000
 120 2.320000
 121 2.320000
 122 2.350000
 123 2.420000
 124 2.440000
 125 2.460000
 126 2.560000
 127 2.550000
 128 2.580000
 129 2.630000
 130 2.600000
 131 2.680000
 132 2.710000
 133 2.730000
 134 2.760000
 135 2.780000
 136 2.780000
 137 2.780000
 138 2.810000
 139 2.790000
 140 2.790000
 141 2.790000
 142 2.820000
 143 2.850000
 144 2.880000
 145 2.880000
 146 2.930000
 147 2.900000
 148 2.950000
 149 2.950000
 150 2.980000
 151 3.010000
 152 3.030000
 153 3.030000
 154 3.090000
 155 3.090000
 156 3.140000
 157 3.140000
 158 3.170000
 159 3.220000
 160 3.190000
 161 3.220000
 162 3.220000
 163 3.240000
 164 3.240000
 165 3.240000
 166 3.270000
 167 3.260000
 168 3.250000
 169 3.330000
 170 3.360000
 171 3.360000
 172 3.360000
 173 3.380000
 174 3.380000
 175 3.360000
 176 3.390000
 177 3.410000
 178 3.410000
 179 3.430000
 180 3.470000
 181 3.520000
 182 3.540000
 183 3.570000
 184 3.740000
 185 3.770000
 186 3.800000
 187 3.800000
 188 3.780000
 189 3.800000
 190 3.830000
 191 3.830000
 192 3.880000
 193 3.880000
 194 3.910000
 195 3.780000
 196 3.810000
 197 3.830000
 198 3.830000
 199 3.980000
 200 4.010000
 201 4.030000
 202 4.010000
 203 4.060000
 204 4.030000
 205 4.060000
 206 4.070000
 207 4.020000
 208 3.980000
 209 3.970000
 210 3.980000
 211 4.000000
 212 4.010000
 213 3.940000
 214 3.960000
 215 3.860000
 216 3.960000
 217 3.970000
 218 3.970000
 219 3.970000
 220 3.940000
 221 3.910000
 222 3.810000
 223 3.430000
 224 3.450000
 225 3.890000
 226 3.890000
 227 3.700000
 228 3.880000
 229 3.540000
 230 3.830000
 231 3.860000
 232 3.840000
 233 3.840000
 234 3.780000
 235 3.810000
 236 2.800000
 237 2.800000
 238 2.780000
 239 2.780000
 240 2.750000
 241 2.770000
 242 2.800000
 243 2.770000
 244 2.760000
 245 2.760000
 246 2.780000
 247 2.750000
 248 2.780000
 249 2.750000
 250 2.750000
 251 2.760000
 252 2.760000
 253 2.760000
 254 2.720000
 255 2.740000
 256 2.710000
 257 2.740000
 258 2.680000
 259 2.670000
 260 2.670000
 261 2.670000
 262 2.670000
 263 2.670000
 264 2.670000
 265 2.640000
 266 2.640000
 267 2.660000
 268 2.660000
 269 2.660000
 270 2.690000
 271 2.690000
 272 2.690000
 273 2.690000
 274 2.640000
 275 2.660000
 276 2.690000
 277 1.500000
 278 1.430000
 279 1.450000
 280 1.460000
 281 1.460000
 282 1.490000
 283 1.460000
 284 1.450000
 285 1.470000
 286 1.470000
 287 1.460000
 288 1.490000
 289 1.470000
 290 1.510000
 291 1.500000
 292 1.470000
 293 1.480000
 294 1.470000
 295 1.480000
 296 1.480000
 297 1.480000
 298 1.470000
 299 1.470000
 300 1.500000
 301 1.470000
 302 1.470000
 303 1.500000
 304 1.480000
 305 1.480000
 306 1.500000
 307 1.470000
 308 1.470000
 309 1.470000
 310 1.470000
 311 1.500000
 312 1.470000
 313 1.510000
 314 1.500000
 315 1.500000
 316 1.500000
 317 1.500000
 318 1.500000
 319 1.510000
 320 1.510000
 321 1.510000
 322 1.500000
 323 1.500000
 324 1.500000
 325 1.520000
 326 1.510000
 327 1.470000
 328 1.470000
 329 1.440000
 330 1.460000
 331 1.460000
 332 1.470000
 333 1.440000
 334 1.440000
 335 1.450000
 336 1.440000
 337 1.440000
 338 1.430000
 339 1.440000
 340 1.460000
 341 1.420000
 342 1.430000
 343 1.410000
 344 1.440000
 345 1.410000
 346 1.410000
 347 1.410000
 348 1.390000
 349 1.410000
 350 1.390000
 351 1.410000
 352 1.380000
 353 1.410000
 354 1.410000
 355 1.380000
 356 1.380000
 357 1.380000
 358 1.380000
 359 1.380000
 360 1.380000
 361 1.380000
 362 1.380000
 363 1.380000
 364 1.380000
 365 1.380000
 366 1.380000
 367 1.380000
 368 1.380000
 369 1.360000
 370 1.380000
 371 1.390000
 372 1.390000
 373 1.360000
 374 1.380000
 375 1.360000
 376 1.380000
 377 3.470000
 378 3.470000
 379 3.460000
 380 3.480000
 381 3.490000
 382 3.420000
 383 4.590000
 384 4.600000
 385 1.390000
 386 1.380000
 387 1.390000
 388 1.410000
 389 1.380000
 390 1.370000
 391 1.390000
 392 1.370000
 393 1.390000
 394 1.390000
 395 1.390000
 396 1.390000
 397 1.390000
 398 1.420000
 399 4.620000
 400 4.580000
 401 4.590000
 402 4.620000
 403 4.610000
 404 4.610000
 405 4.640000
 406 4.640000
 407 4.640000
 408 4.640000
 409 4.640000
 410 4.660000
 411 4.640000
 412 4.640000
 413 4.660000
 414 4.620000
 415 4.630000
 416 4.560000
 417 4.640000
 418 4.210000
 419 4.210000
 420 4.660000
 421 4.660000
 422 2.550000
 423 2.530000
 424 2.520000
 425 2.520000
 426 2.540000
 427 2.550000
 428 2.550000
 429 2.420000
 430 2.010000
 431 1.980000
 432 1.990000
 433 1.990000
 434 1.990000
 435 1.990000
 436 1.990000
 437 1.990000
 438 1.990000
 439 2.010000
 440 4.110000
 441 4.110000
 442 1.580000
 443 1.450000
 444 1.450000
 445 1.420000
 446 1.420000
 447 1.420000
 448 1.420000
 449 1.420000
 450 1.420000
 451 1.420000
 452 1.420000
 453 1.420000
 454 1.440000
 455 1.440000
 456 1.440000
 457 1.460000
 458 1.460000
 459 1.440000
 460 1.440000
 461 1.460000
 462 1.460000
 463 1.470000
 464 1.440000
 465 1.430000
 466 1.450000
 467 1.460000
 468 1.470000
 469 1.450000
 470 1.460000
 471 1.470000
 472 1.440000
 473 1.480000
 474 1.480000
 475 1.460000
 476 1.480000
 477 1.470000
 478 1.470000
 479 1.490000
 480 1.540000
 481 4.080000
 482 4.050000
 483 4.010000
 484 3.980000
 485 3.410000
 486 3.440000
 487 3.410000
 488 3.360000
 489 3.140000
 490 3.100000
 491 3.150000
 492 3.990000
 493 3.920000
 494 3.140000
 495 4.060000
 496 4.110000
 497 3.740000
 498 3.670000
 499 3.560000
 500 3.550000
 501 3.570000
 502 2.910000
 503 2.890000
 504 2.890000
 505 2.830000
 506 2.820000
 507 2.820000
 508 2.840000
 509 3.620000
 510 3.700000
 511 3.760000
 512 3.740000
 513 3.740000
 514 3.720000
 515 3.690000
 516 3.690000
 517 3.690000
 518 3.670000
 519 3.640000
 520 3.670000
 521 3.670000
 522 3.620000
 523 3.620000
 524 3.620000
 525 3.590000
 526 3.590000
 527 3.570000
 528 3.590000
 529 3.570000
 530 3.570000
 531 3.570000
 532 3.540000
 533 3.540000
 534 3.520000
 535 3.520000
 536 3.520000
 537 3.490000
 538 3.490000
 539 3.470000
 540 3.470000
 541 3.470000
 542 3.440000
 543 3.440000
 544 3.440000
 545 3.440000
 546 3.440000
 547 3.420000
 548 3.420000
 549 3.420000
 550 3.410000
 551 4.400000
 552 4.400000
 553 4.380000
 554 4.350000
 555 4.350000
 556 4.060000
 557 4.060000
 558 4.050000
 559 4.200000
 560 4.300000
 561 4.280000
 562 4.280000
 563 4.250000
 564 4.250000
 565 4.250000
 566 4.230000
 567 4.230000
 568 4.230000
 569 4.200000
 570 4.200000
 571 4.200000
 572 4.180000
 573 4.180000
 574 4.150000
 575 4.130000
 576 4.130000
 577 4.130000
 578 4.130000
 579 3.130000
 580 3.150000
 581 4.100000
 582 4.100000
 583 4.080000
 584 4.050000
 585 4.080000
 586 4.080000
 587 4.050000
 588 4.060000
 589 4.030000
 590 4.030000
 591 4.010000
 592 4.030000
 593 4.010000
 594 4.000000
 595 3.980000
 596 3.250000
 597 3.210000
 598 3.150000
 599 3.170000
 600 3.210000
 601 3.190000
 602 3.190000
 603 3.190000
 604 3.220000
 605 3.170000
 606 3.170000
 607 3.190000
 608 3.230000
 609 3.190000
 610 3.170000
 611 3.200000
 612 3.060000
 613 3.170000
 614 3.220000
 615 3.160000
 616 3.030000
 617 3.130000
 618 3.140000
 619 3.140000
 620 3.030000
 621 3.050000
 622 3.060000
 623 3.030000
 624 3.100000
 625 3.030000
 626 3.100000
 627 3.070000
 628 3.060000
 629 3.080000
 630 3.060000
 631 3.080000
 632 3.070000
 633 3.070000
 634 3.050000
 635 3.090000
 636 3.130000
 637 3.030000
 638 3.100000
 639 3.060000
 640 3.080000
 641 3.050000
 642 3.110000
 643 3.120000
 644 3.110000
 645 3.050000
 646 3.110000
 647 3.110000
 648 3.150000
 649 3.130000
 650 3.140000
 651 3.140000
 652 3.240000
 653 3.240000
 654 3.240000
 655 3.290000
 656 3.180000
 657 3.160000
 658 3.280000
 659 3.260000
 660 3.260000
 661 3.300000
 662 3.320000
 663 3.290000
 664 3.330000
 665 3.300000
 666 3.300000
 667 3.330000
 668 3.330000
 669 3.350000
 670 3.350000
 671 3.350000
 672 3.350000
 673 3.360000
 674 3.340000
 675 3.320000
 676 3.370000
 677 3.350000
 678 3.380000
 679 3.390000
 680 3.410000
 681 3.420000
 682 3.440000
 683 3.390000
 684 3.390000
 685 3.390000
 686 3.330000
 687 3.320000
 688 3.350000
 689 6.280000
 690 4.560000
 691 4.320000
 692 4.270000
 693 4.300000
 694 3.250000
 695 3.240000
 696 3.230000
 697 3.240000
 698 3.520000
 699 3.590000
 700 3.860000
 701 3.700000
 702 3.720000
 703 3.720000
 704 3.720000
 705 3.720000
 706 3.720000
 707 3.720000
 708 3.720000
 709 3.390000
 710 3.690000
 711 3.740000
 712 3.740000
 713 3.740000
 714 3.740000
 715 3.740000
 716 3.740000
 717 3.670000
 718 3.720000
 719 3.690000
 720 3.690000
 721 3.690000
 722 3.720000
 723 3.740000
 724 3.740000
 725 3.740000
 726 3.740000
 727 3.770000
 728 3.770000
 729 3.770000
 730 3.770000
 731 3.770000
 732 3.770000
 733 3.770000
 734 3.790000
 735 3.820000
 736 3.820000
 737 3.790000
 738 3.770000
 739 3.750000
 740 3.690000
 741 3.670000
 742 3.250000
 743 3.250000
 744 3.250000
 745 3.530000
 746 3.480000
 747 3.430000
 748 3.430000
 749 3.080000
 750 3.080000
 751 3.110000
 752 3.080000
 753 3.110000
 754 3.110000
 755 3.060000
 756 3.110000
 757 3.060000
 758 2.960000
 759 3.040000
 760 3.040000