
 0 2.950000
 1 2.950000
 2 2.980000
 3 3.000000
 4 3.130000
 5 3.040000
 6 3.680000
 7 0.870000
 8 0.860000
 9 0.880000
 10 0.860000
 11 0.890000
 12 0.890000
 13 0.860000
 14 0.860000
 15 0.860000
 16 0.860000
 17 0.860000
 18 0.850000
 19 0.890000
 20 0.870000
 21 0.930000
 22 1.000000
 23 3.130000
 24 3.100000
 25 3.080000
 26 3.100000
 27 3.100000
 28 2.980000
 29 2.980000
 30 2.950000
 31 2.950000
 32 3.050000
 33 3.090000
 34 3.050000
 35 3.050000
 36 2.950000
 37 2.930000
 38 2.950000
 39 3.060000
 40 2.950000
 41 3.060000
 42 3.060000
 43 2.950000
 44 2.970000
 45 3.090000
 46 3.090000
 47 2.990000
 48 2.960000
 49 3.070000
 50 2.950000
 51 2.970000
 52 3.090000
 53 2.950000
 54 2.950000
 55 3.060000
 56 3.090000
 57 2.980000
 58 3.080000
 59 3.000000
 60 2.980000
 61 3.110000
 62 3.130000
 63 2.980000
 64 2.930000
 65 3.140000
 66 3.110000
 67 3.110000
 68 3.110000
 69 3.110000
 70 3.090000
 71 2.980000
 72 3.110000
 73 2.980000
 74 3.090000
 75 3.000000
 76 2.950000
 77 3.060000
 78 2.950000
 79 3.090000
 80 3.090000
 81 3.090000
 82 2.930000
 83 2.930000
 84 3.060000
 85 3.060000
 86 2.930000
 87 2.950000
 88 2.900000
 89 2.890000
 90 2.660000
 91 2.610000
 92 2.150000
 93 2.140000
 94 2.110000
 95 2.110000
 96 2.100000
 97 2.100000
 98 2.090000
 99 2.120000
 100 2.100000
 101 2.100000
 102 2.100000
 103 2.110000
 104 2.110000
 105 2.210000
 106 2.250000
 107 2.240000
 108 2.190000
 109 2.130000
 110 2.160000
 111 2.140000
 112 2.150000
 113 2.170000
 114 2.180000
 115 2.150000
 116 2.170000
 117 2.160000
 118 2.180000
 119 2.130000
 120 2.150000
 121 2.180000
 122 2.160000
 123 2.170000
 124 2.170000
 125 2.170000
 126 2.160000
 127 2.180000
 128 2.180000
 129 2.180000
 130 2.260000
 131 2.290000
 132 2.180000
 133 2.140000
 134 2.140000
 135 2.140000
 136 2.150000
 137 2.200000
 138 2.190000
 139 2.220000
 140 2.220000
 141 2.210000
 142 2.210000
 143 2.230000
 144 2.210000
 145 2.220000
 146 2.220000
 147 2.190000
 148 2.210000
 149 2.200000
 150 2.200000
 151 2.190000
 152 2.170000
 153 2.170000
 154 2.210000
 155 2.250000
 156 2.250000
 157 2.250000
 158 2.250000
 159 2.240000
 160 2.270000
 161 2.270000
 162 2.290000
 163 2.290000
 164 2.260000
 165 2.290000
 166 2.290000
 167 2.290000
 168 2.290000
 169 2.290000
 170 2.310000
 171 2.300000
 172 2.300000
 173 2.300000
 174 2.360000
 175 2.410000
 176 2.340000
 177 2.300000
 178 2.290000
 179 2.290000
 180 2.290000
 181 2.330000
 182 2.340000
 183 2.340000
 184 2.340000
 185 2.390000
 186 2.360000
 187 2.360000
 188 2.370000
 189 2.360000
 190 2.360000
 191 2.360000
 192 2.340000
 193 2.360000
 194 2.340000
 195 2.340000
 196 2.380000
 197 2.400000
 198 2.400000
 199 2.400000
 200 2.440000
 201 3.500000
 202 3.490000
 203 3.500000
 204 3.500000
 205 3.500000
 206 3.520000
 207 3.510000
 208 3.540000
 209 3.430000
 210 3.430000
 211 3.580000
 212 3.570000
 213 3.450000
 214 3.480000
 215 3.480000
 216 3.540000
 217 3.520000
 218 3.500000
 219 3.530000
 220 3.550000
 221 3.530000
 222 3.630000
 223 3.670000
 224 3.660000
 225 3.600000
 226 3.650000
 227 3.680000
 228 3.690000
 229 3.710000
 230 3.760000
 231 3.720000
 232 3.790000
 233 3.790000
 234 3.810000
 235 3.780000
 236 3.800000
 237 3.800000
 238 3.810000
 239 3.800000
 240 3.830000
 241 3.850000
 242 3.870000
 243 3.850000
 244 3.860000
 245 3.880000
 246 3.870000
 247 3.890000
 248 3.940000
 249 3.990000
 250 3.880000
 251 3.990000
 252 4.020000
 253 4.020000
 254 4.020000
 255 4.080000
 256 4.110000
 257 4.000000
 258 4.130000
 259 4.160000
 260 4.190000
 261 2.960000
 262 2.940000
 263 2.930000
 264 2.900000
 265 2.930000
 266 2.880000
 267 2.880000
 268 1.210000
 269 1.200000
 270 1.200000
 271 1.200000
 272 2.850000
 273 2.830000
 274 2.820000
 275 2.850000
 276 2.800000
 277 2.820000
 278 2.800000
 279 2.780000
 280 2.790000
 281 2.780000
 282 2.790000
 283 2.750000
 284 2.780000
 285 2.800000
 286 2.800000
 287 2.850000
 288 2.850000
 289 2.850000
 290 2.880000
 291 2.930000
 292 2.920000
 293 2.920000
 294 2.950000
 295 2.970000
 296 3.050000
 297 4.850000
 298 4.910000
 299 4.940000
 300 4.880000
 301 4.860000
 302 4.970000
 303 4.980000
 304 4.990000
 305 4.930000
 306 4.930000
 307 4.870000
 308 4.870000
 309 4.830000
 310 4.820000
 311 4.790000
 312 4.820000
 313 4.810000
 314 4.820000
 315 4.720000
 316 4.720000
 317 4.670000
 318 4.660000
 319 4.820000
 320 5.060000
 321 5.290000
 322 5.310000
 323 5.310000
 324 5.310000
 325 5.290000
 326 5.270000
 327 4.650000
 328 4.600000
 329 4.610000
 330 5.000000
 331 5.220000
 332 5.200000
 333 5.220000
 334 4.920000
 335 5.210000
 336 5.220000
 337 5.210000
 338 5.190000
 339 5.120000
 340 2.900000
 341 2.770000
 342 2.820000
 343 2.910000
 344 5.190000
 345 2.910000
 346 2.930000
 347 2.570000
 348 2.510000
 349 2.570000
 350 2.770000
 351 2.780000
 352 2.940000
 353 2.880000
 354 4.380000
 355 4.390000
 356 4.390000
 357 4.280000
 358 4.300000
 359 4.360000
 360 4.350000
 361 4.340000
 362 4.310000
 363 4.300000
 364 4.300000
 365 4.310000
 366 4.280000
 367 4.280000
 368 4.290000
 369 4.280000
 370 4.310000
 371 4.290000
 372 4.320000
 373 4.310000
 374 4.310000
 375 4.310000
 376 4.300000
 377 4.300000
 378 4.290000
 379 4.250000
 380 4.270000
 381 4.270000
 382 4.250000
 383 4.270000
 384 2.600000
 385 2.590000
 386 2.590000
 387 2.440000
 388 2.430000
 389 2.420000
 390 2.560000
 391 2.950000
 392 3.680000
 393 4.540000
 394 2.420000
 395 2.420000
 396 2.350000
 397 2.360000
 398 2.380000
 399 2.360000
 400 2.350000
 401 2.350000
 402 2.380000
 403 2.350000
 404 2.350000
 405 2.350000
 406 2.380000
 407 2.420000
 408 2.420000
 409 2.460000
 410 3.560000
 411 3.210000
 412 3.150000
 413 3.150000
 414 2.830000
 415 2.600000
 416 2.610000
 417 2.630000
 418 2.610000
 419 2.610000
 420 2.610000
 421 2.630000
 422 2.720000
 423 3.920000
 424 2.260000
 425 2.240000
 426 2.260000
 427 2.280000
 428 2.210000
 429 2.230000
 430 2.250000
 431 2.250000
 432 2.210000
 433 2.210000
 434 2.210000
 435 2.210000
 436 2.210000
 437 2.230000
 438 3.220000
 439 3.150000
 440 3.080000
 441 3.030000
 442 2.960000
 443 2.900000
 444 2.780000
 445 2.730000
 446 2.690000
 447 2.700000
 448 2.670000
 449 2.680000
 450 2.700000
 451 2.670000
 452 2.650000
 453 2.720000
 454 3.510000
 455 3.510000
 456 3.510000
 457 3.460000
 458 3.480000
 459 3.430000
 460 3.410000
 461 3.360000
 462 3.360000
 463 3.310000
 464 3.310000
 465 3.280000
 466 3.250000
 467 3.250000
 468 3.250000
 469 3.220000
 470 3.190000
 471 3.170000
 472 3.140000
 473 3.140000
 474 3.140000
 475 3.120000
 476 3.120000
 477 3.120000
 478 3.140000
 479 3.120000
 480 3.120000
 481 3.120000
 482 3.110000
 483 3.110000
 484 3.080000
 485 3.070000
 486 3.080000
 487 3.070000
 488 3.050000
 489 2.980000
 490 2.880000
 491 2.850000
 492 2.790000
 493 2.780000
 494 2.800000
 495 2.800000
 496 2.800000
 497 2.820000
 498 2.820000
 499 2.800000
 500 2.810000
 501 2.810000
 502 2.810000
 503 2.810000
 504 2.820000
 505 2.830000
 506 2.830000
 507 2.880000
 508 2.870000
 509 2.900000
 510 2.890000
 511 2.890000
 512 2.890000
 513 2.890000
 514 2.890000
 515 2.890000
 516 2.890000
 517 2.880000
 518 2.830000
 519 2.830000
 520 2.830000
 521 2.810000
 522 2.800000
 523 2.810000
 524 2.780000
 525 2.760000
 526 2.760000
 527 2.730000
 528 2.710000
 529 2.730000
 530 2.730000
 531 2.710000
 532 2.710000
 533 2.710000
 534 2.710000
 535 2.700000
 536 2.710000
 537 2.730000
 538 2.700000
 539 2.560000
 540 2.680000
 541 2.710000
 542 2.680000
 543 2.710000
 544 2.710000
 545 2.710000
 546 2.760000
 547 2.710000
 548 2.780000
 549 2.780000
 550 2.830000
 551 2.810000
 552 2.860000
 553 2.840000
 554 2.880000
 555 2.880000
 556 2.860000
 557 2.880000
 558 2.860000
 559 2.860000
 560 2.860000
 561 2.830000
 562 2.830000
 563 2.830000
 564 2.830000
 565 2.860000
 566 2.810000
 567 2.830000
 568 2.830000
 569 2.810000
 570 2.400000
 571 2.370000
 572 2.330000
 573 2.340000
 574 2.320000
 575 2.820000
 576 2.860000
 577 2.860000
 578 2.880000
 579 2.870000
 580 2.890000
 581 2.890000
 582 2.890000
 583 2.890000
 584 2.870000
 585 2.890000
 586 2.900000
 587 2.870000
 588 2.890000
 589 2.910000
 590 2.890000
 591 2.900000
 592 2.920000
 593 2.920000
 594 2.920000
 595 2.950000
 596 2.870000
 597 2.460000
 598 2.520000
 599 2.820000
 600 2.890000
 601 2.890000
 602 2.920000
 603 2.920000
 604 2.920000
 605 2.920000
 606 2.920000
 607 2.890000
 608 2.910000
 609 2.920000
 610 2.890000
 611 2.920000
 612 2.920000
 613 2.910000
 614 2.180000
 615 2.130000
 616 2.110000
 617 2.960000
 618 1.830000
 619 1.870000
 620 1.830000
 621 1.850000
 622 1.870000
 623 1.870000
 624 1.870000
 625 1.900000
 626 1.900000
 627 1.900000
 628 1.920000
 629 1.920000
 630 1.950000
 631 1.940000
 632 1.970000
 633 1.970000
 634 1.970000
 635 2.000000
 636 2.020000
 637 2.020000
 638 2.020000
 639 2.050000
 640 2.050000
 641 2.080000
 642 2.080000
 643 2.100000
 644 2.130000
 645 2.150000
 646 2.150000
 647 2.180000
 648 2.200000
 649 2.230000
 650 2.230000
 651 2.280000
 652 2.300000
 653 2.300000
 654 2.290000
 655 2.290000
 656 2.290000
 657 2.280000
 658 2.300000
 659 2.330000
 660 2.300000
 661 2.320000
 662 2.350000
 663 2.380000
 664 2.380000
 665 2.420000
 666 2.400000
 667 2.380000
 668 2.390000
 669 2.400000
 670 2.430000
 671 2.400000
 672 2.450000
 673 2.480000
 674 1.520000
 675 1.520000
 676 1.530000
 677 1.510000
 678 1.510000
 679 1.510000
 680 1.540000
 681 1.530000
 682 1.560000
 683 1.580000
 684 1.580000
 685 1.580000
 686 1.610000
 687 1.610000
 688 1.630000
 689 1.660000
 690 1.680000
 691 1.680000
 692 1.680000
 693 1.710000
 694 1.730000
 695 1.730000
 696 1.750000
 697 1.750000
 698 1.780000
 699 1.770000
 700 1.820000
 701 1.820000
 702 1.850000
 703 1.850000
 704 1.870000
 705 1.900000
 706 1.920000
 707 1.950000
 708 1.950000
 709 1.970000
 710 1.970000
 711 2.020000
 712 2.040000
 713 2.070000
 714 3.440000
 715 3.430000
 716 3.410000
 717 3.410000
 718 3.380000
 719 3.380000
 720 3.370000
 721 3.340000
 722 3.340000
 723 3.330000
 724 3.330000
 725 3.310000
 726 3.320000
 727 3.340000
 728 3.340000
 729 3.340000
 730 3.360000
 731 3.370000
 732 3.360000
 733 3.360000
 734 3.370000
 735 3.390000
 736 3.390000
 737 3.390000
 738 3.420000
 739 3.440000
 740 3.440000
 741 3.470000
 742 3.440000
 743 3.440000
 744 3.510000
 745 3.490000
 746 3.520000
 747 3.520000
 748 3.550000
 749 3.550000
 750 3.590000
 751 3.590000
 752 3.590000
 753 3.620000
 754 3.620000
 755 3.670000
 756 3.670000
 757 2.970000
 758 3.000000
 759 3.420000
 760 3.750000
 0 2.950000
 1 2.980000
 2 2.980000
 3 3.000000
 4 3.100000
 5 3.070000
 6 3.700000
 7 0.900000
 8 0.860000
 9 0.880000
 10 0.860000
 11 0.860000
 12 0.860000
 13 0.860000
 14 0.860000
 15 0.860000
 16 0.860000
 17 0.860000
 18 0.880000
 19 0.860000
 20 0.910000
 21 0.930000
 22 1.020000
 23 3.130000
 24 3.100000
 25 3.060000
 26 3.080000
 27 3.080000
 28 3.000000
 29 2.980000
 30 2.950000
 31 2.970000
 32 3.050000
 33 3.090000
 34 3.050000
 35 3.050000
 36 2.950000
 37 2.950000
 38 2.950000
 39 3.060000
 40 2.950000
 41 3.090000
 42 3.090000
 43 2.950000
 44 2.970000
 45 3.060000
 46 3.090000
 47 2.960000
 48 2.960000
 49 3.100000
 50 2.920000
 51 2.940000
 52 3.090000
 53 2.950000
 54 2.950000
 55 3.090000
 56 3.090000
 57 2.950000
 58 3.080000
 59 3.010000
 60 2.980000
 61 3.140000
 62 3.100000
 63 2.980000
 64 2.990000
 65 3.110000
 66 3.110000
 67 3.110000
 68 3.110000
 69 3.110000
 70 3.090000
 71 2.980000
 72 3.110000
 73 2.950000
 74 3.060000
 75 3.000000
 76 2.950000
 77 3.090000
 78 2.950000
 79 3.090000
 80 3.090000
 81 3.060000
 82 2.930000
 83 3.090000
 84 3.060000
 85 3.090000
 86 2.900000
 87 2.930000
 88 2.900000
 89 2.860000
 90 2.690000
 91 2.580000
 92 2.180000
 93 2.140000
 94 2.130000
 95 2.110000
 96 2.100000
 97 2.100000
 98 2.120000
 99 2.090000
 100 2.100000
 101 2.100000
 102 2.100000
 103 2.110000
 104 2.110000
 105 2.210000
 106 2.250000
 107 2.240000
 108 2.210000
 109 2.130000
 110 2.140000
 111 2.160000
 112 2.150000
 113 2.140000
 114 2.170000
 115 2.170000
 116 2.170000
 117 2.150000
 118 2.180000
 119 2.130000
 120 2.150000
 121 2.150000
 122 2.160000
 123 2.170000
 124 2.170000
 125 2.190000
 126 2.160000
 127 2.150000
 128 2.150000
 129 2.150000
 130 2.240000
 131 2.260000
 132 2.180000
 133 2.140000
 134 2.140000
 135 2.140000
 136 2.150000
 137 2.180000
 138 2.190000
 139 2.190000
 140 2.220000
 141 2.190000
 142 2.210000
 143 2.200000
 144 2.210000
 145 2.220000
 146 2.210000
 147 2.230000
 148 2.210000
 149 2.200000
 150 2.200000
 151 2.190000
 152 2.190000
 153 2.190000
 154 2.190000
 155 2.250000
 156 2.230000
 157 2.250000
 158 2.250000
 159 2.260000
 160 2.240000
 161 2.270000
 162 2.270000
 163 2.290000
 164 2.290000
 165 2.290000
 166 2.260000
 167 2.290000
 168 2.290000
 169 2.320000
 170 2.290000
 171 2.300000
 172 2.300000
 173 2.300000
 174 2.360000
 175 2.410000
 176 2.340000
 177 2.300000
 178 2.260000
 179 2.290000
 180 2.290000
 181 2.330000
 182 2.340000
 183 2.340000
 184 2.370000
 185 2.370000
 186 2.360000
 187 2.360000
 188 2.370000
 189 2.360000
 190 2.360000
 191 2.360000
 192 2.360000
 193 2.340000
 194 2.370000
 195 2.360000
 196 2.370000
 197 2.400000
 198 2.390000
 199 2.400000
 200 2.430000
 201 3.500000
 202 3.460000
 203 3.500000
 204 3.500000
 205 3.530000
 206 3.520000
 207 3.510000
 208 3.540000
 209 3.430000
 210 3.580000
 211 3.550000
 212 3.430000
 213 3.430000
 214 3.450000
 215 3.480000
 216 3.480000
 217 3.510000
 218 3.500000
 219 3.480000
 220 3.550000
 221 3.530000
 222 3.640000
 223 3.690000
 224 3.670000
 225 3.600000
 226 3.670000
 227 3.700000
 228 3.720000
 229 3.720000
 230 3.740000
 231 3.730000
 232 3.790000
 233 3.790000
 234 3.810000
 235 3.810000
 236 3.810000
 237 3.800000
 238 3.810000
 239 3.830000
 240 3.830000
 241 3.830000
 242 3.870000
 243 3.850000
 244 3.870000
 245 3.880000
 246 3.880000
 247 3.870000
 248 3.920000
 249 3.990000
 250 3.880000
 251 3.970000
 252 4.030000
 253 4.020000
 254 4.010000
 255 4.080000
 256 4.110000
 257 4.000000
 258 4.130000
 259 4.160000
 260 4.190000
 261 2.930000
 262 2.940000
 263 2.940000
 264 2.920000
 265 2.910000
 266 2.880000
 267 2.880000
 268 1.210000
 269 1.200000
 270 1.170000
 271 1.200000
 272 2.850000
 273 2.840000
 274 2.840000
 275 2.810000
 276 2.770000
 277 2.800000
 278 2.780000
 279 2.800000
 280 2.800000
 281 2.780000
 282 2.750000
 283 2.780000
 284 2.780000
 285 2.800000
 286 2.800000
 287 2.850000
 288 2.850000
 289 2.850000
 290 2.900000
 291 2.930000
 292 2.900000
 293 2.950000
 294 2.950000
 295 2.970000
 296 3.030000
 297 4.850000
 298 4.920000
 299 4.930000
 300 5.000000
 301 4.860000
 302 4.980000
 303 4.980000
 304 4.990000
 305 4.960000
 306 4.930000
 307 4.870000
 308 4.870000
 309 4.820000
 310 4.820000
 311 4.820000
 312 4.800000
 313 4.810000
 314 4.790000
 315 4.700000
 316 4.690000
 317 4.670000
 318 4.660000
 319 4.770000
 320 5.090000
 321 5.290000
 322 5.340000
 323 5.340000
 324 5.310000
 325 5.290000
 326 5.300000
 327 4.650000
 328 4.630000
 329 4.640000
 330 5.100000
 331 5.220000
 332 5.200000
 333 5.220000
 334 5.100000
 335 5.210000
 336 5.220000
 337 5.210000
 338 5.200000
 339 5.120000
 340 2.900000
 341 2.770000
 342 2.840000
 343 2.910000
 344 5.190000
 345 2.910000
 346 2.910000
 347 2.570000
 348 2.510000
 349 2.570000
 350 2.770000
 351 2.780000
 352 2.940000
 353 2.850000
 354 4.380000
 355 4.360000
 356 4.420000
 357 4.390000
 358 4.280000
 359 4.380000
 360 4.330000
 361 4.330000
 362 4.320000
 363 4.320000
 364 4.280000
 365 4.310000
 366 4.280000
 367 4.280000
 368 4.270000
 369 4.280000
 370 4.290000
 371 4.320000
 372 4.290000
 373 4.310000
 374 4.280000
 375 4.310000
 376 4.300000
 377 4.290000
 378 4.290000
 379 4.270000
 380 4.270000
 381 4.270000
 382 4.270000
 383 4.270000
 384 2.600000
 385 2.590000
 386 2.590000
 387 2.440000
 388 2.430000
 389 2.450000
 390 2.540000
 391 2.930000
 392 3.660000
 393 4.560000
 394 2.420000
 395 2.390000
 396 2.350000
 397 2.380000
 398 2.360000
 399 2.350000
 400 2.320000
 401 2.330000
 402 2.340000
 403 2.370000
 404 2.350000
 405 2.350000
 406 2.380000
 407 2.360000
 408 2.420000
 409 2.420000
 410 3.560000
 411 3.210000
 412 3.180000
 413 3.130000
 414 2.830000
 415 2.620000
 416 2.610000
 417 2.610000
 418 2.610000
 419 2.610000
 420 2.610000
 421 2.600000
 422 2.600000
 423 3.950000
 424 2.260000
 425 2.240000
 426 2.230000
 427 2.280000
 428 2.210000
 429 2.230000
 430 2.250000
 431 2.210000
 432 2.210000
 433 2.210000
 434 2.210000
 435 2.220000
 436 2.190000
 437 2.200000
 438 3.220000
 439 3.130000
 440 3.080000
 441 3.030000
 442 2.980000
 443 2.900000
 444 2.780000
 445 2.730000
 446 2.690000
 447 2.700000
 448 2.700000
 449 2.680000
 450 2.700000
 451 2.700000
 452 2.680000
 453 2.720000
 454 3.510000
 455 3.530000
 456 3.510000
 457 3.460000
 458 3.460000
 459 3.430000
 460 3.410000
 461 3.380000
 462 3.360000
 463 3.330000
 464 3.280000
 465 3.310000
 466 3.280000
 467 3.240000
 468 3.220000
 469 3.210000
 470 3.190000
 471 3.170000
 472 3.170000
 473 3.140000
 474 3.140000
 475 3.120000
 476 3.120000
 477 3.130000
 478 3.120000
 479 3.120000
 480 3.150000
 481 3.110000
 482 3.100000
 483 3.110000
 484 3.110000
 485 3.110000
 486 3.060000
 487 3.070000
 488 3.060000
 489 2.980000
 490 2.890000
 491 2.840000
 492 2.790000
 493 2.790000
 494 2.780000
 495 2.800000
 496 2.800000
 497 2.790000
 498 2.820000
 499 2.800000
 500 2.810000
 501 2.830000
 502 2.820000
 503 2.800000
 504 2.830000
 505 2.850000
 506 2.850000
 507 2.880000
 508 2.870000
 509 2.880000
 510 2.860000
 511 2.890000
 512 2.890000
 513 2.910000
 514 2.890000
 515 2.890000
 516 2.890000
 517 2.880000
 518 2.830000
 519 2.860000
 520 2.830000
 521 2.830000
 522 2.770000
 523 2.810000
 524 2.780000
 525 2.730000
 526 2.730000
 527 2.730000
 528 2.730000
 529 2.730000
 530 2.730000
 531 2.730000
 532 2.730000
 533 2.710000
 534 2.710000
 535 2.730000
 536 2.710000
 537 2.710000
 538 2.710000
 539 2.560000
 540 2.680000
 541 2.710000
 542 2.710000
 543 2.680000
 544 2.710000
 545 2.710000
 546 2.730000
 547 2.710000
 548 2.760000
 549 2.810000
 550 2.830000
 551 2.860000
 552 2.880000
 553 2.860000
 554 2.880000
 555 2.860000
 556 2.880000
 557 2.880000
 558 2.880000
 559 2.860000
 560 2.860000
 561 2.860000
 562 2.830000
 563 2.830000
 564 2.830000
 565 2.830000
 566 2.830000
 567 2.830000
 568 2.810000
 569 2.810000
 570 2.400000
 571 2.360000
 572 2.350000
 573 2.340000
 574 2.350000
 575 2.770000
 576 2.860000
 577 2.880000
 578 2.880000
 579 2.860000
 580 2.890000
 581 2.890000
 582 2.890000
 583 2.890000
 584 2.900000
 585 2.870000
 586 2.900000
 587 2.870000
 588 2.870000
 589 2.900000
 590 2.890000
 591 2.890000
 592 2.920000
 593 2.920000
 594 2.920000
 595 2.920000
 596 2.870000
 597 2.460000
 598 2.490000
 599 2.790000
 600 2.870000
 601 2.920000
 602 2.940000
 603 2.920000
 604 2.940000
 605 2.940000
 606 2.920000
 607 2.920000
 608 2.910000
 609 2.890000
 610 2.890000
 611 2.920000
 612 2.920000
 613 2.940000
 614 2.180000
 615 2.130000
 616 2.110000
 617 2.930000
 618 1.830000
 619 1.850000
 620 1.860000
 621 1.870000
 622 1.870000
 623 1.870000
 624 1.870000
 625 1.870000
 626 1.900000
 627 1.900000
 628 1.920000
 629 1.920000
 630 1.940000
 631 1.940000
 632 1.950000
 633 1.950000
 634 1.970000
 635 2.000000
 636 2.000000
 637 2.020000
 638 2.030000
 639 2.050000
 640 2.080000
 641 2.080000
 642 2.080000
 643 2.100000
 644 2.130000
 645 2.130000
 646 2.180000
 647 2.180000
 648 2.200000
 649 2.230000
 650 2.250000
 651 2.280000
 652 2.300000
 653 2.280000
 654 2.310000
 655 2.290000
 656 2.290000
 657 2.280000
 658 2.300000
 659 2.330000
 660 2.300000
 661 2.300000
 662 2.380000
 663 2.380000
 664 2.400000
 665 2.400000
 666 2.410000
 667 2.410000
 668 2.380000
 669 2.380000
 670 2.440000
 671 2.430000
 672 2.450000
 673 2.450000
 674 1.530000
 675 1.520000
 676 1.520000
 677 1.500000
 678 1.510000
 679 1.510000
 680 1.530000
 681 1.560000
 682 1.560000
 683 1.580000
 684 1.580000
 685 1.580000
 686 1.610000
 687 1.630000
 688 1.630000
 689 1.630000
 690 1.660000
 691 1.660000
 692 1.680000
 693 1.710000
 694 1.710000
 695 1.710000
 696 1.760000
 697 1.750000
 698 1.780000
 699 1.800000
 700 1.820000
 701 1.820000
 702 1.850000
 703 1.850000
 704 1.870000
 705 1.870000
 706 1.920000
 707 1.920000
 708 1.950000
 709 1.970000
 710 2.000000
 711 1.990000
 712 2.040000
 713 2.040000
 714 3.440000
 715 3.430000
 716 3.410000
 717 3.400000
 718 3.380000
 719 3.380000
 720 3.370000
 721 3.370000
 722 3.370000
 723 3.330000
 724 3.330000
 725 3.310000
 726 3.320000
 727 3.340000
 728 3.310000
 729 3.310000
 730 3.360000
 731 3.360000
 732 3.360000
 733 3.390000
 734 3.370000
 735 3.370000
 736 3.370000
 737 3.420000
 738 3.420000
 739 3.420000
 740 3.440000
 741 3.470000
 742 3.440000
 743 3.470000
 744 3.470000
 745 3.490000
 746 3.490000
 747 3.520000
 748 3.540000
 749 3.560000
 750 3.540000
 751 3.590000
 752 3.590000
 753 3.620000
 754 3.640000
 755 3.630000
 756 3.640000
 757 2.990000
 758 2.980000
 759 3.400000
 760 3.780000
 0 2.950000
 1 2.950000
 2 2.980000
 3 3.000000
 4 3.130000
 5 3.060000
 6 3.700000
 7 0.870000
 8 0.860000
 9 0.880000
 10 0.880000
 11 0.880000
 12 0.860000
 13 0.880000
 14 0.880000
 15 0.860000
 16 0.860000
 17 0.860000
 18 0.880000
 19 0.860000
 20 0.870000
 21 0.930000
 22 1.020000
 23 3.130000
 24 3.100000
 25 3.080000
 26 3.070000
 27 3.080000
 28 3.000000
 29 2.950000
 30 2.950000
 31 2.980000
 32 3.050000
 33 3.080000
 34 3.080000
 35 3.050000
 36 2.950000
 37 2.950000
 38 2.950000
 39 3.080000
 40 2.950000
 41 3.060000
 42 3.060000
 43 2.950000
 44 2.970000
 45 3.080000
 46 3.110000
 47 2.960000
 48 2.960000
 49 3.090000
 50 2.950000
 51 2.940000
 52 3.080000
 53 2.950000
 54 2.950000
 55 3.080000
 56 3.080000
 57 2.950000
 58 3.080000
 59 2.990000
 60 2.980000
 61 3.110000
 62 3.100000
 63 2.980000
 64 3.020000
 65 2.980000
 66 3.130000
 67 3.110000
 68 3.110000
 69 3.110000
 70 3.110000
 71 2.980000
 72 3.110000
 73 2.980000
 74 3.080000
 75 2.970000
 76 2.980000
 77 3.080000
 78 2.950000
 79 3.080000
 80 3.080000
 81 3.060000
 82 2.930000
 83 2.930000
 84 3.080000
 85 3.080000
 86 2.930000
 87 2.930000
 88 2.930000
 89 2.880000
 90 2.680000
 91 2.630000
 92 2.170000
 93 2.170000
 94 2.100000
 95 2.080000
 96 2.090000
 97 2.100000
 98 2.100000
 99 2.120000
 100 2.090000
 101 2.090000
 102 2.110000
 103 2.090000
 104 2.100000
 105 2.210000
 106 2.250000
 107 2.220000
 108 2.210000
 109 2.130000
 110 2.130000
 111 2.130000
 112 2.130000
 113 2.170000
 114 2.140000
 115 2.150000
 116 2.170000
 117 2.130000
 118 2.150000
 119 2.150000
 120 2.150000
 121 2.180000
 122 2.160000
 123 2.190000
 124 2.190000
 125 2.190000
 126 2.180000
 127 2.180000
 128 2.150000
 129 2.150000
 130 2.230000
 131 2.280000
 132 2.180000
 133 2.130000
 134 2.140000
 135 2.120000
 136 2.130000
 137 2.180000
 138 2.170000
 139 2.190000
 140 2.220000
 141 2.210000
 142 2.210000
 143 2.200000
 144 2.210000
 145 2.220000
 146 2.210000
 147 2.230000
 148 2.210000
 149 2.200000
 150 2.180000
 151 2.180000
 152 2.190000
 153 2.190000
 154 2.180000
 155 2.240000
 156 2.230000
 157 2.250000
 158 2.250000
 159 2.260000
 160 2.240000
 161 2.270000
 162 2.270000
 163 2.260000
 164 2.260000
 165 2.280000
 166 2.280000
 167 2.290000
 168 2.290000
 169 2.290000
 170 2.280000
 171 2.280000
 172 2.290000
 173 2.290000
 174 2.350000
 175 2.400000
 176 2.340000
 177 2.280000
 178 2.280000
 179 2.290000
 180 2.280000
 181 2.330000
 182 2.340000
 183 2.370000
 184 2.340000
 185 2.370000
 186 2.370000
 187 2.360000
 188 2.340000
 189 2.360000
 190 2.380000
 191 2.330000
 192 2.330000
 193 2.330000
 194 2.370000
 195 2.360000
 196 2.400000
 197 2.370000
 198 2.370000
 199 2.400000
 200 2.470000
 201 3.490000
 202 3.460000
 203 3.470000
 204 3.490000
 205 3.500000
 206 3.520000
 207 3.510000
 208 3.510000
 209 3.430000
 210 3.550000
 211 3.580000
 212 3.540000
 213 3.450000
 214 3.480000
 215 3.480000
 216 3.480000
 217 3.530000
 218 3.480000
 219 3.500000
 220 3.550000
 221 3.550000
 222 3.640000
 223 3.690000
 224 3.660000
 225 3.580000
 226 3.650000
 227 3.700000
 228 3.740000
 229 3.710000
 230 3.730000
 231 3.730000
 232 3.770000
 233 3.770000
 234 3.810000
 235 3.810000
 236 3.800000
 237 3.830000
 238 3.810000
 239 3.800000
 240 3.810000
 241 3.850000
 242 3.870000
 243 3.850000
 244 3.870000
 245 3.870000
 246 3.890000
 247 3.890000
 248 3.920000
 249 3.960000
 250 3.900000
 251 3.970000
 252 4.030000
 253 4.020000
 254 4.020000
 255 4.080000
 256 4.100000
 257 4.030000
 258 4.130000
 259 4.150000
 260 4.150000
 261 2.900000
 262 2.950000
 263 2.920000
 264 2.920000
 265 2.900000
 266 2.920000
 267 2.880000
 268 1.210000
 269 1.170000
 270 1.170000
 271 1.230000
 272 2.850000
 273 2.830000
 274 2.800000
 275 2.810000
 276 2.830000
 277 2.790000
 278 2.810000
 279 2.770000
 280 2.790000
 281 2.780000
 282 2.780000
 283 2.760000
 284 2.780000
 285 2.800000
 286 2.800000
 287 2.830000
 288 2.820000
 289 2.870000
 290 2.880000
 291 2.900000
 292 2.920000
 293 2.920000
 294 2.950000
 295 3.000000
 296 3.030000
 297 4.850000
 298 4.910000
 299 4.940000
 300 5.000000
 301 4.870000
 302 5.000000
 303 4.980000
 304 4.960000
 305 4.950000
 306 4.930000
 307 4.900000
 308 4.860000
 309 4.840000
 310 4.820000
 311 4.820000
 312 4.790000
 313 4.810000
 314 4.700000
 315 4.720000
 316 4.660000
 317 4.670000
 318 4.660000
 319 4.820000
 320 5.040000
 321 5.310000
 322 5.340000
 323 5.310000
 324 5.290000
 325 5.290000
 326 5.290000
 327 4.630000
 328 4.630000
 329 4.610000
 330 5.020000
 331 5.220000
 332 5.220000
 333 5.190000
 334 5.120000
 335 5.200000
 336 5.220000
 337 5.240000
 338 5.190000
 339 5.120000
 340 2.900000
 341 2.780000
 342 2.810000
 343 2.880000
 344 5.210000
 345 2.930000
 346 2.910000
 347 2.560000
 348 2.490000
 349 2.550000
 350 2.800000
 351 2.780000
 352 2.930000
 353 2.850000
 354 4.380000
 355 4.390000
 356 4.410000
 357 4.300000
 358 4.280000
 359 4.380000
 360 4.330000
 361 4.370000
 362 4.330000
 363 4.290000
 364 4.290000
 365 4.310000
 366 4.280000
 367 4.260000
 368 4.270000
 369 4.280000
 370 4.290000
 371 4.310000
 372 4.290000
 373 4.300000
 374 4.300000
 375 4.300000
 376 4.300000
 377 4.290000
 378 4.270000
 379 4.300000
 380 4.270000
 381 4.270000
 382 4.270000
 383 4.270000
 384 2.600000
 385 2.580000
 386 2.580000
 387 2.460000
 388 2.450000
 389 2.440000
 390 2.540000
 391 2.920000
 392 3.680000
 393 4.540000
 394 2.400000
 395 2.420000
 396 2.370000
 397 2.380000
 398 2.370000
 399 2.350000
 400 2.380000
 401 2.350000
 402 2.370000
 403 2.330000
 404 2.350000
 405 2.350000
 406 2.380000
 407 2.390000
 408 2.420000
 409 2.460000
 410 3.560000
 411 3.210000
 412 3.150000
 413 3.150000
 414 2.770000
 415 2.620000
 416 2.610000
 417 2.610000
 418 2.610000
 419 2.610000
 420 2.610000
 421 2.600000
 422 2.720000
 423 3.900000
 424 2.250000
 425 2.230000
 426 2.230000
 427 2.280000
 428 2.210000
 429 2.200000
 430 2.250000
 431 2.210000
 432 2.210000
 433 2.210000
 434 2.210000
 435 2.220000
 436 2.210000
 437 2.200000
 438 3.230000
 439 3.150000
 440 3.080000
 441 3.030000
 442 2.950000
 443 2.900000
 444 2.750000
 445 2.730000
 446 2.710000
 447 2.690000
 448 2.670000
 449 2.680000
 450 2.690000
 451 2.690000
 452 2.680000
 453 2.740000
 454 3.510000
 455 3.510000
 456 3.480000
 457 3.480000
 458 3.480000
 459 3.430000
 460 3.380000
 461 3.360000
 462 3.360000
 463 3.330000
 464 3.310000
 465 3.280000
 466 3.280000
 467 3.220000
 468 3.220000
 469 3.220000
 470 3.190000
 471 3.170000
 472 3.140000
 473 3.140000
 474 3.140000
 475 3.120000
 476 3.130000
 477 3.120000
 478 3.140000
 479 3.120000
 480 3.120000
 481 3.130000
 482 3.110000
 483 3.110000
 484 3.110000
 485 3.110000
 486 3.080000
 487 3.060000
 488 3.050000
 489 2.960000
 490 2.900000
 491 2.840000
 492 2.810000
 493 2.790000
 494 2.780000
 495 2.800000
 496 2.810000
 497 2.820000
 498 2.790000
 499 2.790000
 500 2.800000
 501 2.780000
 502 2.800000
 503 2.820000
 504 2.810000
 505 2.840000
 506 2.860000
 507 2.880000
 508 2.890000
 509 2.880000
 510 2.880000
 511 2.880000
 512 2.880000
 513 2.880000
 514 2.910000
 515 2.880000
 516 2.880000
 517 2.850000
 518 2.830000
 519 2.830000
 520 2.820000
 521 2.810000
 522 2.800000
 523 2.810000
 524 2.780000
 525 2.760000
 526 2.760000
 527 2.730000
 528 2.730000
 529 2.730000
 530 2.730000
 531 2.710000
 532 2.710000
 533 2.710000
 534 2.720000
 535 2.710000
 536 2.710000
 537 2.730000
 538 2.710000
 539 2.580000
 540 2.660000
 541 2.710000
 542 2.680000
 543 2.710000
 544 2.710000
 545 2.710000
 546 2.760000
 547 2.730000
 548 2.730000
 549 2.760000
 550 2.830000
 551 2.860000
 552 2.880000
 553 2.830000
 554 2.880000
 555 2.880000
 556 2.880000
 557 2.880000
 558 2.880000
 559 2.860000
 560 2.830000
 561 2.860000
 562 2.830000
 563 2.860000
 564 2.830000
 565 2.830000
 566 2.830000
 567 2.830000
 568 2.830000
 569 2.810000
 570 2.400000
 571 2.360000
 572 2.330000
 573 2.350000
 574 2.330000
 575 2.800000
 576 2.880000
 577 2.880000
 578 2.860000
 579 2.890000
 580 2.880000
 581 2.890000
 582 2.890000
 583 2.890000
 584 2.870000
 585 2.890000
 586 2.860000
 587 2.870000
 588 2.890000
 589 2.900000
 590 2.890000
 591 2.910000
 592 2.910000
 593 2.920000
 594 2.920000
 595 2.910000
 596 2.850000
 597 2.450000
 598 2.490000
 599 2.740000
 600 2.890000
 601 2.910000
 602 2.940000
 603 2.940000
 604 2.910000
 605 2.910000
 606 2.940000
 607 2.910000
 608 2.910000
 609 2.910000
 610 2.890000
 611 2.890000
 612 2.910000
 613 2.940000
 614 2.180000
 615 2.130000
 616 2.100000
 617 2.930000
 618 1.850000
 619 1.840000
 620 1.860000
 621 1.840000
 622 1.870000
 623 1.870000
 624 1.870000
 625 1.870000
 626 1.890000
 627 1.890000
 628 1.890000
 629 1.920000
 630 1.920000
 631 1.910000
 632 1.940000
 633 1.970000
 634 1.970000
 635 1.990000
 636 1.990000
 637 2.020000
 638 2.020000
 639 2.050000
 640 2.080000
 641 2.080000
 642 2.080000
 643 2.100000
 644 2.130000
 645 2.130000
 646 2.150000
 647 2.180000
 648 2.180000
 649 2.230000
 650 2.230000
 651 2.250000
 652 2.300000
 653 2.280000
 654 2.280000
 655 2.310000
 656 2.280000
 657 2.300000
 658 2.330000
 659 2.330000
 660 2.290000
 661 2.290000
 662 2.380000
 663 2.380000
 664 2.400000
 665 2.390000
 666 2.410000
 667 2.410000
 668 2.380000
 669 2.400000
 670 2.400000
 671 2.400000
 672 2.450000
 673 2.480000
 674 1.530000
 675 1.520000
 676 1.530000
 677 1.510000
 678 1.510000
 679 1.530000
 680 1.530000
 681 1.560000
 682 1.550000
 683 1.550000
 684 1.580000
 685 1.600000
 686 1.600000
 687 1.630000
 688 1.630000
 689 1.630000
 690 1.650000
 691 1.650000
 692 1.680000
 693 1.700000
 694 1.730000
 695 1.730000
 696 1.750000
 697 1.780000
 698 1.780000
 699 1.770000
 700 1.800000
 701 1.830000
 702 1.850000
 703 1.850000
 704 1.870000
 705 1.870000
 706 1.900000
 707 1.920000
 708 1.920000
 709 1.970000
 710 1.990000
 711 1.990000
 712 2.010000
 713 2.070000
 714 3.410000
 715 3.440000
 716 3.410000
 717 3.400000
 718 3.380000
 719 3.370000
 720 3.360000
 721 3.390000
 722 3.370000
 723 3.320000
 724 3.330000
 725 3.320000
 726 3.320000
 727 3.340000
 728 3.320000
 729 3.310000
 730 3.360000
 731 3.360000
 732 3.360000
 733 3.330000
 734 3.370000
 735 3.340000
 736 3.390000
 737 3.390000
 738 3.420000
 739 3.460000
 740 3.450000
 741 3.440000
 742 3.440000
 743 3.470000
 744 3.500000
 745 3.490000
 746 3.490000
 747 3.520000
 748 3.520000
 749 3.540000
 750 3.570000
 751 3.590000
 752 3.590000
 753 3.620000
 754 3.640000
 755 3.670000
 756 3.670000
 757 3.000000
 758 3.000000
 759 3.420000
 760 3.750000
 0 2.950000
 1 2.950000
 2 2.980000
 3 3.000000
 4 3.130000
 5 3.040000
 6 3.680000
 7 0.900000
 8 0.890000
 9 0.880000
 10 0.890000
 11 0.890000
 12 0.860000
 13 0.860000
 14 0.860000
 15 0.860000
 16 0.860000
 17 0.860000
 18 0.850000
 19 0.860000
 20 0.910000
 21 0.930000
 22 1.000000
 23 3.130000
 24 3.100000
 25 3.060000
 26 3.100000
 27 3.080000
 28 3.000000
 29 2.950000
 30 2.950000
 31 2.980000
 32 3.050000
 33 3.090000
 34 3.050000
 35 3.050000
 36 2.920000
 37 2.950000
 38 2.930000
 39 3.040000
 40 2.920000
 41 3.060000
 42 3.060000
 43 2.950000
 44 2.940000
 45 3.090000
 46 3.090000
 47 2.960000
 48 2.960000
 49 3.070000
 50 2.950000
 51 2.940000
 52 3.090000
 53 2.930000
 54 2.950000
 55 3.090000
 56 3.090000
 57 2.950000
 58 3.110000
 59 2.990000
 60 2.980000
 61 3.110000
 62 3.100000
 63 2.980000
 64 2.990000
 65 3.110000
 66 3.110000
 67 3.110000
 68 3.110000
 69 3.110000
 70 3.090000
 71 2.950000
 72 3.110000
 73 2.950000
 74 3.090000
 75 3.000000
 76 2.950000
 77 3.090000
 78 2.930000
 79 3.090000
 80 3.090000
 81 3.060000
 82 2.950000
 83 3.090000
 84 3.060000
 85 3.060000
 86 2.930000
 87 2.930000
 88 2.900000
 89 2.860000
 90 2.660000
 91 2.610000
 92 2.160000
 93 2.140000
 94 2.110000
 95 2.080000
 96 2.100000
 97 2.100000
 98 2.100000
 99 2.090000
 100 2.100000
 101 2.110000
 102 2.100000
 103 2.090000
 104 2.110000
 105 2.210000
 106 2.230000
 107 2.240000
 108 2.210000
 109 2.150000
 110 2.140000
 111 2.140000
 112 2.150000
 113 2.140000
 114 2.170000
 115 2.180000
 116 2.140000
 117 2.150000
 118 2.150000
 119 2.130000
 120 2.130000
 121 2.150000
 122 2.160000
 123 2.180000
 124 2.170000
 125 2.190000
 126 2.160000
 127 2.150000
 128 2.180000
 129 2.150000
 130 2.240000
 131 2.260000
 132 2.180000
 133 2.140000
 134 2.140000
 135 2.140000
 136 2.150000
 137 2.180000
 138 2.190000
 139 2.190000
 140 2.190000
 141 2.190000
 142 2.210000
 143 2.200000
 144 2.210000
 145 2.240000
 146 2.210000
 147 2.220000
 148 2.210000
 149 2.200000
 150 2.180000
 151 2.160000
 152 2.190000
 153 2.190000
 154 2.190000
 155 2.250000
 156 2.250000
 157 2.250000
 158 2.250000
 159 2.260000
 160 2.240000
 161 2.270000
 162 2.270000
 163 2.260000
 164 2.290000
 165 2.290000
 166 2.310000
 167 2.290000
 168 2.290000
 169 2.290000
 170 2.310000
 171 2.300000
 172 2.300000
 173 2.300000
 174 2.360000
 175 2.410000
 176 2.340000
 177 2.270000
 178 2.260000
 179 2.290000
 180 2.290000
 181 2.330000
 182 2.340000
 183 2.340000
 184 2.370000
 185 2.370000
 186 2.360000
 187 2.390000
 188 2.370000
 189 2.390000
 190 2.360000
 191 2.360000
 192 2.340000
 193 2.340000
 194 2.360000
 195 2.360000
 196 2.370000
 197 2.370000
 198 2.400000
 199 2.380000
 200 2.430000
 201 3.500000
 202 3.460000
 203 3.500000
 204 3.500000
 205 3.500000
 206 3.520000
 207 3.510000
 208 3.510000
 209 3.430000
 210 3.450000
 211 3.580000
 212 3.570000
 213 3.480000
 214 3.450000
 215 3.480000
 216 3.480000
 217 3.550000
 218 3.480000
 219 3.500000
 220 3.550000
 221 3.530000
 222 3.650000
 223 3.670000
 224 3.660000
 225 3.600000
 226 3.650000
 227 3.680000
 228 3.690000
 229 3.710000
 230 3.740000
 231 3.730000
 232 3.790000
 233 3.770000
 234 3.810000
 235 3.780000
 236 3.800000
 237 3.830000
 238 3.830000
 239 3.800000
 240 3.810000
 241 3.830000
 242 3.870000
 243 3.880000
 244 3.880000
 245 3.860000
 246 3.870000
 247 3.890000
 248 3.930000
 249 3.970000
 250 3.880000
 251 3.970000
 252 4.030000
 253 4.010000
 254 4.030000
 255 4.080000
 256 4.110000
 257 4.000000
 258 4.130000
 259 4.160000
 260 4.180000
 261 2.990000
 262 2.930000
 263 2.930000
 264 2.920000
 265 2.930000
 266 2.890000
 267 2.880000
 268 1.180000
 269 1.170000
 270 1.170000
 271 1.230000
 272 2.820000
 273 2.830000
 274 2.810000
 275 2.820000
 276 2.800000
 277 2.780000
 278 2.820000
 279 2.760000
 280 2.790000
 281 2.770000
 282 2.760000
 283 2.780000
 284 2.780000
 285 2.780000
 286 2.800000
 287 2.830000
 288 2.850000
 289 2.870000
 290 2.900000
 291 2.930000
 292 2.900000
 293 2.950000
 294 2.950000
 295 3.000000
 296 3.050000
 297 4.850000
 298 4.920000
 299 4.920000
 300 4.880000
 301 4.860000
 302 5.000000
 303 4.980000
 304 4.990000
 305 4.960000
 306 4.930000
 307 4.870000
 308 4.870000
 309 4.830000
 310 4.820000
 311 4.820000
 312 4.820000
 313 4.810000
 314 4.700000
 315 4.720000
 316 4.690000
 317 4.670000
 318 4.660000
 319 4.740000
 320 5.060000
 321 5.290000
 322 5.340000
 323 5.310000
 324 5.290000
 325 5.270000
 326 5.270000
 327 4.630000
 328 4.600000
 329 4.640000
 330 5.020000
 331 5.220000
 332 5.220000
 333 5.200000
 334 5.000000
 335 5.180000
 336 5.220000
 337 5.210000
 338 5.200000
 339 5.120000
 340 2.900000
 341 2.770000
 342 2.820000
 343 2.910000
 344 5.190000
 345 2.940000
 346 2.940000
 347 2.570000
 348 2.490000
 349 2.550000
 350 2.750000
 351 2.780000
 352 2.940000
 353 2.850000
 354 4.380000
 355 4.390000
 356 4.420000
 357 4.390000
 358 4.390000
 359 4.380000
 360 4.330000
 361 4.360000
 362 4.310000
 363 4.290000
 364 4.280000
 365 4.300000
 366 4.280000
 367 4.280000
 368 4.270000
 369 4.280000
 370 4.270000
 371 4.290000
 372 4.300000
 373 4.330000
 374 4.330000
 375 4.320000
 376 4.300000
 377 4.290000
 378 4.300000
 379 4.270000
 380 4.270000
 381 4.250000
 382 4.270000
 383 4.270000
 384 2.580000
 385 2.610000
 386 2.560000
 387 2.440000
 388 2.430000
 389 2.420000
 390 2.540000
 391 3.000000
 392 3.660000
 393 4.540000
 394 2.420000
 395 2.390000
 396 2.370000
 397 2.370000
 398 2.360000
 399 2.360000
 400 2.350000
 401 2.350000
 402 2.370000
 403 2.380000
 404 2.360000
 405 2.350000
 406 2.380000
 407 2.390000
 408 2.420000
 409 2.440000
 410 3.550000
 411 3.220000
 412 3.180000
 413 3.150000
 414 2.800000
 415 2.620000
 416 2.610000
 417 2.630000
 418 2.610000
 419 2.610000
 420 2.600000
 421 2.600000
 422 2.720000
 423 3.920000
 424 2.230000
 425 2.260000
 426 2.240000
 427 2.280000
 428 2.210000
 429 2.200000
 430 2.250000
 431 2.210000
 432 2.240000
 433 2.210000
 434 2.210000
 435 2.210000
 436 2.210000
 437 2.200000
 438 3.220000
 439 3.160000
 440 3.080000
 441 3.030000
 442 2.960000
 443 2.900000
 444 2.760000
 445 2.730000
 446 2.690000
 447 2.700000
 448 2.670000
 449 2.680000
 450 2.720000
 451 2.700000
 452 2.680000
 453 2.690000
 454 3.530000
 455 3.530000
 456 3.480000
 457 3.480000
 458 3.460000
 459 3.430000
 460 3.380000
 461 3.380000
 462 3.360000
 463 3.330000
 464 3.310000
 465 3.310000
 466 3.260000
 467 3.220000
 468 3.220000
 469 3.220000
 470 3.190000
 471 3.170000
 472 3.140000
 473 3.140000
 474 3.150000
 475 3.140000
 476 3.150000
 477 3.160000
 478 3.150000
 479 3.120000
 480 3.120000
 481 3.120000
 482 3.110000
 483 3.110000
 484 3.110000
 485 3.110000
 486 3.080000
 487 3.090000
 488 3.050000
 489 2.980000
 490 2.890000
 491 2.840000
 492 2.790000
 493 2.820000
 494 2.800000
 495 2.800000
 496 2.800000
 497 2.790000
 498 2.820000
 499 2.810000
 500 2.800000
 501 2.810000
 502 2.830000
 503 2.790000
 504 2.830000
 505 2.850000
 506 2.870000
 507 2.860000
 508 2.870000
 509 2.850000
 510 2.890000
 511 2.890000
 512 2.890000
 513 2.890000
 514 2.890000
 515 2.890000
 516 2.890000
 517 2.880000
 518 2.830000
 519 2.860000
 520 2.830000
 521 2.800000
 522 2.800000
 523 2.800000
 524 2.760000
 525 2.760000
 526 2.730000
 527 2.710000
 528 2.730000
 529 2.730000
 530 2.730000
 531 2.710000
 532 2.710000
 533 2.710000
 534 2.710000
 535 2.710000
 536 2.710000
 537 2.710000
 538 2.710000
 539 2.580000
 540 2.680000
 541 2.710000
 542 2.700000
 543 2.660000
 544 2.710000
 545 2.680000
 546 2.730000
 547 2.710000
 548 2.760000
 549 2.780000
 550 2.810000
 551 2.860000
 552 2.860000
 553 2.860000
 554 2.860000
 555 2.860000
 556 2.880000
 557 2.880000
 558 2.860000
 559 2.860000
 560 2.860000
 561 2.830000
 562 2.830000
 563 2.830000
 564 2.830000
 565 2.830000
 566 2.830000
 567 2.830000
 568 2.830000
 569 2.810000
 570 2.400000
 571 2.360000
 572 2.330000
 573 2.340000
 574 2.300000
 575 2.770000
 576 2.860000
 577 2.880000
 578 2.880000
 579 2.860000
 580 2.860000
 581 2.890000
 582 2.890000
 583 2.890000
 584 2.900000
 585 2.890000
 586 2.870000
 587 2.890000
 588 2.890000
 589 2.900000
 590 2.890000
 591 2.920000
 592 2.920000
 593 2.920000
 594 2.920000
 595 2.920000
 596 2.870000
 597 2.460000
 598 2.490000
 599 2.790000
 600 2.890000
 601 2.920000
 602 2.940000
 603 2.920000
 604 2.920000
 605 2.920000
 606 2.920000
 607 2.910000
 608 2.920000
 609 2.920000
 610 2.920000
 611 2.920000
 612 2.920000
 613 2.910000
 614 2.180000
 615 2.130000
 616 2.110000
 617 2.930000
 618 1.830000
 619 1.840000
 620 1.860000
 621 1.870000
 622 1.870000
 623 1.870000
 624 1.900000
 625 1.900000
 626 1.900000
 627 1.920000
 628 1.920000
 629 1.920000
 630 1.920000
 631 1.940000
 632 1.950000
 633 1.970000
 634 2.000000
 635 2.000000
 636 2.000000
 637 2.020000
 638 2.030000
 639 2.050000
 640 2.050000
 641 2.080000
 642 2.100000
 643 2.080000
 644 2.130000
 645 2.150000
 646 2.150000
 647 2.150000
 648 2.180000
 649 2.230000
 650 2.250000
 651 2.280000
 652 2.300000
 653 2.300000
 654 2.280000
 655 2.310000
 656 2.280000
 657 2.300000
 658 2.300000
 659 2.330000
 660 2.300000
 661 2.300000
 662 2.350000
 663 2.350000
 664 2.400000
 665 2.400000
 666 2.430000
 667 2.400000
 668 2.380000
 669 2.380000
 670 2.430000
 671 2.430000
 672 2.450000
 673 2.480000
 674 1.530000
 675 1.540000
 676 1.530000
 677 1.500000
 678 1.510000
 679 1.510000
 680 1.530000
 681 1.560000
 682 1.560000
 683 1.580000
 684 1.580000
 685 1.610000
 686 1.610000
 687 1.610000
 688 1.630000
 689 1.630000
 690 1.660000
 691 1.680000
 692 1.680000
 693 1.680000
 694 1.710000
 695 1.760000
 696 1.730000
 697 1.750000
 698 1.780000
 699 1.800000
 700 1.800000
 701 1.820000
 702 1.820000
 703 1.850000
 704 1.870000
 705 1.900000
 706 1.900000
 707 1.950000
 708 1.950000
 709 1.970000
 710 2.000000
 711 2.020000
 712 2.040000
 713 2.040000
 714 3.430000
 715 3.410000
 716 3.410000
 717 3.410000
 718 3.410000
 719 3.410000
 720 3.380000
 721 3.360000
 722 3.340000
 723 3.330000
 724 3.330000
 725 3.320000
 726 3.320000
 727 3.320000
 728 3.340000
 729 3.320000
 730 3.330000
 731 3.330000
 732 3.340000
 733 3.360000
 734 3.370000
 735 3.390000
 736 3.370000
 737 3.370000
 738 3.390000
 739 3.420000
 740 3.460000
 741 3.470000
 742 3.440000
 743 3.440000
 744 3.490000
 745 3.490000
 746 3.490000
 747 3.540000
 748 3.540000
 749 3.570000
 750 3.590000
 751 3.590000
 752 3.590000
 753 3.590000
 754 3.630000
 755 3.670000
 756 3.670000
 757 2.990000
 758 3.000000
 759 3.430000
 760 3.760000