
 0 2.190000
 1 2.180000
 2 2.170000
 3 2.150000
 4 2.150000
 5 2.180000
 6 2.150000
 7 2.190000
 8 2.190000
 9 2.200000
 10 2.180000
 11 2.210000
 12 2.190000
 13 2.190000
 14 2.190000
 15 2.240000
 16 2.240000
 17 2.160000
 18 2.170000
 19 2.150000
 20 2.160000
 21 2.190000
 22 2.200000
 23 2.230000
 24 2.240000
 25 2.200000
 26 2.190000
 27 2.220000
 28 2.200000
 29 2.190000
 30 2.240000
 31 2.240000
 32 2.240000
 33 2.240000
 34 2.240000
 35 2.210000
 36 2.210000
 37 2.190000
 38 2.220000
 39 2.210000
 40 2.280000
 41 2.250000
 42 2.250000
 43 2.270000
 44 2.300000
 45 2.280000
 46 2.290000
 47 2.280000
 48 2.290000
 49 2.270000
 50 2.260000
 51 2.270000
 52 2.310000
 53 2.330000
 54 2.330000
 55 2.320000
 56 2.310000
 57 2.330000
 58 2.330000
 59 2.410000
 60 2.370000
 61 2.330000
 62 2.320000
 63 2.290000
 64 2.310000
 65 2.360000
 66 2.380000
 67 2.390000
 68 2.390000
 69 2.350000
 70 2.360000
 71 2.390000
 72 2.390000
 73 2.390000
 74 2.390000
 75 2.390000
 76 2.390000
 77 2.360000
 78 2.370000
 79 2.370000
 80 2.390000
 81 2.430000
 82 2.420000
 83 2.420000
 84 2.460000
 85 2.480000
 86 2.510000
 87 2.450000
 88 3.500000
 89 3.530000
 90 3.500000
 91 3.530000
 92 3.600000
 93 3.470000
 94 3.500000
 95 3.480000
 96 3.480000
 97 3.540000
 98 3.550000
 99 3.540000
 100 3.550000
 101 3.540000
 102 3.530000
 103 3.530000
 104 3.580000
 105 3.580000
 106 3.580000
 107 3.600000
 108 3.690000
 109 3.670000
 110 3.650000
 111 3.650000
 112 3.710000
 113 3.730000
 114 3.730000
 115 3.770000
 116 3.800000
 117 3.790000
 118 3.810000
 119 3.830000
 120 3.840000
 121 3.850000
 122 3.850000
 123 3.850000
 124 3.840000
 125 3.850000
 126 3.840000
 127 3.900000
 128 3.900000
 129 3.920000
 130 3.900000
 131 3.940000
 132 3.940000
 133 3.940000
 134 4.040000
 135 4.070000
 136 4.030000
 137 4.090000
 138 4.110000
 139 4.140000
 140 4.030000
 141 4.050000
 142 4.050000
 143 4.080000
 144 4.080000
 145 4.220000
 146 4.130000
 147 4.150000
 148 4.150000
 149 4.150000
 150 4.180000
 151 4.170000
 152 4.220000
 153 1.220000
 154 1.220000
 155 1.200000
 156 1.220000
 157 4.270000
 158 4.330000
 159 4.330000
 160 4.380000
 161 4.380000
 162 4.380000
 163 4.380000
 164 4.400000
 165 4.130000
 166 4.220000
 167 4.480000
 168 4.500000
 169 4.530000
 170 4.550000
 171 4.550000
 172 4.580000
 173 4.740000
 174 4.740000
 175 4.770000
 176 4.780000
 177 4.680000
 178 4.730000
 179 4.750000
 180 4.780000
 181 4.780000
 182 4.890000
 183 4.930000
 184 4.980000
 185 4.960000
 186 4.980000
 187 5.010000
 188 4.980000
 189 4.980000
 190 4.960000
 191 4.960000
 192 4.960000
 193 4.940000
 194 4.910000
 195 4.910000
 196 4.730000
 197 4.750000
 198 4.700000
 199 4.820000
 200 4.820000
 201 4.770000
 202 4.750000
 203 4.740000
 204 4.730000
 205 4.740000
 206 4.680000
 207 4.680000
 208 4.680000
 209 4.680000
 210 4.660000
 211 4.660000
 212 4.620000
 213 4.610000
 214 4.590000
 215 4.610000
 216 4.610000
 217 4.580000
 218 4.580000
 219 4.580000
 220 4.580000
 221 4.450000
 222 4.480000
 223 4.480000
 224 4.580000
 225 4.450000
 226 4.430000
 227 4.430000
 228 4.430000
 229 4.400000
 230 4.430000
 231 4.380000
 232 4.500000
 233 4.470000
 234 4.470000
 235 4.410000
 236 4.430000
 237 4.410000
 238 4.380000
 239 4.370000
 240 3.330000
 241 3.240000
 242 3.220000
 243 3.220000
 244 3.220000
 245 3.220000
 246 2.760000
 247 2.650000
 248 2.650000
 249 2.680000
 250 2.680000
 251 2.670000
 252 2.670000
 253 2.680000
 254 2.140000
 255 2.170000
 256 2.120000
 257 2.110000
 258 2.120000
 259 2.110000
 260 2.110000
 261 2.120000
 262 2.120000
 263 2.110000
 264 2.130000
 265 3.310000
 266 3.290000
 267 3.260000
 268 3.290000
 269 3.290000
 270 3.290000
 271 3.310000
 272 4.270000
 273 4.280000
 274 4.280000
 275 2.790000
 276 2.750000
 277 2.740000
 278 2.710000
 279 2.740000
 280 2.740000
 281 2.760000
 282 2.760000
 283 2.750000
 284 4.070000
 285 4.050000
 286 4.030000
 287 4.040000
 288 3.510000
 289 3.420000
 290 2.360000
 291 2.240000
 292 2.240000
 293 2.230000
 294 2.210000
 295 2.200000
 296 2.210000
 297 2.210000
 298 2.210000
 299 2.230000
 300 2.250000
 301 3.050000
 302 3.030000
 303 2.910000
 304 2.890000
 305 2.870000
 306 2.890000
 307 2.860000
 308 2.100000
 309 1.990000
 310 1.990000
 311 1.990000
 312 2.010000
 313 1.990000
 314 1.990000
 315 1.990000
 316 1.960000
 317 1.990000
 318 1.960000
 319 1.950000
 320 1.960000
 321 1.960000
 322 1.960000
 323 1.960000
 324 1.960000
 325 1.940000
 326 1.940000
 327 1.940000
 328 1.930000
 329 1.920000
 330 1.920000
 331 1.910000
 332 1.910000
 333 1.910000
 334 1.880000
 335 1.890000
 336 1.880000
 337 1.910000
 338 1.880000
 339 1.900000
 340 1.890000
 341 1.870000
 342 1.870000
 343 1.870000
 344 1.870000
 345 1.850000
 346 1.870000
 347 1.850000
 348 1.880000
 349 1.880000
 350 1.900000
 351 1.950000
 352 2.020000
 353 2.060000
 354 2.080000
 355 2.130000
 356 2.130000
 357 2.220000
 358 2.680000
 359 2.710000
 360 2.660000
 361 2.660000
 362 2.660000
 363 2.630000
 364 2.630000
 365 2.610000
 366 2.610000
 367 2.610000
 368 2.610000
 369 2.580000
 370 2.580000
 371 2.560000
 372 2.570000
 373 2.620000
 374 1.110000
 375 1.070000
 376 1.090000
 377 1.100000
 378 1.080000
 379 2.530000
 380 2.500000
 381 2.500000
 382 2.490000
 383 2.470000
 384 2.440000
 385 2.450000
 386 2.450000
 387 2.460000
 388 2.390000
 389 2.420000
 390 2.420000
 391 2.390000
 392 2.400000
 393 1.250000
 394 1.220000
 395 1.220000
 396 1.170000
 397 1.230000
 398 1.200000
 399 1.200000
 400 1.200000
 401 1.190000
 402 1.200000
 403 1.170000
 404 1.180000
 405 1.180000
 406 1.190000
 407 1.150000
 408 1.170000
 409 1.140000
 410 1.150000
 411 1.160000
 412 1.170000
 413 1.170000
 414 1.190000
 415 1.150000
 416 1.150000
 417 1.150000
 418 1.150000
 419 1.150000
 420 1.160000
 421 1.190000
 422 1.180000
 423 1.180000
 424 1.170000
 425 1.180000
 426 1.160000
 427 1.180000
 428 1.210000
 429 1.170000
 430 1.180000
 431 1.190000
 432 1.210000
 433 1.170000
 434 1.200000
 435 1.210000
 436 1.220000
 437 1.220000
 438 2.170000
 439 2.180000
 440 2.160000
 441 2.170000
 442 2.160000
 443 2.160000
 444 2.160000
 445 2.130000
 446 2.160000
 447 2.160000
 448 2.130000
 449 2.130000
 450 2.130000
 451 2.110000
 452 1.110000
 453 1.080000
 454 1.090000
 455 1.100000
 456 1.070000
 457 1.130000
 458 2.140000
 459 2.150000
 460 2.130000
 461 2.110000
 462 2.110000
 463 2.130000
 464 2.110000
 465 2.130000
 466 2.130000
 467 2.130000
 468 2.160000
 469 2.180000
 470 2.160000
 471 2.160000
 472 2.160000
 473 2.190000
 474 2.190000
 475 2.190000
 476 2.190000
 477 2.190000
 478 2.200000
 479 2.200000
 480 2.190000
 481 2.220000
 482 2.220000
 483 2.220000
 484 2.240000
 485 2.240000
 486 2.240000
 487 2.240000
 488 2.240000
 489 2.240000
 490 2.220000
 491 2.240000
 492 2.220000
 493 2.240000
 494 2.240000
 495 2.240000
 496 2.240000
 497 2.240000
 498 2.220000
 499 2.120000
 500 2.160000
 501 2.220000
 502 2.220000
 503 2.030000
 504 1.870000
 505 1.840000
 506 1.840000
 507 1.850000
 508 2.270000
 509 2.270000
 510 2.300000
 511 2.280000
 512 2.300000
 513 2.280000
 514 2.280000
 515 2.280000
 516 2.280000
 517 2.260000
 518 2.310000
 519 2.310000
 520 2.340000
 521 2.320000
 522 2.340000
 523 2.350000
 524 2.350000
 525 2.350000
 526 2.350000
 527 2.330000
 528 2.350000
 529 2.330000
 530 2.330000
 531 2.330000
 532 2.330000
 533 2.330000
 534 2.300000
 535 2.300000
 536 2.300000
 537 2.280000
 538 2.280000
 539 2.250000
 540 2.280000
 541 2.250000
 542 2.280000
 543 2.290000
 544 2.260000
 545 2.240000
 546 2.250000
 547 2.310000
 548 2.350000
 549 2.350000
 550 2.350000
 551 2.340000
 552 2.320000
 553 2.320000
 554 2.330000
 555 2.360000
 556 2.360000
 557 2.330000
 558 1.520000
 559 1.510000
 560 1.500000
 561 1.490000
 562 1.480000
 563 1.510000
 564 1.510000
 565 1.510000
 566 1.540000
 567 1.540000
 568 1.560000
 569 1.590000
 570 1.580000
 571 1.580000
 572 1.610000
 573 1.630000
 574 1.620000
 575 1.670000
 576 1.670000
 577 1.690000
 578 1.720000
 579 1.740000
 580 1.770000
 581 1.820000
 582 1.840000
 583 1.800000
 584 2.010000
 585 2.170000
 586 2.290000
 587 2.320000
 588 2.320000
 589 2.320000
 590 2.320000
 591 2.340000
 592 2.340000
 593 2.170000
 594 2.030000
 595 2.010000
 596 1.990000
 597 2.110000
 598 2.340000
 599 2.370000
 600 2.370000
 601 2.370000
 602 2.350000
 603 2.370000
 604 2.400000
 605 2.390000
 606 2.390000
 607 2.390000
 608 2.400000
 609 2.400000
 610 2.390000
 611 2.420000
 612 2.420000
 613 2.420000
 614 2.420000
 615 2.420000
 616 2.420000
 617 2.410000
 618 2.420000
 619 2.410000
 620 2.410000
 621 2.430000
 622 2.430000
 623 2.450000
 624 2.440000
 625 2.470000
 626 2.470000
 627 2.460000
 628 2.470000
 629 2.490000
 630 2.490000
 631 2.470000
 632 2.470000
 633 2.470000
 634 2.490000
 635 2.470000
 636 2.470000
 637 2.490000
 638 2.500000
 639 2.500000
 640 2.510000
 641 2.520000
 642 2.510000
 643 2.530000
 644 2.510000
 645 2.530000
 646 2.520000
 647 2.530000
 648 2.560000
 649 2.560000
 650 2.550000
 651 2.580000
 652 2.580000
 653 2.580000
 654 2.570000
 655 2.570000
 656 2.600000
 657 2.620000
 658 2.570000
 659 2.590000
 660 2.620000
 661 2.620000
 662 2.620000
 663 2.650000
 664 2.620000
 665 2.620000
 666 2.650000
 667 2.650000
 668 2.660000
 669 2.680000
 670 2.650000
 671 2.670000
 672 2.670000
 673 2.650000
 674 2.700000
 675 2.670000
 676 2.670000
 677 2.670000
 678 2.690000
 679 2.720000
 680 2.720000
 681 2.770000
 682 2.790000
 683 2.790000
 684 2.820000
 685 2.840000
 686 2.840000
 687 2.830000
 688 2.860000
 689 2.860000
 690 2.860000
 691 2.860000
 692 2.860000
 693 2.860000
 694 2.880000
 695 2.880000
 696 2.930000
 697 2.910000
 698 2.930000
 699 2.930000
 700 2.930000
 701 1.480000
 702 1.500000
 703 1.510000
 704 1.540000
 705 1.510000
 706 1.540000
 707 1.510000
 708 1.510000
 709 1.540000
 710 1.510000
 711 1.510000
 712 1.530000
 713 1.530000
 714 1.510000
 715 1.560000
 716 2.400000
 717 2.330000
 718 2.230000
 719 2.150000
 720 2.100000
 721 2.000000
 722 1.900000
 723 1.680000
 724 1.500000
 725 1.480000
 726 1.470000
 727 1.490000
 728 1.520000
 729 3.390000
 730 3.370000
 731 3.390000
 732 3.390000
 733 3.410000
 734 3.400000
 735 3.370000
 736 3.370000
 737 3.360000
 738 3.370000
 739 3.420000
 740 3.440000
 741 3.470000
 742 3.490000
 743 3.490000
 744 3.520000
 745 3.520000
 746 3.530000
 747 3.520000
 748 3.460000
 749 3.430000
 750 3.510000
 751 3.600000
 752 3.610000
 753 3.610000
 754 3.580000
 755 3.560000
 756 3.630000
 757 3.630000
 758 3.630000
 759 3.620000
 760 3.630000
 0 2.190000
 1 2.180000
 2 2.140000
 3 2.150000
 4 2.180000
 5 2.150000
 6 2.180000
 7 2.190000
 8 2.190000
 9 2.200000
 10 2.180000
 11 2.190000
 12 2.210000
 13 2.190000
 14 2.190000
 15 2.220000
 16 2.240000
 17 2.160000
 18 2.150000
 19 2.170000
 20 2.160000
 21 2.210000
 22 2.200000
 23 2.230000
 24 2.210000
 25 2.210000
 26 2.190000
 27 2.190000
 28 2.200000
 29 2.190000
 30 2.210000
 31 2.240000
 32 2.240000
 33 2.240000
 34 2.210000
 35 2.210000
 36 2.210000
 37 2.220000
 38 2.190000
 39 2.210000
 40 2.250000
 41 2.250000
 42 2.280000
 43 2.260000
 44 2.300000
 45 2.300000
 46 2.260000
 47 2.280000
 48 2.260000
 49 2.270000
 50 2.260000
 51 2.270000
 52 2.290000
 53 2.330000
 54 2.330000
 55 2.320000
 56 2.310000
 57 2.330000
 58 2.330000
 59 2.390000
 60 2.350000
 61 2.300000
 62 2.290000
 63 2.320000
 64 2.310000
 65 2.340000
 66 2.370000
 67 2.370000
 68 2.360000
 69 2.350000
 70 2.360000
 71 2.390000
 72 2.390000
 73 2.390000
 74 2.390000
 75 2.390000
 76 2.360000
 77 2.390000
 78 2.370000
 79 2.370000
 80 2.390000
 81 2.400000
 82 2.420000
 83 2.420000
 84 2.460000
 85 2.480000
 86 2.480000
 87 2.420000
 88 3.530000
 89 3.530000
 90 3.530000
 91 3.530000
 92 3.570000
 93 3.450000
 94 3.480000
 95 3.480000
 96 3.480000
 97 3.540000
 98 3.520000
 99 3.520000
 100 3.530000
 101 3.540000
 102 3.530000
 103 3.530000
 104 3.580000
 105 3.580000
 106 3.600000
 107 3.600000
 108 3.650000
 109 3.650000
 110 3.650000
 111 3.660000
 112 3.700000
 113 3.730000
 114 3.730000
 115 3.770000
 116 3.800000
 117 3.800000
 118 3.840000
 119 3.830000
 120 3.840000
 121 3.830000
 122 3.850000
 123 3.830000
 124 3.840000
 125 3.850000
 126 3.870000
 127 3.880000
 128 3.900000
 129 3.930000
 130 3.910000
 131 3.950000
 132 3.930000
 133 3.930000
 134 4.050000
 135 4.100000
 136 4.010000
 137 4.100000
 138 4.120000
 139 4.120000
 140 4.030000
 141 4.050000
 142 4.050000
 143 4.080000
 144 4.080000
 145 4.250000
 146 4.100000
 147 4.130000
 148 4.150000
 149 4.170000
 150 4.180000
 151 4.170000
 152 4.220000
 153 1.250000
 154 1.220000
 155 1.200000
 156 1.220000
 157 4.270000
 158 4.330000
 159 4.350000
 160 4.350000
 161 4.380000
 162 4.400000
 163 4.380000
 164 4.400000
 165 4.130000
 166 4.220000
 167 4.480000
 168 4.500000
 169 4.500000
 170 4.530000
 171 4.550000
 172 4.580000
 173 4.740000
 174 4.770000
 175 4.770000
 176 4.780000
 177 4.700000
 178 4.730000
 179 4.750000
 180 4.780000
 181 4.780000
 182 4.880000
 183 4.940000
 184 4.960000
 185 4.930000
 186 4.960000
 187 5.010000
 188 4.980000
 189 4.980000
 190 4.960000
 191 4.960000
 192 4.960000
 193 4.910000
 194 4.910000
 195 4.910000
 196 4.750000
 197 4.730000
 198 4.830000
 199 4.800000
 200 4.820000
 201 4.800000
 202 4.750000
 203 4.770000
 204 4.730000
 205 4.740000
 206 4.680000
 207 4.680000
 208 4.680000
 209 4.660000
 210 4.660000
 211 4.660000
 212 4.620000
 213 4.620000
 214 4.620000
 215 4.610000
 216 4.610000
 217 4.610000
 218 4.620000
 219 4.560000
 220 4.580000
 221 4.480000
 222 4.480000
 223 4.450000
 224 4.550000
 225 4.430000
 226 4.430000
 227 4.430000
 228 4.430000
 229 4.420000
 230 4.400000
 231 4.500000
 232 4.500000
 233 4.470000
 234 4.430000
 235 4.430000
 236 4.410000
 237 4.410000
 238 4.380000
 239 4.370000
 240 3.320000
 241 3.240000
 242 3.220000
 243 3.220000
 244 3.220000
 245 3.220000
 246 2.790000
 247 2.650000
 248 2.680000
 249 2.680000
 250 2.680000
 251 2.640000
 252 2.670000
 253 2.680000
 254 2.200000
 255 2.170000
 256 2.100000
 257 2.090000
 258 2.120000
 259 2.110000
 260 2.110000
 261 2.110000
 262 2.120000
 263 2.110000
 264 2.160000
 265 3.310000
 266 3.290000
 267 3.290000
 268 3.290000
 269 3.310000
 270 3.310000
 271 3.330000
 272 4.270000
 273 4.280000
 274 4.280000
 275 2.790000
 276 2.770000
 277 2.710000
 278 2.740000
 279 2.740000
 280 2.770000
 281 2.740000
 282 2.760000
 283 2.780000
 284 4.070000
 285 4.050000
 286 4.060000
 287 4.040000
 288 3.510000
 289 3.420000
 290 2.360000
 291 2.240000
 292 2.210000
 293 2.200000
 294 2.210000
 295 2.180000
 296 2.210000
 297 2.210000
 298 2.210000
 299 2.200000
 300 2.250000
 301 3.050000
 302 3.020000
 303 2.940000
 304 2.910000
 305 2.870000
 306 2.860000
 307 2.860000
 308 2.080000
 309 1.990000
 310 1.990000
 311 1.990000
 312 2.010000
 313 1.990000
 314 1.990000
 315 1.970000
 316 1.960000
 317 1.990000
 318 1.960000
 319 1.980000
 320 1.960000
 321 1.960000
 322 1.960000
 323 1.960000
 324 1.940000
 325 1.960000
 326 1.940000
 327 1.940000
 328 1.930000
 329 1.950000
 330 1.920000
 331 1.910000
 332 1.910000
 333 1.910000
 334 1.910000
 335 1.890000
 336 1.880000
 337 1.890000
 338 1.900000
 339 1.880000
 340 1.860000
 341 1.850000
 342 1.900000
 343 1.870000
 344 1.870000
 345 1.880000
 346 1.900000
 347 1.850000
 348 1.880000
 349 1.910000
 350 1.880000
 351 1.950000
 352 1.990000
 353 2.060000
 354 2.080000
 355 2.100000
 356 2.150000
 357 2.220000
 358 2.710000
 359 2.710000
 360 2.680000
 361 2.660000
 362 2.660000
 363 2.630000
 364 2.610000
 365 2.610000
 366 2.630000
 367 2.630000
 368 2.580000
 369 2.580000
 370 2.610000
 371 2.560000
 372 2.550000
 373 2.610000
 374 1.110000
 375 1.100000
 376 1.110000
 377 1.100000
 378 1.080000
 379 2.520000
 380 2.500000
 381 2.530000
 382 2.500000
 383 2.470000
 384 2.450000
 385 2.480000
 386 2.450000
 387 2.460000
 388 2.410000
 389 2.420000
 390 2.420000
 391 2.410000
 392 2.420000
 393 1.220000
 394 1.220000
 395 1.220000
 396 1.200000
 397 1.230000
 398 1.200000
 399 1.200000
 400 1.200000
 401 1.190000
 402 1.200000
 403 1.200000
 404 1.170000
 405 1.170000
 406 1.190000
 407 1.160000
 408 1.190000
 409 1.170000
 410 1.180000
 411 1.160000
 412 1.170000
 413 1.180000
 414 1.160000
 415 1.170000
 416 1.180000
 417 1.180000
 418 1.180000
 419 1.150000
 420 1.170000
 421 1.160000
 422 1.180000
 423 1.180000
 424 1.170000
 425 1.210000
 426 1.160000
 427 1.180000
 428 1.180000
 429 1.190000
 430 1.180000
 431 1.160000
 432 1.200000
 433 1.180000
 434 1.200000
 435 1.230000
 436 1.220000
 437 1.240000
 438 2.160000
 439 2.180000
 440 2.160000
 441 2.160000
 442 2.160000
 443 2.160000
 444 2.160000
 445 2.160000
 446 2.160000
 447 2.160000
 448 2.130000
 449 2.160000
 450 2.160000
 451 2.120000
 452 1.090000
 453 1.100000
 454 1.120000
 455 1.090000
 456 1.090000
 457 1.130000
 458 2.160000
 459 2.120000
 460 2.130000
 461 2.130000
 462 2.130000
 463 2.110000
 464 2.110000
 465 2.130000
 466 2.130000
 467 2.160000
 468 2.160000
 469 2.170000
 470 2.180000
 471 2.160000
 472 2.190000
 473 2.190000
 474 2.190000
 475 2.190000
 476 2.190000
 477 2.190000
 478 2.200000
 479 2.190000
 480 2.220000
 481 2.190000
 482 2.200000
 483 2.220000
 484 2.240000
 485 2.220000
 486 2.220000
 487 2.240000
 488 2.240000
 489 2.220000
 490 2.220000
 491 2.220000
 492 2.240000
 493 2.240000
 494 2.240000
 495 2.220000
 496 2.250000
 497 2.220000
 498 2.220000
 499 2.120000
 500 2.170000
 501 2.220000
 502 2.220000
 503 2.030000
 504 1.870000
 505 1.840000
 506 1.840000
 507 1.850000
 508 2.270000
 509 2.270000
 510 2.270000
 511 2.280000
 512 2.300000
 513 2.270000
 514 2.280000
 515 2.280000
 516 2.280000
 517 2.280000
 518 2.310000
 519 2.340000
 520 2.310000
 521 2.320000
 522 2.370000
 523 2.350000
 524 2.350000
 525 2.350000
 526 2.350000
 527 2.350000
 528 2.350000
 529 2.330000
 530 2.330000
 531 2.350000
 532 2.330000
 533 2.330000
 534 2.300000
 535 2.300000
 536 2.300000
 537 2.280000
 538 2.280000
 539 2.280000
 540 2.280000
 541 2.280000
 542 2.280000
 543 2.260000
 544 2.240000
 545 2.270000
 546 2.250000
 547 2.310000
 548 2.350000
 549 2.350000
 550 2.370000
 551 2.340000
 552 2.330000
 553 2.320000
 554 2.360000
 555 2.360000
 556 2.330000
 557 2.330000
 558 1.520000
 559 1.500000
 560 1.520000
 561 1.500000
 562 1.490000
 563 1.490000
 564 1.510000
 565 1.510000
 566 1.540000
 567 1.540000
 568 1.560000
 569 1.560000
 570 1.580000
 571 1.580000
 572 1.610000
 573 1.630000
 574 1.630000
 575 1.650000
 576 1.700000
 577 1.690000
 578 1.720000
 579 1.740000
 580 1.770000
 581 1.810000
 582 1.860000
 583 1.800000
 584 2.010000
 585 2.130000
 586 2.320000
 587 2.320000
 588 2.320000
 589 2.320000
 590 2.320000
 591 2.340000
 592 2.320000
 593 2.130000
 594 2.020000
 595 2.010000
 596 2.020000
 597 2.110000
 598 2.370000
 599 2.370000
 600 2.370000
 601 2.370000
 602 2.370000
 603 2.370000
 604 2.370000
 605 2.390000
 606 2.370000
 607 2.390000
 608 2.390000
 609 2.400000
 610 2.420000
 611 2.390000
 612 2.440000
 613 2.390000
 614 2.420000
 615 2.420000
 616 2.420000
 617 2.420000
 618 2.440000
 619 2.430000
 620 2.440000
 621 2.430000
 622 2.440000
 623 2.470000
 624 2.470000
 625 2.470000
 626 2.470000
 627 2.430000
 628 2.460000
 629 2.470000
 630 2.470000
 631 2.470000
 632 2.470000
 633 2.470000
 634 2.470000
 635 2.470000
 636 2.470000
 637 2.500000
 638 2.500000
 639 2.500000
 640 2.500000
 641 2.520000
 642 2.510000
 643 2.510000
 644 2.530000
 645 2.560000
 646 2.530000
 647 2.560000
 648 2.560000
 649 2.560000
 650 2.530000
 651 2.560000
 652 2.580000
 653 2.550000
 654 2.580000
 655 2.570000
 656 2.570000
 657 2.600000
 658 2.620000
 659 2.620000
 660 2.600000
 661 2.620000
 662 2.620000
 663 2.650000
 664 2.620000
 665 2.620000
 666 2.650000
 667 2.650000
 668 2.680000
 669 2.660000
 670 2.680000
 671 2.670000
 672 2.650000
 673 2.670000
 674 2.670000
 675 2.670000
 676 2.690000
 677 2.690000
 678 2.690000
 679 2.710000
 680 2.740000
 681 2.730000
 682 2.770000
 683 2.790000
 684 2.790000
 685 2.820000
 686 2.870000
 687 2.840000
 688 2.860000
 689 2.860000
 690 2.860000
 691 2.860000
 692 2.860000
 693 2.880000
 694 2.880000
 695 2.910000
 696 2.880000
 697 2.930000
 698 2.930000
 699 2.930000
 700 2.930000
 701 1.510000
 702 1.530000
 703 1.510000
 704 1.510000
 705 1.510000
 706 1.510000
 707 1.510000
 708 1.540000
 709 1.510000
 710 1.540000
 711 1.510000
 712 1.530000
 713 1.530000
 714 1.540000
 715 1.530000
 716 2.400000
 717 2.300000
 718 2.230000
 719 2.170000
 720 2.100000
 721 2.040000
 722 1.900000
 723 1.700000
 724 1.500000
 725 1.480000
 726 1.500000
 727 1.500000
 728 1.530000
 729 3.380000
 730 3.390000
 731 3.390000
 732 3.390000
 733 3.390000
 734 3.390000
 735 3.390000
 736 3.390000
 737 3.340000
 738 3.390000
 739 3.420000
 740 3.420000
 741 3.440000
 742 3.500000
 743 3.500000
 744 3.520000
 745 3.550000
 746 3.540000
 747 3.510000
 748 3.480000
 749 3.460000
 750 3.530000
 751 3.610000
 752 3.610000
 753 3.580000
 754 3.560000
 755 3.550000
 756 3.650000
 757 3.650000
 758 3.630000
 759 3.630000
 760 3.630000
 0 2.190000
 1 2.150000
 2 2.140000
 3 2.150000
 4 2.150000
 5 2.150000
 6 2.180000
 7 2.160000
 8 2.220000
 9 2.200000
 10 2.230000
 11 2.190000
 12 2.190000
 13 2.190000
 14 2.190000
 15 2.240000
 16 2.260000
 17 2.160000
 18 2.140000
 19 2.180000
 20 2.160000
 21 2.210000
 22 2.200000
 23 2.250000
 24 2.210000
 25 2.200000
 26 2.190000
 27 2.220000
 28 2.200000
 29 2.190000
 30 2.210000
 31 2.240000
 32 2.220000
 33 2.240000
 34 2.240000
 35 2.210000
 36 2.210000
 37 2.220000
 38 2.220000
 39 2.210000
 40 2.280000
 41 2.280000
 42 2.250000
 43 2.290000
 44 2.300000
 45 2.280000
 46 2.290000
 47 2.280000
 48 2.260000
 49 2.270000
 50 2.260000
 51 2.290000
 52 2.290000
 53 2.330000
 54 2.300000
 55 2.320000
 56 2.310000
 57 2.330000
 58 2.330000
 59 2.410000
 60 2.370000
 61 2.330000
 62 2.290000
 63 2.290000
 64 2.310000
 65 2.340000
 66 2.380000
 67 2.370000
 68 2.390000
 69 2.350000
 70 2.360000
 71 2.360000
 72 2.420000
 73 2.420000
 74 2.420000
 75 2.410000
 76 2.390000
 77 2.390000
 78 2.390000
 79 2.390000
 80 2.370000
 81 2.430000
 82 2.430000
 83 2.420000
 84 2.460000
 85 2.480000
 86 2.490000
 87 2.450000
 88 3.500000
 89 3.530000
 90 3.500000
 91 3.530000
 92 3.570000
 93 3.450000
 94 3.480000
 95 3.480000
 96 3.480000
 97 3.550000
 98 3.530000
 99 3.540000
 100 3.540000
 101 3.550000
 102 3.550000
 103 3.500000
 104 3.580000
 105 3.580000
 106 3.580000
 107 3.630000
 108 3.690000
 109 3.700000
 110 3.680000
 111 3.650000
 112 3.710000
 113 3.710000
 114 3.730000
 115 3.770000
 116 3.780000
 117 3.790000
 118 3.820000
 119 3.830000
 120 3.830000
 121 3.860000
 122 3.830000
 123 3.850000
 124 3.880000
 125 3.880000
 126 3.870000
 127 3.880000
 128 3.890000
 129 3.930000
 130 3.940000
 131 3.950000
 132 3.940000
 133 3.950000
 134 4.070000
 135 4.070000
 136 4.020000
 137 4.090000
 138 4.090000
 139 4.150000
 140 4.030000
 141 4.050000
 142 4.050000
 143 4.080000
 144 4.080000
 145 4.250000
 146 4.100000
 147 4.150000
 148 4.150000
 149 4.180000
 150 4.180000
 151 4.200000
 152 4.220000
 153 1.220000
 154 1.220000
 155 1.200000
 156 1.220000
 157 4.300000
 158 4.330000
 159 4.350000
 160 4.350000
 161 4.380000
 162 4.400000
 163 4.380000
 164 4.400000
 165 4.150000
 166 4.220000
 167 4.500000
 168 4.480000
 169 4.500000
 170 4.530000
 171 4.550000
 172 4.600000
 173 4.740000
 174 4.770000
 175 4.740000
 176 4.780000
 177 4.700000
 178 4.730000
 179 4.750000
 180 4.780000
 181 4.800000
 182 4.880000
 183 4.970000
 184 4.980000
 185 4.960000
 186 4.960000
 187 5.010000
 188 4.980000
 189 4.980000
 190 4.980000
 191 4.980000
 192 4.930000
 193 4.910000
 194 4.910000
 195 4.910000
 196 4.880000
 197 4.750000
 198 4.700000
 199 4.800000
 200 4.820000
 201 4.800000
 202 4.750000
 203 4.770000
 204 4.710000
 205 4.740000
 206 4.680000
 207 4.680000
 208 4.680000
 209 4.680000
 210 4.660000
 211 4.660000
 212 4.620000
 213 4.600000
 214 4.610000
 215 4.610000
 216 4.610000
 217 4.610000
 218 4.590000
 219 4.560000
 220 4.580000
 221 4.480000
 222 4.500000
 223 4.480000
 224 4.560000
 225 4.450000
 226 4.450000
 227 4.450000
 228 4.430000
 229 4.400000
 230 4.400000
 231 4.380000
 232 4.500000
 233 4.470000
 234 4.440000
 235 4.430000
 236 4.430000
 237 4.410000
 238 4.380000
 239 4.370000
 240 3.310000
 241 3.240000
 242 3.220000
 243 3.220000
 244 3.220000
 245 3.240000
 246 2.790000
 247 2.650000
 248 2.680000
 249 2.650000
 250 2.680000
 251 2.670000
 252 2.640000
 253 2.650000
 254 2.170000
 255 2.140000
 256 2.120000
 257 2.090000
 258 2.090000
 259 2.110000
 260 2.090000
 261 2.140000
 262 2.110000
 263 2.110000
 264 2.130000
 265 3.310000
 266 3.290000
 267 3.290000
 268 3.290000
 269 3.290000
 270 3.310000
 271 3.330000
 272 4.270000
 273 4.280000
 274 4.280000
 275 2.790000
 276 2.770000
 277 2.740000
 278 2.740000
 279 2.740000
 280 2.740000
 281 2.740000
 282 2.760000
 283 2.780000
 284 4.100000
 285 4.050000
 286 4.030000
 287 4.060000
 288 3.510000
 289 3.400000
 290 2.330000
 291 2.240000
 292 2.210000
 293 2.200000
 294 2.210000
 295 2.200000
 296 2.240000
 297 2.240000
 298 2.210000
 299 2.200000
 300 2.220000
 301 3.050000
 302 3.030000
 303 2.910000
 304 2.890000
 305 2.870000
 306 2.860000
 307 2.880000
 308 2.100000
 309 2.010000
 310 1.990000
 311 1.990000
 312 1.990000
 313 1.960000
 314 1.960000
 315 1.990000
 316 1.990000
 317 1.960000
 318 1.960000
 319 1.980000
 320 1.960000
 321 1.960000
 322 1.960000
 323 1.960000
 324 1.940000
 325 1.940000
 326 1.940000
 327 1.940000
 328 1.930000
 329 1.920000
 330 1.950000
 331 1.910000
 332 1.910000
 333 1.910000
 334 1.910000
 335 1.920000
 336 1.880000
 337 1.890000
 338 1.880000
 339 1.870000
 340 1.890000
 341 1.870000
 342 1.880000
 343 1.850000
 344 1.870000
 345 1.880000
 346 1.870000
 347 1.870000
 348 1.880000
 349 1.880000
 350 1.900000
 351 1.950000
 352 2.020000
 353 2.060000
 354 2.080000
 355 2.130000
 356 2.150000
 357 2.220000
 358 2.710000
 359 2.680000
 360 2.680000
 361 2.660000
 362 2.660000
 363 2.630000
 364 2.630000
 365 2.610000
 366 2.610000
 367 2.610000
 368 2.580000
 369 2.580000
 370 2.580000
 371 2.580000
 372 2.570000
 373 2.580000
 374 1.080000
 375 1.100000
 376 1.090000
 377 1.100000
 378 1.100000
 379 2.530000
 380 2.530000
 381 2.490000
 382 2.470000
 383 2.470000
 384 2.470000
 385 2.480000
 386 2.460000
 387 2.460000
 388 2.420000
 389 2.400000
 390 2.420000
 391 2.420000
 392 2.390000
 393 1.190000
 394 1.220000
 395 1.200000
 396 1.200000
 397 1.230000
 398 1.230000
 399 1.200000
 400 1.200000
 401 1.220000
 402 1.200000
 403 1.210000
 404 1.170000
 405 1.180000
 406 1.200000
 407 1.170000
 408 1.170000
 409 1.170000
 410 1.160000
 411 1.160000
 412 1.170000
 413 1.160000
 414 1.160000
 415 1.150000
 416 1.180000
 417 1.150000
 418 1.150000
 419 1.150000
 420 1.190000
 421 1.160000
 422 1.170000
 423 1.180000
 424 1.200000
 425 1.170000
 426 1.180000
 427 1.180000
 428 1.180000
 429 1.170000
 430 1.180000
 431 1.200000
 432 1.180000
 433 1.200000
 434 1.200000
 435 1.210000
 436 1.220000
 437 1.210000
 438 2.180000
 439 2.160000
 440 2.160000
 441 2.160000
 442 2.160000
 443 2.160000
 444 2.130000
 445 2.160000
 446 2.160000
 447 2.170000
 448 2.160000
 449 2.130000
 450 2.130000
 451 2.120000
 452 1.060000
 453 1.100000
 454 1.090000
 455 1.120000
 456 1.090000
 457 1.130000
 458 2.170000
 459 2.120000
 460 2.130000
 461 2.110000
 462 2.110000
 463 2.130000
 464 2.130000
 465 2.130000
 466 2.130000
 467 2.130000
 468 2.180000
 469 2.160000
 470 2.160000
 471 2.210000
 472 2.190000
 473 2.220000
 474 2.190000
 475 2.190000
 476 2.220000
 477 2.200000
 478 2.190000
 479 2.190000
 480 2.220000
 481 2.190000
 482 2.220000
 483 2.190000
 484 2.240000
 485 2.240000
 486 2.220000
 487 2.220000
 488 2.240000
 489 2.240000
 490 2.220000
 491 2.240000
 492 2.240000
 493 2.240000
 494 2.240000
 495 2.250000
 496 2.240000
 497 2.220000
 498 2.220000
 499 2.120000
 500 2.190000
 501 2.240000
 502 2.240000
 503 2.030000
 504 1.870000
 505 1.840000
 506 1.840000
 507 1.850000
 508 2.270000
 509 2.300000
 510 2.300000
 511 2.310000
 512 2.280000
 513 2.280000
 514 2.280000
 515 2.280000
 516 2.280000
 517 2.280000
 518 2.280000
 519 2.310000
 520 2.340000
 521 2.320000
 522 2.350000
 523 2.350000
 524 2.350000
 525 2.350000
 526 2.350000
 527 2.350000
 528 2.350000
 529 2.350000
 530 2.330000
 531 2.350000
 532 2.330000
 533 2.330000
 534 2.300000
 535 2.280000
 536 2.300000
 537 2.300000
 538 2.280000
 539 2.280000
 540 2.250000
 541 2.250000
 542 2.280000
 543 2.290000
 544 2.240000
 545 2.240000
 546 2.240000
 547 2.310000
 548 2.320000
 549 2.350000
 550 2.320000
 551 2.340000
 552 2.330000
 553 2.320000
 554 2.330000
 555 2.330000
 556 2.330000
 557 2.320000
 558 1.490000
 559 1.530000
 560 1.490000
 561 1.490000
 562 1.490000
 563 1.510000
 564 1.510000
 565 1.510000
 566 1.540000
 567 1.540000
 568 1.560000
 569 1.560000
 570 1.580000
 571 1.610000
 572 1.610000
 573 1.630000
 574 1.650000
 575 1.650000
 576 1.690000
 577 1.690000
 578 1.720000
 579 1.740000
 580 1.770000
 581 1.810000
 582 1.870000
 583 1.800000
 584 1.980000
 585 2.130000
 586 2.290000
 587 2.320000
 588 2.320000
 589 2.320000
 590 2.320000
 591 2.330000
 592 2.320000
 593 2.140000
 594 2.020000
 595 2.010000
 596 2.020000
 597 2.110000
 598 2.340000
 599 2.370000
 600 2.370000
 601 2.370000
 602 2.370000
 603 2.370000
 604 2.370000
 605 2.390000
 606 2.370000
 607 2.370000
 608 2.400000
 609 2.400000
 610 2.400000
 611 2.400000
 612 2.420000
 613 2.420000
 614 2.420000
 615 2.420000
 616 2.420000
 617 2.420000
 618 2.420000
 619 2.410000
 620 2.430000
 621 2.430000
 622 2.440000
 623 2.470000
 624 2.470000
 625 2.460000
 626 2.460000
 627 2.460000
 628 2.470000
 629 2.490000
 630 2.490000
 631 2.490000
 632 2.470000
 633 2.470000
 634 2.470000
 635 2.490000
 636 2.500000
 637 2.490000
 638 2.500000
 639 2.500000
 640 2.500000
 641 2.520000
 642 2.530000
 643 2.510000
 644 2.530000
 645 2.530000
 646 2.530000
 647 2.560000
 648 2.560000
 649 2.550000
 650 2.560000
 651 2.580000
 652 2.580000
 653 2.570000
 654 2.570000
 655 2.550000
 656 2.600000
 657 2.600000
 658 2.620000
 659 2.620000
 660 2.620000
 661 2.620000
 662 2.640000
 663 2.650000
 664 2.650000
 665 2.620000
 666 2.650000
 667 2.670000
 668 2.660000
 669 2.680000
 670 2.650000
 671 2.670000
 672 2.670000
 673 2.670000
 674 2.670000
 675 2.670000
 676 2.670000
 677 2.680000
 678 2.690000
 679 2.710000
 680 2.740000
 681 2.770000
 682 2.790000
 683 2.790000
 684 2.820000
 685 2.840000
 686 2.830000
 687 2.840000
 688 2.830000
 689 2.860000
 690 2.860000
 691 2.860000
 692 2.860000
 693 2.880000
 694 2.880000
 695 2.880000
 696 2.910000
 697 2.910000
 698 2.910000
 699 2.930000
 700 2.930000
 701 1.540000
 702 1.530000
 703 1.540000
 704 1.510000
 705 1.540000
 706 1.510000
 707 1.510000
 708 1.540000
 709 1.510000
 710 1.510000
 711 1.510000
 712 1.550000
 713 1.530000
 714 1.510000
 715 1.530000
 716 2.380000
 717 2.330000
 718 2.230000
 719 2.150000
 720 2.100000
 721 2.010000
 722 1.900000
 723 1.700000
 724 1.480000
 725 1.480000
 726 1.470000
 727 1.500000
 728 1.520000
 729 3.390000
 730 3.370000
 731 3.390000
 732 3.390000
 733 3.390000
 734 3.370000
 735 3.390000
 736 3.370000
 737 3.370000
 738 3.390000
 739 3.440000
 740 3.440000
 741 3.450000
 742 3.490000
 743 3.520000
 744 3.520000
 745 3.550000
 746 3.530000
 747 3.510000
 748 3.480000
 749 3.460000
 750 3.520000
 751 3.610000
 752 3.600000
 753 3.610000
 754 3.550000
 755 3.560000
 756 3.630000
 757 3.650000
 758 3.620000
 759 3.630000
 760 3.630000
 0 2.160000
 1 2.180000
 2 2.170000
 3 2.150000
 4 2.180000
 5 2.180000
 6 2.150000
 7 2.160000
 8 2.200000
 9 2.230000
 10 2.200000
 11 2.190000
 12 2.190000
 13 2.190000
 14 2.210000
 15 2.240000
 16 2.260000
 17 2.160000
 18 2.150000
 19 2.180000
 20 2.160000
 21 2.210000
 22 2.230000
 23 2.230000
 24 2.210000
 25 2.200000
 26 2.200000
 27 2.200000
 28 2.200000
 29 2.200000
 30 2.210000
 31 2.250000
 32 2.250000
 33 2.240000
 34 2.200000
 35 2.210000
 36 2.210000
 37 2.200000
 38 2.220000
 39 2.210000
 40 2.250000
 41 2.250000
 42 2.280000
 43 2.260000
 44 2.280000
 45 2.300000
 46 2.290000
 47 2.300000
 48 2.260000
 49 2.270000
 50 2.260000
 51 2.270000
 52 2.310000
 53 2.300000
 54 2.330000
 55 2.320000
 56 2.310000
 57 2.300000
 58 2.330000
 59 2.410000
 60 2.370000
 61 2.300000
 62 2.300000
 63 2.300000
 64 2.310000
 65 2.360000
 66 2.380000
 67 2.370000
 68 2.360000
 69 2.380000
 70 2.360000
 71 2.390000
 72 2.390000
 73 2.400000
 74 2.400000
 75 2.390000
 76 2.390000
 77 2.360000
 78 2.370000
 79 2.370000
 80 2.400000
 81 2.430000
 82 2.420000
 83 2.420000
 84 2.450000
 85 2.480000
 86 2.510000
 87 2.420000
 88 3.500000
 89 3.550000
 90 3.530000
 91 3.530000
 92 3.570000
 93 3.470000
 94 3.480000
 95 3.460000
 96 3.480000
 97 3.540000
 98 3.530000
 99 3.560000
 100 3.550000
 101 3.560000
 102 3.530000
 103 3.560000
 104 3.560000
 105 3.610000
 106 3.580000
 107 3.610000
 108 3.700000
 109 3.680000
 110 3.670000
 111 3.660000
 112 3.690000
 113 3.700000
 114 3.750000
 115 3.780000
 116 3.810000
 117 3.790000
 118 3.810000
 119 3.830000
 120 3.820000
 121 3.860000
 122 3.850000
 123 3.830000
 124 3.850000
 125 3.850000
 126 3.860000
 127 3.880000
 128 3.900000
 129 3.900000
 130 3.950000
 131 3.950000
 132 3.910000
 133 3.960000
 134 4.060000
 135 4.070000
 136 4.030000
 137 4.090000
 138 4.110000
 139 4.150000
 140 4.030000
 141 4.060000
 142 4.060000
 143 4.080000
 144 4.080000
 145 4.080000
 146 4.110000
 147 4.160000
 148 4.160000
 149 4.170000
 150 4.180000
 151 4.200000
 152 4.220000
 153 1.220000
 154 1.220000
 155 1.200000
 156 1.220000
 157 4.270000
 158 4.310000
 159 4.360000
 160 4.350000
 161 4.380000
 162 4.380000
 163 4.410000
 164 4.410000
 165 4.130000
 166 4.220000
 167 4.510000
 168 4.510000
 169 4.530000
 170 4.530000
 171 4.560000
 172 4.580000
 173 4.740000
 174 4.770000
 175 4.740000
 176 4.800000
 177 4.710000
 178 4.730000
 179 4.760000
 180 4.780000
 181 4.810000
 182 4.870000
 183 4.970000
 184 4.990000
 185 4.930000
 186 4.980000
 187 5.010000
 188 5.010000
 189 5.010000
 190 4.980000
 191 4.960000
 192 4.960000
 193 4.910000
 194 4.910000
 195 4.930000
 196 4.860000
 197 4.760000
 198 4.830000
 199 4.830000
 200 4.800000
 201 4.770000
 202 4.750000
 203 4.770000
 204 4.710000
 205 4.710000
 206 4.680000
 207 4.680000
 208 4.680000
 209 4.660000
 210 4.660000
 211 4.660000
 212 4.620000
 213 4.620000
 214 4.600000
 215 4.610000
 216 4.580000
 217 4.610000
 218 4.590000
 219 4.560000
 220 4.550000
 221 4.480000
 222 4.460000
 223 4.480000
 224 4.570000
 225 4.430000
 226 4.460000
 227 4.430000
 228 4.430000
 229 4.420000
 230 4.410000
 231 4.500000
 232 4.490000
 233 4.470000
 234 4.470000
 235 4.430000
 236 4.410000
 237 4.410000
 238 4.380000
 239 4.370000
 240 3.310000
 241 3.240000
 242 3.250000
 243 3.220000
 244 3.220000
 245 3.220000
 246 2.790000
 247 2.650000
 248 2.650000
 249 2.650000
 250 2.680000
 251 2.670000
 252 2.670000
 253 2.680000
 254 2.130000
 255 2.170000
 256 2.120000
 257 2.090000
 258 2.120000
 259 2.110000
 260 2.140000
 261 2.090000
 262 2.150000
 263 2.140000
 264 2.130000
 265 3.310000
 266 3.260000
 267 3.290000
 268 3.290000
 269 3.290000
 270 3.290000
 271 3.330000
 272 4.250000
 273 4.280000
 274 4.310000
 275 2.790000
 276 2.750000
 277 2.740000
 278 2.740000
 279 2.740000
 280 2.770000
 281 2.740000
 282 2.760000
 283 2.750000
 284 4.070000
 285 4.060000
 286 4.030000
 287 4.040000
 288 3.490000
 289 3.420000
 290 2.360000
 291 2.260000
 292 2.240000
 293 2.200000
 294 2.210000
 295 2.200000
 296 2.210000
 297 2.240000
 298 2.240000
 299 2.230000
 300 2.240000
 301 3.050000
 302 3.060000
 303 2.910000
 304 2.890000
 305 2.850000
 306 2.890000
 307 2.860000
 308 2.100000
 309 1.990000
 310 2.020000
 311 1.990000
 312 2.010000
 313 1.990000
 314 1.990000
 315 1.990000
 316 1.960000
 317 1.960000
 318 1.990000
 319 1.950000
 320 1.960000
 321 1.960000
 322 1.960000
 323 1.940000
 324 1.960000
 325 1.940000
 326 1.940000
 327 1.960000
 328 1.930000
 329 1.920000
 330 1.920000
 331 1.910000
 332 1.910000
 333 1.910000
 334 1.910000
 335 1.890000
 336 1.910000
 337 1.900000
 338 1.890000
 339 1.890000
 340 1.880000
 341 1.870000
 342 1.910000
 343 1.870000
 344 1.870000
 345 1.850000
 346 1.880000
 347 1.860000
 348 1.880000
 349 1.860000
 350 1.910000
 351 1.950000
 352 1.990000
 353 2.060000
 354 2.100000
 355 2.130000
 356 2.150000
 357 2.220000
 358 2.680000
 359 2.680000
 360 2.680000
 361 2.660000
 362 2.660000
 363 2.610000
 364 2.610000
 365 2.610000
 366 2.610000
 367 2.610000
 368 2.610000
 369 2.580000
 370 2.580000
 371 2.580000
 372 2.580000
 373 2.620000
 374 1.110000
 375 1.100000
 376 1.090000
 377 1.100000
 378 1.110000
 379 2.530000
 380 2.500000
 381 2.490000
 382 2.500000
 383 2.490000
 384 2.480000
 385 2.480000
 386 2.450000
 387 2.450000
 388 2.430000
 389 2.430000
 390 2.430000
 391 2.440000
 392 2.400000
 393 1.250000
 394 1.200000
 395 1.200000
 396 1.200000
 397 1.230000
 398 1.210000
 399 1.210000
 400 1.200000
 401 1.210000
 402 1.180000
 403 1.210000
 404 1.170000
 405 1.170000
 406 1.180000
 407 1.170000
 408 1.170000
 409 1.170000
 410 1.190000
 411 1.160000
 412 1.170000
 413 1.160000
 414 1.160000
 415 1.170000
 416 1.150000
 417 1.180000
 418 1.180000
 419 1.150000
 420 1.170000
 421 1.160000
 422 1.170000
 423 1.180000
 424 1.170000
 425 1.190000
 426 1.160000
 427 1.190000
 428 1.180000
 429 1.170000
 430 1.180000
 431 1.160000
 432 1.160000
 433 1.180000
 434 1.210000
 435 1.220000
 436 1.220000
 437 1.240000
 438 2.160000
 439 2.160000
 440 2.160000
 441 2.160000
 442 2.160000
 443 2.130000
 444 2.160000
 445 2.130000
 446 2.160000
 447 2.130000
 448 2.130000
 449 2.130000
 450 2.160000
 451 2.110000
 452 1.060000
 453 1.080000
 454 1.090000
 455 1.090000
 456 1.090000
 457 1.130000
 458 2.140000
 459 2.130000
 460 2.130000
 461 2.110000
 462 2.110000
 463 2.130000
 464 2.110000
 465 2.130000
 466 2.130000
 467 2.170000
 468 2.160000
 469 2.170000
 470 2.160000
 471 2.180000
 472 2.190000
 473 2.180000
 474 2.220000
 475 2.190000
 476 2.190000
 477 2.220000
 478 2.190000
 479 2.200000
 480 2.190000
 481 2.220000
 482 2.220000
 483 2.240000
 484 2.220000
 485 2.220000
 486 2.220000
 487 2.240000
 488 2.240000
 489 2.240000
 490 2.220000
 491 2.220000
 492 2.240000
 493 2.240000
 494 2.240000
 495 2.220000
 496 2.240000
 497 2.240000
 498 2.220000
 499 2.100000
 500 2.180000
 501 2.220000
 502 2.240000
 503 2.030000
 504 1.870000
 505 1.840000
 506 1.870000
 507 1.860000
 508 2.270000
 509 2.270000
 510 2.300000
 511 2.280000
 512 2.300000
 513 2.280000
 514 2.280000
 515 2.280000
 516 2.280000
 517 2.280000
 518 2.310000
 519 2.310000
 520 2.310000
 521 2.340000
 522 2.350000
 523 2.370000
 524 2.370000
 525 2.350000
 526 2.350000
 527 2.350000
 528 2.350000
 529 2.350000
 530 2.350000
 531 2.330000
 532 2.300000
 533 2.330000
 534 2.300000
 535 2.300000
 536 2.300000
 537 2.300000
 538 2.280000
 539 2.250000
 540 2.280000
 541 2.250000
 542 2.250000
 543 2.290000
 544 2.240000
 545 2.270000
 546 2.270000
 547 2.310000
 548 2.350000
 549 2.350000
 550 2.320000
 551 2.340000
 552 2.320000
 553 2.350000
 554 2.330000
 555 2.330000
 556 2.330000
 557 2.330000
 558 1.520000
 559 1.510000
 560 1.490000
 561 1.510000
 562 1.480000
 563 1.490000
 564 1.510000
 565 1.510000
 566 1.540000
 567 1.560000
 568 1.560000
 569 1.560000
 570 1.580000
 571 1.610000
 572 1.610000
 573 1.630000
 574 1.620000
 575 1.670000
 576 1.700000
 577 1.720000
 578 1.720000
 579 1.740000
 580 1.770000
 581 1.780000
 582 1.760000
 583 1.810000
 584 2.010000
 585 2.140000
 586 2.290000
 587 2.320000
 588 2.320000
 589 2.320000
 590 2.340000
 591 2.340000
 592 2.340000
 593 2.170000
 594 2.030000
 595 2.010000
 596 2.010000
 597 2.110000
 598 2.340000
 599 2.370000
 600 2.360000
 601 2.340000
 602 2.370000
 603 2.370000
 604 2.400000
 605 2.370000
 606 2.370000
 607 2.390000
 608 2.400000
 609 2.400000
 610 2.420000
 611 2.390000
 612 2.420000
 613 2.420000
 614 2.420000
 615 2.420000
 616 2.410000
 617 2.440000
 618 2.440000
 619 2.430000
 620 2.440000
 621 2.430000
 622 2.440000
 623 2.470000
 624 2.460000
 625 2.440000
 626 2.460000
 627 2.440000
 628 2.470000
 629 2.490000
 630 2.470000
 631 2.470000
 632 2.470000
 633 2.470000
 634 2.490000
 635 2.490000
 636 2.470000
 637 2.490000
 638 2.500000
 639 2.490000
 640 2.500000
 641 2.520000
 642 2.500000
 643 2.530000
 644 2.530000
 645 2.530000
 646 2.530000
 647 2.530000
 648 2.560000
 649 2.560000
 650 2.560000
 651 2.560000
 652 2.550000
 653 2.570000
 654 2.550000
 655 2.570000
 656 2.570000
 657 2.600000
 658 2.570000
 659 2.600000
 660 2.620000
 661 2.590000
 662 2.640000
 663 2.650000
 664 2.620000
 665 2.660000
 666 2.650000
 667 2.650000
 668 2.680000
 669 2.680000
 670 2.670000
 671 2.650000
 672 2.650000
 673 2.670000
 674 2.670000
 675 2.670000
 676 2.670000
 677 2.670000
 678 2.690000
 679 2.720000
 680 2.740000
 681 2.740000
 682 2.790000
 683 2.790000
 684 2.780000
 685 2.840000
 686 2.810000
 687 2.840000
 688 2.870000
 689 2.860000
 690 2.830000
 691 2.860000
 692 2.860000
 693 2.860000
 694 2.880000
 695 2.910000
 696 2.910000
 697 2.910000
 698 2.900000
 699 2.930000
 700 2.960000
 701 1.540000
 702 1.530000
 703 1.510000
 704 1.510000
 705 1.540000
 706 1.510000
 707 1.510000
 708 1.510000
 709 1.540000
 710 1.540000
 711 1.510000
 712 1.530000
 713 1.530000
 714 1.540000
 715 1.530000
 716 2.380000
 717 2.310000
 718 2.230000
 719 2.170000
 720 2.110000
 721 2.050000
 722 1.900000
 723 1.700000
 724 1.480000
 725 1.480000
 726 1.500000
 727 1.490000
 728 1.500000
 729 3.390000
 730 3.370000
 731 3.390000
 732 3.390000
 733 3.390000
 734 3.400000
 735 3.390000
 736 3.360000
 737 3.370000
 738 3.390000
 739 3.420000
 740 3.450000
 741 3.470000
 742 3.470000
 743 3.520000
 744 3.520000
 745 3.530000
 746 3.540000
 747 3.510000
 748 3.460000
 749 3.430000
 750 3.520000
 751 3.610000
 752 3.610000
 753 3.590000
 754 3.590000
 755 3.550000
 756 3.630000
 757 3.630000
 758 3.630000
 759 3.650000
 760 3.650000