
 0 3.000000
 1 3.000000
 2 3.110000
 3 3.090000
 4 3.110000
 5 2.980000
 6 3.090000
 7 3.110000
 8 3.000000
 9 3.000000
 10 3.000000
 11 3.090000
 12 2.970000
 13 3.090000
 14 3.090000
 15 3.110000
 16 2.930000
 17 3.090000
 18 3.090000
 19 3.090000
 20 2.930000
 21 3.060000
 22 2.950000
 23 2.940000
 24 2.930000
 25 2.930000
 26 2.930000
 27 3.040000
 28 3.090000
 29 2.750000
 30 2.660000
 31 2.640000
 32 2.250000
 33 2.110000
 34 2.110000
 35 2.090000
 36 2.100000
 37 2.100000
 38 2.080000
 39 2.100000
 40 2.100000
 41 2.110000
 42 2.090000
 43 2.090000
 44 2.110000
 45 2.110000
 46 2.140000
 47 2.210000
 48 2.200000
 49 2.150000
 50 2.140000
 51 2.160000
 52 2.140000
 53 2.160000
 54 2.180000
 55 2.180000
 56 2.150000
 57 2.160000
 58 2.150000
 59 2.160000
 60 2.140000
 61 2.140000
 62 2.130000
 63 2.190000
 64 2.180000
 65 2.180000
 66 2.190000
 67 2.190000
 68 2.190000
 69 2.150000
 70 2.180000
 71 2.260000
 72 2.260000
 73 2.150000
 74 2.140000
 75 2.140000
 76 2.170000
 77 2.150000
 78 2.190000
 79 2.220000
 80 2.230000
 81 2.210000
 82 2.200000
 83 2.200000
 84 2.190000
 85 2.210000
 86 2.240000
 87 2.240000
 88 2.250000
 89 2.210000
 90 2.200000
 91 2.210000
 92 2.190000
 93 2.190000
 94 2.190000
 95 2.190000
 96 2.250000
 97 2.250000
 98 2.250000
 99 2.250000
 100 2.270000
 101 2.290000
 102 2.290000
 103 2.260000
 104 2.280000
 105 2.300000
 106 2.300000
 107 2.290000
 108 2.290000
 109 2.290000
 110 2.290000
 111 2.290000
 112 2.300000
 113 2.300000
 114 2.310000
 115 2.430000
 116 2.360000
 117 2.340000
 118 2.290000
 119 2.290000
 120 2.290000
 121 2.300000
 122 2.340000
 123 2.340000
 124 2.340000
 125 2.370000
 126 2.370000
 127 2.370000
 128 2.390000
 129 2.390000
 130 2.360000
 131 2.390000
 132 2.390000
 133 2.340000
 134 2.340000
 135 2.360000
 136 2.360000
 137 2.390000
 138 2.400000
 139 2.400000
 140 2.410000
 141 2.390000
 142 3.580000
 143 3.530000
 144 3.500000
 145 3.490000
 146 3.490000
 147 3.520000
 148 3.500000
 149 3.540000
 150 3.450000
 151 2.110000
 152 2.100000
 153 2.070000
 154 2.100000
 155 2.070000
 156 2.050000
 157 1.360000
 158 1.300000
 159 1.290000
 160 1.290000
 161 1.310000
 162 1.290000
 163 1.290000
 164 1.290000
 165 1.290000
 166 1.290000
 167 1.250000
 168 1.260000
 169 1.290000
 170 1.290000
 171 1.290000
 172 1.260000
 173 1.310000
 174 1.290000
 175 1.310000
 176 1.310000
 177 1.330000
 178 1.330000
 179 3.850000
 180 3.850000
 181 3.870000
 182 3.830000
 183 3.880000
 184 3.880000
 185 3.890000
 186 3.900000
 187 3.890000
 188 3.930000
 189 3.920000
 190 4.020000
 191 3.900000
 192 1.600000
 193 1.590000
 194 1.590000
 195 1.590000
 196 1.590000
 197 1.560000
 198 1.590000
 199 1.560000
 200 1.560000
 201 1.560000
 202 1.580000
 203 1.600000
 204 1.580000
 205 1.600000
 206 1.630000
 207 1.680000
 208 4.200000
 209 4.250000
 210 4.200000
 211 4.230000
 212 4.280000
 213 4.280000
 214 4.300000
 215 1.930000
 216 1.900000
 217 1.900000
 218 1.890000
 219 1.890000
 220 1.890000
 221 1.890000
 222 1.890000
 223 1.890000
 224 1.900000
 225 1.900000
 226 1.930000
 227 1.950000
 228 4.580000
 229 4.750000
 230 3.350000
 231 3.340000
 232 3.350000
 233 3.290000
 234 3.280000
 235 3.250000
 236 3.220000
 237 3.200000
 238 3.200000
 239 3.170000
 240 3.180000
 241 3.150000
 242 3.120000
 243 3.100000
 244 3.100000
 245 3.080000
 246 3.080000
 247 3.080000
 248 3.130000
 249 3.130000
 250 3.130000
 251 3.130000
 252 3.130000
 253 3.150000
 254 3.150000
 255 1.030000
 256 1.040000
 257 1.040000
 258 1.020000
 259 1.020000
 260 1.040000
 261 1.010000
 262 1.000000
 263 1.000000
 264 1.030000
 265 1.010000
 266 0.990000
 267 1.010000
 268 1.020000
 269 1.020000
 270 1.000000
 271 1.010000
 272 1.030000
 273 1.050000
 274 1.080000
 275 1.160000
 276 1.380000
 277 1.380000
 278 1.400000
 279 1.380000
 280 1.380000
 281 1.380000
 282 1.380000
 283 1.380000
 284 1.370000
 285 1.380000
 286 1.400000
 287 1.490000
 288 1.720000
 289 1.740000
 290 1.720000
 291 1.720000
 292 1.710000
 293 1.750000
 294 1.820000
 295 4.380000
 296 4.490000
 297 4.440000
 298 4.390000
 299 4.310000
 300 4.360000
 301 4.280000
 302 4.260000
 303 4.300000
 304 4.270000
 305 4.280000
 306 4.280000
 307 4.250000
 308 4.250000
 309 4.270000
 310 4.290000
 311 4.340000
 312 4.450000
 313 4.900000
 314 4.750000
 315 4.700000
 316 4.920000
 317 4.900000
 318 4.350000
 319 4.230000
 320 4.320000
 321 4.320000
 322 4.270000
 323 4.250000
 324 4.220000
 325 4.200000
 326 4.170000
 327 4.140000
 328 4.110000
 329 4.090000
 330 4.060000
 331 4.030000
 332 3.930000
 333 3.860000
 334 3.880000
 335 3.850000
 336 3.870000
 337 3.850000
 338 3.840000
 339 3.820000
 340 3.790000
 341 3.770000
 342 3.770000
 343 3.750000
 344 3.750000
 345 3.720000
 346 3.750000
 347 3.720000
 348 3.700000
 349 3.650000
 350 3.620000
 351 3.620000
 352 3.600000
 353 3.570000
 354 3.560000
 355 3.560000
 356 3.530000
 357 1.730000
 358 1.790000
 359 1.740000
 360 1.740000
 361 1.720000
 362 1.590000
 363 1.540000
 364 1.510000
 365 1.500000
 366 1.480000
 367 1.420000
 368 1.400000
 369 1.390000
 370 1.390000
 371 1.370000
 372 1.400000
 373 1.380000
 374 1.380000
 375 1.390000
 376 1.370000
 377 1.390000
 378 1.390000
 379 1.390000
 380 1.130000
 381 1.050000
 382 1.050000
 383 1.030000
 384 1.030000
 385 1.010000
 386 1.010000
 387 1.020000
 388 1.020000
 389 0.990000
 390 1.020000
 391 1.020000
 392 1.010000
 393 1.040000
 394 1.010000
 395 1.040000
 396 1.040000
 397 1.010000
 398 1.040000
 399 1.040000
 400 1.050000
 401 1.680000
 402 1.700000
 403 1.700000
 404 1.670000
 405 1.660000
 406 1.680000
 407 1.670000
 408 1.660000
 409 1.700000
 410 1.660000
 411 1.670000
 412 1.680000
 413 1.690000
 414 1.690000
 415 1.690000
 416 1.660000
 417 1.660000
 418 1.680000
 419 1.660000
 420 1.680000
 421 1.660000
 422 1.670000
 423 1.670000
 424 1.670000
 425 1.830000
 426 1.940000
 427 1.990000
 428 1.920000
 429 2.590000
 430 2.610000
 431 2.570000
 432 2.570000
 433 2.610000
 434 2.580000
 435 2.560000
 436 2.560000
 437 2.560000
 438 2.560000
 439 2.530000
 440 2.520000
 441 2.520000
 442 2.530000
 443 2.520000
 444 2.520000
 445 2.500000
 446 2.500000
 447 2.500000
 448 2.500000
 449 2.480000
 450 2.470000
 451 2.470000
 452 2.460000
 453 2.480000
 454 2.430000
 455 2.430000
 456 2.460000
 457 2.430000
 458 2.420000
 459 2.420000
 460 2.400000
 461 2.410000
 462 2.420000
 463 2.400000
 464 2.390000
 465 2.410000
 466 2.360000
 467 2.380000
 468 2.410000
 469 2.410000
 470 2.390000
 471 2.380000
 472 2.410000
 473 2.380000
 474 2.380000
 475 2.380000
 476 2.360000
 477 2.360000
 478 2.330000
 479 2.370000
 480 2.370000
 481 2.360000
 482 2.360000
 483 2.330000
 484 2.330000
 485 2.350000
 486 2.340000
 487 2.330000
 488 2.330000
 489 2.330000
 490 2.330000
 491 2.310000
 492 2.310000
 493 2.310000
 494 2.310000
 495 2.280000
 496 2.310000
 497 2.310000
 498 2.280000
 499 2.290000
 500 2.310000
 501 2.290000
 502 2.290000
 503 2.320000
 504 2.280000
 505 2.310000
 506 2.320000
 507 2.240000
 508 2.210000
 509 2.320000
 510 2.320000
 511 2.320000
 512 2.310000
 513 2.340000
 514 2.370000
 515 2.370000
 516 2.340000
 517 2.370000
 518 2.370000
 519 2.370000
 520 2.370000
 521 2.370000
 522 2.330000
 523 2.330000
 524 2.340000
 525 2.340000
 526 2.370000
 527 2.370000
 528 2.370000
 529 2.340000
 530 2.370000
 531 2.370000
 532 2.420000
 533 2.400000
 534 2.420000
 535 2.420000
 536 2.420000
 537 2.420000
 538 2.430000
 539 2.410000
 540 2.410000
 541 2.430000
 542 2.440000
 543 2.460000
 544 2.440000
 545 2.450000
 546 2.440000
 547 2.470000
 548 2.450000
 549 2.480000
 550 2.460000
 551 2.460000
 552 2.480000
 553 2.470000
 554 2.150000
 555 2.110000
 556 2.180000
 557 2.460000
 558 1.900000
 559 1.870000
 560 1.860000
 561 1.860000
 562 1.870000
 563 1.940000
 564 1.970000
 565 1.880000
 566 1.900000
 567 1.950000
 568 2.030000
 569 2.220000
 570 2.370000
 571 2.480000
 572 2.450000
 573 2.450000
 574 2.450000
 575 2.430000
 576 2.450000
 577 2.440000
 578 2.440000
 579 2.440000
 580 2.410000
 581 2.410000
 582 2.390000
 583 2.390000
 584 2.360000
 585 2.360000
 586 2.340000
 587 2.340000
 588 2.360000
 589 2.360000
 590 2.340000
 591 2.310000
 592 2.310000
 593 2.310000
 594 2.290000
 595 2.290000
 596 2.290000
 597 2.280000
 598 2.280000
 599 2.310000
 600 2.280000
 601 2.280000
 602 2.330000
 603 2.380000
 604 2.380000
 605 2.400000
 606 2.400000
 607 2.380000
 608 2.370000
 609 2.390000
 610 2.430000
 611 2.450000
 612 2.490000
 613 2.490000
 614 1.500000
 615 1.510000
 616 1.520000
 617 1.530000
 618 1.520000
 619 1.510000
 620 1.510000
 621 1.540000
 622 1.540000
 623 1.560000
 624 1.560000
 625 1.590000
 626 1.610000
 627 1.610000
 628 1.640000
 629 1.640000
 630 1.640000
 631 1.660000
 632 1.660000
 633 1.690000
 634 1.710000
 635 1.710000
 636 1.730000
 637 1.760000
 638 1.760000
 639 1.780000
 640 1.810000
 641 1.820000
 642 1.850000
 643 1.850000
 644 1.870000
 645 1.890000
 646 1.940000
 647 1.970000
 648 1.980000
 649 2.030000
 650 2.030000
 651 2.030000
 652 2.020000
 653 2.580000
 654 2.740000
 655 2.740000
 656 2.720000
 657 2.770000
 658 2.770000
 659 2.740000
 660 2.770000
 661 2.770000
 662 2.770000
 663 2.790000
 664 2.790000
 665 2.790000
 666 2.770000
 667 2.770000
 668 2.790000
 669 2.790000
 670 2.790000
 671 2.790000
 672 2.790000
 673 2.820000
 674 2.820000
 675 2.850000
 676 2.820000
 677 2.870000
 678 2.840000
 679 2.840000
 680 2.870000
 681 2.870000
 682 2.870000
 683 2.870000
 684 2.890000
 685 2.890000
 686 2.920000
 687 2.880000
 688 2.910000
 689 2.920000
 690 2.910000
 691 2.910000
 692 2.910000
 693 2.930000
 694 2.930000
 695 2.930000
 696 2.930000
 697 2.930000
 698 2.930000
 699 2.960000
 700 2.960000
 701 2.980000
 702 3.010000
 703 3.010000
 704 3.030000
 705 3.030000
 706 3.060000
 707 3.050000
 708 3.080000
 709 3.100000
 710 3.120000
 711 3.120000
 712 3.170000
 713 3.170000
 714 3.200000
 715 3.220000
 716 3.220000
 717 3.260000
 718 3.270000
 719 3.270000
 720 3.270000
 721 3.270000
 722 3.270000
 723 3.320000
 724 3.320000
 725 3.320000
 726 3.340000
 727 3.320000
 728 3.340000
 729 3.390000
 730 3.370000
 731 3.380000
 732 3.100000
 733 2.980000
 734 3.410000
 735 3.470000
 736 3.500000
 737 3.470000
 738 3.490000
 739 3.490000
 740 3.490000
 741 3.490000
 742 3.490000
 743 3.540000
 744 3.530000
 745 3.570000
 746 3.560000
 747 3.570000
 748 3.570000
 749 3.590000
 750 3.580000
 751 3.580000
 752 3.610000
 753 3.640000
 754 3.720000
 755 1.550000
 756 1.530000
 757 1.540000
 758 1.540000
 759 1.540000
 760 1.540000
 0 3.030000
 1 3.000000
 2 3.110000
 3 3.110000
 4 3.090000
 5 3.000000
 6 3.090000
 7 3.090000
 8 3.000000
 9 3.000000
 10 3.000000
 11 3.090000
 12 2.970000
 13 3.090000
 14 3.110000
 15 3.090000
 16 2.950000
 17 3.060000
 18 3.090000
 19 3.090000
 20 2.950000
 21 3.060000
 22 2.950000
 23 2.960000
 24 2.950000
 25 2.930000
 26 2.930000
 27 3.060000
 28 3.060000
 29 2.780000
 30 2.660000
 31 2.650000
 32 2.220000
 33 2.120000
 34 2.120000
 35 2.090000
 36 2.100000
 37 2.080000
 38 2.100000
 39 2.100000
 40 2.100000
 41 2.110000
 42 2.090000
 43 2.090000
 44 2.110000
 45 2.090000
 46 2.140000
 47 2.210000
 48 2.200000
 49 2.150000
 50 2.160000
 51 2.140000
 52 2.160000
 53 2.160000
 54 2.180000
 55 2.180000
 56 2.180000
 57 2.140000
 58 2.150000
 59 2.140000
 60 2.140000
 61 2.140000
 62 2.150000
 63 2.160000
 64 2.180000
 65 2.180000
 66 2.190000
 67 2.160000
 68 2.190000
 69 2.180000
 70 2.180000
 71 2.260000
 72 2.260000
 73 2.150000
 74 2.170000
 75 2.140000
 76 2.140000
 77 2.180000
 78 2.190000
 79 2.200000
 80 2.220000
 81 2.210000
 82 2.200000
 83 2.180000
 84 2.190000
 85 2.210000
 86 2.220000
 87 2.220000
 88 2.230000
 89 2.210000
 90 2.210000
 91 2.210000
 92 2.190000
 93 2.190000
 94 2.190000
 95 2.210000
 96 2.250000
 97 2.230000
 98 2.250000
 99 2.250000
 100 2.270000
 101 2.270000
 102 2.270000
 103 2.290000
 104 2.280000
 105 2.280000
 106 2.280000
 107 2.310000
 108 2.290000
 109 2.290000
 110 2.320000
 111 2.310000
 112 2.300000
 113 2.300000
 114 2.310000
 115 2.460000
 116 2.360000
 117 2.340000
 118 2.290000
 119 2.290000
 120 2.290000
 121 2.300000
 122 2.340000
 123 2.340000
 124 2.370000
 125 2.370000
 126 2.370000
 127 2.390000
 128 2.390000
 129 2.390000
 130 2.390000
 131 2.360000
 132 2.360000
 133 2.360000
 134 2.360000
 135 2.370000
 136 2.360000
 137 2.400000
 138 2.390000
 139 2.400000
 140 2.410000
 141 2.390000
 142 3.580000
 143 3.550000
 144 3.520000
 145 3.490000
 146 3.510000
 147 3.500000
 148 3.530000
 149 3.510000
 150 3.450000
 151 2.110000
 152 2.090000
 153 2.100000
 154 2.100000
 155 2.050000
 156 2.050000
 157 1.360000
 158 1.300000
 159 1.310000
 160 1.290000
 161 1.290000
 162 1.290000
 163 1.290000
 164 1.290000
 165 1.260000
 166 1.260000
 167 1.260000
 168 1.260000
 169 1.260000
 170 1.290000
 171 1.290000
 172 1.290000
 173 1.290000
 174 1.290000
 175 1.290000
 176 1.310000
 177 1.300000
 178 1.330000
 179 3.870000
 180 3.860000
 181 3.860000
 182 3.880000
 183 3.880000
 184 3.850000
 185 3.860000
 186 3.890000
 187 3.910000
 188 3.910000
 189 3.950000
 190 3.990000
 191 3.900000
 192 1.620000
 193 1.580000
 194 1.590000
 195 1.590000
 196 1.590000
 197 1.590000
 198 1.590000
 199 1.590000
 200 1.560000
 201 1.590000
 202 1.550000
 203 1.580000
 204 1.580000
 205 1.600000
 206 1.630000
 207 1.680000
 208 4.230000
 209 4.250000
 210 4.200000
 211 4.250000
 212 4.280000
 213 4.300000
 214 4.270000
 215 1.930000
 216 1.920000
 217 1.910000
 218 1.910000
 219 1.890000
 220 1.890000
 221 1.890000
 222 1.890000
 223 1.890000
 224 1.900000
 225 1.900000
 226 1.930000
 227 1.950000
 228 4.580000
 229 4.720000
 230 3.350000
 231 3.340000
 232 3.350000
 233 3.310000
 234 3.250000
 235 3.250000
 236 3.220000
 237 3.200000
 238 3.200000
 239 3.150000
 240 3.180000
 241 3.120000
 242 3.120000
 243 3.130000
 244 3.130000
 245 3.100000
 246 3.090000
 247 3.120000
 248 3.100000
 249 3.120000
 250 3.130000
 251 3.130000
 252 3.150000
 253 3.150000
 254 3.150000
 255 1.050000
 256 1.040000
 257 1.020000
 258 1.020000
 259 1.020000
 260 1.020000
 261 1.010000
 262 1.000000
 263 1.030000
 264 1.000000
 265 1.010000
 266 0.990000
 267 1.010000
 268 1.020000
 269 1.030000
 270 1.030000
 271 0.990000
 272 1.030000
 273 1.050000
 274 1.080000
 275 1.170000
 276 1.380000
 277 1.380000
 278 1.380000
 279 1.380000
 280 1.380000
 281 1.380000
 282 1.380000
 283 1.380000
 284 1.370000
 285 1.380000
 286 1.430000
 287 1.510000
 288 1.740000
 289 1.720000
 290 1.720000
 291 1.720000
 292 1.710000
 293 1.750000
 294 1.820000
 295 4.380000
 296 4.490000
 297 4.440000
 298 4.440000
 299 4.310000
 300 4.360000
 301 4.310000
 302 4.290000
 303 4.300000
 304 4.300000
 305 4.250000
 306 4.250000
 307 4.230000
 308 4.250000
 309 4.250000
 310 4.260000
 311 4.340000
 312 4.450000
 313 4.920000
 314 4.920000
 315 4.650000
 316 4.920000
 317 4.850000
 318 4.350000
 319 4.230000
 320 4.320000
 321 4.320000
 322 4.270000
 323 4.250000
 324 4.220000
 325 4.200000
 326 4.140000
 327 4.140000
 328 4.110000
 329 4.090000
 330 4.060000
 331 4.010000
 332 3.910000
 333 3.860000
 334 3.860000
 335 3.870000
 336 3.870000
 337 3.840000
 338 3.820000
 339 3.820000
 340 3.820000
 341 3.770000
 342 3.770000
 343 3.770000
 344 3.750000
 345 3.720000
 346 3.750000
 347 3.700000
 348 3.670000
 349 3.620000
 350 3.590000
 351 3.600000
 352 3.600000
 353 3.580000
 354 3.560000
 355 3.530000
 356 3.530000
 357 3.530000
 358 1.790000
 359 1.740000
 360 1.720000
 361 1.720000
 362 1.590000
 363 1.540000
 364 1.540000
 365 1.540000
 366 1.500000
 367 1.420000
 368 1.370000
 369 1.370000
 370 1.370000
 371 1.380000
 372 1.370000
 373 1.380000
 374 1.400000
 375 1.400000
 376 1.380000
 377 1.370000
 378 1.390000
 379 1.390000
 380 1.130000
 381 1.080000
 382 1.050000
 383 1.050000
 384 1.030000
 385 1.010000
 386 1.020000
 387 1.020000
 388 1.020000
 389 1.020000
 390 1.020000
 391 1.020000
 392 1.040000
 393 1.040000
 394 1.010000
 395 1.040000
 396 1.040000
 397 1.010000
 398 1.040000
 399 1.040000
 400 1.060000
 401 1.650000
 402 1.670000
 403 1.660000
 404 1.660000
 405 1.650000
 406 1.680000
 407 1.680000
 408 1.690000
 409 1.700000
 410 1.690000
 411 1.700000
 412 1.680000
 413 1.690000
 414 1.690000
 415 1.690000
 416 1.690000
 417 1.690000
 418 1.680000
 419 1.690000
 420 1.680000
 421 1.660000
 422 1.670000
 423 1.670000
 424 1.700000
 425 1.830000
 426 1.950000
 427 1.990000
 428 1.920000
 429 2.600000
 430 2.580000
 431 2.570000
 432 2.570000
 433 2.580000
 434 2.580000
 435 2.560000
 436 2.550000
 437 2.560000
 438 2.530000
 439 2.550000
 440 2.520000
 441 2.530000
 442 2.510000
 443 2.510000
 444 2.520000
 445 2.510000
 446 2.500000
 447 2.490000
 448 2.500000
 449 2.460000
 450 2.470000
 451 2.470000
 452 2.480000
 453 2.480000
 454 2.460000
 455 2.420000
 456 2.460000
 457 2.460000
 458 2.430000
 459 2.450000
 460 2.420000
 461 2.410000
 462 2.430000
 463 2.420000
 464 2.390000
 465 2.410000
 466 2.360000
 467 2.380000
 468 2.380000
 469 2.410000
 470 2.390000
 471 2.380000
 472 2.410000
 473 2.390000
 474 2.380000
 475 2.410000
 476 2.380000
 477 2.360000
 478 2.370000
 479 2.370000
 480 2.350000
 481 2.360000
 482 2.330000
 483 2.340000
 484 2.330000
 485 2.350000
 486 2.320000
 487 2.310000
 488 2.330000
 489 2.310000
 490 2.310000
 491 2.310000
 492 2.310000
 493 2.280000
 494 2.310000
 495 2.310000
 496 2.310000
 497 2.280000
 498 2.310000
 499 2.290000
 500 2.290000
 501 2.290000
 502 2.270000
 503 2.290000
 504 2.320000
 505 2.290000
 506 2.310000
 507 2.240000
 508 2.220000
 509 2.320000
 510 2.320000
 511 2.310000
 512 2.310000
 513 2.350000
 514 2.370000
 515 2.370000
 516 2.350000
 517 2.370000
 518 2.340000
 519 2.370000
 520 2.340000
 521 2.340000
 522 2.330000
 523 2.340000
 524 2.340000
 525 2.320000
 526 2.370000
 527 2.370000
 528 2.370000
 529 2.340000
 530 2.390000
 531 2.390000
 532 2.390000
 533 2.420000
 534 2.400000
 535 2.440000
 536 2.420000
 537 2.430000
 538 2.430000
 539 2.430000
 540 2.410000
 541 2.430000
 542 2.440000
 543 2.440000
 544 2.460000
 545 2.470000
 546 2.440000
 547 2.470000
 548 2.470000
 549 2.450000
 550 2.460000
 551 2.460000
 552 2.480000
 553 2.470000
 554 2.130000
 555 2.110000
 556 2.160000
 557 2.490000
 558 1.900000
 559 1.870000
 560 1.880000
 561 1.860000
 562 1.870000
 563 1.940000
 564 1.880000
 565 1.900000
 566 1.900000
 567 1.950000
 568 2.000000
 569 2.250000
 570 2.420000
 571 2.460000
 572 2.480000
 573 2.480000
 574 2.480000
 575 2.450000
 576 2.440000
 577 2.440000
 578 2.440000
 579 2.410000
 580 2.410000
 581 2.390000
 582 2.390000
 583 2.390000
 584 2.340000
 585 2.360000
 586 2.360000
 587 2.360000
 588 2.340000
 589 2.340000
 590 2.310000
 591 2.310000
 592 2.340000
 593 2.310000
 594 2.290000
 595 2.290000
 596 2.290000
 597 2.280000
 598 2.300000
 599 2.310000
 600 2.280000
 601 2.280000
 602 2.330000
 603 2.350000
 604 2.380000
 605 2.400000
 606 2.400000
 607 2.410000
 608 2.400000
 609 2.430000
 610 2.430000
 611 2.440000
 612 2.490000
 613 2.490000
 614 1.500000
 615 1.520000
 616 1.520000
 617 1.510000
 618 1.490000
 619 1.520000
 620 1.540000
 621 1.560000
 622 1.560000
 623 1.560000
 624 1.590000
 625 1.590000
 626 1.610000
 627 1.610000
 628 1.610000
 629 1.640000
 630 1.660000
 631 1.660000
 632 1.680000
 633 1.680000
 634 1.710000
 635 1.740000
 636 1.740000
 637 1.760000
 638 1.780000
 639 1.810000
 640 1.810000
 641 1.830000
 642 1.850000
 643 1.850000
 644 1.870000
 645 1.890000
 646 1.920000
 647 1.970000
 648 1.980000
 649 2.030000
 650 2.010000
 651 2.010000
 652 2.020000
 653 2.460000
 654 2.710000
 655 2.720000
 656 2.740000
 657 2.770000
 658 2.740000
 659 2.770000
 660 2.770000
 661 2.770000
 662 2.770000
 663 2.770000
 664 2.790000
 665 2.790000
 666 2.770000
 667 2.790000
 668 2.770000
 669 2.800000
 670 2.790000
 671 2.820000
 672 2.790000
 673 2.820000
 674 2.850000
 675 2.850000
 676 2.850000
 677 2.850000
 678 2.870000
 679 2.850000
 680 2.870000
 681 2.870000
 682 2.870000
 683 2.870000
 684 2.890000
 685 2.890000
 686 2.890000
 687 2.890000
 688 2.920000
 689 2.890000
 690 2.880000
 691 2.910000
 692 2.920000
 693 2.930000
 694 2.940000
 695 2.910000
 696 2.930000
 697 2.960000
 698 2.930000
 699 2.950000
 700 2.980000
 701 2.980000
 702 3.010000
 703 3.010000
 704 3.010000
 705 3.060000
 706 3.060000
 707 3.080000
 708 3.070000
 709 3.110000
 710 3.120000
 711 3.120000
 712 3.150000
 713 3.170000
 714 3.200000
 715 3.210000
 716 3.250000
 717 3.220000
 718 3.270000
 719 3.270000
 720 3.280000
 721 3.290000
 722 3.280000
 723 3.300000
 724 3.320000
 725 3.320000
 726 3.350000
 727 3.340000
 728 3.370000
 729 3.390000
 730 3.370000
 731 3.380000
 732 3.080000
 733 2.980000
 734 3.410000
 735 3.470000
 736 3.470000
 737 3.470000
 738 3.490000
 739 3.490000
 740 3.490000
 741 3.520000
 742 3.520000
 743 3.540000
 744 3.570000
 745 3.530000
 746 3.550000
 747 3.570000
 748 3.540000
 749 3.570000
 750 3.590000
 751 3.580000
 752 3.620000
 753 3.640000
 754 3.690000
 755 1.550000
 756 1.550000
 757 1.540000
 758 1.540000
 759 1.540000
 760 1.520000
 0 3.030000
 1 2.980000
 2 3.110000
 3 3.090000
 4 3.110000
 5 3.000000
 6 3.090000
 7 3.110000
 8 3.000000
 9 3.000000
 10 3.000000
 11 3.110000
 12 2.970000
 13 3.090000
 14 3.110000
 15 3.110000
 16 2.950000
 17 3.060000
 18 3.090000
 19 3.090000
 20 2.950000
 21 3.060000
 22 2.950000
 23 2.970000
 24 2.930000
 25 2.950000
 26 2.930000
 27 3.040000
 28 3.060000
 29 2.750000
 30 2.660000
 31 2.650000
 32 2.220000
 33 2.110000
 34 2.110000
 35 2.090000
 36 2.100000
 37 2.100000
 38 2.100000
 39 2.100000
 40 2.120000
 41 2.090000
 42 2.090000
 43 2.110000
 44 2.090000
 45 2.090000
 46 2.140000
 47 2.190000
 48 2.180000
 49 2.150000
 50 2.140000
 51 2.140000
 52 2.140000
 53 2.160000
 54 2.180000
 55 2.180000
 56 2.150000
 57 2.160000
 58 2.150000
 59 2.140000
 60 2.140000
 61 2.140000
 62 2.150000
 63 2.160000
 64 2.180000
 65 2.180000
 66 2.170000
 67 2.190000
 68 2.190000
 69 2.180000
 70 2.180000
 71 2.240000
 72 2.260000
 73 2.150000
 74 2.140000
 75 2.140000
 76 2.140000
 77 2.180000
 78 2.190000
 79 2.200000
 80 2.230000
 81 2.210000
 82 2.200000
 83 2.180000
 84 2.210000
 85 2.240000
 86 2.220000
 87 2.220000
 88 2.230000
 89 2.210000
 90 2.210000
 91 2.190000
 92 2.210000
 93 2.170000
 94 2.220000
 95 2.210000
 96 2.250000
 97 2.250000
 98 2.250000
 99 2.250000
 100 2.270000
 101 2.270000
 102 2.270000
 103 2.260000
 104 2.280000
 105 2.300000
 106 2.280000
 107 2.290000
 108 2.290000
 109 2.290000
 110 2.320000
 111 2.310000
 112 2.300000
 113 2.300000
 114 2.320000
 115 2.460000
 116 2.360000
 117 2.310000
 118 2.310000
 119 2.290000
 120 2.290000
 121 2.280000
 122 2.320000
 123 2.340000
 124 2.370000
 125 2.370000
 126 2.370000
 127 2.390000
 128 2.390000
 129 2.370000
 130 2.390000
 131 2.390000
 132 2.360000
 133 2.360000
 134 2.340000
 135 2.370000
 136 2.360000
 137 2.390000
 138 2.400000
 139 2.420000
 140 2.430000
 141 2.370000
 142 3.580000
 143 3.530000
 144 3.500000
 145 3.510000
 146 3.500000
 147 3.520000
 148 3.510000
 149 3.510000
 150 3.450000
 151 2.080000
 152 2.070000
 153 2.070000
 154 2.080000
 155 2.070000
 156 2.050000
 157 1.360000
 158 1.300000
 159 1.310000
 160 1.310000
 161 1.290000
 162 1.260000
 163 1.260000
 164 1.260000
 165 1.290000
 166 1.260000
 167 1.260000
 168 1.260000
 169 1.290000
 170 1.310000
 171 1.290000
 172 1.290000
 173 1.290000
 174 1.310000
 175 1.310000
 176 1.310000
 177 1.300000
 178 1.320000
 179 3.840000
 180 3.850000
 181 3.860000
 182 3.860000
 183 3.880000
 184 3.880000
 185 3.860000
 186 3.890000
 187 3.900000
 188 3.920000
 189 3.930000
 190 3.990000
 191 3.900000
 192 1.620000
 193 1.610000
 194 1.610000
 195 1.590000
 196 1.590000
 197 1.590000
 198 1.590000
 199 1.590000
 200 1.560000
 201 1.590000
 202 1.550000
 203 1.580000
 204 1.580000
 205 1.630000
 206 1.630000
 207 1.680000
 208 4.230000
 209 4.250000
 210 4.230000
 211 4.250000
 212 4.280000
 213 4.280000
 214 4.300000
 215 1.930000
 216 1.920000
 217 1.890000
 218 1.910000
 219 1.890000
 220 1.910000
 221 1.890000
 222 1.860000
 223 1.890000
 224 1.880000
 225 1.900000
 226 1.930000
 227 1.970000
 228 4.600000
 229 4.720000
 230 3.350000
 231 3.340000
 232 3.320000
 233 3.330000
 234 3.280000
 235 3.250000
 236 3.220000
 237 3.200000
 238 3.200000
 239 3.150000
 240 3.180000
 241 3.150000
 242 3.120000
 243 3.100000
 244 3.130000
 245 3.110000
 246 3.070000
 247 3.080000
 248 3.140000
 249 3.120000
 250 3.100000
 251 3.130000
 252 3.150000
 253 3.150000
 254 3.180000
 255 1.030000
 256 1.010000
 257 1.020000
 258 1.020000
 259 1.040000
 260 1.020000
 261 1.010000
 262 1.000000
 263 1.000000
 264 1.000000
 265 1.010000
 266 1.020000
 267 1.010000
 268 0.990000
 269 1.020000
 270 1.030000
 271 1.010000
 272 1.030000
 273 1.030000
 274 1.080000
 275 1.190000
 276 1.400000
 277 1.380000
 278 1.380000
 279 1.380000
 280 1.380000
 281 1.380000
 282 1.400000
 283 1.380000
 284 1.370000
 285 1.380000
 286 1.430000
 287 1.510000
 288 1.720000
 289 1.720000
 290 1.740000
 291 1.720000
 292 1.710000
 293 1.750000
 294 1.820000
 295 4.410000
 296 4.510000
 297 4.440000
 298 4.440000
 299 4.270000
 300 4.420000
 301 4.310000
 302 4.290000
 303 4.300000
 304 4.270000
 305 4.280000
 306 4.250000
 307 4.250000
 308 4.250000
 309 4.250000
 310 4.260000
 311 4.340000
 312 4.600000
 313 4.920000
 314 4.900000
 315 4.700000
 316 4.920000
 317 4.770000
 318 4.320000
 319 4.230000
 320 4.300000
 321 4.320000
 322 4.300000
 323 4.250000
 324 4.220000
 325 4.200000
 326 4.160000
 327 4.140000
 328 4.110000
 329 4.090000
 330 4.080000
 331 4.030000
 332 3.910000
 333 3.880000
 334 3.830000
 335 3.870000
 336 3.870000
 337 3.840000
 338 3.820000
 339 3.820000
 340 3.820000
 341 3.790000
 342 3.770000
 343 3.770000
 344 3.750000
 345 3.720000
 346 3.720000
 347 3.720000
 348 3.700000
 349 3.650000
 350 3.640000
 351 3.620000
 352 3.600000
 353 3.590000
 354 3.580000
 355 3.560000
 356 3.530000
 357 3.520000
 358 1.790000
 359 1.710000
 360 1.720000
 361 1.720000
 362 1.590000
 363 1.540000
 364 1.510000
 365 1.530000
 366 1.500000
 367 1.450000
 368 1.370000
 369 1.380000
 370 1.370000
 371 1.380000
 372 1.380000
 373 1.380000
 374 1.400000
 375 1.390000
 376 1.390000
 377 1.390000
 378 1.390000
 379 1.390000
 380 1.130000
 381 1.080000
 382 1.050000
 383 1.050000
 384 1.030000
 385 1.010000
 386 1.010000
 387 1.020000
 388 1.020000
 389 1.020000
 390 1.020000
 391 1.020000
 392 1.040000
 393 1.010000
 394 1.040000
 395 1.040000
 396 1.010000
 397 1.010000
 398 1.040000
 399 1.040000
 400 1.020000
 401 1.650000
 402 1.690000
 403 1.660000
 404 1.670000
 405 1.650000
 406 1.670000
 407 1.680000
 408 1.680000
 409 1.690000
 410 1.660000
 411 1.670000
 412 1.680000
 413 1.690000
 414 1.660000
 415 1.690000
 416 1.690000
 417 1.660000
 418 1.650000
 419 1.660000
 420 1.680000
 421 1.660000
 422 1.640000
 423 1.670000
 424 1.670000
 425 1.810000
 426 1.950000
 427 1.990000
 428 1.920000
 429 2.590000
 430 2.570000
 431 2.610000
 432 2.610000
 433 2.570000
 434 2.560000
 435 2.580000
 436 2.560000
 437 2.560000
 438 2.540000
 439 2.560000
 440 2.520000
 441 2.530000
 442 2.530000
 443 2.530000
 444 2.520000
 445 2.480000
 446 2.510000
 447 2.500000
 448 2.470000
 449 2.480000
 450 2.450000
 451 2.480000
 452 2.470000
 453 2.460000
 454 2.460000
 455 2.430000
 456 2.450000
 457 2.430000
 458 2.430000
 459 2.420000
 460 2.420000
 461 2.410000
 462 2.400000
 463 2.420000
 464 2.400000
 465 2.410000
 466 2.360000
 467 2.380000
 468 2.380000
 469 2.410000
 470 2.370000
 471 2.380000
 472 2.380000
 473 2.410000
 474 2.410000
 475 2.390000
 476 2.360000
 477 2.360000
 478 2.360000
 479 2.370000
 480 2.340000
 481 2.360000
 482 2.330000
 483 2.330000
 484 2.330000
 485 2.320000
 486 2.320000
 487 2.310000
 488 2.330000
 489 2.310000
 490 2.310000
 491 2.310000
 492 2.310000
 493 2.310000
 494 2.280000
 495 2.280000
 496 2.310000
 497 2.310000
 498 2.290000
 499 2.310000
 500 2.290000
 501 2.320000
 502 2.290000
 503 2.280000
 504 2.290000
 505 2.310000
 506 2.320000
 507 2.210000
 508 2.220000
 509 2.340000
 510 2.320000
 511 2.310000
 512 2.330000
 513 2.350000
 514 2.350000
 515 2.370000
 516 2.370000
 517 2.370000
 518 2.340000
 519 2.340000
 520 2.340000
 521 2.320000
 522 2.330000
 523 2.340000
 524 2.330000
 525 2.340000
 526 2.340000
 527 2.370000
 528 2.370000
 529 2.350000
 530 2.370000
 531 2.390000
 532 2.420000
 533 2.420000
 534 2.420000
 535 2.420000
 536 2.420000
 537 2.430000
 538 2.430000
 539 2.430000
 540 2.410000
 541 2.410000
 542 2.440000
 543 2.440000
 544 2.470000
 545 2.450000
 546 2.450000
 547 2.470000
 548 2.470000
 549 2.480000
 550 2.460000
 551 2.480000
 552 2.480000
 553 2.470000
 554 2.130000
 555 2.140000
 556 2.190000
 557 2.460000
 558 1.900000
 559 1.870000
 560 1.860000
 561 1.860000
 562 1.870000
 563 1.930000
 564 1.970000
 565 1.900000
 566 1.900000
 567 2.030000
 568 2.220000
 569 2.270000
 570 2.450000
 571 2.480000
 572 2.480000
 573 2.480000
 574 2.450000
 575 2.450000
 576 2.430000
 577 2.460000
 578 2.440000
 579 2.440000
 580 2.390000
 581 2.410000
 582 2.390000
 583 2.390000
 584 2.390000
 585 2.360000
 586 2.360000
 587 2.360000
 588 2.340000
 589 2.340000
 590 2.340000
 591 2.310000
 592 2.310000
 593 2.290000
 594 2.290000
 595 2.290000
 596 2.290000
 597 2.300000
 598 2.300000
 599 2.290000
 600 2.280000
 601 2.280000
 602 2.330000
 603 2.380000
 604 2.380000
 605 2.400000
 606 2.400000
 607 2.410000
 608 2.370000
 609 2.410000
 610 2.430000
 611 2.470000
 612 2.490000
 613 2.520000
 614 1.500000
 615 1.530000
 616 1.490000
 617 1.500000
 618 1.500000
 619 1.540000
 620 1.540000
 621 1.540000
 622 1.560000
 623 1.560000
 624 1.590000
 625 1.590000
 626 1.610000
 627 1.610000
 628 1.610000
 629 1.640000
 630 1.660000
 631 1.660000
 632 1.690000
 633 1.680000
 634 1.710000
 635 1.740000
 636 1.730000
 637 1.760000
 638 1.780000
 639 1.780000
 640 1.810000
 641 1.830000
 642 1.850000
 643 1.870000
 644 1.890000
 645 1.890000
 646 1.920000
 647 1.960000
 648 1.980000
 649 2.030000
 650 2.010000
 651 2.010000
 652 2.020000
 653 2.480000
 654 2.720000
 655 2.720000
 656 2.720000
 657 2.740000
 658 2.740000
 659 2.740000
 660 2.770000
 661 2.740000
 662 2.770000
 663 2.770000
 664 2.770000
 665 2.770000
 666 2.790000
 667 2.770000
 668 2.770000
 669 2.790000
 670 2.790000
 671 2.790000
 672 2.820000
 673 2.800000
 674 2.850000
 675 2.850000
 676 2.820000
 677 2.870000
 678 2.840000
 679 2.870000
 680 2.870000
 681 2.870000
 682 2.870000
 683 2.870000
 684 2.870000
 685 2.880000
 686 2.870000
 687 2.890000
 688 2.890000
 689 2.890000
 690 2.890000
 691 2.910000
 692 2.920000
 693 2.930000
 694 2.940000
 695 2.920000
 696 2.930000
 697 2.930000
 698 2.930000
 699 2.960000
 700 2.980000
 701 2.980000
 702 3.010000
 703 3.030000
 704 3.030000
 705 3.030000
 706 3.060000
 707 3.060000
 708 3.070000
 709 3.110000
 710 3.130000
 711 3.150000
 712 3.150000
 713 3.170000
 714 3.180000
 715 3.200000
 716 3.230000
 717 3.220000
 718 3.270000
 719 3.270000
 720 3.310000
 721 3.310000
 722 3.280000
 723 3.290000
 724 3.290000
 725 3.320000
 726 3.340000
 727 3.350000
 728 3.370000
 729 3.380000
 730 3.390000
 731 3.350000
 732 3.080000
 733 2.990000
 734 3.440000
 735 3.470000
 736 3.470000
 737 3.440000
 738 3.490000
 739 3.490000
 740 3.490000
 741 3.490000
 742 3.520000
 743 3.530000
 744 3.570000
 745 3.570000
 746 3.530000
 747 3.570000
 748 3.570000
 749 3.570000
 750 3.590000
 751 3.620000
 752 3.620000
 753 3.640000
 754 3.690000
 755 1.530000
 756 1.530000
 757 1.540000
 758 1.540000
 759 1.540000
 760 1.540000
 0 3.030000
 1 2.980000
 2 3.110000
 3 3.110000
 4 3.140000
 5 2.980000
 6 3.090000
 7 3.090000
 8 3.000000
 9 3.000000
 10 3.000000
 11 3.110000
 12 2.970000
 13 3.090000
 14 3.090000
 15 3.090000
 16 2.950000
 17 3.090000
 18 3.090000
 19 3.090000
 20 2.930000
 21 3.060000
 22 2.950000
 23 2.940000
 24 2.950000
 25 2.930000
 26 2.930000
 27 3.040000
 28 3.060000
 29 2.750000
 30 2.670000
 31 2.650000
 32 2.220000
 33 2.110000
 34 2.090000
 35 2.110000
 36 2.120000
 37 2.100000
 38 2.100000
 39 2.100000
 40 2.100000
 41 2.090000
 42 2.110000
 43 2.110000
 44 2.110000
 45 2.120000
 46 2.140000
 47 2.190000
 48 2.200000
 49 2.150000
 50 2.140000
 51 2.160000
 52 2.140000
 53 2.160000
 54 2.180000
 55 2.150000
 56 2.180000
 57 2.140000
 58 2.150000
 59 2.140000
 60 2.140000
 61 2.140000
 62 2.150000
 63 2.190000
 64 2.180000
 65 2.180000
 66 2.190000
 67 2.160000
 68 2.160000
 69 2.150000
 70 2.180000
 71 2.260000
 72 2.260000
 73 2.150000
 74 2.140000
 75 2.120000
 76 2.140000
 77 2.180000
 78 2.190000
 79 2.200000
 80 2.220000
 81 2.210000
 82 2.180000
 83 2.200000
 84 2.210000
 85 2.210000
 86 2.240000
 87 2.220000
 88 2.230000
 89 2.210000
 90 2.210000
 91 2.210000
 92 2.190000
 93 2.190000
 94 2.190000
 95 2.190000
 96 2.250000
 97 2.230000
 98 2.250000
 99 2.250000
 100 2.270000
 101 2.270000
 102 2.290000
 103 2.260000
 104 2.280000
 105 2.300000
 106 2.280000
 107 2.290000
 108 2.320000
 109 2.290000
 110 2.290000
 111 2.310000
 112 2.300000
 113 2.320000
 114 2.320000
 115 2.430000
 116 2.360000
 117 2.310000
 118 2.290000
 119 2.290000
 120 2.270000
 121 2.300000
 122 2.340000
 123 2.340000
 124 2.370000
 125 2.370000
 126 2.370000
 127 2.390000
 128 2.360000
 129 2.370000
 130 2.390000
 131 2.360000
 132 2.360000
 133 2.360000
 134 2.360000
 135 2.360000
 136 2.360000
 137 2.390000
 138 2.400000
 139 2.390000
 140 2.410000
 141 2.370000
 142 3.550000
 143 3.530000
 144 3.520000
 145 3.500000
 146 3.500000
 147 3.500000
 148 3.500000
 149 3.540000
 150 3.450000
 151 2.110000
 152 2.090000
 153 2.070000
 154 2.080000
 155 2.070000
 156 2.080000
 157 1.360000
 158 1.300000
 159 1.310000
 160 1.290000
 161 1.310000
 162 1.290000
 163 1.290000
 164 1.290000
 165 1.290000
 166 1.290000
 167 1.260000
 168 1.260000
 169 1.290000
 170 1.290000
 171 1.290000
 172 1.310000
 173 1.290000
 174 1.290000
 175 1.310000
 176 1.310000
 177 1.330000
 178 1.330000
 179 3.870000
 180 3.860000
 181 3.890000
 182 3.860000
 183 3.880000
 184 3.900000
 185 3.880000
 186 3.900000
 187 3.890000
 188 3.900000
 189 3.930000
 190 4.000000
 191 3.900000
 192 1.600000
 193 1.590000
 194 1.590000
 195 1.590000
 196 1.590000
 197 1.590000
 198 1.590000
 199 1.590000
 200 1.560000
 201 1.560000
 202 1.580000
 203 1.600000
 204 1.580000
 205 1.600000
 206 1.630000
 207 1.680000
 208 4.230000
 209 4.280000
 210 4.230000
 211 4.230000
 212 4.280000
 213 4.300000
 214 4.270000
 215 1.930000
 216 1.900000
 217 1.910000
 218 1.910000
 219 1.890000
 220 1.910000
 221 1.890000
 222 1.890000
 223 1.860000
 224 1.900000
 225 1.900000
 226 1.900000
 227 1.950000
 228 4.580000
 229 4.720000
 230 3.350000
 231 3.340000
 232 3.350000
 233 3.330000
 234 3.280000
 235 3.280000
 236 3.220000
 237 3.220000
 238 3.200000
 239 3.170000
 240 3.150000
 241 3.120000
 242 3.120000
 243 3.130000
 244 3.130000
 245 3.070000
 246 3.090000
 247 3.110000
 248 3.100000
 249 3.150000
 250 3.150000
 251 3.150000
 252 3.130000
 253 3.120000
 254 3.180000
 255 1.040000
 256 1.040000
 257 1.020000
 258 1.020000
 259 1.040000
 260 1.020000
 261 1.040000
 262 1.000000
 263 1.030000
 264 1.000000
 265 1.010000
 266 1.020000
 267 1.010000
 268 1.020000
 269 1.000000
 270 0.990000
 271 1.010000
 272 1.030000
 273 1.050000
 274 1.050000
 275 1.160000
 276 1.380000
 277 1.380000
 278 1.380000
 279 1.400000
 280 1.400000
 281 1.380000
 282 1.380000
 283 1.380000
 284 1.370000
 285 1.380000
 286 1.400000
 287 1.510000
 288 1.720000
 289 1.720000
 290 1.720000
 291 1.720000
 292 1.720000
 293 1.750000
 294 1.820000
 295 4.390000
 296 4.510000
 297 4.440000
 298 4.470000
 299 4.280000
 300 4.330000
 301 4.330000
 302 4.260000
 303 4.300000
 304 4.270000
 305 4.250000
 306 4.280000
 307 4.250000
 308 4.250000
 309 4.250000
 310 4.290000
 311 4.340000
 312 4.450000
 313 4.900000
 314 4.720000
 315 4.650000
 316 4.920000
 317 4.750000
 318 4.320000
 319 4.230000
 320 4.320000
 321 4.320000
 322 4.300000
 323 4.250000
 324 4.220000
 325 4.200000
 326 4.160000
 327 4.140000
 328 4.110000
 329 4.090000
 330 4.060000
 331 4.010000
 332 3.930000
 333 3.860000
 334 3.860000
 335 3.870000
 336 3.870000
 337 3.840000
 338 3.820000
 339 3.820000
 340 3.820000
 341 3.770000
 342 3.750000
 343 3.750000
 344 3.750000
 345 3.720000
 346 3.720000
 347 3.720000
 348 3.700000
 349 3.650000
 350 3.620000
 351 3.620000
 352 3.600000
 353 3.560000
 354 3.560000
 355 3.560000
 356 3.530000
 357 1.810000
 358 1.760000
 359 1.740000
 360 1.720000
 361 1.690000
 362 1.590000
 363 1.540000
 364 1.510000
 365 1.530000
 366 1.500000
 367 1.420000
 368 1.400000
 369 1.370000
 370 1.400000
 371 1.380000
 372 1.380000
 373 1.380000
 374 1.380000
 375 1.380000
 376 1.380000
 377 1.390000
 378 1.390000
 379 1.390000
 380 1.130000
 381 1.080000
 382 1.050000
 383 1.050000
 384 1.030000
 385 1.010000
 386 1.020000
 387 1.020000
 388 1.020000
 389 1.040000
 390 1.020000
 391 1.020000
 392 1.020000
 393 1.020000
 394 1.040000
 395 1.040000
 396 1.040000
 397 1.040000
 398 1.040000
 399 1.040000
 400 1.060000
 401 1.650000
 402 1.690000
 403 1.660000
 404 1.680000
 405 1.650000
 406 1.700000
 407 1.700000
 408 1.680000
 409 1.700000
 410 1.690000
 411 1.670000
 412 1.680000
 413 1.690000
 414 1.660000
 415 1.660000
 416 1.660000
 417 1.660000
 418 1.680000
 419 1.660000
 420 1.700000
 421 1.690000
 422 1.670000
 423 1.640000
 424 1.700000
 425 1.810000
 426 1.970000
 427 2.020000
 428 1.920000
 429 2.600000
 430 2.580000
 431 2.570000
 432 2.580000
 433 2.610000
 434 2.560000
 435 2.560000
 436 2.570000
 437 2.560000
 438 2.560000
 439 2.550000
 440 2.520000
 441 2.520000
 442 2.530000
 443 2.530000
 444 2.520000
 445 2.490000
 446 2.530000
 447 2.490000
 448 2.500000
 449 2.470000
 450 2.470000
 451 2.450000
 452 2.480000
 453 2.470000
 454 2.430000
 455 2.450000
 456 2.450000
 457 2.430000
 458 2.430000
 459 2.420000
 460 2.420000
 461 2.410000
 462 2.430000
 463 2.420000
 464 2.390000
 465 2.380000
 466 2.360000
 467 2.380000
 468 2.400000
 469 2.380000
 470 2.390000
 471 2.380000
 472 2.410000
 473 2.380000
 474 2.380000
 475 2.380000
 476 2.380000
 477 2.360000
 478 2.390000
 479 2.370000
 480 2.370000
 481 2.360000
 482 2.330000
 483 2.330000
 484 2.330000
 485 2.320000
 486 2.340000
 487 2.330000
 488 2.310000
 489 2.330000
 490 2.310000
 491 2.330000
 492 2.280000
 493 2.310000
 494 2.280000
 495 2.280000
 496 2.310000
 497 2.280000
 498 2.310000
 499 2.310000
 500 2.310000
 501 2.310000
 502 2.290000
 503 2.310000
 504 2.310000
 505 2.320000
 506 2.320000
 507 2.210000
 508 2.220000
 509 2.320000
 510 2.340000
 511 2.300000
 512 2.330000
 513 2.320000
 514 2.370000
 515 2.370000
 516 2.370000
 517 2.340000
 518 2.350000
 519 2.340000
 520 2.370000
 521 2.340000
 522 2.330000
 523 2.340000
 524 2.340000
 525 2.340000
 526 2.370000
 527 2.370000
 528 2.370000
 529 2.340000
 530 2.390000
 531 2.370000
 532 2.400000
 533 2.400000
 534 2.420000
 535 2.420000
 536 2.420000
 537 2.430000
 538 2.430000
 539 2.410000
 540 2.430000
 541 2.410000
 542 2.430000
 543 2.460000
 544 2.460000
 545 2.470000
 546 2.450000
 547 2.450000
 548 2.470000
 549 2.450000
 550 2.460000
 551 2.490000
 552 2.480000
 553 2.490000
 554 2.130000
 555 2.140000
 556 2.190000
 557 2.490000
 558 1.870000
 559 1.870000
 560 1.890000
 561 1.860000
 562 1.900000
 563 1.960000
 564 1.970000
 565 1.850000
 566 1.900000
 567 1.920000
 568 2.030000
 569 2.250000
 570 2.450000
 571 2.480000
 572 2.480000
 573 2.480000
 574 2.450000
 575 2.450000
 576 2.450000
 577 2.440000
 578 2.410000
 579 2.440000
 580 2.410000
 581 2.410000
 582 2.390000
 583 2.390000
 584 2.360000
 585 2.360000
 586 2.360000
 587 2.360000
 588 2.340000
 589 2.340000
 590 2.340000
 591 2.310000
 592 2.310000
 593 2.310000
 594 2.310000
 595 2.290000
 596 2.290000
 597 2.280000
 598 2.300000
 599 2.290000
 600 2.260000
 601 2.280000
 602 2.330000
 603 2.380000
 604 2.380000
 605 2.400000
 606 2.400000
 607 2.410000
 608 2.400000
 609 2.390000
 610 2.430000
 611 2.460000
 612 2.490000
 613 2.520000
 614 1.500000
 615 1.530000
 616 1.510000
 617 1.500000
 618 1.500000
 619 1.510000
 620 1.540000
 621 1.540000
 622 1.540000
 623 1.590000
 624 1.590000
 625 1.610000
 626 1.610000
 627 1.610000
 628 1.640000
 629 1.640000
 630 1.660000
 631 1.640000
 632 1.660000
 633 1.690000
 634 1.680000
 635 1.730000
 636 1.730000
 637 1.760000
 638 1.760000
 639 1.780000
 640 1.810000
 641 1.830000
 642 1.850000
 643 1.850000
 644 1.870000
 645 1.890000
 646 1.920000
 647 1.930000
 648 1.980000
 649 2.030000
 650 2.010000
 651 2.030000
 652 2.050000
 653 2.470000
 654 2.720000
 655 2.720000
 656 2.740000
 657 2.740000
 658 2.770000
 659 2.730000
 660 2.770000
 661 2.790000
 662 2.790000
 663 2.770000
 664 2.770000
 665 2.790000
 666 2.800000
 667 2.790000
 668 2.800000
 669 2.790000
 670 2.790000
 671 2.790000
 672 2.800000
 673 2.820000
 674 2.820000
 675 2.820000
 676 2.840000
 677 2.840000
 678 2.870000
 679 2.840000
 680 2.870000
 681 2.870000
 682 2.870000
 683 2.870000
 684 2.870000
 685 2.870000
 686 2.890000
 687 2.890000
 688 2.890000
 689 2.890000
 690 2.910000
 691 2.910000
 692 2.910000
 693 2.940000
 694 2.910000
 695 2.940000
 696 2.940000
 697 2.930000
 698 2.930000
 699 2.930000
 700 2.980000
 701 2.980000
 702 3.010000
 703 3.010000
 704 3.030000
 705 3.030000
 706 3.060000
 707 3.060000
 708 3.050000
 709 3.080000
 710 3.130000
 711 3.120000
 712 3.140000
 713 3.170000
 714 3.190000
 715 3.210000
 716 3.230000
 717 3.220000
 718 3.250000
 719 3.290000
 720 3.310000
 721 3.330000
 722 3.270000
 723 3.300000
 724 3.300000
 725 3.340000
 726 3.350000
 727 3.350000
 728 3.370000
 729 3.370000
 730 3.370000
 731 3.380000
 732 3.080000
 733 2.990000
 734 3.420000
 735 3.470000
 736 3.470000
 737 3.470000
 738 3.470000
 739 3.520000
 740 3.480000
 741 3.490000
 742 3.520000
 743 3.520000
 744 3.540000
 745 3.570000
 746 3.560000
 747 3.560000
 748 3.570000
 749 3.570000
 750 3.570000
 751 3.590000
 752 3.640000
 753 3.680000
 754 3.680000
 755 1.500000
 756 1.530000
 757 1.540000
 758 1.540000
 759 1.520000
 760 1.540000