
 0 3.320000
 1 3.340000
 2 3.290000
 3 3.330000
 4 3.330000
 5 3.350000
 6 3.430000
 7 3.400000
 8 3.400000
 9 3.430000
 10 3.410000
 11 3.330000
 12 3.410000
 13 3.440000
 14 3.470000
 15 3.520000
 16 3.570000
 17 3.590000
 18 3.580000
 19 3.690000
 20 3.810000
 21 3.810000
 22 3.800000
 23 3.800000
 24 3.830000
 25 3.850000
 26 3.850000
 27 3.880000
 28 3.880000
 29 3.870000
 30 3.930000
 31 3.810000
 32 3.830000
 33 3.860000
 34 4.000000
 35 4.000000
 36 4.000000
 37 4.030000
 38 4.050000
 39 4.050000
 40 4.050000
 41 4.080000
 42 4.040000
 43 3.970000
 44 3.980000
 45 3.930000
 46 3.960000
 47 4.010000
 48 4.040000
 49 3.960000
 50 4.010000
 51 3.930000
 52 3.960000
 53 3.930000
 54 3.910000
 55 4.010000
 56 4.010000
 57 3.880000
 58 3.960000
 59 3.860000
 60 3.860000
 61 3.860000
 62 3.830000
 63 3.810000
 64 3.830000
 65 2.860000
 66 2.920000
 67 2.880000
 68 2.880000
 69 2.820000
 70 2.800000
 71 2.790000
 72 1.420000
 73 1.450000
 74 1.420000
 75 1.410000
 76 1.380000
 77 1.380000
 78 1.380000
 79 1.400000
 80 1.400000
 81 1.410000
 82 1.460000
 83 1.520000
 84 2.780000
 85 2.750000
 86 2.750000
 87 2.810000
 88 3.330000
 89 2.710000
 90 2.690000
 91 2.700000
 92 2.700000
 93 2.690000
 94 2.690000
 95 2.700000
 96 2.680000
 97 2.700000
 98 2.700000
 99 2.670000
 100 2.650000
 101 2.640000
 102 2.650000
 103 2.650000
 104 2.640000
 105 2.750000
 106 3.190000
 107 3.170000
 108 3.190000
 109 3.160000
 110 2.680000
 111 2.650000
 112 2.650000
 113 2.660000
 114 2.660000
 115 2.640000
 116 2.660000
 117 2.640000
 118 2.660000
 119 2.630000
 120 2.650000
 121 2.630000
 122 2.610000
 123 2.630000
 124 2.700000
 125 3.120000
 126 3.160000
 127 3.090000
 128 2.590000
 129 2.580000
 130 2.570000
 131 2.570000
 132 1.890000
 133 1.870000
 134 1.860000
 135 1.830000
 136 1.770000
 137 1.780000
 138 1.780000
 139 1.790000
 140 1.780000
 141 1.760000
 142 1.750000
 143 1.740000
 144 1.740000
 145 1.730000
 146 0.930000
 147 0.930000
 148 0.960000
 149 0.960000
 150 0.960000
 151 0.960000
 152 0.960000
 153 0.920000
 154 0.920000
 155 0.880000
 156 0.890000
 157 0.870000
 158 0.880000
 159 0.880000
 160 0.870000
 161 0.910000
 162 0.910000
 163 0.880000
 164 0.910000
 165 0.880000
 166 0.880000
 167 0.880000
 168 0.880000
 169 0.860000
 170 0.880000
 171 0.880000
 172 0.880000
 173 0.880000
 174 0.880000
 175 0.970000
 176 3.550000
 177 3.530000
 178 3.530000
 179 3.560000
 180 3.560000
 181 3.560000
 182 3.590000
 183 3.590000
 184 3.590000
 185 3.610000
 186 3.610000
 187 3.590000
 188 3.550000
 189 3.580000
 190 3.380000
 191 3.500000
 192 3.510000
 193 3.410000
 194 3.410000
 195 3.430000
 196 3.450000
 197 3.480000
 198 3.410000
 199 3.470000
 200 3.440000
 201 3.450000
 202 3.470000
 203 3.410000
 204 3.460000
 205 3.430000
 206 3.410000
 207 3.430000
 208 3.420000
 209 1.410000
 210 1.410000
 211 1.410000
 212 1.420000
 213 1.420000
 214 1.410000
 215 1.390000
 216 1.410000
 217 1.390000
 218 1.370000
 219 1.370000
 220 1.390000
 221 1.400000
 222 1.400000
 223 1.400000
 224 1.400000
 225 1.360000
 226 1.360000
 227 1.360000
 228 1.350000
 229 1.450000
 230 2.320000
 231 2.330000
 232 2.330000
 233 2.350000
 234 2.350000
 235 2.350000
 236 2.350000
 237 2.350000
 238 2.350000
 239 2.350000
 240 2.350000
 241 2.360000
 242 2.350000
 243 2.320000
 244 2.370000
 245 2.380000
 246 1.470000
 247 1.490000
 248 1.470000
 249 1.490000
 250 1.460000
 251 1.450000
 252 1.470000
 253 1.450000
 254 1.440000
 255 1.440000
 256 1.450000
 257 1.440000
 258 1.450000
 259 1.420000
 260 1.440000
 261 1.420000
 262 1.450000
 263 1.420000
 264 1.440000
 265 1.420000
 266 1.430000
 267 1.410000
 268 1.410000
 269 1.390000
 270 1.430000
 271 1.480000
 272 1.430000
 273 1.510000
 274 1.530000
 275 1.520000
 276 1.530000
 277 1.610000
 278 1.590000
 279 5.000000
 280 5.020000
 281 5.020000
 282 5.020000
 283 5.050000
 284 5.050000
 285 5.050000
 286 5.050000
 287 5.080000
 288 5.080000
 289 5.080000
 290 5.100000
 291 5.100000
 292 5.100000
 293 5.120000
 294 5.130000
 295 5.130000
 296 5.170000
 297 5.150000
 298 5.150000
 299 5.200000
 300 5.150000
 301 4.740000
 302 4.660000
 303 4.590000
 304 4.480000
 305 4.500000
 306 4.480000
 307 4.500000
 308 4.500000
 309 4.510000
 310 4.510000
 311 4.640000
 312 4.630000
 313 4.590000
 314 4.530000
 315 4.480000
 316 4.060000
 317 4.080000
 318 4.070000
 319 4.100000
 320 4.100000
 321 4.100000
 322 4.130000
 323 3.790000
 324 3.780000
 325 3.790000
 326 2.230000
 327 2.170000
 328 2.140000
 329 2.140000
 330 2.160000
 331 2.140000
 332 2.140000
 333 2.140000
 334 2.160000
 335 2.170000
 336 3.550000
 337 3.520000
 338 3.540000
 339 3.550000
 340 1.640000
 341 1.620000
 342 1.600000
 343 1.600000
 344 1.600000
 345 1.600000
 346 1.600000
 347 1.600000
 348 1.590000
 349 1.590000
 350 1.610000
 351 1.610000
 352 1.590000
 353 1.630000
 354 3.640000
 355 3.640000
 356 3.640000
 357 3.610000
 358 3.610000
 359 3.590000
 360 3.590000
 361 3.590000
 362 2.320000
 363 2.260000
 364 2.250000
 365 2.230000
 366 1.250000
 367 1.120000
 368 1.090000
 369 1.060000
 370 1.060000
 371 1.040000
 372 1.060000
 373 1.050000
 374 1.040000
 375 1.050000
 376 1.040000
 377 1.060000
 378 1.040000
 379 1.060000
 380 1.060000
 381 1.060000
 382 1.090000
 383 1.060000
 384 1.090000
 385 1.090000
 386 1.100000
 387 1.750000
 388 1.720000
 389 1.700000
 390 1.710000
 391 1.710000
 392 1.710000
 393 1.710000
 394 1.710000
 395 1.710000
 396 1.740000
 397 1.740000
 398 1.210000
 399 1.080000
 400 1.090000
 401 1.110000
 402 1.090000
 403 1.090000
 404 1.090000
 405 1.090000
 406 1.110000
 407 1.110000
 408 1.140000
 409 1.110000
 410 1.140000
 411 1.110000
 412 1.140000
 413 1.110000
 414 1.110000
 415 1.140000
 416 1.140000
 417 1.140000
 418 1.140000
 419 1.140000
 420 1.160000
 421 1.160000
 422 1.180000
 423 1.210000
 424 1.960000
 425 1.950000
 426 1.930000
 427 1.350000
 428 1.250000
 429 1.280000
 430 1.280000
 431 1.250000
 432 1.250000
 433 1.230000
 434 1.230000
 435 1.230000
 436 1.240000
 437 1.240000
 438 1.240000
 439 1.260000
 440 1.240000
 441 1.240000
 442 1.260000
 443 1.240000
 444 1.260000
 445 1.290000
 446 1.300000
 447 3.060000
 448 3.060000
 449 3.010000
 450 3.040000
 451 1.310000
 452 1.250000
 453 1.280000
 454 1.270000
 455 1.270000
 456 1.260000
 457 1.260000
 458 1.260000
 459 1.290000
 460 1.290000
 461 1.310000
 462 1.310000
 463 1.310000
 464 1.310000
 465 1.340000
 466 1.310000
 467 1.340000
 468 1.340000
 469 1.340000
 470 1.360000
 471 1.360000
 472 1.360000
 473 1.360000
 474 1.360000
 475 1.390000
 476 1.390000
 477 1.390000
 478 1.410000
 479 1.410000
 480 1.440000
 481 1.490000
 482 1.510000
 483 1.510000
 484 1.510000
 485 1.510000
 486 1.490000
 487 1.500000
 488 1.490000
 489 3.170000
 490 3.230000
 491 3.130000
 492 3.170000
 493 3.190000
 494 3.200000
 495 3.220000
 496 3.220000
 497 3.230000
 498 3.260000
 499 3.270000
 500 3.250000
 501 3.270000
 502 3.270000
 503 3.270000
 504 3.290000
 505 3.280000
 506 3.280000
 507 3.280000
 508 3.280000
 509 3.310000
 510 3.340000
 511 3.370000
 512 3.280000
 513 3.330000
 514 3.320000
 515 3.340000
 516 3.350000
 517 6.190000
 518 6.200000
 519 6.190000
 520 6.190000
 521 6.210000
 522 6.240000
 523 6.240000
 524 6.240000
 525 6.260000
 526 6.260000
 527 4.640000
 528 4.310000
 529 4.280000
 530 4.290000
 531 6.280000
 532 3.280000
 533 3.190000
 534 3.220000
 535 3.240000
 536 3.480000
 537 3.760000
 538 3.740000
 539 3.650000
 540 3.690000
 541 3.690000
 542 3.690000
 543 3.690000
 544 3.690000
 545 3.690000
 546 3.690000
 547 3.280000
 548 3.710000
 549 3.690000
 550 3.690000
 551 3.690000
 552 3.710000
 553 3.710000
 554 3.690000
 555 3.640000
 556 3.660000
 557 3.660000
 558 3.660000
 559 3.660000
 560 3.660000
 561 3.690000
 562 3.690000
 563 3.710000
 564 3.710000
 565 3.710000
 566 3.740000
 567 3.740000
 568 3.740000
 569 3.760000
 570 3.760000
 571 3.760000
 572 3.760000
 573 3.760000
 574 3.760000
 575 3.790000
 576 3.740000
 577 3.710000
 578 3.660000
 579 3.630000
 580 3.360000
 581 3.160000
 582 3.290000
 583 3.480000
 584 3.450000
 585 3.420000
 586 3.380000
 587 3.070000
 588 3.070000
 589 3.150000
 590 3.080000
 591 3.030000
 592 3.020000
 593 3.040000
 594 3.050000
 595 2.970000
 596 2.930000
 597 2.980000
 598 2.990000
 599 3.010000
 600 3.050000
 601 3.070000
 602 3.040000
 603 3.040000
 604 3.070000
 605 3.150000
 606 3.070000
 607 3.100000
 608 3.190000
 609 3.190000
 610 3.100000
 611 3.150000
 612 3.120000
 613 3.090000
 614 3.090000
 615 2.830000
 616 2.760000
 617 2.780000
 618 2.770000
 619 2.770000
 620 2.750000
 621 2.720000
 622 2.720000
 623 2.660000
 624 2.650000
 625 2.640000
 626 2.620000
 627 2.610000
 628 2.560000
 629 2.510000
 630 2.510000
 631 2.490000
 632 2.440000
 633 2.440000
 634 2.410000
 635 2.390000
 636 2.310000
 637 2.340000
 638 2.320000
 639 2.310000
 640 2.300000
 641 2.270000
 642 2.190000
 643 2.260000
 644 2.250000
 645 2.210000
 646 2.120000
 647 2.200000
 648 2.170000
 649 2.170000
 650 2.180000
 651 2.170000
 652 2.150000
 653 2.170000
 654 2.120000
 655 2.120000
 656 2.100000
 657 2.100000
 658 1.960000
 659 2.070000
 660 2.050000
 661 1.960000
 662 2.040000
 663 2.020000
 664 1.930000
 665 1.880000
 666 1.970000
 667 1.860000
 668 1.850000
 669 1.830000
 670 1.790000
 671 1.900000
 672 1.920000
 673 1.900000
 674 1.750000
 675 1.770000
 676 1.730000
 677 1.850000
 678 1.680000
 679 1.790000
 680 1.770000
 681 1.660000
 682 1.760000
 683 1.740000
 684 1.680000
 685 1.660000
 686 1.640000
 687 1.660000
 688 1.620000
 689 1.530000
 690 1.530000
 691 1.690000
 692 1.630000
 693 1.460000
 694 1.500000
 695 1.560000
 696 1.480000
 697 1.470000
 698 1.550000
 699 1.400000
 700 1.400000
 701 1.390000
 702 2.100000
 703 1.480000
 704 1.410000
 705 1.370000
 706 1.370000
 707 1.360000
 708 1.460000
 709 1.340000
 710 1.460000
 711 1.410000
 712 1.360000
 713 1.410000
 714 1.440000
 715 1.330000
 716 1.410000
 717 1.410000
 718 1.360000
 719 1.410000
 720 1.410000
 721 1.410000
 722 1.390000
 723 1.410000
 724 1.410000
 725 1.410000
 726 1.390000
 727 1.380000
 728 1.310000
 729 2.340000
 730 1.330000
 731 1.360000
 732 1.390000
 733 1.380000
 734 1.330000
 735 1.410000
 736 1.360000
 737 1.320000
 738 1.320000
 739 1.260000
 740 1.310000
 741 1.230000
 742 1.240000
 743 1.220000
 744 1.230000
 745 6.530000
 746 6.530000
 747 6.530000
 748 2.910000
 749 2.920000
 750 6.610000
 751 6.700000
 752 5.980000
 753 5.890000
 754 5.850000
 755 5.850000
 756 5.930000
 757 5.620000
 758 0.830000
 759 0.850000
 760 0.850000
 0 3.350000
 1 3.320000
 2 3.290000
 3 3.330000
 4 3.330000
 5 3.350000
 6 3.430000
 7 3.400000
 8 3.400000
 9 3.450000
 10 3.430000
 11 3.330000
 12 3.410000
 13 3.440000
 14 3.460000
 15 3.490000
 16 3.570000
 17 3.590000
 18 3.590000
 19 3.670000
 20 3.810000
 21 3.800000
 22 3.800000
 23 3.820000
 24 3.810000
 25 3.850000
 26 3.870000
 27 3.870000
 28 3.880000
 29 3.870000
 30 3.920000
 31 3.810000
 32 3.830000
 33 3.860000
 34 4.000000
 35 4.000000
 36 4.000000
 37 4.030000
 38 4.050000
 39 4.050000
 40 4.050000
 41 4.080000
 42 4.040000
 43 4.000000
 44 4.000000
 45 3.960000
 46 3.960000
 47 3.990000
 48 4.040000
 49 3.960000
 50 4.040000
 51 3.910000
 52 3.930000
 53 3.910000
 54 4.010000
 55 4.010000
 56 4.010000
 57 3.910000
 58 3.990000
 59 3.860000
 60 3.860000
 61 3.860000
 62 3.810000
 63 3.830000
 64 3.810000
 65 3.830000
 66 2.890000
 67 2.880000
 68 2.880000
 69 2.810000
 70 2.810000
 71 2.820000
 72 1.450000
 73 1.420000
 74 1.450000
 75 1.410000
 76 1.400000
 77 1.400000
 78 1.380000
 79 1.400000
 80 1.400000
 81 1.390000
 82 1.430000
 83 1.500000
 84 2.750000
 85 2.780000
 86 2.770000
 87 2.810000
 88 3.320000
 89 2.730000
 90 2.660000
 91 2.700000
 92 2.670000
 93 2.690000
 94 2.710000
 95 2.700000
 96 2.680000
 97 2.700000
 98 2.680000
 99 2.700000
 100 2.680000
 101 2.660000
 102 2.650000
 103 2.620000
 104 2.640000
 105 2.720000
 106 3.210000
 107 3.170000
 108 3.160000
 109 3.160000
 110 2.650000
 111 2.660000
 112 2.650000
 113 2.650000
 114 2.660000
 115 2.660000
 116 2.660000
 117 2.640000
 118 2.640000
 119 2.630000
 120 2.630000
 121 2.630000
 122 2.640000
 123 2.650000
 124 2.730000
 125 3.120000
 126 3.170000
 127 3.090000
 128 2.590000
 129 2.570000
 130 2.570000
 131 2.580000
 132 1.860000
 133 1.870000
 134 1.840000
 135 1.830000
 136 1.780000
 137 1.760000
 138 1.780000
 139 1.790000
 140 1.780000
 141 1.740000
 142 1.740000
 143 1.740000
 144 1.760000
 145 1.760000
 146 0.930000
 147 0.930000
 148 0.940000
 149 0.960000
 150 0.960000
 151 0.930000
 152 0.960000
 153 0.920000
 154 0.890000
 155 0.880000
 156 0.890000
 157 0.870000
 158 0.880000
 159 0.910000
 160 0.890000
 161 0.910000
 162 0.910000
 163 0.880000
 164 0.910000
 165 0.880000
 166 0.910000
 167 0.910000
 168 0.880000
 169 0.860000
 170 0.880000
 171 0.880000
 172 0.860000
 173 0.910000
 174 0.910000
 175 0.970000
 176 3.550000
 177 3.550000
 178 3.530000
 179 3.560000
 180 3.560000
 181 3.560000
 182 3.590000
 183 3.560000
 184 3.610000
 185 3.610000
 186 3.610000
 187 3.590000
 188 3.550000
 189 3.550000
 190 3.410000
 191 3.500000
 192 3.480000
 193 3.510000
 194 3.380000
 195 3.440000
 196 3.450000
 197 3.440000
 198 3.410000
 199 3.440000
 200 3.440000
 201 3.460000
 202 3.470000
 203 3.410000
 204 3.430000
 205 3.430000
 206 3.430000
 207 3.430000
 208 3.420000
 209 1.410000
 210 1.390000
 211 1.440000
 212 1.400000
 213 1.420000
 214 1.410000
 215 1.410000
 216 1.410000
 217 1.390000
 218 1.380000
 219 1.370000
 220 1.390000
 221 1.400000
 222 1.400000
 223 1.370000
 224 1.370000
 225 1.360000
 226 1.360000
 227 1.360000
 228 1.370000
 229 1.430000
 230 2.320000
 231 2.330000
 232 2.350000
 233 2.330000
 234 2.330000
 235 2.350000
 236 2.350000
 237 2.350000
 238 2.370000
 239 2.350000
 240 2.350000
 241 2.370000
 242 2.330000
 243 2.320000
 244 2.360000
 245 2.350000
 246 1.470000
 247 1.460000
 248 1.470000
 249 1.460000
 250 1.430000
 251 1.450000
 252 1.440000
 253 1.450000
 254 1.430000
 255 1.440000
 256 1.420000
 257 1.440000
 258 1.410000
 259 1.450000
 260 1.440000
 261 1.440000
 262 1.430000
 263 1.440000
 264 1.440000
 265 1.420000
 266 1.400000
 267 1.400000
 268 1.410000
 269 1.420000
 270 1.430000
 271 1.410000
 272 1.430000
 273 1.530000
 274 1.550000
 275 1.530000
 276 1.530000
 277 1.580000
 278 1.610000
 279 4.970000
 280 5.000000
 281 5.000000
 282 5.000000
 283 5.010000
 284 5.050000
 285 5.050000
 286 5.050000
 287 5.050000
 288 5.070000
 289 5.080000
 290 5.080000
 291 5.100000
 292 5.100000
 293 5.120000
 294 5.130000
 295 5.150000
 296 5.150000
 297 5.150000
 298 5.150000
 299 5.200000
 300 5.150000
 301 4.740000
 302 4.660000
 303 4.560000
 304 4.510000
 305 4.500000
 306 4.510000
 307 4.500000
 308 4.500000
 309 4.510000
 310 4.510000
 311 4.650000
 312 4.610000
 313 4.590000
 314 4.550000
 315 4.430000
 316 4.060000
 317 4.080000
 318 4.060000
 319 4.100000
 320 4.120000
 321 4.130000
 322 4.130000
 323 3.770000
 324 3.780000
 325 3.790000
 326 2.190000
 327 2.170000
 328 2.140000
 329 2.140000
 330 2.140000
 331 2.140000
 332 2.140000
 333 2.160000
 334 2.160000
 335 2.150000
 336 3.550000
 337 3.520000
 338 3.540000
 339 3.580000
 340 1.670000
 341 1.640000
 342 1.570000
 343 1.570000
 344 1.570000
 345 1.600000
 346 1.600000
 347 1.600000
 348 1.590000
 349 1.590000
 350 1.610000
 351 1.610000
 352 1.610000
 353 1.610000
 354 3.660000
 355 3.640000
 356 3.640000
 357 3.610000
 358 3.610000
 359 3.610000
 360 3.590000
 361 3.590000
 362 2.320000
 363 2.260000
 364 2.220000
 365 2.240000
 366 1.250000
 367 1.100000
 368 1.090000
 369 1.090000
 370 1.060000
 371 1.060000
 372 1.060000
 373 1.040000
 374 1.060000
 375 1.070000
 376 1.060000
 377 1.060000
 378 1.060000
 379 1.060000
 380 1.060000
 381 1.090000
 382 1.060000
 383 1.090000
 384 1.060000
 385 1.090000
 386 1.120000
 387 1.750000
 388 1.720000
 389 1.730000
 390 1.710000
 391 1.740000
 392 1.710000
 393 1.710000
 394 1.710000
 395 1.740000
 396 1.740000
 397 1.740000
 398 1.260000
 399 1.100000
 400 1.090000
 401 1.110000
 402 1.090000
 403 1.110000
 404 1.090000
 405 1.090000
 406 1.110000
 407 1.110000
 408 1.110000
 409 1.110000
 410 1.110000
 411 1.140000
 412 1.110000
 413 1.110000
 414 1.140000
 415 1.140000
 416 1.140000
 417 1.140000
 418 1.140000
 419 1.160000
 420 1.160000
 421 1.160000
 422 1.180000
 423 1.210000
 424 1.960000
 425 1.950000
 426 1.950000
 427 1.350000
 428 1.280000
 429 1.250000
 430 1.250000
 431 1.250000
 432 1.250000
 433 1.230000
 434 1.230000
 435 1.230000
 436 1.210000
 437 1.240000
 438 1.240000
 439 1.260000
 440 1.240000
 441 1.260000
 442 1.240000
 443 1.260000
 444 1.260000
 445 1.260000
 446 1.270000
 447 3.060000
 448 3.060000
 449 3.070000
 450 3.070000
 451 1.310000
 452 1.280000
 453 1.280000
 454 1.270000
 455 1.260000
 456 1.290000
 457 1.290000
 458 1.290000
 459 1.260000
 460 1.290000
 461 1.290000
 462 1.290000
 463 1.310000
 464 1.310000
 465 1.310000
 466 1.310000
 467 1.310000
 468 1.340000
 469 1.340000
 470 1.360000
 471 1.360000
 472 1.360000
 473 1.360000
 474 1.360000
 475 1.360000
 476 1.390000
 477 1.390000
 478 1.410000
 479 1.390000
 480 1.440000
 481 1.490000
 482 1.490000
 483 1.490000
 484 1.490000
 485 1.510000
 486 1.510000
 487 1.500000
 488 1.530000
 489 3.210000
 490 3.210000
 491 3.130000
 492 3.200000
 493 3.190000
 494 3.190000
 495 3.180000
 496 3.220000
 497 3.260000
 498 3.260000
 499 3.270000
 500 3.260000
 501 3.270000
 502 3.270000
 503 3.290000
 504 3.290000
 505 3.280000
 506 3.280000
 507 3.320000
 508 3.280000
 509 3.320000
 510 3.340000
 511 3.370000
 512 3.280000
 513 3.300000
 514 3.290000
 515 3.310000
 516 3.290000
 517 6.190000
 518 6.190000
 519 6.190000
 520 6.210000
 521 6.210000
 522 6.210000
 523 6.240000
 524 6.240000
 525 6.230000
 526 6.230000
 527 4.620000
 528 4.340000
 529 4.280000
 530 4.260000
 531 6.280000
 532 3.280000
 533 3.210000
 534 3.220000
 535 3.270000
 536 3.480000
 537 3.740000
 538 3.730000
 539 3.680000
 540 3.690000
 541 3.660000
 542 3.660000
 543 3.690000
 544 3.690000
 545 3.690000
 546 3.710000
 547 3.280000
 548 3.690000
 549 3.710000
 550 3.710000
 551 3.710000
 552 3.710000
 553 3.710000
 554 3.690000
 555 3.640000
 556 3.640000
 557 3.640000
 558 3.690000
 559 3.660000
 560 3.690000
 561 3.690000
 562 3.710000
 563 3.690000
 564 3.710000
 565 3.710000
 566 3.740000
 567 3.710000
 568 3.740000
 569 3.740000
 570 3.740000
 571 3.760000
 572 3.760000
 573 3.760000
 574 3.790000
 575 3.760000
 576 3.760000
 577 3.710000
 578 3.660000
 579 3.610000
 580 3.330000
 581 3.180000
 582 3.290000
 583 3.480000
 584 3.480000
 585 3.420000
 586 3.380000
 587 3.070000
 588 3.070000
 589 3.130000
 590 3.080000
 591 3.030000
 592 3.020000
 593 3.020000
 594 3.050000
 595 2.970000
 596 2.910000
 597 3.010000
 598 3.010000
 599 3.010000
 600 3.050000
 601 3.070000
 602 3.010000
 603 3.040000
 604 3.070000
 605 3.120000
 606 3.100000
 607 3.100000
 608 3.190000
 609 3.190000
 610 3.120000
 611 3.150000
 612 3.120000
 613 3.090000
 614 3.090000
 615 2.830000
 616 2.730000
 617 2.780000
 618 2.770000
 619 2.750000
 620 2.750000
 621 2.720000
 622 2.700000
 623 2.660000
 624 2.650000
 625 2.620000
 626 2.620000
 627 2.590000
 628 2.560000
 629 2.510000
 630 2.510000
 631 2.490000
 632 2.440000
 633 2.440000
 634 2.410000
 635 2.390000
 636 2.310000
 637 2.310000
 638 2.310000
 639 2.300000
 640 2.300000
 641 2.300000
 642 2.210000
 643 2.240000
 644 2.250000
 645 2.210000
 646 2.140000
 647 2.220000
 648 2.170000
 649 2.200000
 650 2.180000
 651 2.170000
 652 2.150000
 653 2.150000
 654 2.150000
 655 2.120000
 656 2.070000
 657 2.100000
 658 1.960000
 659 2.050000
 660 2.050000
 661 1.960000
 662 2.060000
 663 2.020000
 664 1.930000
 665 1.880000
 666 2.000000
 667 1.860000
 668 1.850000
 669 1.860000
 670 1.820000
 671 1.900000
 672 1.920000
 673 1.900000
 674 1.770000
 675 1.750000
 676 1.730000
 677 1.820000
 678 1.710000
 679 1.770000
 680 1.770000
 681 1.660000
 682 1.740000
 683 1.710000
 684 1.680000
 685 1.660000
 686 1.660000
 687 1.660000
 688 1.650000
 689 1.530000
 690 1.510000
 691 1.670000
 692 1.650000
 693 1.480000
 694 1.470000
 695 1.590000
 696 1.480000
 697 1.450000
 698 1.570000
 699 1.430000
 700 1.430000
 701 1.390000
 702 2.100000
 703 1.490000
 704 1.410000
 705 1.370000
 706 1.370000
 707 1.360000
 708 1.460000
 709 1.340000
 710 1.440000
 711 1.410000
 712 1.330000
 713 1.440000
 714 1.440000
 715 1.330000
 716 1.440000
 717 1.410000
 718 1.330000
 719 1.440000
 720 1.410000
 721 1.440000
 722 1.410000
 723 1.440000
 724 1.410000
 725 1.380000
 726 1.410000
 727 1.410000
 728 1.330000
 729 2.340000
 730 1.310000
 731 1.390000
 732 1.390000
 733 1.410000
 734 1.430000
 735 1.410000
 736 1.330000
 737 1.320000
 738 1.320000
 739 1.260000
 740 1.310000
 741 1.230000
 742 1.240000
 743 1.240000
 744 1.210000
 745 6.530000
 746 6.530000
 747 6.530000
 748 2.900000
 749 2.860000
 750 6.610000
 751 6.670000
 752 5.950000
 753 5.870000
 754 5.870000
 755 5.880000
 756 5.930000
 757 5.660000
 758 0.880000
 759 0.850000
 760 0.860000
 0 3.320000
 1 3.310000
 2 3.290000
 3 3.330000
 4 3.330000
 5 3.380000
 6 3.400000
 7 3.380000
 8 3.380000
 9 3.430000
 10 3.410000
 11 3.330000
 12 3.410000
 13 3.470000
 14 3.480000
 15 3.520000
 16 3.570000
 17 3.590000
 18 3.580000
 19 3.670000
 20 3.810000
 21 3.810000
 22 3.810000
 23 3.800000
 24 3.830000
 25 3.820000
 26 3.850000
 27 3.850000
 28 3.880000
 29 3.870000
 30 3.920000
 31 3.810000
 32 3.830000
 33 3.860000
 34 4.000000
 35 4.000000
 36 4.030000
 37 4.030000
 38 4.030000
 39 4.080000
 40 4.050000
 41 4.050000
 42 4.020000
 43 4.000000
 44 4.000000
 45 3.930000
 46 3.930000
 47 4.020000
 48 4.010000
 49 3.960000
 50 4.040000
 51 3.930000
 52 3.910000
 53 3.930000
 54 3.910000
 55 4.010000
 56 4.010000
 57 3.920000
 58 3.990000
 59 3.860000
 60 3.860000
 61 3.860000
 62 3.810000
 63 3.810000
 64 3.830000
 65 3.830000
 66 2.920000
 67 2.890000
 68 2.840000
 69 2.790000
 70 2.800000
 71 2.790000
 72 1.420000
 73 1.450000
 74 1.420000
 75 1.410000
 76 1.400000
 77 1.400000
 78 1.380000
 79 1.370000
 80 1.400000
 81 1.410000
 82 1.430000
 83 1.520000
 84 2.780000
 85 2.750000
 86 2.750000
 87 2.780000
 88 3.330000
 89 2.710000
 90 2.690000
 91 2.700000
 92 2.700000
 93 2.700000
 94 2.690000
 95 2.700000
 96 2.680000
 97 2.700000
 98 2.700000
 99 2.700000
 100 2.680000
 101 2.640000
 102 2.670000
 103 2.650000
 104 2.640000
 105 2.720000
 106 3.210000
 107 3.200000
 108 3.190000
 109 3.140000
 110 2.680000
 111 2.660000
 112 2.650000
 113 2.660000
 114 2.640000
 115 2.660000
 116 2.660000
 117 2.640000
 118 2.660000
 119 2.630000
 120 2.650000
 121 2.630000
 122 2.640000
 123 2.630000
 124 2.700000
 125 3.120000
 126 3.170000
 127 3.060000
 128 2.590000
 129 2.570000
 130 2.570000
 131 2.580000
 132 1.840000
 133 1.870000
 134 1.860000
 135 1.830000
 136 1.780000
 137 1.780000
 138 1.780000
 139 1.790000
 140 1.780000
 141 1.740000
 142 1.710000
 143 1.740000
 144 1.740000
 145 1.760000
 146 0.930000
 147 0.930000
 148 0.940000
 149 0.950000
 150 0.930000
 151 0.960000
 152 0.930000
 153 0.920000
 154 0.890000
 155 0.880000
 156 0.920000
 157 0.890000
 158 0.880000
 159 0.880000
 160 0.890000
 161 0.910000
 162 0.910000
 163 0.890000
 164 0.910000
 165 0.910000
 166 0.880000
 167 0.880000
 168 0.860000
 169 0.860000
 170 0.860000
 171 0.860000
 172 0.880000
 173 0.870000
 174 0.910000
 175 0.970000
 176 3.550000
 177 3.580000
 178 3.550000
 179 3.560000
 180 3.560000
 181 3.560000
 182 3.590000
 183 3.560000
 184 3.610000
 185 3.610000
 186 3.610000
 187 3.560000
 188 3.550000
 189 3.550000
 190 3.380000
 191 3.500000
 192 3.490000
 193 3.380000
 194 3.410000
 195 3.440000
 196 3.460000
 197 3.450000
 198 3.410000
 199 3.440000
 200 3.440000
 201 3.450000
 202 3.470000
 203 3.410000
 204 3.430000
 205 3.430000
 206 3.470000
 207 3.430000
 208 3.420000
 209 1.410000
 210 1.410000
 211 1.410000
 212 1.420000
 213 1.410000
 214 1.410000
 215 1.390000
 216 1.410000
 217 1.390000
 218 1.360000
 219 1.400000
 220 1.390000
 221 1.400000
 222 1.370000
 223 1.370000
 224 1.370000
 225 1.360000
 226 1.360000
 227 1.360000
 228 1.370000
 229 1.430000
 230 2.320000
 231 2.330000
 232 2.350000
 233 2.330000
 234 2.330000
 235 2.330000
 236 2.350000
 237 2.350000
 238 2.350000
 239 2.370000
 240 2.350000
 241 2.370000
 242 2.360000
 243 2.350000
 244 2.370000
 245 2.370000
 246 1.500000
 247 1.490000
 248 1.460000
 249 1.460000
 250 1.460000
 251 1.450000
 252 1.440000
 253 1.430000
 254 1.440000
 255 1.440000
 256 1.450000
 257 1.440000
 258 1.450000
 259 1.440000
 260 1.440000
 261 1.420000
 262 1.420000
 263 1.440000
 264 1.410000
 265 1.420000
 266 1.430000
 267 1.430000
 268 1.400000
 269 1.420000
 270 1.450000
 271 1.430000
 272 1.460000
 273 1.510000
 274 1.520000
 275 1.500000
 276 1.510000
 277 1.580000
 278 1.580000
 279 5.000000
 280 5.000000
 281 5.020000
 282 5.020000
 283 5.050000
 284 5.050000
 285 5.020000
 286 5.050000
 287 5.070000
 288 5.070000
 289 5.080000
 290 5.100000
 291 5.100000
 292 5.120000
 293 5.120000
 294 5.130000
 295 5.130000
 296 5.150000
 297 5.150000
 298 5.170000
 299 5.170000
 300 5.150000
 301 4.730000
 302 4.660000
 303 4.590000
 304 4.480000
 305 4.500000
 306 4.510000
 307 4.500000
 308 4.500000
 309 4.510000
 310 4.500000
 311 4.630000
 312 4.630000
 313 4.570000
 314 4.530000
 315 4.410000
 316 4.060000
 317 4.090000
 318 4.070000
 319 4.080000
 320 4.100000
 321 4.100000
 322 4.140000
 323 3.770000
 324 3.780000
 325 3.790000
 326 2.260000
 327 2.170000
 328 2.140000
 329 2.140000
 330 2.140000
 331 2.140000
 332 2.160000
 333 2.160000
 334 2.160000
 335 2.170000
 336 3.550000
 337 3.520000
 338 3.540000
 339 3.580000
 340 1.620000
 341 1.620000
 342 1.600000
 343 1.570000
 344 1.600000
 345 1.610000
 346 1.600000
 347 1.600000
 348 1.590000
 349 1.590000
 350 1.590000
 351 1.610000
 352 1.580000
 353 1.610000
 354 3.660000
 355 3.640000
 356 3.640000
 357 3.610000
 358 3.640000
 359 3.590000
 360 3.590000
 361 3.590000
 362 2.320000
 363 2.260000
 364 2.220000
 365 2.230000
 366 1.110000
 367 1.120000
 368 1.110000
 369 1.060000
 370 1.060000
 371 1.060000
 372 1.060000
 373 1.060000
 374 1.040000
 375 1.070000
 376 1.070000
 377 1.060000
 378 1.060000
 379 1.060000
 380 1.060000
 381 1.060000
 382 1.060000
 383 1.060000
 384 1.070000
 385 1.090000
 386 1.100000
 387 1.720000
 388 1.720000
 389 1.730000
 390 1.690000
 391 1.710000
 392 1.710000
 393 1.710000
 394 1.710000
 395 1.740000
 396 1.740000
 397 1.710000
 398 1.230000
 399 1.100000
 400 1.090000
 401 1.090000
 402 1.090000
 403 1.110000
 404 1.110000
 405 1.090000
 406 1.110000
 407 1.110000
 408 1.110000
 409 1.110000
 410 1.110000
 411 1.110000
 412 1.140000
 413 1.140000
 414 1.140000
 415 1.110000
 416 1.140000
 417 1.140000
 418 1.140000
 419 1.160000
 420 1.160000
 421 1.160000
 422 1.180000
 423 1.210000
 424 1.930000
 425 1.950000
 426 1.930000
 427 1.350000
 428 1.280000
 429 1.250000
 430 1.280000
 431 1.250000
 432 1.230000
 433 1.230000
 434 1.230000
 435 1.230000
 436 1.240000
 437 1.240000
 438 1.240000
 439 1.240000
 440 1.260000
 441 1.260000
 442 1.240000
 443 1.260000
 444 1.260000
 445 1.260000
 446 1.270000
 447 3.030000
 448 3.030000
 449 3.070000
 450 3.040000
 451 1.310000
 452 1.280000
 453 1.280000
 454 1.250000
 455 1.290000
 456 1.260000
 457 1.260000
 458 1.290000
 459 1.300000
 460 1.290000
 461 1.290000
 462 1.310000
 463 1.310000
 464 1.310000
 465 1.310000
 466 1.340000
 467 1.340000
 468 1.340000
 469 1.340000
 470 1.340000
 471 1.340000
 472 1.360000
 473 1.360000
 474 1.390000
 475 1.390000
 476 1.390000
 477 1.390000
 478 1.390000
 479 1.410000
 480 1.440000
 481 1.510000
 482 1.490000
 483 1.510000
 484 1.490000
 485 1.510000
 486 1.510000
 487 1.500000
 488 1.550000
 489 3.170000
 490 3.230000
 491 3.110000
 492 3.200000
 493 3.170000
 494 3.190000
 495 3.190000
 496 3.220000
 497 3.260000
 498 3.260000
 499 3.270000
 500 3.260000
 501 3.270000
 502 3.270000
 503 3.290000
 504 3.300000
 505 3.280000
 506 3.280000
 507 3.290000
 508 3.280000
 509 3.320000
 510 3.370000
 511 3.370000
 512 3.280000
 513 3.310000
 514 3.290000
 515 3.340000
 516 3.330000
 517 6.190000
 518 6.190000
 519 6.190000
 520 6.190000
 521 6.210000
 522 6.240000
 523 6.240000
 524 6.240000
 525 6.260000
 526 6.260000
 527 4.620000
 528 4.340000
 529 4.250000
 530 4.280000
 531 6.280000
 532 3.280000
 533 3.220000
 534 3.220000
 535 3.270000
 536 3.480000
 537 3.740000
 538 3.720000
 539 3.650000
 540 3.660000
 541 3.660000
 542 3.690000
 543 3.690000
 544 3.690000
 545 3.690000
 546 3.690000
 547 3.280000
 548 3.690000
 549 3.690000
 550 3.710000
 551 3.710000
 552 3.710000
 553 3.710000
 554 3.660000
 555 3.660000
 556 3.660000
 557 3.660000
 558 3.660000
 559 3.690000
 560 3.660000
 561 3.690000
 562 3.690000
 563 3.710000
 564 3.710000
 565 3.710000
 566 3.710000
 567 3.710000
 568 3.740000
 569 3.740000
 570 3.740000
 571 3.760000
 572 3.760000
 573 3.760000
 574 3.760000
 575 3.760000
 576 3.770000
 577 3.680000
 578 3.640000
 579 3.610000
 580 3.310000
 581 3.180000
 582 3.300000
 583 3.480000
 584 3.450000
 585 3.420000
 586 3.400000
 587 3.070000
 588 3.070000
 589 3.130000
 590 3.100000
 591 3.030000
 592 3.020000
 593 3.020000
 594 3.070000
 595 2.980000
 596 2.930000
 597 3.010000
 598 3.010000
 599 3.010000
 600 3.050000
 601 3.070000
 602 3.010000
 603 3.040000
 604 3.070000
 605 3.120000
 606 3.100000
 607 3.100000
 608 3.190000
 609 3.160000
 610 3.110000
 611 3.170000
 612 3.150000
 613 3.070000
 614 3.090000
 615 2.830000
 616 2.760000
 617 2.760000
 618 2.770000
 619 2.770000
 620 2.750000
 621 2.720000
 622 2.720000
 623 2.660000
 624 2.650000
 625 2.620000
 626 2.620000
 627 2.590000
 628 2.560000
 629 2.540000
 630 2.510000
 631 2.490000
 632 2.460000
 633 2.440000
 634 2.390000
 635 2.360000
 636 2.340000
 637 2.310000
 638 2.320000
 639 2.320000
 640 2.270000
 641 2.300000
 642 2.190000
 643 2.260000
 644 2.250000
 645 2.210000
 646 2.140000
 647 2.220000
 648 2.170000
 649 2.170000
 650 2.170000
 651 2.170000
 652 2.150000
 653 2.180000
 654 2.120000
 655 2.120000
 656 2.100000
 657 2.070000
 658 2.100000
 659 2.070000
 660 2.050000
 661 1.930000
 662 2.090000
 663 2.020000
 664 1.920000
 665 1.910000
 666 1.860000
 667 1.860000
 668 1.850000
 669 1.830000
 670 1.820000
 671 1.900000
 672 1.780000
 673 1.900000
 674 1.780000
 675 1.750000
 676 1.730000
 677 1.820000
 678 1.710000
 679 1.770000
 680 1.770000
 681 1.660000
 682 1.760000
 683 1.740000
 684 1.660000
 685 1.660000
 686 1.640000
 687 1.660000
 688 1.650000
 689 1.530000
 690 1.530000
 691 1.670000
 692 1.650000
 693 1.480000
 694 1.470000
 695 1.560000
 696 1.460000
 697 1.450000
 698 1.550000
 699 1.430000
 700 1.420000
 701 1.390000
 702 2.100000
 703 1.480000
 704 1.410000
 705 1.350000
 706 1.390000
 707 1.380000
 708 1.460000
 709 1.340000
 710 1.440000
 711 1.410000
 712 1.330000
 713 1.440000
 714 1.440000
 715 1.330000
 716 1.410000
 717 1.410000
 718 1.330000
 719 1.440000
 720 1.410000
 721 1.440000
 722 1.410000
 723 1.410000
 724 1.440000
 725 1.410000
 726 1.410000
 727 1.410000
 728 1.330000
 729 2.310000
 730 1.330000
 731 1.390000
 732 1.390000
 733 1.410000
 734 1.310000
 735 1.410000
 736 1.330000
 737 1.320000
 738 1.350000
 739 1.260000
 740 1.310000
 741 1.260000
 742 1.240000
 743 1.220000
 744 1.210000
 745 6.560000
 746 6.530000
 747 6.530000
 748 2.870000
 749 2.860000
 750 6.610000
 751 6.670000
 752 5.950000
 753 5.890000
 754 5.880000
 755 5.850000
 756 5.930000
 757 5.680000
 758 0.880000
 759 0.850000
 760 0.870000
 0 3.350000
 1 3.350000
 2 3.260000
 3 3.330000
 4 3.330000
 5 3.350000
 6 3.430000
 7 3.380000
 8 3.380000
 9 3.430000
 10 3.430000
 11 3.330000
 12 3.410000
 13 3.470000
 14 3.460000
 15 3.520000
 16 3.570000
 17 3.590000
 18 3.590000
 19 3.690000
 20 3.810000
 21 3.810000
 22 3.800000
 23 3.820000
 24 3.810000
 25 3.850000
 26 3.850000
 27 3.850000
 28 3.730000
 29 3.870000
 30 3.920000
 31 3.810000
 32 3.830000
 33 3.880000
 34 3.980000
 35 4.000000
 36 4.000000
 37 4.030000
 38 4.030000
 39 4.030000
 40 4.050000
 41 4.080000
 42 4.040000
 43 3.930000
 44 4.000000
 45 3.960000
 46 3.930000
 47 4.020000
 48 4.040000
 49 3.960000
 50 4.060000
 51 3.910000
 52 3.930000
 53 3.930000
 54 4.040000
 55 4.010000
 56 3.990000
 57 3.880000
 58 3.990000
 59 3.860000
 60 3.860000
 61 3.830000
 62 3.830000
 63 3.830000
 64 3.830000
 65 2.860000
 66 2.890000
 67 2.880000
 68 2.880000
 69 2.810000
 70 2.800000
 71 2.820000
 72 1.420000
 73 1.450000
 74 1.420000
 75 1.410000
 76 1.380000
 77 1.380000
 78 1.400000
 79 1.400000
 80 1.400000
 81 1.390000
 82 1.430000
 83 1.520000
 84 2.750000
 85 2.750000
 86 2.750000
 87 2.780000
 88 3.330000
 89 2.710000
 90 2.690000
 91 2.700000
 92 2.700000
 93 2.700000
 94 2.680000
 95 2.680000
 96 2.700000
 97 2.700000
 98 2.700000
 99 2.670000
 100 2.650000
 101 2.670000
 102 2.650000
 103 2.650000
 104 2.660000
 105 2.720000
 106 3.190000
 107 3.170000
 108 3.190000
 109 3.160000
 110 2.680000
 111 2.650000
 112 2.650000
 113 2.660000
 114 2.660000
 115 2.660000
 116 2.660000
 117 2.660000
 118 2.640000
 119 2.630000
 120 2.630000
 121 2.650000
 122 2.640000
 123 2.630000
 124 2.700000
 125 3.120000
 126 3.140000
 127 3.090000
 128 2.590000
 129 2.570000
 130 2.570000
 131 2.570000
 132 1.840000
 133 1.870000
 134 1.840000
 135 1.830000
 136 1.780000
 137 1.760000
 138 1.780000
 139 1.790000
 140 1.780000
 141 1.730000
 142 1.710000
 143 1.740000
 144 1.740000
 145 1.730000
 146 0.960000
 147 0.930000
 148 0.940000
 149 0.940000
 150 0.940000
 151 0.930000
 152 0.960000
 153 0.920000
 154 0.910000
 155 0.910000
 156 0.890000
 157 0.900000
 158 0.910000
 159 0.880000
 160 0.890000
 161 0.910000
 162 0.910000
 163 0.880000
 164 0.910000
 165 0.910000
 166 0.910000
 167 0.910000
 168 0.860000
 169 0.880000
 170 0.880000
 171 0.880000
 172 0.860000
 173 0.880000
 174 0.910000
 175 0.970000
 176 3.550000
 177 3.550000
 178 3.550000
 179 3.560000
 180 3.540000
 181 3.590000
 182 3.560000
 183 3.560000
 184 3.610000
 185 3.610000
 186 3.610000
 187 3.560000
 188 3.580000
 189 3.550000
 190 3.410000
 191 3.500000
 192 3.510000
 193 3.530000
 194 3.380000
 195 3.450000
 196 3.460000
 197 3.440000
 198 3.380000
 199 3.420000
 200 3.470000
 201 3.440000
 202 3.470000
 203 3.430000
 204 3.430000
 205 3.430000
 206 3.410000
 207 3.430000
 208 3.420000
 209 1.430000
 210 1.410000
 211 1.400000
 212 1.410000
 213 1.420000
 214 1.410000
 215 1.410000
 216 1.410000
 217 1.390000
 218 1.370000
 219 1.370000
 220 1.410000
 221 1.370000
 222 1.400000
 223 1.400000
 224 1.370000
 225 1.400000
 226 1.330000
 227 1.360000
 228 1.350000
 229 1.420000
 230 1.700000
 231 2.320000
 232 2.330000
 233 2.350000
 234 2.350000
 235 2.350000
 236 2.350000
 237 2.350000
 238 2.370000
 239 2.350000
 240 2.350000
 241 2.360000
 242 2.360000
 243 2.360000
 244 2.370000
 245 2.360000
 246 1.460000
 247 1.460000
 248 1.450000
 249 1.460000
 250 1.440000
 251 1.450000
 252 1.440000
 253 1.450000
 254 1.430000
 255 1.440000
 256 1.450000
 257 1.440000
 258 1.440000
 259 1.430000
 260 1.440000
 261 1.440000
 262 1.450000
 263 1.440000
 264 1.410000
 265 1.420000
 266 1.430000
 267 1.410000
 268 1.410000
 269 1.420000
 270 1.430000
 271 1.430000
 272 1.460000
 273 1.510000
 274 1.540000
 275 1.550000
 276 1.510000
 277 1.580000
 278 1.610000
 279 5.000000
 280 5.000000
 281 5.000000
 282 5.020000
 283 5.050000
 284 5.050000
 285 5.050000
 286 5.070000
 287 5.050000
 288 5.080000
 289 5.100000
 290 5.080000
 291 5.070000
 292 5.100000
 293 5.100000
 294 5.120000
 295 5.130000
 296 5.150000
 297 5.150000
 298 5.170000
 299 5.200000
 300 5.150000
 301 4.740000
 302 4.660000
 303 4.560000
 304 4.510000
 305 4.500000
 306 4.500000
 307 4.500000
 308 4.500000
 309 4.510000
 310 4.490000
 311 4.650000
 312 4.630000
 313 4.570000
 314 4.530000
 315 4.410000
 316 4.060000
 317 4.090000
 318 4.100000
 319 4.100000
 320 4.100000
 321 4.100000
 322 4.130000
 323 3.770000
 324 3.760000
 325 3.790000
 326 2.180000
 327 2.170000
 328 2.140000
 329 2.140000
 330 2.140000
 331 2.160000
 332 2.140000
 333 2.160000
 334 2.140000
 335 2.150000
 336 3.550000
 337 3.520000
 338 3.570000
 339 3.580000
 340 1.640000
 341 1.620000
 342 1.570000
 343 1.570000
 344 1.600000
 345 1.590000
 346 1.600000
 347 1.600000
 348 1.590000
 349 1.590000
 350 1.610000
 351 1.610000
 352 1.610000
 353 1.610000
 354 3.660000
 355 3.640000
 356 3.610000
 357 3.640000
 358 3.610000
 359 3.610000
 360 3.590000
 361 3.590000
 362 2.320000
 363 2.260000
 364 2.220000
 365 2.200000
 366 1.110000
 367 1.100000
 368 1.090000
 369 1.060000
 370 1.060000
 371 1.060000
 372 1.040000
 373 1.040000
 374 1.040000
 375 1.070000
 376 1.040000
 377 1.070000
 378 1.060000
 379 1.060000
 380 1.060000
 381 1.060000
 382 1.060000
 383 1.060000
 384 1.060000
 385 1.090000
 386 1.120000
 387 1.720000
 388 1.720000
 389 1.730000
 390 1.690000
 391 1.710000
 392 1.710000
 393 1.740000
 394 1.740000
 395 1.710000
 396 1.740000
 397 1.740000
 398 1.230000
 399 1.100000
 400 1.090000
 401 1.090000
 402 1.090000
 403 1.090000
 404 1.110000
 405 1.090000
 406 1.110000
 407 1.110000
 408 1.110000
 409 1.140000
 410 1.140000
 411 1.140000
 412 1.140000
 413 1.140000
 414 1.140000
 415 1.140000
 416 1.110000
 417 1.140000
 418 1.140000
 419 1.160000
 420 1.160000
 421 1.160000
 422 1.180000
 423 1.170000
 424 1.960000
 425 1.950000
 426 1.950000
 427 1.350000
 428 1.250000
 429 1.280000
 430 1.280000
 431 1.250000
 432 1.250000
 433 1.230000
 434 1.230000
 435 1.200000
 436 1.240000
 437 1.240000
 438 1.240000
 439 1.240000
 440 1.240000
 441 1.240000
 442 1.260000
 443 1.260000
 444 1.260000
 445 1.260000
 446 1.300000
 447 3.030000
 448 3.060000
 449 3.070000
 450 3.040000
 451 1.310000
 452 1.280000
 453 1.280000
 454 1.270000
 455 1.260000
 456 1.260000
 457 1.260000
 458 1.290000
 459 1.290000
 460 1.290000
 461 1.310000
 462 1.290000
 463 1.310000
 464 1.310000
 465 1.310000
 466 1.310000
 467 1.340000
 468 1.340000
 469 1.340000
 470 1.340000
 471 1.360000
 472 1.340000
 473 1.360000
 474 1.390000
 475 1.360000
 476 1.390000
 477 1.390000
 478 1.390000
 479 1.390000
 480 1.440000
 481 1.490000
 482 1.510000
 483 1.510000
 484 1.490000
 485 1.510000
 486 1.510000
 487 1.530000
 488 1.520000
 489 3.210000
 490 3.230000
 491 3.130000
 492 3.200000
 493 3.220000
 494 3.190000
 495 3.220000
 496 3.190000
 497 3.230000
 498 3.260000
 499 3.250000
 500 3.260000
 501 3.270000
 502 3.270000
 503 3.270000
 504 3.290000
 505 3.310000
 506 3.280000
 507 3.290000
 508 3.280000
 509 3.320000
 510 3.340000
 511 3.370000
 512 3.280000
 513 3.310000
 514 3.290000
 515 3.310000
 516 3.320000
 517 6.160000
 518 6.190000
 519 6.190000
 520 6.190000
 521 6.210000
 522 6.240000
 523 6.240000
 524 6.240000
 525 6.260000
 526 6.260000
 527 4.620000
 528 4.330000
 529 4.250000
 530 4.250000
 531 6.310000
 532 3.260000
 533 3.220000
 534 3.220000
 535 3.240000
 536 3.460000
 537 3.740000
 538 3.740000
 539 3.650000
 540 3.660000
 541 3.660000
 542 3.690000
 543 3.690000
 544 3.690000
 545 3.690000
 546 3.690000
 547 3.280000
 548 3.710000
 549 3.690000
 550 3.710000
 551 3.710000
 552 3.710000
 553 3.710000
 554 3.690000
 555 3.660000
 556 3.660000
 557 3.660000
 558 3.660000
 559 3.660000
 560 3.660000
 561 3.690000
 562 3.690000
 563 3.690000
 564 3.710000
 565 3.710000
 566 3.710000
 567 3.710000
 568 3.740000
 569 3.740000
 570 3.740000
 571 3.740000
 572 3.740000
 573 3.760000
 574 3.760000
 575 3.790000
 576 3.760000
 577 3.710000
 578 3.640000
 579 3.640000
 580 3.330000
 581 3.180000
 582 3.300000
 583 3.480000
 584 3.480000
 585 3.420000
 586 3.400000
 587 3.070000
 588 3.080000
 589 3.150000
 590 3.080000
 591 3.030000
 592 3.050000
 593 3.040000
 594 3.070000
 595 2.980000
 596 2.930000
 597 3.010000
 598 2.990000
 599 2.990000
 600 3.020000
 601 3.070000
 602 3.040000
 603 3.010000
 604 3.070000
 605 3.120000
 606 3.070000
 607 3.100000
 608 3.180000
 609 3.190000
 610 3.120000
 611 3.150000
 612 3.150000
 613 3.100000
 614 3.090000
 615 2.830000
 616 2.760000
 617 2.760000
 618 2.750000
 619 2.750000
 620 2.720000
 621 2.720000
 622 2.720000
 623 2.660000
 624 2.650000
 625 2.650000
 626 2.620000
 627 2.610000
 628 2.570000
 629 2.540000
 630 2.490000
 631 2.460000
 632 2.460000
 633 2.440000
 634 2.390000
 635 2.360000
 636 2.340000
 637 2.310000
 638 2.320000
 639 2.290000
 640 2.260000
 641 2.270000
 642 2.210000
 643 2.210000
 644 2.250000
 645 2.180000
 646 2.140000
 647 2.220000
 648 2.200000
 649 2.170000
 650 2.150000
 651 2.170000
 652 2.120000
 653 2.180000
 654 2.150000
 655 2.120000
 656 2.100000
 657 2.070000
 658 1.960000
 659 2.050000
 660 2.070000
 661 2.050000
 662 1.930000
 663 1.920000
 664 1.960000
 665 2.000000
 666 1.880000
 667 1.860000
 668 1.850000
 669 1.830000
 670 1.840000
 671 1.900000
 672 1.810000
 673 1.900000
 674 1.750000
 675 1.720000
 676 1.730000
 677 1.800000
 678 1.680000
 679 1.770000
 680 1.770000
 681 1.680000
 682 1.760000
 683 1.740000
 684 1.660000
 685 1.660000
 686 1.640000
 687 1.640000
 688 1.620000
 689 1.530000
 690 1.510000
 691 1.690000
 692 1.630000
 693 1.480000
 694 1.470000
 695 1.560000
 696 1.480000
 697 1.420000
 698 1.550000
 699 1.430000
 700 1.420000
 701 1.390000
 702 2.070000
 703 1.480000
 704 1.410000
 705 1.350000
 706 1.390000
 707 1.380000
 708 1.460000
 709 1.340000
 710 1.440000
 711 1.440000
 712 1.330000
 713 1.410000
 714 1.440000
 715 1.330000
 716 1.410000
 717 1.410000
 718 1.330000
 719 1.440000
 720 1.390000
 721 1.410000
 722 1.410000
 723 1.440000
 724 1.440000
 725 1.380000
 726 1.390000
 727 1.410000
 728 1.330000
 729 2.340000
 730 1.330000
 731 1.390000
 732 1.390000
 733 1.410000
 734 1.460000
 735 1.410000
 736 1.330000
 737 1.320000
 738 1.320000
 739 1.340000
 740 1.310000
 741 1.230000
 742 1.240000
 743 1.230000
 744 1.210000
 745 6.560000
 746 6.530000
 747 6.530000
 748 2.870000
 749 2.890000
 750 6.610000
 751 6.640000
 752 5.950000
 753 5.900000
 754 5.850000
 755 5.850000
 756 5.930000
 757 5.680000
 758 0.910000
 759 0.850000
 760 0.860000