
 0 3.880000
 1 2.910000
 2 2.830000
 3 2.850000
 4 2.840000
 5 2.840000
 6 2.820000
 7 2.830000
 8 2.850000
 9 2.860000
 10 2.860000
 11 2.820000
 12 2.810000
 13 2.820000
 14 2.850000
 15 2.830000
 16 2.830000
 17 2.830000
 18 2.800000
 19 2.790000
 20 2.810000
 21 2.810000
 22 2.780000
 23 2.800000
 24 2.860000
 25 2.760000
 26 1.990000
 27 1.880000
 28 1.870000
 29 1.870000
 30 1.870000
 31 1.900000
 32 1.920000
 33 1.920000
 34 1.910000
 35 2.020000
 36 2.710000
 37 2.710000
 38 2.700000
 39 2.680000
 40 2.650000
 41 2.710000
 42 2.890000
 43 3.220000
 44 3.200000
 45 2.740000
 46 2.690000
 47 2.690000
 48 2.690000
 49 2.690000
 50 2.720000
 51 2.700000
 52 2.700000
 53 2.700000
 54 2.700000
 55 2.670000
 56 2.660000
 57 2.590000
 58 2.520000
 59 2.510000
 60 2.470000
 61 2.540000
 62 2.530000
 63 2.530000
 64 2.590000
 65 2.630000
 66 2.620000
 67 2.590000
 68 2.610000
 69 2.630000
 70 2.630000
 71 2.640000
 72 2.630000
 73 2.630000
 74 2.610000
 75 2.610000
 76 2.600000
 77 2.580000
 78 2.600000
 79 2.610000
 80 2.600000
 81 2.590000
 82 2.630000
 83 2.860000
 84 1.760000
 85 1.740000
 86 1.770000
 87 1.780000
 88 1.760000
 89 1.780000
 90 1.770000
 91 1.750000
 92 1.760000
 93 1.760000
 94 1.740000
 95 1.730000
 96 1.770000
 97 1.780000
 98 1.810000
 99 1.770000
 100 1.760000
 101 3.620000
 102 3.510000
 103 3.610000
 104 3.580000
 105 3.610000
 106 3.610000
 107 2.440000
 108 2.330000
 109 2.330000
 110 2.360000
 111 2.350000
 112 1.030000
 113 1.060000
 114 1.030000
 115 1.030000
 116 1.040000
 117 1.030000
 118 1.030000
 119 1.010000
 120 1.020000
 121 1.010000
 122 1.020000
 123 1.040000
 124 1.020000
 125 1.010000
 126 1.000000
 127 1.010000
 128 1.020000
 129 1.000000
 130 1.000000
 131 0.990000
 132 1.020000
 133 1.020000
 134 1.010000
 135 1.010000
 136 0.990000
 137 0.990000
 138 0.990000
 139 0.990000
 140 0.990000
 141 0.970000
 142 0.990000
 143 1.000000
 144 0.990000
 145 0.990000
 146 1.010000
 147 1.000000
 148 1.000000
 149 0.990000
 150 1.000000
 151 0.990000
 152 1.000000
 153 1.000000
 154 1.000000
 155 1.000000
 156 0.960000
 157 0.990000
 158 0.990000
 159 0.990000
 160 0.990000
 161 0.990000
 162 0.990000
 163 0.990000
 164 0.960000
 165 1.000000
 166 1.020000
 167 1.060000
 168 1.140000
 169 1.510000
 170 1.540000
 171 1.540000
 172 1.540000
 173 1.540000
 174 1.510000
 175 1.560000
 176 1.600000
 177 1.710000
 178 2.100000
 179 2.090000
 180 2.130000
 181 2.200000
 182 4.830000
 183 4.830000
 184 4.850000
 185 4.660000
 186 4.850000
 187 4.850000
 188 4.240000
 189 4.240000
 190 4.870000
 191 4.870000
 192 4.870000
 193 4.640000
 194 4.630000
 195 4.620000
 196 4.700000
 197 4.900000
 198 4.900000
 199 4.920000
 200 4.950000
 201 4.920000
 202 4.950000
 203 4.920000
 204 4.080000
 205 4.030000
 206 4.060000
 207 4.090000
 208 4.970000
 209 5.000000
 210 4.990000
 211 2.160000
 212 2.110000
 213 2.090000
 214 2.110000
 215 2.110000
 216 1.810000
 217 1.600000
 218 1.560000
 219 1.540000
 220 1.540000
 221 1.560000
 222 1.540000
 223 1.540000
 224 1.560000
 225 1.560000
 226 1.540000
 227 1.560000
 228 1.210000
 229 1.070000
 230 1.030000
 231 1.010000
 232 0.990000
 233 0.990000
 234 0.990000
 235 0.990000
 236 0.990000
 237 0.990000
 238 0.990000
 239 0.990000
 240 0.990000
 241 0.990000
 242 0.990000
 243 0.990000
 244 0.990000
 245 0.990000
 246 0.990000
 247 0.990000
 248 0.990000
 249 1.000000
 250 1.040000
 251 2.160000
 252 2.160000
 253 2.190000
 254 2.190000
 255 2.190000
 256 2.190000
 257 2.190000
 258 1.070000
 259 1.000000
 260 1.020000
 261 1.000000
 262 1.000000
 263 1.000000
 264 1.000000
 265 1.030000
 266 1.000000
 267 1.020000
 268 1.020000
 269 1.000000
 270 1.000000
 271 1.020000
 272 1.020000
 273 1.020000
 274 1.020000
 275 1.020000
 276 1.020000
 277 1.020000
 278 1.020000
 279 1.020000
 280 1.020000
 281 1.020000
 282 1.020000
 283 1.050000
 284 1.020000
 285 1.050000
 286 1.050000
 287 1.050000
 288 1.050000
 289 1.060000
 290 2.120000
 291 2.130000
 292 2.110000
 293 2.150000
 294 2.150000
 295 2.130000
 296 2.130000
 297 2.150000
 298 2.170000
 299 3.560000
 300 3.560000
 301 3.530000
 302 1.210000
 303 1.160000
 304 1.140000
 305 1.110000
 306 1.140000
 307 1.110000
 308 1.120000
 309 1.110000
 310 1.120000
 311 1.150000
 312 1.150000
 313 1.110000
 314 1.110000
 315 1.140000
 316 1.130000
 317 1.110000
 318 1.140000
 319 1.110000
 320 1.200000
 321 4.390000
 322 4.400000
 323 4.350000
 324 4.370000
 325 4.320000
 326 4.170000
 327 4.060000
 328 4.060000
 329 4.070000
 330 4.270000
 331 4.270000
 332 4.280000
 333 4.260000
 334 4.260000
 335 4.230000
 336 4.230000
 337 4.200000
 338 4.200000
 339 4.200000
 340 4.170000
 341 4.200000
 342 4.150000
 343 4.170000
 344 4.150000
 345 4.150000
 346 4.130000
 347 4.110000
 348 4.120000
 349 4.100000
 350 4.100000
 351 4.070000
 352 4.070000
 353 4.070000
 354 4.070000
 355 4.060000
 356 4.060000
 357 4.030000
 358 4.030000
 359 4.030000
 360 4.010000
 361 4.010000
 362 4.010000
 363 3.980000
 364 3.980000
 365 4.000000
 366 3.070000
 367 3.190000
 368 3.150000
 369 3.140000
 370 3.120000
 371 3.130000
 372 3.130000
 373 3.130000
 374 3.160000
 375 3.030000
 376 3.170000
 377 3.140000
 378 3.170000
 379 3.140000
 380 3.140000
 381 3.170000
 382 3.030000
 383 3.140000
 384 3.130000
 385 3.150000
 386 3.140000
 387 3.100000
 388 3.100000
 389 3.130000
 390 3.130000
 391 3.080000
 392 3.080000
 393 3.080000
 394 2.990000
 395 3.070000
 396 2.980000
 397 2.980000
 398 4.290000
 399 2.980000
 400 3.050000
 401 3.070000
 402 3.070000
 403 3.040000
 404 3.060000
 405 3.060000
 406 3.070000
 407 3.070000
 408 3.010000
 409 3.120000
 410 3.060000
 411 3.050000
 412 3.080000
 413 3.070000
 414 3.030000
 415 3.060000
 416 3.050000
 417 3.130000
 418 3.100000
 419 3.100000
 420 3.100000
 421 3.100000
 422 3.120000
 423 3.160000
 424 3.150000
 425 3.160000
 426 3.190000
 427 3.220000
 428 3.230000
 429 3.160000
 430 3.180000
 431 3.180000
 432 3.190000
 433 6.080000
 434 6.080000
 435 6.070000
 436 6.100000
 437 6.090000
 438 6.120000
 439 6.120000
 440 6.090000
 441 6.120000
 442 6.120000
 443 6.120000
 444 6.150000
 445 6.150000
 446 6.150000
 447 6.150000
 448 6.170000
 449 6.170000
 450 6.170000
 451 6.170000
 452 6.190000
 453 6.170000
 454 6.200000
 455 6.220000
 456 6.220000
 457 6.220000
 458 6.240000
 459 6.240000
 460 6.240000
 461 4.520000
 462 4.360000
 463 4.300000
 464 4.290000
 465 6.280000
 466 3.240000
 467 3.230000
 468 3.220000
 469 3.280000
 470 3.490000
 471 3.870000
 472 3.710000
 473 3.680000
 474 3.660000
 475 3.660000
 476 3.660000
 477 3.690000
 478 3.690000
 479 3.690000
 480 3.360000
 481 3.310000
 482 3.710000
 483 3.690000
 484 3.690000
 485 3.690000
 486 3.710000
 487 3.690000
 488 3.690000
 489 3.640000
 490 3.660000
 491 3.690000
 492 3.660000
 493 3.660000
 494 3.690000
 495 3.690000
 496 3.690000
 497 3.690000
 498 3.710000
 499 3.710000
 500 3.710000
 501 3.710000
 502 3.710000
 503 3.710000
 504 3.710000
 505 3.740000
 506 3.760000
 507 3.740000
 508 3.760000
 509 3.760000
 510 3.760000
 511 3.710000
 512 3.660000
 513 3.610000
 514 3.190000
 515 3.190000
 516 3.520000
 517 3.480000
 518 3.460000
 519 3.410000
 520 3.360000
 521 3.290000
 522 3.050000
 523 3.020000
 524 3.030000
 525 3.070000
 526 3.070000
 527 3.000000
 528 2.990000
 529 2.900000
 530 2.930000
 531 2.930000
 532 2.960000
 533 2.940000
 534 2.940000
 535 2.970000
 536 2.970000
 537 2.990000
 538 2.990000
 539 3.030000
 540 3.060000
 541 3.090000
 542 3.130000
 543 3.060000
 544 3.090000
 545 3.120000
 546 3.070000
 547 3.070000
 548 2.770000
 549 2.680000
 550 2.680000
 551 2.640000
 552 2.630000
 553 2.640000
 554 2.620000
 555 2.570000
 556 2.590000
 557 2.560000
 558 2.580000
 559 2.540000
 560 2.510000
 561 2.460000
 562 2.440000
 563 2.380000
 564 2.310000
 565 2.290000
 566 2.290000
 567 2.240000
 568 2.230000
 569 2.210000
 570 2.240000
 571 2.240000
 572 2.220000
 573 2.160000
 574 2.140000
 575 2.100000
 576 2.090000
 577 2.090000
 578 2.070000
 579 2.070000
 580 2.040000
 581 2.040000
 582 2.040000
 583 2.040000
 584 2.010000
 585 2.040000
 586 2.040000
 587 2.020000
 588 2.030000
 589 2.070000
 590 1.960000
 591 2.010000
 592 1.960000
 593 1.970000
 594 1.970000
 595 1.940000
 596 1.900000
 597 1.900000
 598 1.900000
 599 1.870000
 600 1.840000
 601 1.870000
 602 1.850000
 603 1.820000
 604 1.820000
 605 1.710000
 606 1.800000
 607 1.670000
 608 1.730000
 609 1.750000
 610 1.670000
 611 1.730000
 612 1.610000
 613 1.700000
 614 1.700000
 615 1.690000
 616 1.640000
 617 1.650000
 618 1.530000
 619 1.610000
 620 1.600000
 621 1.610000
 622 1.640000
 623 1.650000
 624 1.650000
 625 1.630000
 626 1.640000
 627 1.580000
 628 1.410000
 629 1.510000
 630 1.430000
 631 1.380000
 632 1.410000
 633 1.380000
 634 1.420000
 635 1.380000
 636 1.350000
 637 1.360000
 638 1.330000
 639 2.020000
 640 1.360000
 641 1.390000
 642 1.720000
 643 1.360000
 644 2.070000
 645 2.100000
 646 1.470000
 647 1.310000
 648 1.750000
 649 1.450000
 650 1.720000
 651 2.150000
 652 1.330000
 653 1.310000
 654 2.200000
 655 1.330000
 656 2.220000
 657 2.220000
 658 1.290000
 659 2.250000
 660 1.310000
 661 1.370000
 662 1.370000
 663 1.390000
 664 2.320000
 665 1.280000
 666 1.390000
 667 1.330000
 668 1.260000
 669 1.240000
 670 1.230000
 671 1.260000
 672 1.240000
 673 1.220000
 674 1.300000
 675 1.230000
 676 2.490000
 677 6.580000
 678 6.530000
 679 2.850000
 680 2.830000
 681 2.860000
 682 6.480000
 683 6.470000
 684 6.500000
 685 6.550000
 686 6.650000
 687 6.670000
 688 6.750000
 689 6.300000
 690 6.640000
 691 0.870000
 692 0.830000
 693 0.830000
 694 0.800000
 695 0.800000
 696 0.830000
 697 0.840000
 698 0.830000
 699 0.820000
 700 0.850000
 701 0.850000
 702 0.850000
 703 0.850000
 704 0.850000
 705 0.850000
 706 0.850000
 707 0.870000
 708 0.870000
 709 0.870000
 710 0.870000
 711 0.870000
 712 0.900000
 713 0.870000
 714 0.870000
 715 0.850000
 716 0.870000
 717 0.670000
 718 0.620000
 719 0.410000
 720 0.240000
 721 0.210000
 722 0.190000
 723 0.330000
 724 0.260000
 725 0.220000
 726 0.230000
 727 0.240000
 728 0.220000
 729 0.220000
 730 0.210000
 731 0.210000
 732 0.210000
 733 0.210000
 734 0.210000
 735 0.210000
 736 0.210000
 737 0.210000
 738 0.210000
 739 0.210000
 740 0.210000
 741 0.190000
 742 0.190000
 743 0.210000
 744 0.210000
 745 0.190000
 746 0.210000
 747 0.210000
 748 0.210000
 749 0.190000
 750 0.190000
 751 0.190000
 752 0.200000
 753 0.220000
 754 0.200000
 755 0.220000
 756 0.200000
 757 0.200000
 758 0.200000
 759 0.200000
 760 0.220000
 0 3.850000
 1 2.910000
 2 2.850000
 3 2.840000
 4 2.860000
 5 2.860000
 6 2.840000
 7 2.860000
 8 2.880000
 9 2.860000
 10 2.860000
 11 2.850000
 12 2.830000
 13 2.810000
 14 2.850000
 15 2.830000
 16 2.830000
 17 2.830000
 18 2.830000
 19 2.790000
 20 2.810000
 21 2.780000
 22 2.780000
 23 2.770000
 24 2.830000
 25 2.730000
 26 2.010000
 27 1.880000
 28 1.870000
 29 1.850000
 30 1.870000
 31 1.900000
 32 1.920000
 33 1.890000
 34 1.910000
 35 2.020000
 36 2.710000
 37 2.710000
 38 2.670000
 39 2.700000
 40 2.650000
 41 2.680000
 42 2.860000
 43 3.200000
 44 3.200000
 45 2.760000
 46 2.690000
 47 2.690000
 48 2.690000
 49 2.690000
 50 2.700000
 51 2.700000
 52 2.700000
 53 2.700000
 54 2.700000
 55 2.690000
 56 2.660000
 57 2.590000
 58 2.500000
 59 2.480000
 60 2.500000
 61 2.540000
 62 2.530000
 63 2.560000
 64 2.590000
 65 2.600000
 66 2.620000
 67 2.610000
 68 2.610000
 69 2.630000
 70 2.610000
 71 2.610000
 72 2.610000
 73 2.630000
 74 2.630000
 75 2.610000
 76 2.600000
 77 2.600000
 78 2.600000
 79 2.590000
 80 2.600000
 81 2.590000
 82 2.630000
 83 2.860000
 84 1.780000
 85 1.740000
 86 1.770000
 87 1.760000
 88 1.780000
 89 1.780000
 90 1.760000
 91 1.750000
 92 1.730000
 93 1.760000
 94 1.740000
 95 1.730000
 96 1.770000
 97 1.780000
 98 1.780000
 99 1.800000
 100 1.780000
 101 3.620000
 102 3.480000
 103 3.580000
 104 3.580000
 105 3.610000
 106 3.610000
 107 2.440000
 108 2.360000
 109 2.330000
 110 2.330000
 111 2.350000
 112 1.060000
 113 1.060000
 114 1.030000
 115 1.030000
 116 1.020000
 117 1.040000
 118 1.030000
 119 1.020000
 120 1.020000
 121 1.040000
 122 1.010000
 123 1.040000
 124 1.030000
 125 1.020000
 126 1.020000
 127 1.010000
 128 1.020000
 129 1.000000
 130 1.000000
 131 1.010000
 132 1.020000
 133 0.990000
 134 0.990000
 135 0.990000
 136 1.020000
 137 1.020000
 138 0.990000
 139 0.990000
 140 0.990000
 141 0.990000
 142 0.990000
 143 1.000000
 144 0.990000
 145 0.990000
 146 0.980000
 147 1.000000
 148 1.000000
 149 1.010000
 150 0.970000
 151 1.000000
 152 1.000000
 153 0.970000
 154 1.000000
 155 1.000000
 156 0.990000
 157 0.990000
 158 0.990000
 159 0.990000
 160 0.960000
 161 0.960000
 162 0.990000
 163 0.990000
 164 0.990000
 165 0.970000
 166 1.020000
 167 1.060000
 168 1.140000
 169 1.540000
 170 1.510000
 171 1.540000
 172 1.540000
 173 1.540000
 174 1.510000
 175 1.530000
 176 1.570000
 177 1.710000
 178 2.120000
 179 2.110000
 180 2.130000
 181 2.200000
 182 4.830000
 183 4.830000
 184 4.850000
 185 4.680000
 186 4.850000
 187 4.860000
 188 4.220000
 189 4.260000
 190 4.860000
 191 4.870000
 192 4.870000
 193 4.640000
 194 4.610000
 195 4.630000
 196 4.670000
 197 4.920000
 198 4.920000
 199 4.920000
 200 4.920000
 201 4.950000
 202 4.950000
 203 4.950000
 204 4.080000
 205 4.030000
 206 4.060000
 207 4.080000
 208 4.970000
 209 5.000000
 210 4.990000
 211 2.160000
 212 2.110000
 213 2.110000
 214 2.110000
 215 2.110000
 216 1.840000
 217 1.620000
 218 1.520000
 219 1.560000
 220 1.540000
 221 1.560000
 222 1.540000
 223 1.560000
 224 1.540000
 225 1.540000
 226 1.560000
 227 1.540000
 228 1.210000
 229 1.070000
 230 1.030000
 231 1.030000
 232 0.990000
 233 0.980000
 234 0.960000
 235 0.990000
 236 0.960000
 237 0.990000
 238 0.990000
 239 0.960000
 240 0.990000
 241 0.960000
 242 0.990000
 243 0.990000
 244 1.010000
 245 0.990000
 246 0.990000
 247 1.010000
 248 1.010000
 249 1.020000
 250 1.040000
 251 2.160000
 252 2.160000
 253 2.170000
 254 2.190000
 255 2.190000
 256 2.160000
 257 2.190000
 258 1.050000
 259 0.990000
 260 1.000000
 261 1.000000
 262 1.020000
 263 1.020000
 264 1.020000
 265 1.020000
 266 1.000000
 267 1.020000
 268 1.020000
 269 1.020000
 270 1.020000
 271 1.000000
 272 1.000000
 273 1.020000
 274 1.050000
 275 1.020000
 276 1.020000
 277 1.020000
 278 1.050000
 279 1.050000
 280 1.020000
 281 1.020000
 282 1.050000
 283 1.050000
 284 1.050000
 285 1.050000
 286 1.050000
 287 1.050000
 288 1.070000
 289 1.060000
 290 2.130000
 291 2.150000
 292 2.140000
 293 2.150000
 294 2.140000
 295 2.150000
 296 2.130000
 297 2.170000
 298 2.140000
 299 3.560000
 300 3.560000
 301 3.530000
 302 1.230000
 303 1.160000
 304 1.140000
 305 1.140000
 306 1.110000
 307 1.110000
 308 1.140000
 309 1.150000
 310 1.120000
 311 1.150000
 312 1.120000
 313 1.140000
 314 1.110000
 315 1.110000
 316 1.130000
 317 1.120000
 318 1.110000
 319 1.110000
 320 1.200000
 321 4.390000
 322 4.370000
 323 4.370000
 324 4.350000
 325 4.350000
 326 4.170000
 327 4.030000
 328 4.060000
 329 4.090000
 330 4.270000
 331 4.300000
 332 4.280000
 333 4.260000
 334 4.260000
 335 4.260000
 336 4.230000
 337 4.200000
 338 4.200000
 339 4.200000
 340 4.200000
 341 4.170000
 342 4.170000
 343 4.170000
 344 4.120000
 345 4.120000
 346 4.120000
 347 4.110000
 348 4.120000
 349 4.110000
 350 4.110000
 351 4.110000
 352 4.110000
 353 4.070000
 354 4.050000
 355 4.070000
 356 4.060000
 357 4.060000
 358 4.030000
 359 4.010000
 360 4.010000
 361 4.030000
 362 4.010000
 363 4.010000
 364 3.980000
 365 4.000000
 366 3.090000
 367 3.160000
 368 3.150000
 369 3.110000
 370 3.120000
 371 3.150000
 372 3.130000
 373 3.110000
 374 3.160000
 375 3.060000
 376 3.170000
 377 3.130000
 378 3.170000
 379 3.140000
 380 3.140000
 381 3.150000
 382 3.030000
 383 3.140000
 384 3.110000
 385 3.140000
 386 3.130000
 387 3.100000
 388 3.100000
 389 3.130000
 390 3.130000
 391 3.080000
 392 3.080000
 393 3.080000
 394 2.970000
 395 3.070000
 396 3.010000
 397 2.980000
 398 4.290000
 399 2.960000
 400 3.060000
 401 3.090000
 402 3.060000
 403 3.060000
 404 3.040000
 405 3.040000
 406 3.070000
 407 3.090000
 408 3.010000
 409 3.120000
 410 3.040000
 411 3.050000
 412 3.080000
 413 3.050000
 414 3.030000
 415 3.060000
 416 3.050000
 417 3.100000
 418 3.130000
 419 3.100000
 420 3.110000
 421 3.140000
 422 3.120000
 423 3.130000
 424 3.150000
 425 3.190000
 426 3.190000
 427 3.210000
 428 3.250000
 429 3.160000
 430 3.180000
 431 3.180000
 432 3.190000
 433 6.080000
 434 6.080000
 435 6.070000
 436 6.100000
 437 6.090000
 438 6.090000
 439 6.120000
 440 6.090000
 441 6.120000
 442 6.140000
 443 6.120000
 444 6.120000
 445 6.150000
 446 6.150000
 447 6.160000
 448 6.150000
 449 6.170000
 450 6.170000
 451 6.170000
 452 6.190000
 453 6.200000
 454 6.200000
 455 6.220000
 456 6.190000
 457 6.220000
 458 6.220000
 459 6.220000
 460 6.270000
 461 4.520000
 462 4.350000
 463 4.270000
 464 4.280000
 465 6.280000
 466 3.270000
 467 3.220000
 468 3.240000
 469 3.280000
 470 3.490000
 471 3.970000
 472 3.720000
 473 3.680000
 474 3.660000
 475 3.690000
 476 3.690000
 477 3.660000
 478 3.660000
 479 3.690000
 480 3.340000
 481 3.340000
 482 3.690000
 483 3.690000
 484 3.690000
 485 3.710000
 486 3.690000
 487 3.690000
 488 3.660000
 489 3.640000
 490 3.640000
 491 3.660000
 492 3.660000
 493 3.660000
 494 3.690000
 495 3.690000
 496 3.690000
 497 3.690000
 498 3.690000
 499 3.710000
 500 3.710000
 501 3.710000
 502 3.710000
 503 3.740000
 504 3.710000
 505 3.740000
 506 3.760000
 507 3.740000
 508 3.760000
 509 3.760000
 510 3.760000
 511 3.690000
 512 3.660000
 513 3.580000
 514 3.190000
 515 3.160000
 516 3.520000
 517 3.480000
 518 3.430000
 519 3.410000
 520 3.380000
 521 3.290000
 522 3.020000
 523 3.050000
 524 3.030000
 525 3.070000
 526 3.070000
 527 3.000000
 528 2.990000
 529 2.940000
 530 2.920000
 531 2.930000
 532 2.940000
 533 2.940000
 534 2.960000
 535 2.970000
 536 2.970000
 537 2.990000
 538 2.990000
 539 3.030000
 540 3.060000
 541 3.090000
 542 3.130000
 543 3.060000
 544 3.090000
 545 3.120000
 546 3.070000
 547 3.040000
 548 2.760000
 549 2.700000
 550 2.680000
 551 2.670000
 552 2.650000
 553 2.610000
 554 2.600000
 555 2.590000
 556 2.580000
 557 2.560000
 558 2.580000
 559 2.510000
 560 2.510000
 561 2.440000
 562 2.410000
 563 2.380000
 564 2.340000
 565 2.290000
 566 2.270000
 567 2.240000
 568 2.220000
 569 2.210000
 570 2.240000
 571 2.220000
 572 2.240000
 573 2.160000
 574 2.150000
 575 2.110000
 576 2.110000
 577 2.090000
 578 2.060000
 579 2.070000
 580 2.040000
 581 2.040000
 582 2.040000
 583 2.070000
 584 2.040000
 585 2.010000
 586 2.010000
 587 2.020000
 588 2.030000
 589 1.960000
 590 1.930000
 591 2.010000
 592 1.970000
 593 2.000000
 594 1.830000
 595 1.940000
 596 1.920000
 597 1.900000
 598 1.920000
 599 1.870000
 600 1.870000
 601 1.870000
 602 1.850000
 603 1.800000
 604 1.850000
 605 1.850000
 606 1.770000
 607 1.670000
 608 1.680000
 609 1.750000
 610 1.680000
 611 1.710000
 612 1.740000
 613 1.720000
 614 1.700000
 615 1.580000
 616 1.670000
 617 1.670000
 618 1.560000
 619 1.650000
 620 1.600000
 621 1.610000
 622 1.640000
 623 1.650000
 624 1.650000
 625 1.630000
 626 1.640000
 627 1.580000
 628 1.410000
 629 1.510000
 630 1.410000
 631 1.380000
 632 1.410000
 633 1.380000
 634 1.420000
 635 1.380000
 636 1.350000
 637 1.330000
 638 1.360000
 639 2.050000
 640 1.360000
 641 1.390000
 642 1.560000
 643 1.360000
 644 2.050000
 645 2.070000
 646 1.440000
 647 1.440000
 648 1.720000
 649 1.450000
 650 1.740000
 651 2.150000
 652 1.330000
 653 1.310000
 654 2.200000
 655 1.330000
 656 2.220000
 657 2.220000
 658 1.290000
 659 2.250000
 660 1.280000
 661 1.400000
 662 1.370000
 663 1.370000
 664 2.320000
 665 1.280000
 666 1.390000
 667 1.330000
 668 1.260000
 669 1.260000
 670 1.260000
 671 1.250000
 672 1.240000
 673 1.220000
 674 1.290000
 675 1.200000
 676 2.520000
 677 6.580000
 678 6.560000
 679 2.850000
 680 2.830000
 681 2.860000
 682 6.500000
 683 6.470000
 684 6.530000
 685 6.550000
 686 6.630000
 687 6.640000
 688 6.730000
 689 6.280000
 690 6.630000
 691 0.840000
 692 0.830000
 693 0.830000
 694 0.830000
 695 0.810000
 696 0.820000
 697 0.840000
 698 0.810000
 699 0.820000
 700 0.820000
 701 0.850000
 702 0.850000
 703 0.820000
 704 0.850000
 705 0.850000
 706 0.870000
 707 0.870000
 708 0.870000
 709 0.850000
 710 0.870000
 711 0.870000
 712 0.870000
 713 0.850000
 714 0.870000
 715 0.870000
 716 0.870000
 717 0.690000
 718 0.620000
 719 0.350000
 720 0.350000
 721 0.210000
 722 0.210000
 723 0.180000
 724 0.260000
 725 0.240000
 726 0.230000
 727 0.240000
 728 0.220000
 729 0.220000
 730 0.210000
 731 0.210000
 732 0.210000
 733 0.210000
 734 0.210000
 735 0.210000
 736 0.210000
 737 0.180000
 738 0.210000
 739 0.210000
 740 0.210000
 741 0.210000
 742 0.190000
 743 0.210000
 744 0.210000
 745 0.190000
 746 0.190000
 747 0.210000
 748 0.190000
 749 0.210000
 750 0.210000
 751 0.210000
 752 0.190000
 753 0.200000
 754 0.200000
 755 0.200000
 756 0.200000
 757 0.200000
 758 0.200000
 759 0.200000
 760 0.200000
 0 3.880000
 1 2.900000
 2 2.850000
 3 2.840000
 4 2.870000
 5 2.860000
 6 2.840000
 7 2.860000
 8 2.870000
 9 2.860000
 10 2.830000
 11 2.830000
 12 2.830000
 13 2.850000
 14 2.850000
 15 2.830000
 16 2.830000
 17 2.830000
 18 2.800000
 19 2.810000
 20 2.810000
 21 2.780000
 22 2.780000
 23 2.770000
 24 2.840000
 25 2.730000
 26 2.010000
 27 1.880000
 28 1.850000
 29 1.870000
 30 1.850000
 31 1.900000
 32 1.920000
 33 1.890000
 34 1.910000
 35 2.000000
 36 2.710000
 37 2.710000
 38 2.670000
 39 2.680000
 40 2.680000
 41 2.680000
 42 2.890000
 43 3.200000
 44 3.200000
 45 2.740000
 46 2.710000
 47 2.690000
 48 2.690000
 49 2.690000
 50 2.700000
 51 2.700000
 52 2.680000
 53 2.680000
 54 2.680000
 55 2.690000
 56 2.680000
 57 2.590000
 58 2.510000
 59 2.480000
 60 2.470000
 61 2.540000
 62 2.530000
 63 2.530000
 64 2.590000
 65 2.600000
 66 2.600000
 67 2.610000
 68 2.630000
 69 2.610000
 70 2.630000
 71 2.610000
 72 2.630000
 73 2.630000
 74 2.610000
 75 2.610000
 76 2.600000
 77 2.600000
 78 2.600000
 79 2.590000
 80 2.600000
 81 2.590000
 82 2.630000
 83 2.860000
 84 1.760000
 85 1.740000
 86 1.750000
 87 1.750000
 88 1.760000
 89 1.780000
 90 1.760000
 91 1.750000
 92 1.760000
 93 1.760000
 94 1.740000
 95 1.760000
 96 1.770000
 97 1.780000
 98 1.810000
 99 1.770000
 100 1.760000
 101 3.600000
 102 3.510000
 103 3.610000
 104 3.580000
 105 3.610000
 106 3.590000
 107 2.440000
 108 2.360000
 109 2.330000
 110 2.360000
 111 2.350000
 112 1.040000
 113 1.030000
 114 1.050000
 115 1.030000
 116 1.050000
 117 1.030000
 118 1.030000
 119 1.010000
 120 1.010000
 121 1.040000
 122 1.020000
 123 1.030000
 124 1.020000
 125 1.020000
 126 1.020000
 127 1.010000
 128 1.020000
 129 1.000000
 130 1.000000
 131 0.990000
 132 1.030000
 133 0.990000
 134 1.010000
 135 1.010000
 136 0.990000
 137 0.990000
 138 1.010000
 139 1.020000
 140 1.000000
 141 0.990000
 142 0.990000
 143 0.970000
 144 0.990000
 145 0.990000
 146 0.980000
 147 1.000000
 148 1.000000
 149 0.990000
 150 1.000000
 151 1.000000
 152 1.000000
 153 0.970000
 154 0.970000
 155 1.000000
 156 0.960000
 157 0.960000
 158 0.960000
 159 0.990000
 160 0.990000
 161 0.990000
 162 0.990000
 163 0.990000
 164 0.960000
 165 0.970000
 166 1.020000
 167 1.080000
 168 1.140000
 169 1.540000
 170 1.550000
 171 1.540000
 172 1.540000
 173 1.510000
 174 1.510000
 175 1.510000
 176 1.570000
 177 1.740000
 178 2.100000
 179 2.110000
 180 2.110000
 181 2.200000
 182 4.860000
 183 4.860000
 184 4.850000
 185 4.660000
 186 4.850000
 187 4.870000
 188 4.280000
 189 4.260000
 190 4.870000
 191 4.870000
 192 4.870000
 193 4.640000
 194 4.610000
 195 4.630000
 196 4.670000
 197 4.900000
 198 4.920000
 199 4.900000
 200 4.920000
 201 4.920000
 202 4.950000
 203 4.950000
 204 4.110000
 205 4.030000
 206 4.060000
 207 4.090000
 208 5.000000
 209 5.000000
 210 4.990000
 211 2.160000
 212 2.110000
 213 2.110000
 214 2.110000
 215 2.110000
 216 1.810000
 217 1.600000
 218 1.550000
 219 1.540000
 220 1.560000
 221 1.540000
 222 1.560000
 223 1.540000
 224 1.540000
 225 1.540000
 226 1.540000
 227 1.540000
 228 1.240000
 229 1.050000
 230 1.030000
 231 1.000000
 232 0.990000
 233 0.980000
 234 0.990000
 235 0.990000
 236 0.990000
 237 0.990000
 238 0.990000
 239 0.990000
 240 0.990000
 241 0.990000
 242 0.990000
 243 0.960000
 244 0.990000
 245 0.990000
 246 0.990000
 247 0.990000
 248 1.010000
 249 1.000000
 250 0.980000
 251 2.160000
 252 2.160000
 253 2.170000
 254 2.170000
 255 2.190000
 256 2.190000
 257 2.160000
 258 1.010000
 259 1.020000
 260 1.000000
 261 1.000000
 262 1.020000
 263 1.000000
 264 1.020000
 265 1.000000
 266 1.000000
 267 1.020000
 268 1.020000
 269 1.020000
 270 1.000000
 271 1.020000
 272 1.000000
 273 1.020000
 274 1.020000
 275 1.020000
 276 1.050000
 277 1.020000
 278 1.020000
 279 1.020000
 280 1.050000
 281 1.050000
 282 1.050000
 283 1.020000
 284 1.050000
 285 1.050000
 286 1.050000
 287 1.050000
 288 1.050000
 289 1.060000
 290 2.160000
 291 2.140000
 292 2.130000
 293 2.130000
 294 2.150000
 295 2.160000
 296 2.150000
 297 2.150000
 298 2.170000
 299 3.560000
 300 3.540000
 301 3.530000
 302 1.210000
 303 1.180000
 304 1.120000
 305 1.110000
 306 1.140000
 307 1.110000
 308 1.120000
 309 1.150000
 310 1.120000
 311 1.120000
 312 1.120000
 313 1.120000
 314 1.110000
 315 1.140000
 316 1.130000
 317 1.140000
 318 1.120000
 319 1.110000
 320 1.220000
 321 4.390000
 322 4.370000
 323 4.350000
 324 4.370000
 325 4.320000
 326 4.170000
 327 4.060000
 328 4.040000
 329 4.070000
 330 4.300000
 331 4.270000
 332 4.280000
 333 4.260000
 334 4.260000
 335 4.230000
 336 4.230000
 337 4.220000
 338 4.200000
 339 4.200000
 340 4.170000
 341 4.180000
 342 4.170000
 343 4.150000
 344 4.150000
 345 4.120000
 346 4.110000
 347 4.110000
 348 4.100000
 349 4.100000
 350 4.080000
 351 4.070000
 352 4.080000
 353 4.070000
 354 4.050000
 355 4.050000
 356 4.060000
 357 4.030000
 358 4.030000
 359 4.030000
 360 4.030000
 361 4.010000
 362 4.010000
 363 3.980000
 364 4.010000
 365 3.970000
 366 3.070000
 367 3.160000
 368 3.130000
 369 3.110000
 370 3.120000
 371 3.130000
 372 3.130000
 373 3.130000
 374 3.160000
 375 3.030000
 376 3.170000
 377 3.160000
 378 3.170000
 379 3.140000
 380 3.120000
 381 3.170000
 382 3.030000
 383 3.140000
 384 3.130000
 385 3.150000
 386 3.100000
 387 3.100000
 388 3.110000
 389 3.100000
 390 3.130000
 391 3.080000
 392 3.080000
 393 3.080000
 394 3.000000
 395 3.070000
 396 3.010000
 397 2.980000
 398 4.270000
 399 2.960000
 400 3.050000
 401 3.090000
 402 3.060000
 403 3.040000
 404 3.040000
 405 3.060000
 406 3.070000
 407 3.070000
 408 3.010000
 409 3.100000
 410 3.040000
 411 3.050000
 412 3.050000
 413 3.080000
 414 3.030000
 415 3.060000
 416 3.050000
 417 3.080000
 418 3.100000
 419 3.130000
 420 3.100000
 421 3.110000
 422 3.140000
 423 3.160000
 424 3.150000
 425 3.190000
 426 3.220000
 427 3.190000
 428 3.250000
 429 3.180000
 430 3.180000
 431 3.180000
 432 3.190000
 433 6.060000
 434 6.080000
 435 6.100000
 436 6.070000
 437 6.090000
 438 6.090000
 439 6.090000
 440 6.120000
 441 6.120000
 442 6.140000
 443 6.120000
 444 6.120000
 445 6.120000
 446 6.150000
 447 6.150000
 448 6.150000
 449 6.150000
 450 6.170000
 451 6.200000
 452 6.170000
 453 6.200000
 454 6.200000
 455 6.220000
 456 6.220000
 457 6.250000
 458 6.220000
 459 6.220000
 460 6.270000
 461 4.540000
 462 4.330000
 463 4.280000
 464 4.260000
 465 6.280000
 466 3.270000
 467 3.220000
 468 3.220000
 469 3.310000
 470 3.460000
 471 3.890000
 472 3.710000
 473 3.680000
 474 3.660000
 475 3.660000
 476 3.660000
 477 3.660000
 478 3.660000
 479 3.690000
 480 3.340000
 481 3.310000
 482 3.690000
 483 3.690000
 484 3.690000
 485 3.710000
 486 3.710000
 487 3.690000
 488 3.660000
 489 3.640000
 490 3.660000
 491 3.660000
 492 3.640000
 493 3.660000
 494 3.690000
 495 3.690000
 496 3.690000
 497 3.690000
 498 3.690000
 499 3.710000
 500 3.710000
 501 3.710000
 502 3.710000
 503 3.710000
 504 3.710000
 505 3.740000
 506 3.740000
 507 3.740000
 508 3.760000
 509 3.790000
 510 3.730000
 511 3.710000
 512 3.660000
 513 3.610000
 514 3.190000
 515 3.160000
 516 3.500000
 517 3.480000
 518 3.460000
 519 3.410000
 520 3.380000
 521 3.260000
 522 3.050000
 523 3.050000
 524 3.030000
 525 3.070000
 526 3.070000
 527 3.000000
 528 2.990000
 529 2.940000
 530 2.930000
 531 2.920000
 532 2.940000
 533 2.940000
 534 2.940000
 535 2.960000
 536 2.940000
 537 2.990000
 538 2.990000
 539 3.030000
 540 3.030000
 541 3.080000
 542 3.160000
 543 3.080000
 544 3.090000
 545 3.120000
 546 3.070000
 547 3.070000
 548 2.790000
 549 2.700000
 550 2.660000
 551 2.660000
 552 2.650000
 553 2.640000
 554 2.600000
 555 2.590000
 556 2.550000
 557 2.590000
 558 2.580000
 559 2.540000
 560 2.490000
 561 2.450000
 562 2.440000
 563 2.380000
 564 2.340000
 565 2.290000
 566 2.270000
 567 2.270000
 568 2.220000
 569 2.210000
 570 2.240000
 571 2.220000
 572 2.230000
 573 2.160000
 574 2.160000
 575 2.100000
 576 2.080000
 577 2.090000
 578 2.090000
 579 2.060000
 580 2.060000
 581 2.040000
 582 2.040000
 583 2.050000
 584 2.010000
 585 2.020000
 586 2.010000
 587 2.020000
 588 2.060000
 589 1.950000
 590 1.960000
 591 2.010000
 592 1.960000
 593 2.020000
 594 1.880000
 595 1.940000
 596 1.950000
 597 1.900000
 598 1.900000
 599 1.900000
 600 1.870000
 601 1.870000
 602 1.820000
 603 1.820000
 604 1.710000
 605 1.820000
 606 1.800000
 607 1.660000
 608 1.680000
 609 1.780000
 610 1.640000
 611 1.730000
 612 1.740000
 613 1.610000
 614 1.700000
 615 1.560000
 616 1.560000
 617 1.530000
 618 1.530000
 619 1.610000
 620 1.600000
 621 1.580000
 622 1.640000
 623 1.680000
 624 1.650000
 625 1.630000
 626 1.640000
 627 1.580000
 628 1.430000
 629 1.530000
 630 1.410000
 631 1.380000
 632 1.380000
 633 1.380000
 634 1.450000
 635 1.380000
 636 1.350000
 637 1.330000
 638 1.360000
 639 2.010000
 640 1.360000
 641 1.370000
 642 1.800000
 643 1.360000
 644 2.050000
 645 2.100000
 646 1.440000
 647 1.330000
 648 1.750000
 649 1.470000
 650 1.740000
 651 2.150000
 652 1.310000
 653 1.310000
 654 2.200000
 655 1.300000
 656 2.200000
 657 2.220000
 658 1.290000
 659 2.250000
 660 1.300000
 661 1.370000
 662 1.370000
 663 1.370000
 664 2.320000
 665 1.280000
 666 1.370000
 667 1.330000
 668 1.360000
 669 1.260000
 670 1.230000
 671 1.240000
 672 1.240000
 673 1.240000
 674 1.300000
 675 1.190000
 676 2.520000
 677 6.550000
 678 6.580000
 679 2.850000
 680 2.810000
 681 2.840000
 682 6.460000
 683 6.470000
 684 6.500000
 685 6.550000
 686 6.650000
 687 6.670000
 688 6.730000
 689 6.280000
 690 6.640000
 691 0.870000
 692 0.830000
 693 0.860000
 694 0.830000
 695 0.820000
 696 0.810000
 697 0.810000
 698 0.830000
 699 0.840000
 700 0.820000
 701 0.820000
 702 0.850000
 703 0.850000
 704 0.850000
 705 0.850000
 706 0.850000
 707 0.850000
 708 0.850000
 709 0.870000
 710 0.870000
 711 0.870000
 712 0.870000
 713 0.870000
 714 0.870000
 715 0.850000
 716 0.870000
 717 0.690000
 718 0.620000
 719 0.430000
 720 0.350000
 721 0.210000
 722 0.190000
 723 0.210000
 724 0.260000
 725 0.220000
 726 0.230000
 727 0.240000
 728 0.220000
 729 0.220000
 730 0.210000
 731 0.210000
 732 0.210000
 733 0.210000
 734 0.210000
 735 0.210000
 736 0.210000
 737 0.180000
 738 0.210000
 739 0.190000
 740 0.210000
 741 0.210000
 742 0.210000
 743 0.210000
 744 0.210000
 745 0.210000
 746 0.210000
 747 0.210000
 748 0.210000
 749 0.210000
 750 0.210000
 751 0.190000
 752 0.220000
 753 0.220000
 754 0.200000
 755 0.200000
 756 0.200000
 757 0.200000
 758 0.200000
 759 0.200000
 760 0.220000
 0 3.850000
 1 2.910000
 2 2.820000
 3 2.840000
 4 2.870000
 5 2.860000
 6 2.850000
 7 2.860000
 8 2.880000
 9 2.860000
 10 2.830000
 11 2.830000
 12 2.810000
 13 2.810000
 14 2.850000
 15 2.850000
 16 2.800000
 17 2.830000
 18 2.830000
 19 2.790000
 20 2.810000
 21 2.780000
 22 2.780000
 23 2.800000
 24 2.830000
 25 2.730000
 26 1.990000
 27 1.880000
 28 1.870000
 29 1.870000
 30 1.870000
 31 1.900000
 32 1.920000
 33 1.920000
 34 1.930000
 35 2.020000
 36 2.710000
 37 2.710000
 38 2.700000
 39 2.680000
 40 2.680000
 41 2.680000
 42 2.890000
 43 3.200000
 44 3.200000
 45 2.740000
 46 2.690000
 47 2.690000
 48 2.690000
 49 2.660000
 50 2.700000
 51 2.680000
 52 2.700000
 53 2.700000
 54 2.680000
 55 2.690000
 56 2.660000
 57 2.590000
 58 2.510000
 59 2.510000
 60 2.500000
 61 2.540000
 62 2.550000
 63 2.530000
 64 2.590000
 65 2.600000
 66 2.620000
 67 2.610000
 68 2.610000
 69 2.630000
 70 2.630000
 71 2.640000
 72 2.640000
 73 2.610000
 74 2.610000
 75 2.610000
 76 2.600000
 77 2.600000
 78 2.600000
 79 2.590000
 80 2.600000
 81 2.610000
 82 2.650000
 83 2.860000
 84 1.780000
 85 1.740000
 86 1.780000
 87 1.780000
 88 1.760000
 89 1.780000
 90 1.760000
 91 1.750000
 92 1.760000
 93 1.730000
 94 1.740000
 95 1.730000
 96 1.770000
 97 1.810000
 98 1.770000
 99 1.770000
 100 1.780000
 101 3.600000
 102 3.510000
 103 3.610000
 104 3.580000
 105 3.610000
 106 3.610000
 107 2.460000
 108 2.360000
 109 2.330000
 110 2.330000
 111 2.350000
 112 1.030000
 113 1.030000
 114 1.050000
 115 1.030000
 116 1.020000
 117 1.040000
 118 1.000000
 119 1.030000
 120 1.040000
 121 1.000000
 122 1.010000
 123 1.000000
 124 1.000000
 125 1.020000
 126 1.000000
 127 1.010000
 128 1.020000
 129 1.000000
 130 1.000000
 131 1.010000
 132 1.030000
 133 1.020000
 134 0.990000
 135 1.010000
 136 0.990000
 137 1.020000
 138 0.990000
 139 0.990000
 140 1.000000
 141 1.010000
 142 0.990000
 143 1.000000
 144 1.020000
 145 1.020000
 146 0.980000
 147 1.000000
 148 0.990000
 149 0.990000
 150 1.000000
 151 1.000000
 152 1.000000
 153 0.970000
 154 0.970000
 155 0.990000
 156 0.960000
 157 0.990000
 158 0.990000
 159 0.990000
 160 0.990000
 161 0.990000
 162 0.990000
 163 0.960000
 164 0.960000
 165 1.000000
 166 1.020000
 167 1.060000
 168 1.140000
 169 1.510000
 170 1.520000
 171 1.540000
 172 1.510000
 173 1.540000
 174 1.490000
 175 1.530000
 176 1.570000
 177 1.710000
 178 2.100000
 179 2.110000
 180 2.110000
 181 2.190000
 182 4.830000
 183 4.830000
 184 4.850000
 185 4.660000
 186 4.850000
 187 4.850000
 188 4.280000
 189 4.260000
 190 4.870000
 191 4.870000
 192 4.900000
 193 4.620000
 194 4.630000
 195 4.620000
 196 4.700000
 197 4.900000
 198 4.920000
 199 4.920000
 200 4.920000
 201 4.950000
 202 4.950000
 203 4.950000
 204 4.100000
 205 4.030000
 206 4.060000
 207 4.090000
 208 4.970000
 209 5.000000
 210 4.990000
 211 2.180000
 212 2.110000
 213 2.110000
 214 2.110000
 215 2.110000
 216 1.840000
 217 1.620000
 218 1.560000
 219 1.540000
 220 1.540000
 221 1.560000
 222 1.540000
 223 1.540000
 224 1.540000
 225 1.540000
 226 1.540000
 227 1.560000
 228 1.240000
 229 1.070000
 230 1.030000
 231 1.010000
 232 1.000000
 233 0.980000
 234 0.990000
 235 0.960000
 236 0.990000
 237 0.990000
 238 0.990000
 239 0.990000
 240 0.990000
 241 0.990000
 242 0.990000
 243 0.990000
 244 0.960000
 245 0.990000
 246 0.990000
 247 0.990000
 248 0.990000
 249 1.000000
 250 1.000000
 251 2.160000
 252 2.190000
 253 2.170000
 254 2.160000
 255 2.190000
 256 2.190000
 257 2.160000
 258 1.090000
 259 1.020000
 260 1.020000
 261 1.000000
 262 1.000000
 263 1.000000
 264 1.020000
 265 1.000000
 266 1.020000
 267 1.020000
 268 1.000000
 269 1.020000
 270 1.020000
 271 1.020000
 272 1.020000
 273 1.020000
 274 1.020000
 275 1.050000
 276 1.050000
 277 1.020000
 278 1.020000
 279 1.050000
 280 1.050000
 281 1.020000
 282 1.050000
 283 1.020000
 284 1.050000
 285 1.050000
 286 1.050000
 287 1.020000
 288 1.050000
 289 1.060000
 290 2.140000
 291 2.150000
 292 2.110000
 293 2.130000
 294 2.120000
 295 2.140000
 296 2.150000
 297 2.150000
 298 2.170000
 299 3.560000
 300 3.540000
 301 3.530000
 302 1.230000
 303 1.180000
 304 1.140000
 305 1.140000
 306 1.110000
 307 1.110000
 308 1.120000
 309 1.110000
 310 1.120000
 311 1.120000
 312 1.120000
 313 1.120000
 314 1.110000
 315 1.110000
 316 1.130000
 317 1.120000
 318 1.140000
 319 1.140000
 320 1.200000
 321 4.390000
 322 4.370000
 323 4.370000
 324 4.370000
 325 4.320000
 326 4.170000
 327 4.060000
 328 4.040000
 329 4.070000
 330 4.300000
 331 4.270000
 332 4.260000
 333 4.260000
 334 4.260000
 335 4.230000
 336 4.220000
 337 4.230000
 338 4.200000
 339 4.200000
 340 4.200000
 341 4.150000
 342 4.170000
 343 4.170000
 344 4.150000
 345 4.120000
 346 4.130000
 347 4.110000
 348 4.120000
 349 4.110000
 350 4.110000
 351 4.070000
 352 4.100000
 353 4.070000
 354 4.050000
 355 4.060000
 356 4.020000
 357 4.030000
 358 4.030000
 359 4.010000
 360 4.030000
 361 4.010000
 362 4.010000
 363 4.010000
 364 3.980000
 365 4.000000
 366 3.070000
 367 3.180000
 368 3.150000
 369 3.090000
 370 3.120000
 371 3.130000
 372 3.160000
 373 3.110000
 374 3.130000
 375 3.060000
 376 3.140000
 377 3.130000
 378 3.170000
 379 3.140000
 380 3.140000
 381 3.170000
 382 3.030000
 383 3.170000
 384 3.130000
 385 3.150000
 386 3.130000
 387 3.100000
 388 3.100000
 389 3.130000
 390 3.130000
 391 3.080000
 392 3.100000
 393 3.080000
 394 2.990000
 395 3.070000
 396 2.980000
 397 2.980000
 398 4.290000
 399 2.960000
 400 3.050000
 401 3.090000
 402 3.070000
 403 3.060000
 404 3.040000
 405 3.060000
 406 3.070000
 407 3.090000
 408 2.980000
 409 3.120000
 410 3.040000
 411 3.050000
 412 3.070000
 413 3.050000
 414 3.030000
 415 3.060000
 416 3.050000
 417 3.130000
 418 3.080000
 419 3.100000
 420 3.110000
 421 3.130000
 422 3.140000
 423 3.150000
 424 3.160000
 425 3.190000
 426 3.170000
 427 3.220000
 428 3.250000
 429 3.160000
 430 3.180000
 431 3.180000
 432 3.170000
 433 6.080000
 434 6.080000
 435 6.070000
 436 6.100000
 437 6.090000
 438 6.090000
 439 6.120000
 440 6.120000
 441 6.120000
 442 6.120000
 443 6.120000
 444 6.120000
 445 6.120000
 446 6.150000
 447 6.170000
 448 6.150000
 449 6.150000
 450 6.170000
 451 6.190000
 452 6.190000
 453 6.190000
 454 6.200000
 455 6.220000
 456 6.220000
 457 6.220000
 458 6.220000
 459 6.250000
 460 6.240000
 461 4.540000
 462 4.350000
 463 4.300000
 464 4.290000
 465 6.280000
 466 3.240000
 467 3.240000
 468 3.240000
 469 3.280000
 470 3.490000
 471 3.880000
 472 3.740000
 473 3.680000
 474 3.660000
 475 3.690000
 476 3.690000
 477 3.690000
 478 3.660000
 479 3.690000
 480 3.340000
 481 3.310000
 482 3.690000
 483 3.710000
 484 3.710000
 485 3.710000
 486 3.690000
 487 3.710000
 488 3.660000
 489 3.660000
 490 3.660000
 491 3.660000
 492 3.660000
 493 3.660000
 494 3.690000
 495 3.660000
 496 3.690000
 497 3.690000
 498 3.690000
 499 3.690000
 500 3.710000
 501 3.710000
 502 3.710000
 503 3.710000
 504 3.710000
 505 3.740000
 506 3.740000
 507 3.740000
 508 3.760000
 509 3.760000
 510 3.730000
 511 3.720000
 512 3.660000
 513 3.580000
 514 3.160000
 515 3.190000
 516 3.490000
 517 3.480000
 518 3.430000
 519 3.410000
 520 3.380000
 521 3.280000
 522 3.020000
 523 3.020000
 524 3.030000
 525 3.070000
 526 3.070000
 527 3.000000
 528 2.970000
 529 2.940000
 530 2.930000
 531 2.920000
 532 2.940000
 533 2.940000
 534 2.940000
 535 2.970000
 536 2.970000
 537 2.970000
 538 2.990000
 539 3.030000
 540 3.060000
 541 3.070000
 542 3.130000
 543 3.060000
 544 3.090000
 545 3.120000
 546 3.070000
 547 3.070000
 548 2.820000
 549 2.710000
 550 2.690000
 551 2.670000
 552 2.660000
 553 2.640000
 554 2.640000
 555 2.590000
 556 2.570000
 557 2.590000
 558 2.560000
 559 2.540000
 560 2.510000
 561 2.490000
 562 2.440000
 563 2.410000
 564 2.340000
 565 2.310000
 566 2.290000
 567 2.240000
 568 2.220000
 569 2.220000
 570 2.240000
 571 2.220000
 572 2.220000
 573 2.190000
 574 2.160000
 575 2.110000
 576 2.120000
 577 2.090000
 578 2.060000
 579 2.090000
 580 2.060000
 581 2.040000
 582 2.040000
 583 2.040000
 584 2.040000
 585 2.020000
 586 2.010000
 587 2.010000
 588 2.030000
 589 1.950000
 590 1.910000
 591 2.010000
 592 1.980000
 593 1.880000
 594 1.880000
 595 1.940000
 596 1.920000
 597 1.900000
 598 1.900000
 599 1.870000
 600 1.840000
 601 1.870000
 602 1.850000
 603 1.800000
 604 1.710000
 605 1.820000
 606 1.770000
 607 1.660000
 608 1.780000
 609 1.660000
 610 1.640000
 611 1.710000
 612 1.740000
 613 1.630000
 614 1.720000
 615 1.580000
 616 1.560000
 617 1.530000
 618 1.560000
 619 1.640000
 620 1.570000
 621 1.580000
 622 1.640000
 623 1.650000
 624 1.680000
 625 1.630000
 626 1.640000
 627 1.610000
 628 1.430000
 629 1.510000
 630 1.410000
 631 1.410000
 632 1.380000
 633 1.410000
 634 1.390000
 635 1.380000
 636 1.350000
 637 1.360000
 638 1.330000
 639 2.030000
 640 1.360000
 641 1.370000
 642 1.770000
 643 1.360000
 644 2.050000
 645 2.070000
 646 1.470000
 647 1.330000
 648 1.720000
 649 1.470000
 650 1.740000
 651 2.150000
 652 1.310000
 653 1.310000
 654 2.200000
 655 1.330000
 656 2.220000
 657 2.250000
 658 1.290000
 659 2.270000
 660 1.310000
 661 1.400000
 662 1.370000
 663 1.390000
 664 2.340000
 665 1.310000
 666 1.390000
 667 1.330000
 668 1.380000
 669 1.230000
 670 1.230000
 671 1.250000
 672 1.210000
 673 1.240000
 674 1.290000
 675 1.230000
 676 2.490000
 677 6.580000
 678 6.560000
 679 2.850000
 680 2.830000
 681 2.860000
 682 6.460000
 683 6.490000
 684 6.500000
 685 6.550000
 686 6.630000
 687 6.640000
 688 6.730000
 689 6.280000
 690 6.630000
 691 0.840000
 692 0.830000
 693 0.820000
 694 0.830000
 695 0.800000
 696 0.850000
 697 0.840000
 698 0.830000
 699 0.820000
 700 0.820000
 701 0.850000
 702 0.850000
 703 0.850000
 704 0.850000
 705 0.850000
 706 0.870000
 707 0.870000
 708 0.870000
 709 0.850000
 710 0.870000
 711 0.870000
 712 0.870000
 713 0.870000
 714 0.870000
 715 0.870000
 716 0.870000
 717 0.690000
 718 0.640000
 719 0.410000
 720 0.290000
 721 0.240000
 722 0.190000
 723 0.210000
 724 0.260000
 725 0.220000
 726 0.210000
 727 0.240000
 728 0.220000
 729 0.220000
 730 0.210000
 731 0.210000
 732 0.210000
 733 0.210000
 734 0.210000
 735 0.210000
 736 0.210000
 737 0.210000
 738 0.210000
 739 0.210000
 740 0.210000
 741 0.210000
 742 0.210000
 743 0.210000
 744 0.210000
 745 0.210000
 746 0.210000
 747 0.210000
 748 0.210000
 749 0.210000
 750 0.190000
 751 0.190000
 752 0.220000
 753 0.200000
 754 0.200000
 755 0.220000
 756 0.220000
 757 0.200000
 758 0.200000
 759 0.220000
 760 0.200000