
 0 1.860000
 1 1.810000
 2 1.840000
 3 1.840000
 4 1.790000
 5 1.840000
 6 1.810000
 7 1.730000
 8 1.820000
 9 1.810000
 10 1.790000
 11 1.750000
 12 1.760000
 13 1.760000
 14 1.760000
 15 1.740000
 16 1.760000
 17 1.990000
 18 1.700000
 19 1.710000
 20 2.440000
 21 1.700000
 22 2.060000
 23 1.710000
 24 1.850000
 25 2.410000
 26 1.710000
 27 1.830000
 28 1.710000
 29 1.700000
 30 2.420000
 31 1.800000
 32 1.890000
 33 2.400000
 34 1.700000
 35 2.100000
 36 1.830000
 37 1.730000
 38 1.800000
 39 1.860000
 40 1.840000
 41 1.800000
 42 1.840000
 43 1.840000
 44 1.830000
 45 1.860000
 46 1.800000
 47 1.860000
 48 1.860000
 49 1.800000
 50 1.730000
 51 1.830000
 52 1.860000
 53 1.850000
 54 1.830000
 55 1.860000
 56 1.830000
 57 1.860000
 58 1.850000
 59 1.830000
 60 1.890000
 61 1.830000
 62 1.890000
 63 1.850000
 64 1.850000
 65 1.880000
 66 1.880000
 67 2.190000
 68 1.770000
 69 2.460000
 70 1.770000
 71 2.450000
 72 1.850000
 73 1.900000
 74 2.450000
 75 1.800000
 76 2.490000
 77 1.900000
 78 1.770000
 79 1.880000
 80 1.770000
 81 1.930000
 82 1.780000
 83 1.820000
 84 1.810000
 85 2.400000
 86 1.950000
 87 2.500000
 88 1.810000
 89 2.180000
 90 1.810000
 91 1.950000
 92 1.820000
 93 1.950000
 94 1.860000
 95 1.930000
 96 1.860000
 97 1.940000
 98 1.830000
 99 1.950000
 100 1.860000
 101 1.980000
 102 2.000000
 103 2.000000
 104 1.990000
 105 1.990000
 106 1.990000
 107 2.010000
 108 1.990000
 109 1.880000
 110 2.040000
 111 1.900000
 112 2.030000
 113 2.020000
 114 1.990000
 115 2.360000
 116 1.880000
 117 1.950000
 118 1.910000
 119 1.900000
 120 1.910000
 121 1.970000
 122 1.930000
 123 2.130000
 124 1.950000
 125 1.930000
 126 1.960000
 127 1.990000
 128 2.010000
 129 1.980000
 130 1.940000
 131 1.930000
 132 1.940000
 133 1.970000
 134 1.980000
 135 1.970000
 136 1.980000
 137 2.080000
 138 2.110000
 139 2.090000
 140 2.060000
 141 1.970000
 142 2.010000
 143 2.030000
 144 2.010000
 145 2.000000
 146 1.980000
 147 1.980000
 148 2.050000
 149 2.000000
 150 2.040000
 151 2.060000
 152 2.060000
 153 2.060000
 154 2.040000
 155 2.130000
 156 2.150000
 157 2.140000
 158 2.030000
 159 2.020000
 160 2.020000
 161 2.060000
 162 2.030000
 163 2.060000
 164 2.160000
 165 2.040000
 166 2.180000
 167 2.310000
 168 2.080000
 169 2.110000
 170 2.110000
 171 2.110000
 172 2.130000
 173 2.180000
 174 2.090000
 175 2.220000
 176 2.220000
 177 2.220000
 178 2.210000
 179 2.270000
 180 2.250000
 181 2.260000
 182 2.210000
 183 2.220000
 184 2.250000
 185 2.250000
 186 2.250000
 187 2.240000
 188 2.210000
 189 2.240000
 190 2.280000
 191 2.270000
 192 2.270000
 193 2.270000
 194 2.270000
 195 2.260000
 196 2.260000
 197 2.260000
 198 2.270000
 199 2.270000
 200 2.290000
 201 2.320000
 202 2.330000
 203 2.370000
 204 2.480000
 205 2.490000
 206 2.500000
 207 2.510000
 208 2.500000
 209 2.500000
 210 2.500000
 211 2.470000
 212 2.460000
 213 2.460000
 214 2.510000
 215 2.620000
 216 2.740000
 217 3.580000
 218 3.600000
 219 3.630000
 220 3.530000
 221 3.500000
 222 3.000000
 223 2.940000
 224 2.940000
 225 2.980000
 226 2.980000
 227 3.010000
 228 3.020000
 229 3.020000
 230 3.230000
 231 3.410000
 232 3.410000
 233 3.380000
 234 3.390000
 235 3.360000
 236 3.390000
 237 3.350000
 238 3.340000
 239 3.340000
 240 3.340000
 241 3.310000
 242 3.340000
 243 3.290000
 244 3.310000
 245 3.310000
 246 3.290000
 247 3.260000
 248 3.260000
 249 3.290000
 250 3.260000
 251 3.260000
 252 3.320000
 253 3.540000
 254 3.570000
 255 3.590000
 256 3.650000
 257 3.650000
 258 3.670000
 259 3.720000
 260 3.720000
 261 3.740000
 262 3.800000
 263 3.820000
 264 3.820000
 265 3.280000
 266 3.190000
 267 3.190000
 268 3.190000
 269 3.170000
 270 3.140000
 271 3.140000
 272 3.150000
 273 3.190000
 274 3.200000
 275 3.270000
 276 4.290000
 277 4.310000
 278 4.360000
 279 3.160000
 280 3.140000
 281 3.140000
 282 3.160000
 283 3.170000
 284 3.200000
 285 3.160000
 286 3.180000
 287 3.220000
 288 3.210000
 289 3.210000
 290 3.210000
 291 3.210000
 292 3.210000
 293 3.230000
 294 3.230000
 295 3.190000
 296 3.200000
 297 3.230000
 298 3.220000
 299 3.230000
 300 3.170000
 301 3.180000
 302 3.180000
 303 3.180000
 304 3.150000
 305 3.150000
 306 3.150000
 307 3.130000
 308 3.130000
 309 3.130000
 310 3.130000
 311 3.120000
 312 3.120000
 313 3.130000
 314 3.110000
 315 3.120000
 316 3.120000
 317 3.120000
 318 3.080000
 319 3.140000
 320 3.210000
 321 3.260000
 322 3.300000
 323 3.460000
 324 3.120000
 325 3.720000
 326 3.090000
 327 3.100000
 328 3.100000
 329 6.770000
 330 6.850000
 331 6.870000
 332 6.870000
 333 6.890000
 334 6.890000
 335 6.860000
 336 6.830000
 337 6.940000
 338 6.830000
 339 6.860000
 340 6.950000
 341 6.620000
 342 6.700000
 343 7.090000
 344 7.120000
 345 7.140000
 346 4.270000
 347 4.270000
 348 7.190000
 349 4.780000
 350 4.760000
 351 7.040000
 352 7.110000
 353 7.180000
 354 7.120000
 355 7.130000
 356 3.010000
 357 3.010000
 358 3.010000
 359 3.010000
 360 2.980000
 361 3.000000
 362 2.980000
 363 3.040000
 364 3.040000
 365 3.020000
 366 3.010000
 367 3.010000
 368 3.010000
 369 2.990000
 370 3.010000
 371 3.010000
 372 3.010000
 373 3.000000
 374 3.020000
 375 3.130000
 376 3.090000
 377 3.040000
 378 3.060000
 379 3.040000
 380 3.070000
 381 3.060000
 382 3.000000
 383 3.060000
 384 2.960000
 385 2.960000
 386 2.960000
 387 7.800000
 388 2.980000
 389 2.960000
 390 7.760000
 391 2.960000
 392 2.950000
 393 7.700000
 394 2.950000
 395 2.970000
 396 2.950000
 397 2.970000
 398 3.020000
 399 3.060000
 400 3.050000
 401 3.050000
 402 3.080000
 403 3.050000
 404 2.990000
 405 2.960000
 406 3.070000
 407 3.050000
 408 3.080000
 409 3.070000
 410 3.060000
 411 3.070000
 412 3.030000
 413 3.030000
 414 2.990000
 415 2.940000
 416 2.980000
 417 2.970000
 418 2.980000
 419 2.980000
 420 2.950000
 421 3.330000
 422 2.980000
 423 2.960000
 424 3.460000
 425 1.260000
 426 1.290000
 427 1.310000
 428 1.260000
 429 1.440000
 430 1.460000
 431 1.420000
 432 1.420000
 433 1.410000
 434 1.430000
 435 1.450000
 436 1.410000
 437 1.420000
 438 1.420000
 439 1.410000
 440 1.390000
 441 1.370000
 442 1.410000
 443 1.390000
 444 1.410000
 445 1.400000
 446 1.380000
 447 1.380000
 448 3.180000
 449 3.230000
 450 2.980000
 451 3.080000
 452 3.050000
 453 1.630000
 454 1.530000
 455 1.550000
 456 1.730000
 457 1.910000
 458 1.890000
 459 1.890000
 460 1.890000
 461 1.880000
 462 1.890000
 463 1.900000
 464 1.930000
 465 1.950000
 466 1.960000
 467 1.540000
 468 1.500000
 469 1.480000
 470 2.110000
 471 1.920000
 472 1.720000
 473 1.750000
 474 1.720000
 475 1.700000
 476 1.720000
 477 1.690000
 478 1.680000
 479 1.680000
 480 1.660000
 481 1.670000
 482 1.670000
 483 1.660000
 484 1.670000
 485 1.670000
 486 1.670000
 487 1.660000
 488 1.670000
 489 1.680000
 490 1.670000
 491 1.680000
 492 1.680000
 493 1.670000
 494 1.670000
 495 1.650000
 496 1.680000
 497 1.690000
 498 1.680000
 499 1.700000
 500 1.670000
 501 1.700000
 502 1.710000
 503 1.750000
 504 1.750000
 505 3.420000
 506 3.430000
 507 3.400000
 508 3.430000
 509 3.440000
 510 3.430000
 511 3.450000
 512 3.480000
 513 3.470000
 514 3.500000
 515 3.530000
 516 3.510000
 517 3.550000
 518 3.580000
 519 3.590000
 520 3.560000
 521 1.840000
 522 1.800000
 523 1.830000
 524 1.800000
 525 1.810000
 526 1.800000
 527 1.790000
 528 1.800000
 529 1.800000
 530 1.800000
 531 1.800000
 532 1.810000
 533 3.720000
 534 3.750000
 535 3.770000
 536 3.760000
 537 3.780000
 538 3.800000
 539 3.790000
 540 3.810000
 541 3.830000
 542 3.830000
 543 3.870000
 544 3.900000
 545 3.910000
 546 3.950000
 547 3.950000
 548 2.410000
 549 4.000000
 550 4.010000
 551 4.050000
 552 4.060000
 553 4.060000
 554 4.080000
 555 4.160000
 556 4.130000
 557 2.580000
 558 2.580000
 559 4.200000
 560 4.230000
 561 4.230000
 562 4.280000
 563 4.280000
 564 4.300000
 565 4.350000
 566 4.360000
 567 4.350000
 568 2.480000
 569 4.360000
 570 4.410000
 571 4.410000
 572 4.410000
 573 2.660000
 574 2.610000
 575 2.550000
 576 2.520000
 577 2.470000
 578 2.410000
 579 2.360000
 580 2.310000
 581 2.270000
 582 2.240000
 583 2.240000
 584 2.240000
 585 2.210000
 586 2.160000
 587 2.180000
 588 2.150000
 589 2.070000
 590 1.920000
 591 1.900000
 592 1.900000
 593 1.860000
 594 1.900000
 595 1.890000
 596 1.900000
 597 1.890000
 598 1.900000
 599 1.890000
 600 1.900000
 601 1.910000
 602 4.100000
 603 4.100000
 604 4.060000
 605 3.960000
 606 3.930000
 607 3.930000
 608 4.060000
 609 4.000000
 610 3.970000
 611 3.980000
 612 3.980000
 613 4.010000
 614 4.010000
 615 3.980000
 616 3.980000
 617 4.010000
 618 3.960000
 619 3.960000
 620 3.940000
 621 3.960000
 622 3.940000
 623 3.780000
 624 3.760000
 625 3.760000
 626 3.800000
 627 3.830000
 628 3.840000
 629 3.860000
 630 3.880000
 631 3.910000
 632 3.810000
 633 3.780000
 634 3.810000
 635 3.810000
 636 3.810000
 637 3.720000
 638 3.740000
 639 3.710000
 640 3.730000
 641 3.840000
 642 3.730000
 643 3.660000
 644 3.660000
 645 3.660000
 646 3.640000
 647 3.640000
 648 3.620000
 649 3.610000
 650 3.600000
 651 3.600000
 652 3.610000
 653 3.640000
 654 3.660000
 655 3.670000
 656 3.670000
 657 3.700000
 658 3.700000
 659 3.700000
 660 3.680000
 661 3.640000
 662 3.640000
 663 3.680000
 664 3.650000
 665 3.570000
 666 3.550000
 667 3.530000
 668 3.480000
 669 3.530000
 670 3.490000
 671 3.430000
 672 3.400000
 673 3.390000
 674 3.440000
 675 3.460000
 676 3.530000
 677 3.450000
 678 3.430000
 679 3.510000
 680 3.450000
 681 3.400000
 682 3.390000
 683 3.370000
 684 3.360000
 685 3.410000
 686 3.440000
 687 3.460000
 688 3.440000
 689 3.440000
 690 3.410000
 691 3.410000
 692 3.270000
 693 3.410000
 694 3.260000
 695 3.390000
 696 3.390000
 697 3.390000
 698 3.390000
 699 3.340000
 700 4.050000
 701 3.280000
 702 3.360000
 703 3.310000
 704 3.310000
 705 3.330000
 706 3.230000
 707 3.300000
 708 3.350000
 709 3.360000
 710 3.230000
 711 3.210000
 712 3.390000
 713 3.230000
 714 3.230000
 715 3.230000
 716 3.340000
 717 3.340000
 718 3.360000
 719 3.230000
 720 3.360000
 721 3.360000
 722 3.360000
 723 3.230000
 724 3.360000
 725 3.360000
 726 3.360000
 727 3.360000
 728 3.360000
 729 3.360000
 730 3.260000
 731 3.220000
 732 3.230000
 733 3.340000
 734 3.310000
 735 3.260000
 736 3.950000
 737 3.210000
 738 3.260000
 739 3.220000
 740 3.720000
 741 3.220000
 742 3.390000
 743 3.370000
 744 3.370000
 745 3.360000
 746 3.370000
 747 3.400000
 748 3.400000
 749 3.310000
 750 3.350000
 751 3.380000
 752 3.380000
 753 3.350000
 754 3.370000
 755 3.370000
 756 3.370000
 757 3.320000
 758 3.310000
 759 3.350000
 760 3.370000
 0 1.840000
 1 1.800000
 2 1.840000
 3 1.840000
 4 1.810000
 5 1.840000
 6 1.810000
 7 1.760000
 8 1.820000
 9 1.790000
 10 1.760000
 11 1.750000
 12 1.740000
 13 1.760000
 14 1.760000
 15 1.740000
 16 1.760000
 17 2.010000
 18 1.700000
 19 1.710000
 20 2.410000
 21 1.720000
 22 2.050000
 23 1.730000
 24 1.820000
 25 2.410000
 26 1.730000
 27 1.830000
 28 1.710000
 29 1.700000
 30 2.400000
 31 1.830000
 32 1.890000
 33 2.400000
 34 1.700000
 35 2.180000
 36 1.830000
 37 1.730000
 38 1.770000
 39 1.860000
 40 1.860000
 41 1.800000
 42 1.810000
 43 1.860000
 44 1.830000
 45 1.860000
 46 1.800000
 47 1.860000
 48 1.860000
 49 1.800000
 50 1.710000
 51 1.830000
 52 1.860000
 53 1.880000
 54 1.830000
 55 1.860000
 56 1.850000
 57 1.860000
 58 1.850000
 59 1.850000
 60 1.860000
 61 1.830000
 62 1.890000
 63 1.850000
 64 1.850000
 65 1.880000
 66 1.850000
 67 2.190000
 68 1.770000
 69 2.460000
 70 1.800000
 71 2.450000
 72 1.850000
 73 1.900000
 74 2.450000
 75 1.800000
 76 2.490000
 77 1.900000
 78 1.770000
 79 1.900000
 80 1.810000
 81 1.930000
 82 1.810000
 83 1.960000
 84 1.810000
 85 2.490000
 86 1.950000
 87 2.510000
 88 1.810000
 89 2.150000
 90 1.830000
 91 1.930000
 92 1.820000
 93 1.950000
 94 1.860000
 95 1.930000
 96 1.830000
 97 1.950000
 98 1.970000
 99 1.950000
 100 1.860000
 101 1.980000
 102 1.980000
 103 2.000000
 104 1.990000
 105 2.010000
 106 1.990000
 107 2.010000
 108 1.990000
 109 1.910000
 110 2.040000
 111 1.900000
 112 2.030000
 113 2.470000
 114 1.990000
 115 2.350000
 116 1.910000
 117 1.970000
 118 1.930000
 119 1.900000
 120 1.930000
 121 1.970000
 122 1.930000
 123 2.220000
 124 1.950000
 125 1.930000
 126 1.920000
 127 1.990000
 128 2.010000
 129 1.980000
 130 1.940000
 131 1.930000
 132 1.960000
 133 1.970000
 134 1.980000
 135 1.970000
 136 1.960000
 137 2.080000
 138 2.110000
 139 2.090000
 140 2.080000
 141 2.010000
 142 2.010000
 143 2.040000
 144 2.040000
 145 2.000000
 146 1.980000
 147 2.010000
 148 2.060000
 149 2.040000
 150 2.040000
 151 2.040000
 152 2.040000
 153 2.040000
 154 2.070000
 155 2.130000
 156 2.150000
 157 2.140000
 158 2.030000
 159 2.020000
 160 2.050000
 161 2.080000
 162 2.160000
 163 2.060000
 164 2.190000
 165 2.040000
 166 2.160000
 167 2.460000
 168 2.060000
 169 2.110000
 170 2.080000
 171 2.080000
 172 2.130000
 173 2.140000
 174 2.090000
 175 2.250000
 176 2.220000
 177 2.180000
 178 2.240000
 179 2.270000
 180 2.250000
 181 2.260000
 182 2.210000
 183 2.230000
 184 2.250000
 185 2.220000
 186 2.240000
 187 2.240000
 188 2.260000
 189 2.250000
 190 2.280000
 191 2.270000
 192 2.270000
 193 2.270000
 194 2.270000
 195 2.260000
 196 2.280000
 197 2.250000
 198 2.240000
 199 2.280000
 200 2.290000
 201 2.300000
 202 2.360000
 203 2.390000
 204 2.460000
 205 2.460000
 206 2.500000
 207 2.490000
 208 2.500000
 209 2.500000
 210 2.500000
 211 2.500000
 212 2.460000
 213 2.480000
 214 2.530000
 215 2.620000
 216 2.740000
 217 3.580000
 218 3.600000
 219 3.630000
 220 3.530000
 221 3.480000
 222 3.020000
 223 2.940000
 224 2.940000
 225 2.960000
 226 3.010000
 227 2.990000
 228 3.020000
 229 3.020000
 230 3.230000
 231 3.410000
 232 3.380000
 233 3.380000
 234 3.390000
 235 3.390000
 236 3.360000
 237 3.360000
 238 3.360000
 239 3.340000
 240 3.340000
 241 3.340000
 242 3.310000
 243 3.310000
 244 3.310000
 245 3.310000
 246 3.290000
 247 3.290000
 248 3.290000
 249 3.290000
 250 3.260000
 251 3.260000
 252 3.350000
 253 3.540000
 254 3.560000
 255 3.590000
 256 3.650000
 257 3.670000
 258 3.670000
 259 3.700000
 260 3.720000
 261 3.770000
 262 3.800000
 263 3.820000
 264 3.820000
 265 3.280000
 266 3.190000
 267 3.210000
 268 3.170000
 269 3.170000
 270 3.140000
 271 3.140000
 272 3.160000
 273 3.190000
 274 3.180000
 275 3.280000
 276 4.290000
 277 4.330000
 278 4.360000
 279 3.130000
 280 3.140000
 281 3.170000
 282 3.140000
 283 3.170000
 284 3.220000
 285 3.160000
 286 3.180000
 287 3.230000
 288 3.240000
 289 3.230000
 290 3.210000
 291 3.240000
 292 3.210000
 293 3.230000
 294 3.250000
 295 3.210000
 296 3.230000
 297 3.180000
 298 3.190000
 299 3.210000
 300 3.210000
 301 3.180000
 302 3.180000
 303 3.210000
 304 3.160000
 305 3.140000
 306 3.150000
 307 3.130000
 308 3.130000
 309 3.150000
 310 3.110000
 311 3.130000
 312 3.130000
 313 3.130000
 314 3.110000
 315 3.110000
 316 3.120000
 317 3.130000
 318 3.110000
 319 3.150000
 320 3.180000
 321 3.260000
 322 3.300000
 323 3.460000
 324 3.120000
 325 3.710000
 326 3.090000
 327 3.070000
 328 3.100000
 329 6.770000
 330 6.870000
 331 6.900000
 332 6.870000
 333 6.890000
 334 6.860000
 335 6.860000
 336 6.780000
 337 6.960000
 338 6.860000
 339 6.940000
 340 6.970000
 341 6.640000
 342 6.670000
 343 7.040000
 344 7.170000
 345 7.170000
 346 4.240000
 347 4.270000
 348 7.190000
 349 4.780000
 350 4.780000
 351 7.040000
 352 7.080000
 353 7.160000
 354 7.120000
 355 7.120000
 356 3.010000
 357 2.980000
 358 2.980000
 359 3.010000
 360 2.980000
 361 3.010000
 362 3.010000
 363 3.040000
 364 3.020000
 365 3.000000
 366 3.020000
 367 3.000000
 368 3.010000
 369 3.010000
 370 2.990000
 371 3.010000
 372 3.010000
 373 3.000000
 374 3.020000
 375 3.130000
 376 3.090000
 377 3.050000
 378 3.070000
 379 3.050000
 380 3.070000
 381 3.080000
 382 2.990000
 383 3.060000
 384 2.960000
 385 2.980000
 386 2.980000
 387 7.770000
 388 2.980000
 389 2.980000
 390 7.770000
 391 2.980000
 392 2.970000
 393 7.690000
 394 2.970000
 395 2.970000
 396 2.980000
 397 2.950000
 398 2.990000
 399 3.060000
 400 3.050000
 401 3.050000
 402 3.100000
 403 3.050000
 404 2.980000
 405 2.960000
 406 3.070000
 407 3.070000
 408 3.050000
 409 3.040000
 410 3.060000
 411 3.040000
 412 3.060000
 413 3.040000
 414 2.990000
 415 2.940000
 416 2.950000
 417 2.950000
 418 3.010000
 419 2.980000
 420 2.970000
 421 3.460000
 422 2.980000
 423 2.960000
 424 3.510000
 425 1.290000
 426 1.320000
 427 1.310000
 428 1.260000
 429 1.420000
 430 1.460000
 431 1.420000
 432 1.420000
 433 1.410000
 434 1.400000
 435 1.400000
 436 1.410000
 437 1.420000
 438 1.420000
 439 1.410000
 440 1.390000
 441 1.420000
 442 1.380000
 443 1.390000
 444 1.410000
 445 1.400000
 446 1.380000
 447 1.380000
 448 3.180000
 449 3.230000
 450 3.030000
 451 3.080000
 452 3.000000
 453 1.630000
 454 1.500000
 455 1.520000
 456 1.730000
 457 1.910000
 458 1.890000
 459 1.890000
 460 1.910000
 461 1.900000
 462 1.910000
 463 1.930000
 464 1.930000
 465 1.950000
 466 1.960000
 467 1.540000
 468 1.500000
 469 1.510000
 470 2.110000
 471 1.920000
 472 1.720000
 473 1.750000
 474 1.720000
 475 1.700000
 476 1.720000
 477 1.690000
 478 1.680000
 479 1.690000
 480 1.660000
 481 1.710000
 482 1.690000
 483 1.660000
 484 1.670000
 485 1.700000
 486 1.680000
 487 1.680000
 488 1.680000
 489 1.670000
 490 1.660000
 491 1.690000
 492 1.670000
 493 1.670000
 494 1.680000
 495 1.710000
 496 1.670000
 497 1.690000
 498 1.680000
 499 1.700000
 500 1.700000
 501 1.700000
 502 1.710000
 503 1.730000
 504 1.720000
 505 3.400000
 506 3.400000
 507 3.400000
 508 3.430000
 509 3.410000
 510 3.420000
 511 3.480000
 512 3.480000
 513 3.500000
 514 3.510000
 515 3.530000
 516 3.510000
 517 3.550000
 518 3.550000
 519 3.560000
 520 3.570000
 521 1.810000
 522 1.830000
 523 1.800000
 524 1.800000
 525 1.820000
 526 1.790000
 527 1.810000
 528 1.800000
 529 1.820000
 530 1.830000
 531 1.830000
 532 1.810000
 533 3.740000
 534 3.730000
 535 3.730000
 536 3.770000
 537 3.780000
 538 3.790000
 539 3.800000
 540 3.810000
 541 3.820000
 542 3.850000
 543 3.880000
 544 3.900000
 545 3.910000
 546 3.950000
 547 3.950000
 548 2.410000
 549 4.000000
 550 4.040000
 551 4.060000
 552 4.040000
 553 4.050000
 554 4.080000
 555 4.110000
 556 4.130000
 557 2.600000
 558 2.580000
 559 4.200000
 560 4.230000
 561 4.230000
 562 4.280000
 563 4.280000
 564 4.330000
 565 4.340000
 566 4.380000
 567 4.350000
 568 2.510000
 569 4.360000
 570 4.410000
 571 4.430000
 572 4.380000
 573 2.660000
 574 2.590000
 575 2.570000
 576 2.520000
 577 2.450000
 578 2.410000
 579 2.390000
 580 2.310000
 581 2.270000
 582 2.240000
 583 2.240000
 584 2.210000
 585 2.210000
 586 2.160000
 587 2.150000
 588 2.150000
 589 2.070000
 590 1.930000
 591 1.900000
 592 1.880000
 593 1.890000
 594 1.900000
 595 1.890000
 596 1.860000
 597 1.890000
 598 1.920000
 599 1.890000
 600 1.910000
 601 1.940000
 602 4.100000
 603 4.070000
 604 4.100000
 605 3.960000
 606 3.960000
 607 3.930000
 608 4.060000
 609 4.010000
 610 3.970000
 611 3.980000
 612 3.980000
 613 3.980000
 614 3.980000
 615 3.980000
 616 3.980000
 617 3.980000
 618 3.960000
 619 3.960000
 620 3.940000
 621 3.940000
 622 3.940000
 623 3.910000
 624 3.780000
 625 3.780000
 626 3.820000
 627 3.820000
 628 3.840000
 629 3.860000
 630 3.850000
 631 3.890000
 632 3.810000
 633 3.810000
 634 3.810000
 635 3.830000
 636 3.780000
 637 3.730000
 638 3.750000
 639 3.710000
 640 3.730000
 641 3.830000
 642 3.710000
 643 3.660000
 644 3.660000
 645 3.650000
 646 3.640000
 647 3.670000
 648 3.600000
 649 3.620000
 650 3.620000
 651 3.620000
 652 3.640000
 653 3.640000
 654 3.640000
 655 3.670000
 656 3.670000
 657 3.680000
 658 3.700000
 659 3.700000
 660 3.680000
 661 3.660000
 662 3.640000
 663 3.680000
 664 3.650000
 665 3.570000
 666 3.540000
 667 3.510000
 668 3.480000
 669 3.510000
 670 3.490000
 671 3.430000
 672 3.430000
 673 3.390000
 674 3.440000
 675 3.430000
 676 3.530000
 677 3.480000
 678 3.460000
 679 3.510000
 680 3.450000
 681 3.400000
 682 3.430000
 683 3.380000
 684 3.360000
 685 3.440000
 686 3.460000
 687 3.310000
 688 3.440000
 689 3.440000
 690 3.410000
 691 3.410000
 692 3.270000
 693 3.410000
 694 3.230000
 695 3.390000
 696 3.360000
 697 3.360000
 698 3.390000
 699 3.360000
 700 4.050000
 701 3.230000
 702 3.340000
 703 3.340000
 704 3.310000
 705 3.330000
 706 3.210000
 707 3.310000
 708 3.330000
 709 3.360000
 710 3.210000
 711 3.240000
 712 3.390000
 713 3.230000
 714 3.230000
 715 3.230000
 716 3.360000
 717 3.340000
 718 3.340000
 719 3.210000
 720 3.360000
 721 3.340000
 722 3.360000
 723 3.230000
 724 3.360000
 725 3.340000
 726 3.360000
 727 3.370000
 728 3.360000
 729 3.340000
 730 3.260000
 731 3.260000
 732 3.230000
 733 3.310000
 734 3.250000
 735 3.200000
 736 3.950000
 737 3.230000
 738 3.200000
 739 3.220000
 740 3.750000
 741 3.220000
 742 3.390000
 743 3.400000
 744 3.400000
 745 3.370000
 746 3.360000
 747 3.370000
 748 3.400000
 749 3.310000
 750 3.370000
 751 3.380000
 752 3.400000
 753 3.350000
 754 3.350000
 755 3.370000
 756 3.380000
 757 3.350000
 758 3.340000
 759 3.370000
 760 3.380000
 0 1.840000
 1 1.810000
 2 1.840000
 3 1.840000
 4 1.810000
 5 1.850000
 6 1.810000
 7 1.730000
 8 1.820000
 9 1.810000
 10 1.790000
 11 1.770000
 12 1.760000
 13 1.760000
 14 1.740000
 15 1.740000
 16 1.740000
 17 2.010000
 18 1.700000
 19 1.710000
 20 2.410000
 21 1.720000
 22 2.030000
 23 1.710000
 24 1.850000
 25 2.410000
 26 1.710000
 27 1.830000
 28 1.730000
 29 1.700000
 30 2.400000
 31 1.800000
 32 1.890000
 33 2.400000
 34 1.700000
 35 2.180000
 36 1.830000
 37 1.730000
 38 1.800000
 39 1.860000
 40 1.860000
 41 1.800000
 42 1.840000
 43 1.860000
 44 1.800000
 45 1.860000
 46 1.800000
 47 1.840000
 48 1.840000
 49 1.800000
 50 1.730000
 51 1.800000
 52 1.860000
 53 1.850000
 54 1.830000
 55 1.860000
 56 1.830000
 57 1.890000
 58 1.830000
 59 1.830000
 60 1.890000
 61 1.830000
 62 1.890000
 63 1.850000
 64 1.850000
 65 1.880000
 66 1.850000
 67 2.190000
 68 1.770000
 69 2.460000
 70 1.740000
 71 2.490000
 72 1.850000
 73 1.760000
 74 2.450000
 75 1.800000
 76 2.490000
 77 1.900000
 78 1.770000
 79 1.900000
 80 1.770000
 81 1.930000
 82 1.810000
 83 1.900000
 84 1.810000
 85 2.440000
 86 1.950000
 87 2.490000
 88 1.810000
 89 2.180000
 90 1.830000
 91 1.930000
 92 1.820000
 93 1.950000
 94 1.860000
 95 1.930000
 96 1.860000
 97 1.950000
 98 1.970000
 99 1.950000
 100 1.860000
 101 2.000000
 102 1.980000
 103 2.010000
 104 1.990000
 105 1.990000
 106 1.990000
 107 2.010000
 108 2.010000
 109 1.910000
 110 2.040000
 111 1.900000
 112 2.030000
 113 2.050000
 114 1.990000
 115 2.360000
 116 1.910000
 117 1.970000
 118 1.930000
 119 1.920000
 120 1.930000
 121 2.000000
 122 1.930000
 123 2.130000
 124 1.920000
 125 1.930000
 126 1.920000
 127 1.990000
 128 2.010000
 129 1.980000
 130 1.950000
 131 1.930000
 132 1.960000
 133 1.970000
 134 1.980000
 135 1.940000
 136 1.960000
 137 2.080000
 138 2.110000
 139 2.060000
 140 2.060000
 141 1.980000
 142 2.010000
 143 2.030000
 144 2.010000
 145 1.970000
 146 1.980000
 147 1.980000
 148 2.060000
 149 2.040000
 150 2.040000
 151 2.040000
 152 2.040000
 153 2.070000
 154 2.040000
 155 2.130000
 156 2.150000
 157 2.170000
 158 2.030000
 159 2.020000
 160 2.050000
 161 2.060000
 162 2.160000
 163 2.060000
 164 2.180000
 165 2.100000
 166 2.180000
 167 2.480000
 168 2.060000
 169 2.070000
 170 2.110000
 171 2.080000
 172 2.100000
 173 2.140000
 174 2.120000
 175 2.250000
 176 2.220000
 177 2.210000
 178 2.210000
 179 2.270000
 180 2.220000
 181 2.240000
 182 2.180000
 183 2.260000
 184 2.250000
 185 2.220000
 186 2.250000
 187 2.240000
 188 2.280000
 189 2.240000
 190 2.280000
 191 2.270000
 192 2.250000
 193 2.290000
 194 2.270000
 195 2.230000
 196 2.280000
 197 2.280000
 198 2.240000
 199 2.270000
 200 2.290000
 201 2.320000
 202 2.330000
 203 2.390000
 204 2.460000
 205 2.490000
 206 2.520000
 207 2.500000
 208 2.520000
 209 2.500000
 210 2.500000
 211 2.500000
 212 2.460000
 213 2.480000
 214 2.530000
 215 2.620000
 216 2.740000
 217 3.600000
 218 3.600000
 219 3.630000
 220 3.500000
 221 3.500000
 222 3.020000
 223 2.960000
 224 2.940000
 225 2.980000
 226 3.010000
 227 3.010000
 228 3.020000
 229 3.050000
 230 3.230000
 231 3.410000
 232 3.390000
 233 3.380000
 234 3.390000
 235 3.390000
 236 3.360000
 237 3.360000
 238 3.360000
 239 3.340000
 240 3.340000
 241 3.340000
 242 3.310000
 243 3.310000
 244 3.310000
 245 3.310000
 246 3.310000
 247 3.290000
 248 3.290000
 249 3.290000
 250 3.290000
 251 3.260000
 252 3.320000
 253 3.540000
 254 3.570000
 255 3.610000
 256 3.650000
 257 3.650000
 258 3.670000
 259 3.700000
 260 3.750000
 261 3.770000
 262 3.800000
 263 3.820000
 264 3.820000
 265 3.280000
 266 3.190000
 267 3.220000
 268 3.170000
 269 3.170000
 270 3.140000
 271 3.140000
 272 3.140000
 273 3.160000
 274 3.200000
 275 3.280000
 276 4.290000
 277 4.320000
 278 4.360000
 279 3.160000
 280 3.120000
 281 3.150000
 282 3.160000
 283 3.170000
 284 3.220000
 285 3.160000
 286 3.180000
 287 3.230000
 288 3.210000
 289 3.230000
 290 3.210000
 291 3.200000
 292 3.220000
 293 3.230000
 294 3.280000
 295 3.220000
 296 3.230000
 297 3.210000
 298 3.220000
 299 3.210000
 300 3.200000
 301 3.180000
 302 3.180000
 303 3.210000
 304 3.180000
 305 3.150000
 306 3.130000
 307 3.130000
 308 3.130000
 309 3.150000
 310 3.100000
 311 3.080000
 312 3.130000
 313 3.130000
 314 3.120000
 315 3.130000
 316 3.150000
 317 3.150000
 318 3.160000
 319 3.150000
 320 3.190000
 321 3.260000
 322 3.300000
 323 3.430000
 324 3.090000
 325 3.800000
 326 3.090000
 327 3.070000
 328 3.080000
 329 6.740000
 330 6.850000
 331 6.900000
 332 6.820000
 333 6.840000
 334 6.860000
 335 6.920000
 336 6.860000
 337 6.910000
 338 6.860000
 339 6.880000
 340 6.950000
 341 6.640000
 342 6.730000
 343 7.060000
 344 7.090000
 345 7.140000
 346 4.270000
 347 4.270000
 348 7.190000
 349 4.780000
 350 4.780000
 351 7.030000
 352 7.080000
 353 7.180000
 354 7.140000
 355 7.120000
 356 2.980000
 357 3.010000
 358 3.030000
 359 3.010000
 360 2.980000
 361 3.000000
 362 3.010000
 363 3.040000
 364 3.040000
 365 3.010000
 366 3.010000
 367 2.990000
 368 2.990000
 369 2.990000
 370 3.020000
 371 3.010000
 372 3.010000
 373 3.000000
 374 3.010000
 375 3.110000
 376 3.110000
 377 3.040000
 378 3.060000
 379 3.070000
 380 3.070000
 381 3.070000
 382 3.000000
 383 3.060000
 384 2.980000
 385 2.980000
 386 2.980000
 387 7.800000
 388 2.960000
 389 2.960000
 390 7.750000
 391 2.980000
 392 2.950000
 393 7.710000
 394 2.970000
 395 2.970000
 396 2.980000
 397 2.970000
 398 3.020000
 399 2.960000
 400 3.020000
 401 3.050000
 402 3.100000
 403 3.050000
 404 2.980000
 405 2.960000
 406 3.070000
 407 3.070000
 408 3.060000
 409 3.040000
 410 3.060000
 411 3.070000
 412 3.030000
 413 3.030000
 414 2.960000
 415 2.970000
 416 2.980000
 417 2.950000
 418 2.980000
 419 2.980000
 420 2.950000
 421 3.310000
 422 2.980000
 423 2.960000
 424 3.490000
 425 1.320000
 426 1.290000
 427 1.310000
 428 1.260000
 429 1.440000
 430 1.460000
 431 1.450000
 432 1.420000
 433 1.460000
 434 1.450000
 435 1.430000
 436 1.430000
 437 1.420000
 438 1.420000
 439 1.440000
 440 1.420000
 441 1.420000
 442 1.410000
 443 1.390000
 444 1.410000
 445 1.400000
 446 1.380000
 447 1.380000
 448 3.180000
 449 3.230000
 450 3.010000
 451 3.080000
 452 3.050000
 453 1.630000
 454 1.500000
 455 1.520000
 456 1.730000
 457 1.910000
 458 1.910000
 459 1.910000
 460 1.890000
 461 1.900000
 462 1.910000
 463 1.930000
 464 1.930000
 465 1.950000
 466 1.990000
 467 1.540000
 468 1.500000
 469 1.510000
 470 2.090000
 471 1.900000
 472 1.720000
 473 1.750000
 474 1.720000
 475 1.720000
 476 1.720000
 477 1.690000
 478 1.710000
 479 1.660000
 480 1.670000
 481 1.680000
 482 1.680000
 483 1.660000
 484 1.670000
 485 1.670000
 486 1.680000
 487 1.680000
 488 1.670000
 489 1.670000
 490 1.680000
 491 1.680000
 492 1.670000
 493 1.670000
 494 1.680000
 495 1.670000
 496 1.650000
 497 1.660000
 498 1.690000
 499 1.660000
 500 1.680000
 501 1.700000
 502 1.710000
 503 1.770000
 504 1.770000
 505 3.400000
 506 3.400000
 507 3.400000
 508 3.400000
 509 3.400000
 510 3.430000
 511 3.460000
 512 3.470000
 513 3.470000
 514 3.500000
 515 3.500000
 516 3.510000
 517 3.550000
 518 3.580000
 519 3.590000
 520 3.570000
 521 1.810000
 522 1.800000
 523 1.800000
 524 1.800000
 525 1.820000
 526 1.810000
 527 1.820000
 528 1.820000
 529 1.800000
 530 1.830000
 531 1.800000
 532 1.840000
 533 3.750000
 534 3.750000
 535 3.770000
 536 3.780000
 537 3.800000
 538 3.800000
 539 3.800000
 540 3.820000
 541 3.820000
 542 3.840000
 543 3.880000
 544 3.910000
 545 3.940000
 546 3.950000
 547 3.980000
 548 2.410000
 549 4.000000
 550 4.010000
 551 4.060000
 552 4.060000
 553 4.060000
 554 4.080000
 555 4.130000
 556 4.150000
 557 2.580000
 558 2.610000
 559 4.210000
 560 4.230000
 561 4.230000
 562 4.280000
 563 4.280000
 564 4.330000
 565 4.360000
 566 4.380000
 567 4.350000
 568 2.480000
 569 4.360000
 570 4.410000
 571 4.430000
 572 4.410000
 573 2.630000
 574 2.590000
 575 2.570000
 576 2.520000
 577 2.470000
 578 2.410000
 579 2.370000
 580 2.310000
 581 2.270000
 582 2.260000
 583 2.240000
 584 2.240000
 585 2.210000
 586 2.190000
 587 2.180000
 588 2.150000
 589 2.070000
 590 1.930000
 591 1.900000
 592 1.880000
 593 1.860000
 594 1.900000
 595 1.890000
 596 1.890000
 597 1.920000
 598 1.900000
 599 1.910000
 600 1.910000
 601 1.910000
 602 4.100000
 603 4.100000
 604 4.100000
 605 3.930000
 606 3.930000
 607 3.960000
 608 4.080000
 609 3.990000
 610 3.970000
 611 3.970000
 612 4.010000
 613 4.010000
 614 4.010000
 615 3.980000
 616 3.980000
 617 3.980000
 618 3.980000
 619 3.960000
 620 3.940000
 621 3.960000
 622 3.910000
 623 3.780000
 624 3.780000
 625 3.780000
 626 3.830000
 627 3.830000
 628 3.840000
 629 3.860000
 630 3.850000
 631 3.890000
 632 3.810000
 633 3.810000
 634 3.830000
 635 3.810000
 636 3.780000
 637 3.750000
 638 3.730000
 639 3.680000
 640 3.730000
 641 3.830000
 642 3.730000
 643 3.660000
 644 3.690000
 645 3.640000
 646 3.630000
 647 3.640000
 648 3.660000
 649 3.620000
 650 3.600000
 651 3.620000
 652 3.640000
 653 3.640000
 654 3.640000
 655 3.650000
 656 3.670000
 657 3.680000
 658 3.700000
 659 3.700000
 660 3.680000
 661 3.660000
 662 3.640000
 663 3.650000
 664 3.670000
 665 3.570000
 666 3.540000
 667 3.530000
 668 3.480000
 669 3.520000
 670 3.470000
 671 3.410000
 672 3.390000
 673 3.400000
 674 3.440000
 675 3.460000
 676 3.550000
 677 3.480000
 678 3.440000
 679 3.490000
 680 3.450000
 681 3.410000
 682 3.420000
 683 3.370000
 684 3.360000
 685 3.410000
 686 3.310000
 687 3.310000
 688 3.410000
 689 3.410000
 690 3.390000
 691 3.440000
 692 3.270000
 693 3.410000
 694 3.410000
 695 3.410000
 696 3.360000
 697 3.390000
 698 3.390000
 699 3.360000
 700 4.050000
 701 3.260000
 702 3.340000
 703 3.340000
 704 3.340000
 705 3.330000
 706 3.210000
 707 3.300000
 708 3.350000
 709 3.360000
 710 3.230000
 711 3.260000
 712 3.360000
 713 3.260000
 714 3.230000
 715 3.230000
 716 3.360000
 717 3.340000
 718 3.340000
 719 3.230000
 720 3.360000
 721 3.340000
 722 3.360000
 723 3.230000
 724 3.360000
 725 3.340000
 726 3.360000
 727 3.360000
 728 3.360000
 729 3.360000
 730 3.260000
 731 3.260000
 732 3.260000
 733 3.310000
 734 3.280000
 735 3.230000
 736 3.920000
 737 3.230000
 738 3.220000
 739 3.250000
 740 3.770000
 741 3.220000
 742 3.390000
 743 3.370000
 744 3.400000
 745 3.370000
 746 3.360000
 747 3.370000
 748 3.370000
 749 3.310000
 750 3.350000
 751 3.370000
 752 3.400000
 753 3.370000
 754 3.370000
 755 3.370000
 756 3.380000
 757 3.350000
 758 3.350000
 759 3.370000
 760 3.370000
 0 1.840000
 1 1.810000
 2 1.840000
 3 1.840000
 4 1.810000
 5 1.860000
 6 1.840000
 7 1.760000
 8 1.810000
 9 1.810000
 10 1.790000
 11 1.770000
 12 1.740000
 13 1.760000
 14 1.740000
 15 1.770000
 16 1.760000
 17 2.010000
 18 1.700000
 19 1.730000
 20 2.440000
 21 1.720000
 22 2.090000
 23 1.710000
 24 1.850000
 25 2.410000
 26 1.710000
 27 2.050000
 28 1.710000
 29 1.700000
 30 2.420000
 31 1.800000
 32 1.890000
 33 2.400000
 34 1.750000
 35 2.180000
 36 1.850000
 37 1.730000
 38 1.740000
 39 1.860000
 40 1.840000
 41 1.800000
 42 1.840000
 43 1.860000
 44 1.800000
 45 1.860000
 46 1.800000
 47 1.860000
 48 1.860000
 49 1.800000
 50 1.730000
 51 1.830000
 52 1.860000
 53 1.850000
 54 1.800000
 55 1.890000
 56 1.800000
 57 1.860000
 58 1.850000
 59 1.830000
 60 1.860000
 61 1.830000
 62 1.890000
 63 1.850000
 64 1.850000
 65 1.850000
 66 1.850000
 67 2.210000
 68 1.800000
 69 2.490000
 70 1.770000
 71 2.480000
 72 1.850000
 73 1.900000
 74 2.430000
 75 1.770000
 76 2.490000
 77 1.900000
 78 1.800000
 79 1.880000
 80 1.770000
 81 1.930000
 82 1.780000
 83 1.900000
 84 1.810000
 85 2.460000
 86 1.950000
 87 2.500000
 88 1.810000
 89 2.200000
 90 1.950000
 91 1.950000
 92 1.850000
 93 1.950000
 94 1.820000
 95 1.950000
 96 1.860000
 97 1.950000
 98 1.860000
 99 1.950000
 100 1.860000
 101 1.980000
 102 1.980000
 103 1.980000
 104 1.980000
 105 2.010000
 106 1.990000
 107 2.010000
 108 2.010000
 109 1.910000
 110 2.040000
 111 1.890000
 112 2.030000
 113 2.070000
 114 1.980000
 115 2.350000
 116 1.880000
 117 1.970000
 118 1.930000
 119 1.920000
 120 1.930000
 121 1.970000
 122 1.930000
 123 2.280000
 124 1.920000
 125 1.930000
 126 1.960000
 127 2.010000
 128 2.000000
 129 1.980000
 130 1.940000
 131 1.940000
 132 1.950000
 133 1.970000
 134 1.980000
 135 1.970000
 136 1.960000
 137 2.080000
 138 2.110000
 139 2.060000
 140 2.060000
 141 1.970000
 142 2.010000
 143 2.010000
 144 2.040000
 145 1.970000
 146 1.980000
 147 2.010000
 148 2.050000
 149 2.010000
 150 2.040000
 151 2.040000
 152 2.040000
 153 2.060000
 154 2.070000
 155 2.130000
 156 2.150000
 157 2.140000
 158 2.010000
 159 2.020000
 160 2.050000
 161 2.080000
 162 2.030000
 163 2.060000
 164 2.160000
 165 2.040000
 166 2.180000
 167 2.460000
 168 2.060000
 169 2.110000
 170 2.110000
 171 2.080000
 172 2.150000
 173 2.140000
 174 2.090000
 175 2.220000
 176 2.220000
 177 2.210000
 178 2.210000
 179 2.250000
 180 2.220000
 181 2.240000
 182 2.210000
 183 2.230000
 184 2.250000
 185 2.220000
 186 2.250000
 187 2.270000
 188 2.280000
 189 2.270000
 190 2.280000
 191 2.270000
 192 2.250000
 193 2.290000
 194 2.270000
 195 2.260000
 196 2.260000
 197 2.260000
 198 2.270000
 199 2.270000
 200 2.290000
 201 2.330000
 202 2.330000
 203 2.390000
 204 2.460000
 205 2.490000
 206 2.500000
 207 2.520000
 208 2.520000
 209 2.520000
 210 2.500000
 211 2.500000
 212 2.490000
 213 2.460000
 214 2.530000
 215 2.620000
 216 2.710000
 217 3.600000
 218 3.600000
 219 3.630000
 220 3.530000
 221 3.500000
 222 3.020000
 223 2.960000
 224 2.940000
 225 2.960000
 226 2.990000
 227 3.010000
 228 3.020000
 229 3.050000
 230 3.230000
 231 3.410000
 232 3.400000
 233 3.380000
 234 3.360000
 235 3.360000
 236 3.390000
 237 3.360000
 238 3.340000
 239 3.340000
 240 3.310000
 241 3.310000
 242 3.340000
 243 3.310000
 244 3.310000
 245 3.290000
 246 3.310000
 247 3.290000
 248 3.260000
 249 3.260000
 250 3.260000
 251 3.260000
 252 3.320000
 253 3.540000
 254 3.560000
 255 3.610000
 256 3.670000
 257 3.650000
 258 3.670000
 259 3.720000
 260 3.750000
 261 3.770000
 262 3.800000
 263 3.820000
 264 3.820000
 265 3.280000
 266 3.190000
 267 3.220000
 268 3.190000
 269 3.140000
 270 3.140000
 271 3.140000
 272 3.130000
 273 3.190000
 274 3.200000
 275 3.280000
 276 4.260000
 277 4.330000
 278 4.360000
 279 3.160000
 280 3.140000
 281 3.140000
 282 3.160000
 283 3.150000
 284 3.220000
 285 3.160000
 286 3.160000
 287 3.210000
 288 3.210000
 289 3.210000
 290 3.210000
 291 3.210000
 292 3.200000
 293 3.250000
 294 3.280000
 295 3.220000
 296 3.230000
 297 3.230000
 298 3.190000
 299 3.210000
 300 3.180000
 301 3.180000
 302 3.180000
 303 3.220000
 304 3.160000
 305 3.150000
 306 3.160000
 307 3.150000
 308 3.130000
 309 3.130000
 310 3.130000
 311 3.100000
 312 3.090000
 313 3.130000
 314 3.140000
 315 3.150000
 316 3.150000
 317 3.110000
 318 3.150000
 319 3.150000
 320 3.180000
 321 3.280000
 322 3.300000
 323 3.460000
 324 3.120000
 325 3.400000
 326 3.100000
 327 3.070000
 328 3.070000
 329 6.820000
 330 6.850000
 331 6.870000
 332 6.840000
 333 6.890000
 334 6.840000
 335 6.810000
 336 6.890000
 337 6.910000
 338 6.880000
 339 6.880000
 340 7.000000
 341 6.640000
 342 6.670000
 343 6.930000
 344 7.170000
 345 7.220000
 346 4.270000
 347 4.270000
 348 7.140000
 349 4.760000
 350 4.760000
 351 7.040000
 352 7.090000
 353 7.170000
 354 7.110000
 355 7.120000
 356 3.010000
 357 3.010000
 358 3.010000
 359 3.010000
 360 3.010000
 361 3.000000
 362 2.980000
 363 3.050000
 364 3.040000
 365 3.040000
 366 3.040000
 367 2.990000
 368 2.990000
 369 3.010000
 370 2.990000
 371 3.010000
 372 3.010000
 373 3.030000
 374 3.020000
 375 3.110000
 376 3.090000
 377 3.040000
 378 3.080000
 379 3.040000
 380 3.040000
 381 3.060000
 382 3.030000
 383 3.060000
 384 2.960000
 385 3.080000
 386 2.980000
 387 7.770000
 388 2.950000
 389 2.960000
 390 7.750000
 391 2.980000
 392 2.970000
 393 7.680000
 394 2.950000
 395 2.970000
 396 3.000000
 397 2.950000
 398 3.020000
 399 3.060000
 400 3.020000
 401 3.070000
 402 3.070000
 403 3.070000
 404 3.010000
 405 2.980000
 406 3.070000
 407 3.040000
 408 3.070000
 409 3.040000
 410 3.060000
 411 3.070000
 412 3.030000
 413 3.030000
 414 2.940000
 415 2.970000
 416 2.980000
 417 2.970000
 418 2.980000
 419 2.980000
 420 2.950000
 421 3.280000
 422 2.980000
 423 2.960000
 424 3.480000
 425 2.950000
 426 1.290000
 427 1.280000
 428 1.290000
 429 1.420000
 430 1.430000
 431 1.450000
 432 1.390000
 433 1.430000
 434 1.430000
 435 1.430000
 436 1.430000
 437 1.390000
 438 1.420000
 439 1.410000
 440 1.390000
 441 1.420000
 442 1.410000
 443 1.390000
 444 1.410000
 445 1.400000
 446 1.380000
 447 1.380000
 448 3.180000
 449 3.230000
 450 3.010000
 451 3.050000
 452 3.060000
 453 1.630000
 454 1.500000
 455 1.520000
 456 1.700000
 457 1.890000
 458 1.890000
 459 1.890000
 460 1.890000
 461 1.880000
 462 1.910000
 463 1.930000
 464 1.930000
 465 1.950000
 466 1.960000
 467 1.560000
 468 1.500000
 469 1.510000
 470 2.140000
 471 1.920000
 472 1.720000
 473 1.720000
 474 1.720000
 475 1.720000
 476 1.720000
 477 1.690000
 478 1.710000
 479 1.690000
 480 1.710000
 481 1.690000
 482 1.700000
 483 1.660000
 484 1.670000
 485 1.700000
 486 1.660000
 487 1.660000
 488 1.670000
 489 1.650000
 490 1.670000
 491 1.680000
 492 1.680000
 493 1.670000
 494 1.670000
 495 1.710000
 496 1.670000
 497 1.690000
 498 1.690000
 499 1.680000
 500 1.710000
 501 1.710000
 502 1.680000
 503 1.760000
 504 1.720000
 505 3.400000
 506 3.430000
 507 3.400000
 508 3.440000
 509 3.400000
 510 3.450000
 511 3.450000
 512 3.480000
 513 3.470000
 514 3.510000
 515 3.530000
 516 3.510000
 517 3.550000
 518 3.580000
 519 3.590000
 520 3.560000
 521 1.840000
 522 1.830000
 523 1.800000
 524 1.820000
 525 1.790000
 526 1.820000
 527 1.790000
 528 1.800000
 529 1.800000
 530 1.800000
 531 1.800000
 532 1.810000
 533 3.740000
 534 3.750000
 535 3.740000
 536 3.770000
 537 3.760000
 538 3.800000
 539 3.800000
 540 3.810000
 541 3.850000
 542 3.830000
 543 3.880000
 544 3.900000
 545 3.910000
 546 3.960000
 547 3.960000
 548 2.380000
 549 4.000000
 550 4.040000
 551 4.060000
 552 4.050000
 553 4.060000
 554 4.110000
 555 4.120000
 556 4.100000
 557 2.580000
 558 2.610000
 559 4.200000
 560 4.230000
 561 4.230000
 562 4.260000
 563 4.280000
 564 4.320000
 565 4.350000
 566 4.360000
 567 4.320000
 568 2.480000
 569 4.360000
 570 4.410000
 571 4.400000
 572 4.490000
 573 2.660000
 574 2.610000
 575 2.570000
 576 2.500000
 577 2.500000
 578 2.420000
 579 2.400000
 580 2.310000
 581 2.270000
 582 2.240000
 583 2.240000
 584 2.210000
 585 2.210000
 586 2.160000
 587 2.180000
 588 2.150000
 589 2.070000
 590 1.950000
 591 1.930000
 592 1.880000
 593 1.860000
 594 1.860000
 595 1.900000
 596 1.890000
 597 1.890000
 598 1.900000
 599 1.890000
 600 1.910000
 601 1.910000
 602 4.070000
 603 4.100000
 604 4.060000
 605 3.930000
 606 3.960000
 607 3.930000
 608 4.080000
 609 4.000000
 610 4.000000
 611 3.970000
 612 3.980000
 613 4.010000
 614 4.010000
 615 3.980000
 616 3.960000
 617 4.010000
 618 3.980000
 619 3.960000
 620 3.940000
 621 3.960000
 622 3.910000
 623 3.780000
 624 3.780000
 625 3.780000
 626 3.820000
 627 3.810000
 628 3.840000
 629 3.880000
 630 3.850000
 631 3.900000
 632 3.810000
 633 3.810000
 634 3.830000
 635 3.780000
 636 3.810000
 637 3.760000
 638 3.730000
 639 3.710000
 640 3.760000
 641 3.800000
 642 3.710000
 643 3.660000
 644 3.660000
 645 3.660000
 646 3.640000
 647 3.670000
 648 3.610000
 649 3.620000
 650 3.600000
 651 3.620000
 652 3.610000
 653 3.640000
 654 3.660000
 655 3.670000
 656 3.670000
 657 3.680000
 658 3.700000
 659 3.700000
 660 3.680000
 661 3.660000
 662 3.640000
 663 3.650000
 664 3.650000
 665 3.570000
 666 3.540000
 667 3.530000
 668 3.510000
 669 3.560000
 670 3.490000
 671 3.430000
 672 3.400000
 673 3.370000
 674 3.440000
 675 3.460000
 676 3.530000
 677 3.480000
 678 3.440000
 679 3.490000
 680 3.450000
 681 3.410000
 682 3.400000
 683 3.380000
 684 3.360000
 685 3.410000
 686 3.460000
 687 3.310000
 688 3.440000
 689 3.410000
 690 3.410000
 691 3.410000
 692 3.310000
 693 3.410000
 694 3.390000
 695 3.390000
 696 3.360000
 697 3.390000
 698 3.390000
 699 3.360000
 700 4.020000
 701 3.230000
 702 3.360000
 703 3.340000
 704 3.340000
 705 3.330000
 706 3.230000
 707 3.310000
 708 3.350000
 709 3.230000
 710 3.230000
 711 3.260000
 712 3.360000
 713 3.230000
 714 3.230000
 715 3.230000
 716 3.360000
 717 3.340000
 718 3.360000
 719 3.230000
 720 3.360000
 721 3.360000
 722 3.360000
 723 3.230000
 724 3.360000
 725 3.340000
 726 3.360000
 727 3.360000
 728 3.360000
 729 3.340000
 730 3.260000
 731 3.220000
 732 3.200000
 733 3.310000
 734 3.260000
 735 3.260000
 736 3.920000
 737 3.230000
 738 3.260000
 739 3.220000
 740 3.750000
 741 3.250000
 742 3.390000
 743 3.370000
 744 3.400000
 745 3.350000
 746 3.340000
 747 3.370000
 748 3.370000
 749 3.310000
 750 3.350000
 751 3.380000
 752 3.400000
 753 3.370000
 754 3.370000
 755 3.370000
 756 3.350000
 757 3.350000
 758 3.310000
 759 3.370000
 760 3.380000