
 0 3.350000
 1 3.320000
 2 3.260000
 3 3.310000
 4 3.330000
 5 3.360000
 6 3.380000
 7 3.380000
 8 3.410000
 9 3.460000
 10 3.410000
 11 3.350000
 12 3.410000
 13 3.450000
 14 3.470000
 15 3.520000
 16 3.580000
 17 3.570000
 18 3.620000
 19 3.730000
 20 3.780000
 21 3.830000
 22 3.810000
 23 3.800000
 24 3.830000
 25 3.850000
 26 3.860000
 27 3.760000
 28 3.870000
 29 3.870000
 30 3.930000
 31 3.810000
 32 3.830000
 33 3.860000
 34 4.010000
 35 4.030000
 36 4.010000
 37 4.030000
 38 4.080000
 39 4.080000
 40 4.080000
 41 4.080000
 42 4.070000
 43 4.010000
 44 4.010000
 45 3.980000
 46 4.010000
 47 4.020000
 48 4.040000
 49 3.970000
 50 3.960000
 51 3.960000
 52 4.020000
 53 4.040000
 54 3.910000
 55 4.020000
 56 4.020000
 57 3.880000
 58 3.880000
 59 3.880000
 60 3.830000
 61 3.830000
 62 3.830000
 63 3.830000
 64 3.830000
 65 2.830000
 66 2.890000
 67 2.870000
 68 2.880000
 69 2.810000
 70 2.810000
 71 2.790000
 72 2.820000
 73 2.820000
 74 2.820000
 75 2.800000
 76 2.800000
 77 2.780000
 78 2.810000
 79 2.790000
 80 2.790000
 81 2.790000
 82 2.780000
 83 2.760000
 84 2.780000
 85 2.760000
 86 2.770000
 87 2.780000
 88 3.330000
 89 2.710000
 90 2.690000
 91 2.700000
 92 2.710000
 93 2.670000
 94 2.690000
 95 2.680000
 96 2.680000
 97 2.710000
 98 2.710000
 99 2.700000
 100 2.680000
 101 2.670000
 102 2.670000
 103 2.670000
 104 2.640000
 105 2.720000
 106 3.190000
 107 3.200000
 108 3.160000
 109 3.160000
 110 2.680000
 111 2.660000
 112 2.660000
 113 2.660000
 114 2.660000
 115 2.660000
 116 2.660000
 117 2.660000
 118 1.760000
 119 1.760000
 120 1.590000
 121 1.490000
 122 1.350000
 123 1.270000
 124 1.160000
 125 1.090000
 126 1.020000
 127 0.940000
 128 0.910000
 129 0.870000
 130 0.810000
 131 0.760000
 132 0.760000
 133 0.710000
 134 0.680000
 135 0.690000
 136 0.700000
 137 0.670000
 138 0.680000
 139 0.690000
 140 0.690000
 141 0.690000
 142 0.690000
 143 0.680000
 144 0.710000
 145 0.680000
 146 0.710000
 147 0.680000
 148 0.710000
 149 0.710000
 150 0.680000
 151 0.710000
 152 0.680000
 153 0.710000
 154 0.710000
 155 0.710000
 156 0.710000
 157 0.710000
 158 0.710000
 159 0.710000
 160 0.710000
 161 0.710000
 162 0.710000
 163 0.710000
 164 0.710000
 165 0.710000
 166 0.730000
 167 0.710000
 168 0.710000
 169 0.680000
 170 0.730000
 171 0.760000
 172 3.580000
 173 3.580000
 174 3.590000
 175 3.510000
 176 3.540000
 177 3.540000
 178 3.540000
 179 3.510000
 180 3.540000
 181 3.540000
 182 3.540000
 183 3.740000
 184 3.610000
 185 3.560000
 186 3.560000
 187 3.540000
 188 3.560000
 189 3.510000
 190 3.430000
 191 3.360000
 192 3.410000
 193 3.380000
 194 3.430000
 195 3.460000
 196 3.460000
 197 3.360000
 198 3.460000
 199 3.460000
 200 3.460000
 201 3.380000
 202 3.410000
 203 3.410000
 204 3.380000
 205 3.410000
 206 3.420000
 207 1.400000
 208 1.390000
 209 1.400000
 210 1.400000
 211 1.400000
 212 1.400000
 213 1.390000
 214 1.430000
 215 1.460000
 216 1.450000
 217 1.480000
 218 1.500000
 219 1.490000
 220 1.530000
 221 3.460000
 222 3.460000
 223 3.410000
 224 4.710000
 225 4.730000
 226 4.680000
 227 4.710000
 228 4.750000
 229 2.190000
 230 2.140000
 231 2.150000
 232 2.130000
 233 2.130000
 234 2.110000
 235 2.120000
 236 2.080000
 237 2.040000
 238 2.070000
 239 2.060000
 240 2.080000
 241 4.800000
 242 4.780000
 243 4.780000
 244 4.780000
 245 4.810000
 246 4.810000
 247 4.810000
 248 4.810000
 249 4.830000
 250 4.590000
 251 4.830000
 252 4.830000
 253 4.620000
 254 4.180000
 255 4.850000
 256 4.860000
 257 4.860000
 258 4.720000
 259 4.620000
 260 4.630000
 261 4.700000
 262 4.870000
 263 4.880000
 264 4.910000
 265 4.900000
 266 4.900000
 267 4.900000
 268 4.910000
 269 4.050000
 270 4.050000
 271 4.030000
 272 4.030000
 273 4.950000
 274 4.950000
 275 4.970000
 276 4.980000
 277 4.970000
 278 5.000000
 279 5.000000
 280 5.010000
 281 5.000000
 282 5.020000
 283 5.050000
 284 5.020000
 285 5.020000
 286 5.050000
 287 5.070000
 288 5.080000
 289 5.070000
 290 2.130000
 291 2.060000
 292 2.070000
 293 2.090000
 294 2.070000
 295 2.070000
 296 2.040000
 297 2.040000
 298 2.030000
 299 2.000000
 300 1.370000
 301 1.330000
 302 1.330000
 303 1.310000
 304 1.310000
 305 1.310000
 306 1.310000
 307 1.300000
 308 1.420000
 309 4.500000
 310 4.520000
 311 4.660000
 312 4.660000
 313 4.600000
 314 4.530000
 315 4.440000
 316 4.060000
 317 4.090000
 318 4.110000
 319 4.110000
 320 4.110000
 321 4.110000
 322 4.130000
 323 3.770000
 324 3.790000
 325 3.790000
 326 3.800000
 327 3.810000
 328 3.800000
 329 4.310000
 330 4.660000
 331 3.690000
 332 3.720000
 333 3.680000
 334 3.570000
 335 3.550000
 336 3.550000
 337 3.530000
 338 3.530000
 339 3.560000
 340 3.560000
 341 3.610000
 342 3.610000
 343 3.610000
 344 3.660000
 345 3.680000
 346 3.730000
 347 3.710000
 348 3.710000
 349 3.710000
 350 3.690000
 351 3.690000
 352 3.690000
 353 3.660000
 354 3.660000
 355 3.660000
 356 3.640000
 357 3.610000
 358 3.610000
 359 3.640000
 360 1.480000
 361 1.480000
 362 1.450000
 363 1.460000
 364 1.470000
 365 1.430000
 366 1.410000
 367 1.380000
 368 1.340000
 369 1.370000
 370 1.390000
 371 1.340000
 372 1.380000
 373 1.360000
 374 1.350000
 375 1.370000
 376 1.380000
 377 1.360000
 378 1.370000
 379 1.380000
 380 1.390000
 381 1.410000
 382 1.390000
 383 1.380000
 384 1.380000
 385 1.370000
 386 1.380000
 387 1.400000
 388 1.410000
 389 1.420000
 390 1.410000
 391 1.410000
 392 1.410000
 393 4.030000
 394 4.030000
 395 4.070000
 396 4.270000
 397 4.250000
 398 4.250000
 399 4.260000
 400 4.230000
 401 4.200000
 402 4.220000
 403 4.200000
 404 4.200000
 405 4.170000
 406 4.150000
 407 4.170000
 408 4.150000
 409 4.150000
 410 4.150000
 411 4.100000
 412 4.110000
 413 4.080000
 414 4.100000
 415 4.100000
 416 4.100000
 417 4.070000
 418 4.070000
 419 2.100000
 420 2.110000
 421 2.060000
 422 2.030000
 423 1.960000
 424 1.830000
 425 1.810000
 426 1.760000
 427 1.780000
 428 1.770000
 429 1.770000
 430 1.780000
 431 1.780000
 432 1.760000
 433 1.780000
 434 1.780000
 435 1.770000
 436 1.790000
 437 1.750000
 438 1.780000
 439 1.750000
 440 1.780000
 441 1.750000
 442 1.800000
 443 1.780000
 444 1.810000
 445 1.800000
 446 1.810000
 447 1.780000
 448 1.810000
 449 1.790000
 450 1.810000
 451 1.780000
 452 1.830000
 453 1.780000
 454 1.790000
 455 1.800000
 456 1.800000
 457 1.830000
 458 1.830000
 459 1.830000
 460 1.830000
 461 1.820000
 462 1.870000
 463 1.830000
 464 1.810000
 465 1.830000
 466 1.880000
 467 2.930000
 468 2.990000
 469 2.960000
 470 2.960000
 471 2.960000
 472 3.010000
 473 2.950000
 474 2.960000
 475 3.030000
 476 3.010000
 477 2.960000
 478 2.950000
 479 3.020000
 480 3.050000
 481 3.050000
 482 3.060000
 483 3.060000
 484 3.060000
 485 3.030000
 486 5.080000
 487 3.050000
 488 3.060000
 489 3.160000
 490 3.160000
 491 3.060000
 492 3.080000
 493 3.180000
 494 3.180000
 495 3.170000
 496 3.200000
 497 3.190000
 498 3.250000
 499 3.230000
 500 3.200000
 501 3.220000
 502 3.240000
 503 3.210000
 504 3.260000
 505 3.260000
 506 3.270000
 507 3.260000
 508 3.290000
 509 3.290000
 510 3.320000
 511 3.340000
 512 3.260000
 513 3.300000
 514 3.310000
 515 3.330000
 516 6.170000
 517 6.200000
 518 6.190000
 519 6.190000
 520 6.190000
 521 6.220000
 522 6.220000
 523 6.220000
 524 6.240000
 525 6.240000
 526 6.230000
 527 4.620000
 528 4.340000
 529 4.250000
 530 4.290000
 531 6.280000
 532 3.260000
 533 3.210000
 534 3.190000
 535 3.270000
 536 3.480000
 537 3.740000
 538 3.740000
 539 3.680000
 540 3.690000
 541 3.690000
 542 3.690000
 543 3.690000
 544 3.660000
 545 3.690000
 546 3.660000
 547 3.280000
 548 3.690000
 549 3.690000
 550 3.710000
 551 3.690000
 552 3.710000
 553 3.710000
 554 3.690000
 555 3.660000
 556 3.660000
 557 3.660000
 558 3.660000
 559 3.690000
 560 3.660000
 561 3.690000
 562 3.690000
 563 3.690000
 564 3.710000
 565 3.710000
 566 3.740000
 567 3.740000
 568 3.710000
 569 3.740000
 570 3.740000
 571 3.760000
 572 3.760000
 573 3.760000
 574 3.760000
 575 3.790000
 576 3.770000
 577 3.690000
 578 3.690000
 579 3.640000
 580 3.330000
 581 3.160000
 582 3.270000
 583 3.480000
 584 3.460000
 585 3.450000
 586 3.410000
 587 3.070000
 588 3.050000
 589 3.110000
 590 3.080000
 591 3.060000
 592 3.020000
 593 3.040000
 594 3.050000
 595 2.990000
 596 2.930000
 597 3.010000
 598 2.990000
 599 3.020000
 600 3.050000
 601 3.070000
 602 3.020000
 603 3.020000
 604 3.100000
 605 3.170000
 606 3.070000
 607 3.100000
 608 3.220000
 609 3.120000
 610 3.120000
 611 3.170000
 612 3.100000
 613 2.870000
 614 2.740000
 615 2.740000
 616 2.710000
 617 2.720000
 618 2.720000
 619 2.720000
 620 2.650000
 621 2.620000
 622 2.600000
 623 2.590000
 624 2.570000
 625 2.520000
 626 2.470000
 627 2.440000
 628 2.410000
 629 2.370000
 630 2.330000
 631 2.310000
 632 2.290000
 633 2.290000
 634 2.270000
 635 2.270000
 636 2.250000
 637 2.200000
 638 2.200000
 639 2.190000
 640 2.190000
 641 2.190000
 642 2.090000
 643 2.060000
 644 2.150000
 645 2.110000
 646 2.070000
 647 2.060000
 648 2.030000
 649 2.070000
 650 2.070000
 651 2.040000
 652 2.050000
 653 2.070000
 654 2.040000
 655 2.020000
 656 2.020000
 657 2.110000
 658 2.000000
 659 2.000000
 660 1.970000
 661 2.080000
 662 2.060000
 663 1.990000
 664 2.020000
 665 2.000000
 666 2.150000
 667 1.950000
 668 1.990000
 669 1.940000
 670 1.960000
 671 1.900000
 672 1.730000
 673 1.710000
 674 1.710000
 675 1.710000
 676 1.800000
 677 1.770000
 678 1.660000
 679 1.770000
 680 1.750000
 681 1.690000
 682 1.690000
 683 1.670000
 684 1.640000
 685 1.610000
 686 1.530000
 687 1.510000
 688 1.500000
 689 1.470000
 690 1.480000
 691 1.450000
 692 1.480000
 693 1.460000
 694 1.430000
 695 1.430000
 696 1.550000
 697 1.480000
 698 1.480000
 699 1.400000
 700 1.480000
 701 1.400000
 702 2.100000
 703 1.480000
 704 1.380000
 705 1.360000
 706 1.460000
 707 1.420000
 708 1.360000
 709 1.350000
 710 1.470000
 711 1.420000
 712 1.440000
 713 1.470000
 714 1.440000
 715 1.440000
 716 1.330000
 717 1.440000
 718 1.470000
 719 1.360000
 720 1.420000
 721 1.410000
 722 1.440000
 723 1.420000
 724 1.420000
 725 1.310000
 726 1.390000
 727 1.390000
 728 1.300000
 729 1.310000
 730 1.330000
 731 1.420000
 732 1.260000
 733 1.280000
 734 1.280000
 735 1.470000
 736 1.370000
 737 1.330000
 738 1.350000
 739 1.260000
 740 1.260000
 741 1.270000
 742 1.240000
 743 1.240000
 744 1.220000
 745 1.220000
 746 6.530000
 747 6.480000
 748 2.900000
 749 2.900000
 750 6.640000
 751 6.680000
 752 6.720000
 753 6.040000
 754 5.910000
 755 5.880000
 756 5.860000
 757 5.630000
 758 0.860000
 759 0.850000
 760 0.830000
 0 3.350000
 1 3.310000
 2 3.290000
 3 3.310000
 4 3.330000
 5 3.360000
 6 3.430000
 7 3.380000
 8 3.410000
 9 3.460000
 10 3.400000
 11 3.350000
 12 3.410000
 13 3.420000
 14 3.470000
 15 3.490000
 16 3.580000
 17 3.590000
 18 3.590000
 19 3.730000
 20 3.810000
 21 3.810000
 22 3.810000
 23 3.800000
 24 3.810000
 25 3.820000
 26 3.850000
 27 3.760000
 28 3.880000
 29 3.870000
 30 3.930000
 31 3.810000
 32 3.810000
 33 3.830000
 34 4.030000
 35 4.010000
 36 4.010000
 37 4.030000
 38 4.080000
 39 4.060000
 40 4.080000
 41 4.080000
 42 4.070000
 43 4.010000
 44 4.000000
 45 4.020000
 46 4.010000
 47 4.010000
 48 4.040000
 49 3.990000
 50 3.960000
 51 3.960000
 52 4.040000
 53 4.040000
 54 3.910000
 55 4.020000
 56 4.040000
 57 3.910000
 58 3.860000
 59 3.880000
 60 3.860000
 61 3.830000
 62 3.860000
 63 3.830000
 64 3.830000
 65 2.830000
 66 2.900000
 67 2.860000
 68 2.850000
 69 2.810000
 70 2.800000
 71 2.820000
 72 2.820000
 73 2.820000
 74 2.820000
 75 2.800000
 76 2.800000
 77 2.780000
 78 2.810000
 79 2.790000
 80 2.790000
 81 2.790000
 82 2.760000
 83 2.760000
 84 2.780000
 85 2.780000
 86 2.750000
 87 2.810000
 88 3.330000
 89 2.730000
 90 2.690000
 91 2.670000
 92 2.700000
 93 2.700000
 94 2.690000
 95 2.680000
 96 2.710000
 97 2.680000
 98 2.710000
 99 2.670000
 100 2.680000
 101 2.650000
 102 2.650000
 103 2.670000
 104 2.640000
 105 2.750000
 106 3.190000
 107 3.200000
 108 3.160000
 109 3.140000
 110 2.680000
 111 2.660000
 112 2.660000
 113 2.660000
 114 2.640000
 115 2.660000
 116 2.660000
 117 2.640000
 118 1.760000
 119 1.760000
 120 1.610000
 121 1.490000
 122 1.360000
 123 1.270000
 124 1.160000
 125 1.070000
 126 1.020000
 127 0.970000
 128 0.910000
 129 0.870000
 130 0.790000
 131 0.760000
 132 0.750000
 133 0.720000
 134 0.710000
 135 0.690000
 136 0.700000
 137 0.700000
 138 0.680000
 139 0.690000
 140 0.690000
 141 0.690000
 142 0.690000
 143 0.710000
 144 0.710000
 145 0.710000
 146 0.710000
 147 0.680000
 148 0.710000
 149 0.710000
 150 0.710000
 151 0.680000
 152 0.680000
 153 0.710000
 154 0.710000
 155 0.710000
 156 0.710000
 157 0.710000
 158 0.680000
 159 0.710000
 160 0.710000
 161 0.710000
 162 0.710000
 163 0.710000
 164 0.710000
 165 0.710000
 166 0.710000
 167 0.710000
 168 0.710000
 169 0.710000
 170 0.730000
 171 0.780000
 172 3.580000
 173 3.580000
 174 3.560000
 175 3.530000
 176 3.540000
 177 3.540000
 178 3.560000
 179 3.540000
 180 3.540000
 181 3.540000
 182 3.540000
 183 3.740000
 184 3.610000
 185 3.560000
 186 3.560000
 187 3.560000
 188 3.560000
 189 3.530000
 190 3.450000
 191 3.360000
 192 3.380000
 193 3.380000
 194 3.450000
 195 3.460000
 196 3.480000
 197 3.360000
 198 3.460000
 199 3.450000
 200 3.480000
 201 3.410000
 202 3.380000
 203 3.410000
 204 3.380000
 205 3.410000
 206 3.400000
 207 1.430000
 208 1.390000
 209 1.400000
 210 1.400000
 211 1.400000
 212 1.400000
 213 1.390000
 214 1.430000
 215 1.430000
 216 1.450000
 217 1.480000
 218 1.500000
 219 1.500000
 220 1.530000
 221 3.460000
 222 3.440000
 223 3.410000
 224 4.730000
 225 4.730000
 226 4.680000
 227 4.710000
 228 4.720000
 229 2.190000
 230 2.150000
 231 2.150000
 232 2.140000
 233 2.110000
 234 2.110000
 235 2.120000
 236 2.080000
 237 2.070000
 238 2.040000
 239 2.060000
 240 2.080000
 241 4.770000
 242 4.810000
 243 4.780000
 244 4.780000
 245 4.780000
 246 4.810000
 247 4.810000
 248 4.830000
 249 4.810000
 250 4.630000
 251 4.810000
 252 4.830000
 253 4.620000
 254 4.160000
 255 4.830000
 256 4.860000
 257 4.860000
 258 4.750000
 259 4.640000
 260 4.610000
 261 4.700000
 262 4.900000
 263 4.880000
 264 4.900000
 265 4.900000
 266 4.900000
 267 4.900000
 268 4.910000
 269 4.050000
 270 4.070000
 271 4.030000
 272 4.000000
 273 4.950000
 274 4.970000
 275 4.950000
 276 4.980000
 277 4.970000
 278 4.970000
 279 5.000000
 280 5.010000
 281 5.020000
 282 5.020000
 283 5.050000
 284 5.020000
 285 5.050000
 286 5.060000
 287 5.050000
 288 5.080000
 289 5.070000
 290 2.130000
 291 2.080000
 292 2.070000
 293 2.070000
 294 2.070000
 295 2.040000
 296 2.040000
 297 2.040000
 298 2.040000
 299 2.010000
 300 1.400000
 301 1.330000
 302 1.310000
 303 1.310000
 304 1.310000
 305 1.310000
 306 1.310000
 307 1.320000
 308 1.400000
 309 4.530000
 310 4.520000
 311 4.660000
 312 4.640000
 313 4.600000
 314 4.530000
 315 4.400000
 316 4.080000
 317 4.060000
 318 4.070000
 319 4.080000
 320 4.110000
 321 4.110000
 322 4.110000
 323 3.770000
 324 3.790000
 325 3.790000
 326 3.830000
 327 3.810000
 328 3.820000
 329 4.310000
 330 4.660000
 331 3.690000
 332 3.710000
 333 3.680000
 334 3.570000
 335 3.580000
 336 3.530000
 337 3.550000
 338 3.550000
 339 3.580000
 340 3.580000
 341 3.580000
 342 3.640000
 343 3.630000
 344 3.660000
 345 3.680000
 346 3.730000
 347 3.710000
 348 3.710000
 349 3.690000
 350 3.710000
 351 3.710000
 352 3.660000
 353 3.660000
 354 3.660000
 355 3.640000
 356 3.660000
 357 3.640000
 358 3.610000
 359 3.640000
 360 1.510000
 361 1.510000
 362 1.450000
 363 1.460000
 364 1.490000
 365 1.450000
 366 1.410000
 367 1.360000
 368 1.340000
 369 1.350000
 370 1.360000
 371 1.350000
 372 1.360000
 373 1.360000
 374 1.350000
 375 1.340000
 376 1.380000
 377 1.360000
 378 1.390000
 379 1.360000
 380 1.380000
 381 1.380000
 382 1.380000
 383 1.380000
 384 1.380000
 385 1.390000
 386 1.410000
 387 1.400000
 388 1.390000
 389 1.420000
 390 1.410000
 391 1.410000
 392 1.410000
 393 4.020000
 394 4.030000
 395 4.090000
 396 4.250000
 397 4.250000
 398 4.250000
 399 4.230000
 400 4.230000
 401 4.230000
 402 4.200000
 403 4.200000
 404 4.200000
 405 4.170000
 406 4.170000
 407 4.150000
 408 4.150000
 409 4.150000
 410 4.150000
 411 4.100000
 412 4.110000
 413 4.110000
 414 4.100000
 415 4.100000
 416 4.070000
 417 4.070000
 418 4.050000
 419 2.100000
 420 2.110000
 421 2.080000
 422 2.030000
 423 1.980000
 424 1.800000
 425 1.810000
 426 1.780000
 427 1.770000
 428 1.780000
 429 1.770000
 430 1.740000
 431 1.760000
 432 1.760000
 433 1.770000
 434 1.770000
 435 1.770000
 436 1.790000
 437 1.770000
 438 1.770000
 439 1.790000
 440 1.780000
 441 1.780000
 442 1.780000
 443 1.780000
 444 1.800000
 445 1.790000
 446 1.760000
 447 1.780000
 448 1.770000
 449 1.790000
 450 1.810000
 451 1.780000
 452 1.800000
 453 1.780000
 454 1.800000
 455 1.780000
 456 1.830000
 457 1.820000
 458 1.850000
 459 1.830000
 460 1.830000
 461 1.850000
 462 1.830000
 463 1.830000
 464 1.860000
 465 1.830000
 466 1.850000
 467 2.970000
 468 3.010000
 469 3.000000
 470 2.960000
 471 2.990000
 472 3.010000
 473 2.950000
 474 2.960000
 475 3.030000
 476 2.980000
 477 2.960000
 478 2.980000
 479 3.030000
 480 3.030000
 481 3.020000
 482 3.060000
 483 3.030000
 484 3.060000
 485 3.010000
 486 5.070000
 487 3.050000
 488 3.060000
 489 3.160000
 490 3.180000
 491 3.080000
 492 3.080000
 493 3.200000
 494 3.180000
 495 3.180000
 496 3.200000
 497 3.210000
 498 3.270000
 499 3.230000
 500 3.230000
 501 3.240000
 502 3.240000
 503 3.240000
 504 3.240000
 505 3.240000
 506 3.270000
 507 3.260000
 508 3.260000
 509 3.310000
 510 3.320000
 511 3.340000
 512 3.260000
 513 3.270000
 514 3.290000
 515 3.310000
 516 6.190000
 517 6.200000
 518 6.170000
 519 6.220000
 520 6.220000
 521 6.220000
 522 6.240000
 523 6.240000
 524 6.240000
 525 6.240000
 526 6.270000
 527 4.610000
 528 4.340000
 529 4.250000
 530 4.280000
 531 6.280000
 532 3.280000
 533 3.200000
 534 3.200000
 535 3.250000
 536 3.480000
 537 3.740000
 538 3.740000
 539 3.680000
 540 3.660000
 541 3.690000
 542 3.660000
 543 3.690000
 544 3.710000
 545 3.690000
 546 3.710000
 547 3.310000
 548 3.710000
 549 3.690000
 550 3.690000
 551 3.710000
 552 3.690000
 553 3.710000
 554 3.690000
 555 3.640000
 556 3.660000
 557 3.660000
 558 3.660000
 559 3.660000
 560 3.690000
 561 3.660000
 562 3.690000
 563 3.710000
 564 3.690000
 565 3.690000
 566 3.710000
 567 3.740000
 568 3.710000
 569 3.740000
 570 3.740000
 571 3.740000
 572 3.740000
 573 3.760000
 574 3.760000
 575 3.760000
 576 3.750000
 577 3.710000
 578 3.670000
 579 3.610000
 580 3.330000
 581 3.190000
 582 3.300000
 583 3.480000
 584 3.460000
 585 3.420000
 586 3.380000
 587 3.070000
 588 3.070000
 589 3.110000
 590 3.060000
 591 3.030000
 592 3.050000
 593 3.040000
 594 3.080000
 595 2.990000
 596 2.930000
 597 3.010000
 598 2.990000
 599 3.020000
 600 3.050000
 601 3.070000
 602 3.020000
 603 3.040000
 604 3.100000
 605 3.150000
 606 3.100000
 607 3.100000
 608 3.190000
 609 3.120000
 610 3.120000
 611 3.200000
 612 3.120000
 613 2.870000
 614 2.740000
 615 2.720000
 616 2.670000
 617 2.720000
 618 2.700000
 619 2.720000
 620 2.650000
 621 2.620000
 622 2.600000
 623 2.570000
 624 2.550000
 625 2.490000
 626 2.490000
 627 2.440000
 628 2.420000
 629 2.370000
 630 2.370000
 631 2.320000
 632 2.320000
 633 2.290000
 634 2.240000
 635 2.250000
 636 2.220000
 637 2.200000
 638 2.200000
 639 2.170000
 640 2.170000
 641 2.170000
 642 2.100000
 643 2.060000
 644 2.150000
 645 2.110000
 646 2.060000
 647 2.060000
 648 2.050000
 649 2.070000
 650 2.050000
 651 2.020000
 652 2.020000
 653 2.070000
 654 2.020000
 655 2.020000
 656 2.050000
 657 2.070000
 658 2.000000
 659 2.000000
 660 2.000000
 661 2.060000
 662 2.030000
 663 1.990000
 664 1.990000
 665 2.030000
 666 2.150000
 667 1.980000
 668 1.970000
 669 1.940000
 670 1.990000
 671 1.940000
 672 1.710000
 673 1.680000
 674 1.710000
 675 1.680000
 676 1.800000
 677 1.770000
 678 1.660000
 679 1.770000
 680 1.630000
 681 1.690000
 682 1.670000
 683 1.670000
 684 1.620000
 685 1.630000
 686 1.630000
 687 1.530000
 688 1.500000
 689 1.500000
 690 1.480000
 691 1.450000
 692 1.480000
 693 1.460000
 694 1.430000
 695 1.460000
 696 1.520000
 697 1.450000
 698 1.530000
 699 1.400000
 700 1.450000
 701 1.370000
 702 2.100000
 703 1.480000
 704 1.350000
 705 1.380000
 706 1.430000
 707 1.480000
 708 1.360000
 709 1.350000
 710 1.470000
 711 1.440000
 712 1.440000
 713 1.450000
 714 1.440000
 715 1.440000
 716 1.360000
 717 1.440000
 718 1.440000
 719 1.330000
 720 1.420000
 721 1.420000
 722 1.440000
 723 1.420000
 724 1.420000
 725 1.440000
 726 1.390000
 727 1.390000
 728 1.330000
 729 1.440000
 730 1.300000
 731 1.420000
 732 1.420000
 733 1.280000
 734 1.280000
 735 1.490000
 736 1.390000
 737 1.360000
 738 1.260000
 739 1.260000
 740 1.260000
 741 1.270000
 742 1.240000
 743 1.230000
 744 1.230000
 745 1.220000
 746 6.560000
 747 6.500000
 748 2.880000
 749 2.920000
 750 6.610000
 751 6.680000
 752 6.720000
 753 5.990000
 754 5.910000
 755 5.860000
 756 5.870000
 757 5.630000
 758 0.860000
 759 0.850000
 760 0.860000
 0 3.350000
 1 3.320000
 2 3.260000
 3 3.310000
 4 3.330000
 5 3.380000
 6 3.410000
 7 3.380000
 8 3.380000
 9 3.430000
 10 3.410000
 11 3.340000
 12 3.410000
 13 3.440000
 14 3.440000
 15 3.540000
 16 3.580000
 17 3.590000
 18 3.620000
 19 3.730000
 20 3.780000
 21 3.810000
 22 3.830000
 23 3.810000
 24 3.810000
 25 3.850000
 26 3.860000
 27 3.730000
 28 3.880000
 29 3.870000
 30 3.930000
 31 3.960000
 32 3.830000
 33 3.860000
 34 4.030000
 35 4.010000
 36 4.030000
 37 4.060000
 38 4.080000
 39 4.080000
 40 4.060000
 41 4.110000
 42 4.070000
 43 4.000000
 44 4.000000
 45 3.990000
 46 4.010000
 47 4.010000
 48 4.040000
 49 3.960000
 50 3.960000
 51 3.930000
 52 4.040000
 53 4.040000
 54 3.910000
 55 4.020000
 56 4.020000
 57 3.880000
 58 3.860000
 59 3.860000
 60 3.860000
 61 3.860000
 62 3.810000
 63 3.830000
 64 3.810000
 65 2.840000
 66 2.890000
 67 2.870000
 68 2.880000
 69 2.810000
 70 2.800000
 71 2.820000
 72 2.840000
 73 2.820000
 74 2.790000
 75 2.800000
 76 2.800000
 77 2.780000
 78 2.790000
 79 2.790000
 80 2.790000
 81 2.760000
 82 2.780000
 83 2.760000
 84 2.780000
 85 2.760000
 86 2.750000
 87 2.780000
 88 3.310000
 89 2.710000
 90 2.700000
 91 2.670000
 92 2.670000
 93 2.670000
 94 2.690000
 95 2.710000
 96 2.710000
 97 2.680000
 98 2.680000
 99 2.670000
 100 2.660000
 101 2.650000
 102 2.670000
 103 2.650000
 104 2.640000
 105 2.720000
 106 3.190000
 107 3.200000
 108 3.160000
 109 3.140000
 110 2.660000
 111 2.660000
 112 2.630000
 113 2.660000
 114 2.640000
 115 2.640000
 116 2.640000
 117 2.660000
 118 1.760000
 119 1.760000
 120 1.590000
 121 1.460000
 122 1.350000
 123 1.270000
 124 1.160000
 125 1.070000
 126 1.020000
 127 0.960000
 128 0.910000
 129 0.840000
 130 0.820000
 131 0.760000
 132 0.740000
 133 0.710000
 134 0.700000
 135 0.690000
 136 0.700000
 137 0.700000
 138 0.710000
 139 0.690000
 140 0.690000
 141 0.690000
 142 0.710000
 143 0.680000
 144 0.710000
 145 0.680000
 146 0.710000
 147 0.710000
 148 0.710000
 149 0.710000
 150 0.710000
 151 0.710000
 152 0.710000
 153 0.710000
 154 0.710000
 155 0.680000
 156 0.710000
 157 0.710000
 158 0.710000
 159 0.710000
 160 0.710000
 161 0.710000
 162 0.710000
 163 0.710000
 164 0.710000
 165 0.730000
 166 0.710000
 167 0.710000
 168 0.710000
 169 0.710000
 170 0.730000
 171 0.760000
 172 3.580000
 173 3.590000
 174 3.560000
 175 3.530000
 176 3.510000
 177 3.540000
 178 3.540000
 179 3.510000
 180 3.540000
 181 3.540000
 182 3.540000
 183 3.740000
 184 3.610000
 185 3.560000
 186 3.540000
 187 3.560000
 188 3.560000
 189 3.530000
 190 3.450000
 191 3.380000
 192 3.410000
 193 3.360000
 194 3.440000
 195 3.440000
 196 3.460000
 197 3.380000
 198 3.460000
 199 3.460000
 200 3.480000
 201 3.380000
 202 3.410000
 203 3.410000
 204 3.380000
 205 3.410000
 206 3.420000
 207 1.430000
 208 1.390000
 209 1.400000
 210 1.400000
 211 1.400000
 212 1.370000
 213 1.420000
 214 1.440000
 215 1.460000
 216 1.450000
 217 1.480000
 218 1.500000
 219 1.490000
 220 1.530000
 221 3.460000
 222 3.460000
 223 3.410000
 224 4.730000
 225 4.730000
 226 4.680000
 227 4.730000
 228 4.720000
 229 2.180000
 230 2.170000
 231 2.150000
 232 2.130000
 233 2.130000
 234 2.110000
 235 2.090000
 236 2.080000
 237 2.070000
 238 2.040000
 239 2.060000
 240 2.110000
 241 4.800000
 242 4.780000
 243 4.780000
 244 4.810000
 245 4.810000
 246 4.810000
 247 4.810000
 248 4.810000
 249 4.810000
 250 4.640000
 251 4.830000
 252 4.830000
 253 4.600000
 254 4.180000
 255 4.830000
 256 4.860000
 257 4.860000
 258 4.750000
 259 4.640000
 260 4.630000
 261 4.700000
 262 4.900000
 263 4.880000
 264 4.880000
 265 4.900000
 266 4.920000
 267 4.900000
 268 4.930000
 269 4.020000
 270 4.070000
 271 4.030000
 272 4.030000
 273 4.950000
 274 4.950000
 275 4.970000
 276 4.980000
 277 4.970000
 278 4.970000
 279 5.000000
 280 5.010000
 281 5.000000
 282 5.020000
 283 5.020000
 284 5.020000
 285 5.050000
 286 5.050000
 287 5.060000
 288 5.080000
 289 5.070000
 290 2.110000
 291 2.060000
 292 2.070000
 293 2.070000
 294 2.070000
 295 2.040000
 296 2.070000
 297 2.040000
 298 2.010000
 299 2.000000
 300 1.400000
 301 1.310000
 302 1.330000
 303 1.310000
 304 1.310000
 305 1.310000
 306 1.310000
 307 1.320000
 308 1.440000
 309 4.500000
 310 4.520000
 311 4.660000
 312 4.640000
 313 4.590000
 314 4.530000
 315 4.440000
 316 4.060000
 317 4.050000
 318 4.080000
 319 4.080000
 320 4.070000
 321 4.120000
 322 4.100000
 323 3.780000
 324 3.760000
 325 3.790000
 326 3.830000
 327 3.810000
 328 3.790000
 329 4.340000
 330 4.630000
 331 3.690000
 332 3.730000
 333 3.690000
 334 3.570000
 335 3.550000
 336 3.530000
 337 3.530000
 338 3.530000
 339 3.560000
 340 3.580000
 341 3.610000
 342 3.640000
 343 3.630000
 344 3.660000
 345 3.680000
 346 3.730000
 347 3.710000
 348 3.690000
 349 3.690000
 350 3.690000
 351 3.690000
 352 3.660000
 353 3.690000
 354 3.660000
 355 3.660000
 356 3.640000
 357 3.610000
 358 3.640000
 359 3.610000
 360 1.480000
 361 1.510000
 362 1.480000
 363 1.460000
 364 1.470000
 365 1.440000
 366 1.400000
 367 1.350000
 368 1.340000
 369 1.340000
 370 1.370000
 371 1.360000
 372 1.370000
 373 1.360000
 374 1.360000
 375 1.370000
 376 1.360000
 377 1.360000
 378 1.370000
 379 1.360000
 380 1.390000
 381 1.380000
 382 1.360000
 383 1.400000
 384 1.390000
 385 1.390000
 386 1.400000
 387 1.390000
 388 1.390000
 389 1.390000
 390 1.410000
 391 1.410000
 392 1.430000
 393 4.020000
 394 4.030000
 395 4.090000
 396 4.270000
 397 4.270000
 398 4.250000
 399 4.230000
 400 4.230000
 401 4.210000
 402 4.230000
 403 4.200000
 404 4.200000
 405 4.170000
 406 4.170000
 407 4.170000
 408 4.150000
 409 4.120000
 410 4.150000
 411 4.120000
 412 4.110000
 413 4.110000
 414 4.100000
 415 4.100000
 416 4.070000
 417 4.050000
 418 4.070000
 419 2.090000
 420 2.080000
 421 2.060000
 422 2.020000
 423 1.960000
 424 1.830000
 425 1.810000
 426 1.760000
 427 1.730000
 428 1.780000
 429 1.770000
 430 1.780000
 431 1.780000
 432 1.750000
 433 1.780000
 434 1.760000
 435 1.770000
 436 1.740000
 437 1.750000
 438 1.780000
 439 1.780000
 440 1.780000
 441 1.780000
 442 1.750000
 443 1.800000
 444 1.780000
 445 1.750000
 446 1.800000
 447 1.790000
 448 1.780000
 449 1.800000
 450 1.780000
 451 1.780000
 452 1.790000
 453 1.810000
 454 1.830000
 455 1.790000
 456 1.800000
 457 1.850000
 458 1.830000
 459 1.800000
 460 1.830000
 461 1.830000
 462 1.830000
 463 1.830000
 464 1.840000
 465 1.840000
 466 1.830000
 467 3.000000
 468 2.990000
 469 2.990000
 470 2.930000
 471 2.980000
 472 3.010000
 473 2.940000
 474 2.960000
 475 3.030000
 476 3.010000
 477 2.960000
 478 2.980000
 479 3.020000
 480 3.030000
 481 3.050000
 482 3.050000
 483 3.050000
 484 3.050000
 485 3.030000
 486 5.080000
 487 3.020000
 488 3.060000
 489 3.180000
 490 3.180000
 491 3.080000
 492 3.110000
 493 3.200000
 494 3.180000
 495 3.170000
 496 3.180000
 497 3.220000
 498 3.250000
 499 3.230000
 500 3.230000
 501 3.220000
 502 3.240000
 503 3.240000
 504 3.240000
 505 3.260000
 506 3.290000
 507 3.260000
 508 3.260000
 509 3.290000
 510 3.320000
 511 3.340000
 512 3.260000
 513 3.290000
 514 3.290000
 515 3.310000
 516 6.170000
 517 6.170000
 518 6.200000
 519 6.200000
 520 6.190000
 521 6.220000
 522 6.220000
 523 6.240000
 524 6.240000
 525 6.240000
 526 6.270000
 527 4.620000
 528 4.310000
 529 4.250000
 530 4.250000
 531 6.310000
 532 3.260000
 533 3.210000
 534 3.220000
 535 3.270000
 536 3.480000
 537 3.740000
 538 3.720000
 539 3.680000
 540 3.690000
 541 3.690000
 542 3.690000
 543 3.690000
 544 3.690000
 545 3.690000
 546 3.690000
 547 3.280000
 548 3.690000
 549 3.690000
 550 3.710000
 551 3.710000
 552 3.710000
 553 3.710000
 554 3.690000
 555 3.670000
 556 3.660000
 557 3.640000
 558 3.690000
 559 3.660000
 560 3.660000
 561 3.690000
 562 3.690000
 563 3.690000
 564 3.710000
 565 3.710000
 566 3.710000
 567 3.740000
 568 3.740000
 569 3.740000
 570 3.740000
 571 3.740000
 572 3.760000
 573 3.760000
 574 3.760000
 575 3.760000
 576 3.740000
 577 3.710000
 578 3.670000
 579 3.640000
 580 3.330000
 581 3.160000
 582 3.270000
 583 3.510000
 584 3.460000
 585 3.450000
 586 3.380000
 587 3.070000
 588 3.070000
 589 3.110000
 590 3.060000
 591 3.060000
 592 3.020000
 593 3.020000
 594 3.050000
 595 2.990000
 596 2.930000
 597 3.010000
 598 3.020000
 599 3.020000
 600 3.050000
 601 3.070000
 602 3.040000
 603 3.020000
 604 3.070000
 605 3.150000
 606 3.070000
 607 3.100000
 608 3.220000
 609 3.120000
 610 3.120000
 611 3.200000
 612 3.100000
 613 2.870000
 614 2.770000
 615 2.720000
 616 2.690000
 617 2.740000
 618 2.720000
 619 2.700000
 620 2.620000
 621 2.640000
 622 2.620000
 623 2.590000
 624 2.560000
 625 2.520000
 626 2.480000
 627 2.420000
 628 2.420000
 629 2.390000
 630 2.340000
 631 2.320000
 632 2.320000
 633 2.270000
 634 2.240000
 635 2.270000
 636 2.250000
 637 2.190000
 638 2.200000
 639 2.190000
 640 2.190000
 641 2.190000
 642 2.090000
 643 2.060000
 644 2.120000
 645 2.110000
 646 2.070000
 647 2.040000
 648 2.050000
 649 2.070000
 650 2.050000
 651 2.020000
 652 2.020000
 653 2.070000
 654 2.040000
 655 2.020000
 656 2.050000
 657 2.070000
 658 2.000000
 659 2.000000
 660 1.970000
 661 2.060000
 662 2.030000
 663 1.990000
 664 2.020000
 665 2.000000
 666 2.150000
 667 1.950000
 668 1.990000
 669 1.940000
 670 1.960000
 671 1.920000
 672 1.710000
 673 1.710000
 674 1.680000
 675 1.710000
 676 1.800000
 677 1.770000
 678 1.660000
 679 1.770000
 680 1.750000
 681 1.720000
 682 1.690000
 683 1.640000
 684 1.620000
 685 1.630000
 686 1.650000
 687 1.500000
 688 1.500000
 689 1.530000
 690 1.480000
 691 1.480000
 692 1.480000
 693 1.450000
 694 1.430000
 695 1.460000
 696 1.550000
 697 1.450000
 698 1.750000
 699 1.390000
 700 1.420000
 701 1.370000
 702 2.100000
 703 1.480000
 704 1.430000
 705 1.380000
 706 1.430000
 707 1.480000
 708 1.360000
 709 1.350000
 710 1.450000
 711 1.420000
 712 1.440000
 713 1.450000
 714 1.440000
 715 1.420000
 716 1.360000
 717 1.440000
 718 1.440000
 719 1.330000
 720 1.420000
 721 1.390000
 722 1.440000
 723 1.420000
 724 1.420000
 725 1.440000
 726 1.390000
 727 1.420000
 728 1.330000
 729 1.440000
 730 1.290000
 731 1.420000
 732 1.420000
 733 1.310000
 734 1.310000
 735 1.470000
 736 1.390000
 737 1.330000
 738 1.260000
 739 1.260000
 740 1.260000
 741 1.290000
 742 1.240000
 743 1.240000
 744 1.230000
 745 1.220000
 746 6.530000
 747 6.500000
 748 2.880000
 749 2.920000
 750 6.610000
 751 6.670000
 752 6.720000
 753 6.010000
 754 5.890000
 755 5.880000
 756 5.870000
 757 5.650000
 758 0.860000
 759 0.850000
 760 0.850000
 0 3.350000
 1 3.350000
 2 3.260000
 3 3.300000
 4 3.350000
 5 3.380000
 6 3.400000
 7 3.380000
 8 3.380000
 9 3.450000
 10 3.410000
 11 3.340000
 12 3.380000
 13 3.440000
 14 3.470000
 15 3.520000
 16 3.550000
 17 3.570000
 18 3.620000
 19 3.720000
 20 3.810000
 21 3.810000
 22 3.810000
 23 3.800000
 24 3.810000
 25 3.850000
 26 3.850000
 27 3.730000
 28 3.850000
 29 3.870000
 30 3.930000
 31 3.950000
 32 3.830000
 33 4.000000
 34 4.030000
 35 4.030000
 36 4.030000
 37 4.030000
 38 4.050000
 39 4.080000
 40 4.050000
 41 4.100000
 42 4.070000
 43 4.000000
 44 4.000000
 45 4.000000
 46 4.010000
 47 4.000000
 48 4.040000
 49 3.990000
 50 3.930000
 51 3.960000
 52 4.040000
 53 4.040000
 54 3.910000
 55 4.010000
 56 4.010000
 57 3.910000
 58 3.860000
 59 3.860000
 60 3.860000
 61 3.860000
 62 3.830000
 63 3.830000
 64 3.810000
 65 2.880000
 66 2.890000
 67 2.860000
 68 2.870000
 69 2.790000
 70 2.810000
 71 2.790000
 72 2.820000
 73 2.820000
 74 2.810000
 75 2.800000
 76 2.800000
 77 2.800000
 78 2.790000
 79 2.790000
 80 2.790000
 81 2.790000
 82 2.780000
 83 2.750000
 84 2.750000
 85 2.780000
 86 2.770000
 87 2.810000
 88 3.330000
 89 2.680000
 90 2.690000
 91 2.670000
 92 2.700000
 93 2.700000
 94 2.690000
 95 2.700000
 96 2.700000
 97 2.700000
 98 2.700000
 99 2.670000
 100 2.680000
 101 2.670000
 102 2.650000
 103 2.650000
 104 2.660000
 105 2.720000
 106 3.210000
 107 3.170000
 108 3.190000
 109 3.140000
 110 2.680000
 111 2.660000
 112 2.650000
 113 2.660000
 114 2.660000
 115 2.660000
 116 2.640000
 117 2.640000
 118 1.760000
 119 1.780000
 120 1.580000
 121 1.480000
 122 1.360000
 123 1.280000
 124 1.160000
 125 1.070000
 126 1.020000
 127 0.960000
 128 0.910000
 129 0.860000
 130 0.820000
 131 0.780000
 132 0.730000
 133 0.720000
 134 0.710000
 135 0.690000
 136 0.670000
 137 0.700000
 138 0.700000
 139 0.710000
 140 0.690000
 141 0.690000
 142 0.690000
 143 0.680000
 144 0.700000
 145 0.700000
 146 0.700000
 147 0.700000
 148 0.680000
 149 0.680000
 150 0.700000
 151 0.700000
 152 0.700000
 153 0.680000
 154 0.700000
 155 0.700000
 156 0.700000
 157 0.700000
 158 0.700000
 159 0.700000
 160 0.700000
 161 0.700000
 162 0.700000
 163 0.700000
 164 0.700000
 165 0.700000
 166 0.700000
 167 0.700000
 168 0.700000
 169 0.700000
 170 0.700000
 171 0.750000
 172 3.580000
 173 3.580000
 174 3.560000
 175 3.550000
 176 3.540000
 177 3.560000
 178 3.540000
 179 3.540000
 180 3.510000
 181 3.540000
 182 3.540000
 183 3.740000
 184 3.610000
 185 3.560000
 186 3.540000
 187 3.540000
 188 3.560000
 189 3.530000
 190 3.430000
 191 3.360000
 192 3.380000
 193 3.360000
 194 3.460000
 195 3.430000
 196 3.480000
 197 3.360000
 198 3.460000
 199 3.460000
 200 3.460000
 201 3.380000
 202 3.380000
 203 3.410000
 204 3.380000
 205 3.410000
 206 3.420000
 207 1.420000
 208 1.390000
 209 1.400000
 210 1.400000
 211 1.400000
 212 1.400000
 213 1.390000
 214 1.430000
 215 1.430000
 216 1.460000
 217 1.460000
 218 1.500000
 219 1.490000
 220 1.520000
 221 3.460000
 222 3.430000
 223 3.410000
 224 4.730000
 225 4.730000
 226 4.700000
 227 4.730000
 228 4.720000
 229 2.180000
 230 2.110000
 231 2.150000
 232 2.130000
 233 2.130000
 234 2.130000
 235 2.110000
 236 2.060000
 237 2.060000
 238 2.060000
 239 2.060000
 240 2.080000
 241 4.770000
 242 4.780000
 243 4.780000
 244 4.800000
 245 4.780000
 246 4.800000
 247 4.800000
 248 4.800000
 249 4.800000
 250 4.610000
 251 4.830000
 252 4.830000
 253 4.650000
 254 4.190000
 255 4.830000
 256 4.830000
 257 4.850000
 258 4.720000
 259 4.640000
 260 4.630000
 261 4.700000
 262 4.870000
 263 4.880000
 264 4.900000
 265 4.900000
 266 4.900000
 267 4.900000
 268 4.930000
 269 4.020000
 270 4.070000
 271 4.030000
 272 4.020000
 273 4.950000
 274 4.970000
 275 4.970000
 276 4.980000
 277 4.970000
 278 5.000000
 279 5.000000
 280 5.000000
 281 5.020000
 282 5.020000
 283 5.020000
 284 5.050000
 285 5.030000
 286 5.050000
 287 5.050000
 288 5.080000
 289 5.100000
 290 2.110000
 291 2.060000
 292 2.060000
 293 2.060000
 294 2.060000
 295 2.040000
 296 2.040000
 297 2.040000
 298 2.040000
 299 2.000000
 300 1.400000
 301 1.330000
 302 1.300000
 303 1.300000
 304 1.300000
 305 1.300000
 306 1.330000
 307 1.320000
 308 1.430000
 309 4.500000
 310 4.510000
 311 4.630000
 312 4.630000
 313 4.570000
 314 4.530000
 315 4.380000
 316 4.060000
 317 4.060000
 318 4.100000
 319 4.080000
 320 4.130000
 321 4.130000
 322 4.100000
 323 3.770000
 324 3.770000
 325 3.790000
 326 3.800000
 327 3.810000
 328 3.790000
 329 4.330000
 330 4.630000
 331 3.690000
 332 3.690000
 333 3.710000
 334 3.550000
 335 3.550000
 336 3.550000
 337 3.520000
 338 3.550000
 339 3.560000
 340 3.590000
 341 3.580000
 342 3.610000
 343 3.630000
 344 3.630000
 345 3.680000
 346 3.730000
 347 3.710000
 348 3.710000
 349 3.690000
 350 3.710000
 351 3.710000
 352 3.690000
 353 3.690000
 354 3.660000
 355 3.660000
 356 3.640000
 357 3.640000
 358 3.640000
 359 3.610000
 360 1.470000
 361 1.510000
 362 1.450000
 363 1.460000
 364 1.460000
 365 1.430000
 366 1.370000
 367 1.390000
 368 1.340000
 369 1.340000
 370 1.370000
 371 1.360000
 372 1.350000
 373 1.340000
 374 1.360000
 375 1.340000
 376 1.350000
 377 1.360000
 378 1.360000
 379 1.350000
 380 1.360000
 381 1.380000
 382 1.370000
 383 1.400000
 384 1.380000
 385 1.360000
 386 1.410000
 387 1.390000
 388 1.420000
 389 1.390000
 390 1.410000
 391 1.400000
 392 1.400000
 393 4.050000
 394 4.030000
 395 4.090000
 396 4.250000
 397 4.250000
 398 4.250000
 399 4.250000
 400 4.230000
 401 4.200000
 402 4.200000
 403 4.200000
 404 4.200000
 405 4.170000
 406 4.170000
 407 4.150000
 408 4.150000
 409 4.150000
 410 4.150000
 411 4.120000
 412 4.100000
 413 4.100000
 414 4.100000
 415 4.100000
 416 4.100000
 417 4.070000
 418 4.070000
 419 2.090000
 420 2.080000
 421 2.050000
 422 2.020000
 423 1.970000
 424 1.800000
 425 1.810000
 426 1.760000
 427 1.760000
 428 1.740000
 429 1.760000
 430 1.740000
 431 1.780000
 432 1.780000
 433 1.780000
 434 1.760000
 435 1.810000
 436 1.760000
 437 1.760000
 438 1.770000
 439 1.780000
 440 1.800000
 441 1.750000
 442 1.770000
 443 1.790000
 444 1.790000
 445 1.780000
 446 1.780000
 447 1.780000
 448 1.780000
 449 1.810000
 450 1.770000
 451 1.790000
 452 1.780000
 453 1.810000
 454 1.770000
 455 1.770000
 456 1.810000
 457 1.800000
 458 1.830000
 459 1.810000
 460 1.820000
 461 1.850000
 462 1.830000
 463 1.840000
 464 1.840000
 465 1.820000
 466 1.850000
 467 2.910000
 468 2.990000
 469 2.990000
 470 2.930000
 471 2.960000
 472 3.010000
 473 2.950000
 474 2.960000
 475 3.020000
 476 2.980000
 477 2.960000
 478 2.970000
 479 3.050000
 480 3.030000
 481 3.050000
 482 3.050000
 483 3.050000
 484 3.040000
 485 3.030000
 486 5.060000
 487 3.050000
 488 3.060000
 489 3.130000
 490 3.180000
 491 3.080000
 492 3.110000
 493 3.170000
 494 3.210000
 495 3.170000
 496 3.200000
 497 3.210000
 498 3.250000
 499 3.230000
 500 3.220000
 501 3.220000
 502 3.210000
 503 3.240000
 504 3.260000
 505 3.260000
 506 3.260000
 507 3.260000
 508 3.260000
 509 3.280000
 510 3.310000
 511 3.340000
 512 3.260000
 513 3.270000
 514 3.290000
 515 3.310000
 516 6.190000
 517 6.200000
 518 6.200000
 519 6.210000
 520 6.190000
 521 6.210000
 522 6.210000
 523 6.240000
 524 6.240000
 525 6.260000
 526 6.260000
 527 4.620000
 528 4.310000
 529 4.250000
 530 4.250000
 531 6.280000
 532 3.280000
 533 3.210000
 534 3.190000
 535 3.260000
 536 3.490000
 537 3.760000
 538 3.730000
 539 3.680000
 540 3.660000
 541 3.690000
 542 3.690000
 543 3.690000
 544 3.690000
 545 3.690000
 546 3.690000
 547 3.280000
 548 3.690000
 549 3.710000
 550 3.710000
 551 3.710000
 552 3.710000
 553 3.710000
 554 3.690000
 555 3.660000
 556 3.690000
 557 3.670000
 558 3.660000
 559 3.660000
 560 3.690000
 561 3.710000
 562 3.710000
 563 3.690000
 564 3.690000
 565 3.740000
 566 3.710000
 567 3.740000
 568 3.740000
 569 3.710000
 570 3.760000
 571 3.740000
 572 3.760000
 573 3.760000
 574 3.790000
 575 3.760000
 576 3.760000
 577 3.710000
 578 3.690000
 579 3.610000
 580 3.330000
 581 3.180000
 582 3.260000
 583 3.480000
 584 3.430000
 585 3.420000
 586 3.380000
 587 3.070000
 588 3.070000
 589 3.100000
 590 3.050000
 591 3.030000
 592 3.020000
 593 3.020000
 594 3.050000
 595 2.980000
 596 2.910000
 597 3.010000
 598 2.990000
 599 3.010000
 600 3.050000
 601 3.070000
 602 3.010000
 603 3.010000
 604 3.100000
 605 3.150000
 606 3.100000
 607 3.100000
 608 3.190000
 609 3.110000
 610 3.120000
 611 3.170000
 612 3.120000
 613 2.860000
 614 2.740000
 615 2.720000
 616 2.700000
 617 2.710000
 618 2.700000
 619 2.720000
 620 2.670000
 621 2.610000
 622 2.590000
 623 2.590000
 624 2.570000
 625 2.510000
 626 2.460000
 627 2.440000
 628 2.410000
 629 2.360000
 630 2.330000
 631 2.310000
 632 2.290000
 633 2.290000
 634 2.240000
 635 2.270000
 636 2.250000
 637 2.200000
 638 2.200000
 639 2.190000
 640 2.160000
 641 2.190000
 642 2.080000
 643 2.060000
 644 2.120000
 645 2.110000
 646 2.060000
 647 2.060000
 648 2.050000
 649 2.040000
 650 2.040000
 651 2.040000
 652 2.020000
 653 2.050000
 654 2.010000
 655 2.020000
 656 2.050000
 657 2.050000
 658 2.000000
 659 1.970000
 660 1.950000
 661 2.080000
 662 2.050000
 663 1.990000
 664 2.000000
 665 2.020000
 666 2.150000
 667 1.950000
 668 1.970000
 669 1.940000
 670 1.960000
 671 1.910000
 672 1.730000
 673 1.710000
 674 1.710000
 675 1.710000
 676 1.770000
 677 1.770000
 678 1.660000
 679 1.770000
 680 1.610000
 681 1.710000
 682 1.660000
 683 1.640000
 684 1.640000
 685 1.610000
 686 1.620000
 687 1.500000
 688 1.500000
 689 1.500000
 690 1.480000
 691 1.470000
 692 1.470000
 693 1.450000
 694 1.460000
 695 1.460000
 696 1.550000
 697 1.420000
 698 1.750000
 699 1.450000
 700 1.390000
 701 1.420000
 702 2.100000
 703 1.460000
 704 1.430000
 705 1.380000
 706 1.430000
 707 1.420000
 708 1.360000
 709 1.320000
 710 1.470000
 711 1.410000
 712 1.440000
 713 1.450000
 714 1.440000
 715 1.440000
 716 1.360000
 717 1.440000
 718 1.460000
 719 1.310000
 720 1.410000
 721 1.410000
 722 1.410000
 723 1.410000
 724 1.390000
 725 1.440000
 726 1.410000
 727 1.410000
 728 1.320000
 729 1.440000
 730 1.320000
 731 1.410000
 732 1.440000
 733 1.310000
 734 1.330000
 735 1.460000
 736 1.390000
 737 1.350000
 738 1.260000
 739 1.260000
 740 1.260000
 741 1.280000
 742 1.240000
 743 1.240000
 744 1.240000
 745 1.190000
 746 6.530000
 747 6.530000
 748 2.870000
 749 2.890000
 750 6.610000
 751 6.670000
 752 6.720000
 753 6.010000
 754 5.880000
 755 5.870000
 756 5.850000
 757 5.650000
 758 0.910000
 759 0.850000
 760 0.850000