
 0 2.110000
 1 2.090000
 2 2.100000
 3 2.100000
 4 2.100000
 5 2.100000
 6 2.110000
 7 2.110000
 8 2.110000
 9 2.110000
 10 2.110000
 11 2.100000
 12 2.120000
 13 2.120000
 14 2.110000
 15 2.110000
 16 2.130000
 17 2.110000
 18 2.150000
 19 2.160000
 20 2.150000
 21 2.160000
 22 2.180000
 23 2.190000
 24 2.160000
 25 2.150000
 26 2.170000
 27 2.150000
 28 2.150000
 29 2.150000
 30 2.150000
 31 2.160000
 32 2.200000
 33 2.170000
 34 2.200000
 35 2.190000
 36 2.180000
 37 2.190000
 38 2.180000
 39 2.270000
 40 2.230000
 41 2.140000
 42 2.150000
 43 2.150000
 44 2.150000
 45 2.190000
 46 2.200000
 47 2.230000
 48 2.240000
 49 2.200000
 50 2.190000
 51 2.220000
 52 2.200000
 53 2.190000
 54 2.240000
 55 2.250000
 56 2.220000
 57 2.210000
 58 2.210000
 59 2.210000
 60 2.210000
 61 2.200000
 62 2.200000
 63 2.210000
 64 2.280000
 65 2.280000
 66 2.280000
 67 2.290000
 68 2.300000
 69 2.300000
 70 2.290000
 71 2.300000
 72 2.250000
 73 2.260000
 74 2.260000
 75 2.290000
 76 2.300000
 77 2.300000
 78 2.320000
 79 2.310000
 80 2.330000
 81 2.300000
 82 2.330000
 83 2.440000
 84 2.340000
 85 2.300000
 86 2.320000
 87 2.300000
 88 2.310000
 89 2.340000
 90 2.350000
 91 2.370000
 92 2.360000
 93 2.350000
 94 2.380000
 95 2.390000
 96 2.390000
 97 2.380000
 98 2.390000
 99 2.390000
 100 2.360000
 101 2.340000
 102 2.360000
 103 2.370000
 104 2.380000
 105 2.420000
 106 2.420000
 107 2.410000
 108 2.510000
 109 2.460000
 110 2.450000
 111 3.410000
 112 3.420000
 113 3.580000
 114 3.550000
 115 3.520000
 116 3.550000
 117 3.560000
 118 3.460000
 119 3.460000
 120 3.480000
 121 3.460000
 122 3.460000
 123 3.530000
 124 3.530000
 125 3.530000
 126 3.530000
 127 3.530000
 128 3.530000
 129 3.530000
 130 3.560000
 131 3.650000
 132 3.670000
 133 3.610000
 134 3.660000
 135 3.670000
 136 3.710000
 137 3.690000
 138 3.750000
 139 3.810000
 140 3.830000
 141 3.830000
 142 3.840000
 143 3.820000
 144 3.810000
 145 3.800000
 146 3.800000
 147 3.830000
 148 3.830000
 149 3.850000
 150 3.870000
 151 3.880000
 152 3.910000
 153 3.900000
 154 3.930000
 155 3.910000
 156 3.930000
 157 3.960000
 158 4.040000
 159 3.960000
 160 4.060000
 161 4.070000
 162 4.070000
 163 4.110000
 164 4.010000
 165 4.140000
 166 2.110000
 167 2.130000
 168 2.100000
 169 2.110000
 170 2.100000
 171 2.080000
 172 2.080000
 173 2.090000
 174 2.090000
 175 2.070000
 176 2.080000
 177 2.090000
 178 2.080000
 179 1.210000
 180 1.260000
 181 1.260000
 182 2.060000
 183 2.060000
 184 2.070000
 185 2.050000
 186 2.070000
 187 2.070000
 188 2.050000
 189 2.080000
 190 2.070000
 191 2.070000
 192 2.070000
 193 2.070000
 194 2.090000
 195 2.030000
 196 2.050000
 197 2.070000
 198 2.060000
 199 2.050000
 200 2.050000
 201 2.080000
 202 2.060000
 203 2.060000
 204 2.060000
 205 2.070000
 206 2.070000
 207 2.100000
 208 2.170000
 209 4.830000
 210 5.010000
 211 4.980000
 212 4.990000
 213 4.960000
 214 4.980000
 215 4.980000
 216 4.910000
 217 4.910000
 218 4.870000
 219 4.840000
 220 4.840000
 221 4.840000
 222 4.810000
 223 4.810000
 224 4.780000
 225 4.760000
 226 4.760000
 227 4.660000
 228 4.630000
 229 4.630000
 230 4.630000
 231 4.620000
 232 4.590000
 233 4.590000
 234 4.600000
 235 4.660000
 236 4.620000
 237 4.630000
 238 4.710000
 239 4.560000
 240 4.570000
 241 4.710000
 242 4.520000
 243 4.510000
 244 4.940000
 245 5.210000
 246 5.230000
 247 5.120000
 248 5.100000
 249 5.180000
 250 5.190000
 251 5.210000
 252 5.200000
 253 5.200000
 254 5.190000
 255 5.170000
 256 5.140000
 257 4.570000
 258 4.380000
 259 4.360000
 260 4.370000
 261 4.400000
 262 4.390000
 263 4.410000
 264 4.380000
 265 4.420000
 266 4.280000
 267 4.360000
 268 4.370000
 269 4.380000
 270 4.330000
 271 4.370000
 272 4.300000
 273 4.320000
 274 4.290000
 275 4.290000
 276 4.310000
 277 4.290000
 278 4.320000
 279 4.320000
 280 4.360000
 281 4.230000
 282 4.230000
 283 4.230000
 284 4.230000
 285 4.210000
 286 4.230000
 287 4.310000
 288 4.310000
 289 4.310000
 290 4.310000
 291 4.340000
 292 4.310000
 293 4.290000
 294 1.600000
 295 1.610000
 296 1.590000
 297 1.590000
 298 1.570000
 299 1.570000
 300 1.550000
 301 1.540000
 302 1.550000
 303 1.520000
 304 1.500000
 305 1.500000
 306 1.500000
 307 1.470000
 308 1.450000
 309 1.470000
 310 1.450000
 311 1.420000
 312 1.420000
 313 1.400000
 314 1.420000
 315 1.370000
 316 1.370000
 317 1.400000
 318 1.350000
 319 1.370000
 320 1.350000
 321 1.350000
 322 1.330000
 323 1.320000
 324 1.320000
 325 1.300000
 326 1.300000
 327 1.300000
 328 1.300000
 329 1.270000
 330 1.250000
 331 1.280000
 332 1.250000
 333 1.250000
 334 1.230000
 335 1.230000
 336 1.230000
 337 1.230000
 338 1.230000
 339 1.200000
 340 1.230000
 341 1.200000
 342 1.200000
 343 1.180000
 344 1.180000
 345 1.180000
 346 1.180000
 347 1.150000
 348 1.150000
 349 1.150000
 350 1.150000
 351 1.130000
 352 1.150000
 353 1.130000
 354 1.120000
 355 1.020000
 356 0.890000
 357 0.870000
 358 0.880000
 359 0.890000
 360 0.900000
 361 0.910000
 362 0.930000
 363 0.950000
 364 0.940000
 365 0.910000
 366 0.920000
 367 0.990000
 368 1.080000
 369 1.050000
 370 1.050000
 371 1.050000
 372 1.030000
 373 1.050000
 374 1.030000
 375 1.040000
 376 1.040000
 377 1.040000
 378 1.040000
 379 1.010000
 380 1.040000
 381 1.000000
 382 1.000000
 383 0.980000
 384 1.000000
 385 0.980000
 386 0.980000
 387 0.980000
 388 0.980000
 389 0.980000
 390 0.950000
 391 0.980000
 392 0.950000
 393 0.980000
 394 0.980000
 395 0.950000
 396 0.950000
 397 0.950000
 398 0.950000
 399 0.950000
 400 0.950000
 401 0.930000
 402 0.930000
 403 0.930000
 404 0.950000
 405 0.930000
 406 0.930000
 407 0.930000
 408 0.930000
 409 0.930000
 410 0.900000
 411 0.900000
 412 0.930000
 413 0.900000
 414 0.900000
 415 0.900000
 416 0.900000
 417 0.900000
 418 0.900000
 419 0.900000
 420 0.880000
 421 0.880000
 422 0.900000
 423 0.900000
 424 0.880000
 425 0.880000
 426 0.880000
 427 0.880000
 428 0.880000
 429 0.850000
 430 0.850000
 431 0.850000
 432 0.880000
 433 0.850000
 434 0.850000
 435 0.850000
 436 0.850000
 437 0.850000
 438 0.830000
 439 0.850000
 440 0.850000
 441 0.850000
 442 0.850000
 443 0.830000
 444 0.830000
 445 0.850000
 446 0.830000
 447 0.830000
 448 0.830000
 449 0.830000
 450 0.830000
 451 0.830000
 452 0.830000
 453 0.830000
 454 0.830000
 455 0.830000
 456 0.830000
 457 0.830000
 458 0.830000
 459 0.800000
 460 0.830000
 461 0.830000
 462 0.800000
 463 0.800000
 464 0.800000
 465 0.830000
 466 0.830000
 467 0.800000
 468 0.830000
 469 0.830000
 470 0.800000
 471 0.800000
 472 0.800000
 473 0.790000
 474 0.790000
 475 0.790000
 476 0.810000
 477 0.810000
 478 0.800000
 479 0.800000
 480 0.830000
 481 0.850000
 482 0.850000
 483 0.880000
 484 0.880000
 485 0.890000
 486 0.900000
 487 1.050000
 488 2.100000
 489 2.130000
 490 2.130000
 491 2.150000
 492 2.150000
 493 2.170000
 494 2.160000
 495 2.190000
 496 2.210000
 497 2.220000
 498 2.190000
 499 2.220000
 500 2.240000
 501 2.220000
 502 2.220000
 503 2.250000
 504 2.220000
 505 2.250000
 506 2.240000
 507 2.240000
 508 2.270000
 509 2.270000
 510 2.270000
 511 2.270000
 512 2.270000
 513 2.270000
 514 2.270000
 515 2.270000
 516 2.270000
 517 2.270000
 518 2.310000
 519 2.300000
 520 2.310000
 521 2.270000
 522 1.060000
 523 1.070000
 524 2.280000
 525 2.270000
 526 2.230000
 527 1.890000
 528 1.870000
 529 1.860000
 530 1.890000
 531 2.240000
 532 2.320000
 533 2.350000
 534 2.350000
 535 2.330000
 536 2.360000
 537 2.330000
 538 2.360000
 539 2.360000
 540 2.360000
 541 2.400000
 542 1.240000
 543 1.170000
 544 1.110000
 545 1.110000
 546 1.070000
 547 1.080000
 548 1.080000
 549 1.080000
 550 1.080000
 551 1.080000
 552 1.070000
 553 1.080000
 554 1.080000
 555 1.080000
 556 1.070000
 557 1.060000
 558 1.070000
 559 1.080000
 560 1.060000
 561 1.070000
 562 1.080000
 563 1.070000
 564 1.080000
 565 1.080000
 566 1.070000
 567 1.090000
 568 1.080000
 569 1.060000
 570 1.080000
 571 1.080000
 572 1.090000
 573 1.070000
 574 1.110000
 575 1.070000
 576 1.100000
 577 1.100000
 578 1.090000
 579 1.070000
 580 1.080000
 581 1.110000
 582 1.120000
 583 1.120000
 584 1.130000
 585 1.160000
 586 1.130000
 587 1.180000
 588 1.150000
 589 1.150000
 590 1.300000
 591 1.560000
 592 1.590000
 593 1.590000
 594 1.610000
 595 1.610000
 596 1.630000
 597 1.660000
 598 1.660000
 599 1.680000
 600 1.670000
 601 1.720000
 602 1.720000
 603 1.740000
 604 1.770000
 605 1.770000
 606 1.820000
 607 1.860000
 608 1.880000
 609 1.830000
 610 1.910000
 611 2.130000
 612 2.360000
 613 2.410000
 614 2.410000
 615 2.420000
 616 2.320000
 617 2.030000
 618 2.030000
 619 2.010000
 620 2.080000
 621 2.440000
 622 2.440000
 623 2.440000
 624 2.470000
 625 2.470000
 626 2.450000
 627 2.500000
 628 2.470000
 629 2.490000
 630 2.470000
 631 2.470000
 632 2.470000
 633 2.500000
 634 2.500000
 635 2.500000
 636 2.520000
 637 2.520000
 638 2.520000
 639 2.520000
 640 2.520000
 641 2.520000
 642 2.540000
 643 2.520000
 644 2.540000
 645 2.540000
 646 2.570000
 647 2.570000
 648 2.540000
 649 2.570000
 650 2.570000
 651 2.550000
 652 2.550000
 653 2.570000
 654 2.570000
 655 2.570000
 656 2.590000
 657 2.590000
 658 2.590000
 659 2.600000
 660 2.620000
 661 2.620000
 662 2.600000
 663 2.620000
 664 2.620000
 665 2.620000
 666 2.660000
 667 2.650000
 668 2.650000
 669 2.620000
 670 2.650000
 671 2.650000
 672 2.650000
 673 2.670000
 674 2.670000
 675 2.700000
 676 2.690000
 677 2.690000
 678 2.680000
 679 2.740000
 680 2.710000
 681 2.730000
 682 2.730000
 683 2.760000
 684 2.730000
 685 2.760000
 686 2.760000
 687 2.760000
 688 2.780000
 689 2.780000
 690 2.790000
 691 2.820000
 692 2.820000
 693 2.820000
 694 2.810000
 695 2.830000
 696 2.830000
 697 2.840000
 698 2.870000
 699 1.610000
 700 1.570000
 701 1.560000
 702 1.570000
 703 1.550000
 704 1.550000
 705 1.550000
 706 1.560000
 707 1.560000
 708 1.560000
 709 1.590000
 710 1.570000
 711 1.570000
 712 1.580000
 713 1.580000
 714 3.020000
 715 3.040000
 716 3.070000
 717 3.070000
 718 3.090000
 719 3.120000
 720 3.120000
 721 3.140000
 722 3.140000
 723 3.190000
 724 1.500000
 725 1.530000
 726 1.500000
 727 1.510000
 728 1.490000
 729 3.280000
 730 3.290000
 731 3.290000
 732 3.290000
 733 3.320000
 734 3.320000
 735 2.760000
 736 2.680000
 737 2.580000
 738 2.480000
 739 2.380000
 740 2.320000
 741 2.230000
 742 2.150000
 743 2.070000
 744 2.030000
 745 2.030000
 746 2.050000
 747 2.030000
 748 2.060000
 749 3.740000
 750 3.740000
 751 3.740000
 752 3.720000
 753 3.720000
 754 3.710000
 755 3.690000
 756 3.710000
 757 3.690000
 758 3.740000
 759 3.770000
 760 3.790000
 0 2.130000
 1 2.090000
 2 2.130000
 3 2.100000
 4 2.100000
 5 2.120000
 6 2.110000
 7 2.110000
 8 2.110000
 9 2.130000
 10 2.090000
 11 2.120000
 12 2.120000
 13 2.100000
 14 2.110000
 15 2.110000
 16 2.110000
 17 2.130000
 18 2.150000
 19 2.160000
 20 2.150000
 21 2.160000
 22 2.150000
 23 2.190000
 24 2.160000
 25 2.150000
 26 2.150000
 27 2.170000
 28 2.150000
 29 2.150000
 30 2.150000
 31 2.190000
 32 2.200000
 33 2.200000
 34 2.200000
 35 2.160000
 36 2.180000
 37 2.190000
 38 2.200000
 39 2.300000
 40 2.230000
 41 2.140000
 42 2.150000
 43 2.170000
 44 2.150000
 45 2.210000
 46 2.200000
 47 2.230000
 48 2.190000
 49 2.200000
 50 2.210000
 51 2.190000
 52 2.200000
 53 2.210000
 54 2.240000
 55 2.250000
 56 2.250000
 57 2.240000
 58 2.240000
 59 2.210000
 60 2.210000
 61 2.200000
 62 2.220000
 63 2.240000
 64 2.250000
 65 2.250000
 66 2.250000
 67 2.290000
 68 2.300000
 69 2.300000
 70 2.290000
 71 2.280000
 72 2.250000
 73 2.260000
 74 2.260000
 75 2.290000
 76 2.300000
 77 2.320000
 78 2.320000
 79 2.290000
 80 2.300000
 81 2.300000
 82 2.330000
 83 2.410000
 84 2.340000
 85 2.300000
 86 2.300000
 87 2.300000
 88 2.310000
 89 2.340000
 90 2.370000
 91 2.350000
 92 2.360000
 93 2.380000
 94 2.380000
 95 2.390000
 96 2.390000
 97 2.400000
 98 2.390000
 99 2.390000
 100 2.390000
 101 2.360000
 102 2.400000
 103 2.370000
 104 2.390000
 105 2.420000
 106 2.400000
 107 2.420000
 108 2.510000
 109 2.480000
 110 2.450000
 111 3.410000
 112 3.420000
 113 3.580000
 114 3.570000
 115 3.520000
 116 3.550000
 117 3.560000
 118 3.480000
 119 3.460000
 120 3.480000
 121 3.460000
 122 3.480000
 123 3.500000
 124 3.510000
 125 3.530000
 126 3.530000
 127 3.560000
 128 3.660000
 129 3.560000
 130 3.560000
 131 3.660000
 132 3.670000
 133 3.610000
 134 3.700000
 135 3.680000
 136 3.710000
 137 3.700000
 138 3.750000
 139 3.830000
 140 3.800000
 141 3.800000
 142 3.840000
 143 3.820000
 144 3.820000
 145 3.800000
 146 3.800000
 147 3.830000
 148 3.840000
 149 3.850000
 150 3.860000
 151 3.880000
 152 3.880000
 153 3.890000
 154 3.930000
 155 3.920000
 156 3.920000
 157 3.970000
 158 4.030000
 159 4.040000
 160 4.060000
 161 4.040000
 162 4.040000
 163 4.110000
 164 4.030000
 165 4.140000
 166 2.140000
 167 2.130000
 168 2.120000
 169 2.090000
 170 2.100000
 171 2.100000
 172 2.100000
 173 2.100000
 174 2.100000
 175 2.090000
 176 2.060000
 177 2.080000
 178 2.080000
 179 1.190000
 180 1.230000
 181 1.230000
 182 2.080000
 183 2.080000
 184 2.080000
 185 2.070000
 186 2.090000
 187 2.070000
 188 2.060000
 189 2.060000
 190 2.070000
 191 2.070000
 192 2.070000
 193 2.070000
 194 2.070000
 195 2.060000
 196 2.070000
 197 2.050000
 198 2.060000
 199 2.060000
 200 2.050000
 201 2.060000
 202 2.060000
 203 2.060000
 204 2.060000
 205 2.030000
 206 2.070000
 207 2.100000
 208 2.170000
 209 4.850000
 210 5.010000
 211 4.970000
 212 4.990000
 213 4.950000
 214 4.980000
 215 4.980000
 216 4.910000
 217 4.910000
 218 4.870000
 219 4.840000
 220 4.840000
 221 4.830000
 222 4.810000
 223 4.810000
 224 4.780000
 225 4.760000
 226 4.760000
 227 4.680000
 228 4.660000
 229 4.630000
 230 4.660000
 231 4.620000
 232 4.620000
 233 4.590000
 234 4.600000
 235 4.660000
 236 4.620000
 237 4.630000
 238 4.710000
 239 4.560000
 240 4.620000
 241 4.860000
 242 4.520000
 243 4.510000
 244 5.190000
 245 5.190000
 246 5.210000
 247 5.100000
 248 5.100000
 249 5.180000
 250 5.210000
 251 5.200000
 252 5.190000
 253 5.160000
 254 5.160000
 255 5.160000
 256 5.160000
 257 4.660000
 258 4.380000
 259 4.390000
 260 4.370000
 261 4.400000
 262 4.390000
 263 4.380000
 264 4.380000
 265 4.390000
 266 4.310000
 267 4.380000
 268 4.360000
 269 4.380000
 270 4.330000
 271 4.340000
 272 4.290000
 273 4.290000
 274 4.290000
 275 4.290000
 276 4.310000
 277 4.290000
 278 4.320000
 279 4.350000
 280 4.330000
 281 4.230000
 282 4.230000
 283 4.260000
 284 4.260000
 285 4.350000
 286 4.230000
 287 4.310000
 288 4.310000
 289 4.310000
 290 4.310000
 291 4.310000
 292 4.310000
 293 4.290000
 294 1.600000
 295 1.610000
 296 1.590000
 297 1.590000
 298 1.560000
 299 1.570000
 300 1.550000
 301 1.540000
 302 1.520000
 303 1.520000
 304 1.520000
 305 1.500000
 306 1.470000
 307 1.500000
 308 1.470000
 309 1.470000
 310 1.440000
 311 1.450000
 312 1.420000
 313 1.400000
 314 1.400000
 315 1.400000
 316 1.400000
 317 1.370000
 318 1.370000
 319 1.370000
 320 1.350000
 321 1.350000
 322 1.320000
 323 1.320000
 324 1.320000
 325 1.300000
 326 1.300000
 327 1.300000
 328 1.300000
 329 1.270000
 330 1.270000
 331 1.250000
 332 1.280000
 333 1.250000
 334 1.250000
 335 1.250000
 336 1.230000
 337 1.230000
 338 1.230000
 339 1.230000
 340 1.200000
 341 1.200000
 342 1.180000
 343 1.180000
 344 1.180000
 345 1.180000
 346 1.180000
 347 1.180000
 348 1.150000
 349 1.150000
 350 1.150000
 351 1.150000
 352 1.130000
 353 1.130000
 354 1.100000
 355 1.020000
 356 0.890000
 357 0.870000
 358 0.890000
 359 0.920000
 360 0.920000
 361 0.900000
 362 0.930000
 363 0.950000
 364 0.940000
 365 0.910000
 366 0.920000
 367 0.960000
 368 1.050000
 369 1.050000
 370 1.050000
 371 1.050000
 372 1.030000
 373 1.050000
 374 1.030000
 375 1.040000
 376 1.010000
 377 1.040000
 378 1.010000
 379 1.010000
 380 1.010000
 381 1.000000
 382 1.000000
 383 1.000000
 384 0.980000
 385 1.000000
 386 0.980000
 387 0.980000
 388 0.980000
 389 0.980000
 390 0.980000
 391 0.980000
 392 0.950000
 393 0.950000
 394 0.950000
 395 0.950000
 396 0.950000
 397 0.950000
 398 0.930000
 399 0.930000
 400 0.950000
 401 0.930000
 402 0.930000
 403 0.930000
 404 0.930000
 405 0.930000
 406 0.930000
 407 0.930000
 408 0.900000
 409 0.930000
 410 0.900000
 411 0.900000
 412 0.900000
 413 0.900000
 414 0.900000
 415 0.900000
 416 0.880000
 417 0.900000
 418 0.880000
 419 0.900000
 420 0.880000
 421 0.900000
 422 0.880000
 423 0.880000
 424 0.880000
 425 0.880000
 426 0.880000
 427 0.880000
 428 0.880000
 429 0.880000
 430 0.880000
 431 0.880000
 432 0.880000
 433 0.850000
 434 0.850000
 435 0.850000
 436 0.850000
 437 0.850000
 438 0.850000
 439 0.850000
 440 0.850000
 441 0.850000
 442 0.850000
 443 0.830000
 444 0.830000
 445 0.850000
 446 0.830000
 447 0.830000
 448 0.830000
 449 0.830000
 450 0.850000
 451 0.830000
 452 0.830000
 453 0.830000
 454 0.830000
 455 0.830000
 456 0.830000
 457 0.830000
 458 0.830000
 459 0.800000
 460 0.800000
 461 0.800000
 462 0.800000
 463 0.830000
 464 0.800000
 465 0.800000
 466 0.800000
 467 0.800000
 468 0.800000
 469 0.800000
 470 0.800000
 471 0.800000
 472 0.800000
 473 0.810000
 474 0.810000
 475 0.790000
 476 0.810000
 477 0.790000
 478 0.800000
 479 0.830000
 480 0.830000
 481 0.850000
 482 0.850000
 483 0.850000
 484 0.880000
 485 0.890000
 486 0.900000
 487 1.050000
 488 2.100000
 489 2.130000
 490 2.130000
 491 2.150000
 492 2.150000
 493 2.180000
 494 2.190000
 495 2.220000
 496 2.190000
 497 2.220000
 498 2.220000
 499 2.220000
 500 2.220000
 501 2.220000
 502 2.220000
 503 2.220000
 504 2.220000
 505 2.250000
 506 2.270000
 507 2.240000
 508 2.270000
 509 2.270000
 510 2.270000
 511 2.240000
 512 2.270000
 513 2.270000
 514 2.270000
 515 2.270000
 516 2.270000
 517 2.270000
 518 2.310000
 519 2.300000
 520 2.310000
 521 2.270000
 522 1.060000
 523 1.040000
 524 2.260000
 525 2.270000
 526 2.230000
 527 1.920000
 528 1.870000
 529 1.830000
 530 1.920000
 531 2.250000
 532 2.350000
 533 2.320000
 534 2.350000
 535 2.360000
 536 2.360000
 537 2.360000
 538 2.330000
 539 2.360000
 540 2.360000
 541 2.400000
 542 1.240000
 543 1.170000
 544 1.110000
 545 1.110000
 546 1.100000
 547 1.090000
 548 1.090000
 549 1.080000
 550 1.070000
 551 1.090000
 552 1.070000
 553 1.080000
 554 1.080000
 555 1.080000
 556 1.100000
 557 1.070000
 558 1.100000
 559 1.060000
 560 1.060000
 561 1.070000
 562 1.060000
 563 1.070000
 564 1.070000
 565 1.060000
 566 1.070000
 567 1.050000
 568 1.080000
 569 1.060000
 570 1.060000
 571 1.090000
 572 1.060000
 573 1.090000
 574 1.070000
 575 1.100000
 576 1.100000
 577 1.100000
 578 1.110000
 579 1.080000
 580 1.110000
 581 1.110000
 582 1.120000
 583 1.120000
 584 1.110000
 585 1.130000
 586 1.160000
 587 1.160000
 588 1.150000
 589 1.150000
 590 1.310000
 591 1.590000
 592 1.560000
 593 1.590000
 594 1.590000
 595 1.610000
 596 1.630000
 597 1.660000
 598 1.660000
 599 1.680000
 600 1.670000
 601 1.700000
 602 1.720000
 603 1.750000
 604 1.770000
 605 1.790000
 606 1.810000
 607 1.860000
 608 1.880000
 609 1.860000
 610 1.910000
 611 2.130000
 612 2.380000
 613 2.380000
 614 2.420000
 615 2.410000
 616 2.390000
 617 2.030000
 618 2.010000
 619 2.030000
 620 2.110000
 621 2.440000
 622 2.460000
 623 2.470000
 624 2.440000
 625 2.470000
 626 2.470000
 627 2.470000
 628 2.470000
 629 2.470000
 630 2.470000
 631 2.470000
 632 2.500000
 633 2.520000
 634 2.520000
 635 2.520000
 636 2.520000
 637 2.520000
 638 2.520000
 639 2.520000
 640 2.520000
 641 2.520000
 642 2.520000
 643 2.540000
 644 2.550000
 645 2.540000
 646 2.550000
 647 2.540000
 648 2.570000
 649 2.570000
 650 2.570000
 651 2.570000
 652 2.570000
 653 2.570000
 654 2.570000
 655 2.590000
 656 2.570000
 657 2.590000
 658 2.590000
 659 2.600000
 660 2.620000
 661 2.600000
 662 2.600000
 663 2.620000
 664 2.590000
 665 2.620000
 666 2.650000
 667 2.650000
 668 2.650000
 669 2.650000
 670 2.670000
 671 2.650000
 672 2.670000
 673 2.670000
 674 2.670000
 675 2.690000
 676 2.690000
 677 2.720000
 678 2.680000
 679 2.710000
 680 2.710000
 681 2.730000
 682 2.730000
 683 2.730000
 684 2.730000
 685 2.760000
 686 2.760000
 687 2.760000
 688 2.760000
 689 2.790000
 690 2.820000
 691 2.820000
 692 2.820000
 693 2.820000
 694 2.810000
 695 2.830000
 696 2.830000
 697 2.840000
 698 2.870000
 699 1.610000
 700 1.570000
 701 1.590000
 702 1.570000
 703 1.580000
 704 1.580000
 705 1.580000
 706 1.580000
 707 1.590000
 708 1.560000
 709 1.560000
 710 1.570000
 711 1.570000
 712 1.540000
 713 1.550000
 714 3.050000
 715 3.050000
 716 3.080000
 717 3.080000
 718 3.090000
 719 3.130000
 720 3.140000
 721 3.140000
 722 3.170000
 723 3.180000
 724 1.500000
 725 1.510000
 726 1.510000
 727 1.510000
 728 1.490000
 729 3.280000
 730 3.290000
 731 3.290000
 732 3.290000
 733 3.320000
 734 3.340000
 735 2.760000
 736 2.680000
 737 2.580000
 738 2.510000
 739 2.380000
 740 2.320000
 741 2.230000
 742 2.170000
 743 2.100000
 744 2.030000
 745 2.060000
 746 2.050000
 747 2.060000
 748 2.090000
 749 3.740000
 750 3.740000
 751 3.740000
 752 3.750000
 753 3.740000
 754 3.690000
 755 3.690000
 756 3.690000
 757 3.710000
 758 3.740000
 759 3.770000
 760 3.810000
 0 2.120000
 1 2.100000
 2 2.100000
 3 2.100000
 4 2.100000
 5 2.120000
 6 2.110000
 7 2.110000
 8 2.110000
 9 2.130000
 10 2.110000
 11 2.120000
 12 2.100000
 13 2.120000
 14 2.110000
 15 2.110000
 16 2.110000
 17 2.110000
 18 2.150000
 19 2.160000
 20 2.160000
 21 2.190000
 22 2.180000
 23 2.190000
 24 2.190000
 25 2.150000
 26 2.150000
 27 2.150000
 28 2.150000
 29 2.150000
 30 2.150000
 31 2.160000
 32 2.200000
 33 2.200000
 34 2.200000
 35 2.160000
 36 2.190000
 37 2.190000
 38 2.180000
 39 2.280000
 40 2.240000
 41 2.140000
 42 2.170000
 43 2.180000
 44 2.150000
 45 2.210000
 46 2.200000
 47 2.230000
 48 2.220000
 49 2.200000
 50 2.190000
 51 2.200000
 52 2.230000
 53 2.190000
 54 2.240000
 55 2.250000
 56 2.250000
 57 2.240000
 58 2.210000
 59 2.210000
 60 2.200000
 61 2.200000
 62 2.200000
 63 2.210000
 64 2.250000
 65 2.250000
 66 2.280000
 67 2.260000
 68 2.280000
 69 2.300000
 70 2.290000
 71 2.300000
 72 2.280000
 73 2.260000
 74 2.290000
 75 2.290000
 76 2.320000
 77 2.320000
 78 2.300000
 79 2.290000
 80 2.330000
 81 2.300000
 82 2.330000
 83 2.410000
 84 2.350000
 85 2.300000
 86 2.320000
 87 2.300000
 88 2.310000
 89 2.340000
 90 2.350000
 91 2.370000
 92 2.360000
 93 2.350000
 94 2.350000
 95 2.390000
 96 2.400000
 97 2.380000
 98 2.390000
 99 2.360000
 100 2.390000
 101 2.360000
 102 2.370000
 103 2.370000
 104 2.390000
 105 2.400000
 106 2.400000
 107 2.410000
 108 2.510000
 109 2.460000
 110 2.450000
 111 3.410000
 112 3.420000
 113 3.580000
 114 3.550000
 115 3.550000
 116 3.550000
 117 3.560000
 118 3.480000
 119 3.480000
 120 3.460000
 121 3.460000
 122 3.480000
 123 3.510000
 124 3.530000
 125 3.530000
 126 3.510000
 127 3.510000
 128 3.620000
 129 3.530000
 130 3.560000
 131 3.560000
 132 3.670000
 133 3.610000
 134 3.660000
 135 3.670000
 136 3.690000
 137 3.730000
 138 3.730000
 139 3.830000
 140 3.790000
 141 3.800000
 142 3.820000
 143 3.820000
 144 3.820000
 145 3.830000
 146 3.800000
 147 3.830000
 148 3.830000
 149 3.850000
 150 3.900000
 151 3.880000
 152 3.900000
 153 3.900000
 154 3.920000
 155 3.930000
 156 3.930000
 157 3.960000
 158 4.010000
 159 4.070000
 160 4.060000
 161 4.050000
 162 4.070000
 163 4.140000
 164 4.030000
 165 4.160000
 166 2.090000
 167 2.130000
 168 2.110000
 169 2.080000
 170 2.100000
 171 2.100000
 172 2.100000
 173 2.100000
 174 2.070000
 175 2.060000
 176 2.090000
 177 2.090000
 178 2.080000
 179 1.210000
 180 1.230000
 181 1.260000
 182 2.100000
 183 2.090000
 184 2.060000
 185 2.070000
 186 2.060000
 187 2.080000
 188 2.080000
 189 2.050000
 190 2.040000
 191 2.070000
 192 2.070000
 193 2.070000
 194 2.060000
 195 2.060000
 196 2.050000
 197 2.070000
 198 2.040000
 199 2.060000
 200 2.050000
 201 2.060000
 202 2.030000
 203 2.060000
 204 2.060000
 205 2.060000
 206 2.070000
 207 2.100000
 208 2.170000
 209 4.850000
 210 5.010000
 211 4.980000
 212 4.960000
 213 4.950000
 214 4.980000
 215 4.960000
 216 4.910000
 217 4.910000
 218 4.870000
 219 4.870000
 220 4.830000
 221 4.830000
 222 4.810000
 223 4.800000
 224 4.780000
 225 4.760000
 226 4.760000
 227 4.660000
 228 4.630000
 229 4.630000
 230 4.620000
 231 4.650000
 232 4.590000
 233 4.620000
 234 4.570000
 235 4.660000
 236 4.620000
 237 4.610000
 238 4.710000
 239 4.560000
 240 4.590000
 241 4.860000
 242 4.520000
 243 4.510000
 244 4.990000
 245 5.190000
 246 5.210000
 247 5.100000
 248 5.100000
 249 5.180000
 250 5.210000
 251 5.210000
 252 5.200000
 253 5.200000
 254 5.190000
 255 5.160000
 256 5.140000
 257 4.600000
 258 4.380000
 259 4.390000
 260 4.370000
 261 4.400000
 262 4.390000
 263 4.380000
 264 4.410000
 265 4.410000
 266 4.310000
 267 4.380000
 268 4.360000
 269 4.360000
 270 4.330000
 271 4.340000
 272 4.310000
 273 4.320000
 274 4.290000
 275 4.290000
 276 4.280000
 277 4.320000
 278 4.320000
 279 4.320000
 280 4.330000
 281 4.210000
 282 4.230000
 283 4.230000
 284 4.260000
 285 4.350000
 286 4.230000
 287 4.340000
 288 4.340000
 289 4.310000
 290 4.310000
 291 4.310000
 292 4.300000
 293 4.290000
 294 1.590000
 295 1.610000
 296 1.590000
 297 1.590000
 298 1.570000
 299 1.570000
 300 1.550000
 301 1.550000
 302 1.550000
 303 1.520000
 304 1.520000
 305 1.500000
 306 1.500000
 307 1.470000
 308 1.470000
 309 1.470000
 310 1.450000
 311 1.420000
 312 1.400000
 313 1.420000
 314 1.400000
 315 1.400000
 316 1.370000
 317 1.400000
 318 1.350000
 319 1.350000
 320 1.370000
 321 1.350000
 322 1.330000
 323 1.320000
 324 1.320000
 325 1.300000
 326 1.300000
 327 1.300000
 328 1.280000
 329 1.280000
 330 1.280000
 331 1.280000
 332 1.280000
 333 1.250000
 334 1.250000
 335 1.230000
 336 1.230000
 337 1.230000
 338 1.200000
 339 1.200000
 340 1.200000
 341 1.200000
 342 1.200000
 343 1.200000
 344 1.180000
 345 1.180000
 346 1.180000
 347 1.150000
 348 1.180000
 349 1.130000
 350 1.150000
 351 1.150000
 352 1.130000
 353 1.130000
 354 1.100000
 355 1.000000
 356 0.890000
 357 0.880000
 358 0.890000
 359 0.920000
 360 0.900000
 361 0.910000
 362 0.930000
 363 0.970000
 364 0.970000
 365 0.910000
 366 0.900000
 367 0.960000
 368 1.080000
 369 1.050000
 370 1.050000
 371 1.050000
 372 1.030000
 373 1.050000
 374 1.030000
 375 1.040000
 376 1.010000
 377 1.040000
 378 1.010000
 379 1.010000
 380 1.010000
 381 1.000000
 382 0.980000
 383 1.000000
 384 1.000000
 385 0.980000
 386 1.000000
 387 1.000000
 388 0.980000
 389 0.950000
 390 0.980000
 391 0.980000
 392 0.980000
 393 0.980000
 394 0.950000
 395 0.950000
 396 0.950000
 397 0.950000
 398 0.950000
 399 0.950000
 400 0.950000
 401 0.930000
 402 0.930000
 403 0.930000
 404 0.930000
 405 0.930000
 406 0.930000
 407 0.930000
 408 0.900000
 409 0.930000
 410 0.930000
 411 0.900000
 412 0.900000
 413 0.900000
 414 0.900000
 415 0.880000
 416 0.900000
 417 0.880000
 418 0.900000
 419 0.880000
 420 0.880000
 421 0.880000
 422 0.880000
 423 0.880000
 424 0.880000
 425 0.880000
 426 0.880000
 427 0.880000
 428 0.880000
 429 0.880000
 430 0.880000
 431 0.880000
 432 0.850000
 433 0.880000
 434 0.850000
 435 0.850000
 436 0.850000
 437 0.850000
 438 0.850000
 439 0.850000
 440 0.850000
 441 0.830000
 442 0.850000
 443 0.830000
 444 0.850000
 445 0.830000
 446 0.850000
 447 0.830000
 448 0.850000
 449 0.850000
 450 0.830000
 451 0.830000
 452 0.830000
 453 0.830000
 454 0.800000
 455 0.830000
 456 0.800000
 457 0.830000
 458 0.830000
 459 0.830000
 460 0.800000
 461 0.800000
 462 0.800000
 463 0.800000
 464 0.800000
 465 0.800000
 466 0.800000
 467 0.800000
 468 0.830000
 469 0.800000
 470 0.800000
 471 0.800000
 472 0.780000
 473 0.810000
 474 0.790000
 475 0.810000
 476 0.810000
 477 0.790000
 478 0.800000
 479 0.830000
 480 0.830000
 481 0.850000
 482 0.850000
 483 0.880000
 484 0.880000
 485 0.890000
 486 0.900000
 487 1.020000
 488 2.100000
 489 2.130000
 490 2.130000
 491 2.150000
 492 2.150000
 493 2.150000
 494 2.160000
 495 2.190000
 496 2.210000
 497 2.220000
 498 2.220000
 499 2.220000
 500 2.220000
 501 2.220000
 502 2.220000
 503 2.250000
 504 2.250000
 505 2.270000
 506 2.220000
 507 2.270000
 508 2.270000
 509 2.270000
 510 2.250000
 511 2.270000
 512 2.250000
 513 2.270000
 514 2.270000
 515 2.250000
 516 2.280000
 517 2.280000
 518 2.310000
 519 2.300000
 520 2.290000
 521 2.270000
 522 1.060000
 523 1.070000
 524 2.280000
 525 2.270000
 526 2.240000
 527 1.920000
 528 1.850000
 529 1.830000
 530 1.920000
 531 2.240000
 532 2.320000
 533 2.320000
 534 2.330000
 535 2.330000
 536 2.330000
 537 2.330000
 538 2.330000
 539 2.360000
 540 2.360000
 541 2.400000
 542 1.230000
 543 1.180000
 544 1.110000
 545 1.110000
 546 1.070000
 547 1.100000
 548 1.090000
 549 1.080000
 550 1.070000
 551 1.060000
 552 1.070000
 553 1.100000
 554 1.050000
 555 1.080000
 556 1.070000
 557 1.080000
 558 1.070000
 559 1.080000
 560 1.060000
 561 1.070000
 562 1.060000
 563 1.070000
 564 1.070000
 565 1.080000
 566 1.090000
 567 1.090000
 568 1.100000
 569 1.080000
 570 1.110000
 571 1.060000
 572 1.110000
 573 1.070000
 574 1.100000
 575 1.100000
 576 1.070000
 577 1.110000
 578 1.110000
 579 1.110000
 580 1.110000
 581 1.110000
 582 1.100000
 583 1.120000
 584 1.130000
 585 1.130000
 586 1.130000
 587 1.130000
 588 1.120000
 589 1.120000
 590 1.300000
 591 1.560000
 592 1.560000
 593 1.590000
 594 1.610000
 595 1.610000
 596 1.610000
 597 1.630000
 598 1.660000
 599 1.680000
 600 1.670000
 601 1.670000
 602 1.720000
 603 1.750000
 604 1.740000
 605 1.790000
 606 1.820000
 607 1.830000
 608 1.860000
 609 1.830000
 610 1.910000
 611 2.130000
 612 2.380000
 613 2.380000
 614 2.410000
 615 2.420000
 616 2.390000
 617 2.070000
 618 2.010000
 619 2.030000
 620 2.110000
 621 2.450000
 622 2.470000
 623 2.440000
 624 2.470000
 625 2.440000
 626 2.470000
 627 2.440000
 628 2.470000
 629 2.470000
 630 2.490000
 631 2.470000
 632 2.500000
 633 2.500000
 634 2.520000
 635 2.520000
 636 2.500000
 637 2.520000
 638 2.520000
 639 2.520000
 640 2.550000
 641 2.520000
 642 2.520000
 643 2.570000
 644 2.570000
 645 2.550000
 646 2.550000
 647 2.570000
 648 2.540000
 649 2.540000
 650 2.570000
 651 2.570000
 652 2.570000
 653 2.570000
 654 2.570000
 655 2.590000
 656 2.590000
 657 2.570000
 658 2.590000
 659 2.600000
 660 2.620000
 661 2.620000
 662 2.600000
 663 2.620000
 664 2.650000
 665 2.620000
 666 2.650000
 667 2.650000
 668 2.670000
 669 2.670000
 670 2.650000
 671 2.650000
 672 2.670000
 673 2.670000
 674 2.700000
 675 2.700000
 676 2.700000
 677 2.690000
 678 2.690000
 679 2.710000
 680 2.730000
 681 2.730000
 682 2.730000
 683 2.760000
 684 2.760000
 685 2.770000
 686 2.760000
 687 2.760000
 688 2.790000
 689 2.770000
 690 2.790000
 691 2.790000
 692 2.820000
 693 2.820000
 694 2.830000
 695 2.830000
 696 2.830000
 697 2.830000
 698 2.870000
 699 1.620000
 700 1.570000
 701 1.560000
 702 1.570000
 703 1.580000
 704 1.580000
 705 1.550000
 706 1.590000
 707 1.590000
 708 1.560000
 709 1.560000
 710 1.570000
 711 1.540000
 712 1.540000
 713 1.530000
 714 3.050000
 715 3.050000
 716 3.080000
 717 3.090000
 718 3.130000
 719 3.120000
 720 3.120000
 721 3.170000
 722 3.160000
 723 3.180000
 724 1.510000
 725 1.510000
 726 1.510000
 727 1.510000
 728 1.510000
 729 3.280000
 730 3.290000
 731 3.290000
 732 3.330000
 733 3.340000
 734 3.330000
 735 2.790000
 736 2.700000
 737 2.580000
 738 2.510000
 739 2.380000
 740 2.320000
 741 2.230000
 742 2.170000
 743 2.080000
 744 2.030000
 745 2.030000
 746 2.050000
 747 2.030000
 748 2.090000
 749 3.740000
 750 3.740000
 751 3.740000
 752 3.740000
 753 3.720000
 754 3.710000
 755 3.690000
 756 3.690000
 757 3.720000
 758 3.740000
 759 3.770000
 760 3.810000
 0 2.120000
 1 2.100000
 2 2.120000
 3 2.100000
 4 2.100000
 5 2.120000
 6 2.110000
 7 2.110000
 8 2.130000
 9 2.110000
 10 2.110000
 11 2.120000
 12 2.100000
 13 2.120000
 14 2.110000
 15 2.110000
 16 2.110000
 17 2.130000
 18 2.150000
 19 2.160000
 20 2.150000
 21 2.160000
 22 2.180000
 23 2.190000
 24 2.160000
 25 2.150000
 26 2.150000
 27 2.150000
 28 2.150000
 29 2.150000
 30 2.150000
 31 2.190000
 32 2.200000
 33 2.200000
 34 2.200000
 35 2.190000
 36 2.150000
 37 2.190000
 38 2.180000
 39 2.300000
 40 2.230000
 41 2.140000
 42 2.150000
 43 2.150000
 44 2.180000
 45 2.210000
 46 2.230000
 47 2.230000
 48 2.190000
 49 2.200000
 50 2.190000
 51 2.200000
 52 2.200000
 53 2.220000
 54 2.240000
 55 2.220000
 56 2.250000
 57 2.240000
 58 2.210000
 59 2.210000
 60 2.200000
 61 2.200000
 62 2.220000
 63 2.240000
 64 2.250000
 65 2.250000
 66 2.280000
 67 2.260000
 68 2.300000
 69 2.270000
 70 2.290000
 71 2.280000
 72 2.280000
 73 2.260000
 74 2.260000
 75 2.290000
 76 2.320000
 77 2.320000
 78 2.320000
 79 2.310000
 80 2.300000
 81 2.330000
 82 2.350000
 83 2.410000
 84 2.360000
 85 2.280000
 86 2.300000
 87 2.300000
 88 2.310000
 89 2.360000
 90 2.350000
 91 2.370000
 92 2.390000
 93 2.350000
 94 2.380000
 95 2.390000
 96 2.400000
 97 2.400000
 98 2.390000
 99 2.360000
 100 2.360000
 101 2.360000
 102 2.370000
 103 2.400000
 104 2.390000
 105 2.420000
 106 2.400000
 107 2.410000
 108 2.480000
 109 2.480000
 110 2.450000
 111 3.410000
 112 3.420000
 113 3.580000
 114 3.570000
 115 3.520000
 116 3.550000
 117 3.560000
 118 3.460000
 119 3.460000
 120 3.480000
 121 3.480000
 122 3.480000
 123 3.530000
 124 3.530000
 125 3.530000
 126 3.530000
 127 3.530000
 128 3.630000
 129 3.560000
 130 3.560000
 131 3.560000
 132 3.690000
 133 3.580000
 134 3.660000
 135 3.700000
 136 3.710000
 137 3.730000
 138 3.760000
 139 3.810000
 140 3.830000
 141 3.830000
 142 3.820000
 143 3.820000
 144 3.820000
 145 3.830000
 146 3.830000
 147 3.800000
 148 3.850000
 149 3.850000
 150 3.880000
 151 3.880000
 152 3.880000
 153 3.900000
 154 3.930000
 155 3.940000
 156 3.950000
 157 3.960000
 158 4.010000
 159 3.930000
 160 4.060000
 161 4.040000
 162 4.040000
 163 4.110000
 164 4.010000
 165 4.160000
 166 2.110000
 167 2.110000
 168 2.110000
 169 2.120000
 170 2.100000
 171 2.090000
 172 2.080000
 173 2.080000
 174 2.100000
 175 2.080000
 176 2.090000
 177 2.080000
 178 2.070000
 179 1.210000
 180 1.230000
 181 1.230000
 182 2.060000
 183 2.070000
 184 2.070000
 185 2.060000
 186 2.090000
 187 2.090000
 188 2.080000
 189 2.050000
 190 2.080000
 191 2.070000
 192 2.070000
 193 2.070000
 194 2.060000
 195 2.060000
 196 2.050000
 197 2.070000
 198 2.060000
 199 2.060000
 200 2.050000
 201 2.060000
 202 2.060000
 203 2.060000
 204 2.030000
 205 2.060000
 206 2.070000
 207 2.100000
 208 2.190000
 209 4.850000
 210 4.980000
 211 5.000000
 212 4.990000
 213 4.920000
 214 4.960000
 215 4.960000
 216 4.930000
 217 4.880000
 218 4.850000
 219 4.870000
 220 4.830000
 221 4.830000
 222 4.780000
 223 4.810000
 224 4.780000
 225 4.760000
 226 4.760000
 227 4.680000
 228 4.660000
 229 4.630000
 230 4.660000
 231 4.620000
 232 4.590000
 233 4.570000
 234 4.600000
 235 4.640000
 236 4.650000
 237 4.630000
 238 4.730000
 239 4.590000
 240 4.590000
 241 4.890000
 242 4.520000
 243 4.510000
 244 5.010000
 245 4.940000
 246 5.210000
 247 5.100000
 248 5.100000
 249 5.180000
 250 5.210000
 251 5.220000
 252 5.220000
 253 5.220000
 254 5.190000
 255 5.170000
 256 5.160000
 257 4.600000
 258 4.380000
 259 4.410000
 260 4.390000
 261 4.400000
 262 4.390000
 263 4.380000
 264 4.410000
 265 4.410000
 266 4.310000
 267 4.380000
 268 4.360000
 269 4.380000
 270 4.360000
 271 4.340000
 272 4.320000
 273 4.320000
 274 4.330000
 275 4.290000
 276 4.280000
 277 4.320000
 278 4.320000
 279 4.350000
 280 4.360000
 281 4.230000
 282 4.230000
 283 4.260000
 284 4.260000
 285 4.210000
 286 4.260000
 287 4.310000
 288 4.340000
 289 4.310000
 290 4.310000
 291 4.310000
 292 4.300000
 293 4.290000
 294 1.590000
 295 1.610000
 296 1.590000
 297 1.560000
 298 1.560000
 299 1.560000
 300 1.550000
 301 1.550000
 302 1.520000
 303 1.520000
 304 1.520000
 305 1.500000
 306 1.470000
 307 1.470000
 308 1.470000
 309 1.450000
 310 1.470000
 311 1.450000
 312 1.420000
 313 1.420000
 314 1.400000
 315 1.400000
 316 1.400000
 317 1.370000
 318 1.370000
 319 1.370000
 320 1.350000
 321 1.350000
 322 1.320000
 323 1.300000
 324 1.300000
 325 1.300000
 326 1.320000
 327 1.270000
 328 1.280000
 329 1.280000
 330 1.280000
 331 1.250000
 332 1.280000
 333 1.280000
 334 1.250000
 335 1.250000
 336 1.250000
 337 1.230000
 338 1.200000
 339 1.230000
 340 1.200000
 341 1.200000
 342 1.180000
 343 1.200000
 344 1.180000
 345 1.180000
 346 1.150000
 347 1.150000
 348 1.150000
 349 1.150000
 350 1.150000
 351 1.150000
 352 1.130000
 353 1.130000
 354 1.100000
 355 1.000000
 356 0.890000
 357 0.870000
 358 0.920000
 359 0.920000
 360 0.900000
 361 0.910000
 362 0.930000
 363 0.950000
 364 0.940000
 365 0.930000
 366 0.920000
 367 0.990000
 368 1.080000
 369 1.050000
 370 1.050000
 371 1.050000
 372 1.030000
 373 1.030000
 374 1.030000
 375 1.040000
 376 1.010000
 377 1.010000
 378 1.040000
 379 1.010000
 380 1.010000
 381 0.980000
 382 0.980000
 383 1.000000
 384 0.980000
 385 1.000000
 386 0.980000
 387 0.980000
 388 0.980000
 389 0.950000
 390 0.980000
 391 0.950000
 392 0.980000
 393 0.980000
 394 0.950000
 395 0.950000
 396 0.950000
 397 0.950000
 398 0.950000
 399 0.950000
 400 0.930000
 401 0.930000
 402 0.950000
 403 0.930000
 404 0.930000
 405 0.930000
 406 0.930000
 407 0.930000
 408 0.930000
 409 0.930000
 410 0.900000
 411 0.930000
 412 0.900000
 413 0.900000
 414 0.900000
 415 0.900000
 416 0.900000
 417 0.900000
 418 0.900000
 419 0.880000
 420 0.900000
 421 0.900000
 422 0.880000
 423 0.900000
 424 0.880000
 425 0.880000
 426 0.880000
 427 0.880000
 428 0.850000
 429 0.850000
 430 0.850000
 431 0.880000
 432 0.850000
 433 0.850000
 434 0.850000
 435 0.850000
 436 0.850000
 437 0.850000
 438 0.850000
 439 0.850000
 440 0.850000
 441 0.850000
 442 0.830000
 443 0.830000
 444 0.830000
 445 0.850000
 446 0.830000
 447 0.830000
 448 0.830000
 449 0.830000
 450 0.830000
 451 0.830000
 452 0.830000
 453 0.830000
 454 0.830000
 455 0.830000
 456 0.830000
 457 0.800000
 458 0.830000
 459 0.810000
 460 0.800000
 461 0.830000
 462 0.800000
 463 0.800000
 464 0.800000
 465 0.800000
 466 0.800000
 467 0.800000
 468 0.830000
 469 0.800000
 470 0.800000
 471 0.800000
 472 0.800000
 473 0.790000
 474 0.790000
 475 0.810000
 476 0.790000
 477 0.810000
 478 0.780000
 479 0.800000
 480 0.830000
 481 0.850000
 482 0.850000
 483 0.850000
 484 0.900000
 485 0.910000
 486 0.900000
 487 1.020000
 488 2.130000
 489 2.130000
 490 2.130000
 491 2.130000
 492 2.150000
 493 2.150000
 494 2.160000
 495 2.190000
 496 2.210000
 497 2.220000
 498 2.220000
 499 2.220000
 500 2.220000
 501 2.220000
 502 2.250000
 503 2.240000
 504 2.240000
 505 2.250000
 506 2.220000
 507 2.240000
 508 2.270000
 509 2.270000
 510 2.270000
 511 2.250000
 512 2.270000
 513 2.270000
 514 2.270000
 515 2.270000
 516 2.310000
 517 2.310000
 518 2.310000
 519 2.300000
 520 2.310000
 521 2.270000
 522 1.060000
 523 1.070000
 524 2.280000
 525 2.270000
 526 2.230000
 527 1.920000
 528 1.840000
 529 1.860000
 530 1.920000
 531 2.270000
 532 2.320000
 533 2.320000
 534 2.320000
 535 2.330000
 536 2.330000
 537 2.360000
 538 2.330000
 539 2.360000
 540 2.330000
 541 2.370000
 542 1.230000
 543 1.180000
 544 1.110000
 545 1.110000
 546 1.070000
 547 1.090000
 548 1.090000
 549 1.080000
 550 1.070000
 551 1.090000
 552 1.070000
 553 1.080000
 554 1.050000
 555 1.090000
 556 1.070000
 557 1.110000
 558 1.050000
 559 1.060000
 560 1.060000
 561 1.070000
 562 1.060000
 563 1.070000
 564 1.080000
 565 1.080000
 566 1.070000
 567 1.060000
 568 1.080000
 569 1.100000
 570 1.100000
 571 1.100000
 572 1.090000
 573 1.090000
 574 1.080000
 575 1.110000
 576 1.100000
 577 1.100000
 578 1.070000
 579 1.070000
 580 1.080000
 581 1.110000
 582 1.120000
 583 1.120000
 584 1.130000
 585 1.130000
 586 1.160000
 587 1.160000
 588 1.120000
 589 1.120000
 590 1.300000
 591 1.540000
 592 1.560000
 593 1.590000
 594 1.590000
 595 1.610000
 596 1.640000
 597 1.630000
 598 1.660000
 599 1.680000
 600 1.710000
 601 1.700000
 602 1.720000
 603 1.740000
 604 1.790000
 605 1.790000
 606 1.820000
 607 1.830000
 608 1.880000
 609 1.830000
 610 1.910000
 611 2.180000
 612 2.360000
 613 2.410000
 614 2.410000
 615 2.420000
 616 2.340000
 617 2.030000
 618 2.010000
 619 2.020000
 620 2.080000
 621 2.470000
 622 2.440000
 623 2.440000
 624 2.470000
 625 2.470000
 626 2.470000
 627 2.470000
 628 2.470000
 629 2.490000
 630 2.470000
 631 2.470000
 632 2.500000
 633 2.500000
 634 2.500000
 635 2.520000
 636 2.520000
 637 2.520000
 638 2.500000
 639 2.540000
 640 2.520000
 641 2.520000
 642 2.540000
 643 2.520000
 644 2.520000
 645 2.550000
 646 2.550000
 647 2.570000
 648 2.570000
 649 2.570000
 650 2.570000
 651 2.570000
 652 2.570000
 653 2.570000
 654 2.570000
 655 2.590000
 656 2.590000
 657 2.590000
 658 2.590000
 659 2.600000
 660 2.600000
 661 2.620000
 662 2.620000
 663 2.620000
 664 2.620000
 665 2.620000
 666 2.620000
 667 2.650000
 668 2.670000
 669 2.650000
 670 2.650000
 671 2.650000
 672 2.670000
 673 2.700000
 674 2.700000
 675 2.690000
 676 2.720000
 677 2.690000
 678 2.690000
 679 2.720000
 680 2.710000
 681 2.710000
 682 2.760000
 683 2.730000
 684 2.730000
 685 2.760000
 686 2.780000
 687 2.760000
 688 2.780000
 689 2.790000
 690 2.820000
 691 2.820000
 692 2.820000
 693 2.820000
 694 2.830000
 695 2.810000
 696 2.840000
 697 2.840000
 698 2.890000
 699 1.620000
 700 1.570000
 701 1.580000
 702 1.570000
 703 1.580000
 704 1.580000
 705 1.550000
 706 1.590000
 707 1.590000
 708 1.560000
 709 1.560000
 710 1.570000
 711 1.540000
 712 1.580000
 713 1.550000
 714 3.040000
 715 3.040000
 716 3.060000
 717 3.080000
 718 3.100000
 719 3.100000
 720 3.140000
 721 3.140000
 722 3.170000
 723 3.190000
 724 1.500000
 725 1.510000
 726 1.500000
 727 1.480000
 728 1.490000
 729 3.280000
 730 3.290000
 731 3.290000
 732 3.290000
 733 3.290000
 734 3.320000
 735 2.760000
 736 2.710000
 737 2.560000
 738 2.510000
 739 2.380000
 740 2.330000
 741 2.230000
 742 2.170000
 743 2.080000
 744 2.050000
 745 2.030000
 746 2.050000
 747 2.030000
 748 2.090000
 749 3.740000
 750 3.740000
 751 3.750000
 752 3.720000
 753 3.720000
 754 3.720000
 755 3.690000
 756 3.690000
 757 3.690000
 758 3.760000
 759 3.790000
 760 3.810000