
 0 2.130000
 1 2.090000
 2 2.100000
 3 2.100000
 4 2.100000
 5 2.120000
 6 2.110000
 7 2.110000
 8 2.110000
 9 2.110000
 10 2.110000
 11 2.130000
 12 2.100000
 13 2.120000
 14 2.130000
 15 2.140000
 16 2.110000
 17 2.130000
 18 2.150000
 19 2.140000
 20 2.160000
 21 2.160000
 22 2.180000
 23 2.190000
 24 2.160000
 25 2.150000
 26 2.160000
 27 2.150000
 28 2.150000
 29 2.150000
 30 2.140000
 31 2.190000
 32 2.200000
 33 2.200000
 34 2.200000
 35 2.190000
 36 2.200000
 37 2.190000
 38 2.180000
 39 2.270000
 40 2.230000
 41 2.140000
 42 2.150000
 43 2.150000
 44 2.160000
 45 2.190000
 46 2.230000
 47 2.230000
 48 2.250000
 49 2.200000
 50 2.210000
 51 2.220000
 52 2.200000
 53 2.210000
 54 2.250000
 55 2.250000
 56 2.220000
 57 2.240000
 58 2.240000
 59 2.210000
 60 2.200000
 61 2.200000
 62 2.220000
 63 2.240000
 64 2.250000
 65 2.250000
 66 2.250000
 67 2.290000
 68 2.300000
 69 2.270000
 70 2.260000
 71 2.300000
 72 2.280000
 73 2.260000
 74 2.290000
 75 2.290000
 76 2.320000
 77 2.320000
 78 2.320000
 79 2.310000
 80 2.300000
 81 2.300000
 82 2.330000
 83 2.410000
 84 2.340000
 85 2.300000
 86 2.300000
 87 2.300000
 88 2.310000
 89 2.340000
 90 2.370000
 91 2.370000
 92 2.360000
 93 2.380000
 94 2.410000
 95 2.400000
 96 2.400000
 97 2.400000
 98 2.390000
 99 2.390000
 100 2.360000
 101 2.340000
 102 2.370000
 103 2.370000
 104 2.360000
 105 2.410000
 106 2.400000
 107 2.410000
 108 2.510000
 109 2.440000
 110 2.460000
 111 3.430000
 112 3.460000
 113 3.580000
 114 3.550000
 115 3.520000
 116 3.550000
 117 3.550000
 118 3.460000
 119 3.480000
 120 3.480000
 121 3.460000
 122 3.510000
 123 3.480000
 124 3.510000
 125 3.530000
 126 3.560000
 127 3.510000
 128 3.610000
 129 3.640000
 130 3.600000
 131 3.630000
 132 3.680000
 133 3.610000
 134 3.660000
 135 3.680000
 136 3.690000
 137 3.730000
 138 3.760000
 139 3.830000
 140 3.800000
 141 3.830000
 142 3.820000
 143 3.820000
 144 3.820000
 145 3.800000
 146 3.840000
 147 3.830000
 148 3.830000
 149 3.840000
 150 3.890000
 151 3.900000
 152 3.880000
 153 3.930000
 154 3.930000
 155 3.910000
 156 3.940000
 157 3.970000
 158 4.030000
 159 4.040000
 160 4.060000
 161 4.070000
 162 4.070000
 163 4.010000
 164 4.010000
 165 4.030000
 166 4.060000
 167 4.080000
 168 4.080000
 169 4.110000
 170 4.130000
 171 4.130000
 172 4.160000
 173 4.180000
 174 4.180000
 175 4.210000
 176 4.210000
 177 4.230000
 178 4.220000
 179 4.280000
 180 4.280000
 181 4.300000
 182 4.310000
 183 4.330000
 184 4.460000
 185 4.450000
 186 4.410000
 187 4.410000
 188 4.460000
 189 4.140000
 190 4.480000
 191 4.480000
 192 4.460000
 193 4.360000
 194 4.570000
 195 4.560000
 196 4.690000
 197 4.740000
 198 4.740000
 199 4.780000
 200 4.760000
 201 4.730000
 202 4.720000
 203 4.760000
 204 4.760000
 205 4.870000
 206 4.940000
 207 4.950000
 208 4.910000
 209 4.860000
 210 5.010000
 211 4.970000
 212 4.990000
 213 4.950000
 214 4.960000
 215 4.960000
 216 4.930000
 217 4.880000
 218 4.870000
 219 4.870000
 220 4.830000
 221 4.810000
 222 4.780000
 223 4.810000
 224 4.780000
 225 4.760000
 226 4.760000
 227 4.660000
 228 4.680000
 229 4.660000
 230 4.620000
 231 4.620000
 232 4.620000
 233 4.620000
 234 4.600000
 235 4.640000
 236 4.620000
 237 4.640000
 238 4.710000
 239 4.620000
 240 3.000000
 241 3.010000
 242 2.980000
 243 2.950000
 244 2.910000
 245 2.850000
 246 2.820000
 247 2.800000
 248 2.790000
 249 2.740000
 250 2.700000
 251 2.700000
 252 2.700000
 253 2.710000
 254 2.700000
 255 2.710000
 256 2.730000
 257 2.720000
 258 2.750000
 259 2.730000
 260 2.760000
 261 2.760000
 262 2.780000
 263 2.780000
 264 2.780000
 265 2.810000
 266 2.790000
 267 2.810000
 268 2.810000
 269 2.840000
 270 2.840000
 271 2.840000
 272 2.840000
 273 2.840000
 274 2.850000
 275 2.880000
 276 4.260000
 277 1.590000
 278 1.610000
 279 1.580000
 280 1.570000
 281 1.540000
 282 1.360000
 283 1.340000
 284 1.370000
 285 1.390000
 286 1.440000
 287 1.520000
 288 1.430000
 289 1.490000
 290 1.520000
 291 1.580000
 292 1.570000
 293 1.580000
 294 1.580000
 295 1.580000
 296 1.570000
 297 1.570000
 298 1.560000
 299 1.580000
 300 1.610000
 301 1.610000
 302 1.610000
 303 1.620000
 304 1.620000
 305 1.610000
 306 1.680000
 307 1.680000
 308 3.930000
 309 3.900000
 310 3.910000
 311 3.910000
 312 3.880000
 313 3.860000
 314 3.880000
 315 3.870000
 316 3.850000
 317 3.810000
 318 3.250000
 319 3.240000
 320 3.240000
 321 3.240000
 322 3.240000
 323 3.240000
 324 3.230000
 325 3.210000
 326 3.210000
 327 3.210000
 328 3.210000
 329 3.190000
 330 3.210000
 331 3.210000
 332 3.190000
 333 3.190000
 334 3.160000
 335 3.190000
 336 3.190000
 337 2.260000
 338 2.300000
 339 2.230000
 340 2.240000
 341 2.240000
 342 2.240000
 343 2.230000
 344 2.250000
 345 3.130000
 346 3.150000
 347 3.160000
 348 3.130000
 349 3.130000
 350 3.130000
 351 3.130000
 352 3.130000
 353 3.130000
 354 3.130000
 355 3.100000
 356 3.080000
 357 3.070000
 358 3.050000
 359 3.050000
 360 3.050000
 361 3.030000
 362 3.030000
 363 3.020000
 364 3.000000
 365 3.000000
 366 2.960000
 367 2.960000
 368 2.930000
 369 2.930000
 370 2.920000
 371 2.910000
 372 2.910000
 373 2.860000
 374 2.830000
 375 2.800000
 376 2.780000
 377 2.760000
 378 2.710000
 379 2.710000
 380 2.660000
 381 2.680000
 382 2.650000
 383 2.650000
 384 2.590000
 385 2.620000
 386 2.620000
 387 2.600000
 388 2.600000
 389 2.590000
 390 2.570000
 391 2.590000
 392 2.570000
 393 2.590000
 394 2.590000
 395 2.560000
 396 2.570000
 397 2.560000
 398 2.530000
 399 2.560000
 400 2.530000
 401 2.520000
 402 2.510000
 403 2.510000
 404 2.480000
 405 2.470000
 406 2.450000
 407 2.460000
 408 2.430000
 409 2.430000
 410 2.420000
 411 2.400000
 412 2.400000
 413 2.430000
 414 2.410000
 415 2.410000
 416 2.400000
 417 2.400000
 418 2.390000
 419 2.380000
 420 2.360000
 421 2.360000
 422 2.330000
 423 2.330000
 424 2.360000
 425 2.350000
 426 2.320000
 427 2.310000
 428 2.310000
 429 2.330000
 430 2.330000
 431 2.330000
 432 2.310000
 433 2.310000
 434 2.290000
 435 2.280000
 436 2.280000
 437 2.280000
 438 2.280000
 439 2.280000
 440 2.260000
 441 2.260000
 442 2.260000
 443 2.260000
 444 2.260000
 445 2.260000
 446 2.270000
 447 2.270000
 448 2.280000
 449 2.260000
 450 2.250000
 451 2.260000
 452 2.230000
 453 2.240000
 454 2.230000
 455 2.230000
 456 2.230000
 457 2.230000
 458 2.210000
 459 2.230000
 460 2.210000
 461 2.210000
 462 2.220000
 463 2.220000
 464 2.220000
 465 2.210000
 466 2.210000
 467 2.220000
 468 2.180000
 469 2.210000
 470 2.220000
 471 2.180000
 472 2.210000
 473 2.210000
 474 2.190000
 475 2.190000
 476 2.190000
 477 2.190000
 478 2.180000
 479 2.210000
 480 2.170000
 481 2.190000
 482 2.170000
 483 2.190000
 484 2.170000
 485 2.180000
 486 2.180000
 487 2.180000
 488 2.180000
 489 2.210000
 490 2.210000
 491 2.210000
 492 2.230000
 493 2.230000
 494 2.230000
 495 2.230000
 496 2.230000
 497 2.240000
 498 2.240000
 499 2.240000
 500 2.240000
 501 2.270000
 502 2.250000
 503 2.240000
 504 2.270000
 505 2.270000
 506 2.270000
 507 2.300000
 508 2.290000
 509 2.320000
 510 2.290000
 511 2.300000
 512 2.300000
 513 2.310000
 514 2.310000
 515 2.330000
 516 2.330000
 517 2.330000
 518 2.340000
 519 2.360000
 520 2.360000
 521 2.350000
 522 2.120000
 523 2.150000
 524 2.320000
 525 2.320000
 526 2.290000
 527 1.940000
 528 1.850000
 529 1.860000
 530 1.900000
 531 2.350000
 532 2.370000
 533 2.400000
 534 2.380000
 535 2.380000
 536 2.410000
 537 2.410000
 538 2.380000
 539 2.410000
 540 2.390000
 541 2.420000
 542 2.420000
 543 2.420000
 544 2.430000
 545 2.400000
 546 2.400000
 547 2.400000
 548 2.400000
 549 2.380000
 550 2.380000
 551 2.380000
 552 2.350000
 553 2.350000
 554 2.350000
 555 2.330000
 556 2.330000
 557 2.330000
 558 2.310000
 559 2.310000
 560 2.310000
 561 2.290000
 562 2.290000
 563 2.280000
 564 2.280000
 565 2.280000
 566 2.320000
 567 2.280000
 568 2.280000
 569 2.260000
 570 2.340000
 571 2.350000
 572 2.380000
 573 2.400000
 574 2.400000
 575 2.370000
 576 2.390000
 577 2.420000
 578 2.430000
 579 2.430000
 580 2.460000
 581 1.550000
 582 1.550000
 583 1.510000
 584 1.510000
 585 1.520000
 586 1.510000
 587 1.540000
 588 1.540000
 589 1.540000
 590 1.560000
 591 1.560000
 592 1.560000
 593 1.590000
 594 1.590000
 595 1.610000
 596 1.640000
 597 1.630000
 598 1.660000
 599 1.660000
 600 1.680000
 601 1.680000
 602 1.700000
 603 1.750000
 604 1.770000
 605 1.770000
 606 1.800000
 607 1.820000
 608 1.860000
 609 1.880000
 610 1.930000
 611 1.880000
 612 1.920000
 613 2.280000
 614 2.440000
 615 2.470000
 616 2.440000
 617 2.040000
 618 2.010000
 619 2.010000
 620 2.120000
 621 2.490000
 622 2.490000
 623 2.520000
 624 2.490000
 625 2.520000
 626 2.490000
 627 2.520000
 628 2.520000
 629 2.550000
 630 2.550000
 631 2.520000
 632 2.550000
 633 2.550000
 634 2.520000
 635 2.560000
 636 2.570000
 637 2.580000
 638 2.550000
 639 2.570000
 640 2.570000
 641 2.600000
 642 2.600000
 643 2.600000
 644 2.570000
 645 2.590000
 646 2.600000
 647 2.600000
 648 2.600000
 649 2.590000
 650 2.590000
 651 2.620000
 652 2.620000
 653 2.620000
 654 2.640000
 655 2.640000
 656 2.640000
 657 2.620000
 658 2.640000
 659 2.650000
 660 2.650000
 661 2.670000
 662 2.670000
 663 2.650000
 664 2.670000
 665 2.670000
 666 2.710000
 667 2.670000
 668 2.670000
 669 2.700000
 670 2.720000
 671 2.720000
 672 2.740000
 673 2.750000
 674 2.740000
 675 2.740000
 676 2.740000
 677 2.770000
 678 2.790000
 679 2.760000
 680 2.780000
 681 2.780000
 682 2.780000
 683 2.810000
 684 2.810000
 685 2.810000
 686 2.830000
 687 2.830000
 688 2.860000
 689 2.860000
 690 2.870000
 691 2.890000
 692 2.870000
 693 2.880000
 694 2.910000
 695 2.910000
 696 2.910000
 697 2.930000
 698 2.960000
 699 2.960000
 700 2.980000
 701 2.970000
 702 2.970000
 703 3.030000
 704 3.030000
 705 3.030000
 706 3.030000
 707 3.030000
 708 3.060000
 709 3.080000
 710 3.060000
 711 3.080000
 712 3.080000
 713 3.120000
 714 3.120000
 715 3.130000
 716 3.150000
 717 3.170000
 718 3.190000
 719 3.220000
 720 3.190000
 721 3.220000
 722 3.240000
 723 1.510000
 724 1.500000
 725 1.510000
 726 1.490000
 727 1.510000
 728 1.510000
 729 1.510000
 730 1.510000
 731 1.510000
 732 1.530000
 733 1.500000
 734 1.530000
 735 1.510000
 736 1.520000
 737 2.560000
 738 2.510000
 739 2.410000
 740 2.320000
 741 2.230000
 742 2.170000
 743 2.110000
 744 1.510000
 745 1.470000
 746 1.490000
 747 1.480000
 748 1.480000
 749 1.510000
 750 1.510000
 751 3.840000
 752 3.830000
 753 3.820000
 754 3.820000
 755 3.840000
 756 3.870000
 757 3.860000
 758 3.880000
 759 3.920000
 760 3.940000
 0 2.130000
 1 2.110000
 2 2.100000
 3 2.100000
 4 2.100000
 5 2.120000
 6 2.090000
 7 2.110000
 8 2.110000
 9 2.110000
 10 2.130000
 11 2.110000
 12 2.120000
 13 2.100000
 14 2.110000
 15 2.110000
 16 2.110000
 17 2.110000
 18 2.150000
 19 2.140000
 20 2.160000
 21 2.190000
 22 2.180000
 23 2.190000
 24 2.160000
 25 2.150000
 26 2.140000
 27 2.150000
 28 2.150000
 29 2.150000
 30 2.140000
 31 2.190000
 32 2.200000
 33 2.180000
 34 2.200000
 35 2.190000
 36 2.180000
 37 2.190000
 38 2.180000
 39 2.300000
 40 2.240000
 41 2.140000
 42 2.150000
 43 2.180000
 44 2.160000
 45 2.190000
 46 2.230000
 47 2.230000
 48 2.220000
 49 2.200000
 50 2.190000
 51 2.200000
 52 2.200000
 53 2.210000
 54 2.220000
 55 2.250000
 56 2.250000
 57 2.240000
 58 2.210000
 59 2.210000
 60 2.220000
 61 2.220000
 62 2.220000
 63 2.210000
 64 2.250000
 65 2.250000
 66 2.250000
 67 2.260000
 68 2.300000
 69 2.300000
 70 2.290000
 71 2.280000
 72 2.280000
 73 2.260000
 74 2.260000
 75 2.290000
 76 2.320000
 77 2.300000
 78 2.300000
 79 2.310000
 80 2.300000
 81 2.330000
 82 2.330000
 83 2.440000
 84 2.340000
 85 2.300000
 86 2.300000
 87 2.300000
 88 2.310000
 89 2.340000
 90 2.350000
 91 2.370000
 92 2.390000
 93 2.380000
 94 2.390000
 95 2.400000
 96 2.400000
 97 2.380000
 98 2.390000
 99 2.390000
 100 2.390000
 101 2.360000
 102 2.400000
 103 2.400000
 104 2.390000
 105 2.410000
 106 2.400000
 107 2.410000
 108 2.510000
 109 2.470000
 110 2.440000
 111 3.420000
 112 3.460000
 113 3.580000
 114 3.550000
 115 3.520000
 116 3.550000
 117 3.520000
 118 3.430000
 119 3.480000
 120 3.480000
 121 3.480000
 122 3.480000
 123 3.480000
 124 3.510000
 125 3.530000
 126 3.530000
 127 3.530000
 128 3.600000
 129 3.630000
 130 3.600000
 131 3.580000
 132 3.650000
 133 3.620000
 134 3.640000
 135 3.680000
 136 3.710000
 137 3.700000
 138 3.760000
 139 3.830000
 140 3.790000
 141 3.820000
 142 3.790000
 143 3.790000
 144 3.820000
 145 3.830000
 146 3.800000
 147 3.830000
 148 3.850000
 149 3.850000
 150 3.880000
 151 3.880000
 152 3.900000
 153 3.930000
 154 3.920000
 155 3.940000
 156 3.920000
 157 3.970000
 158 4.030000
 159 4.040000
 160 4.060000
 161 4.040000
 162 4.040000
 163 4.110000
 164 4.010000
 165 4.030000
 166 4.060000
 167 4.060000
 168 4.080000
 169 4.110000
 170 4.110000
 171 4.130000
 172 4.160000
 173 4.160000
 174 4.160000
 175 4.210000
 176 4.210000
 177 4.230000
 178 4.250000
 179 4.260000
 180 4.280000
 181 4.270000
 182 4.310000
 183 4.360000
 184 4.450000
 185 4.470000
 186 4.370000
 187 4.410000
 188 4.460000
 189 4.140000
 190 4.460000
 191 4.480000
 192 4.460000
 193 4.380000
 194 4.590000
 195 4.560000
 196 4.690000
 197 4.720000
 198 4.740000
 199 4.770000
 200 4.760000
 201 4.710000
 202 4.720000
 203 4.760000
 204 4.760000
 205 4.890000
 206 4.930000
 207 4.920000
 208 4.880000
 209 4.860000
 210 4.980000
 211 4.980000
 212 4.990000
 213 4.960000
 214 4.960000
 215 4.960000
 216 4.930000
 217 4.910000
 218 4.850000
 219 4.840000
 220 4.830000
 221 4.810000
 222 4.780000
 223 4.780000
 224 4.780000
 225 4.760000
 226 4.730000
 227 4.660000
 228 4.660000
 229 4.630000
 230 4.620000
 231 4.620000
 232 4.620000
 233 4.590000
 234 4.600000
 235 4.660000
 236 4.620000
 237 4.630000
 238 4.710000
 239 4.620000
 240 3.000000
 241 2.990000
 242 2.980000
 243 2.950000
 244 2.870000
 245 2.850000
 246 2.820000
 247 2.800000
 248 2.790000
 249 2.770000
 250 2.720000
 251 2.720000
 252 2.700000
 253 2.710000
 254 2.710000
 255 2.680000
 256 2.700000
 257 2.720000
 258 2.760000
 259 2.730000
 260 2.730000
 261 2.760000
 262 2.750000
 263 2.810000
 264 2.780000
 265 2.790000
 266 2.810000
 267 2.810000
 268 2.810000
 269 2.840000
 270 2.840000
 271 2.840000
 272 2.860000
 273 2.840000
 274 2.850000
 275 2.860000
 276 4.300000
 277 1.590000
 278 1.610000
 279 1.580000
 280 1.540000
 281 1.540000
 282 1.380000
 283 1.340000
 284 1.370000
 285 1.390000
 286 1.470000
 287 1.560000
 288 1.460000
 289 1.490000
 290 1.520000
 291 1.580000
 292 1.570000
 293 1.560000
 294 1.570000
 295 1.580000
 296 1.570000
 297 1.570000
 298 1.560000
 299 1.600000
 300 1.600000
 301 1.610000
 302 1.630000
 303 1.620000
 304 1.620000
 305 1.610000
 306 1.660000
 307 1.700000
 308 3.930000
 309 3.900000
 310 3.910000
 311 3.910000
 312 3.910000
 313 3.880000
 314 3.850000
 315 3.870000
 316 3.850000
 317 3.810000
 318 3.280000
 319 3.260000
 320 3.240000
 321 3.240000
 322 3.240000
 323 3.240000
 324 3.240000
 325 3.210000
 326 3.210000
 327 3.210000
 328 3.210000
 329 3.190000
 330 3.210000
 331 3.210000
 332 3.190000
 333 3.190000
 334 3.190000
 335 3.190000
 336 3.160000
 337 2.230000
 338 2.300000
 339 2.250000
 340 2.240000
 341 2.240000
 342 2.240000
 343 2.240000
 344 2.250000
 345 3.150000
 346 3.150000
 347 3.130000
 348 3.130000
 349 3.150000
 350 3.150000
 351 3.130000
 352 3.130000
 353 3.100000
 354 3.100000
 355 3.100000
 356 3.080000
 357 3.050000
 358 3.050000
 359 3.050000
 360 3.050000
 361 3.030000
 362 3.030000
 363 3.020000
 364 3.000000
 365 3.000000
 366 2.960000
 367 2.960000
 368 2.960000
 369 2.930000
 370 2.900000
 371 2.910000
 372 2.880000
 373 2.880000
 374 2.810000
 375 2.810000
 376 2.760000
 377 2.760000
 378 2.710000
 379 2.710000
 380 2.680000
 381 2.660000
 382 2.670000
 383 2.620000
 384 2.620000
 385 2.620000
 386 2.620000
 387 2.600000
 388 2.570000
 389 2.570000
 390 2.590000
 391 2.570000
 392 2.590000
 393 2.570000
 394 2.570000
 395 2.530000
 396 2.560000
 397 2.560000
 398 2.530000
 399 2.530000
 400 2.530000
 401 2.510000
 402 2.510000
 403 2.480000
 404 2.460000
 405 2.480000
 406 2.450000
 407 2.460000
 408 2.420000
 409 2.460000
 410 2.430000
 411 2.400000
 412 2.400000
 413 2.400000
 414 2.410000
 415 2.400000
 416 2.390000
 417 2.390000
 418 2.370000
 419 2.370000
 420 2.360000
 421 2.360000
 422 2.330000
 423 2.360000
 424 2.330000
 425 2.320000
 426 2.340000
 427 2.310000
 428 2.310000
 429 2.310000
 430 2.310000
 431 2.310000
 432 2.300000
 433 2.310000
 434 2.290000
 435 2.280000
 436 2.280000
 437 2.280000
 438 2.270000
 439 2.260000
 440 2.280000
 441 2.260000
 442 2.260000
 443 2.260000
 444 2.260000
 445 2.260000
 446 2.260000
 447 2.240000
 448 2.260000
 449 2.280000
 450 2.260000
 451 2.230000
 452 2.260000
 453 2.230000
 454 2.230000
 455 2.230000
 456 2.210000
 457 2.210000
 458 2.210000
 459 2.210000
 460 2.210000
 461 2.180000
 462 2.190000
 463 2.220000
 464 2.220000
 465 2.180000
 466 2.210000
 467 2.210000
 468 2.190000
 469 2.180000
 470 2.180000
 471 2.180000
 472 2.180000
 473 2.210000
 474 2.160000
 475 2.210000
 476 2.190000
 477 2.190000
 478 2.160000
 479 2.150000
 480 2.170000
 481 2.170000
 482 2.160000
 483 2.170000
 484 2.130000
 485 2.170000
 486 2.170000
 487 2.170000
 488 2.180000
 489 2.180000
 490 2.210000
 491 2.210000
 492 2.220000
 493 2.220000
 494 2.230000
 495 2.230000
 496 2.230000
 497 2.240000
 498 2.240000
 499 2.240000
 500 2.240000
 501 2.240000
 502 2.270000
 503 2.270000
 504 2.270000
 505 2.270000
 506 2.300000
 507 2.270000
 508 2.270000
 509 2.290000
 510 2.290000
 511 2.290000
 512 2.300000
 513 2.300000
 514 2.310000
 515 2.280000
 516 2.310000
 517 2.310000
 518 2.340000
 519 2.330000
 520 2.330000
 521 2.340000
 522 2.120000
 523 2.120000
 524 2.300000
 525 2.290000
 526 2.270000
 527 1.920000
 528 1.870000
 529 1.870000
 530 1.930000
 531 2.320000
 532 2.370000
 533 2.370000
 534 2.380000
 535 2.360000
 536 2.380000
 537 2.380000
 538 2.360000
 539 2.390000
 540 2.390000
 541 2.420000
 542 2.420000
 543 2.420000
 544 2.400000
 545 2.400000
 546 2.430000
 547 2.380000
 548 2.400000
 549 2.380000
 550 2.350000
 551 2.350000
 552 2.350000
 553 2.350000
 554 2.330000
 555 2.330000
 556 2.330000
 557 2.330000
 558 2.330000
 559 2.310000
 560 2.300000
 561 2.310000
 562 2.280000
 563 2.280000
 564 2.280000
 565 2.280000
 566 2.300000
 567 2.280000
 568 2.280000
 569 2.270000
 570 2.330000
 571 2.380000
 572 2.400000
 573 2.400000
 574 2.400000
 575 2.400000
 576 2.390000
 577 2.400000
 578 2.430000
 579 2.460000
 580 2.430000
 581 1.550000
 582 1.580000
 583 1.510000
 584 1.510000
 585 1.490000
 586 1.510000
 587 1.520000
 588 1.540000
 589 1.540000
 590 1.560000
 591 1.540000
 592 1.590000
 593 1.610000
 594 1.590000
 595 1.610000
 596 1.610000
 597 1.630000
 598 1.660000
 599 1.680000
 600 1.680000
 601 1.670000
 602 1.700000
 603 1.720000
 604 1.750000
 605 1.770000
 606 1.820000
 607 1.820000
 608 1.860000
 609 1.880000
 610 1.830000
 611 1.880000
 612 2.010000
 613 2.380000
 614 2.440000
 615 2.440000
 616 2.470000
 617 2.070000
 618 2.010000
 619 2.030000
 620 2.120000
 621 2.470000
 622 2.470000
 623 2.490000
 624 2.520000
 625 2.500000
 626 2.500000
 627 2.500000
 628 2.490000
 629 2.520000
 630 2.520000
 631 2.550000
 632 2.520000
 633 2.550000
 634 2.550000
 635 2.560000
 636 2.550000
 637 2.550000
 638 2.550000
 639 2.570000
 640 2.570000
 641 2.570000
 642 2.600000
 643 2.570000
 644 2.570000
 645 2.600000
 646 2.570000
 647 2.570000
 648 2.590000
 649 2.590000
 650 2.590000
 651 2.620000
 652 2.620000
 653 2.590000
 654 2.590000
 655 2.620000
 656 2.620000
 657 2.620000
 658 2.640000
 659 2.620000
 660 2.650000
 661 2.650000
 662 2.650000
 663 2.670000
 664 2.670000
 665 2.680000
 666 2.660000
 667 2.680000
 668 2.670000
 669 2.700000
 670 2.670000
 671 2.690000
 672 2.720000
 673 2.720000
 674 2.720000
 675 2.740000
 676 2.740000
 677 2.740000
 678 2.730000
 679 2.760000
 680 2.760000
 681 2.760000
 682 2.760000
 683 2.780000
 684 2.780000
 685 2.810000
 686 2.810000
 687 2.830000
 688 2.830000
 689 2.840000
 690 2.870000
 691 2.870000
 692 2.840000
 693 2.880000
 694 2.880000
 695 2.880000
 696 2.880000
 697 2.930000
 698 2.910000
 699 2.930000
 700 2.980000
 701 2.960000
 702 2.980000
 703 3.030000
 704 3.010000
 705 3.010000
 706 3.030000
 707 3.030000
 708 3.060000
 709 3.060000
 710 3.080000
 711 3.080000
 712 3.080000
 713 3.100000
 714 3.100000
 715 3.120000
 716 3.130000
 717 3.140000
 718 3.140000
 719 3.180000
 720 3.190000
 721 3.190000
 722 3.220000
 723 1.530000
 724 1.500000
 725 1.510000
 726 1.510000
 727 1.510000
 728 1.490000
 729 1.510000
 730 1.510000
 731 1.510000
 732 1.500000
 733 1.500000
 734 1.510000
 735 1.520000
 736 1.540000
 737 2.580000
 738 2.510000
 739 2.380000
 740 2.320000
 741 2.230000
 742 2.170000
 743 2.110000
 744 1.530000
 745 1.470000
 746 1.460000
 747 1.510000
 748 1.480000
 749 1.510000
 750 1.490000
 751 3.840000
 752 3.790000
 753 3.790000
 754 3.760000
 755 3.820000
 756 3.810000
 757 3.840000
 758 3.890000
 759 3.920000
 760 3.940000
 0 2.130000
 1 2.110000
 2 2.100000
 3 2.100000
 4 2.100000
 5 2.120000
 6 2.110000
 7 2.110000
 8 2.110000
 9 2.130000
 10 2.110000
 11 2.110000
 12 2.120000
 13 2.110000
 14 2.110000
 15 2.110000
 16 2.130000
 17 2.110000
 18 2.150000
 19 2.140000
 20 2.160000
 21 2.190000
 22 2.180000
 23 2.190000
 24 2.160000
 25 2.180000
 26 2.140000
 27 2.150000
 28 2.150000
 29 2.180000
 30 2.140000
 31 2.190000
 32 2.200000
 33 2.200000
 34 2.200000
 35 2.190000
 36 2.190000
 37 2.190000
 38 2.180000
 39 2.280000
 40 2.240000
 41 2.140000
 42 2.150000
 43 2.180000
 44 2.190000
 45 2.190000
 46 2.200000
 47 2.230000
 48 2.220000
 49 2.200000
 50 2.190000
 51 2.200000
 52 2.200000
 53 2.190000
 54 2.250000
 55 2.250000
 56 2.250000
 57 2.240000
 58 2.210000
 59 2.210000
 60 2.220000
 61 2.220000
 62 2.220000
 63 2.210000
 64 2.250000
 65 2.250000
 66 2.250000
 67 2.260000
 68 2.280000
 69 2.300000
 70 2.290000
 71 2.280000
 72 2.280000
 73 2.290000
 74 2.260000
 75 2.290000
 76 2.300000
 77 2.330000
 78 2.320000
 79 2.310000
 80 2.300000
 81 2.300000
 82 2.350000
 83 2.410000
 84 2.340000
 85 2.300000
 86 2.320000
 87 2.300000
 88 2.310000
 89 2.340000
 90 2.350000
 91 2.370000
 92 2.360000
 93 2.380000
 94 2.400000
 95 2.400000
 96 2.400000
 97 2.400000
 98 2.390000
 99 2.390000
 100 2.390000
 101 2.360000
 102 2.370000
 103 2.370000
 104 2.390000
 105 2.410000
 106 2.420000
 107 2.410000
 108 2.510000
 109 2.440000
 110 2.460000
 111 3.430000
 112 3.480000
 113 3.580000
 114 3.550000
 115 3.550000
 116 3.550000
 117 3.520000
 118 3.430000
 119 3.480000
 120 3.480000
 121 3.460000
 122 3.480000
 123 3.480000
 124 3.510000
 125 3.530000
 126 3.560000
 127 3.510000
 128 3.600000
 129 3.530000
 130 3.620000
 131 3.560000
 132 3.680000
 133 3.580000
 134 3.680000
 135 3.680000
 136 3.710000
 137 3.700000
 138 3.760000
 139 3.810000
 140 3.800000
 141 3.830000
 142 3.820000
 143 3.790000
 144 3.810000
 145 3.830000
 146 3.800000
 147 3.800000
 148 3.850000
 149 3.860000
 150 3.900000
 151 3.890000
 152 3.880000
 153 3.890000
 154 3.930000
 155 3.910000
 156 3.910000
 157 3.960000
 158 4.030000
 159 4.040000
 160 4.060000
 161 4.040000
 162 4.040000
 163 4.140000
 164 4.030000
 165 4.160000
 166 4.060000
 167 4.080000
 168 4.110000
 169 4.110000
 170 4.130000
 171 4.130000
 172 4.160000
 173 4.160000
 174 4.160000
 175 4.210000
 176 4.210000
 177 4.210000
 178 4.220000
 179 4.260000
 180 4.310000
 181 4.330000
 182 4.310000
 183 4.330000
 184 4.460000
 185 4.480000
 186 4.370000
 187 4.410000
 188 4.460000
 189 4.140000
 190 4.460000
 191 4.480000
 192 4.460000
 193 4.360000
 194 4.570000
 195 4.580000
 196 4.690000
 197 4.720000
 198 4.740000
 199 4.780000
 200 4.740000
 201 4.730000
 202 4.720000
 203 4.760000
 204 4.780000
 205 4.900000
 206 4.930000
 207 4.950000
 208 4.880000
 209 4.870000
 210 5.010000
 211 5.000000
 212 4.990000
 213 4.960000
 214 4.960000
 215 4.960000
 216 4.930000
 217 4.880000
 218 4.870000
 219 4.840000
 220 4.830000
 221 4.810000
 222 4.780000
 223 4.810000
 224 4.780000
 225 4.760000
 226 4.760000
 227 4.680000
 228 4.630000
 229 4.660000
 230 4.600000
 231 4.620000
 232 4.620000
 233 4.590000
 234 4.600000
 235 4.660000
 236 4.650000
 237 4.630000
 238 4.730000
 239 4.590000
 240 3.000000
 241 3.010000
 242 2.980000
 243 2.940000
 244 2.920000
 245 2.870000
 246 2.820000
 247 2.830000
 248 2.790000
 249 2.740000
 250 2.720000
 251 2.700000
 252 2.710000
 253 2.730000
 254 2.710000
 255 2.710000
 256 2.700000
 257 2.710000
 258 2.720000
 259 2.760000
 260 2.730000
 261 2.750000
 262 2.770000
 263 2.780000
 264 2.800000
 265 2.790000
 266 2.810000
 267 2.810000
 268 2.840000
 269 2.810000
 270 2.860000
 271 2.840000
 272 2.840000
 273 2.840000
 274 2.850000
 275 2.910000
 276 4.260000
 277 1.640000
 278 1.610000
 279 1.610000
 280 1.570000
 281 1.570000
 282 1.320000
 283 1.340000
 284 1.370000
 285 1.410000
 286 1.440000
 287 1.560000
 288 1.460000
 289 1.480000
 290 1.500000
 291 1.580000
 292 1.570000
 293 1.580000
 294 1.540000
 295 1.580000
 296 1.570000
 297 1.570000
 298 1.580000
 299 1.580000
 300 1.580000
 301 1.620000
 302 1.600000
 303 1.620000
 304 1.620000
 305 1.610000
 306 1.680000
 307 1.700000
 308 3.930000
 309 3.900000
 310 3.910000
 311 3.910000
 312 3.910000
 313 3.860000
 314 3.860000
 315 3.850000
 316 3.850000
 317 3.810000
 318 3.250000
 319 3.240000
 320 3.240000
 321 3.240000
 322 3.240000
 323 3.210000
 324 3.240000
 325 3.240000
 326 3.210000
 327 3.210000
 328 3.210000
 329 3.210000
 330 3.190000
 331 3.210000
 332 3.190000
 333 3.190000
 334 3.190000
 335 3.190000
 336 3.160000
 337 2.230000
 338 2.300000
 339 2.260000
 340 2.240000
 341 2.210000
 342 2.240000
 343 2.230000
 344 2.250000
 345 3.130000
 346 3.130000
 347 3.130000
 348 3.150000
 349 3.130000
 350 3.150000
 351 3.130000
 352 3.130000
 353 3.130000
 354 3.100000
 355 3.080000
 356 3.070000
 357 3.070000
 358 3.050000
 359 3.050000
 360 3.030000
 361 3.030000
 362 3.030000
 363 3.000000
 364 3.030000
 365 3.000000
 366 2.960000
 367 2.960000
 368 2.960000
 369 2.930000
 370 2.920000
 371 2.910000
 372 2.880000
 373 2.860000
 374 2.830000
 375 2.780000
 376 2.780000
 377 2.760000
 378 2.710000
 379 2.710000
 380 2.660000
 381 2.660000
 382 2.650000
 383 2.650000
 384 2.590000
 385 2.620000
 386 2.620000
 387 2.600000
 388 2.570000
 389 2.570000
 390 2.590000
 391 2.590000
 392 2.560000
 393 2.570000
 394 2.570000
 395 2.570000
 396 2.530000
 397 2.560000
 398 2.560000
 399 2.530000
 400 2.560000
 401 2.510000
 402 2.510000
 403 2.510000
 404 2.480000
 405 2.460000
 406 2.430000
 407 2.450000
 408 2.430000
 409 2.430000
 410 2.420000
 411 2.420000
 412 2.390000
 413 2.410000
 414 2.410000
 415 2.400000
 416 2.380000
 417 2.390000
 418 2.390000
 419 2.380000
 420 2.380000
 421 2.330000
 422 2.330000
 423 2.330000
 424 2.330000
 425 2.320000
 426 2.320000
 427 2.310000
 428 2.310000
 429 2.310000
 430 2.300000
 431 2.330000
 432 2.330000
 433 2.280000
 434 2.290000
 435 2.280000
 436 2.280000
 437 2.290000
 438 2.290000
 439 2.280000
 440 2.280000
 441 2.260000
 442 2.260000
 443 2.260000
 444 2.260000
 445 2.230000
 446 2.240000
 447 2.270000
 448 2.230000
 449 2.250000
 450 2.260000
 451 2.260000
 452 2.230000
 453 2.230000
 454 2.230000
 455 2.230000
 456 2.230000
 457 2.230000
 458 2.230000
 459 2.210000
 460 2.210000
 461 2.210000
 462 2.220000
 463 2.190000
 464 2.190000
 465 2.180000
 466 2.210000
 467 2.180000
 468 2.190000
 469 2.190000
 470 2.210000
 471 2.180000
 472 2.180000
 473 2.180000
 474 2.180000
 475 2.180000
 476 2.170000
 477 2.190000
 478 2.180000
 479 2.200000
 480 2.160000
 481 2.160000
 482 2.170000
 483 2.170000
 484 2.170000
 485 2.170000
 486 2.160000
 487 2.170000
 488 2.160000
 489 2.180000
 490 2.210000
 491 2.210000
 492 2.220000
 493 2.210000
 494 2.210000
 495 2.240000
 496 2.240000
 497 2.220000
 498 2.240000
 499 2.240000
 500 2.240000
 501 2.250000
 502 2.250000
 503 2.250000
 504 2.270000
 505 2.270000
 506 2.300000
 507 2.270000
 508 2.270000
 509 2.290000
 510 2.290000
 511 2.300000
 512 2.300000
 513 2.300000
 514 2.300000
 515 2.280000
 516 2.310000
 517 2.330000
 518 2.310000
 519 2.330000
 520 2.330000
 521 2.320000
 522 2.120000
 523 2.120000
 524 2.320000
 525 2.320000
 526 2.290000
 527 1.930000
 528 1.870000
 529 1.870000
 530 1.930000
 531 2.320000
 532 2.370000
 533 2.370000
 534 2.360000
 535 2.380000
 536 2.380000
 537 2.380000
 538 2.410000
 539 2.410000
 540 2.360000
 541 2.420000
 542 2.400000
 543 2.420000
 544 2.400000
 545 2.430000
 546 2.400000
 547 2.400000
 548 2.400000
 549 2.380000
 550 2.380000
 551 2.380000
 552 2.350000
 553 2.390000
 554 2.350000
 555 2.330000
 556 2.330000
 557 2.300000
 558 2.310000
 559 2.310000
 560 2.300000
 561 2.290000
 562 2.290000
 563 2.280000
 564 2.280000
 565 2.280000
 566 2.300000
 567 2.280000
 568 2.260000
 569 2.280000
 570 2.330000
 571 2.380000
 572 2.400000
 573 2.400000
 574 2.400000
 575 2.400000
 576 2.390000
 577 2.420000
 578 2.430000
 579 2.430000
 580 2.430000
 581 1.530000
 582 1.550000
 583 1.510000
 584 1.500000
 585 1.490000
 586 1.510000
 587 1.520000
 588 1.510000
 589 1.540000
 590 1.540000
 591 1.560000
 592 1.560000
 593 1.590000
 594 1.610000
 595 1.610000
 596 1.640000
 597 1.630000
 598 1.660000
 599 1.660000
 600 1.680000
 601 1.700000
 602 1.720000
 603 1.750000
 604 1.770000
 605 1.770000
 606 1.790000
 607 1.820000
 608 1.860000
 609 1.910000
 610 1.830000
 611 1.910000
 612 2.010000
 613 2.360000
 614 2.440000
 615 2.470000
 616 2.440000
 617 2.030000
 618 2.010000
 619 2.030000
 620 2.080000
 621 2.470000
 622 2.490000
 623 2.490000
 624 2.490000
 625 2.520000
 626 2.500000
 627 2.500000
 628 2.520000
 629 2.520000
 630 2.520000
 631 2.520000
 632 2.520000
 633 2.550000
 634 2.550000
 635 2.520000
 636 2.550000
 637 2.550000
 638 2.550000
 639 2.570000
 640 2.570000
 641 2.570000
 642 2.570000
 643 2.570000
 644 2.570000
 645 2.570000
 646 2.600000
 647 2.600000
 648 2.600000
 649 2.590000
 650 2.620000
 651 2.600000
 652 2.620000
 653 2.620000
 654 2.620000
 655 2.620000
 656 2.620000
 657 2.620000
 658 2.650000
 659 2.650000
 660 2.650000
 661 2.640000
 662 2.650000
 663 2.650000
 664 2.670000
 665 2.670000
 666 2.680000
 667 2.680000
 668 2.700000
 669 2.700000
 670 2.700000
 671 2.690000
 672 2.720000
 673 2.720000
 674 2.720000
 675 2.740000
 676 2.740000
 677 2.740000
 678 2.740000
 679 2.730000
 680 2.760000
 681 2.760000
 682 2.780000
 683 2.760000
 684 2.780000
 685 2.810000
 686 2.780000
 687 2.810000
 688 2.840000
 689 2.870000
 690 2.890000
 691 2.870000
 692 2.860000
 693 2.870000
 694 2.910000
 695 2.880000
 696 2.890000
 697 2.910000
 698 2.910000
 699 2.930000
 700 2.960000
 701 2.960000
 702 2.960000
 703 3.010000
 704 3.010000
 705 3.010000
 706 3.030000
 707 3.030000
 708 3.030000
 709 3.060000
 710 3.060000
 711 3.060000
 712 3.080000
 713 3.080000
 714 3.100000
 715 3.120000
 716 3.150000
 717 3.140000
 718 3.180000
 719 3.170000
 720 3.190000
 721 3.220000
 722 3.210000
 723 1.530000
 724 1.500000
 725 1.510000
 726 1.490000
 727 1.510000
 728 1.490000
 729 1.510000
 730 1.510000
 731 1.510000
 732 1.500000
 733 1.500000
 734 1.510000
 735 1.520000
 736 1.540000
 737 2.560000
 738 2.510000
 739 2.410000
 740 2.320000
 741 2.260000
 742 2.170000
 743 2.110000
 744 1.510000
 745 1.470000
 746 1.460000
 747 1.550000
 748 1.510000
 749 1.480000
 750 1.490000
 751 3.820000
 752 3.820000
 753 3.770000
 754 3.790000
 755 3.790000
 756 3.820000
 757 3.840000
 758 3.860000
 759 3.920000
 760 3.940000
 0 2.120000
 1 2.090000
 2 2.100000
 3 2.100000
 4 2.100000
 5 2.100000
 6 2.090000
 7 2.110000
 8 2.130000
 9 2.110000
 10 2.110000
 11 2.110000
 12 2.120000
 13 2.130000
 14 2.110000
 15 2.110000
 16 2.110000
 17 2.110000
 18 2.150000
 19 2.160000
 20 2.140000
 21 2.190000
 22 2.180000
 23 2.190000
 24 2.160000
 25 2.180000
 26 2.140000
 27 2.150000
 28 2.150000
 29 2.150000
 30 2.160000
 31 2.160000
 32 2.170000
 33 2.200000
 34 2.200000
 35 2.190000
 36 2.190000
 37 2.190000
 38 2.180000
 39 2.300000
 40 2.240000
 41 2.140000
 42 2.150000
 43 2.180000
 44 2.160000
 45 2.210000
 46 2.200000
 47 2.230000
 48 2.220000
 49 2.200000
 50 2.210000
 51 2.200000
 52 2.200000
 53 2.190000
 54 2.250000
 55 2.220000
 56 2.250000
 57 2.210000
 58 2.240000
 59 2.190000
 60 2.220000
 61 2.220000
 62 2.200000
 63 2.210000
 64 2.250000
 65 2.250000
 66 2.280000
 67 2.260000
 68 2.300000
 69 2.270000
 70 2.290000
 71 2.300000
 72 2.280000
 73 2.290000
 74 2.290000
 75 2.310000
 76 2.300000
 77 2.330000
 78 2.320000
 79 2.310000
 80 2.330000
 81 2.330000
 82 2.330000
 83 2.410000
 84 2.360000
 85 2.300000
 86 2.300000
 87 2.320000
 88 2.310000
 89 2.360000
 90 2.370000
 91 2.380000
 92 2.390000
 93 2.380000
 94 2.390000
 95 2.400000
 96 2.390000
 97 2.400000
 98 2.410000
 99 2.390000
 100 2.360000
 101 2.360000
 102 2.370000
 103 2.370000
 104 2.390000
 105 2.410000
 106 2.400000
 107 2.410000
 108 2.510000
 109 2.470000
 110 2.460000
 111 3.430000
 112 3.480000
 113 3.600000
 114 3.570000
 115 3.520000
 116 3.520000
 117 3.520000
 118 3.480000
 119 3.460000
 120 3.460000
 121 3.480000
 122 3.460000
 123 3.480000
 124 3.510000
 125 3.510000
 126 3.550000
 127 3.510000
 128 3.600000
 129 3.650000
 130 3.630000
 131 3.650000
 132 3.680000
 133 3.610000
 134 3.650000
 135 3.680000
 136 3.680000
 137 3.700000
 138 3.740000
 139 3.810000
 140 3.800000
 141 3.790000
 142 3.820000
 143 3.800000
 144 3.840000
 145 3.800000
 146 3.830000
 147 3.830000
 148 3.850000
 149 3.850000
 150 3.890000
 151 3.880000
 152 3.900000
 153 3.930000
 154 3.910000
 155 3.950000
 156 3.940000
 157 3.960000
 158 4.030000
 159 4.040000
 160 4.060000
 161 4.040000
 162 4.040000
 163 4.110000
 164 4.030000
 165 4.160000
 166 4.030000
 167 4.080000
 168 4.080000
 169 4.110000
 170 4.130000
 171 4.130000
 172 4.160000
 173 4.160000
 174 4.180000
 175 4.210000
 176 4.230000
 177 4.260000
 178 4.250000
 179 4.280000
 180 4.310000
 181 4.300000
 182 4.310000
 183 4.360000
 184 4.360000
 185 4.480000
 186 4.370000
 187 4.430000
 188 4.460000
 189 4.170000
 190 4.460000
 191 4.480000
 192 4.480000
 193 4.360000
 194 4.570000
 195 4.560000
 196 4.690000
 197 4.720000
 198 4.740000
 199 4.780000
 200 4.760000
 201 4.730000
 202 4.720000
 203 4.780000
 204 4.780000
 205 4.900000
 206 4.960000
 207 4.920000
 208 4.990000
 209 4.860000
 210 5.010000
 211 4.970000
 212 4.990000
 213 4.960000
 214 4.930000
 215 4.960000
 216 4.930000
 217 4.910000
 218 4.870000
 219 4.870000
 220 4.830000
 221 4.830000
 222 4.800000
 223 4.810000
 224 4.780000
 225 4.780000
 226 4.760000
 227 4.680000
 228 4.630000
 229 4.660000
 230 4.620000
 231 4.620000
 232 4.590000
 233 4.590000
 234 4.600000
 235 4.660000
 236 4.650000
 237 4.610000
 238 4.710000
 239 4.560000
 240 3.000000
 241 2.990000
 242 2.980000
 243 2.920000
 244 2.870000
 245 2.870000
 246 2.820000
 247 2.820000
 248 2.790000
 249 2.770000
 250 2.720000
 251 2.720000
 252 2.730000
 253 2.710000
 254 2.710000
 255 2.710000
 256 2.710000
 257 2.710000
 258 2.720000
 259 2.730000
 260 2.730000
 261 2.730000
 262 2.780000
 263 2.810000
 264 2.780000
 265 2.790000
 266 2.810000
 267 2.810000
 268 2.810000
 269 2.840000
 270 2.840000
 271 2.840000
 272 2.860000
 273 2.860000
 274 2.850000
 275 2.880000
 276 4.230000
 277 1.610000
 278 1.610000
 279 1.580000
 280 1.570000
 281 1.540000
 282 1.380000
 283 1.340000
 284 1.370000
 285 1.410000
 286 1.450000
 287 1.550000
 288 1.460000
 289 1.480000
 290 1.500000
 291 1.580000
 292 1.570000
 293 1.580000
 294 1.580000
 295 1.580000
 296 1.570000
 297 1.570000
 298 1.620000
 299 1.600000
 300 1.600000
 301 1.610000
 302 1.590000
 303 1.600000
 304 1.620000
 305 1.610000
 306 1.680000
 307 1.650000
 308 3.960000
 309 3.900000
 310 3.910000
 311 3.910000
 312 3.910000
 313 3.860000
 314 3.860000
 315 3.870000
 316 3.850000
 317 3.810000
 318 3.250000
 319 3.240000
 320 3.240000
 321 3.260000
 322 3.260000
 323 3.240000
 324 3.240000
 325 3.210000
 326 3.210000
 327 3.210000
 328 3.210000
 329 3.210000
 330 3.210000
 331 3.190000
 332 3.190000
 333 3.190000
 334 3.190000
 335 3.190000
 336 3.190000
 337 2.210000
 338 2.300000
 339 2.260000
 340 2.210000
 341 2.240000
 342 2.240000
 343 2.230000
 344 2.250000
 345 3.130000
 346 3.150000
 347 3.130000
 348 3.150000
 349 3.130000
 350 3.150000
 351 3.130000
 352 3.130000
 353 3.130000
 354 3.100000
 355 3.080000
 356 3.050000
 357 3.070000
 358 3.050000
 359 3.030000
 360 3.050000
 361 3.050000
 362 3.030000
 363 3.020000
 364 3.030000
 365 2.970000
 366 2.960000
 367 2.960000
 368 2.930000
 369 2.930000
 370 2.920000
 371 2.910000
 372 2.880000
 373 2.880000
 374 2.830000
 375 2.810000
 376 2.760000
 377 2.760000
 378 2.710000
 379 2.710000
 380 2.680000
 381 2.660000
 382 2.640000
 383 2.620000
 384 2.620000
 385 2.590000
 386 2.600000
 387 2.600000
 388 2.590000
 389 2.600000
 390 2.590000
 391 2.590000
 392 2.570000
 393 2.570000
 394 2.560000
 395 2.560000
 396 2.540000
 397 2.560000
 398 2.530000
 399 2.530000
 400 2.530000
 401 2.510000
 402 2.510000
 403 2.480000
 404 2.480000
 405 2.460000
 406 2.460000
 407 2.450000
 408 2.420000
 409 2.430000
 410 2.420000
 411 2.390000
 412 2.410000
 413 2.410000
 414 2.410000
 415 2.410000
 416 2.400000
 417 2.370000
 418 2.400000
 419 2.370000
 420 2.350000
 421 2.360000
 422 2.330000
 423 2.330000
 424 2.330000
 425 2.320000
 426 2.350000
 427 2.330000
 428 2.330000
 429 2.310000
 430 2.330000
 431 2.310000
 432 2.310000
 433 2.310000
 434 2.290000
 435 2.280000
 436 2.280000
 437 2.280000
 438 2.260000
 439 2.260000
 440 2.260000
 441 2.280000
 442 2.260000
 443 2.260000
 444 2.260000
 445 2.260000
 446 2.270000
 447 2.270000
 448 2.280000
 449 2.260000
 450 2.260000
 451 2.260000
 452 2.230000
 453 2.260000
 454 2.230000
 455 2.230000
 456 2.230000
 457 2.230000
 458 2.230000
 459 2.210000
 460 2.210000
 461 2.220000
 462 2.220000
 463 2.220000
 464 2.190000
 465 2.180000
 466 2.210000
 467 2.210000
 468 2.210000
 469 2.210000
 470 2.210000
 471 2.180000
 472 2.190000
 473 2.180000
 474 2.190000
 475 2.190000
 476 2.190000
 477 2.170000
 478 2.180000
 479 2.210000
 480 2.160000
 481 2.160000
 482 2.170000
 483 2.160000
 484 2.170000
 485 2.190000
 486 2.190000
 487 2.180000
 488 2.160000
 489 2.210000
 490 2.220000
 491 2.210000
 492 2.210000
 493 2.230000
 494 2.260000
 495 2.240000
 496 2.230000
 497 2.220000
 498 2.240000
 499 2.240000
 500 2.240000
 501 2.240000
 502 2.240000
 503 2.270000
 504 2.270000
 505 2.270000
 506 2.270000
 507 2.270000
 508 2.290000
 509 2.300000
 510 2.300000
 511 2.300000
 512 2.300000
 513 2.300000
 514 2.300000
 515 2.310000
 516 2.310000
 517 2.310000
 518 2.340000
 519 2.350000
 520 2.350000
 521 2.350000
 522 2.120000
 523 2.120000
 524 2.300000
 525 2.320000
 526 2.290000
 527 1.920000
 528 1.850000
 529 1.860000
 530 1.930000
 531 2.320000
 532 2.370000
 533 2.350000
 534 2.360000
 535 2.380000
 536 2.380000
 537 2.380000
 538 2.380000
 539 2.390000
 540 2.360000
 541 2.420000
 542 2.420000
 543 2.420000
 544 2.430000
 545 2.400000
 546 2.400000
 547 2.400000
 548 2.400000
 549 2.380000
 550 2.350000
 551 2.350000
 552 2.350000
 553 2.350000
 554 2.350000
 555 2.330000
 556 2.330000
 557 2.300000
 558 2.300000
 559 2.310000
 560 2.300000
 561 2.290000
 562 2.310000
 563 2.280000
 564 2.280000
 565 2.280000
 566 2.300000
 567 2.280000
 568 2.280000
 569 2.250000
 570 2.330000
 571 2.350000
 572 2.380000
 573 2.400000
 574 2.420000
 575 2.400000
 576 2.390000
 577 2.400000
 578 2.430000
 579 2.460000
 580 2.460000
 581 1.530000
 582 1.550000
 583 1.500000
 584 1.510000
 585 1.490000
 586 1.510000
 587 1.510000
 588 1.540000
 589 1.540000
 590 1.540000
 591 1.560000
 592 1.560000
 593 1.590000
 594 1.590000
 595 1.610000
 596 1.640000
 597 1.630000
 598 1.660000
 599 1.660000
 600 1.680000
 601 1.700000
 602 1.720000
 603 1.720000
 604 1.740000
 605 1.770000
 606 1.790000
 607 1.820000
 608 1.860000
 609 1.880000
 610 1.930000
 611 1.880000
 612 1.980000
 613 2.280000
 614 2.440000
 615 2.440000
 616 2.420000
 617 2.040000
 618 2.040000
 619 2.010000
 620 2.110000
 621 2.490000
 622 2.490000
 623 2.490000
 624 2.500000
 625 2.520000
 626 2.520000
 627 2.500000
 628 2.520000
 629 2.520000
 630 2.520000
 631 2.520000
 632 2.520000
 633 2.550000
 634 2.550000
 635 2.560000
 636 2.550000
 637 2.560000
 638 2.550000
 639 2.570000
 640 2.570000
 641 2.570000
 642 2.600000
 643 2.600000
 644 2.570000
 645 2.600000
 646 2.570000
 647 2.570000
 648 2.600000
 649 2.590000
 650 2.620000
 651 2.600000
 652 2.590000
 653 2.620000
 654 2.620000
 655 2.620000
 656 2.620000
 657 2.620000
 658 2.620000
 659 2.620000
 660 2.620000
 661 2.650000
 662 2.650000
 663 2.670000
 664 2.670000
 665 2.670000
 666 2.680000
 667 2.680000
 668 2.700000
 669 2.700000
 670 2.700000
 671 2.720000
 672 2.720000
 673 2.750000
 674 2.720000
 675 2.740000
 676 2.740000
 677 2.740000
 678 2.770000
 679 2.780000
 680 2.760000
 681 2.780000
 682 2.780000
 683 2.810000
 684 2.780000
 685 2.810000
 686 2.830000
 687 2.830000
 688 2.860000
 689 2.840000
 690 2.870000
 691 2.870000
 692 2.870000
 693 2.880000
 694 2.910000
 695 2.880000
 696 2.890000
 697 2.910000
 698 2.930000
 699 2.960000
 700 2.980000
 701 2.930000
 702 2.980000
 703 3.030000
 704 3.030000
 705 3.030000
 706 3.060000
 707 3.060000
 708 3.030000
 709 3.080000
 710 3.080000
 711 3.080000
 712 3.110000
 713 3.100000
 714 3.130000
 715 3.130000
 716 3.130000
 717 3.180000
 718 3.170000
 719 3.190000
 720 3.190000
 721 3.220000
 722 3.240000
 723 1.480000
 724 1.520000
 725 1.510000
 726 1.510000
 727 1.490000
 728 1.510000
 729 1.510000
 730 1.510000
 731 1.510000
 732 1.500000
 733 1.530000
 734 1.510000
 735 1.520000
 736 1.520000
 737 2.580000
 738 2.480000
 739 2.380000
 740 2.320000
 741 2.210000
 742 2.140000
 743 2.110000
 744 1.510000
 745 1.470000
 746 1.460000
 747 1.550000
 748 1.480000
 749 1.510000
 750 1.510000
 751 3.820000
 752 3.820000
 753 3.790000
 754 3.810000
 755 3.810000
 756 3.840000
 757 3.860000
 758 3.890000
 759 3.910000
 760 3.940000