
 0 2.320000
 1 2.330000
 2 2.330000
 3 2.220000
 4 2.280000
 5 2.300000
 6 2.280000
 7 2.280000
 8 2.250000
 9 2.250000
 10 2.220000
 11 2.200000
 12 3.260000
 13 2.150000
 14 3.270000
 15 2.160000
 16 2.160000
 17 2.250000
 18 2.270000
 19 2.250000
 20 2.280000
 21 2.280000
 22 2.280000
 23 2.320000
 24 2.270000
 25 2.320000
 26 2.210000
 27 2.210000
 28 2.230000
 29 2.230000
 30 2.370000
 31 2.370000
 32 2.400000
 33 2.400000
 34 2.400000
 35 2.420000
 36 2.450000
 37 2.460000
 38 2.490000
 39 2.550000
 40 2.550000
 41 2.550000
 42 2.600000
 43 2.600000
 44 2.630000
 45 2.680000
 46 2.680000
 47 2.700000
 48 2.840000
 49 2.890000
 50 2.890000
 51 2.830000
 52 2.800000
 53 2.800000
 54 2.820000
 55 2.800000
 56 2.840000
 57 2.870000
 58 2.900000
 59 2.930000
 60 2.950000
 61 2.930000
 62 2.950000
 63 2.950000
 64 2.980000
 65 3.030000
 66 3.050000
 67 3.080000
 68 3.050000
 69 3.050000
 70 3.110000
 71 3.160000
 72 3.190000
 73 3.240000
 74 3.240000
 75 3.240000
 76 3.260000
 77 3.240000
 78 3.290000
 79 3.290000
 80 3.310000
 81 3.310000
 82 3.300000
 83 3.380000
 84 3.350000
 85 3.350000
 86 3.350000
 87 3.380000
 88 3.400000
 89 3.420000
 90 3.360000
 91 3.430000
 92 3.480000
 93 3.490000
 94 3.520000
 95 3.570000
 96 3.570000
 97 3.590000
 98 3.630000
 99 3.800000
 100 3.800000
 101 3.820000
 102 3.800000
 103 3.840000
 104 3.850000
 105 3.870000
 106 3.850000
 107 3.870000
 108 3.900000
 109 3.830000
 110 3.950000
 111 3.850000
 112 3.860000
 113 3.860000
 114 4.050000
 115 4.050000
 116 4.050000
 117 4.050000
 118 4.080000
 119 4.080000
 120 4.100000
 121 4.060000
 122 3.980000
 123 4.000000
 124 3.960000
 125 3.960000
 126 3.960000
 127 4.020000
 128 3.980000
 129 4.030000
 130 4.030000
 131 3.980000
 132 3.980000
 133 3.980000
 134 3.980000
 135 3.960000
 136 3.930000
 137 3.990000
 138 3.960000
 139 3.560000
 140 3.480000
 141 3.520000
 142 3.510000
 143 3.960000
 144 3.940000
 145 3.780000
 146 3.780000
 147 3.760000
 148 2.850000
 149 2.810000
 150 2.820000
 151 2.820000
 152 2.810000
 153 2.790000
 154 2.800000
 155 2.820000
 156 2.800000
 157 2.800000
 158 2.800000
 159 2.800000
 160 2.800000
 161 2.800000
 162 2.800000
 163 2.780000
 164 2.800000
 165 2.790000
 166 2.840000
 167 2.840000
 168 2.830000
 169 2.830000
 170 2.730000
 171 2.720000
 172 2.700000
 173 2.700000
 174 2.700000
 175 2.690000
 176 2.690000
 177 2.690000
 178 2.660000
 179 2.670000
 180 2.670000
 181 2.670000
 182 2.680000
 183 2.740000
 184 2.760000
 185 2.750000
 186 2.750000
 187 2.710000
 188 2.730000
 189 2.770000
 190 2.700000
 191 2.680000
 192 2.680000
 193 2.650000
 194 2.680000
 195 2.650000
 196 2.660000
 197 2.650000
 198 2.650000
 199 2.650000
 200 2.650000
 201 2.660000
 202 2.710000
 203 2.680000
 204 2.680000
 205 2.700000
 206 2.670000
 207 2.670000
 208 2.650000
 209 2.610000
 210 2.600000
 211 2.600000
 212 2.600000
 213 2.600000
 214 2.600000
 215 2.600000
 216 2.600000
 217 2.580000
 218 2.600000
 219 2.600000
 220 2.590000
 221 2.650000
 222 2.780000
 223 2.680000
 224 2.660000
 225 3.180000
 226 3.190000
 227 3.170000
 228 3.260000
 229 3.300000
 230 2.070000
 231 1.990000
 232 1.970000
 233 2.000000
 234 1.970000
 235 2.000000
 236 2.000000
 237 1.970000
 238 2.000000
 239 2.000000
 240 2.000000
 241 2.000000
 242 2.000000
 243 1.970000
 244 2.030000
 245 3.460000
 246 3.550000
 247 3.460000
 248 1.470000
 249 1.450000
 250 1.440000
 251 1.450000
 252 1.450000
 253 1.470000
 254 1.470000
 255 1.470000
 256 1.470000
 257 1.500000
 258 1.470000
 259 1.470000
 260 1.470000
 261 1.470000
 262 1.470000
 263 1.470000
 264 1.470000
 265 1.470000
 266 1.470000
 267 1.550000
 268 3.530000
 269 3.520000
 270 3.520000
 271 3.510000
 272 3.530000
 273 3.520000
 274 3.510000
 275 3.480000
 276 3.430000
 277 3.460000
 278 3.430000
 279 3.520000
 280 3.460000
 281 3.460000
 282 3.490000
 283 3.510000
 284 3.510000
 285 3.500000
 286 3.490000
 287 3.480000
 288 2.390000
 289 2.340000
 290 2.340000
 291 2.340000
 292 2.310000
 293 2.310000
 294 2.310000
 295 2.300000
 296 2.330000
 297 2.350000
 298 2.360000
 299 2.170000
 300 2.160000
 301 2.140000
 302 2.140000
 303 2.160000
 304 4.630000
 305 4.750000
 306 4.470000
 307 4.110000
 308 4.740000
 309 4.770000
 310 4.770000
 311 4.800000
 312 4.760000
 313 2.840000
 314 2.820000
 315 2.820000
 316 2.820000
 317 2.810000
 318 2.800000
 319 2.830000
 320 2.270000
 321 2.180000
 322 2.150000
 323 2.180000
 324 2.160000
 325 2.160000
 326 2.150000
 327 1.760000
 328 1.710000
 329 1.710000
 330 1.710000
 331 1.730000
 332 1.710000
 333 1.740000
 334 1.740000
 335 1.760000
 336 1.760000
 337 1.760000
 338 1.760000
 339 1.760000
 340 1.790000
 341 1.950000
 342 1.910000
 343 1.920000
 344 1.940000
 345 1.930000
 346 1.910000
 347 1.950000
 348 1.910000
 349 1.920000
 350 1.980000
 351 2.060000
 352 2.070000
 353 2.050000
 354 2.120000
 355 3.230000
 356 3.200000
 357 2.120000
 358 2.050000
 359 2.050000
 360 2.080000
 361 2.050000
 362 2.080000
 363 2.030000
 364 2.050000
 365 2.050000
 366 2.050000
 367 2.080000
 368 2.070000
 369 2.180000
 370 4.170000
 371 2.550000
 372 2.580000
 373 2.580000
 374 2.580000
 375 2.580000
 376 2.590000
 377 2.600000
 378 2.700000
 379 2.780000
 380 2.900000
 381 2.940000
 382 3.080000
 383 3.140000
 384 3.150000
 385 3.260000
 386 4.250000
 387 4.150000
 388 4.060000
 389 4.020000
 390 3.970000
 391 3.940000
 392 3.930000
 393 3.960000
 394 3.960000
 395 3.960000
 396 3.940000
 397 3.940000
 398 3.920000
 399 3.860000
 400 3.760000
 401 3.710000
 402 3.710000
 403 3.710000
 404 3.710000
 405 3.680000
 406 3.640000
 407 3.550000
 408 2.610000
 409 2.600000
 410 2.550000
 411 2.500000
 412 2.450000
 413 2.400000
 414 2.380000
 415 2.330000
 416 2.260000
 417 2.300000
 418 2.270000
 419 2.300000
 420 2.300000
 421 2.300000
 422 2.300000
 423 2.320000
 424 2.320000
 425 2.300000
 426 2.300000
 427 2.320000
 428 2.320000
 429 2.310000
 430 2.340000
 431 2.340000
 432 2.310000
 433 2.340000
 434 2.340000
 435 2.340000
 436 2.340000
 437 2.340000
 438 2.340000
 439 2.360000
 440 2.330000
 441 2.350000
 442 2.350000
 443 2.350000
 444 2.360000
 445 2.390000
 446 2.380000
 447 2.370000
 448 3.510000
 449 3.490000
 450 3.490000
 451 3.490000
 452 3.490000
 453 3.490000
 454 3.460000
 455 3.460000
 456 3.440000
 457 3.440000
 458 3.440000
 459 3.410000
 460 3.410000
 461 3.410000
 462 3.410000
 463 3.500000
 464 4.370000
 465 4.370000
 466 4.370000
 467 4.350000
 468 4.350000
 469 4.160000
 470 4.090000
 471 4.100000
 472 4.270000
 473 4.270000
 474 4.270000
 475 4.270000
 476 4.280000
 477 4.250000
 478 4.250000
 479 4.250000
 480 4.230000
 481 4.200000
 482 4.200000
 483 4.170000
 484 4.200000
 485 4.170000
 486 4.150000
 487 4.150000
 488 4.120000
 489 4.100000
 490 4.120000
 491 4.130000
 492 4.100000
 493 4.100000
 494 3.270000
 495 3.320000
 496 3.300000
 497 3.250000
 498 3.250000
 499 3.260000
 500 3.350000
 501 3.350000
 502 3.400000
 503 4.030000
 504 4.000000
 505 4.000000
 506 4.000000
 507 4.000000
 508 3.980000
 509 4.000000
 510 3.980000
 511 3.980000
 512 3.980000
 513 3.950000
 514 3.950000
 515 3.350000
 516 3.080000
 517 3.080000
 518 3.210000
 519 3.190000
 520 3.080000
 521 3.180000
 522 3.150000
 523 3.120000
 524 3.130000
 525 3.100000
 526 3.100000
 527 3.080000
 528 3.110000
 529 3.080000
 530 3.070000
 531 3.050000
 532 3.040000
 533 3.040000
 534 3.040000
 535 3.050000
 536 3.020000
 537 3.060000
 538 3.080000
 539 3.080000
 540 3.030000
 541 3.040000
 542 3.070000
 543 3.060000
 544 3.020000
 545 3.060000
 546 2.980000
 547 3.060000
 548 3.010000
 549 3.010000
 550 3.070000
 551 3.080000
 552 3.080000
 553 3.080000
 554 3.090000
 555 3.110000
 556 3.100000
 557 3.080000
 558 3.090000
 559 3.090000
 560 3.090000
 561 3.120000
 562 3.110000
 563 3.140000
 564 3.170000
 565 3.210000
 566 3.160000
 567 3.180000
 568 5.550000
 569 5.860000
 570 5.880000
 571 5.930000
 572 5.980000
 573 6.010000
 574 6.080000
 575 6.080000
 576 6.080000
 577 6.080000
 578 6.100000
 579 6.100000
 580 6.100000
 581 6.140000
 582 6.140000
 583 6.110000
 584 6.130000
 585 6.150000
 586 6.150000
 587 6.150000
 588 6.150000
 589 6.170000
 590 6.170000
 591 6.200000
 592 6.200000
 593 6.210000
 594 6.210000
 595 6.210000
 596 6.210000
 597 6.210000
 598 6.240000
 599 6.240000
 600 6.260000
 601 6.260000
 602 6.260000
 603 4.480000
 604 4.320000
 605 4.280000
 606 4.320000
 607 6.310000
 608 3.260000
 609 3.230000
 610 3.240000
 611 3.370000
 612 3.530000
 613 3.970000
 614 3.700000
 615 3.690000
 616 3.690000
 617 3.690000
 618 3.690000
 619 3.710000
 620 3.690000
 621 3.690000
 622 3.340000
 623 3.360000
 624 3.740000
 625 3.710000
 626 3.740000
 627 3.740000
 628 3.710000
 629 3.740000
 630 3.690000
 631 3.660000
 632 3.660000
 633 3.690000
 634 3.690000
 635 3.690000
 636 3.690000
 637 3.710000
 638 3.710000
 639 3.710000
 640 3.740000
 641 3.740000
 642 3.740000
 643 3.740000
 644 3.740000
 645 3.760000
 646 3.760000
 647 3.760000
 648 3.760000
 649 3.790000
 650 3.760000
 651 3.780000
 652 3.720000
 653 3.670000
 654 3.640000
 655 3.430000
 656 3.160000
 657 3.260000
 658 3.500000
 659 3.450000
 660 3.450000
 661 3.400000
 662 3.350000
 663 3.100000
 664 3.050000
 665 3.050000
 666 3.050000
 667 3.000000
 668 3.060000
 669 3.120000
 670 3.010000
 671 2.930000
 672 2.980000
 673 3.020000
 674 2.990000
 675 3.040000
 676 3.060000
 677 3.040000
 678 3.040000
 679 3.040000
 680 3.060000
 681 3.100000
 682 3.090000
 683 3.090000
 684 3.080000
 685 3.090000
 686 3.120000
 687 3.100000
 688 3.170000
 689 2.890000
 690 2.760000
 691 2.730000
 692 2.730000
 693 2.730000
 694 2.710000
 695 2.710000
 696 2.610000
 697 2.660000
 698 2.650000
 699 2.640000
 700 2.600000
 701 2.560000
 702 2.560000
 703 2.510000
 704 2.490000
 705 2.430000
 706 2.380000
 707 2.370000
 708 2.350000
 709 2.330000
 710 2.360000
 711 2.310000
 712 2.260000
 713 2.240000
 714 2.240000
 715 2.240000
 716 2.230000
 717 2.180000
 718 2.190000
 719 2.200000
 720 2.180000
 721 2.150000
 722 2.130000
 723 2.200000
 724 2.200000
 725 2.150000
 726 2.010000
 727 2.120000
 728 2.070000
 729 2.070000
 730 2.070000
 731 2.070000
 732 2.050000
 733 1.930000
 734 2.000000
 735 1.950000
 736 2.000000
 737 1.950000
 738 1.950000
 739 1.950000
 740 1.830000
 741 1.810000
 742 1.810000
 743 1.760000
 744 1.820000
 745 1.760000
 746 1.720000
 747 1.730000
 748 1.760000
 749 1.730000
 750 1.800000
 751 1.800000
 752 1.740000
 753 1.710000
 754 1.690000
 755 1.640000
 756 1.630000
 757 1.640000
 758 1.650000
 759 1.560000
 760 1.550000
 0 2.320000
 1 2.360000
 2 2.330000
 3 2.250000
 4 2.310000
 5 2.310000
 6 2.260000
 7 2.280000
 8 2.280000
 9 2.260000
 10 2.240000
 11 2.200000
 12 3.280000
 13 2.180000
 14 3.280000
 15 2.160000
 16 2.160000
 17 2.260000
 18 2.270000
 19 2.280000
 20 2.280000
 21 2.280000
 22 2.310000
 23 2.300000
 24 2.270000
 25 2.210000
 26 2.240000
 27 2.210000
 28 2.260000
 29 2.260000
 30 2.370000
 31 2.370000
 32 2.400000
 33 2.400000
 34 2.370000
 35 2.450000
 36 2.470000
 37 2.470000
 38 2.490000
 39 2.550000
 40 2.550000
 41 2.580000
 42 2.610000
 43 2.630000
 44 2.660000
 45 2.680000
 46 2.680000
 47 2.710000
 48 2.840000
 49 2.890000
 50 2.910000
 51 2.830000
 52 2.810000
 53 2.810000
 54 2.820000
 55 2.820000
 56 2.820000
 57 2.850000
 58 2.910000
 59 2.910000
 60 2.930000
 61 2.930000
 62 2.960000
 63 2.950000
 64 3.010000
 65 3.030000
 66 3.060000
 67 3.080000
 68 3.080000
 69 3.060000
 70 3.140000
 71 3.140000
 72 3.190000
 73 3.210000
 74 3.210000
 75 3.210000
 76 3.260000
 77 3.260000
 78 3.290000
 79 3.290000
 80 3.310000
 81 3.310000
 82 3.310000
 83 3.360000
 84 3.360000
 85 3.360000
 86 3.380000
 87 3.410000
 88 3.430000
 89 3.420000
 90 3.360000
 91 3.440000
 92 3.490000
 93 3.480000
 94 3.520000
 95 3.560000
 96 3.590000
 97 3.590000
 98 3.620000
 99 3.800000
 100 3.800000
 101 3.830000
 102 3.830000
 103 3.860000
 104 3.870000
 105 3.870000
 106 3.870000
 107 3.870000
 108 3.920000
 109 3.830000
 110 3.960000
 111 3.830000
 112 3.860000
 113 3.860000
 114 4.060000
 115 4.060000
 116 4.060000
 117 4.030000
 118 4.060000
 119 4.080000
 120 4.070000
 121 4.040000
 122 3.930000
 123 4.000000
 124 3.930000
 125 3.960000
 126 3.930000
 127 4.020000
 128 3.980000
 129 4.030000
 130 4.010000
 131 3.980000
 132 3.980000
 133 4.010000
 134 3.980000
 135 3.990000
 136 3.910000
 137 3.990000
 138 3.970000
 139 3.530000
 140 3.460000
 141 3.490000
 142 3.510000
 143 3.940000
 144 3.940000
 145 3.940000
 146 3.780000
 147 3.780000
 148 2.850000
 149 2.830000
 150 2.830000
 151 2.820000
 152 2.800000
 153 2.830000
 154 2.810000
 155 2.820000
 156 2.820000
 157 2.800000
 158 2.820000
 159 2.800000
 160 2.800000
 161 2.800000
 162 2.770000
 163 2.780000
 164 2.770000
 165 2.790000
 166 2.800000
 167 2.840000
 168 2.830000
 169 2.830000
 170 2.730000
 171 2.700000
 172 2.720000
 173 2.720000
 174 2.700000
 175 2.690000
 176 2.690000
 177 2.710000
 178 2.690000
 179 2.670000
 180 2.670000
 181 2.670000
 182 2.660000
 183 2.710000
 184 2.750000
 185 2.750000
 186 2.770000
 187 2.750000
 188 2.730000
 189 2.770000
 190 2.680000
 191 2.680000
 192 2.660000
 193 2.680000
 194 2.680000
 195 2.660000
 196 2.680000
 197 2.680000
 198 2.660000
 199 2.660000
 200 2.660000
 201 2.670000
 202 2.710000
 203 2.680000
 204 2.710000
 205 2.720000
 206 2.680000
 207 2.680000
 208 2.650000
 209 2.590000
 210 2.600000
 211 2.600000
 212 2.600000
 213 2.600000
 214 2.600000
 215 2.570000
 216 2.600000
 217 2.600000
 218 2.600000
 219 2.580000
 220 2.590000
 221 2.630000
 222 2.780000
 223 2.680000
 224 2.660000
 225 3.160000
 226 3.200000
 227 3.170000
 228 3.270000
 229 3.300000
 230 2.070000
 231 1.970000
 232 1.970000
 233 2.000000
 234 2.010000
 235 1.980000
 236 2.000000
 237 2.000000
 238 2.000000
 239 2.000000
 240 2.000000
 241 2.000000
 242 2.020000
 243 1.990000
 244 2.010000
 245 3.430000
 246 3.570000
 247 3.430000
 248 1.500000
 249 1.430000
 250 1.450000
 251 1.460000
 252 1.450000
 253 1.470000
 254 1.470000
 255 1.470000
 256 1.470000
 257 1.470000
 258 1.470000
 259 1.470000
 260 1.470000
 261 1.470000
 262 1.470000
 263 1.470000
 264 1.470000
 265 1.470000
 266 1.480000
 267 1.560000
 268 3.560000
 269 3.530000
 270 3.520000
 271 3.510000
 272 3.540000
 273 3.540000
 274 3.510000
 275 3.510000
 276 3.410000
 277 3.460000
 278 3.430000
 279 3.510000
 280 3.460000
 281 3.430000
 282 3.530000
 283 3.510000
 284 3.510000
 285 3.510000
 286 3.480000
 287 3.480000
 288 2.380000
 289 2.340000
 290 2.340000
 291 2.310000
 292 2.340000
 293 2.310000
 294 2.310000
 295 2.320000
 296 2.330000
 297 2.360000
 298 2.370000
 299 2.200000
 300 2.140000
 301 2.140000
 302 2.170000
 303 2.190000
 304 4.630000
 305 4.750000
 306 4.470000
 307 4.150000
 308 4.770000
 309 4.770000
 310 4.770000
 311 4.750000
 312 4.760000
 313 2.840000
 314 2.820000
 315 2.820000
 316 2.820000
 317 2.790000
 318 2.810000
 319 2.830000
 320 2.300000
 321 2.180000
 322 2.180000
 323 2.180000
 324 2.160000
 325 2.160000
 326 2.160000
 327 1.770000
 328 1.710000
 329 1.710000
 330 1.710000
 331 1.720000
 332 1.740000
 333 1.740000
 334 1.770000
 335 1.770000
 336 1.740000
 337 1.770000
 338 1.760000
 339 1.760000
 340 1.790000
 341 1.950000
 342 1.950000
 343 1.920000
 344 1.930000
 345 1.910000
 346 1.910000
 347 1.950000
 348 1.910000
 349 1.890000
 350 1.990000
 351 2.060000
 352 2.040000
 353 2.080000
 354 2.090000
 355 3.230000
 356 3.210000
 357 2.120000
 358 2.080000
 359 2.080000
 360 2.080000
 361 2.060000
 362 2.060000
 363 2.030000
 364 2.060000
 365 2.060000
 366 2.080000
 367 2.070000
 368 2.100000
 369 2.180000
 370 4.170000
 371 2.580000
 372 2.580000
 373 2.580000
 374 2.580000
 375 2.610000
 376 2.590000
 377 2.600000
 378 2.700000
 379 2.780000
 380 2.920000
 381 2.970000
 382 3.060000
 383 3.120000
 384 3.160000
 385 3.270000
 386 4.260000
 387 4.160000
 388 4.060000
 389 4.000000
 390 3.980000
 391 3.960000
 392 3.960000
 393 3.960000
 394 3.940000
 395 3.950000
 396 3.940000
 397 3.950000
 398 3.930000
 399 3.860000
 400 3.750000
 401 3.710000
 402 3.710000
 403 3.710000
 404 3.710000
 405 3.680000
 406 3.670000
 407 3.580000
 408 2.610000
 409 2.600000
 410 2.560000
 411 2.530000
 412 2.460000
 413 2.430000
 414 2.380000
 415 2.310000
 416 2.260000
 417 2.270000
 418 2.300000
 419 2.270000
 420 2.300000
 421 2.270000
 422 2.300000
 423 2.300000
 424 2.300000
 425 2.300000
 426 2.320000
 427 2.300000
 428 2.310000
 429 2.310000
 430 2.340000
 431 2.310000
 432 2.310000
 433 2.310000
 434 2.310000
 435 2.340000
 436 2.340000
 437 2.340000
 438 2.340000
 439 2.360000
 440 2.360000
 441 2.360000
 442 2.360000
 443 2.360000
 444 2.360000
 445 2.390000
 446 2.380000
 447 2.400000
 448 3.510000
 449 3.490000
 450 3.460000
 451 3.490000
 452 3.490000
 453 3.460000
 454 3.460000
 455 3.460000
 456 3.460000
 457 3.440000
 458 3.410000
 459 3.450000
 460 3.410000
 461 3.410000
 462 3.410000
 463 3.470000
 464 4.400000
 465 4.370000
 466 4.370000
 467 4.350000
 468 4.350000
 469 4.150000
 470 4.060000
 471 4.080000
 472 4.300000
 473 4.300000
 474 4.270000
 475 4.250000
 476 4.270000
 477 4.260000
 478 4.230000
 479 4.260000
 480 4.210000
 481 4.200000
 482 4.210000
 483 4.200000
 484 4.200000
 485 4.170000
 486 4.170000
 487 4.150000
 488 4.100000
 489 4.130000
 490 4.120000
 491 4.110000
 492 4.130000
 493 4.110000
 494 3.240000
 495 3.320000
 496 3.320000
 497 3.220000
 498 3.250000
 499 3.230000
 500 3.350000
 501 3.400000
 502 3.400000
 503 4.030000
 504 4.010000
 505 4.030000
 506 4.010000
 507 4.010000
 508 3.980000
 509 3.980000
 510 3.980000
 511 3.960000
 512 3.960000
 513 3.960000
 514 3.960000
 515 3.320000
 516 3.090000
 517 3.080000
 518 3.210000
 519 3.210000
 520 3.080000
 521 3.180000
 522 3.140000
 523 3.120000
 524 3.110000
 525 3.090000
 526 3.090000
 527 3.110000
 528 3.090000
 529 3.080000
 530 3.060000
 531 3.060000
 532 3.060000
 533 3.040000
 534 3.040000
 535 3.040000
 536 3.050000
 537 3.060000
 538 3.060000
 539 3.090000
 540 3.060000
 541 3.040000
 542 3.090000
 543 3.060000
 544 3.030000
 545 3.060000
 546 2.980000
 547 3.050000
 548 3.010000
 549 3.010000
 550 3.050000
 551 3.080000
 552 3.060000
 553 3.050000
 554 3.090000
 555 3.110000
 556 3.110000
 557 3.080000
 558 3.090000
 559 3.090000
 560 3.120000
 561 3.120000
 562 3.140000
 563 3.150000
 564 3.180000
 565 3.190000
 566 3.160000
 567 3.180000
 568 5.550000
 569 5.830000
 570 5.880000
 571 5.930000
 572 5.980000
 573 5.980000
 574 6.070000
 575 6.090000
 576 6.080000
 577 6.080000
 578 6.100000
 579 6.120000
 580 6.100000
 581 6.120000
 582 6.150000
 583 6.120000
 584 6.130000
 585 6.150000
 586 6.150000
 587 6.170000
 588 6.170000
 589 6.170000
 590 6.170000
 591 6.200000
 592 6.200000
 593 6.190000
 594 6.220000
 595 6.220000
 596 6.240000
 597 6.240000
 598 6.240000
 599 6.240000
 600 6.240000
 601 6.270000
 602 6.290000
 603 4.480000
 604 4.300000
 605 4.300000
 606 4.320000
 607 6.310000
 608 3.270000
 609 3.260000
 610 3.270000
 611 3.360000
 612 3.520000
 613 3.970000
 614 3.700000
 615 3.690000
 616 3.660000
 617 3.690000
 618 3.690000
 619 3.690000
 620 3.690000
 621 3.710000
 622 3.340000
 623 3.390000
 624 3.690000
 625 3.710000
 626 3.710000
 627 3.740000
 628 3.740000
 629 3.740000
 630 3.660000
 631 3.660000
 632 3.660000
 633 3.690000
 634 3.690000
 635 3.690000
 636 3.690000
 637 3.690000
 638 3.690000
 639 3.710000
 640 3.740000
 641 3.740000
 642 3.740000
 643 3.740000
 644 3.740000
 645 3.740000
 646 3.740000
 647 3.760000
 648 3.760000
 649 3.760000
 650 3.790000
 651 3.780000
 652 3.750000
 653 3.700000
 654 3.670000
 655 3.430000
 656 3.160000
 657 3.270000
 658 3.500000
 659 3.480000
 660 3.460000
 661 3.400000
 662 3.360000
 663 3.110000
 664 3.060000
 665 3.060000
 666 3.050000
 667 3.030000
 668 3.060000
 669 3.120000
 670 3.020000
 671 2.930000
 672 2.990000
 673 2.990000
 674 2.990000
 675 3.020000
 676 3.070000
 677 3.070000
 678 3.040000
 679 3.070000
 680 3.100000
 681 3.070000
 682 3.090000
 683 3.090000
 684 3.080000
 685 3.090000
 686 3.090000
 687 3.150000
 688 3.150000
 689 2.880000
 690 2.770000
 691 2.740000
 692 2.740000
 693 2.730000
 694 2.710000
 695 2.680000
 696 2.720000
 697 2.660000
 698 2.650000
 699 2.640000
 700 2.600000
 701 2.590000
 702 2.570000
 703 2.510000
 704 2.490000
 705 2.430000
 706 2.430000
 707 2.380000
 708 2.380000
 709 2.330000
 710 2.360000
 711 2.340000
 712 2.290000
 713 2.240000
 714 2.240000
 715 2.240000
 716 2.230000
 717 2.180000
 718 2.190000
 719 2.200000
 720 2.180000
 721 2.060000
 722 2.160000
 723 2.200000
 724 2.170000
 725 2.170000
 726 2.030000
 727 2.100000
 728 2.070000
 729 2.070000
 730 2.070000
 731 2.070000
 732 2.050000
 733 1.910000
 734 2.000000
 735 1.940000
 736 1.970000
 737 1.970000
 738 1.920000
 739 1.920000
 740 1.830000
 741 1.810000
 742 1.780000
 743 1.780000
 744 1.850000
 745 1.760000
 746 1.780000
 747 1.730000
 748 1.710000
 749 1.710000
 750 1.800000
 751 1.770000
 752 1.720000
 753 1.720000
 754 1.670000
 755 1.670000
 756 1.630000
 757 1.640000
 758 1.660000
 759 1.530000
 760 1.550000
 0 2.320000
 1 2.330000
 2 2.330000
 3 2.200000
 4 2.310000
 5 2.310000
 6 2.280000
 7 2.280000
 8 2.260000
 9 2.260000
 10 2.250000
 11 2.170000
 12 3.280000
 13 2.150000
 14 3.270000
 15 2.160000
 16 2.180000
 17 2.260000
 18 2.250000
 19 2.260000
 20 2.280000
 21 2.280000
 22 2.280000
 23 2.300000
 24 2.270000
 25 2.210000
 26 2.240000
 27 2.210000
 28 2.260000
 29 2.230000
 30 2.370000
 31 2.370000
 32 2.370000
 33 2.400000
 34 2.400000
 35 2.450000
 36 2.470000
 37 2.440000
 38 2.490000
 39 2.550000
 40 2.550000
 41 2.580000
 42 2.610000
 43 2.610000
 44 2.660000
 45 2.680000
 46 2.710000
 47 2.710000
 48 2.840000
 49 2.890000
 50 2.910000
 51 2.830000
 52 2.810000
 53 2.810000
 54 2.800000
 55 2.820000
 56 2.820000
 57 2.870000
 58 2.910000
 59 2.910000
 60 2.930000
 61 2.960000
 62 2.960000
 63 2.950000
 64 3.010000
 65 3.010000
 66 3.080000
 67 3.080000
 68 3.060000
 69 3.080000
 70 3.140000
 71 3.160000
 72 3.160000
 73 3.210000
 74 3.210000
 75 3.240000
 76 3.240000
 77 3.260000
 78 3.290000
 79 3.260000
 80 3.310000
 81 3.290000
 82 3.310000
 83 3.360000
 84 3.360000
 85 3.360000
 86 3.380000
 87 3.410000
 88 3.410000
 89 3.450000
 90 3.370000
 91 3.440000
 92 3.490000
 93 3.460000
 94 3.510000
 95 3.570000
 96 3.590000
 97 3.590000
 98 3.620000
 99 3.800000
 100 3.800000
 101 3.830000
 102 3.830000
 103 3.830000
 104 3.850000
 105 3.870000
 106 3.870000
 107 3.870000
 108 3.920000
 109 3.830000
 110 3.960000
 111 3.880000
 112 3.860000
 113 3.860000
 114 4.060000
 115 4.060000
 116 4.060000
 117 4.060000
 118 4.080000
 119 4.080000
 120 4.100000
 121 4.060000
 122 3.960000
 123 3.990000
 124 3.960000
 125 3.960000
 126 3.930000
 127 4.020000
 128 3.980000
 129 4.060000
 130 4.010000
 131 4.010000
 132 3.980000
 133 4.010000
 134 3.990000
 135 3.960000
 136 3.910000
 137 3.970000
 138 3.990000
 139 3.560000
 140 3.460000
 141 3.520000
 142 3.530000
 143 3.940000
 144 3.920000
 145 3.920000
 146 3.780000
 147 3.780000
 148 2.830000
 149 2.840000
 150 2.820000
 151 2.820000
 152 2.810000
 153 2.800000
 154 2.780000
 155 2.820000
 156 2.800000
 157 2.820000
 158 2.820000
 159 2.800000
 160 2.800000
 161 2.770000
 162 2.800000
 163 2.780000
 164 2.790000
 165 2.790000
 166 2.840000
 167 2.870000
 168 2.860000
 169 2.830000
 170 2.730000
 171 2.700000
 172 2.700000
 173 2.700000
 174 2.700000
 175 2.690000
 176 2.690000
 177 2.690000
 178 2.690000
 179 2.700000
 180 2.670000
 181 2.670000
 182 2.660000
 183 2.720000
 184 2.760000
 185 2.750000
 186 2.770000
 187 2.720000
 188 2.730000
 189 2.750000
 190 2.680000
 191 2.680000
 192 2.680000
 193 2.660000
 194 2.690000
 195 2.690000
 196 2.660000
 197 2.660000
 198 2.680000
 199 2.660000
 200 2.630000
 201 2.670000
 202 2.710000
 203 2.680000
 204 2.680000
 205 2.720000
 206 2.680000
 207 2.680000
 208 2.630000
 209 2.610000
 210 2.630000
 211 2.600000
 212 2.600000
 213 2.600000
 214 2.580000
 215 2.600000
 216 2.580000
 217 2.600000
 218 2.600000
 219 2.570000
 220 2.560000
 221 2.650000
 222 2.780000
 223 2.680000
 224 2.660000
 225 3.150000
 226 3.190000
 227 3.140000
 228 3.270000
 229 3.300000
 230 2.040000
 231 1.970000
 232 1.970000
 233 1.970000
 234 2.010000
 235 2.010000
 236 1.970000
 237 1.970000
 238 2.000000
 239 2.000000
 240 2.000000
 241 2.000000
 242 2.000000
 243 1.990000
 244 2.030000
 245 3.460000
 246 3.570000
 247 3.430000
 248 1.480000
 249 1.430000
 250 1.450000
 251 1.450000
 252 1.450000
 253 1.470000
 254 1.450000
 255 1.450000
 256 1.470000
 257 1.470000
 258 1.470000
 259 1.470000
 260 1.470000
 261 1.470000
 262 1.470000
 263 1.500000
 264 1.470000
 265 1.470000
 266 1.480000
 267 1.530000
 268 3.570000
 269 3.530000
 270 3.520000
 271 3.510000
 272 3.510000
 273 3.520000
 274 3.510000
 275 3.510000
 276 3.430000
 277 3.460000
 278 3.460000
 279 3.430000
 280 3.460000
 281 3.430000
 282 3.500000
 283 3.540000
 284 3.490000
 285 3.510000
 286 3.490000
 287 3.480000
 288 2.390000
 289 2.340000
 290 2.340000
 291 2.340000
 292 2.310000
 293 2.310000
 294 2.310000
 295 2.320000
 296 2.330000
 297 2.360000
 298 2.370000
 299 2.170000
 300 2.140000
 301 2.140000
 302 2.170000
 303 2.180000
 304 4.630000
 305 4.750000
 306 4.470000
 307 4.130000
 308 4.770000
 309 4.770000
 310 4.770000
 311 4.770000
 312 4.770000
 313 2.840000
 314 2.850000
 315 2.820000
 316 2.800000
 317 2.820000
 318 2.810000
 319 2.830000
 320 2.270000
 321 2.180000
 322 2.180000
 323 2.160000
 324 2.190000
 325 2.160000
 326 2.160000
 327 1.770000
 328 1.730000
 329 1.710000
 330 1.710000
 331 1.730000
 332 1.740000
 333 1.740000
 334 1.770000
 335 1.770000
 336 1.770000
 337 1.770000
 338 1.780000
 339 1.760000
 340 1.790000
 341 1.940000
 342 1.970000
 343 1.930000
 344 1.950000
 345 1.950000
 346 1.930000
 347 1.930000
 348 1.910000
 349 1.920000
 350 1.980000
 351 2.040000
 352 2.070000
 353 2.050000
 354 2.090000
 355 3.220000
 356 3.210000
 357 2.150000
 358 2.080000
 359 2.080000
 360 2.060000
 361 2.060000
 362 2.060000
 363 2.060000
 364 2.030000
 365 2.030000
 366 2.080000
 367 2.080000
 368 2.070000
 369 2.180000
 370 4.170000
 371 2.550000
 372 2.560000
 373 2.580000
 374 2.580000
 375 2.580000
 376 2.610000
 377 2.600000
 378 2.700000
 379 2.780000
 380 2.900000
 381 2.970000
 382 3.060000
 383 3.110000
 384 3.160000
 385 3.240000
 386 4.250000
 387 4.130000
 388 4.060000
 389 4.020000
 390 3.980000
 391 3.960000
 392 3.960000
 393 3.960000
 394 3.960000
 395 3.960000
 396 3.940000
 397 3.920000
 398 3.940000
 399 3.840000
 400 3.740000
 401 3.710000
 402 3.710000
 403 3.710000
 404 3.690000
 405 3.680000
 406 3.670000
 407 3.560000
 408 2.610000
 409 2.600000
 410 2.560000
 411 2.510000
 412 2.460000
 413 2.430000
 414 2.360000
 415 2.310000
 416 2.290000
 417 2.300000
 418 2.270000
 419 2.300000
 420 2.300000
 421 2.300000
 422 2.300000
 423 2.300000
 424 2.320000
 425 2.300000
 426 2.320000
 427 2.310000
 428 2.320000
 429 2.310000
 430 2.310000
 431 2.310000
 432 2.310000
 433 2.310000
 434 2.340000
 435 2.310000
 436 2.340000
 437 2.360000
 438 2.340000
 439 2.340000
 440 2.330000
 441 2.360000
 442 2.330000
 443 2.360000
 444 2.390000
 445 2.360000
 446 2.380000
 447 2.430000
 448 3.510000
 449 3.490000
 450 3.490000
 451 3.460000
 452 3.460000
 453 3.460000
 454 3.440000
 455 3.450000
 456 3.460000
 457 3.440000
 458 3.410000
 459 3.410000
 460 3.440000
 461 3.410000
 462 3.390000
 463 3.470000
 464 4.400000
 465 4.370000
 466 4.370000
 467 4.370000
 468 4.320000
 469 4.160000
 470 4.060000
 471 4.110000
 472 4.270000
 473 4.300000
 474 4.270000
 475 4.250000
 476 4.270000
 477 4.260000
 478 4.220000
 479 4.230000
 480 4.230000
 481 4.220000
 482 4.200000
 483 4.170000
 484 4.170000
 485 4.170000
 486 4.150000
 487 4.170000
 488 4.130000
 489 4.110000
 490 4.100000
 491 4.110000
 492 4.110000
 493 4.110000
 494 3.240000
 495 3.320000
 496 3.300000
 497 3.220000
 498 3.230000
 499 3.260000
 500 3.370000
 501 3.370000
 502 3.400000
 503 4.030000
 504 4.010000
 505 4.030000
 506 4.010000
 507 3.980000
 508 3.980000
 509 3.980000
 510 3.960000
 511 3.980000
 512 3.960000
 513 3.960000
 514 3.960000
 515 3.380000
 516 3.090000
 517 3.080000
 518 3.210000
 519 3.220000
 520 3.060000
 521 3.210000
 522 3.140000
 523 3.120000
 524 3.110000
 525 3.080000
 526 3.080000
 527 3.090000
 528 3.110000
 529 3.080000
 530 3.070000
 531 3.050000
 532 3.040000
 533 3.040000
 534 3.040000
 535 3.020000
 536 3.020000
 537 3.060000
 538 3.060000
 539 3.090000
 540 3.040000
 541 3.040000
 542 3.070000
 543 3.060000
 544 3.050000
 545 3.060000
 546 3.110000
 547 3.060000
 548 3.040000
 549 3.010000
 550 3.050000
 551 3.110000
 552 3.050000
 553 3.060000
 554 3.090000
 555 3.110000
 556 3.100000
 557 3.100000
 558 3.100000
 559 3.110000
 560 3.090000
 561 3.110000
 562 3.140000
 563 3.140000
 564 3.140000
 565 3.190000
 566 3.160000
 567 3.150000
 568 5.550000
 569 5.860000
 570 5.860000
 571 5.880000
 572 5.960000
 573 6.010000
 574 6.060000
 575 6.090000
 576 6.110000
 577 6.110000
 578 6.110000
 579 6.100000
 580 6.120000
 581 6.120000
 582 6.140000
 583 6.120000
 584 6.130000
 585 6.150000
 586 6.150000
 587 6.150000
 588 6.170000
 589 6.170000
 590 6.200000
 591 6.170000
 592 6.200000
 593 6.190000
 594 6.220000
 595 6.220000
 596 6.220000
 597 6.220000
 598 6.240000
 599 6.270000
 600 6.270000
 601 6.240000
 602 6.270000
 603 4.510000
 604 4.330000
 605 4.300000
 606 4.320000
 607 6.310000
 608 3.260000
 609 3.230000
 610 3.240000
 611 3.360000
 612 3.520000
 613 3.970000
 614 3.700000
 615 3.690000
 616 3.710000
 617 3.690000
 618 3.690000
 619 3.690000
 620 3.690000
 621 3.710000
 622 3.310000
 623 3.390000
 624 3.710000
 625 3.710000
 626 3.740000
 627 3.710000
 628 3.740000
 629 3.740000
 630 3.690000
 631 3.660000
 632 3.690000
 633 3.690000
 634 3.690000
 635 3.690000
 636 3.690000
 637 3.710000
 638 3.710000
 639 3.710000
 640 3.710000
 641 3.710000
 642 3.710000
 643 3.740000
 644 3.760000
 645 3.740000
 646 3.740000
 647 3.760000
 648 3.760000
 649 3.760000
 650 3.790000
 651 3.780000
 652 3.750000
 653 3.700000
 654 3.670000
 655 3.430000
 656 3.160000
 657 3.270000
 658 3.500000
 659 3.460000
 660 3.430000
 661 3.400000
 662 3.380000
 663 3.080000
 664 3.080000
 665 3.080000
 666 3.020000
 667 3.000000
 668 3.060000
 669 3.120000
 670 3.020000
 671 2.930000
 672 2.990000
 673 2.990000
 674 3.010000
 675 3.020000
 676 3.070000
 677 3.070000
 678 3.040000
 679 3.040000
 680 3.100000
 681 3.070000
 682 3.090000
 683 3.090000
 684 3.080000
 685 3.090000
 686 3.090000
 687 3.120000
 688 3.150000
 689 2.880000
 690 2.760000
 691 2.740000
 692 2.740000
 693 2.730000
 694 2.710000
 695 2.720000
 696 2.720000
 697 2.670000
 698 2.640000
 699 2.640000
 700 2.620000
 701 2.590000
 702 2.560000
 703 2.510000
 704 2.520000
 705 2.460000
 706 2.430000
 707 2.380000
 708 2.380000
 709 2.360000
 710 2.330000
 711 2.320000
 712 2.290000
 713 2.270000
 714 2.240000
 715 2.240000
 716 2.260000
 717 2.190000
 718 2.190000
 719 2.200000
 720 2.210000
 721 2.080000
 722 2.160000
 723 2.170000
 724 2.200000
 725 2.170000
 726 2.030000
 727 2.100000
 728 2.070000
 729 2.100000
 730 2.070000
 731 2.050000
 732 2.050000
 733 1.910000
 734 2.000000
 735 1.970000
 736 2.000000
 737 1.970000
 738 1.950000
 739 1.950000
 740 1.810000
 741 1.810000
 742 1.810000
 743 1.780000
 744 1.820000
 745 1.760000
 746 1.760000
 747 1.710000
 748 1.700000
 749 1.710000
 750 1.800000
 751 1.770000
 752 1.740000
 753 1.720000
 754 1.670000
 755 1.670000
 756 1.640000
 757 1.620000
 758 1.660000
 759 1.530000
 760 1.520000
 0 2.300000
 1 2.330000
 2 2.330000
 3 2.190000
 4 2.310000
 5 2.160000
 6 2.260000
 7 2.280000
 8 2.260000
 9 2.260000
 10 2.250000
 11 2.200000
 12 3.280000
 13 2.180000
 14 3.250000
 15 2.160000
 16 2.130000
 17 2.230000
 18 2.300000
 19 2.260000
 20 2.280000
 21 2.280000
 22 2.280000
 23 2.320000
 24 2.270000
 25 2.210000
 26 2.240000
 27 2.210000
 28 2.230000
 29 2.230000
 30 2.370000
 31 2.370000
 32 2.370000
 33 2.400000
 34 2.400000
 35 2.420000
 36 2.470000
 37 2.470000
 38 2.470000
 39 2.550000
 40 2.520000
 41 2.580000
 42 2.610000
 43 2.630000
 44 2.660000
 45 2.680000
 46 2.680000
 47 2.710000
 48 2.840000
 49 2.890000
 50 2.890000
 51 2.830000
 52 2.780000
 53 2.810000
 54 2.800000
 55 2.800000
 56 2.840000
 57 2.850000
 58 2.910000
 59 2.910000
 60 2.930000
 61 2.930000
 62 2.960000
 63 2.950000
 64 3.010000
 65 3.030000
 66 3.080000
 67 3.080000
 68 3.080000
 69 3.060000
 70 3.110000
 71 3.160000
 72 3.190000
 73 3.240000
 74 3.210000
 75 3.240000
 76 3.260000
 77 3.260000
 78 3.260000
 79 3.290000
 80 3.290000
 81 3.290000
 82 3.330000
 83 3.360000
 84 3.360000
 85 3.360000
 86 3.360000
 87 3.380000
 88 3.430000
 89 3.420000
 90 3.360000
 91 3.440000
 92 3.490000
 93 3.450000
 94 3.490000
 95 3.570000
 96 3.590000
 97 3.580000
 98 3.630000
 99 3.800000
 100 3.830000
 101 3.830000
 102 3.830000
 103 3.830000
 104 3.870000
 105 3.870000
 106 3.850000
 107 3.880000
 108 3.780000
 109 3.830000
 110 3.960000
 111 3.830000
 112 3.860000
 113 3.860000
 114 4.060000
 115 4.060000
 116 4.060000
 117 4.060000
 118 4.080000
 119 4.080000
 120 4.100000
 121 4.060000
 122 3.960000
 123 4.000000
 124 3.960000
 125 3.960000
 126 3.960000
 127 4.020000
 128 4.000000
 129 4.030000
 130 4.010000
 131 4.010000
 132 3.980000
 133 3.980000
 134 3.980000
 135 3.950000
 136 3.920000
 137 3.970000
 138 3.970000
 139 3.530000
 140 3.460000
 141 3.490000
 142 3.510000
 143 3.940000
 144 3.920000
 145 3.940000
 146 3.780000
 147 3.780000
 148 2.830000
 149 2.800000
 150 2.820000
 151 2.840000
 152 2.800000
 153 2.830000
 154 2.780000
 155 2.820000
 156 2.800000
 157 2.800000
 158 2.800000
 159 2.800000
 160 2.800000
 161 2.800000
 162 2.800000
 163 2.780000
 164 2.770000
 165 2.790000
 166 2.810000
 167 2.840000
 168 2.860000
 169 2.860000
 170 2.730000
 171 2.700000
 172 2.700000
 173 2.700000
 174 2.700000
 175 2.690000
 176 2.690000
 177 2.690000
 178 2.660000
 179 2.700000
 180 2.670000
 181 2.700000
 182 2.680000
 183 2.720000
 184 2.780000
 185 2.770000
 186 2.770000
 187 2.740000
 188 2.730000
 189 2.750000
 190 2.700000
 191 2.680000
 192 2.680000
 193 2.680000
 194 2.680000
 195 2.660000
 196 2.660000
 197 2.660000
 198 2.660000
 199 2.660000
 200 2.660000
 201 2.660000
 202 2.680000
 203 2.680000
 204 2.680000
 205 2.720000
 206 2.680000
 207 2.700000
 208 2.650000
 209 2.590000
 210 2.600000
 211 2.600000
 212 2.600000
 213 2.600000
 214 2.600000
 215 2.600000
 216 2.600000
 217 2.600000
 218 2.600000
 219 2.600000
 220 2.590000
 221 2.630000
 222 2.780000
 223 2.680000
 224 2.660000
 225 3.150000
 226 3.190000
 227 3.140000
 228 3.270000
 229 3.300000
 230 2.070000
 231 1.940000
 232 1.970000
 233 1.970000
 234 2.010000
 235 2.010000
 236 2.000000
 237 1.970000
 238 2.000000
 239 2.000000
 240 1.970000
 241 1.970000
 242 2.000000
 243 1.990000
 244 2.010000
 245 3.460000
 246 3.550000
 247 3.460000
 248 1.480000
 249 1.460000
 250 1.450000
 251 1.450000
 252 1.480000
 253 1.450000
 254 1.450000
 255 1.470000
 256 1.450000
 257 1.470000
 258 1.470000
 259 1.470000
 260 1.470000
 261 1.470000
 262 1.470000
 263 1.470000
 264 1.500000
 265 1.470000
 266 1.480000
 267 1.510000
 268 3.560000
 269 3.530000
 270 3.520000
 271 3.510000
 272 3.540000
 273 3.520000
 274 3.510000
 275 3.510000
 276 3.540000
 277 3.450000
 278 3.430000
 279 3.490000
 280 3.460000
 281 3.460000
 282 3.520000
 283 3.540000
 284 3.480000
 285 3.540000
 286 3.440000
 287 3.460000
 288 2.390000
 289 2.360000
 290 2.340000
 291 2.340000
 292 2.310000
 293 2.310000
 294 2.310000
 295 2.320000
 296 2.330000
 297 2.360000
 298 2.390000
 299 2.200000
 300 2.170000
 301 2.170000
 302 2.140000
 303 2.180000
 304 4.630000
 305 4.750000
 306 4.500000
 307 4.150000
 308 4.770000
 309 4.770000
 310 4.770000
 311 4.770000
 312 4.770000
 313 2.840000
 314 2.820000
 315 2.850000
 316 2.820000
 317 2.810000
 318 2.810000
 319 2.860000
 320 2.270000
 321 2.180000
 322 2.160000
 323 2.160000
 324 2.160000
 325 2.160000
 326 2.160000
 327 1.740000
 328 1.710000
 329 1.710000
 330 1.710000
 331 1.710000
 332 1.740000
 333 1.740000
 334 1.770000
 335 1.740000
 336 1.770000
 337 1.770000
 338 1.760000
 339 1.760000
 340 1.790000
 341 1.940000
 342 1.940000
 343 1.950000
 344 1.930000
 345 1.920000
 346 1.940000
 347 1.910000
 348 1.910000
 349 1.890000
 350 1.970000
 351 2.040000
 352 2.040000
 353 2.080000
 354 2.120000
 355 3.210000
 356 3.210000
 357 2.120000
 358 2.060000
 359 2.060000
 360 2.060000
 361 2.060000
 362 2.080000
 363 2.060000
 364 2.060000
 365 2.060000
 366 2.060000
 367 2.070000
 368 2.070000
 369 2.180000
 370 4.170000
 371 2.570000
 372 2.560000
 373 2.580000
 374 2.580000
 375 2.580000
 376 2.610000
 377 2.600000
 378 2.680000
 379 2.790000
 380 2.900000
 381 2.970000
 382 3.060000
 383 3.110000
 384 3.180000
 385 3.270000
 386 4.260000
 387 4.160000
 388 4.080000
 389 3.990000
 390 3.970000
 391 3.960000
 392 3.940000
 393 3.960000
 394 3.960000
 395 3.950000
 396 3.940000
 397 3.920000
 398 3.920000
 399 3.890000
 400 3.760000
 401 3.740000
 402 3.740000
 403 3.710000
 404 3.710000
 405 3.690000
 406 3.640000
 407 3.590000
 408 2.610000
 409 2.600000
 410 2.560000
 411 2.530000
 412 2.460000
 413 2.430000
 414 2.380000
 415 2.310000
 416 2.290000
 417 2.300000
 418 2.300000
 419 2.300000
 420 2.300000
 421 2.300000
 422 2.300000
 423 2.300000
 424 2.300000
 425 2.320000
 426 2.300000
 427 2.310000
 428 2.310000
 429 2.310000
 430 2.310000
 431 2.310000
 432 2.310000
 433 2.310000
 434 2.310000
 435 2.340000
 436 2.340000
 437 2.360000
 438 2.340000
 439 2.360000
 440 2.360000
 441 2.360000
 442 2.360000
 443 2.360000
 444 2.360000
 445 2.360000
 446 2.360000
 447 2.410000
 448 3.510000
 449 3.510000
 450 3.510000
 451 3.490000
 452 3.490000
 453 3.460000
 454 3.460000
 455 3.440000
 456 3.460000
 457 3.440000
 458 3.410000
 459 3.420000
 460 3.410000
 461 3.410000
 462 3.410000
 463 3.490000
 464 4.370000
 465 4.370000
 466 4.370000
 467 4.350000
 468 4.320000
 469 4.150000
 470 4.060000
 471 4.070000
 472 4.270000
 473 4.300000
 474 4.270000
 475 4.270000
 476 4.270000
 477 4.260000
 478 4.250000
 479 4.230000
 480 4.230000
 481 4.200000
 482 4.210000
 483 4.200000
 484 4.170000
 485 4.170000
 486 4.150000
 487 4.150000
 488 4.120000
 489 4.100000
 490 4.130000
 491 4.110000
 492 4.130000
 493 4.110000
 494 3.270000
 495 3.320000
 496 3.300000
 497 3.220000
 498 3.230000
 499 3.230000
 500 3.350000
 501 3.370000
 502 3.400000
 503 4.010000
 504 4.010000
 505 4.010000
 506 4.010000
 507 3.980000
 508 3.980000
 509 3.980000
 510 3.980000
 511 3.960000
 512 3.980000
 513 3.960000
 514 3.960000
 515 3.260000
 516 3.080000
 517 3.110000
 518 3.210000
 519 3.210000
 520 3.110000
 521 3.180000
 522 3.170000
 523 3.140000
 524 3.110000
 525 3.090000
 526 3.090000
 527 3.090000
 528 3.100000
 529 3.090000
 530 3.070000
 531 3.060000
 532 3.040000
 533 3.040000
 534 3.040000
 535 3.040000
 536 3.060000
 537 3.040000
 538 3.060000
 539 3.090000
 540 3.060000
 541 3.040000
 542 3.070000
 543 3.090000
 544 3.040000
 545 3.040000
 546 3.090000
 547 3.060000
 548 3.010000
 549 3.010000
 550 3.080000
 551 3.120000
 552 3.050000
 553 3.050000
 554 3.090000
 555 3.110000
 556 3.090000
 557 3.080000
 558 3.080000
 559 3.090000
 560 3.110000
 561 3.110000
 562 3.140000
 563 3.140000
 564 3.180000
 565 3.210000
 566 3.130000
 567 3.180000
 568 5.550000
 569 5.810000
 570 5.910000
 571 5.910000
 572 6.020000
 573 6.010000
 574 6.080000
 575 6.060000
 576 6.080000
 577 6.080000
 578 6.110000
 579 6.100000
 580 6.100000
 581 6.120000
 582 6.140000
 583 6.140000
 584 6.140000
 585 6.150000
 586 6.150000
 587 6.150000
 588 6.170000
 589 6.170000
 590 6.170000
 591 6.200000
 592 6.200000
 593 6.190000
 594 6.220000
 595 6.190000
 596 6.220000
 597 6.220000
 598 6.240000
 599 6.270000
 600 6.270000
 601 6.270000
 602 6.270000
 603 4.480000
 604 4.330000
 605 4.300000
 606 4.320000
 607 6.310000
 608 3.260000
 609 3.240000
 610 3.240000
 611 3.340000
 612 3.520000
 613 4.000000
 614 3.730000
 615 3.690000
 616 3.690000
 617 3.710000
 618 3.710000
 619 3.690000
 620 3.690000
 621 3.710000
 622 3.310000
 623 3.390000
 624 3.710000
 625 3.710000
 626 3.710000
 627 3.740000
 628 3.740000
 629 3.740000
 630 3.690000
 631 3.660000
 632 3.690000
 633 3.690000
 634 3.690000
 635 3.690000
 636 3.690000
 637 3.690000
 638 3.710000
 639 3.690000
 640 3.710000
 641 3.740000
 642 3.740000
 643 3.740000
 644 3.740000
 645 3.740000
 646 3.760000
 647 3.760000
 648 3.760000
 649 3.760000
 650 3.790000
 651 3.760000
 652 3.750000
 653 3.670000
 654 3.670000
 655 3.410000
 656 3.190000
 657 3.270000
 658 3.500000
 659 3.480000
 660 3.430000
 661 3.430000
 662 3.380000
 663 3.080000
 664 3.080000
 665 3.060000
 666 3.050000
 667 3.000000
 668 3.060000
 669 3.120000
 670 3.020000
 671 2.930000
 672 2.960000
 673 2.990000
 674 2.990000
 675 3.040000
 676 3.070000
 677 3.040000
 678 3.040000
 679 3.070000
 680 3.070000
 681 3.070000
 682 3.090000
 683 3.090000
 684 3.080000
 685 3.090000
 686 3.120000
 687 3.120000
 688 3.150000
 689 2.890000
 690 2.740000
 691 2.740000
 692 2.760000
 693 2.760000
 694 2.730000
 695 2.680000
 696 2.720000
 697 2.670000
 698 2.640000
 699 2.640000
 700 2.590000
 701 2.570000
 702 2.540000
 703 2.510000
 704 2.520000
 705 2.430000
 706 2.430000
 707 2.400000
 708 2.360000
 709 2.360000
 710 2.330000
 711 2.340000
 712 2.290000
 713 2.300000
 714 2.270000
 715 2.240000
 716 2.110000
 717 2.180000
 718 2.170000
 719 2.200000
 720 2.180000
 721 2.080000
 722 2.160000
 723 2.170000
 724 2.170000
 725 2.150000
 726 2.010000
 727 2.100000
 728 2.050000
 729 2.070000
 730 2.070000
 731 2.070000
 732 2.050000
 733 2.070000
 734 2.000000
 735 1.970000
 736 1.970000
 737 1.970000
 738 1.950000
 739 1.920000
 740 1.830000
 741 1.780000
 742 1.810000
 743 1.780000
 744 1.870000
 745 1.780000
 746 1.760000
 747 1.730000
 748 1.730000
 749 1.710000
 750 1.800000
 751 1.770000
 752 1.740000
 753 1.690000
 754 1.690000
 755 1.640000
 756 1.640000
 757 1.640000
 758 1.630000
 759 1.530000
 760 1.530000