
 0 2.120000
 1 2.100000
 2 2.090000
 3 2.100000
 4 2.100000
 5 2.090000
 6 2.100000
 7 2.100000
 8 2.100000
 9 2.100000
 10 2.140000
 11 2.120000
 12 2.100000
 13 2.100000
 14 2.100000
 15 2.110000
 16 2.130000
 17 2.100000
 18 2.120000
 19 2.160000
 20 2.180000
 21 2.160000
 22 2.180000
 23 2.180000
 24 2.160000
 25 2.180000
 26 2.140000
 27 2.140000
 28 2.150000
 29 2.150000
 30 2.160000
 31 2.180000
 32 2.190000
 33 2.180000
 34 2.190000
 35 2.180000
 36 2.180000
 37 2.180000
 38 2.180000
 39 2.270000
 40 2.250000
 41 2.130000
 42 2.150000
 43 2.150000
 44 2.150000
 45 2.210000
 46 2.230000
 47 2.230000
 48 2.210000
 49 2.180000
 50 2.180000
 51 2.190000
 52 2.200000
 53 2.220000
 54 2.230000
 55 2.240000
 56 2.240000
 57 2.210000
 58 2.210000
 59 2.210000
 60 2.210000
 61 2.220000
 62 2.220000
 63 2.230000
 64 2.250000
 65 2.280000
 66 2.250000
 67 2.260000
 68 2.280000
 69 2.270000
 70 2.280000
 71 2.300000
 72 2.280000
 73 2.260000
 74 2.260000
 75 2.280000
 76 2.290000
 77 2.290000
 78 2.320000
 79 2.310000
 80 2.300000
 81 2.330000
 82 2.350000
 83 2.410000
 84 2.340000
 85 2.300000
 86 2.320000
 87 2.290000
 88 2.310000
 89 2.330000
 90 2.370000
 91 2.380000
 92 2.380000
 93 2.380000
 94 2.380000
 95 2.380000
 96 2.390000
 97 2.400000
 98 2.380000
 99 2.380000
 100 2.360000
 101 2.360000
 102 2.390000
 103 2.370000
 104 2.380000
 105 2.420000
 106 2.400000
 107 1.230000
 108 1.280000
 109 1.350000
 110 2.440000
 111 3.400000
 112 3.390000
 113 1.060000
 114 1.070000
 115 1.090000
 116 3.540000
 117 3.560000
 118 1.240000
 119 1.140000
 120 1.150000
 121 3.470000
 122 3.450000
 123 3.480000
 124 3.540000
 125 3.530000
 126 3.530000
 127 3.530000
 128 3.620000
 129 3.550000
 130 3.630000
 131 3.620000
 132 3.670000
 133 3.600000
 134 1.270000
 135 1.240000
 136 1.230000
 137 1.250000
 138 3.730000
 139 3.830000
 140 3.790000
 141 3.820000
 142 3.810000
 143 3.820000
 144 3.810000
 145 3.800000
 146 3.790000
 147 3.830000
 148 3.850000
 149 3.880000
 150 3.860000
 151 3.900000
 152 3.900000
 153 3.930000
 154 3.920000
 155 3.940000
 156 3.900000
 157 3.990000
 158 4.040000
 159 3.930000
 160 4.060000
 161 4.070000
 162 4.060000
 163 3.980000
 164 4.000000
 165 0.870000
 166 0.890000
 167 0.910000
 168 0.930000
 169 2.050000
 170 2.090000
 171 2.080000
 172 2.090000
 173 2.090000
 174 2.090000
 175 2.090000
 176 2.100000
 177 2.080000
 178 2.080000
 179 2.090000
 180 2.050000
 181 2.110000
 182 2.050000
 183 2.070000
 184 2.080000
 185 2.050000
 186 0.740000
 187 0.710000
 188 0.680000
 189 0.680000
 190 0.670000
 191 0.700000
 192 0.670000
 193 0.690000
 194 0.650000
 195 0.670000
 196 0.660000
 197 0.630000
 198 0.640000
 199 0.640000
 200 0.630000
 201 0.640000
 202 0.660000
 203 0.650000
 204 0.650000
 205 0.650000
 206 0.640000
 207 0.640000
 208 0.640000
 209 0.620000
 210 0.660000
 211 0.640000
 212 0.650000
 213 0.640000
 214 0.640000
 215 0.640000
 216 0.650000
 217 0.660000
 218 0.630000
 219 0.610000
 220 0.640000
 221 0.630000
 222 0.630000
 223 0.630000
 224 0.630000
 225 0.630000
 226 0.650000
 227 0.650000
 228 0.650000
 229 0.650000
 230 0.650000
 231 0.680000
 232 0.640000
 233 0.670000
 234 0.640000
 235 0.670000
 236 0.670000
 237 0.670000
 238 0.660000
 239 0.650000
 240 0.660000
 241 0.680000
 242 0.660000
 243 0.700000
 244 0.670000
 245 0.670000
 246 0.670000
 247 0.700000
 248 0.700000
 249 0.700000
 250 0.670000
 251 0.720000
 252 0.690000
 253 0.720000
 254 0.710000
 255 0.720000
 256 0.720000
 257 0.740000
 258 0.730000
 259 0.760000
 260 0.760000
 261 0.750000
 262 0.770000
 263 4.420000
 264 4.420000
 265 4.300000
 266 4.330000
 267 4.380000
 268 4.380000
 269 4.370000
 270 1.350000
 271 1.350000
 272 1.330000
 273 1.330000
 274 1.330000
 275 1.330000
 276 1.330000
 277 1.330000
 278 1.310000
 279 1.310000
 280 1.330000
 281 1.330000
 282 1.330000
 283 1.330000
 284 1.330000
 285 1.330000
 286 1.310000
 287 1.330000
 288 1.310000
 289 1.310000
 290 1.310000
 291 1.310000
 292 1.320000
 293 1.320000
 294 1.310000
 295 1.290000
 296 1.290000
 297 1.290000
 298 1.290000
 299 1.290000
 300 1.290000
 301 1.290000
 302 1.290000
 303 1.290000
 304 1.290000
 305 1.290000
 306 1.290000
 307 1.290000
 308 1.290000
 309 1.270000
 310 1.290000
 311 1.270000
 312 1.290000
 313 1.270000
 314 1.270000
 315 1.270000
 316 1.290000
 317 1.270000
 318 1.280000
 319 1.280000
 320 1.270000
 321 1.270000
 322 1.270000
 323 1.270000
 324 1.270000
 325 1.270000
 326 1.280000
 327 1.280000
 328 1.280000
 329 1.250000
 330 1.280000
 331 1.280000
 332 1.280000
 333 1.280000
 334 1.280000
 335 1.280000
 336 1.280000
 337 1.280000
 338 1.280000
 339 1.280000
 340 1.260000
 341 1.280000
 342 1.260000
 343 1.280000
 344 1.280000
 345 1.280000
 346 1.280000
 347 1.280000
 348 1.280000
 349 1.280000
 350 1.280000
 351 1.260000
 352 1.280000
 353 1.280000
 354 1.260000
 355 1.260000
 356 1.280000
 357 1.280000
 358 1.280000
 359 1.280000
 360 1.280000
 361 1.260000
 362 1.280000
 363 1.260000
 364 1.280000
 365 1.260000
 366 1.280000
 367 1.260000
 368 1.280000
 369 1.260000
 370 1.280000
 371 1.280000
 372 1.260000
 373 1.280000
 374 1.250000
 375 1.270000
 376 1.280000
 377 1.280000
 378 1.280000
 379 1.250000
 380 1.280000
 381 1.280000
 382 1.280000
 383 1.280000
 384 1.280000
 385 1.300000
 386 1.300000
 387 1.280000
 388 1.300000
 389 1.280000
 390 1.280000
 391 1.280000
 392 1.300000
 393 1.270000
 394 1.270000
 395 1.290000
 396 1.290000
 397 1.280000
 398 1.290000
 399 1.270000
 400 1.290000
 401 1.290000
 402 1.290000
 403 1.290000
 404 1.290000
 405 1.300000
 406 1.300000
 407 1.300000
 408 1.290000
 409 1.320000
 410 1.300000
 411 1.330000
 412 1.290000
 413 1.290000
 414 1.280000
 415 1.320000
 416 1.310000
 417 1.310000
 418 1.310000
 419 1.310000
 420 1.310000
 421 1.310000
 422 1.310000
 423 1.330000
 424 1.310000
 425 1.310000
 426 1.310000
 427 1.310000
 428 1.330000
 429 1.310000
 430 1.310000
 431 1.330000
 432 1.330000
 433 1.330000
 434 1.330000
 435 1.330000
 436 1.330000
 437 1.330000
 438 1.330000
 439 1.330000
 440 1.360000
 441 1.360000
 442 1.360000
 443 1.360000
 444 1.360000
 445 1.360000
 446 1.380000
 447 1.380000
 448 1.380000
 449 1.360000
 450 1.380000
 451 1.380000
 452 1.410000
 453 1.380000
 454 1.380000
 455 1.380000
 456 1.380000
 457 1.410000
 458 1.380000
 459 1.410000
 460 1.410000
 461 1.410000
 462 1.410000
 463 1.410000
 464 1.430000
 465 1.410000
 466 1.410000
 467 1.430000
 468 1.430000
 469 1.430000
 470 1.430000
 471 1.450000
 472 1.460000
 473 1.450000
 474 1.530000
 475 1.980000
 476 2.010000
 477 2.010000
 478 2.010000
 479 2.030000
 480 2.030000
 481 2.030000
 482 2.050000
 483 2.050000
 484 2.080000
 485 2.080000
 486 2.100000
 487 2.100000
 488 2.130000
 489 2.130000
 490 2.130000
 491 2.130000
 492 2.150000
 493 2.140000
 494 2.160000
 495 2.190000
 496 2.210000
 497 2.210000
 498 2.210000
 499 2.210000
 500 2.210000
 501 2.210000
 502 2.220000
 503 2.210000
 504 2.220000
 505 2.250000
 506 2.250000
 507 2.250000
 508 2.270000
 509 2.270000
 510 2.240000
 511 2.270000
 512 2.270000
 513 2.270000
 514 2.270000
 515 2.250000
 516 2.280000
 517 2.280000
 518 2.280000
 519 2.320000
 520 2.290000
 521 2.270000
 522 2.110000
 523 2.120000
 524 2.260000
 525 2.260000
 526 2.210000
 527 1.920000
 528 1.870000
 529 1.860000
 530 1.920000
 531 2.250000
 532 2.320000
 533 2.320000
 534 2.330000
 535 2.350000
 536 2.330000
 537 2.350000
 538 2.330000
 539 2.330000
 540 2.330000
 541 2.360000
 542 2.390000
 543 2.390000
 544 2.390000
 545 2.390000
 546 2.400000
 547 2.400000
 548 2.400000
 549 2.350000
 550 2.350000
 551 2.380000
 552 2.380000
 553 2.350000
 554 2.330000
 555 2.330000
 556 2.330000
 557 2.330000
 558 2.330000
 559 2.300000
 560 2.280000
 561 2.300000
 562 2.300000
 563 2.280000
 564 2.280000
 565 2.280000
 566 2.270000
 567 2.280000
 568 2.280000
 569 2.270000
 570 2.300000
 571 2.380000
 572 2.380000
 573 2.400000
 574 2.390000
 575 2.400000
 576 2.360000
 577 2.400000
 578 2.400000
 579 2.410000
 580 2.400000
 581 1.520000
 582 1.550000
 583 1.520000
 584 1.530000
 585 1.520000
 586 1.490000
 587 1.520000
 588 1.510000
 589 1.540000
 590 1.540000
 591 1.570000
 592 1.560000
 593 1.590000
 594 1.590000
 595 1.610000
 596 1.630000
 597 1.630000
 598 1.650000
 599 1.680000
 600 1.680000
 601 1.700000
 602 1.720000
 603 1.750000
 604 1.740000
 605 1.790000
 606 1.810000
 607 1.860000
 608 1.880000
 609 1.830000
 610 1.900000
 611 2.160000
 612 2.380000
 613 2.380000
 614 2.410000
 615 2.390000
 616 2.360000
 617 2.040000
 618 2.000000
 619 2.030000
 620 2.110000
 621 2.440000
 622 2.460000
 623 2.440000
 624 2.460000
 625 2.450000
 626 2.450000
 627 2.470000
 628 2.460000
 629 2.500000
 630 2.470000
 631 2.470000
 632 2.470000
 633 2.500000
 634 2.500000
 635 2.500000
 636 2.520000
 637 2.500000
 638 2.490000
 639 2.510000
 640 2.520000
 641 2.520000
 642 2.540000
 643 2.550000
 644 2.550000
 645 2.540000
 646 2.520000
 647 2.540000
 648 2.540000
 649 2.560000
 650 2.560000
 651 2.560000
 652 2.570000
 653 2.560000
 654 2.560000
 655 2.560000
 656 2.590000
 657 2.590000
 658 2.590000
 659 2.600000
 660 2.600000
 661 2.600000
 662 2.620000
 663 2.600000
 664 2.620000
 665 2.620000
 666 2.650000
 667 2.630000
 668 2.650000
 669 2.650000
 670 2.650000
 671 2.670000
 672 2.670000
 673 2.670000
 674 2.700000
 675 2.700000
 676 2.690000
 677 2.690000
 678 2.710000
 679 2.710000
 680 2.710000
 681 2.740000
 682 2.730000
 683 2.740000
 684 2.730000
 685 2.760000
 686 2.760000
 687 2.740000
 688 2.760000
 689 2.790000
 690 2.810000
 691 2.790000
 692 2.810000
 693 2.810000
 694 2.830000
 695 2.810000
 696 2.840000
 697 2.860000
 698 2.860000
 699 1.640000
 700 1.570000
 701 1.560000
 702 1.590000
 703 1.580000
 704 1.550000
 705 1.580000
 706 1.560000
 707 1.560000
 708 1.560000
 709 1.560000
 710 1.540000
 711 1.560000
 712 1.570000
 713 1.550000
 714 3.060000
 715 3.050000
 716 3.070000
 717 3.070000
 718 3.070000
 719 3.100000
 720 3.120000
 721 3.140000
 722 3.170000
 723 3.180000
 724 1.500000
 725 1.530000
 726 1.500000
 727 1.480000
 728 1.480000
 729 3.280000
 730 3.290000
 731 3.290000
 732 3.290000
 733 3.320000
 734 3.320000
 735 2.760000
 736 2.690000
 737 2.580000
 738 2.480000
 739 2.400000
 740 2.320000
 741 2.230000
 742 2.200000
 743 2.100000
 744 2.050000
 745 2.060000
 746 2.050000
 747 2.060000
 748 2.080000
 749 3.720000
 750 3.720000
 751 3.740000
 752 3.720000
 753 3.720000
 754 3.690000
 755 3.670000
 756 3.670000
 757 3.690000
 758 3.710000
 759 3.740000
 760 3.820000
 0 2.100000
 1 2.070000
 2 2.100000
 3 2.100000
 4 2.100000
 5 2.090000
 6 2.100000
 7 2.130000
 8 2.100000
 9 2.100000
 10 2.110000
 11 2.120000
 12 2.100000
 13 2.120000
 14 2.130000
 15 2.110000
 16 2.140000
 17 2.100000
 18 2.140000
 19 2.160000
 20 2.160000
 21 2.180000
 22 2.180000
 23 2.180000
 24 2.160000
 25 2.150000
 26 2.140000
 27 2.140000
 28 2.180000
 29 2.150000
 30 2.160000
 31 2.180000
 32 2.190000
 33 2.200000
 34 2.190000
 35 2.210000
 36 2.180000
 37 2.180000
 38 2.180000
 39 2.300000
 40 2.230000
 41 2.170000
 42 2.150000
 43 2.170000
 44 2.180000
 45 2.210000
 46 2.230000
 47 2.200000
 48 2.210000
 49 2.200000
 50 2.180000
 51 2.220000
 52 2.200000
 53 2.220000
 54 2.240000
 55 2.240000
 56 2.220000
 57 2.230000
 58 2.230000
 59 2.210000
 60 2.210000
 61 2.190000
 62 2.190000
 63 2.210000
 64 2.250000
 65 2.250000
 66 2.250000
 67 2.260000
 68 2.300000
 69 2.290000
 70 2.280000
 71 2.280000
 72 2.280000
 73 2.260000
 74 2.280000
 75 2.310000
 76 2.320000
 77 2.330000
 78 2.320000
 79 2.310000
 80 2.300000
 81 2.300000
 82 2.330000
 83 2.410000
 84 2.340000
 85 2.300000
 86 2.290000
 87 2.290000
 88 2.310000
 89 2.330000
 90 2.370000
 91 2.380000
 92 2.360000
 93 2.350000
 94 2.350000
 95 2.380000
 96 2.390000
 97 2.400000
 98 2.380000
 99 2.380000
 100 2.380000
 101 2.360000
 102 2.370000
 103 2.370000
 104 2.380000
 105 2.390000
 106 2.400000
 107 1.230000
 108 1.240000
 109 1.320000
 110 2.420000
 111 3.400000
 112 3.420000
 113 1.050000
 114 1.040000
 115 1.110000
 116 3.520000
 117 3.570000
 118 1.240000
 119 1.170000
 120 1.180000
 121 3.470000
 122 3.480000
 123 3.480000
 124 3.530000
 125 3.530000
 126 3.500000
 127 3.530000
 128 3.600000
 129 3.550000
 130 3.630000
 131 3.640000
 132 3.670000
 133 3.600000
 134 1.240000
 135 1.240000
 136 1.260000
 137 1.250000
 138 3.730000
 139 3.810000
 140 3.800000
 141 3.830000
 142 3.810000
 143 3.820000
 144 3.820000
 145 3.790000
 146 3.790000
 147 3.810000
 148 3.850000
 149 3.850000
 150 3.880000
 151 3.870000
 152 3.900000
 153 3.890000
 154 3.890000
 155 3.900000
 156 3.900000
 157 3.970000
 158 4.010000
 159 3.930000
 160 4.060000
 161 4.070000
 162 4.060000
 163 4.000000
 164 4.030000
 165 0.870000
 166 0.890000
 167 0.910000
 168 0.930000
 169 2.120000
 170 2.090000
 171 2.080000
 172 2.090000
 173 2.100000
 174 2.080000
 175 2.080000
 176 2.090000
 177 2.080000
 178 2.090000
 179 2.080000
 180 2.100000
 181 2.050000
 182 2.050000
 183 2.070000
 184 2.080000
 185 2.050000
 186 0.740000
 187 0.710000
 188 0.680000
 189 0.650000
 190 0.670000
 191 0.670000
 192 0.650000
 193 0.690000
 194 0.680000
 195 0.640000
 196 0.660000
 197 0.660000
 198 0.640000
 199 0.640000
 200 0.660000
 201 0.640000
 202 0.640000
 203 0.650000
 204 0.650000
 205 0.650000
 206 0.650000
 207 0.610000
 208 0.640000
 209 0.650000
 210 0.630000
 211 0.640000
 212 0.650000
 213 0.640000
 214 0.640000
 215 0.630000
 216 0.620000
 217 0.660000
 218 0.630000
 219 0.650000
 220 0.640000
 221 0.640000
 222 0.650000
 223 0.650000
 224 0.660000
 225 0.630000
 226 0.630000
 227 0.630000
 228 0.650000
 229 0.650000
 230 0.680000
 231 0.680000
 232 0.680000
 233 0.670000
 234 0.670000
 235 0.640000
 236 0.670000
 237 0.670000
 238 0.670000
 239 0.660000
 240 0.660000
 241 0.660000
 242 0.690000
 243 0.680000
 244 0.690000
 245 0.670000
 246 0.670000
 247 0.700000
 248 0.670000
 249 0.700000
 250 0.670000
 251 0.700000
 252 0.690000
 253 0.720000
 254 0.710000
 255 0.740000
 256 0.740000
 257 0.740000
 258 0.710000
 259 0.710000
 260 0.730000
 261 0.750000
 262 0.770000
 263 4.400000
 264 4.390000
 265 4.330000
 266 4.300000
 267 4.380000
 268 4.390000
 269 4.370000
 270 1.330000
 271 1.350000
 272 1.360000
 273 1.360000
 274 1.360000
 275 1.330000
 276 1.360000
 277 1.330000
 278 1.330000
 279 1.330000
 280 1.330000
 281 1.310000
 282 1.310000
 283 1.330000
 284 1.310000
 285 1.310000
 286 1.310000
 287 1.310000
 288 1.310000
 289 1.310000
 290 1.310000
 291 1.280000
 292 1.290000
 293 1.320000
 294 1.310000
 295 1.320000
 296 1.320000
 297 1.320000
 298 1.290000
 299 1.320000
 300 1.290000
 301 1.290000
 302 1.290000
 303 1.290000
 304 1.290000
 305 1.290000
 306 1.290000
 307 1.290000
 308 1.290000
 309 1.290000
 310 1.270000
 311 1.290000
 312 1.290000
 313 1.290000
 314 1.290000
 315 1.290000
 316 1.280000
 317 1.270000
 318 1.280000
 319 1.270000
 320 1.270000
 321 1.290000
 322 1.270000
 323 1.270000
 324 1.270000
 325 1.270000
 326 1.280000
 327 1.250000
 328 1.250000
 329 1.280000
 330 1.280000
 331 1.280000
 332 1.280000
 333 1.280000
 334 1.280000
 335 1.250000
 336 1.250000
 337 1.280000
 338 1.280000
 339 1.280000
 340 1.280000
 341 1.280000
 342 1.280000
 343 1.280000
 344 1.260000
 345 1.280000
 346 1.280000
 347 1.260000
 348 1.260000
 349 1.260000
 350 1.260000
 351 1.260000
 352 1.280000
 353 1.260000
 354 1.260000
 355 1.260000
 356 1.280000
 357 1.280000
 358 1.280000
 359 1.280000
 360 1.280000
 361 1.260000
 362 1.260000
 363 1.280000
 364 1.280000
 365 1.280000
 366 1.260000
 367 1.260000
 368 1.280000
 369 1.260000
 370 1.280000
 371 1.260000
 372 1.260000
 373 1.280000
 374 1.280000
 375 1.270000
 376 1.250000
 377 1.280000
 378 1.280000
 379 1.280000
 380 1.250000
 381 1.280000
 382 1.280000
 383 1.280000
 384 1.280000
 385 1.280000
 386 1.300000
 387 1.280000
 388 1.280000
 389 1.280000
 390 1.280000
 391 1.280000
 392 1.300000
 393 1.270000
 394 1.270000
 395 1.270000
 396 1.270000
 397 1.280000
 398 1.270000
 399 1.290000
 400 1.290000
 401 1.290000
 402 1.290000
 403 1.290000
 404 1.290000
 405 1.300000
 406 1.300000
 407 1.300000
 408 1.290000
 409 1.290000
 410 1.300000
 411 1.300000
 412 1.290000
 413 1.290000
 414 1.290000
 415 1.320000
 416 1.320000
 417 1.310000
 418 1.310000
 419 1.310000
 420 1.310000
 421 1.310000
 422 1.330000
 423 1.330000
 424 1.310000
 425 1.330000
 426 1.310000
 427 1.330000
 428 1.330000
 429 1.330000
 430 1.330000
 431 1.330000
 432 1.330000
 433 1.330000
 434 1.330000
 435 1.360000
 436 1.330000
 437 1.360000
 438 1.330000
 439 1.360000
 440 1.360000
 441 1.360000
 442 1.360000
 443 1.360000
 444 1.380000
 445 1.360000
 446 1.360000
 447 1.380000
 448 1.380000
 449 1.380000
 450 1.380000
 451 1.380000
 452 1.380000
 453 1.380000
 454 1.380000
 455 1.380000
 456 1.380000
 457 1.380000
 458 1.410000
 459 1.380000
 460 1.410000
 461 1.430000
 462 1.430000
 463 1.430000
 464 1.410000
 465 1.410000
 466 1.410000
 467 1.430000
 468 1.430000
 469 1.430000
 470 1.430000
 471 1.450000
 472 1.430000
 473 1.450000
 474 1.500000
 475 1.980000
 476 1.980000
 477 2.010000
 478 2.010000
 479 2.030000
 480 2.030000
 481 2.030000
 482 2.030000
 483 2.080000
 484 2.080000
 485 2.080000
 486 2.080000
 487 2.100000
 488 2.100000
 489 2.100000
 490 2.130000
 491 2.150000
 492 2.150000
 493 2.150000
 494 2.190000
 495 2.190000
 496 2.210000
 497 2.220000
 498 2.190000
 499 2.220000
 500 2.210000
 501 2.200000
 502 2.220000
 503 2.220000
 504 2.220000
 505 2.250000
 506 2.220000
 507 2.250000
 508 2.270000
 509 2.240000
 510 2.240000
 511 2.270000
 512 2.270000
 513 2.270000
 514 2.270000
 515 2.250000
 516 2.270000
 517 2.280000
 518 2.280000
 519 2.290000
 520 2.290000
 521 2.280000
 522 2.110000
 523 2.120000
 524 2.290000
 525 2.260000
 526 2.240000
 527 1.920000
 528 1.870000
 529 1.860000
 530 1.920000
 531 2.250000
 532 2.320000
 533 2.320000
 534 2.320000
 535 2.330000
 536 2.330000
 537 2.330000
 538 2.330000
 539 2.350000
 540 2.340000
 541 2.340000
 542 2.390000
 543 2.390000
 544 2.390000
 545 2.390000
 546 2.400000
 547 2.380000
 548 2.380000
 549 2.380000
 550 2.380000
 551 2.350000
 552 2.350000
 553 2.350000
 554 2.330000
 555 2.330000
 556 2.330000
 557 2.330000
 558 2.310000
 559 2.310000
 560 2.300000
 561 2.310000
 562 2.280000
 563 2.300000
 564 2.280000
 565 2.280000
 566 2.290000
 567 2.280000
 568 2.280000
 569 2.270000
 570 2.330000
 571 2.380000
 572 2.380000
 573 2.380000
 574 2.420000
 575 2.400000
 576 2.360000
 577 2.400000
 578 2.400000
 579 2.400000
 580 2.430000
 581 1.490000
 582 1.550000
 583 1.520000
 584 1.510000
 585 1.490000
 586 1.510000
 587 1.520000
 588 1.520000
 589 1.540000
 590 1.540000
 591 1.560000
 592 1.560000
 593 1.590000
 594 1.590000
 595 1.600000
 596 1.640000
 597 1.630000
 598 1.650000
 599 1.650000
 600 1.700000
 601 1.720000
 602 1.720000
 603 1.710000
 604 1.760000
 605 1.790000
 606 1.810000
 607 1.840000
 608 1.890000
 609 1.850000
 610 1.930000
 611 2.130000
 612 2.380000
 613 2.410000
 614 2.410000
 615 2.390000
 616 2.360000
 617 2.060000
 618 2.000000
 619 2.030000
 620 2.090000
 621 2.410000
 622 2.460000
 623 2.440000
 624 2.460000
 625 2.460000
 626 2.450000
 627 2.470000
 628 2.470000
 629 2.470000
 630 2.470000
 631 2.500000
 632 2.500000
 633 2.500000
 634 2.500000
 635 2.500000
 636 2.500000
 637 2.520000
 638 2.520000
 639 2.510000
 640 2.520000
 641 2.550000
 642 2.540000
 643 2.540000
 644 2.520000
 645 2.550000
 646 2.550000
 647 2.540000
 648 2.570000
 649 2.560000
 650 2.560000
 651 2.560000
 652 2.570000
 653 2.560000
 654 2.560000
 655 2.590000
 656 2.560000
 657 2.590000
 658 2.600000
 659 2.600000
 660 2.600000
 661 2.620000
 662 2.600000
 663 2.620000
 664 2.620000
 665 2.620000
 666 2.630000
 667 2.650000
 668 2.650000
 669 2.650000
 670 2.650000
 671 2.670000
 672 2.650000
 673 2.670000
 674 2.670000
 675 2.690000
 676 2.690000
 677 2.710000
 678 2.710000
 679 2.690000
 680 2.710000
 681 2.710000
 682 2.760000
 683 2.740000
 684 2.760000
 685 2.730000
 686 2.760000
 687 2.730000
 688 2.760000
 689 2.790000
 690 2.790000
 691 2.820000
 692 2.810000
 693 2.840000
 694 2.810000
 695 2.810000
 696 2.810000
 697 2.860000
 698 2.860000
 699 1.610000
 700 1.570000
 701 1.560000
 702 1.570000
 703 1.550000
 704 1.580000
 705 1.580000
 706 1.560000
 707 1.560000
 708 1.560000
 709 1.560000
 710 1.570000
 711 1.560000
 712 1.540000
 713 1.570000
 714 3.040000
 715 3.060000
 716 3.070000
 717 3.090000
 718 3.090000
 719 3.100000
 720 3.120000
 721 3.140000
 722 3.170000
 723 3.180000
 724 1.500000
 725 1.500000
 726 1.540000
 727 1.500000
 728 1.480000
 729 3.310000
 730 3.290000
 731 3.270000
 732 3.290000
 733 3.290000
 734 3.320000
 735 2.780000
 736 2.720000
 737 2.580000
 738 2.500000
 739 2.380000
 740 2.300000
 741 2.230000
 742 2.170000
 743 2.070000
 744 2.030000
 745 2.060000
 746 2.050000
 747 2.060000
 748 2.080000
 749 3.740000
 750 3.740000
 751 3.730000
 752 3.720000
 753 3.720000
 754 3.690000
 755 3.690000
 756 3.690000
 757 3.690000
 758 3.730000
 759 3.770000
 760 3.760000
 0 2.120000
 1 2.130000
 2 2.100000
 3 2.100000
 4 2.130000
 5 2.120000
 6 2.110000
 7 2.100000
 8 2.130000
 9 2.100000
 10 2.110000
 11 2.090000
 12 2.100000
 13 2.120000
 14 2.110000
 15 2.110000
 16 2.110000
 17 2.100000
 18 2.140000
 19 2.130000
 20 2.150000
 21 2.160000
 22 2.200000
 23 2.180000
 24 2.160000
 25 2.150000
 26 2.140000
 27 2.150000
 28 2.180000
 29 2.150000
 30 2.140000
 31 2.180000
 32 2.190000
 33 2.200000
 34 2.190000
 35 2.180000
 36 2.180000
 37 2.180000
 38 2.180000
 39 2.300000
 40 2.230000
 41 2.140000
 42 2.150000
 43 2.150000
 44 2.150000
 45 2.180000
 46 2.200000
 47 2.230000
 48 2.210000
 49 2.200000
 50 2.210000
 51 2.220000
 52 2.200000
 53 2.180000
 54 2.220000
 55 2.220000
 56 2.240000
 57 2.230000
 58 2.210000
 59 2.210000
 60 2.190000
 61 2.200000
 62 2.220000
 63 2.210000
 64 2.250000
 65 2.250000
 66 2.280000
 67 2.280000
 68 2.270000
 69 2.270000
 70 2.280000
 71 2.280000
 72 2.250000
 73 2.260000
 74 2.260000
 75 2.280000
 76 2.290000
 77 2.330000
 78 2.320000
 79 2.280000
 80 2.300000
 81 2.330000
 82 2.330000
 83 2.410000
 84 2.360000
 85 2.300000
 86 2.290000
 87 2.320000
 88 2.310000
 89 2.330000
 90 2.370000
 91 2.370000
 92 2.380000
 93 2.350000
 94 2.380000
 95 2.390000
 96 2.390000
 97 2.380000
 98 2.410000
 99 2.360000
 100 2.360000
 101 2.360000
 102 2.370000
 103 2.370000
 104 2.360000
 105 2.420000
 106 2.400000
 107 1.220000
 108 1.280000
 109 1.310000
 110 2.440000
 111 3.400000
 112 3.390000
 113 1.060000
 114 1.040000
 115 1.090000
 116 3.540000
 117 3.560000
 118 1.240000
 119 1.170000
 120 1.180000
 121 3.470000
 122 3.480000
 123 3.510000
 124 3.540000
 125 3.530000
 126 3.500000
 127 3.550000
 128 3.620000
 129 3.620000
 130 3.530000
 131 3.630000
 132 3.670000
 133 3.580000
 134 1.220000
 135 1.240000
 136 1.260000
 137 1.250000
 138 3.750000
 139 3.830000
 140 3.820000
 141 3.830000
 142 3.810000
 143 3.820000
 144 3.820000
 145 3.790000
 146 3.830000
 147 3.830000
 148 3.820000
 149 3.850000
 150 3.870000
 151 3.880000
 152 3.900000
 153 3.900000
 154 3.900000
 155 3.920000
 156 3.930000
 157 3.990000
 158 4.040000
 159 3.950000
 160 4.060000
 161 4.040000
 162 4.040000
 163 3.980000
 164 4.000000
 165 0.900000
 166 0.870000
 167 0.880000
 168 0.930000
 169 2.120000
 170 2.100000
 171 2.100000
 172 2.070000
 173 2.080000
 174 2.060000
 175 2.080000
 176 2.080000
 177 2.080000
 178 2.080000
 179 2.070000
 180 2.050000
 181 2.090000
 182 2.090000
 183 2.080000
 184 2.070000
 185 2.050000
 186 0.770000
 187 0.700000
 188 0.680000
 189 0.650000
 190 0.670000
 191 0.670000
 192 0.650000
 193 0.630000
 194 0.650000
 195 0.680000
 196 0.640000
 197 0.660000
 198 0.640000
 199 0.640000
 200 0.660000
 201 0.660000
 202 0.640000
 203 0.650000
 204 0.650000
 205 0.640000
 206 0.650000
 207 0.640000
 208 0.640000
 209 0.650000
 210 0.630000
 211 0.650000
 212 0.650000
 213 0.640000
 214 0.640000
 215 0.650000
 216 0.620000
 217 0.620000
 218 0.630000
 219 0.620000
 220 0.650000
 221 0.640000
 222 0.650000
 223 0.630000
 224 0.630000
 225 0.650000
 226 0.630000
 227 0.650000
 228 0.630000
 229 0.650000
 230 0.650000
 231 0.650000
 232 0.670000
 233 0.670000
 234 0.670000
 235 0.670000
 236 0.660000
 237 0.670000
 238 0.660000
 239 0.650000
 240 0.680000
 241 0.680000
 242 0.670000
 243 0.670000
 244 0.670000
 245 0.670000
 246 0.690000
 247 0.670000
 248 0.670000
 249 0.700000
 250 0.670000
 251 0.720000
 252 0.720000
 253 0.720000
 254 0.710000
 255 0.720000
 256 0.740000
 257 0.740000
 258 0.730000
 259 0.710000
 260 0.760000
 261 0.730000
 262 0.770000
 263 4.390000
 264 4.390000
 265 4.330000
 266 4.300000
 267 4.380000
 268 4.360000
 269 4.370000
 270 1.360000
 271 1.350000
 272 1.330000
 273 1.360000
 274 1.330000
 275 1.330000
 276 1.330000
 277 1.330000
 278 1.330000
 279 1.310000
 280 1.330000
 281 1.310000
 282 1.310000
 283 1.310000
 284 1.310000
 285 1.310000
 286 1.310000
 287 1.310000
 288 1.310000
 289 1.310000
 290 1.310000
 291 1.310000
 292 1.320000
 293 1.320000
 294 1.280000
 295 1.320000
 296 1.290000
 297 1.290000
 298 1.290000
 299 1.320000
 300 1.290000
 301 1.320000
 302 1.290000
 303 1.290000
 304 1.290000
 305 1.290000
 306 1.270000
 307 1.270000
 308 1.290000
 309 1.300000
 310 1.300000
 311 1.290000
 312 1.270000
 313 1.270000
 314 1.270000
 315 1.290000
 316 1.290000
 317 1.270000
 318 1.300000
 319 1.270000
 320 1.270000
 321 1.290000
 322 1.270000
 323 1.290000
 324 1.290000
 325 1.270000
 326 1.280000
 327 1.280000
 328 1.280000
 329 1.280000
 330 1.280000
 331 1.280000
 332 1.280000
 333 1.280000
 334 1.280000
 335 1.280000
 336 1.280000
 337 1.280000
 338 1.250000
 339 1.280000
 340 1.280000
 341 1.280000
 342 1.260000
 343 1.260000
 344 1.260000
 345 1.260000
 346 1.280000
 347 1.280000
 348 1.280000
 349 1.260000
 350 1.260000
 351 1.260000
 352 1.260000
 353 1.280000
 354 1.260000
 355 1.280000
 356 1.250000
 357 1.260000
 358 1.280000
 359 1.280000
 360 1.280000
 361 1.260000
 362 1.260000
 363 1.260000
 364 1.260000
 365 1.260000
 366 1.280000
 367 1.280000
 368 1.280000
 369 1.260000
 370 1.280000
 371 1.260000
 372 1.280000
 373 1.280000
 374 1.280000
 375 1.270000
 376 1.280000
 377 1.280000
 378 1.280000
 379 1.280000
 380 1.280000
 381 1.280000
 382 1.280000
 383 1.280000
 384 1.280000
 385 1.300000
 386 1.280000
 387 1.280000
 388 1.280000
 389 1.280000
 390 1.280000
 391 1.300000
 392 1.280000
 393 1.290000
 394 1.270000
 395 1.270000
 396 1.290000
 397 1.300000
 398 1.290000
 399 1.270000
 400 1.290000
 401 1.290000
 402 1.290000
 403 1.270000
 404 1.320000
 405 1.300000
 406 1.310000
 407 1.330000
 408 1.290000
 409 1.320000
 410 1.300000
 411 1.300000
 412 1.320000
 413 1.320000
 414 1.290000
 415 1.320000
 416 1.310000
 417 1.310000
 418 1.310000
 419 1.330000
 420 1.310000
 421 1.330000
 422 1.310000
 423 1.330000
 424 1.310000
 425 1.310000
 426 1.310000
 427 1.330000
 428 1.330000
 429 1.330000
 430 1.330000
 431 1.330000
 432 1.330000
 433 1.340000
 434 1.330000
 435 1.360000
 436 1.330000
 437 1.360000
 438 1.330000
 439 1.360000
 440 1.360000
 441 1.360000
 442 1.360000
 443 1.360000
 444 1.360000
 445 1.380000
 446 1.380000
 447 1.360000
 448 1.380000
 449 1.360000
 450 1.380000
 451 1.360000
 452 1.380000
 453 1.380000
 454 1.410000
 455 1.380000
 456 1.410000
 457 1.380000
 458 1.410000
 459 1.410000
 460 1.410000
 461 1.410000
 462 1.410000
 463 1.410000
 464 1.410000
 465 1.430000
 466 1.460000
 467 1.430000
 468 1.450000
 469 1.430000
 470 1.430000
 471 1.430000
 472 1.460000
 473 1.450000
 474 1.530000
 475 1.980000
 476 1.980000
 477 1.980000
 478 2.010000
 479 2.030000
 480 2.030000
 481 2.030000
 482 2.030000
 483 2.050000
 484 2.080000
 485 2.080000
 486 2.100000
 487 2.100000
 488 2.100000
 489 2.100000
 490 2.130000
 491 2.150000
 492 2.180000
 493 2.150000
 494 2.160000
 495 2.210000
 496 2.190000
 497 2.210000
 498 2.210000
 499 2.220000
 500 2.210000
 501 2.220000
 502 2.220000
 503 2.250000
 504 2.250000
 505 2.250000
 506 2.250000
 507 2.250000
 508 2.270000
 509 2.260000
 510 2.250000
 511 2.270000
 512 2.260000
 513 2.270000
 514 2.250000
 515 2.250000
 516 2.270000
 517 2.270000
 518 2.300000
 519 2.290000
 520 2.290000
 521 2.280000
 522 2.110000
 523 2.120000
 524 2.260000
 525 2.260000
 526 2.230000
 527 1.890000
 528 1.870000
 529 1.860000
 530 1.920000
 531 2.220000
 532 2.320000
 533 2.330000
 534 2.350000
 535 2.330000
 536 2.330000
 537 2.330000
 538 2.330000
 539 2.330000
 540 2.330000
 541 2.340000
 542 2.360000
 543 2.390000
 544 2.370000
 545 2.400000
 546 2.400000
 547 2.380000
 548 2.380000
 549 2.380000
 550 2.380000
 551 2.380000
 552 2.350000
 553 2.330000
 554 2.350000
 555 2.330000
 556 2.350000
 557 2.330000
 558 2.300000
 559 2.300000
 560 2.300000
 561 2.280000
 562 2.300000
 563 2.280000
 564 2.280000
 565 2.300000
 566 2.290000
 567 2.260000
 568 2.260000
 569 2.270000
 570 2.330000
 571 2.350000
 572 2.380000
 573 2.400000
 574 2.390000
 575 2.380000
 576 2.400000
 577 2.370000
 578 2.400000
 579 2.430000
 580 2.400000
 581 1.520000
 582 1.560000
 583 1.490000
 584 1.530000
 585 1.490000
 586 1.510000
 587 1.510000
 588 1.520000
 589 1.540000
 590 1.560000
 591 1.560000
 592 1.560000
 593 1.590000
 594 1.610000
 595 1.610000
 596 1.600000
 597 1.630000
 598 1.650000
 599 1.650000
 600 1.700000
 601 1.700000
 602 1.720000
 603 1.720000
 604 1.760000
 605 1.790000
 606 1.840000
 607 1.860000
 608 1.890000
 609 1.850000
 610 1.950000
 611 2.180000
 612 2.360000
 613 2.380000
 614 2.410000
 615 2.410000
 616 2.340000
 617 2.030000
 618 2.000000
 619 2.020000
 620 2.110000
 621 2.440000
 622 2.440000
 623 2.440000
 624 2.460000
 625 2.440000
 626 2.470000
 627 2.470000
 628 2.470000
 629 2.470000
 630 2.500000
 631 2.470000
 632 2.470000
 633 2.500000
 634 2.500000
 635 2.500000
 636 2.500000
 637 2.520000
 638 2.520000
 639 2.510000
 640 2.520000
 641 2.520000
 642 2.510000
 643 2.540000
 644 2.540000
 645 2.550000
 646 2.550000
 647 2.550000
 648 2.540000
 649 2.560000
 650 2.560000
 651 2.550000
 652 2.570000
 653 2.560000
 654 2.590000
 655 2.590000
 656 2.560000
 657 2.560000
 658 2.590000
 659 2.570000
 660 2.600000
 661 2.620000
 662 2.600000
 663 2.620000
 664 2.620000
 665 2.620000
 666 2.630000
 667 2.620000
 668 2.650000
 669 2.650000
 670 2.650000
 671 2.650000
 672 2.650000
 673 2.700000
 674 2.700000
 675 2.690000
 676 2.700000
 677 2.690000
 678 2.660000
 679 2.710000
 680 2.710000
 681 2.710000
 682 2.730000
 683 2.740000
 684 2.730000
 685 2.740000
 686 2.760000
 687 2.730000
 688 2.760000
 689 2.760000
 690 2.790000
 691 2.790000
 692 2.810000
 693 2.810000
 694 2.810000
 695 2.840000
 696 2.810000
 697 2.830000
 698 2.860000
 699 1.610000
 700 1.570000
 701 1.560000
 702 1.570000
 703 1.580000
 704 1.550000
 705 1.550000
 706 1.560000
 707 1.560000
 708 1.560000
 709 1.560000
 710 1.570000
 711 1.540000
 712 1.570000
 713 1.550000
 714 3.020000
 715 3.030000
 716 3.070000
 717 3.080000
 718 3.080000
 719 3.100000
 720 3.120000
 721 3.140000
 722 3.170000
 723 3.160000
 724 1.470000
 725 1.500000
 726 1.500000
 727 1.500000
 728 1.480000
 729 3.280000
 730 3.290000
 731 3.290000
 732 3.270000
 733 3.290000
 734 3.320000
 735 2.790000
 736 2.720000
 737 2.580000
 738 2.480000
 739 2.400000
 740 2.320000
 741 2.250000
 742 2.200000
 743 2.120000
 744 2.050000
 745 2.060000
 746 2.030000
 747 2.060000
 748 2.080000
 749 3.720000
 750 3.740000
 751 3.740000
 752 3.720000
 753 3.720000
 754 3.690000
 755 3.690000
 756 3.680000
 757 3.690000
 758 3.710000
 759 3.730000
 760 3.770000
 0 2.120000
 1 2.100000
 2 2.090000
 3 2.100000
 4 2.100000
 5 2.120000
 6 2.100000
 7 2.100000
 8 2.100000
 9 2.130000
 10 2.120000
 11 2.120000
 12 2.120000
 13 2.130000
 14 2.100000
 15 2.110000
 16 2.100000
 17 2.130000
 18 2.120000
 19 2.130000
 20 2.150000
 21 2.170000
 22 2.180000
 23 2.180000
 24 2.180000
 25 2.150000
 26 2.140000
 27 2.140000
 28 2.150000
 29 2.150000
 30 2.170000
 31 2.160000
 32 2.190000
 33 2.200000
 34 2.190000
 35 2.180000
 36 2.180000
 37 2.180000
 38 2.180000
 39 2.280000
 40 2.230000
 41 2.170000
 42 2.150000
 43 2.180000
 44 2.150000
 45 2.210000
 46 2.230000
 47 2.250000
 48 2.210000
 49 2.200000
 50 2.210000
 51 2.190000
 52 2.200000
 53 2.180000
 54 2.230000
 55 2.220000
 56 2.220000
 57 2.230000
 58 2.210000
 59 2.180000
 60 2.220000
 61 2.220000
 62 2.220000
 63 2.210000
 64 2.250000
 65 2.250000
 66 2.280000
 67 2.260000
 68 2.300000
 69 2.270000
 70 2.280000
 71 2.280000
 72 2.250000
 73 2.260000
 74 2.280000
 75 2.280000
 76 2.290000
 77 2.320000
 78 2.320000
 79 2.310000
 80 2.330000
 81 2.300000
 82 2.330000
 83 2.410000
 84 2.340000
 85 2.300000
 86 2.290000
 87 2.320000
 88 2.310000
 89 2.330000
 90 2.370000
 91 2.350000
 92 2.380000
 93 2.350000
 94 2.380000
 95 2.380000
 96 2.390000
 97 2.400000
 98 2.380000
 99 2.380000
 100 2.380000
 101 2.380000
 102 2.370000
 103 2.370000
 104 2.360000
 105 2.420000
 106 2.400000
 107 1.220000
 108 1.280000
 109 1.290000
 110 2.440000
 111 3.370000
 112 3.390000
 113 1.050000
 114 1.040000
 115 1.090000
 116 3.510000
 117 3.560000
 118 1.240000
 119 1.140000
 120 1.180000
 121 3.470000
 122 3.480000
 123 3.480000
 124 3.520000
 125 3.530000
 126 3.530000
 127 3.530000
 128 3.630000
 129 3.650000
 130 3.530000
 131 3.630000
 132 3.670000
 133 3.600000
 134 1.240000
 135 1.270000
 136 1.260000
 137 1.280000
 138 3.780000
 139 3.810000
 140 3.820000
 141 3.830000
 142 3.810000
 143 3.820000
 144 3.810000
 145 3.800000
 146 3.830000
 147 3.830000
 148 3.820000
 149 3.850000
 150 3.880000
 151 3.880000
 152 3.870000
 153 3.900000
 154 3.930000
 155 3.900000
 156 3.930000
 157 3.960000
 158 4.040000
 159 3.900000
 160 4.030000
 161 4.040000
 162 4.070000
 163 4.000000
 164 4.030000
 165 0.920000
 166 0.890000
 167 0.880000
 168 0.930000
 169 2.120000
 170 2.090000
 171 2.090000
 172 2.090000
 173 2.090000
 174 2.080000
 175 2.090000
 176 2.070000
 177 2.090000
 178 2.040000
 179 2.060000
 180 2.080000
 181 2.100000
 182 2.050000
 183 2.070000
 184 2.050000
 185 2.050000
 186 0.750000
 187 0.680000
 188 0.680000
 189 0.650000
 190 0.670000
 191 0.670000
 192 0.620000
 193 0.660000
 194 0.650000
 195 0.650000
 196 0.630000
 197 0.660000
 198 0.640000
 199 0.650000
 200 0.660000
 201 0.630000
 202 0.640000
 203 0.650000
 204 0.620000
 205 0.650000
 206 0.650000
 207 0.640000
 208 0.640000
 209 0.650000
 210 0.660000
 211 0.660000
 212 0.650000
 213 0.640000
 214 0.640000
 215 0.630000
 216 0.620000
 217 0.630000
 218 0.630000
 219 0.630000
 220 0.640000
 221 0.650000
 222 0.650000
 223 0.630000
 224 0.630000
 225 0.600000
 226 0.630000
 227 0.650000
 228 0.650000
 229 0.650000
 230 0.680000
 231 0.650000
 232 0.650000
 233 0.670000
 234 0.670000
 235 0.670000
 236 0.670000
 237 0.670000
 238 0.660000
 239 0.650000
 240 0.680000
 241 0.660000
 242 0.680000
 243 0.700000
 244 0.670000
 245 0.690000
 246 0.670000
 247 0.700000
 248 0.700000
 249 0.700000
 250 0.700000
 251 0.700000
 252 0.670000
 253 0.720000
 254 0.730000
 255 0.720000
 256 0.740000
 257 0.740000
 258 0.730000
 259 0.760000
 260 0.760000
 261 0.730000
 262 0.790000
 263 4.390000
 264 4.390000
 265 4.330000
 266 4.330000
 267 4.380000
 268 4.360000
 269 4.350000
 270 1.310000
 271 1.350000
 272 1.360000
 273 1.330000
 274 1.330000
 275 1.330000
 276 1.330000
 277 1.330000
 278 1.340000
 279 1.330000
 280 1.310000
 281 1.330000
 282 1.310000
 283 1.310000
 284 1.310000
 285 1.330000
 286 1.310000
 287 1.310000
 288 1.310000
 289 1.310000
 290 1.310000
 291 1.310000
 292 1.290000
 293 1.320000
 294 1.280000
 295 1.310000
 296 1.290000
 297 1.290000
 298 1.290000
 299 1.290000
 300 1.290000
 301 1.290000
 302 1.320000
 303 1.290000
 304 1.290000
 305 1.290000
 306 1.290000
 307 1.270000
 308 1.270000
 309 1.290000
 310 1.300000
 311 1.290000
 312 1.270000
 313 1.270000
 314 1.290000
 315 1.270000
 316 1.270000
 317 1.270000
 318 1.280000
 319 1.270000
 320 1.270000
 321 1.270000
 322 1.290000
 323 1.270000
 324 1.270000
 325 1.270000
 326 1.280000
 327 1.280000
 328 1.280000
 329 1.250000
 330 1.280000
 331 1.280000
 332 1.280000
 333 1.280000
 334 1.280000
 335 1.280000
 336 1.280000
 337 1.280000
 338 1.280000
 339 1.260000
 340 1.260000
 341 1.260000
 342 1.280000
 343 1.260000
 344 1.280000
 345 1.260000
 346 1.280000
 347 1.260000
 348 1.260000
 349 1.260000
 350 1.260000
 351 1.280000
 352 1.260000
 353 1.260000
 354 1.280000
 355 1.260000
 356 1.250000
 357 1.250000
 358 1.250000
 359 1.250000
 360 1.260000
 361 1.260000
 362 1.260000
 363 1.260000
 364 1.260000
 365 1.280000
 366 1.260000
 367 1.260000
 368 1.260000
 369 1.280000
 370 1.280000
 371 1.280000
 372 1.280000
 373 1.280000
 374 1.280000
 375 1.240000
 376 1.300000
 377 1.280000
 378 1.280000
 379 1.280000
 380 1.280000
 381 1.280000
 382 1.280000
 383 1.300000
 384 1.280000
 385 1.280000
 386 1.300000
 387 1.280000
 388 1.280000
 389 1.280000
 390 1.280000
 391 1.300000
 392 1.280000
 393 1.280000
 394 1.270000
 395 1.290000
 396 1.290000
 397 1.270000
 398 1.270000
 399 1.290000
 400 1.290000
 401 1.290000
 402 1.290000
 403 1.290000
 404 1.280000
 405 1.300000
 406 1.300000
 407 1.300000
 408 1.320000
 409 1.290000
 410 1.290000
 411 1.330000
 412 1.320000
 413 1.290000
 414 1.320000
 415 1.320000
 416 1.290000
 417 1.310000
 418 1.310000
 419 1.330000
 420 1.310000
 421 1.330000
 422 1.310000
 423 1.330000
 424 1.330000
 425 1.330000
 426 1.330000
 427 1.310000
 428 1.310000
 429 1.310000
 430 1.330000
 431 1.330000
 432 1.330000
 433 1.330000
 434 1.360000
 435 1.330000
 436 1.330000
 437 1.330000
 438 1.330000
 439 1.360000
 440 1.360000
 441 1.330000
 442 1.360000
 443 1.360000
 444 1.330000
 445 1.380000
 446 1.380000
 447 1.360000
 448 1.380000
 449 1.380000
 450 1.360000
 451 1.380000
 452 1.380000
 453 1.380000
 454 1.380000
 455 1.380000
 456 1.410000
 457 1.380000
 458 1.410000
 459 1.410000
 460 1.410000
 461 1.410000
 462 1.410000
 463 1.430000
 464 1.430000
 465 1.410000
 466 1.410000
 467 1.460000
 468 1.430000
 469 1.450000
 470 1.450000
 471 1.450000
 472 1.430000
 473 1.450000
 474 1.530000
 475 1.980000
 476 1.980000
 477 2.010000
 478 2.010000
 479 2.030000
 480 2.030000
 481 2.030000
 482 2.050000
 483 2.050000
 484 2.050000
 485 2.080000
 486 2.080000
 487 2.100000
 488 2.130000
 489 2.100000
 490 2.150000
 491 2.130000
 492 2.150000
 493 2.170000
 494 2.190000
 495 2.210000
 496 2.210000
 497 2.210000
 498 2.220000
 499 2.220000
 500 2.210000
 501 2.210000
 502 2.220000
 503 2.210000
 504 2.220000
 505 2.220000
 506 2.250000
 507 2.240000
 508 2.240000
 509 2.260000
 510 2.270000
 511 2.250000
 512 2.260000
 513 2.270000
 514 2.270000
 515 2.280000
 516 2.270000
 517 2.280000
 518 2.280000
 519 2.290000
 520 2.290000
 521 2.270000
 522 2.140000
 523 2.100000
 524 2.290000
 525 2.260000
 526 2.180000
 527 1.920000
 528 1.870000
 529 1.860000
 530 1.940000
 531 2.250000
 532 2.320000
 533 2.350000
 534 2.330000
 535 2.330000
 536 2.330000
 537 2.330000
 538 2.330000
 539 2.330000
 540 2.310000
 541 2.360000
 542 2.370000
 543 2.390000
 544 2.390000
 545 2.400000
 546 2.400000
 547 2.380000
 548 2.380000
 549 2.380000
 550 2.380000
 551 2.350000
 552 2.350000
 553 2.350000
 554 2.350000
 555 2.350000
 556 2.330000
 557 2.330000
 558 2.330000
 559 2.330000
 560 2.300000
 561 2.300000
 562 2.280000
 563 2.300000
 564 2.300000
 565 2.280000
 566 2.290000
 567 2.260000
 568 2.260000
 569 2.240000
 570 2.300000
 571 2.350000
 572 2.380000
 573 2.380000
 574 2.420000
 575 2.400000
 576 2.400000
 577 2.380000
 578 2.440000
 579 2.400000
 580 2.430000
 581 1.550000
 582 1.550000
 583 1.530000
 584 1.520000
 585 1.490000
 586 1.510000
 587 1.510000
 588 1.540000
 589 1.540000
 590 1.540000
 591 1.560000
 592 1.560000
 593 1.590000
 594 1.590000
 595 1.610000
 596 1.600000
 597 1.630000
 598 1.650000
 599 1.680000
 600 1.670000
 601 1.700000
 602 1.720000
 603 1.750000
 604 1.740000
 605 1.790000
 606 1.810000
 607 1.830000
 608 1.910000
 609 1.830000
 610 1.900000
 611 2.180000
 612 2.360000
 613 2.410000
 614 2.410000
 615 2.410000
 616 2.340000
 617 2.060000
 618 2.030000
 619 2.030000
 620 2.090000
 621 2.440000
 622 2.440000
 623 2.460000
 624 2.460000
 625 2.460000
 626 2.470000
 627 2.470000
 628 2.470000
 629 2.470000
 630 2.470000
 631 2.470000
 632 2.470000
 633 2.500000
 634 2.500000
 635 2.500000
 636 2.520000
 637 2.520000
 638 2.500000
 639 2.510000
 640 2.520000
 641 2.550000
 642 2.540000
 643 2.540000
 644 2.550000
 645 2.550000
 646 2.550000
 647 2.550000
 648 2.540000
 649 2.560000
 650 2.560000
 651 2.560000
 652 2.570000
 653 2.560000
 654 2.570000
 655 2.560000
 656 2.590000
 657 2.590000
 658 2.590000
 659 2.600000
 660 2.600000
 661 2.600000
 662 2.600000
 663 2.620000
 664 2.620000
 665 2.620000
 666 2.650000
 667 2.630000
 668 2.620000
 669 2.650000
 670 2.650000
 671 2.650000
 672 2.670000
 673 2.670000
 674 2.670000
 675 2.660000
 676 2.690000
 677 2.690000
 678 2.680000
 679 2.710000
 680 2.710000
 681 2.730000
 682 2.730000
 683 2.730000
 684 2.760000
 685 2.760000
 686 2.760000
 687 2.760000
 688 2.790000
 689 2.760000
 690 2.810000
 691 2.790000
 692 2.810000
 693 2.810000
 694 2.810000
 695 2.810000
 696 2.840000
 697 2.840000
 698 2.860000
 699 1.610000
 700 1.570000
 701 1.560000
 702 1.570000
 703 1.580000
 704 1.580000
 705 1.550000
 706 1.560000
 707 1.560000
 708 1.560000
 709 1.560000
 710 1.540000
 711 1.560000
 712 1.550000
 713 1.520000
 714 3.050000
 715 3.070000
 716 3.070000
 717 3.070000
 718 3.090000
 719 3.100000
 720 3.140000
 721 3.140000
 722 3.170000
 723 3.180000
 724 1.520000
 725 1.530000
 726 1.500000
 727 1.480000
 728 1.480000
 729 3.280000
 730 3.290000
 731 3.270000
 732 3.290000
 733 3.320000
 734 3.350000
 735 2.760000
 736 2.700000
 737 2.580000
 738 2.500000
 739 2.380000
 740 2.320000
 741 2.230000
 742 2.170000
 743 2.070000
 744 2.030000
 745 2.060000
 746 2.050000
 747 2.030000
 748 2.080000
 749 3.740000
 750 3.740000
 751 3.720000
 752 3.740000
 753 3.720000
 754 3.690000
 755 3.670000
 756 3.660000
 757 3.690000
 758 3.730000
 759 3.760000
 760 3.780000