
 0 1.860000
 1 1.800000
 2 1.840000
 3 1.840000
 4 1.810000
 5 1.870000
 6 1.810000
 7 1.730000
 8 1.820000
 9 1.790000
 10 1.790000
 11 1.770000
 12 1.740000
 13 1.760000
 14 1.730000
 15 1.770000
 16 1.740000
 17 2.010000
 18 1.720000
 19 1.730000
 20 2.410000
 21 1.720000
 22 1.850000
 23 1.700000
 24 1.840000
 25 2.410000
 26 1.730000
 27 2.080000
 28 1.700000
 29 1.720000
 30 2.420000
 31 1.830000
 32 1.880000
 33 2.380000
 34 1.720000
 35 2.280000
 36 1.830000
 37 1.700000
 38 1.880000
 39 1.840000
 40 1.860000
 41 1.830000
 42 1.840000
 43 1.840000
 44 1.800000
 45 1.860000
 46 1.800000
 47 1.860000
 48 1.860000
 49 1.800000
 50 1.730000
 51 1.830000
 52 1.860000
 53 1.830000
 54 1.830000
 55 1.890000
 56 1.850000
 57 1.860000
 58 1.850000
 59 1.830000
 60 1.880000
 61 1.830000
 62 1.860000
 63 1.830000
 64 1.880000
 65 1.880000
 66 1.900000
 67 1.870000
 68 1.780000
 69 2.460000
 70 1.790000
 71 2.460000
 72 1.900000
 73 1.850000
 74 1.820000
 75 1.780000
 76 2.490000
 77 1.780000
 78 2.290000
 79 1.830000
 80 1.770000
 81 1.930000
 82 1.830000
 83 1.770000
 84 1.800000
 85 2.460000
 86 1.950000
 87 2.510000
 88 1.830000
 89 2.500000
 90 1.950000
 91 1.830000
 92 1.830000
 93 1.950000
 94 1.850000
 95 1.950000
 96 1.850000
 97 1.950000
 98 1.830000
 99 1.950000
 100 1.850000
 101 1.980000
 102 1.850000
 103 1.980000
 104 2.010000
 105 2.010000
 106 1.990000
 107 2.010000
 108 2.010000
 109 1.900000
 110 2.040000
 111 1.920000
 112 2.030000
 113 2.070000
 114 1.990000
 115 2.410000
 116 1.970000
 117 2.000000
 118 1.930000
 119 1.900000
 120 1.900000
 121 1.970000
 122 1.950000
 123 2.250000
 124 1.920000
 125 1.950000
 126 1.920000
 127 1.980000
 128 2.010000
 129 1.980000
 130 1.950000
 131 1.930000
 132 1.960000
 133 1.970000
 134 1.980000
 135 1.970000
 136 1.960000
 137 2.080000
 138 2.110000
 139 2.060000
 140 2.060000
 141 1.970000
 142 2.000000
 143 2.030000
 144 2.010000
 145 1.970000
 146 1.980000
 147 1.980000
 148 2.050000
 149 2.010000
 150 2.030000
 151 2.030000
 152 2.030000
 153 2.040000
 154 2.070000
 155 2.130000
 156 2.150000
 157 2.140000
 158 2.030000
 159 2.050000
 160 2.050000
 161 2.050000
 162 2.160000
 163 2.060000
 164 2.190000
 165 2.070000
 166 2.180000
 167 2.200000
 168 2.080000
 169 2.100000
 170 2.100000
 171 2.100000
 172 2.090000
 173 2.180000
 174 2.120000
 175 2.220000
 176 2.220000
 177 2.210000
 178 2.250000
 179 2.250000
 180 2.220000
 181 2.260000
 182 2.210000
 183 2.230000
 184 2.250000
 185 2.250000
 186 2.250000
 187 2.270000
 188 2.280000
 189 2.270000
 190 2.280000
 191 2.300000
 192 2.270000
 193 2.270000
 194 2.270000
 195 2.260000
 196 2.260000
 197 2.260000
 198 2.270000
 199 2.270000
 200 2.290000
 201 2.310000
 202 2.330000
 203 2.390000
 204 2.480000
 205 2.460000
 206 2.500000
 207 2.490000
 208 2.520000
 209 2.500000
 210 2.500000
 211 2.500000
 212 2.490000
 213 2.480000
 214 2.510000
 215 2.600000
 216 2.770000
 217 3.580000
 218 3.600000
 219 3.630000
 220 3.530000
 221 3.480000
 222 3.020000
 223 2.940000
 224 2.960000
 225 2.960000
 226 2.980000
 227 3.010000
 228 3.020000
 229 3.020000
 230 3.230000
 231 3.410000
 232 3.390000
 233 3.380000
 234 3.390000
 235 3.360000
 236 3.360000
 237 3.360000
 238 3.360000
 239 3.340000
 240 3.340000
 241 3.310000
 242 3.310000
 243 3.310000
 244 3.310000
 245 3.290000
 246 3.290000
 247 3.290000
 248 3.290000
 249 3.260000
 250 3.290000
 251 3.260000
 252 3.320000
 253 3.550000
 254 3.570000
 255 3.610000
 256 3.650000
 257 3.650000
 258 3.650000
 259 3.700000
 260 3.720000
 261 3.770000
 262 3.770000
 263 3.820000
 264 3.790000
 265 3.280000
 266 3.190000
 267 3.220000
 268 3.190000
 269 3.130000
 270 3.140000
 271 3.130000
 272 3.130000
 273 3.190000
 274 3.180000
 275 3.310000
 276 4.290000
 277 3.140000
 278 3.120000
 279 3.130000
 280 3.140000
 281 3.140000
 282 3.160000
 283 3.170000
 284 3.200000
 285 3.150000
 286 3.180000
 287 3.200000
 288 3.210000
 289 3.190000
 290 3.220000
 291 3.210000
 292 3.230000
 293 3.230000
 294 3.260000
 295 3.190000
 296 3.220000
 297 3.210000
 298 3.220000
 299 3.210000
 300 3.170000
 301 3.170000
 302 3.150000
 303 3.210000
 304 3.120000
 305 3.180000
 306 3.140000
 307 3.140000
 308 3.130000
 309 3.100000
 310 3.130000
 311 3.130000
 312 3.120000
 313 3.130000
 314 3.120000
 315 3.120000
 316 3.140000
 317 3.120000
 318 3.140000
 319 3.140000
 320 3.200000
 321 3.260000
 322 3.300000
 323 3.450000
 324 3.100000
 325 3.340000
 326 3.070000
 327 3.070000
 328 3.110000
 329 6.770000
 330 6.870000
 331 6.840000
 332 6.890000
 333 6.870000
 334 6.860000
 335 6.940000
 336 6.890000
 337 6.860000
 338 6.940000
 339 6.880000
 340 6.970000
 341 6.620000
 342 6.670000
 343 7.040000
 344 7.090000
 345 7.190000
 346 4.270000
 347 4.270000
 348 7.170000
 349 4.750000
 350 4.760000
 351 7.040000
 352 7.100000
 353 7.180000
 354 7.110000
 355 7.140000
 356 3.010000
 357 3.000000
 358 2.980000
 359 3.030000
 360 2.980000
 361 2.970000
 362 3.000000
 363 3.070000
 364 3.040000
 365 3.040000
 366 3.020000
 367 2.980000
 368 3.010000
 369 3.010000
 370 3.020000
 371 3.010000
 372 3.010000
 373 3.000000
 374 2.990000
 375 3.160000
 376 3.110000
 377 3.040000
 378 3.060000
 379 3.070000
 380 3.070000
 381 3.060000
 382 2.990000
 383 3.080000
 384 3.110000
 385 3.080000
 386 2.980000
 387 7.770000
 388 2.980000
 389 2.980000
 390 7.760000
 391 2.950000
 392 2.950000
 393 7.710000
 394 2.970000
 395 2.950000
 396 2.990000
 397 2.970000
 398 3.020000
 399 3.050000
 400 3.050000
 401 3.060000
 402 3.080000
 403 3.070000
 404 2.990000
 405 2.950000
 406 3.070000
 407 3.070000
 408 2.950000
 409 2.250000
 410 2.240000
 411 2.240000
 412 2.230000
 413 2.240000
 414 2.210000
 415 2.200000
 416 2.200000
 417 2.210000
 418 2.210000
 419 2.210000
 420 2.210000
 421 2.190000
 422 2.210000
 423 2.210000
 424 2.210000
 425 2.200000
 426 1.260000
 427 1.270000
 428 2.180000
 429 1.430000
 430 1.450000
 431 1.450000
 432 1.420000
 433 1.410000
 434 1.430000
 435 1.940000
 436 2.190000
 437 2.190000
 438 2.190000
 439 2.170000
 440 2.190000
 441 2.200000
 442 2.200000
 443 2.200000
 444 2.170000
 445 1.370000
 446 1.380000
 447 1.380000
 448 2.180000
 449 2.180000
 450 2.200000
 451 2.210000
 452 2.210000
 453 2.180000
 454 1.560000
 455 1.530000
 456 1.640000
 457 2.200000
 458 2.180000
 459 2.180000
 460 2.180000
 461 2.180000
 462 2.190000
 463 2.200000
 464 2.180000
 465 2.170000
 466 1.600000
 467 1.540000
 468 1.510000
 469 2.150000
 470 2.190000
 471 1.980000
 472 1.720000
 473 1.750000
 474 1.720000
 475 1.700000
 476 1.720000
 477 1.690000
 478 1.680000
 479 1.710000
 480 1.660000
 481 1.700000
 482 1.700000
 483 1.660000
 484 1.670000
 485 1.670000
 486 1.680000
 487 1.660000
 488 1.670000
 489 1.660000
 490 1.690000
 491 1.690000
 492 1.670000
 493 1.670000
 494 1.670000
 495 1.700000
 496 1.700000
 497 1.690000
 498 1.680000
 499 1.700000
 500 1.690000
 501 1.710000
 502 1.700000
 503 1.720000
 504 1.920000
 505 2.240000
 506 2.230000
 507 2.240000
 508 2.240000
 509 2.230000
 510 2.230000
 511 2.250000
 512 2.250000
 513 2.250000
 514 2.270000
 515 2.270000
 516 2.260000
 517 2.280000
 518 2.270000
 519 2.270000
 520 2.280000
 521 2.300000
 522 2.320000
 523 2.340000
 524 2.360000
 525 2.380000
 526 2.380000
 527 2.380000
 528 2.380000
 529 2.380000
 530 2.310000
 531 2.290000
 532 3.700000
 533 3.730000
 534 3.750000
 535 3.780000
 536 3.780000
 537 3.800000
 538 3.810000
 539 3.810000
 540 3.800000
 541 3.830000
 542 3.880000
 543 3.880000
 544 3.900000
 545 3.910000
 546 3.930000
 547 3.950000
 548 3.950000
 549 4.030000
 550 4.000000
 551 4.070000
 552 4.060000
 553 4.060000
 554 4.080000
 555 4.120000
 556 4.150000
 557 4.150000
 558 4.220000
 559 4.210000
 560 4.200000
 561 4.230000
 562 4.280000
 563 4.280000
 564 4.310000
 565 4.340000
 566 4.360000
 567 4.320000
 568 4.330000
 569 4.380000
 570 4.410000
 571 4.410000
 572 4.470000
 573 4.400000
 574 4.450000
 575 4.450000
 576 4.450000
 577 4.570000
 578 4.540000
 579 4.530000
 580 4.340000
 581 4.300000
 582 4.180000
 583 4.220000
 584 4.170000
 585 4.050000
 586 4.050000
 587 4.050000
 588 4.170000
 589 4.090000
 590 4.030000
 591 4.000000
 592 2.390000
 593 2.330000
 594 2.330000
 595 2.330000
 596 4.000000
 597 3.980000
 598 4.000000
 599 4.000000
 600 3.970000
 601 3.980000
 602 4.100000
 603 4.100000
 604 3.950000
 605 3.950000
 606 4.100000
 607 3.950000
 608 4.080000
 609 4.000000
 610 3.970000
 611 3.980000
 612 4.010000
 613 4.010000
 614 4.030000
 615 3.980000
 616 3.980000
 617 4.030000
 618 3.980000
 619 3.960000
 620 3.940000
 621 3.960000
 622 3.910000
 623 3.750000
 624 3.780000
 625 3.780000
 626 3.820000
 627 3.830000
 628 3.840000
 629 3.860000
 630 3.880000
 631 3.910000
 632 3.810000
 633 3.810000
 634 3.810000
 635 3.810000
 636 3.810000
 637 3.710000
 638 3.740000
 639 3.680000
 640 3.750000
 641 3.830000
 642 3.730000
 643 3.650000
 644 3.680000
 645 3.660000
 646 3.670000
 647 3.670000
 648 3.650000
 649 3.620000
 650 3.620000
 651 3.600000
 652 3.640000
 653 3.640000
 654 3.660000
 655 3.650000
 656 3.670000
 657 3.700000
 658 3.730000
 659 3.700000
 660 3.680000
 661 3.660000
 662 3.640000
 663 3.650000
 664 3.650000
 665 3.550000
 666 3.540000
 667 3.530000
 668 3.480000
 669 3.520000
 670 3.470000
 671 3.440000
 672 3.390000
 673 3.400000
 674 3.430000
 675 3.460000
 676 3.530000
 677 3.480000
 678 3.460000
 679 3.480000
 680 3.450000
 681 3.400000
 682 3.400000
 683 3.370000
 684 3.350000
 685 3.440000
 686 3.300000
 687 3.300000
 688 3.440000
 689 3.410000
 690 3.410000
 691 3.440000
 692 3.300000
 693 3.410000
 694 3.410000
 695 3.410000
 696 3.390000
 697 3.360000
 698 3.360000
 699 3.360000
 700 4.020000
 701 3.230000
 702 3.360000
 703 3.310000
 704 3.340000
 705 3.340000
 706 3.230000
 707 3.310000
 708 3.330000
 709 3.360000
 710 3.200000
 711 3.240000
 712 3.390000
 713 3.250000
 714 3.230000
 715 3.230000
 716 3.340000
 717 3.360000
 718 3.340000
 719 3.230000
 720 3.360000
 721 3.360000
 722 3.360000
 723 3.230000
 724 3.360000
 725 3.340000
 726 3.360000
 727 3.360000
 728 3.360000
 729 3.340000
 730 3.260000
 731 3.230000
 732 3.250000
 733 3.310000
 734 3.280000
 735 3.250000
 736 3.940000
 737 3.230000
 738 3.250000
 739 3.220000
 740 3.740000
 741 3.250000
 742 3.360000
 743 3.390000
 744 3.370000
 745 3.340000
 746 3.360000
 747 3.390000
 748 3.390000
 749 3.310000
 750 3.340000
 751 3.380000
 752 3.380000
 753 3.340000
 754 3.370000
 755 3.380000
 756 3.380000
 757 3.340000
 758 3.340000
 759 3.340000
 760 3.380000
 0 1.860000
 1 1.810000
 2 1.840000
 3 1.840000
 4 1.810000
 5 1.860000
 6 1.810000
 7 1.730000
 8 1.840000
 9 1.790000
 10 1.790000
 11 1.770000
 12 1.730000
 13 1.760000
 14 1.760000
 15 1.740000
 16 1.760000
 17 1.980000
 18 1.700000
 19 1.730000
 20 2.430000
 21 1.750000
 22 2.060000
 23 1.700000
 24 1.850000
 25 2.430000
 26 1.730000
 27 2.080000
 28 1.700000
 29 1.720000
 30 2.420000
 31 1.830000
 32 1.860000
 33 2.400000
 34 1.720000
 35 2.130000
 36 1.830000
 37 1.730000
 38 1.800000
 39 1.840000
 40 1.860000
 41 1.800000
 42 1.840000
 43 1.840000
 44 1.830000
 45 1.860000
 46 1.800000
 47 1.860000
 48 1.860000
 49 1.830000
 50 1.730000
 51 1.800000
 52 1.860000
 53 1.850000
 54 1.830000
 55 1.890000
 56 1.830000
 57 1.860000
 58 1.850000
 59 1.830000
 60 1.860000
 61 1.830000
 62 1.860000
 63 1.850000
 64 1.890000
 65 1.850000
 66 1.900000
 67 1.870000
 68 1.750000
 69 2.490000
 70 1.770000
 71 2.460000
 72 1.900000
 73 1.880000
 74 1.790000
 75 1.780000
 76 2.490000
 77 1.800000
 78 2.290000
 79 1.800000
 80 1.770000
 81 1.930000
 82 1.830000
 83 1.830000
 84 1.800000
 85 2.460000
 86 1.950000
 87 2.510000
 88 1.830000
 89 2.480000
 90 1.950000
 91 1.830000
 92 1.830000
 93 1.950000
 94 1.830000
 95 1.930000
 96 1.830000
 97 1.950000
 98 1.850000
 99 1.950000
 100 1.880000
 101 1.950000
 102 1.850000
 103 2.010000
 104 1.990000
 105 2.010000
 106 1.990000
 107 2.010000
 108 2.010000
 109 1.900000
 110 2.040000
 111 1.870000
 112 2.030000
 113 2.070000
 114 1.990000
 115 2.410000
 116 1.990000
 117 1.970000
 118 1.900000
 119 1.920000
 120 1.900000
 121 2.000000
 122 1.930000
 123 2.250000
 124 1.950000
 125 1.930000
 126 1.950000
 127 2.010000
 128 2.010000
 129 1.980000
 130 1.950000
 131 1.940000
 132 1.960000
 133 1.970000
 134 1.960000
 135 1.940000
 136 1.960000
 137 2.080000
 138 2.080000
 139 2.060000
 140 2.060000
 141 1.950000
 142 1.980000
 143 2.030000
 144 2.010000
 145 2.000000
 146 1.980000
 147 1.980000
 148 2.030000
 149 2.030000
 150 2.070000
 151 2.040000
 152 2.060000
 153 2.040000
 154 2.060000
 155 2.130000
 156 2.150000
 157 2.160000
 158 2.030000
 159 2.020000
 160 2.050000
 161 2.080000
 162 2.030000
 163 2.060000
 164 2.160000
 165 2.040000
 166 2.160000
 167 2.300000
 168 2.080000
 169 2.100000
 170 2.080000
 171 2.100000
 172 2.150000
 173 2.140000
 174 2.120000
 175 2.250000
 176 2.220000
 177 2.190000
 178 2.210000
 179 2.270000
 180 2.220000
 181 2.240000
 182 2.230000
 183 2.230000
 184 2.220000
 185 2.220000
 186 2.250000
 187 2.240000
 188 2.280000
 189 2.250000
 190 2.310000
 191 2.300000
 192 2.270000
 193 2.270000
 194 2.270000
 195 2.260000
 196 2.260000
 197 2.260000
 198 2.270000
 199 2.270000
 200 2.290000
 201 2.320000
 202 2.330000
 203 2.390000
 204 2.460000
 205 2.500000
 206 2.520000
 207 2.500000
 208 2.500000
 209 2.500000
 210 2.500000
 211 2.500000
 212 2.490000
 213 2.480000
 214 2.530000
 215 2.620000
 216 3.580000
 217 3.580000
 218 3.600000
 219 3.630000
 220 3.530000
 221 3.480000
 222 3.020000
 223 2.940000
 224 2.940000
 225 2.960000
 226 3.010000
 227 3.010000
 228 3.020000
 229 3.020000
 230 3.250000
 231 3.410000
 232 3.410000
 233 3.380000
 234 3.390000
 235 3.390000
 236 3.360000
 237 3.360000
 238 3.340000
 239 3.340000
 240 3.340000
 241 3.340000
 242 3.310000
 243 3.310000
 244 3.310000
 245 3.310000
 246 3.310000
 247 3.310000
 248 3.260000
 249 3.260000
 250 3.260000
 251 3.290000
 252 3.320000
 253 3.520000
 254 3.560000
 255 3.610000
 256 3.650000
 257 3.650000
 258 3.670000
 259 3.700000
 260 3.750000
 261 3.770000
 262 3.770000
 263 3.820000
 264 3.790000
 265 3.260000
 266 3.220000
 267 3.220000
 268 3.170000
 269 3.170000
 270 3.130000
 271 3.130000
 272 3.130000
 273 3.190000
 274 3.200000
 275 3.310000
 276 4.290000
 277 3.110000
 278 3.120000
 279 3.150000
 280 3.140000
 281 3.160000
 282 3.160000
 283 3.170000
 284 3.200000
 285 3.180000
 286 3.150000
 287 3.210000
 288 3.200000
 289 3.200000
 290 3.230000
 291 3.210000
 292 3.230000
 293 3.250000
 294 3.230000
 295 3.240000
 296 3.240000
 297 3.210000
 298 3.190000
 299 3.210000
 300 3.170000
 301 3.170000
 302 3.180000
 303 3.180000
 304 3.170000
 305 3.160000
 306 3.140000
 307 3.150000
 308 3.130000
 309 3.130000
 310 3.130000
 311 3.120000
 312 3.100000
 313 3.130000
 314 3.100000
 315 3.130000
 316 3.120000
 317 3.120000
 318 3.140000
 319 3.150000
 320 3.210000
 321 3.230000
 322 3.300000
 323 3.450000
 324 3.100000
 325 3.770000
 326 3.060000
 327 3.070000
 328 3.080000
 329 6.720000
 330 6.820000
 331 6.870000
 332 6.840000
 333 6.870000
 334 6.860000
 335 6.860000
 336 6.860000
 337 6.890000
 338 6.910000
 339 7.040000
 340 6.920000
 341 6.640000
 342 6.650000
 343 7.060000
 344 7.140000
 345 7.170000
 346 4.270000
 347 4.270000
 348 7.170000
 349 4.750000
 350 4.760000
 351 7.040000
 352 7.130000
 353 7.190000
 354 7.140000
 355 7.150000
 356 3.000000
 357 2.980000
 358 2.980000
 359 3.000000
 360 3.000000
 361 3.000000
 362 3.000000
 363 3.040000
 364 3.020000
 365 3.040000
 366 3.020000
 367 3.010000
 368 3.010000
 369 3.010000
 370 3.020000
 371 3.020000
 372 3.020000
 373 3.030000
 374 3.020000
 375 3.110000
 376 3.120000
 377 3.070000
 378 3.090000
 379 3.050000
 380 3.070000
 381 3.060000
 382 2.990000
 383 3.080000
 384 2.950000
 385 3.060000
 386 2.950000
 387 7.800000
 388 2.980000
 389 2.950000
 390 7.760000
 391 2.980000
 392 2.970000
 393 7.700000
 394 2.970000
 395 2.920000
 396 2.970000
 397 2.970000
 398 3.020000
 399 2.950000
 400 3.020000
 401 3.050000
 402 3.070000
 403 3.050000
 404 2.990000
 405 2.980000
 406 3.100000
 407 3.040000
 408 2.950000
 409 2.250000
 410 2.240000
 411 2.210000
 412 2.230000
 413 2.210000
 414 2.210000
 415 2.200000
 416 2.200000
 417 2.210000
 418 2.240000
 419 2.210000
 420 2.210000
 421 2.210000
 422 2.210000
 423 2.210000
 424 2.210000
 425 2.210000
 426 1.260000
 427 1.270000
 428 2.180000
 429 1.450000
 430 1.420000
 431 1.450000
 432 1.450000
 433 1.410000
 434 1.540000
 435 1.860000
 436 2.160000
 437 2.190000
 438 2.190000
 439 2.170000
 440 2.190000
 441 2.200000
 442 2.170000
 443 2.180000
 444 2.180000
 445 1.370000
 446 1.400000
 447 1.380000
 448 2.200000
 449 2.180000
 450 2.200000
 451 2.180000
 452 2.180000
 453 2.180000
 454 1.560000
 455 1.530000
 456 1.640000
 457 2.200000
 458 2.180000
 459 2.180000
 460 2.200000
 461 2.180000
 462 2.180000
 463 2.200000
 464 2.200000
 465 2.170000
 466 1.630000
 467 1.540000
 468 1.540000
 469 2.150000
 470 2.190000
 471 1.960000
 472 1.740000
 473 1.750000
 474 1.720000
 475 1.700000
 476 1.720000
 477 1.690000
 478 1.680000
 479 1.660000
 480 1.700000
 481 1.700000
 482 1.690000
 483 1.680000
 484 1.670000
 485 1.710000
 486 1.680000
 487 1.680000
 488 1.670000
 489 1.680000
 490 1.670000
 491 1.690000
 492 1.680000
 493 1.670000
 494 1.670000
 495 1.700000
 496 1.670000
 497 1.690000
 498 1.680000
 499 1.700000
 500 1.680000
 501 1.670000
 502 1.730000
 503 1.750000
 504 1.920000
 505 2.240000
 506 2.230000
 507 2.240000
 508 2.260000
 509 2.230000
 510 2.260000
 511 2.250000
 512 2.250000
 513 2.270000
 514 2.270000
 515 2.270000
 516 2.260000
 517 2.280000
 518 2.280000
 519 2.290000
 520 2.290000
 521 2.310000
 522 2.320000
 523 2.340000
 524 2.380000
 525 2.360000
 526 2.380000
 527 2.380000
 528 2.380000
 529 2.380000
 530 2.310000
 531 2.290000
 532 3.700000
 533 3.750000
 534 3.750000
 535 3.780000
 536 3.780000
 537 3.780000
 538 3.800000
 539 3.800000
 540 3.810000
 541 3.850000
 542 3.860000
 543 3.880000
 544 3.890000
 545 3.910000
 546 3.960000
 547 3.960000
 548 3.980000
 549 4.000000
 550 4.030000
 551 4.070000
 552 4.050000
 553 4.100000
 554 4.080000
 555 4.100000
 556 4.140000
 557 4.150000
 558 4.220000
 559 4.230000
 560 4.230000
 561 4.230000
 562 4.250000
 563 4.280000
 564 4.310000
 565 4.340000
 566 4.350000
 567 4.350000
 568 4.330000
 569 4.380000
 570 4.390000
 571 4.400000
 572 4.490000
 573 4.400000
 574 4.450000
 575 4.530000
 576 4.480000
 577 4.570000
 578 4.540000
 579 4.530000
 580 4.340000
 581 4.310000
 582 4.180000
 583 4.220000
 584 4.190000
 585 4.050000
 586 4.050000
 587 4.030000
 588 4.140000
 589 4.090000
 590 4.000000
 591 4.030000
 592 2.420000
 593 2.350000
 594 2.330000
 595 2.330000
 596 3.980000
 597 3.980000
 598 4.000000
 599 3.970000
 600 3.970000
 601 3.980000
 602 4.100000
 603 4.100000
 604 4.070000
 605 3.950000
 606 3.930000
 607 3.950000
 608 4.080000
 609 4.000000
 610 3.970000
 611 3.980000
 612 3.980000
 613 4.010000
 614 4.010000
 615 3.960000
 616 3.980000
 617 4.010000
 618 3.990000
 619 3.960000
 620 3.940000
 621 3.940000
 622 3.920000
 623 3.800000
 624 3.780000
 625 3.780000
 626 3.820000
 627 3.830000
 628 3.840000
 629 3.860000
 630 3.880000
 631 3.880000
 632 3.810000
 633 3.810000
 634 3.810000
 635 3.810000
 636 3.810000
 637 3.750000
 638 3.720000
 639 3.680000
 640 3.730000
 641 3.790000
 642 3.700000
 643 3.650000
 644 3.690000
 645 3.660000
 646 3.670000
 647 3.650000
 648 3.600000
 649 3.630000
 650 3.620000
 651 3.620000
 652 3.610000
 653 3.640000
 654 3.660000
 655 3.670000
 656 3.670000
 657 3.680000
 658 3.730000
 659 3.700000
 660 3.680000
 661 3.660000
 662 3.660000
 663 3.650000
 664 3.650000
 665 3.570000
 666 3.550000
 667 3.530000
 668 3.480000
 669 3.520000
 670 3.500000
 671 3.420000
 672 3.390000
 673 3.390000
 674 3.430000
 675 3.460000
 676 3.500000
 677 3.450000
 678 3.440000
 679 3.480000
 680 3.470000
 681 3.410000
 682 3.420000
 683 3.340000
 684 3.360000
 685 3.410000
 686 3.300000
 687 3.330000
 688 3.440000
 689 3.440000
 690 3.410000
 691 3.440000
 692 3.270000
 693 3.410000
 694 3.250000
 695 3.390000
 696 3.360000
 697 3.360000
 698 3.390000
 699 3.360000
 700 4.020000
 701 3.260000
 702 3.340000
 703 3.310000
 704 3.310000
 705 3.330000
 706 3.200000
 707 3.310000
 708 3.330000
 709 3.360000
 710 3.230000
 711 3.270000
 712 3.390000
 713 3.230000
 714 3.230000
 715 3.230000
 716 3.360000
 717 3.340000
 718 3.360000
 719 3.230000
 720 3.360000
 721 3.340000
 722 3.340000
 723 3.230000
 724 3.340000
 725 3.340000
 726 3.360000
 727 3.360000
 728 3.360000
 729 3.340000
 730 3.250000
 731 3.230000
 732 3.230000
 733 3.340000
 734 3.250000
 735 3.230000
 736 3.790000
 737 3.230000
 738 3.230000
 739 3.250000
 740 3.770000
 741 3.220000
 742 3.390000
 743 3.370000
 744 3.390000
 745 3.370000
 746 3.340000
 747 3.390000
 748 3.390000
 749 3.340000
 750 3.340000
 751 3.380000
 752 3.400000
 753 3.340000
 754 3.340000
 755 3.370000
 756 3.380000
 757 3.340000
 758 3.340000
 759 3.370000
 760 3.380000
 0 1.840000
 1 1.800000
 2 1.840000
 3 1.810000
 4 1.810000
 5 1.870000
 6 1.810000
 7 1.760000
 8 1.820000
 9 1.810000
 10 1.790000
 11 1.750000
 12 1.770000
 13 1.760000
 14 1.760000
 15 1.740000
 16 1.760000
 17 2.010000
 18 1.700000
 19 1.730000
 20 2.410000
 21 1.720000
 22 2.090000
 23 1.730000
 24 1.850000
 25 2.410000
 26 1.710000
 27 2.050000
 28 1.730000
 29 1.700000
 30 2.400000
 31 1.830000
 32 1.860000
 33 2.380000
 34 1.720000
 35 2.100000
 36 1.830000
 37 1.710000
 38 1.800000
 39 1.860000
 40 1.840000
 41 1.800000
 42 1.810000
 43 1.840000
 44 1.800000
 45 1.860000
 46 1.800000
 47 1.860000
 48 1.840000
 49 1.830000
 50 1.730000
 51 1.800000
 52 1.860000
 53 1.850000
 54 1.830000
 55 1.860000
 56 1.850000
 57 1.860000
 58 1.850000
 59 1.830000
 60 1.890000
 61 1.830000
 62 1.860000
 63 1.850000
 64 1.880000
 65 1.880000
 66 1.900000
 67 1.910000
 68 1.810000
 69 2.460000
 70 1.770000
 71 2.460000
 72 1.900000
 73 1.850000
 74 1.820000
 75 1.760000
 76 2.490000
 77 1.810000
 78 2.210000
 79 1.810000
 80 1.800000
 81 1.930000
 82 1.810000
 83 1.810000
 84 1.830000
 85 2.490000
 86 1.930000
 87 2.510000
 88 1.810000
 89 2.500000
 90 1.950000
 91 1.860000
 92 1.860000
 93 1.950000
 94 1.830000
 95 1.950000
 96 1.830000
 97 1.920000
 98 1.860000
 99 1.970000
 100 1.860000
 101 2.000000
 102 1.860000
 103 2.000000
 104 1.990000
 105 2.010000
 106 2.010000
 107 1.990000
 108 1.990000
 109 1.880000
 110 2.040000
 111 1.890000
 112 2.030000
 113 2.130000
 114 1.980000
 115 2.400000
 116 1.970000
 117 1.970000
 118 1.910000
 119 1.900000
 120 1.930000
 121 2.000000
 122 1.930000
 123 2.350000
 124 1.920000
 125 1.930000
 126 1.950000
 127 1.980000
 128 2.020000
 129 1.980000
 130 1.940000
 131 1.970000
 132 1.980000
 133 1.970000
 134 1.980000
 135 1.940000
 136 1.960000
 137 2.080000
 138 2.090000
 139 2.060000
 140 2.060000
 141 1.980000
 142 2.010000
 143 2.040000
 144 2.010000
 145 2.000000
 146 1.980000
 147 1.980000
 148 2.060000
 149 2.020000
 150 2.050000
 151 2.040000
 152 2.060000
 153 2.040000
 154 2.070000
 155 2.130000
 156 2.150000
 157 2.140000
 158 2.030000
 159 2.020000
 160 2.050000
 161 2.080000
 162 2.160000
 163 2.060000
 164 2.180000
 165 2.070000
 166 2.180000
 167 2.430000
 168 2.080000
 169 2.110000
 170 2.110000
 171 2.110000
 172 2.130000
 173 2.150000
 174 2.120000
 175 2.220000
 176 2.220000
 177 2.210000
 178 2.220000
 179 2.270000
 180 2.220000
 181 2.260000
 182 2.230000
 183 2.220000
 184 2.220000
 185 2.220000
 186 2.250000
 187 2.270000
 188 2.180000
 189 2.250000
 190 2.310000
 191 2.270000
 192 2.270000
 193 2.270000
 194 2.270000
 195 2.280000
 196 2.260000
 197 2.250000
 198 2.240000
 199 2.270000
 200 2.270000
 201 2.330000
 202 2.330000
 203 2.370000
 204 2.480000
 205 2.460000
 206 2.500000
 207 2.520000
 208 2.500000
 209 2.500000
 210 2.500000
 211 2.500000
 212 2.490000
 213 2.480000
 214 2.510000
 215 2.620000
 216 2.920000
 217 3.580000
 218 3.600000
 219 3.630000
 220 3.530000
 221 3.480000
 222 3.020000
 223 2.940000
 224 2.960000
 225 2.960000
 226 2.980000
 227 3.010000
 228 3.050000
 229 3.020000
 230 3.230000
 231 3.410000
 232 3.390000
 233 3.380000
 234 3.390000
 235 3.360000
 236 3.360000
 237 3.360000
 238 3.360000
 239 3.340000
 240 3.340000
 241 3.310000
 242 3.310000
 243 3.310000
 244 3.310000
 245 3.290000
 246 3.290000
 247 3.310000
 248 3.290000
 249 3.260000
 250 3.260000
 251 3.260000
 252 3.320000
 253 3.550000
 254 3.570000
 255 3.610000
 256 3.650000
 257 3.670000
 258 3.650000
 259 3.700000
 260 3.720000
 261 3.750000
 262 3.790000
 263 3.820000
 264 3.820000
 265 3.280000
 266 3.190000
 267 3.220000
 268 3.190000
 269 3.140000
 270 3.140000
 271 3.140000
 272 3.130000
 273 3.190000
 274 3.180000
 275 3.280000
 276 4.270000
 277 3.110000
 278 3.140000
 279 3.130000
 280 3.170000
 281 3.160000
 282 3.140000
 283 3.170000
 284 3.210000
 285 3.160000
 286 3.180000
 287 3.230000
 288 3.220000
 289 3.210000
 290 3.170000
 291 3.240000
 292 3.200000
 293 3.240000
 294 3.250000
 295 3.190000
 296 3.250000
 297 3.210000
 298 3.190000
 299 3.210000
 300 3.170000
 301 3.180000
 302 3.160000
 303 3.190000
 304 3.170000
 305 3.150000
 306 3.150000
 307 3.130000
 308 3.140000
 309 3.130000
 310 3.100000
 311 3.120000
 312 3.120000
 313 3.100000
 314 3.120000
 315 3.150000
 316 3.150000
 317 3.150000
 318 3.150000
 319 3.150000
 320 3.180000
 321 3.230000
 322 3.300000
 323 3.430000
 324 3.100000
 325 3.750000
 326 3.090000
 327 3.070000
 328 3.050000
 329 6.740000
 330 6.820000
 331 6.870000
 332 6.840000
 333 6.870000
 334 6.860000
 335 6.860000
 336 6.890000
 337 6.990000
 338 6.910000
 339 6.860000
 340 6.950000
 341 6.640000
 342 6.700000
 343 7.120000
 344 7.140000
 345 7.170000
 346 4.240000
 347 4.300000
 348 7.190000
 349 4.760000
 350 4.780000
 351 7.040000
 352 7.130000
 353 7.180000
 354 7.120000
 355 7.120000
 356 3.010000
 357 2.980000
 358 3.010000
 359 3.010000
 360 3.010000
 361 3.000000
 362 3.010000
 363 3.070000
 364 3.020000
 365 3.040000
 366 3.020000
 367 2.990000
 368 3.010000
 369 3.010000
 370 2.990000
 371 3.010000
 372 3.010000
 373 3.000000
 374 3.020000
 375 3.130000
 376 3.090000
 377 3.070000
 378 3.090000
 379 3.040000
 380 3.070000
 381 3.080000
 382 3.000000
 383 3.060000
 384 2.980000
 385 3.080000
 386 2.950000
 387 7.800000
 388 2.980000
 389 2.960000
 390 7.750000
 391 2.960000
 392 2.950000
 393 7.700000
 394 2.970000
 395 2.950000
 396 3.010000
 397 2.970000
 398 3.020000
 399 2.960000
 400 3.050000
 401 3.060000
 402 3.110000
 403 3.050000
 404 3.030000
 405 2.960000
 406 3.100000
 407 3.050000
 408 2.960000
 409 2.250000
 410 2.240000
 411 2.240000
 412 2.200000
 413 2.240000
 414 2.210000
 415 2.230000
 416 2.200000
 417 2.210000
 418 2.190000
 419 2.210000
 420 2.190000
 421 2.210000
 422 2.210000
 423 2.190000
 424 2.190000
 425 2.200000
 426 1.290000
 427 1.270000
 428 2.200000
 429 1.430000
 430 1.450000
 431 1.420000
 432 1.420000
 433 1.410000
 434 1.520000
 435 2.140000
 436 2.160000
 437 2.200000
 438 2.200000
 439 2.200000
 440 2.200000
 441 2.200000
 442 2.200000
 443 2.180000
 444 2.180000
 445 1.370000
 446 1.410000
 447 1.380000
 448 2.200000
 449 2.180000
 450 2.200000
 451 2.190000
 452 2.190000
 453 2.200000
 454 1.560000
 455 1.530000
 456 1.640000
 457 2.200000
 458 2.190000
 459 2.190000
 460 2.210000
 461 2.210000
 462 2.170000
 463 2.200000
 464 2.200000
 465 2.200000
 466 1.630000
 467 1.540000
 468 1.540000
 469 2.120000
 470 2.200000
 471 1.960000
 472 1.740000
 473 1.750000
 474 1.750000
 475 1.700000
 476 1.690000
 477 1.690000
 478 1.710000
 479 1.660000
 480 1.710000
 481 1.670000
 482 1.670000
 483 1.680000
 484 1.670000
 485 1.670000
 486 1.680000
 487 1.680000
 488 1.680000
 489 1.680000
 490 1.690000
 491 1.670000
 492 1.670000
 493 1.670000
 494 1.690000
 495 1.680000
 496 1.680000
 497 1.690000
 498 1.690000
 499 1.700000
 500 1.680000
 501 1.710000
 502 1.710000
 503 1.780000
 504 1.950000
 505 2.240000
 506 2.230000
 507 2.240000
 508 2.240000
 509 2.240000
 510 2.260000
 511 2.250000
 512 2.250000
 513 2.280000
 514 2.270000
 515 2.270000
 516 2.260000
 517 2.280000
 518 2.280000
 519 2.300000
 520 2.310000
 521 2.300000
 522 2.350000
 523 2.370000
 524 2.390000
 525 2.360000
 526 2.390000
 527 2.390000
 528 2.390000
 529 2.380000
 530 2.330000
 531 2.330000
 532 3.730000
 533 3.750000
 534 3.780000
 535 3.750000
 536 3.750000
 537 3.780000
 538 3.810000
 539 3.780000
 540 3.830000
 541 3.830000
 542 3.820000
 543 3.880000
 544 3.900000
 545 3.910000
 546 3.950000
 547 3.960000
 548 3.980000
 549 4.000000
 550 4.010000
 551 4.060000
 552 4.060000
 553 4.090000
 554 4.110000
 555 4.120000
 556 4.160000
 557 4.160000
 558 4.220000
 559 4.200000
 560 4.230000
 561 4.230000
 562 4.260000
 563 4.280000
 564 4.320000
 565 4.320000
 566 4.380000
 567 4.350000
 568 4.310000
 569 4.390000
 570 4.410000
 571 4.400000
 572 4.460000
 573 4.530000
 574 4.430000
 575 4.460000
 576 4.460000
 577 4.570000
 578 4.540000
 579 4.530000
 580 4.340000
 581 4.310000
 582 4.210000
 583 4.230000
 584 4.190000
 585 4.160000
 586 4.060000
 587 4.060000
 588 4.140000
 589 4.100000
 590 4.030000
 591 4.010000
 592 2.390000
 593 2.350000
 594 2.330000
 595 2.310000
 596 3.980000
 597 3.980000
 598 3.970000
 599 4.000000
 600 3.970000
 601 3.960000
 602 4.100000
 603 4.100000
 604 4.100000
 605 3.960000
 606 3.930000
 607 3.960000
 608 4.080000
 609 4.000000
 610 3.970000
 611 3.980000
 612 3.980000
 613 4.010000
 614 4.030000
 615 4.010000
 616 3.980000
 617 3.990000
 618 3.990000
 619 3.960000
 620 3.960000
 621 3.960000
 622 3.950000
 623 3.780000
 624 3.760000
 625 3.760000
 626 3.810000
 627 3.820000
 628 3.850000
 629 3.880000
 630 3.850000
 631 3.910000
 632 3.780000
 633 3.810000
 634 3.810000
 635 3.810000
 636 3.780000
 637 3.740000
 638 3.740000
 639 3.680000
 640 3.760000
 641 3.810000
 642 3.730000
 643 3.660000
 644 3.680000
 645 3.660000
 646 3.670000
 647 3.670000
 648 3.620000
 649 3.620000
 650 3.600000
 651 3.600000
 652 3.640000
 653 3.660000
 654 3.660000
 655 3.670000
 656 3.670000
 657 3.680000
 658 3.700000
 659 3.700000
 660 3.700000
 661 3.660000
 662 3.640000
 663 3.650000
 664 3.650000
 665 3.570000
 666 3.540000
 667 3.510000
 668 3.480000
 669 3.500000
 670 3.500000
 671 3.410000
 672 3.400000
 673 3.400000
 674 3.440000
 675 3.460000
 676 3.530000
 677 3.480000
 678 3.460000
 679 3.490000
 680 3.450000
 681 3.400000
 682 3.430000
 683 3.370000
 684 3.380000
 685 3.440000
 686 3.310000
 687 3.310000
 688 3.440000
 689 3.440000
 690 3.410000
 691 3.440000
 692 3.310000
 693 3.410000
 694 3.260000
 695 3.390000
 696 3.390000
 697 3.390000
 698 3.390000
 699 3.360000
 700 4.050000
 701 3.260000
 702 3.360000
 703 3.340000
 704 3.310000
 705 3.330000
 706 3.230000
 707 3.300000
 708 3.350000
 709 3.360000
 710 3.230000
 711 3.210000
 712 3.360000
 713 3.230000
 714 3.230000
 715 3.260000
 716 3.340000
 717 3.360000
 718 3.360000
 719 3.260000
 720 3.360000
 721 3.360000
 722 3.360000
 723 3.230000
 724 3.360000
 725 3.340000
 726 3.360000
 727 3.370000
 728 3.360000
 729 3.340000
 730 3.260000
 731 3.260000
 732 3.260000
 733 3.340000
 734 3.270000
 735 3.260000
 736 3.970000
 737 3.230000
 738 3.250000
 739 3.220000
 740 3.720000
 741 3.220000
 742 3.390000
 743 3.370000
 744 3.400000
 745 3.350000
 746 3.360000
 747 3.400000
 748 3.370000
 749 3.310000
 750 3.350000
 751 3.380000
 752 3.380000
 753 3.370000
 754 3.370000
 755 3.350000
 756 3.380000
 757 3.320000
 758 3.320000
 759 3.370000
 760 3.380000
 0 1.860000
 1 1.840000
 2 1.840000
 3 1.840000
 4 1.810000
 5 1.840000
 6 1.840000
 7 1.730000
 8 1.840000
 9 1.810000
 10 1.790000
 11 1.740000
 12 1.740000
 13 1.730000
 14 1.730000
 15 1.740000
 16 1.740000
 17 2.010000
 18 1.700000
 19 1.700000
 20 2.410000
 21 1.690000
 22 2.060000
 23 1.700000
 24 1.850000
 25 2.410000
 26 1.730000
 27 2.050000
 28 1.700000
 29 1.700000
 30 2.420000
 31 1.830000
 32 1.880000
 33 2.400000
 34 1.720000
 35 2.230000
 36 1.800000
 37 1.730000
 38 1.850000
 39 1.860000
 40 1.840000
 41 1.800000
 42 1.810000
 43 1.860000
 44 1.800000
 45 1.890000
 46 1.800000
 47 1.840000
 48 1.860000
 49 1.800000
 50 1.730000
 51 1.830000
 52 1.860000
 53 1.850000
 54 1.830000
 55 1.860000
 56 1.850000
 57 1.860000
 58 1.850000
 59 1.830000
 60 1.850000
 61 1.850000
 62 1.890000
 63 1.850000
 64 1.880000
 65 1.850000
 66 1.880000
 67 2.110000
 68 1.750000
 69 2.490000
 70 1.770000
 71 2.460000
 72 1.900000
 73 1.880000
 74 1.820000
 75 1.780000
 76 2.490000
 77 1.770000
 78 2.290000
 79 1.800000
 80 1.800000
 81 1.930000
 82 1.800000
 83 1.770000
 84 1.800000
 85 2.460000
 86 1.950000
 87 2.500000
 88 1.830000
 89 2.500000
 90 1.980000
 91 1.830000
 92 1.850000
 93 1.950000
 94 1.850000
 95 1.930000
 96 1.850000
 97 1.950000
 98 1.830000
 99 1.970000
 100 1.880000
 101 1.980000
 102 1.850000
 103 1.990000
 104 2.010000
 105 2.010000
 106 1.990000
 107 2.010000
 108 2.010000
 109 1.900000
 110 2.040000
 111 1.900000
 112 2.050000
 113 2.130000
 114 1.990000
 115 2.410000
 116 1.990000
 117 1.970000
 118 1.900000
 119 1.920000
 120 1.900000
 121 2.000000
 122 1.950000
 123 2.280000
 124 1.950000
 125 1.950000
 126 1.950000
 127 1.980000
 128 1.930000
 129 1.980000
 130 1.940000
 131 1.970000
 132 1.960000
 133 1.970000
 134 1.970000
 135 1.940000
 136 1.960000
 137 2.050000
 138 2.080000
 139 2.060000
 140 2.080000
 141 1.980000
 142 2.000000
 143 2.030000
 144 2.020000
 145 2.020000
 146 1.980000
 147 2.000000
 148 2.030000
 149 2.030000
 150 2.070000
 151 2.040000
 152 2.030000
 153 2.030000
 154 2.070000
 155 2.130000
 156 2.150000
 157 2.140000
 158 2.000000
 159 2.020000
 160 2.070000
 161 2.080000
 162 2.030000
 163 2.060000
 164 2.190000
 165 2.070000
 166 2.180000
 167 2.460000
 168 2.050000
 169 2.070000
 170 2.100000
 171 2.080000
 172 2.150000
 173 2.170000
 174 2.090000
 175 2.220000
 176 2.220000
 177 2.180000
 178 2.250000
 179 2.270000
 180 2.220000
 181 2.260000
 182 2.210000
 183 2.230000
 184 2.220000
 185 2.220000
 186 2.250000
 187 2.270000
 188 2.180000
 189 2.250000
 190 2.310000
 191 2.300000
 192 2.270000
 193 2.270000
 194 2.270000
 195 2.280000
 196 2.260000
 197 2.250000
 198 2.270000
 199 2.270000
 200 2.290000
 201 2.320000
 202 2.360000
 203 2.390000
 204 2.460000
 205 2.470000
 206 2.520000
 207 2.520000
 208 2.500000
 209 2.520000
 210 2.500000
 211 2.500000
 212 2.490000
 213 2.460000
 214 2.530000
 215 2.620000
 216 2.860000
 217 3.580000
 218 3.600000
 219 3.600000
 220 3.530000
 221 3.500000
 222 3.000000
 223 2.940000
 224 2.940000
 225 2.980000
 226 2.980000
 227 3.010000
 228 3.020000
 229 3.020000
 230 3.230000
 231 3.410000
 232 3.410000
 233 3.380000
 234 3.390000
 235 3.360000
 236 3.390000
 237 3.360000
 238 3.340000
 239 3.360000
 240 3.340000
 241 3.340000
 242 3.310000
 243 3.310000
 244 3.290000
 245 3.290000
 246 3.290000
 247 3.260000
 248 3.290000
 249 3.290000
 250 3.260000
 251 3.260000
 252 3.320000
 253 3.550000
 254 3.600000
 255 3.590000
 256 3.650000
 257 3.670000
 258 3.670000
 259 3.720000
 260 3.720000
 261 3.740000
 262 3.800000
 263 3.820000
 264 3.820000
 265 3.280000
 266 3.220000
 267 3.220000
 268 3.170000
 269 3.140000
 270 3.160000
 271 3.130000
 272 3.160000
 273 3.170000
 274 3.180000
 275 3.270000
 276 4.270000
 277 3.130000
 278 3.140000
 279 3.130000
 280 3.170000
 281 3.160000
 282 3.140000
 283 3.170000
 284 3.200000
 285 3.150000
 286 3.150000
 287 3.200000
 288 3.200000
 289 3.200000
 290 3.190000
 291 3.230000
 292 3.210000
 293 3.250000
 294 3.250000
 295 3.210000
 296 3.220000
 297 3.170000
 298 3.190000
 299 3.180000
 300 3.200000
 301 3.200000
 302 3.180000
 303 3.180000
 304 3.130000
 305 3.140000
 306 3.140000
 307 3.130000
 308 3.130000
 309 3.130000
 310 3.130000
 311 3.120000
 312 3.120000
 313 3.130000
 314 3.130000
 315 3.120000
 316 3.130000
 317 3.130000
 318 3.150000
 319 3.150000
 320 3.200000
 321 3.230000
 322 3.280000
 323 3.430000
 324 3.070000
 325 3.370000
 326 3.090000
 327 3.070000
 328 3.100000
 329 6.740000
 330 6.850000
 331 6.900000
 332 6.840000
 333 6.870000
 334 6.840000
 335 6.890000
 336 6.890000
 337 6.830000
 338 6.800000
 339 6.860000
 340 6.950000
 341 6.620000
 342 6.690000
 343 7.060000
 344 7.140000
 345 7.140000
 346 4.270000
 347 4.270000
 348 7.190000
 349 4.750000
 350 4.780000
 351 7.040000
 352 7.110000
 353 7.190000
 354 7.110000
 355 7.150000
 356 3.000000
 357 2.980000
 358 2.980000
 359 3.000000
 360 2.980000
 361 3.000000
 362 3.030000
 363 3.040000
 364 3.040000
 365 3.020000
 366 3.010000
 367 3.020000
 368 2.980000
 369 3.010000
 370 2.990000
 371 3.010000
 372 3.010000
 373 3.000000
 374 2.990000
 375 3.130000
 376 3.120000
 377 3.070000
 378 3.090000
 379 3.050000
 380 3.070000
 381 3.080000
 382 3.020000
 383 3.080000
 384 3.080000
 385 3.080000
 386 2.980000
 387 7.800000
 388 2.980000
 389 2.950000
 390 7.780000
 391 2.950000
 392 2.950000
 393 7.710000
 394 2.970000
 395 2.950000
 396 2.990000
 397 2.950000
 398 3.020000
 399 2.980000
 400 3.020000
 401 3.060000
 402 3.070000
 403 3.070000
 404 2.990000
 405 2.990000
 406 3.070000
 407 3.050000
 408 2.950000
 409 2.250000
 410 2.240000
 411 2.240000
 412 2.230000
 413 2.210000
 414 2.210000
 415 2.230000
 416 2.230000
 417 2.210000
 418 2.210000
 419 2.210000
 420 2.210000
 421 2.190000
 422 2.190000
 423 2.210000
 424 2.190000
 425 2.200000
 426 1.290000
 427 1.270000
 428 2.200000
 429 1.450000
 430 1.420000
 431 1.420000
 432 1.420000
 433 1.410000
 434 1.490000
 435 1.860000
 436 2.190000
 437 2.170000
 438 2.190000
 439 2.190000
 440 2.190000
 441 2.190000
 442 2.170000
 443 2.200000
 444 2.180000
 445 1.400000
 446 1.380000
 447 1.380000
 448 2.200000
 449 2.180000
 450 2.180000
 451 2.180000
 452 2.180000
 453 2.180000
 454 1.560000
 455 1.530000
 456 1.640000
 457 2.180000
 458 2.180000
 459 2.210000
 460 2.180000
 461 2.210000
 462 2.200000
 463 2.200000
 464 2.200000
 465 2.170000
 466 1.600000
 467 1.540000
 468 1.510000
 469 2.130000
 470 2.190000
 471 1.980000
 472 1.720000
 473 1.720000
 474 1.720000
 475 1.700000
 476 1.740000
 477 1.690000
 478 1.680000
 479 1.670000
 480 1.700000
 481 1.670000
 482 1.660000
 483 1.660000
 484 1.670000
 485 1.700000
 486 1.680000
 487 1.680000
 488 1.680000
 489 1.680000
 490 1.690000
 491 1.660000
 492 1.650000
 493 1.670000
 494 1.680000
 495 1.700000
 496 1.670000
 497 1.690000
 498 1.680000
 499 1.700000
 500 1.700000
 501 1.700000
 502 1.730000
 503 1.730000
 504 1.920000
 505 2.210000
 506 2.230000
 507 2.260000
 508 2.240000
 509 2.230000
 510 2.260000
 511 2.250000
 512 2.250000
 513 2.250000
 514 2.270000
 515 2.270000
 516 2.280000
 517 2.280000
 518 2.280000
 519 2.290000
 520 2.280000
 521 2.330000
 522 2.350000
 523 2.340000
 524 2.360000
 525 2.360000
 526 2.380000
 527 2.410000
 528 2.380000
 529 2.380000
 530 2.330000
 531 2.290000
 532 3.730000
 533 3.730000
 534 3.750000
 535 3.740000
 536 3.770000
 537 3.780000
 538 3.800000
 539 3.810000
 540 3.820000
 541 3.830000
 542 3.850000
 543 3.880000
 544 3.900000
 545 3.900000
 546 3.930000
 547 3.960000
 548 3.980000
 549 4.010000
 550 4.030000
 551 4.070000
 552 4.080000
 553 4.070000
 554 4.080000
 555 4.130000
 556 4.140000
 557 4.130000
 558 4.220000
 559 4.210000
 560 4.230000
 561 4.230000
 562 4.250000
 563 4.280000
 564 4.310000
 565 4.340000
 566 4.360000
 567 4.350000
 568 4.300000
 569 4.370000
 570 4.380000
 571 4.430000
 572 4.490000
 573 4.400000
 574 4.430000
 575 4.530000
 576 4.480000
 577 4.540000
 578 4.520000
 579 4.520000
 580 4.350000
 581 4.270000
 582 4.180000
 583 4.220000
 584 4.190000
 585 4.050000
 586 4.050000
 587 4.030000
 588 4.140000
 589 4.090000
 590 4.000000
 591 4.000000
 592 2.390000
 593 2.330000
 594 2.330000
 595 2.310000
 596 3.980000
 597 4.000000
 598 4.000000
 599 4.020000
 600 3.970000
 601 3.980000
 602 4.120000
 603 4.100000
 604 4.090000
 605 3.930000
 606 3.930000
 607 3.950000
 608 4.080000
 609 3.990000
 610 3.970000
 611 3.980000
 612 3.980000
 613 4.010000
 614 4.010000
 615 3.980000
 616 3.960000
 617 4.010000
 618 3.980000
 619 3.960000
 620 3.940000
 621 3.960000
 622 3.940000
 623 3.780000
 624 3.780000
 625 3.780000
 626 3.820000
 627 3.830000
 628 3.820000
 629 3.880000
 630 3.850000
 631 3.910000
 632 3.810000
 633 3.810000
 634 3.830000
 635 3.830000
 636 3.810000
 637 3.740000
 638 3.750000
 639 3.700000
 640 3.730000
 641 3.810000
 642 3.700000
 643 3.650000
 644 3.630000
 645 3.650000
 646 3.630000
 647 3.640000
 648 3.620000
 649 3.620000
 650 3.600000
 651 3.620000
 652 3.610000
 653 3.640000
 654 3.660000
 655 3.670000
 656 3.670000
 657 3.680000
 658 3.700000
 659 3.700000
 660 3.650000
 661 3.640000
 662 3.640000
 663 3.650000
 664 3.650000
 665 3.570000
 666 3.570000
 667 3.530000
 668 3.480000
 669 3.520000
 670 3.490000
 671 3.420000
 672 3.390000
 673 3.400000
 674 3.420000
 675 3.460000
 676 3.530000
 677 3.480000
 678 3.440000
 679 3.510000
 680 3.450000
 681 3.410000
 682 3.420000
 683 3.380000
 684 3.350000
 685 3.410000
 686 3.460000
 687 3.460000
 688 3.440000
 689 3.410000
 690 3.410000
 691 3.410000
 692 3.270000
 693 3.440000
 694 3.410000
 695 3.390000
 696 3.390000
 697 3.390000
 698 3.390000
 699 3.340000
 700 4.040000
 701 3.230000
 702 3.340000
 703 3.340000
 704 3.310000
 705 3.340000
 706 3.230000
 707 3.310000
 708 3.330000
 709 3.360000
 710 3.230000
 711 3.210000
 712 3.360000
 713 3.250000
 714 3.200000
 715 3.250000
 716 3.340000
 717 3.340000
 718 3.340000
 719 3.230000
 720 3.360000
 721 3.340000
 722 3.360000
 723 3.230000
 724 3.360000
 725 3.310000
 726 3.340000
 727 3.360000
 728 3.360000
 729 3.360000
 730 3.250000
 731 3.200000
 732 3.230000
 733 3.310000
 734 3.260000
 735 3.230000
 736 3.870000
 737 3.230000
 738 3.220000
 739 3.220000
 740 3.720000
 741 3.250000
 742 3.390000
 743 3.370000
 744 3.370000
 745 3.340000
 746 3.370000
 747 3.390000
 748 3.380000
 749 3.310000
 750 3.340000
 751 3.380000
 752 3.380000
 753 3.370000
 754 3.370000
 755 3.370000
 756 3.380000
 757 3.320000
 758 3.320000
 759 3.340000
 760 3.380000