
 0 3.850000
 1 2.910000
 2 2.850000
 3 2.870000
 4 2.870000
 5 2.860000
 6 2.840000
 7 2.850000
 8 2.870000
 9 2.860000
 10 2.850000
 11 2.850000
 12 2.830000
 13 2.820000
 14 2.850000
 15 2.830000
 16 2.830000
 17 2.830000
 18 2.830000
 19 2.790000
 20 2.800000
 21 2.780000
 22 2.780000
 23 2.800000
 24 2.840000
 25 2.750000
 26 1.910000
 27 1.870000
 28 1.850000
 29 1.870000
 30 1.870000
 31 1.860000
 32 1.910000
 33 1.920000
 34 1.930000
 35 2.030000
 36 2.730000
 37 2.700000
 38 2.670000
 39 2.700000
 40 2.680000
 41 2.700000
 42 2.910000
 43 3.220000
 44 3.200000
 45 2.760000
 46 2.690000
 47 2.710000
 48 2.690000
 49 2.710000
 50 2.720000
 51 2.700000
 52 2.680000
 53 2.680000
 54 2.680000
 55 2.690000
 56 2.660000
 57 2.530000
 58 2.480000
 59 2.480000
 60 2.480000
 61 2.510000
 62 2.520000
 63 2.520000
 64 2.580000
 65 2.600000
 66 2.620000
 67 2.590000
 68 2.600000
 69 2.630000
 70 2.650000
 71 2.640000
 72 2.610000
 73 2.600000
 74 2.600000
 75 2.600000
 76 2.600000
 77 2.600000
 78 2.580000
 79 2.610000
 80 2.600000
 81 2.590000
 82 2.650000
 83 2.870000
 84 1.800000
 85 1.770000
 86 1.780000
 87 1.750000
 88 1.750000
 89 1.780000
 90 1.760000
 91 1.730000
 92 1.730000
 93 1.730000
 94 1.730000
 95 1.770000
 96 1.780000
 97 1.780000
 98 1.780000
 99 1.770000
 100 1.760000
 101 1.790000
 102 3.480000
 103 3.600000
 104 3.600000
 105 3.600000
 106 3.610000
 107 2.400000
 108 2.330000
 109 2.330000
 110 2.330000
 111 2.350000
 112 2.370000
 113 2.390000
 114 3.610000
 115 3.610000
 116 3.590000
 117 3.610000
 118 3.610000
 119 3.610000
 120 3.560000
 121 3.590000
 122 3.590000
 123 3.560000
 124 3.550000
 125 3.490000
 126 3.490000
 127 3.420000
 128 3.420000
 129 3.530000
 130 3.430000
 131 3.400000
 132 3.600000
 133 3.420000
 134 3.460000
 135 3.410000
 136 3.460000
 137 3.440000
 138 3.450000
 139 3.570000
 140 3.570000
 141 3.550000
 142 3.570000
 143 3.470000
 144 3.450000
 145 3.480000
 146 3.570000
 147 3.460000
 148 3.460000
 149 3.460000
 150 3.600000
 151 3.600000
 152 3.600000
 153 3.600000
 154 3.460000
 155 3.460000
 156 3.570000
 157 3.600000
 158 3.560000
 159 3.490000
 160 3.560000
 161 3.440000
 162 4.740000
 163 4.750000
 164 4.130000
 165 4.750000
 166 4.750000
 167 4.800000
 168 4.770000
 169 4.770000
 170 4.770000
 171 4.800000
 172 4.800000
 173 4.800000
 174 4.780000
 175 4.800000
 176 4.800000
 177 4.830000
 178 4.800000
 179 4.800000
 180 4.830000
 181 4.800000
 182 4.830000
 183 4.830000
 184 4.820000
 185 4.660000
 186 4.850000
 187 4.850000
 188 4.270000
 189 4.260000
 190 4.870000
 191 4.880000
 192 4.850000
 193 4.610000
 194 4.630000
 195 4.620000
 196 4.670000
 197 4.900000
 198 4.900000
 199 4.920000
 200 4.950000
 201 4.920000
 202 4.920000
 203 4.950000
 204 4.070000
 205 4.050000
 206 4.040000
 207 0.990000
 208 1.020000
 209 1.020000
 210 1.030000
 211 1.010000
 212 0.980000
 213 0.980000
 214 0.980000
 215 1.000000
 216 0.960000
 217 0.950000
 218 0.960000
 219 0.960000
 220 0.920000
 221 0.950000
 222 0.920000
 223 0.920000
 224 0.900000
 225 0.900000
 226 0.880000
 227 0.900000
 228 0.880000
 229 0.860000
 230 0.890000
 231 0.910000
 232 0.920000
 233 0.950000
 234 0.910000
 235 0.910000
 236 0.920000
 237 0.940000
 238 0.930000
 239 0.910000
 240 0.920000
 241 0.960000
 242 0.920000
 243 0.940000
 244 0.960000
 245 0.970000
 246 0.960000
 247 0.960000
 248 0.970000
 249 0.940000
 250 0.960000
 251 0.960000
 252 0.980000
 253 0.960000
 254 0.960000
 255 0.980000
 256 0.980000
 257 1.000000
 258 1.010000
 259 1.000000
 260 1.080000
 261 1.480000
 262 1.480000
 263 1.460000
 264 1.490000
 265 1.450000
 266 1.440000
 267 1.460000
 268 1.460000
 269 1.460000
 270 1.490000
 271 1.490000
 272 1.490000
 273 1.490000
 274 1.500000
 275 1.550000
 276 2.130000
 277 2.130000
 278 2.120000
 279 2.110000
 280 2.120000
 281 2.100000
 282 2.100000
 283 2.140000
 284 2.130000
 285 2.130000
 286 2.100000
 287 2.110000
 288 2.080000
 289 2.110000
 290 2.140000
 291 2.090000
 292 1.770000
 293 1.790000
 294 1.760000
 295 1.760000
 296 1.760000
 297 1.740000
 298 1.740000
 299 1.740000
 300 1.750000
 301 1.750000
 302 0.880000
 303 0.830000
 304 0.770000
 305 0.760000
 306 0.760000
 307 0.760000
 308 0.760000
 309 0.740000
 310 0.740000
 311 0.740000
 312 0.740000
 313 0.710000
 314 0.740000
 315 0.710000
 316 0.740000
 317 0.710000
 318 0.710000
 319 0.710000
 320 0.710000
 321 0.680000
 322 0.690000
 323 0.690000
 324 0.690000
 325 0.680000
 326 0.680000
 327 0.660000
 328 0.660000
 329 0.690000
 330 0.660000
 331 0.690000
 332 0.690000
 333 0.690000
 334 0.690000
 335 0.660000
 336 0.690000
 337 0.640000
 338 0.660000
 339 0.690000
 340 0.690000
 341 0.660000
 342 0.660000
 343 0.640000
 344 0.660000
 345 0.660000
 346 0.640000
 347 0.660000
 348 0.640000
 349 0.630000
 350 0.660000
 351 0.640000
 352 0.640000
 353 0.640000
 354 0.660000
 355 0.640000
 356 0.640000
 357 0.640000
 358 0.640000
 359 0.640000
 360 0.640000
 361 0.640000
 362 0.640000
 363 0.640000
 364 0.640000
 365 0.640000
 366 0.640000
 367 0.630000
 368 0.630000
 369 0.630000
 370 0.630000
 371 0.630000
 372 0.630000
 373 0.630000
 374 0.610000
 375 0.640000
 376 0.640000
 377 0.610000
 378 0.640000
 379 0.610000
 380 0.640000
 381 0.640000
 382 0.640000
 383 0.640000
 384 0.610000
 385 0.640000
 386 0.640000
 387 0.610000
 388 0.610000
 389 0.610000
 390 0.610000
 391 0.610000
 392 0.610000
 393 0.610000
 394 0.610000
 395 0.610000
 396 0.610000
 397 0.610000
 398 0.640000
 399 0.640000
 400 0.610000
 401 0.610000
 402 0.640000
 403 0.610000
 404 0.630000
 405 0.610000
 406 0.610000
 407 0.610000
 408 0.610000
 409 0.610000
 410 0.610000
 411 0.610000
 412 0.640000
 413 0.640000
 414 0.610000
 415 0.610000
 416 0.610000
 417 0.610000
 418 0.610000
 419 0.610000
 420 0.610000
 421 0.610000
 422 0.610000
 423 0.610000
 424 0.610000
 425 0.610000
 426 0.610000
 427 0.610000
 428 0.610000
 429 0.610000
 430 0.610000
 431 0.610000
 432 0.610000
 433 0.610000
 434 0.610000
 435 0.610000
 436 0.610000
 437 0.610000
 438 0.610000
 439 0.610000
 440 0.590000
 441 0.610000
 442 0.640000
 443 0.610000
 444 0.610000
 445 0.610000
 446 0.610000
 447 0.610000
 448 0.610000
 449 0.640000
 450 0.610000
 451 0.610000
 452 0.640000
 453 0.610000
 454 0.610000
 455 0.610000
 456 0.610000
 457 0.610000
 458 0.610000
 459 0.610000
 460 0.640000
 461 0.590000
 462 0.610000
 463 0.610000
 464 0.610000
 465 0.640000
 466 0.610000
 467 0.610000
 468 0.610000
 469 0.610000
 470 0.610000
 471 0.640000
 472 0.630000
 473 0.630000
 474 0.630000
 475 0.610000
 476 0.640000
 477 0.630000
 478 0.610000
 479 0.640000
 480 0.630000
 481 0.630000
 482 0.610000
 483 0.640000
 484 0.630000
 485 0.640000
 486 0.630000
 487 0.630000
 488 0.660000
 489 0.630000
 490 0.660000
 491 0.640000
 492 0.660000
 493 0.660000
 494 0.660000
 495 0.660000
 496 0.660000
 497 0.640000
 498 0.660000
 499 0.660000
 500 0.660000
 501 0.660000
 502 0.660000
 503 0.660000
 504 0.670000
 505 0.700000
 506 0.640000
 507 3.750000
 508 3.760000
 509 3.750000
 510 3.750000
 511 3.680000
 512 3.660000
 513 3.580000
 514 3.180000
 515 3.180000
 516 3.500000
 517 3.480000
 518 3.450000
 519 3.410000
 520 3.360000
 521 3.260000
 522 3.050000
 523 3.020000
 524 3.020000
 525 3.070000
 526 3.100000
 527 3.020000
 528 2.990000
 529 2.910000
 530 2.920000
 531 2.940000
 532 2.940000
 533 2.930000
 534 2.930000
 535 2.960000
 536 2.970000
 537 2.990000
 538 3.020000
 539 3.020000
 540 3.060000
 541 3.090000
 542 3.160000
 543 3.060000
 544 3.090000
 545 3.120000
 546 3.070000
 547 3.060000
 548 2.880000
 549 2.710000
 550 2.670000
 551 2.670000
 552 2.640000
 553 2.630000
 554 2.620000
 555 2.610000
 556 2.570000
 557 2.560000
 558 2.560000
 559 2.570000
 560 2.540000
 561 2.510000
 562 2.480000
 563 2.460000
 564 2.400000
 565 2.360000
 566 2.300000
 567 2.290000
 568 2.290000
 569 2.240000
 570 2.230000
 571 2.230000
 572 2.220000
 573 2.270000
 574 2.220000
 575 2.180000
 576 2.110000
 577 2.100000
 578 2.130000
 579 2.090000
 580 2.060000
 581 2.090000
 582 2.040000
 583 2.060000
 584 2.050000
 585 2.040000
 586 2.020000
 587 2.030000
 588 2.030000
 589 2.050000
 590 2.060000
 591 2.040000
 592 2.040000
 593 1.910000
 594 2.010000
 595 2.020000
 596 1.950000
 597 1.950000
 598 1.890000
 599 1.900000
 600 1.870000
 601 1.840000
 602 1.870000
 603 1.850000
 604 1.820000
 605 1.850000
 606 1.820000
 607 1.800000
 608 1.700000
 609 1.660000
 610 1.760000
 611 1.670000
 612 1.720000
 613 1.630000
 614 1.670000
 615 1.670000
 616 1.660000
 617 1.640000
 618 1.610000
 619 1.640000
 620 1.510000
 621 1.590000
 622 1.580000
 623 1.600000
 624 1.550000
 625 1.620000
 626 1.640000
 627 1.600000
 628 1.410000
 629 1.510000
 630 1.410000
 631 1.410000
 632 1.510000
 633 1.380000
 634 1.380000
 635 1.380000
 636 1.360000
 637 1.480000
 638 1.360000
 639 2.050000
 640 1.360000
 641 1.320000
 642 2.050000
 643 1.360000
 644 2.050000
 645 2.100000
 646 1.440000
 647 1.310000
 648 1.750000
 649 1.450000
 650 1.740000
 651 2.150000
 652 1.330000
 653 1.350000
 654 2.170000
 655 1.330000
 656 2.200000
 657 2.220000
 658 1.290000
 659 2.270000
 660 1.310000
 661 1.370000
 662 1.370000
 663 1.390000
 664 1.290000
 665 1.310000
 666 1.340000
 667 1.330000
 668 1.360000
 669 1.270000
 670 1.230000
 671 1.240000
 672 1.220000
 673 1.240000
 674 1.320000
 675 1.220000
 676 2.490000
 677 6.550000
 678 6.560000
 679 2.830000
 680 2.830000
 681 2.860000
 682 6.500000
 683 6.470000
 684 6.470000
 685 6.550000
 686 6.590000
 687 6.670000
 688 6.710000
 689 6.160000
 690 6.780000
 691 0.840000
 692 0.830000
 693 0.830000
 694 0.820000
 695 0.850000
 696 0.820000
 697 0.810000
 698 0.830000
 699 0.850000
 700 0.850000
 701 0.820000
 702 0.820000
 703 0.850000
 704 0.850000
 705 0.850000
 706 0.870000
 707 0.870000
 708 0.870000
 709 0.850000
 710 0.870000
 711 0.870000
 712 0.870000
 713 0.870000
 714 0.870000
 715 0.900000
 716 0.860000
 717 0.710000
 718 0.610000
 719 0.410000
 720 0.290000
 721 0.210000
 722 0.190000
 723 0.210000
 724 0.260000
 725 0.210000
 726 0.230000
 727 0.220000
 728 0.220000
 729 0.210000
 730 0.200000
 731 0.200000
 732 0.200000
 733 0.200000
 734 0.200000
 735 0.200000
 736 0.200000
 737 0.200000
 738 0.190000
 739 0.200000
 740 0.210000
 741 0.210000
 742 0.190000
 743 0.190000
 744 0.210000
 745 0.190000
 746 0.210000
 747 0.210000
 748 0.210000
 749 0.210000
 750 0.190000
 751 0.190000
 752 0.200000
 753 0.200000
 754 0.200000
 755 0.220000
 756 0.220000
 757 0.220000
 758 0.200000
 759 0.200000
 760 0.200000
 0 3.850000
 1 2.910000
 2 2.830000
 3 2.870000
 4 2.870000
 5 2.830000
 6 2.850000
 7 2.830000
 8 2.870000
 9 2.860000
 10 2.850000
 11 2.850000
 12 2.840000
 13 2.850000
 14 2.850000
 15 2.830000
 16 2.830000
 17 2.800000
 18 2.830000
 19 2.790000
 20 2.780000
 21 2.800000
 22 2.780000
 23 2.800000
 24 2.840000
 25 2.730000
 26 1.910000
 27 1.850000
 28 1.850000
 29 1.850000
 30 1.850000
 31 1.890000
 32 1.910000
 33 1.890000
 34 1.900000
 35 2.050000
 36 2.730000
 37 2.700000
 38 2.670000
 39 2.680000
 40 2.680000
 41 2.700000
 42 2.890000
 43 3.220000
 44 3.230000
 45 2.760000
 46 2.690000
 47 2.690000
 48 2.690000
 49 2.690000
 50 2.700000
 51 2.700000
 52 2.680000
 53 2.700000
 54 2.680000
 55 2.660000
 56 2.650000
 57 2.500000
 58 2.500000
 59 2.500000
 60 2.510000
 61 2.540000
 62 2.520000
 63 2.520000
 64 2.600000
 65 2.630000
 66 2.600000
 67 2.610000
 68 2.600000
 69 2.630000
 70 2.630000
 71 2.640000
 72 2.630000
 73 2.600000
 74 2.630000
 75 2.610000
 76 2.600000
 77 2.600000
 78 2.600000
 79 2.590000
 80 2.600000
 81 2.610000
 82 2.620000
 83 2.870000
 84 1.780000
 85 1.770000
 86 1.780000
 87 1.780000
 88 1.750000
 89 1.780000
 90 1.760000
 91 1.730000
 92 1.750000
 93 1.750000
 94 1.750000
 95 1.770000
 96 1.750000
 97 1.780000
 98 1.780000
 99 1.770000
 100 1.760000
 101 1.760000
 102 3.480000
 103 3.600000
 104 3.600000
 105 3.600000
 106 3.610000
 107 2.400000
 108 2.350000
 109 2.330000
 110 2.330000
 111 2.350000
 112 2.370000
 113 2.400000
 114 3.610000
 115 3.610000
 116 3.590000
 117 3.610000
 118 3.590000
 119 3.590000
 120 3.590000
 121 3.590000
 122 3.590000
 123 3.590000
 124 3.550000
 125 3.520000
 126 3.520000
 127 3.400000
 128 3.420000
 129 3.520000
 130 3.430000
 131 3.420000
 132 3.630000
 133 3.440000
 134 3.430000
 135 3.430000
 136 3.430000
 137 3.440000
 138 3.450000
 139 3.550000
 140 3.550000
 141 3.520000
 142 3.570000
 143 3.450000
 144 3.480000
 145 3.460000
 146 3.570000
 147 3.480000
 148 3.460000
 149 3.480000
 150 3.600000
 151 3.600000
 152 3.580000
 153 3.600000
 154 3.460000
 155 3.460000
 156 3.570000
 157 3.600000
 158 3.560000
 159 3.500000
 160 3.520000
 161 3.470000
 162 4.750000
 163 4.750000
 164 4.130000
 165 4.750000
 166 4.780000
 167 4.780000
 168 4.770000
 169 4.770000
 170 4.800000
 171 4.800000
 172 4.800000
 173 4.800000
 174 4.780000
 175 4.800000
 176 4.800000
 177 4.830000
 178 4.800000
 179 4.800000
 180 4.830000
 181 4.830000
 182 4.830000
 183 4.850000
 184 4.850000
 185 4.660000
 186 4.850000
 187 4.850000
 188 4.270000
 189 4.230000
 190 4.880000
 191 4.880000
 192 4.870000
 193 4.640000
 194 4.630000
 195 4.630000
 196 4.670000
 197 4.920000
 198 4.920000
 199 4.900000
 200 4.920000
 201 4.920000
 202 4.950000
 203 4.920000
 204 4.100000
 205 4.060000
 206 4.040000
 207 1.020000
 208 1.020000
 209 1.020000
 210 1.030000
 211 0.980000
 212 0.980000
 213 1.010000
 214 0.980000
 215 0.980000
 216 0.950000
 217 0.960000
 218 0.930000
 219 0.960000
 220 0.920000
 221 0.920000
 222 0.920000
 223 0.900000
 224 0.900000
 225 0.900000
 226 0.910000
 227 0.870000
 228 0.890000
 229 0.890000
 230 0.890000
 231 0.910000
 232 0.910000
 233 0.930000
 234 0.910000
 235 0.930000
 236 0.910000
 237 0.940000
 238 0.940000
 239 0.930000
 240 0.930000
 241 0.940000
 242 0.930000
 243 0.930000
 244 0.960000
 245 0.990000
 246 0.960000
 247 0.940000
 248 0.960000
 249 0.970000
 250 0.960000
 251 0.960000
 252 0.960000
 253 0.980000
 254 0.980000
 255 0.950000
 256 0.990000
 257 1.010000
 258 0.980000
 259 1.000000
 260 1.080000
 261 1.480000
 262 1.480000
 263 1.450000
 264 1.490000
 265 1.450000
 266 1.440000
 267 1.460000
 268 1.460000
 269 1.460000
 270 1.460000
 271 1.490000
 272 1.490000
 273 1.490000
 274 1.500000
 275 1.610000
 276 2.100000
 277 2.120000
 278 2.110000
 279 2.130000
 280 2.120000
 281 2.110000
 282 2.120000
 283 2.130000
 284 2.150000
 285 2.110000
 286 2.160000
 287 2.130000
 288 2.110000
 289 2.110000
 290 2.140000
 291 2.110000
 292 1.770000
 293 1.790000
 294 1.760000
 295 1.760000
 296 1.740000
 297 1.740000
 298 1.740000
 299 1.760000
 300 1.730000
 301 0.890000
 302 0.850000
 303 0.800000
 304 0.800000
 305 0.790000
 306 0.760000
 307 0.760000
 308 0.740000
 309 0.760000
 310 0.740000
 311 0.740000
 312 0.740000
 313 0.740000
 314 0.710000
 315 0.710000
 316 0.710000
 317 0.710000
 318 0.710000
 319 0.710000
 320 0.680000
 321 0.710000
 322 0.710000
 323 0.690000
 324 0.690000
 325 0.680000
 326 0.690000
 327 0.680000
 328 0.690000
 329 0.690000
 330 0.660000
 331 0.690000
 332 0.690000
 333 0.660000
 334 0.660000
 335 0.660000
 336 0.660000
 337 0.660000
 338 0.660000
 339 0.660000
 340 0.660000
 341 0.660000
 342 0.640000
 343 0.640000
 344 0.640000
 345 0.640000
 346 0.660000
 347 0.660000
 348 0.660000
 349 0.640000
 350 0.630000
 351 0.640000
 352 0.640000
 353 0.660000
 354 0.660000
 355 0.630000
 356 0.640000
 357 0.640000
 358 0.640000
 359 0.640000
 360 0.640000
 361 0.610000
 362 0.640000
 363 0.640000
 364 0.610000
 365 0.640000
 366 0.640000
 367 0.640000
 368 0.630000
 369 0.630000
 370 0.630000
 371 0.630000
 372 0.630000
 373 0.630000
 374 0.640000
 375 0.640000
 376 0.610000
 377 0.610000
 378 0.640000
 379 0.640000
 380 0.640000
 381 0.640000
 382 0.640000
 383 0.610000
 384 0.640000
 385 0.610000
 386 0.610000
 387 0.610000
 388 0.610000
 389 0.610000
 390 0.610000
 391 0.610000
 392 0.610000
 393 0.640000
 394 0.640000
 395 0.640000
 396 0.610000
 397 0.610000
 398 0.610000
 399 0.610000
 400 0.640000
 401 0.610000
 402 0.610000
 403 0.580000
 404 0.610000
 405 0.610000
 406 0.610000
 407 0.610000
 408 0.610000
 409 0.610000
 410 0.610000
 411 0.610000
 412 0.610000
 413 0.610000
 414 0.610000
 415 0.610000
 416 0.610000
 417 0.610000
 418 0.610000
 419 0.610000
 420 0.610000
 421 0.610000
 422 0.610000
 423 0.640000
 424 0.610000
 425 0.610000
 426 0.640000
 427 0.590000
 428 0.590000
 429 0.610000
 430 0.610000
 431 0.610000
 432 0.610000
 433 0.610000
 434 0.610000
 435 0.580000
 436 0.610000
 437 0.610000
 438 0.590000
 439 0.640000
 440 0.610000
 441 0.610000
 442 0.610000
 443 0.640000
 444 0.610000
 445 0.610000
 446 0.590000
 447 0.610000
 448 0.610000
 449 0.610000
 450 0.610000
 451 0.640000
 452 0.640000
 453 0.610000
 454 0.610000
 455 0.610000
 456 0.610000
 457 0.610000
 458 0.610000
 459 0.610000
 460 0.610000
 461 0.610000
 462 0.640000
 463 0.610000
 464 0.610000
 465 0.610000
 466 0.610000
 467 0.610000
 468 0.640000
 469 0.640000
 470 0.610000
 471 0.610000
 472 0.630000
 473 0.610000
 474 0.630000
 475 0.640000
 476 0.640000
 477 0.630000
 478 0.610000
 479 0.640000
 480 0.630000
 481 0.630000
 482 0.640000
 483 0.630000
 484 0.630000
 485 0.630000
 486 0.630000
 487 0.660000
 488 0.660000
 489 0.660000
 490 0.640000
 491 0.660000
 492 0.660000
 493 0.640000
 494 0.640000
 495 0.660000
 496 0.660000
 497 0.660000
 498 0.660000
 499 0.640000
 500 0.660000
 501 0.660000
 502 0.660000
 503 0.690000
 504 0.700000
 505 0.700000
 506 0.630000
 507 3.750000
 508 3.760000
 509 3.750000
 510 3.750000
 511 3.710000
 512 3.660000
 513 3.580000
 514 3.180000
 515 3.160000
 516 3.510000
 517 3.480000
 518 3.430000
 519 3.430000
 520 3.380000
 521 3.240000
 522 3.050000
 523 3.050000
 524 3.020000
 525 3.070000
 526 3.070000
 527 3.020000
 528 2.960000
 529 2.930000
 530 2.920000
 531 2.930000
 532 2.930000
 533 2.960000
 534 2.960000
 535 2.960000
 536 2.970000
 537 2.990000
 538 2.990000
 539 3.000000
 540 3.060000
 541 3.090000
 542 3.160000
 543 3.060000
 544 3.090000
 545 3.150000
 546 3.100000
 547 3.060000
 548 2.880000
 549 2.710000
 550 2.680000
 551 2.670000
 552 2.670000
 553 2.630000
 554 2.620000
 555 2.600000
 556 2.590000
 557 2.560000
 558 2.580000
 559 2.570000
 560 2.520000
 561 2.480000
 562 2.460000
 563 2.430000
 564 2.380000
 565 2.360000
 566 2.310000
 567 2.290000
 568 2.260000
 569 2.220000
 570 2.240000
 571 2.230000
 572 2.220000
 573 2.240000
 574 2.210000
 575 2.180000
 576 2.120000
 577 2.100000
 578 2.130000
 579 2.090000
 580 2.060000
 581 2.050000
 582 2.070000
 583 2.060000
 584 2.040000
 585 2.010000
 586 2.040000
 587 2.060000
 588 2.030000
 589 2.020000
 590 1.960000
 591 2.040000
 592 2.010000
 593 2.040000
 594 1.990000
 595 2.010000
 596 1.970000
 597 1.920000
 598 1.910000
 599 1.920000
 600 1.870000
 601 1.850000
 602 1.870000
 603 1.850000
 604 1.800000
 605 1.820000
 606 1.800000
 607 1.770000
 608 1.670000
 609 1.680000
 610 1.760000
 611 1.640000
 612 1.720000
 613 1.630000
 614 1.670000
 615 1.670000
 616 1.660000
 617 1.660000
 618 1.640000
 619 1.640000
 620 1.510000
 621 1.610000
 622 1.580000
 623 1.610000
 624 1.550000
 625 1.590000
 626 1.620000
 627 1.600000
 628 1.430000
 629 1.510000
 630 1.430000
 631 1.380000
 632 1.380000
 633 1.380000
 634 1.360000
 635 1.380000
 636 1.360000
 637 1.460000
 638 1.360000
 639 2.030000
 640 1.360000
 641 1.320000
 642 2.020000
 643 1.360000
 644 2.050000
 645 2.100000
 646 1.450000
 647 1.460000
 648 1.720000
 649 1.450000
 650 1.760000
 651 2.150000
 652 1.310000
 653 1.300000
 654 2.170000
 655 1.330000
 656 2.200000
 657 2.220000
 658 1.270000
 659 2.250000
 660 1.310000
 661 1.370000
 662 1.370000
 663 1.360000
 664 1.240000
 665 1.280000
 666 1.360000
 667 1.310000
 668 1.360000
 669 1.240000
 670 1.330000
 671 1.230000
 672 1.240000
 673 1.230000
 674 1.300000
 675 1.230000
 676 2.520000
 677 6.570000
 678 6.520000
 679 2.850000
 680 2.830000
 681 2.860000
 682 6.480000
 683 6.470000
 684 6.500000
 685 6.550000
 686 6.600000
 687 6.670000
 688 6.720000
 689 6.210000
 690 6.790000
 691 0.840000
 692 0.830000
 693 0.820000
 694 0.810000
 695 0.850000
 696 0.830000
 697 0.810000
 698 0.810000
 699 0.810000
 700 0.850000
 701 0.850000
 702 0.850000
 703 0.850000
 704 0.850000
 705 0.850000
 706 0.850000
 707 0.850000
 708 0.870000
 709 0.870000
 710 0.850000
 711 0.870000
 712 0.860000
 713 0.870000
 714 0.870000
 715 0.870000
 716 0.870000
 717 0.670000
 718 0.590000
 719 0.430000
 720 0.290000
 721 0.210000
 722 0.210000
 723 0.210000
 724 0.260000
 725 0.240000
 726 0.230000
 727 0.230000
 728 0.220000
 729 0.210000
 730 0.200000
 731 0.200000
 732 0.200000
 733 0.200000
 734 0.200000
 735 0.200000
 736 0.200000
 737 0.200000
 738 0.200000
 739 0.210000
 740 0.190000
 741 0.190000
 742 0.210000
 743 0.210000
 744 0.210000
 745 0.210000
 746 0.210000
 747 0.190000
 748 0.210000
 749 0.190000
 750 0.210000
 751 0.210000
 752 0.200000
 753 0.200000
 754 0.220000
 755 0.200000
 756 0.200000
 757 0.200000
 758 0.200000
 759 0.200000
 760 0.200000
 0 3.850000
 1 2.910000
 2 2.850000
 3 2.870000
 4 2.850000
 5 2.830000
 6 2.820000
 7 2.830000
 8 2.870000
 9 2.840000
 10 2.820000
 11 2.830000
 12 2.830000
 13 2.840000
 14 2.850000
 15 2.850000
 16 2.830000
 17 2.830000
 18 2.830000
 19 2.790000
 20 2.800000
 21 2.780000
 22 2.780000
 23 2.800000
 24 2.830000
 25 2.750000
 26 1.910000
 27 1.870000
 28 1.850000
 29 1.850000
 30 1.870000
 31 1.890000
 32 1.890000
 33 1.890000
 34 1.910000
 35 2.030000
 36 2.730000
 37 2.680000
 38 2.700000
 39 2.680000
 40 2.680000
 41 2.680000
 42 2.890000
 43 3.220000
 44 3.200000
 45 2.760000
 46 2.690000
 47 2.690000
 48 2.710000
 49 2.690000
 50 2.700000
 51 2.700000
 52 2.680000
 53 2.700000
 54 2.680000
 55 2.660000
 56 2.690000
 57 2.500000
 58 2.500000
 59 2.500000
 60 2.510000
 61 2.540000
 62 2.520000
 63 2.550000
 64 2.580000
 65 2.630000
 66 2.620000
 67 2.590000
 68 2.630000
 69 2.600000
 70 2.630000
 71 2.610000
 72 2.630000
 73 2.630000
 74 2.600000
 75 2.600000
 76 2.600000
 77 2.580000
 78 2.580000
 79 2.590000
 80 2.580000
 81 2.610000
 82 2.620000
 83 2.870000
 84 1.800000
 85 1.770000
 86 1.780000
 87 1.750000
 88 1.780000
 89 1.780000
 90 1.740000
 91 1.730000
 92 1.730000
 93 1.750000
 94 1.750000
 95 1.750000
 96 1.780000
 97 1.780000
 98 1.780000
 99 1.800000
 100 1.760000
 101 1.760000
 102 3.510000
 103 3.600000
 104 3.580000
 105 3.580000
 106 3.610000
 107 2.380000
 108 2.330000
 109 2.330000
 110 2.330000
 111 2.350000
 112 2.370000
 113 2.390000
 114 3.610000
 115 3.610000
 116 3.590000
 117 3.610000
 118 3.610000
 119 3.590000
 120 3.590000
 121 3.560000
 122 3.560000
 123 3.560000
 124 3.550000
 125 3.510000
 126 3.490000
 127 3.400000
 128 3.420000
 129 3.410000
 130 3.410000
 131 3.420000
 132 3.600000
 133 3.420000
 134 3.460000
 135 3.430000
 136 3.460000
 137 3.440000
 138 3.470000
 139 3.570000
 140 3.550000
 141 3.550000
 142 3.570000
 143 3.450000
 144 3.450000
 145 3.460000
 146 3.600000
 147 3.460000
 148 3.460000
 149 3.480000
 150 3.600000
 151 3.630000
 152 3.580000
 153 3.580000
 154 3.460000
 155 3.460000
 156 3.570000
 157 3.570000
 158 3.560000
 159 3.520000
 160 3.530000
 161 3.460000
 162 4.740000
 163 4.770000
 164 4.130000
 165 4.750000
 166 4.770000
 167 4.750000
 168 4.770000
 169 4.800000
 170 4.800000
 171 4.770000
 172 4.800000
 173 4.800000
 174 4.800000
 175 4.830000
 176 4.800000
 177 4.800000
 178 4.800000
 179 4.830000
 180 4.830000
 181 4.830000
 182 4.830000
 183 4.850000
 184 4.820000
 185 4.680000
 186 4.850000
 187 4.880000
 188 4.270000
 189 4.260000
 190 4.880000
 191 4.870000
 192 4.900000
 193 4.610000
 194 4.630000
 195 4.630000
 196 4.670000
 197 4.900000
 198 4.920000
 199 4.900000
 200 4.920000
 201 4.920000
 202 4.950000
 203 4.950000
 204 4.110000
 205 4.030000
 206 4.040000
 207 1.050000
 208 1.020000
 209 0.990000
 210 1.010000
 211 1.010000
 212 1.010000
 213 0.980000
 214 0.980000
 215 0.960000
 216 0.960000
 217 0.980000
 218 0.930000
 219 0.960000
 220 0.920000
 221 0.920000
 222 0.920000
 223 0.900000
 224 0.920000
 225 0.900000
 226 0.910000
 227 0.890000
 228 0.880000
 229 0.890000
 230 0.890000
 231 0.880000
 232 0.920000
 233 0.880000
 234 0.920000
 235 0.930000
 236 0.920000
 237 0.940000
 238 0.930000
 239 0.940000
 240 0.900000
 241 0.930000
 242 0.960000
 243 0.920000
 244 0.970000
 245 0.980000
 246 0.960000
 247 0.960000
 248 0.940000
 249 0.940000
 250 0.960000
 251 0.950000
 252 0.960000
 253 0.960000
 254 0.990000
 255 1.010000
 256 0.970000
 257 1.010000
 258 0.980000
 259 1.000000
 260 1.080000
 261 1.480000
 262 1.480000
 263 1.480000
 264 1.460000
 265 1.450000
 266 1.460000
 267 1.460000
 268 1.460000
 269 1.460000
 270 1.460000
 271 1.490000
 272 1.490000
 273 1.490000
 274 1.500000
 275 1.550000
 276 2.100000
 277 2.110000
 278 2.120000
 279 2.110000
 280 2.100000
 281 2.100000
 282 2.120000
 283 2.110000
 284 2.130000
 285 2.120000
 286 2.120000
 287 2.110000
 288 2.130000
 289 2.110000
 290 2.140000
 291 2.110000
 292 1.770000
 293 1.760000
 294 1.790000
 295 1.760000
 296 1.760000
 297 1.760000
 298 1.740000
 299 1.740000
 300 1.730000
 301 1.170000
 302 0.850000
 303 0.800000
 304 0.800000
 305 0.790000
 306 0.760000
 307 0.760000
 308 0.760000
 309 0.740000
 310 0.740000
 311 0.730000
 312 0.740000
 313 0.710000
 314 0.710000
 315 0.710000
 316 0.710000
 317 0.710000
 318 0.710000
 319 0.680000
 320 0.680000
 321 0.680000
 322 0.690000
 323 0.690000
 324 0.690000
 325 0.710000
 326 0.690000
 327 0.690000
 328 0.690000
 329 0.690000
 330 0.680000
 331 0.660000
 332 0.660000
 333 0.690000
 334 0.690000
 335 0.660000
 336 0.660000
 337 0.660000
 338 0.660000
 339 0.660000
 340 0.660000
 341 0.640000
 342 0.660000
 343 0.660000
 344 0.660000
 345 0.640000
 346 0.640000
 347 0.640000
 348 0.660000
 349 0.660000
 350 0.640000
 351 0.640000
 352 0.640000
 353 0.640000
 354 0.630000
 355 0.660000
 356 0.640000
 357 0.660000
 358 0.640000
 359 0.640000
 360 0.640000
 361 0.640000
 362 0.640000
 363 0.640000
 364 0.640000
 365 0.640000
 366 0.640000
 367 0.630000
 368 0.630000
 369 0.630000
 370 0.630000
 371 0.630000
 372 0.630000
 373 0.630000
 374 0.640000
 375 0.640000
 376 0.610000
 377 0.610000
 378 0.640000
 379 0.610000
 380 0.640000
 381 0.610000
 382 0.640000
 383 0.640000
 384 0.610000
 385 0.610000
 386 0.610000
 387 0.640000
 388 0.610000
 389 0.610000
 390 0.610000
 391 0.610000
 392 0.640000
 393 0.640000
 394 0.640000
 395 0.640000
 396 0.610000
 397 0.640000
 398 0.640000
 399 0.610000
 400 0.610000
 401 0.610000
 402 0.640000
 403 0.610000
 404 0.610000
 405 0.610000
 406 0.610000
 407 0.610000
 408 0.590000
 409 0.610000
 410 0.610000
 411 0.610000
 412 0.590000
 413 0.610000
 414 0.610000
 415 0.610000
 416 0.610000
 417 0.610000
 418 0.610000
 419 0.610000
 420 0.610000
 421 0.610000
 422 0.610000
 423 0.610000
 424 0.610000
 425 0.610000
 426 0.630000
 427 0.610000
 428 0.610000
 429 0.610000
 430 0.610000
 431 0.610000
 432 0.590000
 433 0.610000
 434 0.610000
 435 0.610000
 436 0.610000
 437 0.610000
 438 0.610000
 439 0.610000
 440 0.610000
 441 0.610000
 442 0.590000
 443 0.610000
 444 0.610000
 445 0.590000
 446 0.610000
 447 0.610000
 448 0.610000
 449 0.610000
 450 0.610000
 451 0.640000
 452 0.610000
 453 0.640000
 454 0.610000
 455 0.610000
 456 0.610000
 457 0.610000
 458 0.610000
 459 0.640000
 460 0.610000
 461 0.610000
 462 0.640000
 463 0.610000
 464 0.610000
 465 0.640000
 466 0.640000
 467 0.640000
 468 0.610000
 469 0.610000
 470 0.610000
 471 0.640000
 472 0.610000
 473 0.630000
 474 0.630000
 475 0.610000
 476 0.630000
 477 0.630000
 478 0.630000
 479 0.610000
 480 0.640000
 481 0.630000
 482 0.660000
 483 0.640000
 484 0.630000
 485 0.640000
 486 0.630000
 487 0.640000
 488 0.630000
 489 0.660000
 490 0.660000
 491 0.630000
 492 0.660000
 493 0.630000
 494 0.660000
 495 0.640000
 496 0.640000
 497 0.660000
 498 0.640000
 499 0.640000
 500 0.660000
 501 0.660000
 502 0.660000
 503 0.660000
 504 0.700000
 505 0.700000
 506 0.660000
 507 3.750000
 508 3.760000
 509 3.750000
 510 3.750000
 511 3.710000
 512 3.660000
 513 3.610000
 514 3.180000
 515 3.190000
 516 3.520000
 517 3.480000
 518 3.430000
 519 3.410000
 520 3.360000
 521 3.250000
 522 3.020000
 523 3.050000
 524 3.020000
 525 3.070000
 526 3.070000
 527 3.000000
 528 2.960000
 529 2.910000
 530 2.890000
 531 2.930000
 532 2.930000
 533 2.930000
 534 2.930000
 535 2.960000
 536 2.970000
 537 2.990000
 538 3.020000
 539 3.030000
 540 3.060000
 541 3.060000
 542 3.160000
 543 3.060000
 544 3.090000
 545 3.120000
 546 3.070000
 547 3.060000
 548 2.900000
 549 2.700000
 550 2.700000
 551 2.680000
 552 2.670000
 553 2.630000
 554 2.630000
 555 2.580000
 556 2.570000
 557 2.580000
 558 2.560000
 559 2.570000
 560 2.540000
 561 2.480000
 562 2.480000
 563 2.460000
 564 2.380000
 565 2.340000
 566 2.310000
 567 2.290000
 568 2.260000
 569 2.220000
 570 2.220000
 571 2.230000
 572 2.220000
 573 2.240000
 574 2.220000
 575 2.180000
 576 2.120000
 577 2.090000
 578 2.120000
 579 2.070000
 580 2.080000
 581 2.060000
 582 2.040000
 583 2.060000
 584 2.050000
 585 2.020000
 586 2.020000
 587 2.030000
 588 2.040000
 589 2.020000
 590 1.950000
 591 2.060000
 592 2.010000
 593 2.010000
 594 2.010000
 595 1.880000
 596 1.940000
 597 1.950000
 598 1.920000
 599 1.900000
 600 1.900000
 601 1.860000
 602 1.870000
 603 1.850000
 604 1.820000
 605 1.850000
 606 1.710000
 607 1.820000
 608 1.710000
 609 1.680000
 610 1.740000
 611 1.640000
 612 1.720000
 613 1.630000
 614 1.690000
 615 1.560000
 616 1.660000
 617 1.660000
 618 1.640000
 619 1.610000
 620 1.510000
 621 1.590000
 622 1.580000
 623 1.610000
 624 1.550000
 625 1.620000
 626 1.620000
 627 1.620000
 628 1.410000
 629 1.510000
 630 1.410000
 631 1.380000
 632 1.380000
 633 1.380000
 634 1.360000
 635 1.380000
 636 1.380000
 637 1.460000
 638 1.360000
 639 2.010000
 640 1.360000
 641 1.320000
 642 2.020000
 643 1.360000
 644 2.050000
 645 2.070000
 646 1.450000
 647 1.330000
 648 1.720000
 649 1.470000
 650 1.740000
 651 2.150000
 652 1.330000
 653 1.270000
 654 2.200000
 655 1.330000
 656 2.220000
 657 2.220000
 658 1.290000
 659 2.270000
 660 1.310000
 661 1.370000
 662 1.400000
 663 1.360000
 664 1.270000
 665 1.280000
 666 1.360000
 667 1.330000
 668 1.360000
 669 1.270000
 670 1.210000
 671 1.250000
 672 1.220000
 673 1.260000
 674 1.320000
 675 1.230000
 676 2.490000
 677 6.550000
 678 6.560000
 679 2.880000
 680 2.830000
 681 2.840000
 682 6.490000
 683 6.490000
 684 6.470000
 685 6.570000
 686 6.620000
 687 6.670000
 688 6.720000
 689 6.190000
 690 6.790000
 691 0.840000
 692 0.830000
 693 0.850000
 694 0.810000
 695 0.830000
 696 0.820000
 697 0.810000
 698 0.830000
 699 0.840000
 700 0.820000
 701 0.850000
 702 0.850000
 703 0.850000
 704 0.850000
 705 0.850000
 706 0.850000
 707 0.850000
 708 0.870000
 709 0.850000
 710 0.850000
 711 0.850000
 712 0.860000
 713 0.870000
 714 0.870000
 715 0.870000
 716 0.860000
 717 0.850000
 718 0.590000
 719 0.430000
 720 0.290000
 721 0.240000
 722 0.190000
 723 0.210000
 724 0.260000
 725 0.230000
 726 0.210000
 727 0.240000
 728 0.220000
 729 0.190000
 730 0.200000
 731 0.200000
 732 0.200000
 733 0.200000
 734 0.200000
 735 0.200000
 736 0.200000
 737 0.200000
 738 0.200000
 739 0.190000
 740 0.190000
 741 0.190000
 742 0.190000
 743 0.210000
 744 0.210000
 745 0.190000
 746 0.190000
 747 0.190000
 748 0.210000
 749 0.210000
 750 0.190000
 751 0.210000
 752 0.210000
 753 0.200000
 754 0.220000
 755 0.200000
 756 0.200000
 757 0.200000
 758 0.200000
 759 0.200000
 760 0.200000
 0 3.870000
 1 2.910000
 2 2.850000
 3 2.840000
 4 2.870000
 5 2.830000
 6 2.840000
 7 2.830000
 8 2.850000
 9 2.860000
 10 2.830000
 11 2.850000
 12 2.860000
 13 2.850000
 14 2.820000
 15 2.830000
 16 2.830000
 17 2.850000
 18 2.800000
 19 2.810000
 20 2.800000
 21 2.780000
 22 2.780000
 23 2.800000
 24 2.860000
 25 2.730000
 26 1.910000
 27 1.850000
 28 1.870000
 29 1.870000
 30 1.850000
 31 1.910000
 32 1.910000
 33 1.890000
 34 1.930000
 35 2.030000
 36 2.700000
 37 2.700000
 38 2.670000
 39 2.680000
 40 2.680000
 41 2.680000
 42 2.890000
 43 3.220000
 44 3.220000
 45 2.760000
 46 2.710000
 47 2.690000
 48 2.690000
 49 2.690000
 50 2.700000
 51 2.700000
 52 2.680000
 53 2.700000
 54 2.700000
 55 2.690000
 56 2.650000
 57 2.500000
 58 2.500000
 59 2.480000
 60 2.480000
 61 2.510000
 62 2.520000
 63 2.550000
 64 2.600000
 65 2.600000
 66 2.620000
 67 2.590000
 68 2.600000
 69 2.630000
 70 2.630000
 71 2.640000
 72 2.630000
 73 2.600000
 74 2.600000
 75 2.580000
 76 2.600000
 77 2.600000
 78 2.600000
 79 2.610000
 80 2.600000
 81 2.610000
 82 2.620000
 83 2.870000
 84 1.800000
 85 1.770000
 86 1.780000
 87 1.780000
 88 1.780000
 89 1.750000
 90 1.760000
 91 1.730000
 92 1.730000
 93 1.750000
 94 1.750000
 95 1.750000
 96 1.780000
 97 1.780000
 98 1.780000
 99 1.770000
 100 1.760000
 101 1.760000
 102 3.480000
 103 3.600000
 104 3.600000
 105 3.600000
 106 3.610000
 107 2.400000
 108 2.330000
 109 2.330000
 110 2.350000
 111 2.350000
 112 2.370000
 113 2.390000
 114 3.610000
 115 3.610000
 116 3.590000
 117 3.590000
 118 3.610000
 119 3.590000
 120 3.560000
 121 3.590000
 122 3.560000
 123 3.590000
 124 3.550000
 125 3.520000
 126 3.490000
 127 3.400000
 128 3.400000
 129 3.430000
 130 3.410000
 131 3.400000
 132 3.510000
 133 3.440000
 134 3.460000
 135 3.430000
 136 3.410000
 137 3.440000
 138 3.420000
 139 3.570000
 140 3.570000
 141 3.550000
 142 3.570000
 143 3.450000
 144 3.510000
 145 3.460000
 146 3.600000
 147 3.460000
 148 3.480000
 149 3.480000
 150 3.600000
 151 3.600000
 152 3.580000
 153 3.570000
 154 3.460000
 155 3.460000
 156 3.570000
 157 3.570000
 158 3.560000
 159 3.490000
 160 3.550000
 161 3.520000
 162 4.740000
 163 4.770000
 164 4.130000
 165 4.750000
 166 4.780000
 167 4.750000
 168 4.770000
 169 4.800000
 170 4.770000
 171 4.800000
 172 4.770000
 173 4.800000
 174 4.800000
 175 4.800000
 176 4.800000
 177 4.830000
 178 4.830000
 179 4.830000
 180 4.830000
 181 4.830000
 182 4.830000
 183 4.850000
 184 4.850000
 185 4.660000
 186 4.850000
 187 4.870000
 188 4.270000
 189 4.260000
 190 4.850000
 191 4.870000
 192 4.880000
 193 4.640000
 194 4.630000
 195 4.630000
 196 4.700000
 197 4.920000
 198 4.920000
 199 4.920000
 200 4.920000
 201 4.920000
 202 4.920000
 203 4.950000
 204 4.110000
 205 4.030000
 206 4.040000
 207 0.990000
 208 1.020000
 209 1.010000
 210 1.010000
 211 1.010000
 212 0.980000
 213 1.010000
 214 0.980000
 215 0.960000
 216 0.950000
 217 0.980000
 218 0.980000
 219 0.960000
 220 0.920000
 221 0.950000
 222 0.920000
 223 0.900000
 224 0.900000
 225 0.910000
 226 0.910000
 227 0.900000
 228 0.880000
 229 0.890000
 230 0.910000
 231 0.880000
 232 0.910000
 233 0.940000
 234 0.910000
 235 0.930000
 236 0.920000
 237 0.920000
 238 0.950000
 239 0.920000
 240 0.960000
 241 0.920000
 242 0.900000
 243 0.980000
 244 0.960000
 245 1.000000
 246 0.950000
 247 0.960000
 248 0.940000
 249 0.940000
 250 0.960000
 251 0.960000
 252 0.950000
 253 0.980000
 254 0.990000
 255 1.010000
 256 1.010000
 257 1.000000
 258 0.980000
 259 1.000000
 260 1.080000
 261 1.480000
 262 1.480000
 263 1.460000
 264 1.460000
 265 1.490000
 266 1.440000
 267 1.460000
 268 1.460000
 269 1.460000
 270 1.490000
 271 1.490000
 272 1.490000
 273 1.510000
 274 1.500000
 275 1.630000
 276 2.110000
 277 2.110000
 278 2.110000
 279 2.100000
 280 2.130000
 281 2.110000
 282 2.120000
 283 2.120000
 284 2.120000
 285 2.140000
 286 2.110000
 287 2.110000
 288 2.100000
 289 2.130000
 290 2.140000
 291 2.150000
 292 1.770000
 293 1.790000
 294 1.760000
 295 1.760000
 296 1.760000
 297 1.760000
 298 1.740000
 299 1.740000
 300 1.730000
 301 1.750000
 302 0.880000
 303 0.830000
 304 0.800000
 305 0.760000
 306 0.760000
 307 0.730000
 308 0.760000
 309 0.740000
 310 0.760000
 311 0.740000
 312 0.710000
 313 0.710000
 314 0.740000
 315 0.710000
 316 0.740000
 317 0.710000
 318 0.710000
 319 0.680000
 320 0.710000
 321 0.710000
 322 0.710000
 323 0.710000
 324 0.710000
 325 0.710000
 326 0.710000
 327 0.680000
 328 0.690000
 329 0.690000
 330 0.690000
 331 0.660000
 332 0.690000
 333 0.690000
 334 0.660000
 335 0.690000
 336 0.660000
 337 0.660000
 338 0.660000
 339 0.660000
 340 0.660000
 341 0.660000
 342 0.660000
 343 0.660000
 344 0.640000
 345 0.640000
 346 0.660000
 347 0.660000
 348 0.660000
 349 0.660000
 350 0.660000
 351 0.660000
 352 0.640000
 353 0.640000
 354 0.660000
 355 0.640000
 356 0.640000
 357 0.610000
 358 0.640000
 359 0.640000
 360 0.640000
 361 0.640000
 362 0.640000
 363 0.610000
 364 0.610000
 365 0.640000
 366 0.640000
 367 0.630000
 368 0.630000
 369 0.630000
 370 0.610000
 371 0.630000
 372 0.610000
 373 0.630000
 374 0.640000
 375 0.640000
 376 0.640000
 377 0.610000
 378 0.610000
 379 0.610000
 380 0.640000
 381 0.610000
 382 0.640000
 383 0.640000
 384 0.610000
 385 0.610000
 386 0.610000
 387 0.640000
 388 0.610000
 389 0.640000
 390 0.610000
 391 0.640000
 392 0.610000
 393 0.610000
 394 0.610000
 395 0.640000
 396 0.640000
 397 0.610000
 398 0.640000
 399 0.610000
 400 0.610000
 401 0.640000
 402 0.610000
 403 0.610000
 404 0.640000
 405 0.610000
 406 0.610000
 407 0.610000
 408 0.610000
 409 0.610000
 410 0.610000
 411 0.610000
 412 0.640000
 413 0.610000
 414 0.610000
 415 0.610000
 416 0.610000
 417 0.610000
 418 0.630000
 419 0.610000
 420 0.610000
 421 0.610000
 422 0.610000
 423 0.610000
 424 0.610000
 425 0.610000
 426 0.610000
 427 0.610000
 428 0.610000
 429 0.610000
 430 0.610000
 431 0.610000
 432 0.610000
 433 0.610000
 434 0.610000
 435 0.610000
 436 0.610000
 437 0.610000
 438 0.610000
 439 0.610000
 440 0.610000
 441 0.610000
 442 0.610000
 443 0.610000
 444 0.610000
 445 0.610000
 446 0.590000
 447 0.610000
 448 0.610000
 449 0.590000
 450 0.610000
 451 0.640000
 452 0.610000
 453 0.610000
 454 0.610000
 455 0.610000
 456 0.640000
 457 0.610000
 458 0.610000
 459 0.610000
 460 0.610000
 461 0.610000
 462 0.610000
 463 0.640000
 464 0.610000
 465 0.640000
 466 0.610000
 467 0.640000
 468 0.610000
 469 0.640000
 470 0.640000
 471 0.630000
 472 0.610000
 473 0.630000
 474 0.630000
 475 0.610000
 476 0.630000
 477 0.630000
 478 0.640000
 479 0.630000
 480 0.630000
 481 0.630000
 482 0.640000
 483 0.640000
 484 0.640000
 485 0.640000
 486 0.640000
 487 0.630000
 488 0.640000
 489 0.630000
 490 0.660000
 491 0.630000
 492 0.630000
 493 0.640000
 494 0.640000
 495 0.640000
 496 0.660000
 497 0.660000
 498 0.640000
 499 0.660000
 500 0.660000
 501 0.660000
 502 0.660000
 503 0.660000
 504 0.670000
 505 0.720000
 506 0.660000
 507 3.750000
 508 3.760000
 509 3.750000
 510 3.760000
 511 3.690000
 512 3.660000
 513 3.580000
 514 3.180000
 515 3.160000
 516 3.520000
 517 3.480000
 518 3.450000
 519 3.430000
 520 3.380000
 521 3.260000
 522 3.050000
 523 3.050000
 524 3.020000
 525 3.040000
 526 3.070000
 527 3.000000
 528 2.990000
 529 2.910000
 530 2.890000
 531 2.940000
 532 2.930000
 533 2.930000
 534 2.960000
 535 2.960000
 536 2.970000
 537 2.990000
 538 2.990000
 539 3.030000
 540 3.060000
 541 3.090000
 542 3.130000
 543 3.060000
 544 3.090000
 545 3.120000
 546 3.070000
 547 3.040000
 548 2.870000
 549 2.740000
 550 2.700000
 551 2.670000
 552 2.640000
 553 2.630000
 554 2.620000
 555 2.580000
 556 2.570000
 557 2.560000
 558 2.580000
 559 2.570000
 560 2.520000
 561 2.480000
 562 2.480000
 563 2.430000
 564 2.380000
 565 2.340000
 566 2.280000
 567 2.270000
 568 2.270000
 569 2.240000
 570 2.230000
 571 2.230000
 572 2.220000
 573 2.220000
 574 2.190000
 575 2.180000
 576 2.090000
 577 2.130000
 578 2.090000
 579 2.090000
 580 2.050000
 581 2.060000
 582 2.070000
 583 2.040000
 584 2.060000
 585 2.060000
 586 2.010000
 587 2.030000
 588 2.020000
 589 2.020000
 590 1.950000
 591 2.060000
 592 2.010000
 593 1.980000
 594 2.010000
 595 1.870000
 596 1.950000
 597 1.950000
 598 1.890000
 599 1.900000
 600 1.870000
 601 1.850000
 602 1.870000
 603 1.850000
 604 1.820000
 605 1.820000
 606 1.710000
 607 1.820000
 608 1.710000
 609 1.680000
 610 1.790000
 611 1.650000
 612 1.660000
 613 1.630000
 614 1.690000
 615 1.610000
 616 1.690000
 617 1.530000
 618 1.610000
 619 1.510000
 620 1.620000
 621 1.590000
 622 1.580000
 623 1.460000
 624 1.550000
 625 1.620000
 626 1.620000
 627 1.460000
 628 1.430000
 629 1.510000
 630 1.410000
 631 1.410000
 632 1.520000
 633 1.410000
 634 1.380000
 635 1.380000
 636 1.380000
 637 1.460000
 638 1.360000
 639 2.020000
 640 1.360000
 641 1.350000
 642 2.020000
 643 1.360000
 644 2.050000
 645 2.100000
 646 1.440000
 647 1.310000
 648 1.720000
 649 1.450000
 650 1.740000
 651 2.150000
 652 1.330000
 653 1.300000
 654 2.200000
 655 1.310000
 656 2.220000
 657 2.220000
 658 1.290000
 659 2.260000
 660 1.310000
 661 1.370000
 662 1.400000
 663 1.360000
 664 1.290000
 665 1.310000
 666 1.360000
 667 1.330000
 668 1.360000
 669 1.260000
 670 1.230000
 671 1.250000
 672 1.220000
 673 1.240000
 674 1.320000
 675 1.200000
 676 2.490000
 677 6.550000
 678 6.560000
 679 2.880000
 680 2.830000
 681 2.860000
 682 6.500000
 683 6.470000
 684 6.500000
 685 6.550000
 686 6.590000
 687 6.670000
 688 6.720000
 689 6.210000
 690 6.790000
 691 0.840000
 692 0.810000
 693 0.810000
 694 0.830000
 695 0.820000
 696 0.820000
 697 0.810000
 698 0.830000
 699 0.820000
 700 0.820000
 701 0.820000
 702 0.850000
 703 0.850000
 704 0.850000
 705 0.850000
 706 0.850000
 707 0.850000
 708 0.850000
 709 0.850000
 710 0.850000
 711 0.870000
 712 0.870000
 713 0.870000
 714 0.870000
 715 0.870000
 716 0.860000
 717 0.870000
 718 0.610000
 719 0.410000
 720 0.350000
 721 0.240000
 722 0.210000
 723 0.310000
 724 0.260000
 725 0.240000
 726 0.230000
 727 0.240000
 728 0.220000
 729 0.210000
 730 0.200000
 731 0.200000
 732 0.200000
 733 0.200000
 734 0.200000
 735 0.200000
 736 0.200000
 737 0.200000
 738 0.210000
 739 0.200000
 740 0.210000
 741 0.210000
 742 0.190000
 743 0.210000
 744 0.190000
 745 0.190000
 746 0.210000
 747 0.210000
 748 0.210000
 749 0.190000
 750 0.190000
 751 0.190000
 752 0.220000
 753 0.220000
 754 0.200000
 755 0.220000
 756 0.200000
 757 0.200000
 758 0.200000
 759 0.200000
 760 0.200000