
 0 2.130000
 1 2.100000
 2 2.100000
 3 2.100000
 4 2.100000
 5 2.100000
 6 2.130000
 7 2.110000
 8 2.110000
 9 2.110000
 10 2.140000
 11 2.120000
 12 2.120000
 13 2.120000
 14 2.110000
 15 2.110000
 16 2.110000
 17 2.130000
 18 2.120000
 19 2.160000
 20 2.150000
 21 2.160000
 22 2.180000
 23 2.190000
 24 2.160000
 25 2.150000
 26 2.150000
 27 2.150000
 28 2.150000
 29 2.180000
 30 2.150000
 31 2.160000
 32 2.200000
 33 2.200000
 34 2.200000
 35 2.190000
 36 2.190000
 37 2.190000
 38 2.180000
 39 2.270000
 40 2.240000
 41 2.160000
 42 2.150000
 43 2.170000
 44 2.180000
 45 2.210000
 46 2.200000
 47 2.230000
 48 2.220000
 49 2.200000
 50 2.190000
 51 2.220000
 52 2.200000
 53 2.210000
 54 2.250000
 55 2.250000
 56 2.250000
 57 2.210000
 58 2.210000
 59 2.210000
 60 2.200000
 61 2.220000
 62 2.200000
 63 2.210000
 64 2.250000
 65 2.250000
 66 2.250000
 67 2.260000
 68 2.280000
 69 2.270000
 70 2.290000
 71 2.280000
 72 2.280000
 73 2.260000
 74 2.260000
 75 2.290000
 76 2.320000
 77 2.330000
 78 2.320000
 79 2.310000
 80 2.330000
 81 2.330000
 82 2.330000
 83 2.410000
 84 2.360000
 85 2.300000
 86 2.300000
 87 2.320000
 88 2.310000
 89 2.360000
 90 2.350000
 91 2.350000
 92 2.360000
 93 2.380000
 94 2.380000
 95 2.390000
 96 2.400000
 97 2.380000
 98 2.390000
 99 2.390000
 100 2.390000
 101 2.360000
 102 2.370000
 103 2.370000
 104 2.360000
 105 2.400000
 106 2.420000
 107 2.410000
 108 2.480000
 109 2.460000
 110 2.450000
 111 3.410000
 112 3.420000
 113 3.580000
 114 3.550000
 115 3.550000
 116 3.520000
 117 3.560000
 118 3.480000
 119 3.460000
 120 3.480000
 121 3.480000
 122 3.480000
 123 3.530000
 124 3.530000
 125 3.530000
 126 3.510000
 127 3.560000
 128 3.630000
 129 3.560000
 130 3.560000
 131 3.650000
 132 3.670000
 133 3.610000
 134 3.680000
 135 3.670000
 136 3.710000
 137 3.700000
 138 3.760000
 139 3.810000
 140 3.830000
 141 3.800000
 142 3.840000
 143 3.820000
 144 3.820000
 145 3.790000
 146 3.800000
 147 3.830000
 148 3.840000
 149 3.850000
 150 3.880000
 151 3.910000
 152 3.880000
 153 3.930000
 154 3.930000
 155 3.900000
 156 3.940000
 157 3.970000
 158 4.040000
 159 3.930000
 160 4.060000
 161 4.070000
 162 4.070000
 163 4.110000
 164 4.010000
 165 4.160000
 166 4.060000
 167 4.080000
 168 4.110000
 169 4.110000
 170 4.130000
 171 4.130000
 172 4.160000
 173 4.160000
 174 4.160000
 175 4.210000
 176 4.230000
 177 4.260000
 178 4.250000
 179 4.280000
 180 4.270000
 181 4.320000
 182 4.330000
 183 4.360000
 184 4.330000
 185 4.480000
 186 4.400000
 187 4.430000
 188 4.460000
 189 4.170000
 190 4.480000
 191 4.480000
 192 4.510000
 193 4.280000
 194 4.590000
 195 4.580000
 196 4.680000
 197 3.150000
 198 3.120000
 199 3.070000
 200 3.020000
 201 2.980000
 202 2.970000
 203 2.960000
 204 2.960000
 205 2.910000
 206 2.900000
 207 2.870000
 208 2.890000
 209 2.890000
 210 2.910000
 211 2.910000
 212 1.580000
 213 1.560000
 214 1.590000
 215 1.560000
 216 1.510000
 217 1.490000
 218 1.530000
 219 1.490000
 220 1.500000
 221 1.500000
 222 1.470000
 223 1.480000
 224 1.480000
 225 1.480000
 226 1.460000
 227 1.480000
 228 1.450000
 229 1.450000
 230 1.420000
 231 1.450000
 232 1.440000
 233 1.460000
 234 1.450000
 235 1.450000
 236 1.450000
 237 1.440000
 238 1.460000
 239 1.450000
 240 1.440000
 241 1.440000
 242 1.440000
 243 1.460000
 244 1.470000
 245 1.470000
 246 1.480000
 247 1.490000
 248 1.480000
 249 1.440000
 250 1.450000
 251 5.220000
 252 1.420000
 253 1.450000
 254 5.180000
 255 5.160000
 256 4.840000
 257 4.570000
 258 4.380000
 259 4.340000
 260 4.390000
 261 4.410000
 262 4.380000
 263 4.370000
 264 1.770000
 265 1.760000
 266 1.750000
 267 1.730000
 268 1.700000
 269 1.700000
 270 1.680000
 271 1.710000
 272 1.680000
 273 1.700000
 274 1.700000
 275 1.700000
 276 1.700000
 277 1.700000
 278 1.700000
 279 1.700000
 280 1.730000
 281 1.700000
 282 1.730000
 283 1.730000
 284 1.740000
 285 1.750000
 286 1.750000
 287 1.750000
 288 1.760000
 289 1.750000
 290 1.760000
 291 1.760000
 292 1.760000
 293 1.790000
 294 1.760000
 295 1.790000
 296 1.790000
 297 1.810000
 298 1.790000
 299 1.810000
 300 1.810000
 301 1.810000
 302 1.830000
 303 1.830000
 304 1.830000
 305 1.830000
 306 1.830000
 307 1.830000
 308 1.850000
 309 1.850000
 310 1.850000
 311 1.880000
 312 1.850000
 313 1.890000
 314 1.890000
 315 1.910000
 316 1.910000
 317 1.910000
 318 1.910000
 319 1.900000
 320 1.930000
 321 1.930000
 322 1.930000
 323 1.930000
 324 1.930000
 325 1.930000
 326 1.950000
 327 1.980000
 328 1.980000
 329 1.980000
 330 2.000000
 331 2.000000
 332 2.000000
 333 2.000000
 334 2.030000
 335 2.030000
 336 2.030000
 337 2.050000
 338 2.050000
 339 2.050000
 340 2.050000
 341 2.080000
 342 2.080000
 343 2.080000
 344 2.100000
 345 2.100000
 346 2.130000
 347 2.100000
 348 2.130000
 349 2.150000
 350 2.150000
 351 2.150000
 352 2.180000
 353 2.180000
 354 2.180000
 355 2.230000
 356 2.230000
 357 2.250000
 358 2.230000
 359 2.250000
 360 2.270000
 361 2.270000
 362 2.270000
 363 2.270000
 364 2.300000
 365 2.300000
 366 2.330000
 367 2.330000
 368 2.350000
 369 2.350000
 370 2.380000
 371 2.400000
 372 2.370000
 373 2.420000
 374 2.420000
 375 2.400000
 376 2.460000
 377 2.590000
 378 2.480000
 379 2.450000
 380 2.450000
 381 2.430000
 382 2.400000
 383 2.350000
 384 2.330000
 385 2.330000
 386 2.310000
 387 2.290000
 388 2.250000
 389 2.230000
 390 2.230000
 391 2.210000
 392 2.210000
 393 2.220000
 394 2.250000
 395 2.220000
 396 2.220000
 397 2.210000
 398 2.240000
 399 2.250000
 400 2.270000
 401 2.250000
 402 2.250000
 403 2.260000
 404 2.260000
 405 2.260000
 406 2.290000
 407 2.290000
 408 2.290000
 409 2.310000
 410 2.310000
 411 2.310000
 412 2.310000
 413 2.310000
 414 2.310000
 415 2.310000
 416 2.330000
 417 2.330000
 418 2.330000
 419 2.350000
 420 2.320000
 421 2.330000
 422 2.290000
 423 2.300000
 424 2.300000
 425 2.320000
 426 2.320000
 427 2.310000
 428 2.270000
 429 2.270000
 430 2.270000
 431 2.280000
 432 2.280000
 433 2.260000
 434 2.270000
 435 2.260000
 436 2.260000
 437 2.260000
 438 2.260000
 439 2.230000
 440 2.260000
 441 2.230000
 442 2.260000
 443 2.230000
 444 2.260000
 445 2.240000
 446 2.240000
 447 2.270000
 448 2.230000
 449 2.230000
 450 2.260000
 451 2.230000
 452 2.210000
 453 2.210000
 454 2.230000
 455 2.230000
 456 2.210000
 457 2.210000
 458 2.180000
 459 2.180000
 460 2.210000
 461 2.180000
 462 2.190000
 463 2.190000
 464 2.180000
 465 2.180000
 466 2.170000
 467 2.160000
 468 2.170000
 469 2.180000
 470 2.160000
 471 2.170000
 472 2.160000
 473 2.160000
 474 2.170000
 475 2.160000
 476 2.140000
 477 2.170000
 478 2.130000
 479 2.140000
 480 2.140000
 481 2.170000
 482 2.130000
 483 2.130000
 484 2.140000
 485 2.130000
 486 2.130000
 487 2.140000
 488 2.130000
 489 2.160000
 490 2.170000
 491 2.190000
 492 2.220000
 493 2.220000
 494 2.180000
 495 2.220000
 496 2.210000
 497 2.220000
 498 2.220000
 499 2.220000
 500 2.240000
 501 2.220000
 502 2.220000
 503 2.220000
 504 2.250000
 505 2.220000
 506 2.240000
 507 2.270000
 508 2.240000
 509 2.270000
 510 2.270000
 511 2.270000
 512 2.270000
 513 2.270000
 514 2.270000
 515 2.270000
 516 2.270000
 517 2.270000
 518 2.280000
 519 2.320000
 520 2.320000
 521 2.280000
 522 2.110000
 523 2.120000
 524 2.270000
 525 2.290000
 526 2.240000
 527 1.920000
 528 1.850000
 529 1.830000
 530 1.920000
 531 2.250000
 532 2.350000
 533 2.350000
 534 2.330000
 535 2.360000
 536 2.330000
 537 2.360000
 538 2.360000
 539 2.360000
 540 2.340000
 541 2.360000
 542 2.360000
 543 2.400000
 544 2.420000
 545 2.400000
 546 2.400000
 547 2.400000
 548 2.380000
 549 2.350000
 550 2.380000
 551 2.380000
 552 2.350000
 553 2.350000
 554 2.330000
 555 2.330000
 556 2.350000
 557 2.300000
 558 2.330000
 559 2.300000
 560 2.300000
 561 2.290000
 562 2.300000
 563 2.280000
 564 2.280000
 565 2.280000
 566 2.300000
 567 2.260000
 568 2.260000
 569 2.270000
 570 2.310000
 571 2.380000
 572 2.380000
 573 2.400000
 574 2.400000
 575 2.410000
 576 2.390000
 577 2.400000
 578 2.410000
 579 2.410000
 580 2.410000
 581 1.530000
 582 1.580000
 583 1.520000
 584 1.510000
 585 1.490000
 586 1.510000
 587 1.520000
 588 1.510000
 589 1.540000
 590 1.540000
 591 1.560000
 592 1.560000
 593 1.590000
 594 1.610000
 595 1.610000
 596 1.630000
 597 1.630000
 598 1.660000
 599 1.660000
 600 1.670000
 601 1.700000
 602 1.720000
 603 1.740000
 604 1.770000
 605 1.790000
 606 1.820000
 607 1.840000
 608 1.880000
 609 1.830000
 610 1.910000
 611 2.170000
 612 2.330000
 613 2.380000
 614 2.410000
 615 2.420000
 616 2.340000
 617 2.030000
 618 2.010000
 619 2.030000
 620 2.080000
 621 2.440000
 622 2.470000
 623 2.470000
 624 2.470000
 625 2.470000
 626 2.470000
 627 2.470000
 628 2.470000
 629 2.470000
 630 2.490000
 631 2.500000
 632 2.500000
 633 2.500000
 634 2.500000
 635 2.500000
 636 2.520000
 637 2.520000
 638 2.520000
 639 2.520000
 640 2.550000
 641 2.520000
 642 2.520000
 643 2.520000
 644 2.550000
 645 2.550000
 646 2.570000
 647 2.540000
 648 2.570000
 649 2.570000
 650 2.570000
 651 2.570000
 652 2.570000
 653 2.570000
 654 2.590000
 655 2.590000
 656 2.590000
 657 2.590000
 658 2.590000
 659 2.600000
 660 2.600000
 661 2.620000
 662 2.620000
 663 2.620000
 664 2.620000
 665 2.650000
 666 2.660000
 667 2.650000
 668 2.650000
 669 2.650000
 670 2.670000
 671 2.650000
 672 2.670000
 673 2.700000
 674 2.670000
 675 2.690000
 676 2.690000
 677 2.690000
 678 2.690000
 679 2.740000
 680 2.730000
 681 2.720000
 682 2.770000
 683 2.770000
 684 2.760000
 685 2.760000
 686 2.760000
 687 2.760000
 688 2.780000
 689 2.780000
 690 2.820000
 691 2.820000
 692 2.820000
 693 2.840000
 694 2.840000
 695 2.810000
 696 2.870000
 697 2.870000
 698 2.870000
 699 1.640000
 700 1.600000
 701 1.560000
 702 1.570000
 703 1.580000
 704 1.580000
 705 1.580000
 706 1.560000
 707 1.560000
 708 1.590000
 709 1.560000
 710 1.570000
 711 1.540000
 712 1.570000
 713 1.550000
 714 3.040000
 715 3.080000
 716 3.080000
 717 3.080000
 718 3.130000
 719 3.130000
 720 3.120000
 721 3.140000
 722 3.190000
 723 3.190000
 724 1.500000
 725 1.530000
 726 1.530000
 727 1.480000
 728 1.490000
 729 3.290000
 730 3.290000
 731 3.290000
 732 3.290000
 733 3.290000
 734 3.340000
 735 2.780000
 736 2.700000
 737 2.560000
 738 2.510000
 739 2.380000
 740 2.330000
 741 2.230000
 742 2.170000
 743 2.110000
 744 2.030000
 745 2.060000
 746 2.050000
 747 2.030000
 748 2.090000
 749 3.740000
 750 3.770000
 751 3.770000
 752 3.750000
 753 3.740000
 754 3.720000
 755 3.690000
 756 3.690000
 757 3.720000
 758 3.760000
 759 3.790000
 760 3.810000
 0 2.130000
 1 2.090000
 2 2.100000
 3 2.100000
 4 2.130000
 5 2.100000
 6 2.110000
 7 2.130000
 8 2.110000
 9 2.110000
 10 2.140000
 11 2.120000
 12 2.120000
 13 2.100000
 14 2.140000
 15 2.110000
 16 2.110000
 17 2.110000
 18 2.150000
 19 2.160000
 20 2.160000
 21 2.160000
 22 2.180000
 23 2.190000
 24 2.190000
 25 2.150000
 26 2.140000
 27 2.150000
 28 2.150000
 29 2.150000
 30 2.170000
 31 2.160000
 32 2.170000
 33 2.200000
 34 2.200000
 35 2.190000
 36 2.180000
 37 2.160000
 38 2.180000
 39 2.270000
 40 2.240000
 41 2.160000
 42 2.170000
 43 2.150000
 44 2.150000
 45 2.210000
 46 2.230000
 47 2.230000
 48 2.190000
 49 2.200000
 50 2.210000
 51 2.200000
 52 2.200000
 53 2.190000
 54 2.210000
 55 2.220000
 56 2.250000
 57 2.240000
 58 2.240000
 59 2.210000
 60 2.200000
 61 2.200000
 62 2.220000
 63 2.210000
 64 2.250000
 65 2.250000
 66 2.280000
 67 2.290000
 68 2.280000
 69 2.300000
 70 2.290000
 71 2.300000
 72 2.280000
 73 2.290000
 74 2.260000
 75 2.290000
 76 2.300000
 77 2.330000
 78 2.320000
 79 2.310000
 80 2.300000
 81 2.300000
 82 2.330000
 83 2.410000
 84 2.340000
 85 2.300000
 86 2.300000
 87 2.300000
 88 2.310000
 89 2.360000
 90 2.350000
 91 2.370000
 92 2.360000
 93 2.380000
 94 2.350000
 95 2.390000
 96 2.400000
 97 2.400000
 98 2.390000
 99 2.390000
 100 2.360000
 101 2.360000
 102 2.400000
 103 2.400000
 104 2.390000
 105 2.420000
 106 2.400000
 107 2.420000
 108 2.510000
 109 2.460000
 110 2.470000
 111 3.410000
 112 3.420000
 113 3.600000
 114 3.570000
 115 3.550000
 116 3.520000
 117 3.530000
 118 3.480000
 119 3.460000
 120 3.460000
 121 3.460000
 122 3.480000
 123 3.530000
 124 3.530000
 125 3.510000
 126 3.510000
 127 3.530000
 128 3.530000
 129 3.530000
 130 3.560000
 131 3.580000
 132 3.690000
 133 3.610000
 134 3.660000
 135 3.680000
 136 3.690000
 137 3.730000
 138 3.760000
 139 3.810000
 140 3.790000
 141 3.860000
 142 3.820000
 143 3.790000
 144 3.790000
 145 3.820000
 146 3.840000
 147 3.800000
 148 3.820000
 149 3.850000
 150 3.870000
 151 3.880000
 152 3.900000
 153 3.910000
 154 3.920000
 155 3.910000
 156 3.910000
 157 3.960000
 158 4.010000
 159 4.040000
 160 4.060000
 161 4.040000
 162 4.040000
 163 4.110000
 164 4.010000
 165 4.160000
 166 4.060000
 167 4.080000
 168 4.110000
 169 4.110000
 170 4.130000
 171 4.160000
 172 4.160000
 173 4.160000
 174 4.180000
 175 4.210000
 176 4.230000
 177 4.230000
 178 4.250000
 179 4.260000
 180 4.270000
 181 1.260000
 182 4.330000
 183 4.360000
 184 4.360000
 185 4.480000
 186 4.410000
 187 4.410000
 188 4.460000
 189 4.140000
 190 4.460000
 191 4.480000
 192 4.510000
 193 4.310000
 194 4.600000
 195 4.580000
 196 4.680000
 197 3.150000
 198 3.120000
 199 3.050000
 200 3.050000
 201 3.010000
 202 2.950000
 203 2.940000
 204 2.960000
 205 2.930000
 206 2.930000
 207 2.930000
 208 2.900000
 209 2.910000
 210 2.910000
 211 2.910000
 212 1.580000
 213 1.580000
 214 1.560000
 215 1.560000
 216 1.510000
 217 1.520000
 218 1.510000
 219 1.490000
 220 1.500000
 221 1.470000
 222 1.470000
 223 1.510000
 224 1.460000
 225 1.480000
 226 1.470000
 227 1.450000
 228 1.450000
 229 1.440000
 230 1.450000
 231 1.470000
 232 1.460000
 233 1.460000
 234 1.450000
 235 1.460000
 236 1.450000
 237 1.440000
 238 1.460000
 239 1.450000
 240 1.460000
 241 1.430000
 242 1.470000
 243 1.440000
 244 1.440000
 245 1.500000
 246 1.510000
 247 1.490000
 248 1.480000
 249 1.440000
 250 1.460000
 251 5.190000
 252 1.420000
 253 1.420000
 254 5.180000
 255 5.160000
 256 5.140000
 257 4.620000
 258 4.380000
 259 4.390000
 260 4.340000
 261 4.390000
 262 4.390000
 263 4.370000
 264 1.780000
 265 1.790000
 266 1.730000
 267 1.730000
 268 1.700000
 269 1.700000
 270 1.700000
 271 1.710000
 272 1.680000
 273 1.700000
 274 1.700000
 275 1.700000
 276 1.700000
 277 1.730000
 278 1.700000
 279 1.700000
 280 1.730000
 281 1.730000
 282 1.740000
 283 1.730000
 284 1.730000
 285 1.730000
 286 1.750000
 287 1.750000
 288 1.760000
 289 1.760000
 290 1.760000
 291 1.760000
 292 1.760000
 293 1.790000
 294 1.790000
 295 1.790000
 296 1.790000
 297 1.790000
 298 1.790000
 299 1.790000
 300 1.810000
 301 1.810000
 302 1.830000
 303 1.830000
 304 1.830000
 305 1.850000
 306 1.830000
 307 1.830000
 308 1.850000
 309 1.850000
 310 1.850000
 311 1.850000
 312 1.880000
 313 1.880000
 314 1.880000
 315 1.890000
 316 1.910000
 317 1.910000
 318 1.900000
 319 1.930000
 320 1.900000
 321 1.930000
 322 1.930000
 323 1.930000
 324 1.950000
 325 1.930000
 326 1.950000
 327 1.980000
 328 1.980000
 329 1.980000
 330 2.000000
 331 2.000000
 332 1.980000
 333 2.000000
 334 2.000000
 335 2.030000
 336 2.030000
 337 2.050000
 338 2.050000
 339 2.080000
 340 2.050000
 341 2.080000
 342 2.100000
 343 2.080000
 344 2.080000
 345 2.100000
 346 2.130000
 347 2.130000
 348 2.130000
 349 2.150000
 350 2.150000
 351 2.180000
 352 2.180000
 353 2.180000
 354 2.200000
 355 2.200000
 356 2.200000
 357 2.230000
 358 2.230000
 359 2.250000
 360 2.250000
 361 2.270000
 362 2.270000
 363 2.300000
 364 2.300000
 365 2.300000
 366 2.330000
 367 2.330000
 368 2.330000
 369 2.350000
 370 2.380000
 371 2.370000
 372 2.400000
 373 2.400000
 374 2.420000
 375 2.430000
 376 2.460000
 377 2.590000
 378 2.500000
 379 2.480000
 380 2.460000
 381 2.430000
 382 2.400000
 383 2.380000
 384 2.350000
 385 2.330000
 386 2.310000
 387 2.290000
 388 2.260000
 389 2.230000
 390 2.230000
 391 2.210000
 392 2.190000
 393 2.220000
 394 2.220000
 395 2.220000
 396 2.220000
 397 2.240000
 398 2.240000
 399 2.250000
 400 2.250000
 401 2.260000
 402 2.240000
 403 2.260000
 404 2.290000
 405 2.290000
 406 2.260000
 407 2.290000
 408 2.290000
 409 2.310000
 410 2.290000
 411 2.310000
 412 2.310000
 413 2.310000
 414 2.310000
 415 2.330000
 416 2.330000
 417 2.330000
 418 2.330000
 419 2.320000
 420 2.300000
 421 2.330000
 422 2.310000
 423 2.300000
 424 2.310000
 425 2.320000
 426 2.320000
 427 2.310000
 428 2.300000
 429 2.280000
 430 2.280000
 431 2.270000
 432 2.280000
 433 2.280000
 434 2.290000
 435 2.280000
 436 2.260000
 437 2.260000
 438 2.270000
 439 2.260000
 440 2.260000
 441 2.260000
 442 2.230000
 443 2.230000
 444 2.230000
 445 2.230000
 446 2.240000
 447 2.230000
 448 2.230000
 449 2.260000
 450 2.230000
 451 2.230000
 452 2.230000
 453 2.220000
 454 2.230000
 455 2.230000
 456 2.210000
 457 2.180000
 458 2.210000
 459 2.210000
 460 2.180000
 461 2.180000
 462 2.170000
 463 2.190000
 464 2.190000
 465 2.160000
 466 2.160000
 467 2.170000
 468 2.170000
 469 2.170000
 470 2.160000
 471 2.170000
 472 2.160000
 473 2.160000
 474 2.160000
 475 2.160000
 476 2.160000
 477 2.130000
 478 2.160000
 479 2.140000
 480 2.130000
 481 2.130000
 482 2.130000
 483 2.110000
 484 2.140000
 485 2.140000
 486 2.130000
 487 2.140000
 488 2.160000
 489 2.160000
 490 2.170000
 491 2.190000
 492 2.220000
 493 2.220000
 494 2.180000
 495 2.220000
 496 2.220000
 497 2.220000
 498 2.220000
 499 2.220000
 500 2.220000
 501 2.220000
 502 2.250000
 503 2.220000
 504 2.250000
 505 2.250000
 506 2.250000
 507 2.250000
 508 2.270000
 509 2.270000
 510 2.270000
 511 2.270000
 512 2.270000
 513 2.250000
 514 2.270000
 515 2.270000
 516 2.270000
 517 2.280000
 518 2.310000
 519 2.300000
 520 2.300000
 521 2.310000
 522 2.110000
 523 2.120000
 524 2.290000
 525 2.270000
 526 2.240000
 527 1.920000
 528 1.850000
 529 1.860000
 530 1.920000
 531 2.270000
 532 2.320000
 533 2.320000
 534 2.360000
 535 2.360000
 536 2.330000
 537 2.360000
 538 2.330000
 539 2.360000
 540 2.340000
 541 2.360000
 542 2.360000
 543 2.370000
 544 2.400000
 545 2.400000
 546 2.400000
 547 2.380000
 548 2.400000
 549 2.380000
 550 2.350000
 551 2.350000
 552 2.350000
 553 2.350000
 554 2.350000
 555 2.350000
 556 2.330000
 557 2.330000
 558 2.310000
 559 2.310000
 560 2.300000
 561 2.300000
 562 2.280000
 563 2.280000
 564 2.280000
 565 2.280000
 566 2.300000
 567 2.280000
 568 2.280000
 569 2.270000
 570 2.330000
 571 2.380000
 572 2.400000
 573 2.380000
 574 2.420000
 575 2.410000
 576 2.390000
 577 2.370000
 578 2.410000
 579 2.410000
 580 2.430000
 581 1.580000
 582 1.550000
 583 1.530000
 584 1.510000
 585 1.530000
 586 1.490000
 587 1.500000
 588 1.540000
 589 1.560000
 590 1.540000
 591 1.560000
 592 1.590000
 593 1.590000
 594 1.610000
 595 1.610000
 596 1.630000
 597 1.630000
 598 1.660000
 599 1.680000
 600 1.700000
 601 1.700000
 602 1.720000
 603 1.750000
 604 1.770000
 605 1.770000
 606 1.820000
 607 1.840000
 608 1.870000
 609 1.810000
 610 1.930000
 611 2.110000
 612 2.360000
 613 2.410000
 614 2.420000
 615 2.440000
 616 2.390000
 617 2.060000
 618 2.010000
 619 2.030000
 620 2.090000
 621 2.470000
 622 2.440000
 623 2.470000
 624 2.440000
 625 2.470000
 626 2.470000
 627 2.470000
 628 2.470000
 629 2.490000
 630 2.470000
 631 2.470000
 632 2.500000
 633 2.470000
 634 2.500000
 635 2.520000
 636 2.520000
 637 2.520000
 638 2.520000
 639 2.540000
 640 2.520000
 641 2.550000
 642 2.550000
 643 2.550000
 644 2.570000
 645 2.550000
 646 2.550000
 647 2.550000
 648 2.570000
 649 2.570000
 650 2.540000
 651 2.570000
 652 2.570000
 653 2.590000
 654 2.570000
 655 2.590000
 656 2.590000
 657 2.590000
 658 2.600000
 659 2.600000
 660 2.620000
 661 2.620000
 662 2.600000
 663 2.620000
 664 2.620000
 665 2.620000
 666 2.630000
 667 2.620000
 668 2.650000
 669 2.670000
 670 2.670000
 671 2.670000
 672 2.670000
 673 2.700000
 674 2.670000
 675 2.670000
 676 2.720000
 677 2.720000
 678 2.720000
 679 2.720000
 680 2.730000
 681 2.730000
 682 2.730000
 683 2.760000
 684 2.760000
 685 2.760000
 686 2.760000
 687 2.760000
 688 2.770000
 689 2.770000
 690 2.820000
 691 2.820000
 692 2.820000
 693 2.820000
 694 2.870000
 695 2.810000
 696 2.860000
 697 2.860000
 698 2.870000
 699 1.640000
 700 1.570000
 701 1.590000
 702 1.570000
 703 1.580000
 704 1.580000
 705 1.580000
 706 1.590000
 707 1.560000
 708 1.560000
 709 1.560000
 710 1.550000
 711 1.570000
 712 1.580000
 713 1.580000
 714 3.050000
 715 3.060000
 716 3.100000
 717 3.100000
 718 3.100000
 719 3.120000
 720 3.140000
 721 3.170000
 722 3.190000
 723 3.180000
 724 1.510000
 725 1.530000
 726 1.500000
 727 1.480000
 728 1.490000
 729 3.280000
 730 3.320000
 731 3.320000
 732 3.320000
 733 3.330000
 734 3.350000
 735 2.780000
 736 2.690000
 737 2.580000
 738 2.510000
 739 2.380000
 740 2.320000
 741 2.230000
 742 2.170000
 743 2.100000
 744 2.030000
 745 2.060000
 746 2.030000
 747 2.030000
 748 2.060000
 749 3.740000
 750 3.740000
 751 3.770000
 752 3.740000
 753 3.720000
 754 3.690000
 755 3.690000
 756 3.690000
 757 3.740000
 758 3.760000
 759 3.790000
 760 3.820000
 0 2.130000
 1 2.080000
 2 2.100000
 3 2.100000
 4 2.100000
 5 2.100000
 6 2.110000
 7 2.110000
 8 2.130000
 9 2.110000
 10 2.110000
 11 2.100000
 12 2.120000
 13 2.120000
 14 2.110000
 15 2.110000
 16 2.110000
 17 2.110000
 18 2.120000
 19 2.160000
 20 2.160000
 21 2.160000
 22 2.180000
 23 2.190000
 24 2.160000
 25 2.150000
 26 2.170000
 27 2.150000
 28 2.150000
 29 2.150000
 30 2.150000
 31 2.160000
 32 2.170000
 33 2.200000
 34 2.200000
 35 2.190000
 36 2.190000
 37 2.210000
 38 2.180000
 39 2.270000
 40 2.240000
 41 2.160000
 42 2.150000
 43 2.150000
 44 2.150000
 45 2.190000
 46 2.230000
 47 2.230000
 48 2.190000
 49 2.180000
 50 2.190000
 51 2.220000
 52 2.200000
 53 2.210000
 54 2.250000
 55 2.250000
 56 2.220000
 57 2.210000
 58 2.210000
 59 2.210000
 60 2.220000
 61 2.200000
 62 2.220000
 63 2.210000
 64 2.230000
 65 2.250000
 66 2.250000
 67 2.260000
 68 2.300000
 69 2.270000
 70 2.290000
 71 2.300000
 72 2.280000
 73 2.260000
 74 2.290000
 75 2.290000
 76 2.320000
 77 2.320000
 78 2.320000
 79 2.310000
 80 2.300000
 81 2.330000
 82 2.330000
 83 2.410000
 84 2.350000
 85 2.300000
 86 2.300000
 87 2.300000
 88 2.310000
 89 2.340000
 90 2.370000
 91 2.380000
 92 2.390000
 93 2.350000
 94 2.380000
 95 2.390000
 96 2.400000
 97 2.400000
 98 2.390000
 99 2.390000
 100 2.390000
 101 2.360000
 102 2.360000
 103 2.400000
 104 2.390000
 105 2.400000
 106 2.400000
 107 2.420000
 108 2.510000
 109 2.480000
 110 2.450000
 111 3.430000
 112 3.400000
 113 3.580000
 114 3.550000
 115 3.520000
 116 3.550000
 117 3.560000
 118 3.460000
 119 3.460000
 120 3.460000
 121 3.480000
 122 3.480000
 123 3.510000
 124 3.520000
 125 3.530000
 126 3.510000
 127 3.530000
 128 3.630000
 129 3.630000
 130 3.560000
 131 3.630000
 132 3.670000
 133 3.610000
 134 3.630000
 135 3.680000
 136 3.710000
 137 3.730000
 138 3.740000
 139 3.830000
 140 3.810000
 141 3.830000
 142 3.820000
 143 3.830000
 144 3.790000
 145 3.800000
 146 3.800000
 147 3.820000
 148 3.830000
 149 3.850000
 150 3.870000
 151 3.880000
 152 3.870000
 153 3.900000
 154 3.920000
 155 3.910000
 156 3.930000
 157 3.960000
 158 4.040000
 159 4.040000
 160 4.030000
 161 4.080000
 162 4.060000
 163 4.140000
 164 4.010000
 165 4.140000
 166 4.060000
 167 4.080000
 168 4.080000
 169 4.130000
 170 4.130000
 171 4.130000
 172 4.160000
 173 4.180000
 174 4.180000
 175 4.210000
 176 4.230000
 177 4.260000
 178 4.250000
 179 4.280000
 180 4.270000
 181 1.260000
 182 4.360000
 183 4.360000
 184 4.360000
 185 4.480000
 186 4.430000
 187 4.430000
 188 4.460000
 189 4.120000
 190 4.480000
 191 4.480000
 192 4.510000
 193 4.310000
 194 4.590000
 195 4.580000
 196 4.680000
 197 3.150000
 198 3.120000
 199 3.070000
 200 3.020000
 201 3.010000
 202 2.980000
 203 2.960000
 204 2.960000
 205 2.930000
 206 2.930000
 207 2.930000
 208 2.890000
 209 2.900000
 210 2.930000
 211 2.930000
 212 1.580000
 213 1.530000
 214 1.560000
 215 1.540000
 216 1.540000
 217 1.520000
 218 1.530000
 219 1.490000
 220 1.520000
 221 1.500000
 222 1.470000
 223 1.510000
 224 1.510000
 225 1.460000
 226 1.480000
 227 1.500000
 228 1.480000
 229 1.460000
 230 1.450000
 231 1.450000
 232 1.460000
 233 1.460000
 234 1.470000
 235 1.450000
 236 1.450000
 237 1.470000
 238 1.460000
 239 1.450000
 240 1.460000
 241 1.460000
 242 1.470000
 243 1.460000
 244 1.470000
 245 1.470000
 246 1.480000
 247 1.490000
 248 1.460000
 249 1.440000
 250 1.460000
 251 5.220000
 252 1.420000
 253 1.450000
 254 5.180000
 255 5.160000
 256 5.140000
 257 4.540000
 258 4.380000
 259 4.390000
 260 4.370000
 261 4.410000
 262 4.410000
 263 4.390000
 264 1.810000
 265 1.780000
 266 1.750000
 267 1.750000
 268 1.700000
 269 1.700000
 270 1.680000
 271 1.690000
 272 1.680000
 273 1.700000
 274 1.700000
 275 1.700000
 276 1.700000
 277 1.700000
 278 1.700000
 279 1.700000
 280 1.700000
 281 1.730000
 282 1.730000
 283 1.730000
 284 1.730000
 285 1.730000
 286 1.750000
 287 1.750000
 288 1.740000
 289 1.760000
 290 1.760000
 291 1.760000
 292 1.790000
 293 1.790000
 294 1.790000
 295 1.790000
 296 1.790000
 297 1.810000
 298 1.790000
 299 1.810000
 300 1.810000
 301 1.810000
 302 1.800000
 303 1.830000
 304 1.830000
 305 1.830000
 306 1.830000
 307 1.830000
 308 1.830000
 309 1.830000
 310 1.850000
 311 1.880000
 312 1.880000
 313 1.890000
 314 1.880000
 315 1.890000
 316 1.890000
 317 1.910000
 318 1.900000
 319 1.900000
 320 1.930000
 321 1.930000
 322 1.930000
 323 1.930000
 324 1.930000
 325 1.930000
 326 1.950000
 327 1.950000
 328 1.980000
 329 1.980000
 330 2.000000
 331 2.000000
 332 2.000000
 333 2.030000
 334 2.030000
 335 2.030000
 336 2.050000
 337 2.030000
 338 2.030000
 339 2.050000
 340 2.050000
 341 2.080000
 342 2.080000
 343 2.100000
 344 2.100000
 345 2.130000
 346 2.100000
 347 2.130000
 348 2.130000
 349 2.150000
 350 2.150000
 351 2.180000
 352 2.180000
 353 2.180000
 354 2.200000
 355 2.200000
 356 2.200000
 357 2.230000
 358 2.250000
 359 2.250000
 360 2.270000
 361 2.250000
 362 2.270000
 363 2.270000
 364 2.300000
 365 2.320000
 366 2.330000
 367 2.330000
 368 2.330000
 369 2.330000
 370 2.380000
 371 2.380000
 372 2.370000
 373 2.420000
 374 2.420000
 375 2.450000
 376 2.480000
 377 2.590000
 378 2.480000
 379 2.480000
 380 2.460000
 381 2.400000
 382 2.380000
 383 2.380000
 384 2.350000
 385 2.330000
 386 2.310000
 387 2.280000
 388 2.250000
 389 2.250000
 390 2.200000
 391 2.210000
 392 2.190000
 393 2.220000
 394 2.220000
 395 2.250000
 396 2.210000
 397 2.240000
 398 2.240000
 399 2.250000
 400 2.270000
 401 2.250000
 402 2.260000
 403 2.260000
 404 2.240000
 405 2.290000
 406 2.260000
 407 2.290000
 408 2.290000
 409 2.310000
 410 2.290000
 411 2.310000
 412 2.340000
 413 2.310000
 414 2.330000
 415 2.330000
 416 2.330000
 417 2.330000
 418 2.350000
 419 2.350000
 420 2.320000
 421 2.330000
 422 2.300000
 423 2.290000
 424 2.300000
 425 2.320000
 426 2.320000
 427 2.310000
 428 2.270000
 429 2.280000
 430 2.280000
 431 2.290000
 432 2.280000
 433 2.260000
 434 2.270000
 435 2.280000
 436 2.260000
 437 2.260000
 438 2.230000
 439 2.230000
 440 2.260000
 441 2.260000
 442 2.230000
 443 2.230000
 444 2.230000
 445 2.230000
 446 2.240000
 447 2.240000
 448 2.230000
 449 2.250000
 450 2.230000
 451 2.230000
 452 2.210000
 453 2.220000
 454 2.230000
 455 2.210000
 456 2.180000
 457 2.210000
 458 2.210000
 459 2.180000
 460 2.220000
 461 2.180000
 462 2.190000
 463 2.190000
 464 2.190000
 465 2.180000
 466 2.180000
 467 2.160000
 468 2.190000
 469 2.170000
 470 2.180000
 471 2.170000
 472 2.160000
 473 2.160000
 474 2.170000
 475 2.160000
 476 2.170000
 477 2.140000
 478 2.160000
 479 2.140000
 480 2.130000
 481 2.140000
 482 2.130000
 483 2.110000
 484 2.140000
 485 2.140000
 486 2.140000
 487 2.130000
 488 2.130000
 489 2.130000
 490 2.190000
 491 2.180000
 492 2.220000
 493 2.190000
 494 2.210000
 495 2.220000
 496 2.210000
 497 2.220000
 498 2.220000
 499 2.220000
 500 2.220000
 501 2.220000
 502 2.220000
 503 2.220000
 504 2.220000
 505 2.250000
 506 2.240000
 507 2.250000
 508 2.250000
 509 2.270000
 510 2.290000
 511 2.270000
 512 2.270000
 513 2.270000
 514 2.270000
 515 2.270000
 516 2.280000
 517 2.310000
 518 2.280000
 519 2.300000
 520 2.300000
 521 2.280000
 522 2.110000
 523 2.120000
 524 2.270000
 525 2.270000
 526 2.230000
 527 1.920000
 528 1.870000
 529 1.860000
 530 1.920000
 531 2.250000
 532 2.320000
 533 2.320000
 534 2.320000
 535 2.360000
 536 2.330000
 537 2.330000
 538 2.360000
 539 2.360000
 540 2.340000
 541 2.360000
 542 2.400000
 543 2.400000
 544 2.420000
 545 2.400000
 546 2.400000
 547 2.380000
 548 2.380000
 549 2.350000
 550 2.350000
 551 2.350000
 552 2.350000
 553 2.350000
 554 2.330000
 555 2.330000
 556 2.330000
 557 2.330000
 558 2.330000
 559 2.300000
 560 2.300000
 561 2.300000
 562 2.300000
 563 2.280000
 564 2.280000
 565 2.300000
 566 2.300000
 567 2.280000
 568 2.260000
 569 2.280000
 570 2.330000
 571 2.380000
 572 2.380000
 573 2.380000
 574 2.400000
 575 2.380000
 576 2.370000
 577 2.370000
 578 2.410000
 579 2.410000
 580 2.430000
 581 1.530000
 582 1.550000
 583 1.520000
 584 1.510000
 585 1.490000
 586 1.510000
 587 1.520000
 588 1.540000
 589 1.540000
 590 1.560000
 591 1.560000
 592 1.560000
 593 1.590000
 594 1.610000
 595 1.610000
 596 1.640000
 597 1.630000
 598 1.630000
 599 1.680000
 600 1.680000
 601 1.700000
 602 1.720000
 603 1.750000
 604 1.770000
 605 1.790000
 606 1.820000
 607 1.840000
 608 1.860000
 609 1.830000
 610 1.910000
 611 2.110000
 612 2.330000
 613 2.410000
 614 2.380000
 615 2.420000
 616 2.340000
 617 2.040000
 618 2.010000
 619 2.030000
 620 2.090000
 621 2.440000
 622 2.440000
 623 2.470000
 624 2.470000
 625 2.470000
 626 2.470000
 627 2.490000
 628 2.470000
 629 2.490000
 630 2.470000
 631 2.500000
 632 2.470000
 633 2.500000
 634 2.520000
 635 2.500000
 636 2.520000
 637 2.520000
 638 2.520000
 639 2.520000
 640 2.550000
 641 2.540000
 642 2.520000
 643 2.550000
 644 2.540000
 645 2.550000
 646 2.570000
 647 2.550000
 648 2.570000
 649 2.570000
 650 2.570000
 651 2.590000
 652 2.570000
 653 2.590000
 654 2.570000
 655 2.570000
 656 2.590000
 657 2.620000
 658 2.590000
 659 2.620000
 660 2.600000
 661 2.600000
 662 2.620000
 663 2.600000
 664 2.620000
 665 2.620000
 666 2.660000
 667 2.650000
 668 2.670000
 669 2.650000
 670 2.650000
 671 2.670000
 672 2.670000
 673 2.670000
 674 2.690000
 675 2.700000
 676 2.690000
 677 2.720000
 678 2.720000
 679 2.710000
 680 2.720000
 681 2.710000
 682 2.730000
 683 2.770000
 684 2.760000
 685 2.760000
 686 2.760000
 687 2.780000
 688 2.790000
 689 2.790000
 690 2.790000
 691 2.820000
 692 2.820000
 693 2.840000
 694 2.830000
 695 2.830000
 696 2.840000
 697 2.860000
 698 2.890000
 699 1.640000
 700 1.570000
 701 1.560000
 702 1.570000
 703 1.580000
 704 1.580000
 705 1.550000
 706 1.560000
 707 1.560000
 708 1.560000
 709 1.560000
 710 1.570000
 711 1.570000
 712 1.570000
 713 1.580000
 714 3.050000
 715 3.080000
 716 3.080000
 717 3.080000
 718 3.090000
 719 3.120000
 720 3.120000
 721 3.140000
 722 3.170000
 723 3.190000
 724 1.500000
 725 1.510000
 726 1.490000
 727 1.480000
 728 1.490000
 729 3.280000
 730 3.290000
 731 3.290000
 732 3.290000
 733 3.320000
 734 3.330000
 735 2.760000
 736 2.720000
 737 2.580000
 738 2.510000
 739 2.380000
 740 2.300000
 741 2.230000
 742 2.170000
 743 2.100000
 744 2.050000
 745 2.030000
 746 2.050000
 747 2.060000
 748 2.050000
 749 3.740000
 750 3.770000
 751 3.740000
 752 3.730000
 753 3.720000
 754 3.690000
 755 3.690000
 756 3.720000
 757 3.710000
 758 3.770000
 759 3.790000
 760 3.790000
 0 2.100000
 1 2.090000
 2 2.100000
 3 2.100000
 4 2.100000
 5 2.100000
 6 2.110000
 7 2.110000
 8 2.110000
 9 2.110000
 10 2.110000
 11 2.120000
 12 2.100000
 13 2.100000
 14 2.110000
 15 2.110000
 16 2.110000
 17 2.110000
 18 2.150000
 19 2.160000
 20 2.160000
 21 2.160000
 22 2.180000
 23 2.190000
 24 2.190000
 25 2.180000
 26 2.150000
 27 2.170000
 28 2.150000
 29 2.150000
 30 2.170000
 31 2.160000
 32 2.170000
 33 2.200000
 34 2.200000
 35 2.190000
 36 2.180000
 37 2.190000
 38 2.200000
 39 2.270000
 40 2.240000
 41 2.140000
 42 2.150000
 43 2.150000
 44 2.150000
 45 2.190000
 46 2.230000
 47 2.230000
 48 2.240000
 49 2.200000
 50 2.190000
 51 2.220000
 52 2.230000
 53 2.200000
 54 2.220000
 55 2.250000
 56 2.250000
 57 2.210000
 58 2.210000
 59 2.210000
 60 2.220000
 61 2.220000
 62 2.220000
 63 2.210000
 64 2.230000
 65 2.250000
 66 2.250000
 67 2.290000
 68 2.300000
 69 2.270000
 70 2.290000
 71 2.280000
 72 2.280000
 73 2.290000
 74 2.260000
 75 2.290000
 76 2.320000
 77 2.300000
 78 2.320000
 79 2.310000
 80 2.300000
 81 2.330000
 82 2.330000
 83 2.410000
 84 2.340000
 85 2.300000
 86 2.300000
 87 2.300000
 88 2.310000
 89 2.360000
 90 2.370000
 91 2.400000
 92 2.360000
 93 2.380000
 94 2.380000
 95 2.390000
 96 2.400000
 97 2.400000
 98 2.390000
 99 2.360000
 100 2.360000
 101 2.360000
 102 2.370000
 103 2.370000
 104 2.390000
 105 2.420000
 106 2.400000
 107 2.420000
 108 2.480000
 109 2.480000
 110 2.450000
 111 3.410000
 112 3.420000
 113 3.580000
 114 3.550000
 115 3.550000
 116 3.520000
 117 3.560000
 118 3.460000
 119 3.460000
 120 3.460000
 121 3.460000
 122 3.480000
 123 3.510000
 124 3.490000
 125 3.510000
 126 3.510000
 127 3.530000
 128 3.530000
 129 3.560000
 130 3.580000
 131 3.650000
 132 3.690000
 133 3.610000
 134 3.660000
 135 3.680000
 136 3.690000
 137 3.730000
 138 3.750000
 139 3.810000
 140 3.830000
 141 3.830000
 142 3.820000
 143 3.790000
 144 3.820000
 145 3.800000
 146 3.800000
 147 3.830000
 148 3.850000
 149 3.850000
 150 3.880000
 151 3.900000
 152 3.870000
 153 3.900000
 154 3.920000
 155 3.950000
 156 3.930000
 157 3.960000
 158 4.040000
 159 4.020000
 160 4.060000
 161 4.040000
 162 4.040000
 163 4.110000
 164 4.030000
 165 4.160000
 166 4.060000
 167 4.110000
 168 4.110000
 169 4.110000
 170 4.130000
 171 4.160000
 172 4.160000
 173 4.160000
 174 4.180000
 175 4.210000
 176 4.210000
 177 4.260000
 178 4.250000
 179 4.280000
 180 4.270000
 181 1.260000
 182 4.330000
 183 4.360000
 184 4.330000
 185 4.440000
 186 4.430000
 187 4.410000
 188 4.460000
 189 4.140000
 190 4.480000
 191 4.510000
 192 4.480000
 193 4.330000
 194 4.580000
 195 4.580000
 196 4.680000
 197 3.170000
 198 3.100000
 199 3.100000
 200 3.020000
 201 2.980000
 202 3.010000
 203 2.950000
 204 2.960000
 205 2.930000
 206 2.930000
 207 2.900000
 208 2.860000
 209 2.910000
 210 2.910000
 211 2.910000
 212 1.630000
 213 1.560000
 214 1.560000
 215 1.540000
 216 1.510000
 217 1.490000
 218 1.510000
 219 1.490000
 220 1.500000
 221 1.470000
 222 1.500000
 223 1.510000
 224 1.460000
 225 1.460000
 226 1.470000
 227 1.450000
 228 1.450000
 229 1.450000
 230 1.450000
 231 1.450000
 232 1.470000
 233 1.460000
 234 1.450000
 235 1.470000
 236 1.430000
 237 1.440000
 238 1.460000
 239 1.450000
 240 1.460000
 241 1.460000
 242 1.470000
 243 1.460000
 244 1.440000
 245 1.470000
 246 1.480000
 247 1.470000
 248 1.450000
 249 1.440000
 250 1.460000
 251 5.200000
 252 1.420000
 253 1.450000
 254 5.180000
 255 5.160000
 256 5.140000
 257 4.600000
 258 4.410000
 259 4.360000
 260 4.370000
 261 4.400000
 262 4.380000
 263 4.390000
 264 1.780000
 265 1.780000
 266 1.750000
 267 1.750000
 268 1.700000
 269 1.680000
 270 1.700000
 271 1.690000
 272 1.680000
 273 1.700000
 274 1.700000
 275 1.700000
 276 1.700000
 277 1.700000
 278 1.700000
 279 1.730000
 280 1.700000
 281 1.730000
 282 1.710000
 283 1.730000
 284 1.730000
 285 1.730000
 286 1.750000
 287 1.730000
 288 1.760000
 289 1.740000
 290 1.760000
 291 1.760000
 292 1.760000
 293 1.790000
 294 1.760000
 295 1.790000
 296 1.790000
 297 1.790000
 298 1.790000
 299 1.810000
 300 1.810000
 301 1.810000
 302 1.800000
 303 1.830000
 304 1.830000
 305 1.830000
 306 1.850000
 307 1.850000
 308 1.850000
 309 1.850000
 310 1.850000
 311 1.880000
 312 1.880000
 313 1.890000
 314 1.890000
 315 1.890000
 316 1.910000
 317 1.910000
 318 1.910000
 319 1.900000
 320 1.930000
 321 1.930000
 322 1.930000
 323 1.930000
 324 1.930000
 325 1.950000
 326 1.950000
 327 1.950000
 328 1.980000
 329 1.980000
 330 1.980000
 331 2.000000
 332 2.000000
 333 2.030000
 334 2.030000
 335 2.030000
 336 2.030000
 337 2.050000
 338 2.050000
 339 2.050000
 340 2.080000
 341 2.080000
 342 2.080000
 343 2.080000
 344 2.080000
 345 2.130000
 346 2.100000
 347 2.130000
 348 2.150000
 349 2.150000
 350 2.150000
 351 2.150000
 352 2.180000
 353 2.180000
 354 2.180000
 355 2.200000
 356 2.200000
 357 2.230000
 358 2.230000
 359 2.250000
 360 2.250000
 361 2.270000
 362 2.270000
 363 2.270000
 364 2.270000
 365 2.300000
 366 2.330000
 367 2.300000
 368 2.330000
 369 2.350000
 370 2.350000
 371 2.380000
 372 2.400000
 373 2.420000
 374 2.420000
 375 2.430000
 376 2.460000
 377 2.560000
 378 2.480000
 379 2.480000
 380 2.430000
 381 2.400000
 382 2.380000
 383 2.380000
 384 2.350000
 385 2.330000
 386 2.310000
 387 2.310000
 388 2.250000
 389 2.230000
 390 2.230000
 391 2.190000
 392 2.190000
 393 2.220000
 394 2.220000
 395 2.220000
 396 2.250000
 397 2.210000
 398 2.240000
 399 2.250000
 400 2.250000
 401 2.270000
 402 2.270000
 403 2.260000
 404 2.260000
 405 2.290000
 406 2.290000
 407 2.290000
 408 2.290000
 409 2.290000
 410 2.290000
 411 2.310000
 412 2.290000
 413 2.310000
 414 2.310000
 415 2.300000
 416 2.330000
 417 2.330000
 418 2.330000
 419 2.320000
 420 2.320000
 421 2.290000
 422 2.330000
 423 2.310000
 424 2.300000
 425 2.290000
 426 2.320000
 427 2.310000
 428 2.280000
 429 2.280000
 430 2.300000
 431 2.270000
 432 2.270000
 433 2.260000
 434 2.270000
 435 2.280000
 436 2.260000
 437 2.260000
 438 2.270000
 439 2.230000
 440 2.230000
 441 2.260000
 442 2.230000
 443 2.260000
 444 2.230000
 445 2.230000
 446 2.240000
 447 2.270000
 448 2.260000
 449 2.230000
 450 2.230000
 451 2.230000
 452 2.210000
 453 2.230000
 454 2.210000
 455 2.210000
 456 2.210000
 457 2.210000
 458 2.210000
 459 2.180000
 460 2.190000
 461 2.180000
 462 2.190000
 463 2.190000
 464 2.190000
 465 2.180000
 466 2.180000
 467 2.190000
 468 2.160000
 469 2.160000
 470 2.160000
 471 2.160000
 472 2.180000
 473 2.170000
 474 2.160000
 475 2.170000
 476 2.140000
 477 2.140000
 478 2.170000
 479 2.140000
 480 2.140000
 481 2.130000
 482 2.130000
 483 2.130000
 484 2.130000
 485 2.140000
 486 2.170000
 487 2.130000
 488 2.130000
 489 2.160000
 490 2.190000
 491 2.160000
 492 2.210000
 493 2.220000
 494 2.210000
 495 2.220000
 496 2.220000
 497 2.220000
 498 2.190000
 499 2.240000
 500 2.220000
 501 2.220000
 502 2.220000
 503 2.220000
 504 2.220000
 505 2.250000
 506 2.250000
 507 2.240000
 508 2.270000
 509 2.240000
 510 2.270000
 511 2.270000
 512 2.270000
 513 2.270000
 514 2.280000
 515 2.270000
 516 2.310000
 517 2.280000
 518 2.310000
 519 2.320000
 520 2.300000
 521 2.280000
 522 2.110000
 523 2.120000
 524 2.270000
 525 2.290000
 526 2.240000
 527 1.920000
 528 1.870000
 529 1.870000
 530 1.920000
 531 2.270000
 532 2.350000
 533 2.320000
 534 2.330000
 535 2.360000
 536 2.330000
 537 2.330000
 538 2.360000
 539 2.360000
 540 2.340000
 541 2.360000
 542 2.400000
 543 2.400000
 544 2.420000
 545 2.400000
 546 2.400000
 547 2.400000
 548 2.400000
 549 2.380000
 550 2.380000
 551 2.380000
 552 2.350000
 553 2.350000
 554 2.350000
 555 2.330000
 556 2.330000
 557 2.300000
 558 2.340000
 559 2.300000
 560 2.300000
 561 2.290000
 562 2.300000
 563 2.280000
 564 2.280000
 565 2.300000
 566 2.300000
 567 2.280000
 568 2.260000
 569 2.270000
 570 2.310000
 571 2.380000
 572 2.380000
 573 2.400000
 574 2.400000
 575 2.380000
 576 2.370000
 577 2.400000
 578 2.410000
 579 2.430000
 580 2.430000
 581 1.530000
 582 1.550000
 583 1.530000
 584 1.510000
 585 1.520000
 586 1.510000
 587 1.520000
 588 1.510000
 589 1.540000
 590 1.540000
 591 1.560000
 592 1.560000
 593 1.590000
 594 1.610000
 595 1.610000
 596 1.630000
 597 1.630000
 598 1.660000
 599 1.680000
 600 1.680000
 601 1.700000
 602 1.720000
 603 1.740000
 604 1.740000
 605 1.790000
 606 1.820000
 607 1.830000
 608 1.880000
 609 1.810000
 610 1.910000
 611 2.160000
 612 2.330000
 613 2.410000
 614 2.420000
 615 2.420000
 616 2.360000
 617 2.040000
 618 2.010000
 619 2.030000
 620 2.080000
 621 2.440000
 622 2.440000
 623 2.470000
 624 2.470000
 625 2.470000
 626 2.470000
 627 2.470000
 628 2.500000
 629 2.490000
 630 2.500000
 631 2.500000
 632 2.490000
 633 2.500000
 634 2.520000
 635 2.500000
 636 2.520000
 637 2.520000
 638 2.520000
 639 2.540000
 640 2.550000
 641 2.550000
 642 2.540000
 643 2.550000
 644 2.570000
 645 2.540000
 646 2.550000
 647 2.570000
 648 2.550000
 649 2.570000
 650 2.570000
 651 2.570000
 652 2.570000
 653 2.570000
 654 2.590000
 655 2.590000
 656 2.570000
 657 2.590000
 658 2.590000
 659 2.600000
 660 2.620000
 661 2.600000
 662 2.620000
 663 2.620000
 664 2.620000
 665 2.620000
 666 2.660000
 667 2.650000
 668 2.650000
 669 2.670000
 670 2.650000
 671 2.670000
 672 2.670000
 673 2.670000
 674 2.700000
 675 2.700000
 676 2.700000
 677 2.720000
 678 2.710000
 679 2.690000
 680 2.730000
 681 2.730000
 682 2.730000
 683 2.760000
 684 2.760000
 685 2.760000
 686 2.760000
 687 2.760000
 688 2.760000
 689 2.790000
 690 2.790000
 691 2.790000
 692 2.820000
 693 2.840000
 694 2.830000
 695 2.820000
 696 2.830000
 697 2.870000
 698 2.870000
 699 1.630000
 700 1.570000
 701 1.560000
 702 1.570000
 703 1.580000
 704 1.580000
 705 1.550000
 706 1.590000
 707 1.560000
 708 1.560000
 709 1.560000
 710 1.570000
 711 1.540000
 712 1.580000
 713 1.550000
 714 3.050000
 715 3.060000
 716 3.080000
 717 3.070000
 718 3.100000
 719 3.130000
 720 3.120000
 721 3.170000
 722 3.190000
 723 3.190000
 724 1.500000
 725 1.510000
 726 1.500000
 727 1.480000
 728 1.490000
 729 3.280000
 730 3.290000
 731 3.290000
 732 3.320000
 733 3.320000
 734 3.320000
 735 2.760000
 736 2.730000
 737 2.580000
 738 2.510000
 739 2.410000
 740 2.320000
 741 2.230000
 742 2.200000
 743 2.090000
 744 2.050000
 745 2.030000
 746 2.050000
 747 2.060000
 748 2.080000
 749 3.740000
 750 3.740000
 751 3.740000
 752 3.740000
 753 3.720000
 754 3.690000
 755 3.720000
 756 3.710000
 757 3.690000
 758 3.760000
 759 3.820000
 760 3.820000